0 0.680495 0.326143 0.854323 0.326143 0.854323 0.499232 0.680495 0.499232
0 0.138915 0.271766 0.229936 0.271766 0.229936 0.362131 0.138915 0.362131
0 0.035876 0.332565 0.048697 0.332565 0.048697 0.357817 0.035876 0.357817
0 0.271755 0.325020 0.284073 0.325020 0.284073 0.349904 0.271755 0.349904
0 0.259774 0.366365 0.275728 0.366365 0.275728 0.374645 0.259774 0.374645
0 0.457720 0.269281 0.473569 0.269281 0.473569 0.277456 0.457720 0.277456
0 0.450369 0.301125 0.484970 0.301125 0.484970 0.322841 0.450369 0.322841
0 0.263345 0.292060 0.280581 0.292060 0.280581 0.302038 0.263345 0.302038
0 0.265276 0.076587 0.273418 0.076587 0.273418 0.092362 0.265276 0.092362
0 0.396235 0.015303 0.410612 0.015303 0.410612 0.040931 0.396235 0.040931
0 0.046121 0.369340 0.062517 0.369340 0.062517 0.378060 0.046121 0.378060
0 0.440252 0.335471 0.448110 0.335471 0.448110 0.351339 0.440252 0.351339
0 0.379633 0.270903 0.396603 0.270903 0.396603 0.280211 0.379633 0.280211
0 0.309615 0.183985 0.317791 0.183985 0.317791 0.199879 0.309615 0.199879
0 0.483810 0.367164 0.492067 0.367164 0.492067 0.382929 0.483810 0.382929
0 0.007876 0.318116 0.016145 0.318116 0.016145 0.333890 0.007876 0.333890
0 0.343804 0.272882 0.360733 0.272882 0.360733 0.282464 0.343804 0.282464
0 0.311737 0.109250 0.319643 0.109250 0.319643 0.125364 0.311737 0.125364
0 0.308888 0.073638 0.317060 0.073638 0.317060 0.089771 0.308888 0.089771
0 0.247022 0.537864 0.281252 0.537864 0.281252 0.558588 0.247022 0.558588
0 0.528126 0.437314 0.549307 0.437314 0.549307 0.469463 0.528126 0.469463
0 0.559835 0.437500 0.581206 0.437500 0.581206 0.469682 0.559835 0.469682
0 0.512643 0.311581 0.547539 0.311581 0.547539 0.333015 0.512643 0.333015
0 0.789918 0.115439 0.802584 0.115439 0.802584 0.141056 0.789918 0.141056
0 0.568532 0.370113 0.576538 0.370113 0.576538 0.385807 0.568532 0.385807
0 0.592965 0.095316 0.601167 0.095316 0.601167 0.111248 0.592965 0.111248
0 0.715157 0.147797 0.732129 0.147797 0.732129 0.157110 0.715157 0.157110
0 0.644149 0.195612 0.653600 0.195612 0.653600 0.212957 0.644149 0.212957
0 0.731372 0.227707 0.743555 0.227707 0.743555 0.252776 0.731372 0.252776
0 0.587952 0.134951 0.603498 0.134951 0.603498 0.143000 0.587952 0.143000
0 0.604355 0.057236 0.612662 0.057236 0.612662 0.073212 0.604355 0.073212
0 0.577923 0.613227 0.604062 0.613227 0.604062 0.627609 0.577923 0.627609
0 0.527314 0.551623 0.559825 0.551623 0.559825 0.573242 0.527314 0.573242
0 0.798124 0.530441 0.831173 0.530441 0.831173 0.551292 0.798124 0.551292
0 0.581892 0.594659 0.599268 0.594659 0.599268 0.603747 0.581892 0.603747
1 0.119752 0.328927 0.139295 0.328927 0.139295 0.339212 0.119752 0.339212
1 0.230257 0.328882 0.248746 0.328882 0.248746 0.338909 0.230257 0.338909
1 0.119670 0.345718 0.139247 0.345718 0.139247 0.356420 0.119670 0.356420
1 0.230119 0.345863 0.247703 0.345863 0.247703 0.359450 0.230119 0.359450
1 0.119923 0.311663 0.139112 0.311663 0.139112 0.322060 0.119923 0.322060
1 0.118997 0.277149 0.138791 0.277149 0.138791 0.287647 0.118997 0.287647
1 0.230110 0.311830 0.247743 0.311830 0.247743 0.321736 0.230110 0.321736
1 0.230164 0.294925 0.248254 0.294925 0.248254 0.304625 0.230164 0.304625
1 0.119661 0.294502 0.139121 0.294502 0.139121 0.304808 0.119661 0.304808
1 0.230294 0.277867 0.248814 0.277867 0.248814 0.287641 0.230294 0.287641
1 0.034188 0.328067 0.048907 0.328067 0.048907 0.332273 0.034188 0.332273
1 0.042906 0.369629 0.045858 0.369629 0.045858 0.378012 0.042906 0.378012
1 0.255947 0.366220 0.259422 0.366220 0.259422 0.375106 0.255947 0.375106
1 0.008057 0.313911 0.016286 0.313911 0.016286 0.317968 0.008057 0.317968
1 0.062849 0.369558 0.066177 0.369558 0.066177 0.377793 0.062849 0.377793
1 0.033587 0.357884 0.049932 0.357884 0.049932 0.361268 0.033587 0.361268
1 0.007870 0.334013 0.016185 0.334013 0.016185 0.336714 0.007870 0.336714
1 0.239445 0.536293 0.246763 0.536293 0.246763 0.559372 0.239445 0.559372
1 0.309358 0.179414 0.317902 0.179414 0.317902 0.183811 0.309358 0.183811
1 0.395757 0.041843 0.411026 0.041843 0.411026 0.045827 0.395757 0.045827
1 0.395551 0.011376 0.410842 0.011376 0.410842 0.015137 0.395551 0.015137
1 0.308925 0.070316 0.316825 0.070316 0.316825 0.073626 0.308925 0.073626
1 0.308798 0.089799 0.316684 0.089799 0.316684 0.092938 0.308798 0.092938
1 0.265092 0.092675 0.273526 0.092675 0.273526 0.095647 0.265092 0.095647
1 0.311414 0.105205 0.319655 0.105205 0.319655 0.109334 0.311414 0.109334
1 0.265194 0.072445 0.273870 0.072445 0.273870 0.076274 0.265194 0.076274
1 0.311477 0.125915 0.319592 0.125915 0.319592 0.129682 0.311477 0.129682
1 0.309508 0.199945 0.317815 0.199945 0.317815 0.202707 0.309508 0.202707
1 0.440635 0.299081 0.449990 0.299081 0.449990 0.325024 0.440635 0.325024
1 0.485476 0.300533 0.492561 0.300533 0.492561 0.323701 0.485476 0.323701
1 0.440245 0.331612 0.448307 0.331612 0.448307 0.335446 0.440245 0.335446
1 0.270651 0.320612 0.285280 0.320612 0.285280 0.324788 0.270651 0.324788
1 0.440173 0.351745 0.448245 0.351745 0.448245 0.355713 0.440173 0.355713
1 0.280785 0.292027 0.284152 0.292027 0.284152 0.302181 0.280785 0.302181
1 0.396917 0.270492 0.400311 0.270492 0.400311 0.280514 0.396917 0.280514
1 0.453981 0.268761 0.457387 0.268761 0.457387 0.277856 0.453981 0.277856
1 0.340467 0.272413 0.343656 0.272413 0.343656 0.283304 0.340467 0.283304
1 0.360775 0.272367 0.364356 0.272367 0.364356 0.282828 0.360775 0.282828
1 0.275829 0.365563 0.279412 0.365563 0.279412 0.374811 0.275829 0.374811
1 0.483620 0.363446 0.492079 0.363446 0.492079 0.367093 0.483620 0.367093
1 0.483794 0.383308 0.492144 0.383308 0.492144 0.387079 0.483794 0.387079
1 0.270177 0.350124 0.285741 0.350124 0.285741 0.354823 0.270177 0.354823
1 0.473795 0.269068 0.477083 0.269068 0.477083 0.278291 0.473795 0.278291
1 0.376074 0.269934 0.379480 0.269934 0.379480 0.280550 0.376074 0.280550
1 0.259991 0.291866 0.263046 0.291866 0.263046 0.301786 0.259991 0.301786
1 0.281337 0.536262 0.290338 0.536262 0.290338 0.559671 0.281337 0.559671
1 0.604397 0.053795 0.612575 0.053795 0.612575 0.057203 0.604397 0.057203
1 0.732294 0.147902 0.735304 0.147902 0.735304 0.156980 0.732294 0.156980
1 0.729548 0.222737 0.745341 0.222737 0.745341 0.227167 0.729548 0.227167
1 0.604705 0.073377 0.612705 0.073377 0.612705 0.076601 0.604705 0.076601
1 0.644359 0.191403 0.653457 0.191403 0.653457 0.195966 0.644359 0.195966
1 0.592941 0.091821 0.601039 0.091821 0.601039 0.095157 0.592941 0.095157
1 0.592954 0.110946 0.601171 0.110946 0.601171 0.113702 0.592954 0.113702
1 0.711862 0.147390 0.715033 0.147390 0.715033 0.156805 0.711862 0.156805
1 0.603785 0.134715 0.606536 0.134715 0.606536 0.143029 0.603785 0.143029
1 0.644374 0.213060 0.653689 0.213060 0.653689 0.216792 0.644374 0.216792
1 0.585389 0.134810 0.588235 0.134810 0.588235 0.143191 0.585389 0.143191
1 0.558083 0.427708 0.584150 0.427708 0.584150 0.437332 0.558083 0.437332
1 0.558480 0.469763 0.583196 0.469763 0.583196 0.479871 0.558480 0.479871
1 0.526670 0.427701 0.552709 0.427701 0.552709 0.436894 0.526670 0.436894
1 0.527673 0.469897 0.552171 0.469897 0.552171 0.479812 0.527673 0.479812
1 0.548010 0.309790 0.556012 0.309790 0.556012 0.335441 0.548010 0.335441
1 0.503107 0.309478 0.512049 0.309478 0.512049 0.335125 0.503107 0.335125
1 0.568221 0.365526 0.576453 0.365526 0.576453 0.370020 0.568221 0.370020
1 0.568566 0.385903 0.576423 0.385903 0.576423 0.389195 0.568566 0.389195
1 0.729562 0.253353 0.745357 0.253353 0.745357 0.256717 0.729562 0.256717
1 0.517831 0.550694 0.527106 0.550694 0.527106 0.574320 0.517831 0.574320
1 0.560432 0.550979 0.569055 0.550979 0.569055 0.575083 0.560432 0.575083
1 0.574228 0.612369 0.577646 0.612369 0.577646 0.627605 0.574228 0.627605
1 0.604238 0.612837 0.609070 0.612837 0.609070 0.627603 0.604238 0.627603
1 0.578805 0.594979 0.581754 0.594979 0.581754 0.603531 0.578805 0.603531
1 0.599104 0.594845 0.601867 0.594845 0.601867 0.603706 0.599104 0.603706
1 0.787996 0.110375 0.804318 0.110375 0.804318 0.115310 0.787996 0.115310
1 0.788096 0.141314 0.805435 0.141314 0.805435 0.146378 0.788096 0.146378
1 0.755348 0.302283 0.780594 0.302283 0.780594 0.327092 0.755348 0.327092
1 0.832016 0.527881 0.841597 0.527881 0.841597 0.552816 0.832016 0.552816
1 0.788959 0.527932 0.797862 0.527932 0.797862 0.553842 0.788959 0.553842
1 0.755352 0.499205 0.780488 0.499205 0.780488 0.513008 0.755352 0.513008
