0 0.233067 0.511101 0.408449 0.511101 0.408449 0.685432 0.233067 0.685432
0 0.043795 0.501523 0.217910 0.501523 0.217910 0.672059 0.043795 0.672059
0 0.423229 0.368493 0.456774 0.368493 0.456774 0.388999 0.423229 0.388999
0 0.427146 0.277912 0.460578 0.277912 0.460578 0.298814 0.427146 0.298814
0 0.003134 0.053783 0.016714 0.053783 0.016714 0.079455 0.003134 0.079455
0 0.228506 0.266947 0.254636 0.266947 0.254636 0.281647 0.228506 0.281647
0 0.409030 0.436051 0.436888 0.436051 0.436888 0.450746 0.409030 0.450746
0 0.355672 0.292088 0.368035 0.292088 0.368035 0.316226 0.355672 0.316226
0 0.449418 0.419499 0.462282 0.419499 0.462282 0.445184 0.449418 0.445184
0 0.190513 0.378239 0.216661 0.378239 0.216661 0.393212 0.190513 0.393212
0 0.408581 0.339975 0.434765 0.339975 0.434765 0.353480 0.408581 0.353480
0 0.441742 0.221761 0.486567 0.221761 0.486567 0.242086 0.441742 0.242086
0 0.468292 0.311115 0.487204 0.311115 0.487204 0.357205 0.468292 0.357205
0 0.408929 0.316447 0.434856 0.316447 0.434856 0.329822 0.408929 0.329822
0 0.287295 0.097195 0.394326 0.097195 0.394326 0.148608 0.287295 0.148608
0 0.112115 0.069241 0.217927 0.069241 0.217927 0.120787 0.112115 0.120787
0 0.019066 0.858021 0.033113 0.858021 0.033113 0.883935 0.019066 0.883935
0 0.063295 0.761297 0.096731 0.761297 0.096731 0.782240 0.063295 0.782240
0 0.352517 0.962009 0.366968 0.962009 0.366968 0.989672 0.352517 0.989672
0 0.499974 0.668407 0.512727 0.668407 0.512727 0.693139 0.499974 0.693139
0 0.352994 0.897506 0.367103 0.897506 0.367103 0.923396 0.352994 0.923396
0 0.234265 0.750773 0.255709 0.750773 0.255709 0.784504 0.234265 0.784504
0 0.474749 0.951762 0.499932 0.951762 0.499932 0.964608 0.474749 0.964608
0 0.326458 0.718415 0.342690 0.718415 0.342690 0.727368 0.326458 0.727368
0 0.418119 0.956156 0.444076 0.956156 0.444076 0.969820 0.418119 0.969820
0 0.161284 0.713774 0.179450 0.713774 0.179450 0.745876 0.161284 0.745876
0 0.006563 0.933734 0.034187 0.933734 0.034187 0.948329 0.006563 0.948329
0 0.344785 0.737839 0.363179 0.737839 0.363179 0.770095 0.344785 0.770095
0 0.218682 0.711368 0.227942 0.711368 0.227942 0.727660 0.218682 0.727660
0 0.113156 0.740074 0.122397 0.740074 0.122397 0.756552 0.113156 0.756552
0 0.389336 0.779271 0.398955 0.779271 0.398955 0.796063 0.389336 0.796063
0 0.293618 0.766504 0.310003 0.766504 0.310003 0.775777 0.293618 0.775777
0 0.268232 0.721556 0.278033 0.721556 0.278033 0.737755 0.268232 0.737755
0 0.285532 0.721515 0.294880 0.721515 0.294880 0.737708 0.285532 0.737708
0 0.183119 0.772561 0.192644 0.772561 0.192644 0.788865 0.183119 0.788865
0 0.027894 0.773422 0.044292 0.773422 0.044292 0.783230 0.027894 0.783230
0 0.495490 0.419742 0.508107 0.419742 0.508107 0.444532 0.495490 0.444532
0 0.761261 0.011931 0.786012 0.011931 0.786012 0.024654 0.761261 0.024654
0 0.760857 0.269039 0.773793 0.269039 0.773793 0.293911 0.760857 0.293911
0 0.500540 0.039511 0.512939 0.039511 0.512939 0.064334 0.500540 0.064334
0 0.761534 0.143197 0.786498 0.143197 0.786498 0.156278 0.761534 0.156278
0 0.615848 0.254557 0.629235 0.254557 0.629235 0.279921 0.615848 0.279921
0 0.762824 0.336303 0.775624 0.336303 0.775624 0.361014 0.762824 0.361014
0 0.645177 0.087563 0.657756 0.087563 0.657756 0.112080 0.645177 0.112080
0 0.645458 0.132754 0.658214 0.132754 0.658214 0.157351 0.645458 0.157351
0 0.630527 0.015095 0.655488 0.015095 0.655488 0.027937 0.630527 0.027937
0 0.644956 0.404385 0.657674 0.404385 0.657674 0.428854 0.644956 0.428854
0 0.645041 0.041560 0.657706 0.041560 0.657706 0.066051 0.645041 0.066051
0 0.645474 0.339792 0.658096 0.339792 0.658096 0.364342 0.645474 0.364342
0 0.686146 0.782724 0.711175 0.782724 0.711175 0.795674 0.686146 0.795674
0 0.616425 0.725511 0.641593 0.725511 0.641593 0.738198 0.616425 0.738198
0 0.680175 0.866362 0.692762 0.866362 0.692762 0.891004 0.680175 0.891004
0 0.680425 0.932736 0.692986 0.932736 0.692986 0.957387 0.680425 0.957387
0 0.500482 0.591188 0.513321 0.591188 0.513321 0.615994 0.500482 0.615994
0 0.760989 0.734805 0.773455 0.734805 0.773455 0.759408 0.760989 0.759408
0 0.616695 0.747583 0.641292 0.747583 0.641292 0.760240 0.616695 0.760240
0 0.616235 0.508568 0.628939 0.508568 0.628939 0.533330 0.616235 0.533330
0 0.476028 0.855498 0.488738 0.855498 0.488738 0.880368 0.476028 0.880368
0 0.578059 0.926157 0.590802 0.926157 0.590802 0.950766 0.578059 0.950766
0 0.616547 0.551265 0.629204 0.551265 0.629204 0.575832 0.616547 0.575832
0 0.760607 0.680898 0.773203 0.680898 0.773203 0.705455 0.760607 0.705455
1 0.096757 0.066903 0.110893 0.066903 0.110893 0.125082 0.096757 0.125082
1 0.217749 0.066794 0.233535 0.066794 0.233535 0.125363 0.217749 0.125363
1 0.001584 0.049765 0.017587 0.049765 0.017587 0.053649 0.001584 0.053649
1 0.001362 0.079761 0.017818 0.079761 0.017818 0.084381 0.001362 0.084381
1 0.119710 0.481037 0.144634 0.481037 0.144634 0.498542 0.119710 0.498542
1 0.224576 0.266090 0.228281 0.266090 0.228281 0.282371 0.224576 0.282371
1 0.216548 0.377654 0.220430 0.377654 0.220430 0.393433 0.216548 0.393433
1 0.254517 0.266167 0.257900 0.266167 0.257900 0.282334 0.254517 0.282334
1 0.186594 0.377122 0.190564 0.377122 0.190564 0.393352 0.186594 0.393352
1 0.120116 0.673807 0.143467 0.673807 0.143467 0.689889 0.120116 0.689889
1 0.143799 0.726655 0.161492 0.726655 0.161492 0.733282 0.143799 0.733282
1 0.144134 0.737441 0.161284 0.737441 0.161284 0.744341 0.144134 0.744341
1 0.179108 0.737801 0.196300 0.737801 0.196300 0.744964 0.179108 0.744964
1 0.143644 0.713781 0.161550 0.713781 0.161550 0.722232 0.143644 0.722232
1 0.178967 0.715764 0.197011 0.715764 0.197011 0.721984 0.178967 0.721984
1 0.179248 0.726881 0.197096 0.726881 0.197096 0.733330 0.179248 0.733330
1 0.218276 0.706661 0.228539 0.706661 0.228539 0.711338 0.218276 0.711338
1 0.233413 0.740653 0.258756 0.740653 0.258756 0.751118 0.233413 0.751118
1 0.218695 0.727662 0.228603 0.727662 0.228603 0.731741 0.218695 0.731741
1 0.113061 0.736126 0.122883 0.736126 0.122883 0.740009 0.113061 0.740009
1 0.054949 0.798211 0.068152 0.798211 0.068152 0.863880 0.054949 0.863880
1 0.097478 0.759532 0.106595 0.759532 0.106595 0.784279 0.097478 0.784279
1 0.113836 0.798848 0.126188 0.798848 0.126188 0.863468 0.113836 0.863468
1 0.074603 0.799112 0.087430 0.799112 0.087430 0.863995 0.074603 0.863995
1 0.018022 0.854440 0.033944 0.854440 0.033944 0.857804 0.018022 0.857804
1 0.234092 0.784649 0.257043 0.784649 0.257043 0.792714 0.234092 0.792714
1 0.133075 0.799038 0.146260 0.799038 0.146260 0.863503 0.133075 0.863503
1 0.055439 0.760507 0.062729 0.760507 0.062729 0.783766 0.055439 0.783766
1 0.034298 0.932697 0.037957 0.932697 0.037957 0.948581 0.034298 0.948581
1 0.236439 0.798923 0.249369 0.798923 0.249369 0.865973 0.236439 0.865973
1 0.182687 0.788784 0.192862 0.788784 0.192862 0.793090 0.182687 0.793090
1 0.113267 0.756802 0.122868 0.756802 0.122868 0.760311 0.113267 0.760311
1 0.023783 0.773785 0.028011 0.773785 0.028011 0.783741 0.023783 0.783741
1 0.017836 0.884142 0.034210 0.884142 0.034210 0.887881 0.017836 0.887881
1 0.003439 0.933128 0.006923 0.933128 0.006923 0.949169 0.003439 0.949169
1 0.183061 0.768886 0.192758 0.768886 0.192758 0.772588 0.183061 0.772588
1 0.044546 0.773795 0.048101 0.773795 0.048101 0.783214 0.044546 0.783214
1 0.094242 0.847667 0.106830 0.847667 0.106830 0.863854 0.094242 0.863854
1 0.474347 0.207822 0.486627 0.207822 0.486627 0.222514 0.474347 0.222514
1 0.441866 0.208075 0.454399 0.208075 0.454399 0.222684 0.441866 0.222684
1 0.457106 0.241533 0.471765 0.241533 0.471765 0.258697 0.457106 0.258697
1 0.393329 0.091929 0.406648 0.091929 0.406648 0.152524 0.393329 0.152524
1 0.270841 0.091123 0.286458 0.091123 0.286458 0.151397 0.270841 0.151397
1 0.453104 0.312711 0.468187 0.312711 0.468187 0.325079 0.453104 0.325079
1 0.453022 0.345268 0.468050 0.345268 0.468050 0.357267 0.453022 0.357267
1 0.487738 0.326937 0.504232 0.326937 0.504232 0.341915 0.487738 0.341915
1 0.461280 0.277276 0.468772 0.277276 0.468772 0.300367 0.461280 0.300367
1 0.418894 0.277231 0.426417 0.277231 0.426417 0.300133 0.418894 0.300133
1 0.457201 0.367781 0.465415 0.367781 0.465415 0.390215 0.457201 0.390215
1 0.415241 0.367620 0.422947 0.367620 0.422947 0.390533 0.415241 0.390533
1 0.434411 0.338744 0.438514 0.338744 0.438514 0.354288 0.434411 0.354288
1 0.436938 0.435581 0.440612 0.435581 0.440612 0.451057 0.436938 0.451057
1 0.448366 0.445165 0.463641 0.445165 0.463641 0.449107 0.448366 0.449107
1 0.404851 0.314929 0.408914 0.314929 0.408914 0.330599 0.404851 0.330599
1 0.405117 0.338654 0.408655 0.338654 0.408655 0.354168 0.405117 0.354168
1 0.354192 0.287727 0.369921 0.287727 0.369921 0.291991 0.354192 0.291991
1 0.354388 0.316570 0.369585 0.316570 0.369585 0.321546 0.354388 0.321546
1 0.434747 0.315103 0.438522 0.315103 0.438522 0.330351 0.434747 0.330351
1 0.447882 0.414759 0.463675 0.414759 0.463675 0.419347 0.447882 0.419347
1 0.405778 0.435864 0.409319 0.435864 0.409319 0.451098 0.405778 0.451098
1 0.307473 0.685528 0.331547 0.685528 0.331547 0.700995 0.307473 0.700995
1 0.363043 0.739780 0.380227 0.739780 0.380227 0.746038 0.363043 0.746038
1 0.322895 0.718597 0.326693 0.718597 0.326693 0.727349 0.322895 0.727349
1 0.268473 0.716980 0.277688 0.716980 0.277688 0.721517 0.268473 0.721517
1 0.325515 0.737431 0.345421 0.737431 0.345421 0.746261 0.325515 0.746261
1 0.285516 0.717418 0.294947 0.717418 0.294947 0.721576 0.285516 0.721576
1 0.342752 0.718230 0.346601 0.718230 0.346601 0.727467 0.342752 0.727467
1 0.307406 0.492092 0.331917 0.492092 0.331917 0.510776 0.307406 0.510776
1 0.314425 0.798585 0.327505 0.798585 0.327505 0.866960 0.314425 0.866960
1 0.443994 0.955349 0.447499 0.955349 0.447499 0.970688 0.443994 0.970688
1 0.352085 0.893357 0.367916 0.893357 0.367916 0.897452 0.352085 0.897452
1 0.326130 0.750490 0.345275 0.750490 0.345275 0.757314 0.326130 0.757314
1 0.294604 0.799273 0.307782 0.799273 0.307782 0.867049 0.294604 0.867049
1 0.362966 0.750697 0.379221 0.750697 0.379221 0.757169 0.362966 0.757169
1 0.326796 0.761821 0.345238 0.761821 0.345238 0.768605 0.326796 0.768605
1 0.474750 0.880817 0.490243 0.880817 0.490243 0.885193 0.474750 0.885193
1 0.362482 0.761630 0.380804 0.761630 0.380804 0.769027 0.362482 0.769027
1 0.471024 0.950544 0.474860 0.950544 0.474860 0.965744 0.471024 0.965744
1 0.351714 0.958146 0.367722 0.958146 0.367722 0.962041 0.351714 0.962041
1 0.388973 0.796079 0.398980 0.796079 0.398980 0.799895 0.388973 0.799895
1 0.474833 0.851557 0.489992 0.851557 0.489992 0.855476 0.474833 0.855476
1 0.389201 0.775353 0.399263 0.775353 0.399263 0.779304 0.389201 0.779304
1 0.289712 0.766265 0.293766 0.766265 0.293766 0.776091 0.289712 0.776091
1 0.309922 0.766197 0.313847 0.766197 0.313847 0.775883 0.309922 0.775883
1 0.414793 0.955407 0.418165 0.955407 0.418165 0.970644 0.414793 0.970644
1 0.351770 0.923581 0.368156 0.923581 0.368156 0.927472 0.351770 0.927472
1 0.499950 0.950239 0.503728 0.950239 0.503728 0.965904 0.499950 0.965904
1 0.256207 0.799451 0.269452 0.799451 0.269452 0.866827 0.256207 0.866827
1 0.352120 0.989890 0.367295 0.989890 0.367295 0.993770 0.352120 0.993770
1 0.268196 0.737788 0.278334 0.737788 0.278334 0.741646 0.268196 0.741646
1 0.284779 0.737749 0.295180 0.737749 0.295180 0.741513 0.284779 0.741513
1 0.276138 0.850184 0.288366 0.850184 0.288366 0.867258 0.276138 0.867258
1 0.644026 0.157792 0.659070 0.157792 0.659070 0.161444 0.644026 0.161444
1 0.643496 0.083039 0.658932 0.083039 0.658932 0.087253 0.643496 0.087253
1 0.643667 0.127602 0.659022 0.127602 0.659022 0.132303 0.643667 0.132303
1 0.643655 0.066296 0.659501 0.066296 0.659501 0.070543 0.643655 0.070543
1 0.643272 0.112190 0.659254 0.112190 0.659254 0.116493 0.643272 0.116493
1 0.498486 0.064623 0.514435 0.064623 0.514435 0.068753 0.498486 0.068753
1 0.643890 0.037322 0.659145 0.037322 0.659145 0.041394 0.643890 0.041394
1 0.626464 0.013894 0.630504 0.013894 0.630504 0.028167 0.626464 0.028167
1 0.499330 0.035169 0.514383 0.035169 0.514383 0.039560 0.499330 0.039560
1 0.655277 0.013568 0.659614 0.013568 0.659614 0.028378 0.655277 0.028378
1 0.643478 0.364769 0.659227 0.364769 0.659227 0.369054 0.643478 0.369054
1 0.614918 0.280009 0.630291 0.280009 0.630291 0.284019 0.614918 0.284019
1 0.643845 0.429442 0.659340 0.429442 0.659340 0.434158 0.643845 0.434158
1 0.644329 0.335600 0.658890 0.335600 0.658890 0.339517 0.644329 0.339517
1 0.614997 0.250396 0.630252 0.250396 0.630252 0.254391 0.614997 0.254391
1 0.493716 0.444568 0.509660 0.444568 0.509660 0.448787 0.493716 0.448787
1 0.643667 0.400441 0.658577 0.400441 0.658577 0.404257 0.643667 0.404257
1 0.494398 0.414932 0.509531 0.414932 0.509531 0.419689 0.494398 0.419689
1 0.498997 0.586703 0.514293 0.586703 0.514293 0.591003 0.498997 0.591003
1 0.615133 0.533698 0.631164 0.533698 0.631164 0.537694 0.615133 0.537694
1 0.615250 0.503779 0.630219 0.503779 0.630219 0.508382 0.615250 0.508382
1 0.498588 0.693462 0.514176 0.693462 0.514176 0.697449 0.498588 0.697449
1 0.498797 0.664132 0.514506 0.664132 0.514506 0.668212 0.498797 0.668212
1 0.614872 0.576272 0.630959 0.576272 0.630959 0.580363 0.614872 0.580363
1 0.614647 0.546550 0.630482 0.546550 0.630482 0.550876 0.614647 0.550876
1 0.641905 0.724102 0.645904 0.724102 0.645904 0.739175 0.641905 0.739175
1 0.498699 0.616471 0.514712 0.616471 0.514712 0.621081 0.498699 0.621081
1 0.612495 0.723996 0.616415 0.723996 0.616415 0.739237 0.612495 0.739237
1 0.576851 0.950935 0.592205 0.950935 0.592205 0.955478 0.576851 0.955478
1 0.577368 0.921465 0.592152 0.921465 0.592152 0.925909 0.577368 0.925909
1 0.682102 0.781735 0.685950 0.781735 0.685950 0.797173 0.682102 0.797173
1 0.678996 0.861735 0.694420 0.861735 0.694420 0.866155 0.678996 0.866155
1 0.678982 0.957699 0.694449 0.957699 0.694449 0.962376 0.678982 0.962376
1 0.611439 0.746081 0.617107 0.746081 0.617107 0.761263 0.611439 0.761263
1 0.679565 0.928008 0.694268 0.928008 0.694268 0.932653 0.679565 0.932653
1 0.678777 0.891360 0.694616 0.891360 0.694616 0.895763 0.678777 0.895763
1 0.641522 0.746320 0.645592 0.746320 0.645592 0.761379 0.641522 0.761379
1 0.711197 0.781638 0.715067 0.781638 0.715067 0.797188 0.711197 0.797188
1 0.786580 0.141892 0.790790 0.141892 0.790790 0.157077 0.786580 0.157077
1 0.757974 0.142028 0.761668 0.142028 0.761668 0.156918 0.757974 0.156918
1 0.757407 0.010109 0.761206 0.010109 0.761206 0.025338 0.757407 0.025338
1 0.785837 0.010082 0.790465 0.010082 0.790465 0.024901 0.785837 0.024901
1 0.761449 0.361410 0.777180 0.361410 0.777180 0.365628 0.761449 0.365628
1 0.761500 0.332359 0.776690 0.332359 0.776690 0.336157 0.761500 0.336157
1 0.759929 0.294159 0.774926 0.294159 0.774926 0.298141 0.759929 0.298141
1 0.759627 0.263919 0.775592 0.263919 0.775592 0.269067 0.759627 0.269067
1 0.759515 0.730453 0.774715 0.730453 0.774715 0.734644 0.759515 0.734644
1 0.759465 0.705808 0.774415 0.705808 0.774415 0.709674 0.759465 0.709674
1 0.759669 0.676157 0.774505 0.676157 0.774505 0.680700 0.759669 0.680700
1 0.759787 0.759862 0.774595 0.759862 0.774595 0.764544 0.759787 0.764544
0 0.229299 0.867339 0.332340 0.867339 0.332340 0.965141 0.229299 0.965141
0 0.050717 0.865535 0.153758 0.865535 0.153758 0.963337 0.050717 0.963337
1 0.054303 0.963371 0.147797 0.963371 0.147797 0.992059 0.054303 0.992059
1 0.234375 0.965420 0.327613 0.965420 0.327613 0.992828 0.234375 0.992828
