0 0.663527 0.432497 0.830056 0.432497 0.830056 0.599905 0.663527 0.599905
0 0.145638 0.443808 0.162057 0.443808 0.162057 0.452762 0.145638 0.452762
0 0.145752 0.427669 0.161994 0.427669 0.161994 0.437224 0.145752 0.437224
0 0.158782 0.410323 0.175997 0.410323 0.175997 0.419668 0.158782 0.419668
0 0.160077 0.771093 0.193558 0.771093 0.193558 0.791851 0.160077 0.791851
0 0.297643 0.749032 0.353996 0.749032 0.353996 0.820184 0.297643 0.820184
0 0.436248 0.716587 0.492885 0.716587 0.492885 0.788024 0.436248 0.788024
0 0.171593 0.700435 0.189676 0.700435 0.189676 0.748265 0.171593 0.748265
0 0.603440 0.428201 0.612936 0.428201 0.612936 0.444228 0.603440 0.444228
0 0.570562 0.446878 0.587892 0.446878 0.587892 0.455996 0.570562 0.455996
0 0.736417 0.376945 0.752369 0.376945 0.752369 0.385220 0.736417 0.385220
0 0.938458 0.890638 0.951519 0.890638 0.951519 0.916091 0.938458 0.916091
0 0.872466 0.960961 0.885527 0.960961 0.885527 0.986650 0.872466 0.986650
0 0.802640 0.678819 0.830266 0.678819 0.830266 0.693297 0.802640 0.693297
0 0.915824 0.890998 0.930262 0.890998 0.930262 0.916573 0.915824 0.916573
0 0.822440 0.873428 0.836728 0.873428 0.836728 0.899154 0.822440 0.899154
0 0.790288 0.895653 0.804636 0.895653 0.804636 0.921564 0.790288 0.921564
0 0.952510 0.940104 0.969363 0.940104 0.969363 0.949679 0.952510 0.949679
0 0.780187 0.944419 0.807726 0.944419 0.807726 0.959000 0.780187 0.959000
0 0.887420 0.843692 0.901886 0.843692 0.901886 0.871284 0.887420 0.871284
0 0.795179 0.970062 0.809656 0.970062 0.809656 0.997452 0.795179 0.997452
0 0.740917 0.944491 0.755138 0.944491 0.755138 0.972047 0.740917 0.972047
0 0.922505 0.967224 0.935785 0.967224 0.935785 0.992926 0.922505 0.992926
0 0.829684 0.832888 0.844203 0.832888 0.844203 0.858306 0.829684 0.858306
0 0.766536 0.971091 0.780943 0.971091 0.780943 0.996694 0.766536 0.996694
0 0.848622 0.766981 0.874557 0.766981 0.874557 0.781382 0.848622 0.781382
0 0.820337 0.928055 0.834771 0.928055 0.834771 0.953906 0.820337 0.953906
0 0.846505 0.876954 0.860951 0.876954 0.860951 0.902574 0.846505 0.902574
0 0.845448 0.971234 0.858734 0.971234 0.858734 0.996752 0.845448 0.996752
0 0.520207 0.714595 0.560622 0.714595 0.560622 0.782047 0.520207 0.782047
0 0.989748 0.952324 0.997954 0.952324 0.997954 0.968152 0.989748 0.968152
0 0.822472 0.971077 0.837016 0.971077 0.837016 0.996585 0.822472 0.996585
0 0.959440 0.842686 0.973729 0.842686 0.973729 0.868295 0.959440 0.868295
0 0.969365 0.962363 0.977324 0.962363 0.977324 0.978200 0.969365 0.978200
0 0.960843 0.891119 0.973895 0.891119 0.973895 0.916446 0.960843 0.916446
0 0.874197 0.887799 0.887525 0.887799 0.887525 0.913115 0.874197 0.913115
0 0.951442 0.961822 0.960568 0.961822 0.960568 0.978791 0.951442 0.978791
0 0.807156 0.645294 0.822480 0.645294 0.822480 0.653304 0.807156 0.653304
0 0.537300 0.653711 0.553741 0.653711 0.553741 0.662625 0.537300 0.662625
0 0.961371 0.675405 0.970353 0.675405 0.970353 0.691669 0.961371 0.691669
0 0.990708 0.747163 0.998995 0.747163 0.998995 0.762803 0.990708 0.762803
0 0.906202 0.534611 0.914338 0.534611 0.914338 0.550529 0.906202 0.550529
0 0.536561 0.637335 0.553914 0.637335 0.553914 0.646420 0.536561 0.646420
0 0.991859 0.702852 0.999780 0.702852 0.999780 0.718679 0.991859 0.718679
1 0.187699 0.383873 0.248840 0.383873 0.248840 0.411687 0.187699 0.411687
1 0.234206 0.428945 0.249097 0.428945 0.249097 0.442493 0.234206 0.442493
1 0.187960 0.463118 0.248737 0.463118 0.248737 0.491817 0.187960 0.491817
1 0.176239 0.410171 0.180158 0.410171 0.180158 0.419614 0.176239 0.419614
1 0.155509 0.410190 0.158781 0.410190 0.158781 0.419684 0.155509 0.419684
1 0.141747 0.427665 0.145557 0.427665 0.145557 0.437240 0.141747 0.437240
1 0.142612 0.443664 0.145521 0.443664 0.145521 0.453042 0.142612 0.453042
1 0.162321 0.443974 0.166284 0.443974 0.166284 0.452794 0.162321 0.452794
1 0.162192 0.427675 0.165972 0.427675 0.165972 0.437173 0.162192 0.437173
1 0.233109 0.561366 0.249096 0.561366 0.249096 0.575788 0.233109 0.575788
1 0.190676 0.716649 0.208212 0.716649 0.208212 0.732338 0.190676 0.732338
1 0.154980 0.734186 0.170854 0.734186 0.170854 0.747701 0.154980 0.747701
1 0.187820 0.516275 0.248416 0.516275 0.248416 0.544193 0.187820 0.544193
1 0.156000 0.701683 0.171123 0.701683 0.171123 0.714950 0.156000 0.714950
1 0.186697 0.594336 0.248751 0.594336 0.248751 0.624309 0.186697 0.624309
1 0.194138 0.768768 0.203174 0.768768 0.203174 0.794289 0.194138 0.794289
1 0.150743 0.769550 0.159632 0.769550 0.159632 0.793487 0.150743 0.793487
1 0.443931 0.698067 0.486054 0.698067 0.486054 0.716872 0.443931 0.716872
1 0.305209 0.729822 0.346596 0.729822 0.346596 0.749032 0.305209 0.749032
1 0.442509 0.788308 0.485632 0.788308 0.485632 0.809193 0.442509 0.809193
1 0.304189 0.820754 0.347423 0.820754 0.347423 0.840852 0.304189 0.840852
1 0.679166 0.401039 0.685938 0.401039 0.685938 0.431108 0.679166 0.431108
1 0.696996 0.400914 0.703082 0.400914 0.703082 0.431114 0.696996 0.431114
1 0.705544 0.400948 0.711682 0.400948 0.711682 0.431119 0.705544 0.431119
1 0.714271 0.400926 0.720353 0.400926 0.720353 0.430987 0.714271 0.430987
1 0.533124 0.435257 0.547636 0.435257 0.547636 0.448699 0.533124 0.448699
1 0.633594 0.473759 0.661753 0.473759 0.661753 0.480256 0.633594 0.480256
1 0.688685 0.400926 0.694725 0.400926 0.694725 0.431107 0.688685 0.431107
1 0.722736 0.400853 0.728743 0.400853 0.728743 0.430869 0.722736 0.430869
1 0.731228 0.400805 0.737345 0.400805 0.737345 0.430871 0.731228 0.430871
1 0.633487 0.482287 0.661705 0.482287 0.661705 0.488817 0.633487 0.488817
1 0.533421 0.466234 0.593586 0.466234 0.593586 0.494678 0.533421 0.494678
1 0.633580 0.490771 0.661700 0.490771 0.661700 0.497437 0.633580 0.497437
1 0.739738 0.400883 0.745930 0.400883 0.745930 0.430866 0.739738 0.430866
1 0.533530 0.387315 0.594065 0.387315 0.594065 0.416501 0.533530 0.416501
1 0.633654 0.465303 0.661854 0.465303 0.661854 0.471742 0.633654 0.471742
1 0.634021 0.447215 0.662086 0.447215 0.662086 0.454745 0.634021 0.454745
1 0.633885 0.456405 0.661877 0.456405 0.661877 0.463169 0.633885 0.463169
1 0.602827 0.443962 0.613856 0.443962 0.613856 0.447695 0.602827 0.447695
1 0.567072 0.447281 0.570552 0.447281 0.570552 0.455722 0.567072 0.455722
1 0.602646 0.424102 0.613310 0.424102 0.613310 0.428183 0.602646 0.428183
1 0.732757 0.377160 0.736577 0.377160 0.736577 0.384920 0.732757 0.384920
1 0.587798 0.447162 0.591311 0.447162 0.591311 0.456124 0.587798 0.456124
1 0.531613 0.566029 0.546613 0.566029 0.546613 0.580076 0.531613 0.580076
1 0.633609 0.524771 0.661896 0.524771 0.661896 0.531740 0.633609 0.531740
1 0.532188 0.598041 0.592473 0.598041 0.592473 0.625740 0.532188 0.625740
1 0.705967 0.600547 0.712089 0.600547 0.712089 0.629296 0.705967 0.629296
1 0.632932 0.575957 0.662308 0.575957 0.662308 0.583752 0.632932 0.583752
1 0.714326 0.600503 0.720554 0.600503 0.720554 0.629468 0.714326 0.629468
1 0.633811 0.507724 0.661975 0.507724 0.661975 0.514474 0.633811 0.514474
1 0.633256 0.533197 0.661886 0.533197 0.661886 0.540293 0.633256 0.540293
1 0.689034 0.600574 0.694956 0.600574 0.694956 0.629394 0.689034 0.629394
1 0.633161 0.541782 0.661919 0.541782 0.661919 0.548908 0.633161 0.548908
1 0.722903 0.600563 0.729190 0.600563 0.729190 0.629561 0.722903 0.629561
1 0.633114 0.550395 0.661976 0.550395 0.661976 0.557353 0.633114 0.557353
1 0.632948 0.567413 0.662137 0.567413 0.662137 0.574431 0.632948 0.574431
1 0.633740 0.516316 0.661880 0.516316 0.661880 0.523124 0.633740 0.523124
1 0.633963 0.499138 0.661993 0.499138 0.661993 0.506005 0.633963 0.506005
1 0.731405 0.600597 0.737733 0.600597 0.737733 0.629654 0.731405 0.629654
1 0.697254 0.600557 0.703376 0.600557 0.703376 0.628980 0.697254 0.628980
1 0.531696 0.518622 0.593472 0.518622 0.593472 0.548122 0.531696 0.548122
1 0.632995 0.558940 0.662044 0.558940 0.662044 0.565876 0.632995 0.565876
1 0.680498 0.600254 0.686290 0.600254 0.686290 0.629655 0.680498 0.629655
1 0.739893 0.600511 0.746274 0.600511 0.746274 0.629616 0.739893 0.629616
1 0.526882 0.696025 0.555499 0.696025 0.555499 0.714595 0.526882 0.714595
1 0.553782 0.637662 0.557633 0.637662 0.557633 0.646715 0.553782 0.646715
1 0.533166 0.638091 0.536712 0.638091 0.536712 0.646400 0.533166 0.646400
1 0.553671 0.654045 0.557527 0.654045 0.557527 0.662969 0.553671 0.662969
1 0.534275 0.653809 0.537372 0.653809 0.537372 0.662968 0.534275 0.662968
1 0.526256 0.782262 0.556143 0.782262 0.556143 0.801158 0.526256 0.801158
1 0.739744 0.972238 0.753868 0.972238 0.753868 0.976130 0.739744 0.976130
1 0.831308 0.490662 0.861455 0.490662 0.861455 0.496723 0.831308 0.496723
1 0.831261 0.482206 0.861322 0.482206 0.861322 0.488282 0.831261 0.488282
1 0.765453 0.400846 0.771350 0.400846 0.771350 0.431318 0.765453 0.431318
1 0.756917 0.401109 0.762731 0.401109 0.762731 0.431295 0.756917 0.431295
1 0.748433 0.400943 0.754204 0.400943 0.754204 0.431150 0.748433 0.431150
1 0.774034 0.400786 0.779856 0.400786 0.779856 0.431354 0.774034 0.431354
1 0.831452 0.456441 0.860170 0.456441 0.860170 0.462832 0.831452 0.462832
1 0.831452 0.447128 0.860172 0.447128 0.860172 0.454409 0.831452 0.454409
1 0.831471 0.465038 0.860228 0.465038 0.860228 0.471298 0.831471 0.471298
1 0.808303 0.401035 0.815179 0.401035 0.815179 0.431123 0.808303 0.431123
1 0.799550 0.400933 0.805327 0.400933 0.805327 0.431091 0.799550 0.431091
1 0.791141 0.400966 0.796868 0.400966 0.796868 0.431054 0.791141 0.431054
1 0.752452 0.376519 0.756718 0.376519 0.756718 0.385680 0.752452 0.385680
1 0.831423 0.473525 0.860807 0.473525 0.860807 0.479689 0.831423 0.479689
1 0.782568 0.401005 0.788295 0.401005 0.788295 0.431070 0.782568 0.431070
1 0.830809 0.541776 0.861050 0.541776 0.861050 0.547964 0.830809 0.547964
1 0.830817 0.533373 0.861197 0.533373 0.861197 0.539670 0.830817 0.539670
1 0.830672 0.524744 0.861312 0.524744 0.861312 0.530953 0.830672 0.530953
1 0.830815 0.550503 0.861020 0.550503 0.861020 0.556503 0.830815 0.556503
1 0.830764 0.516051 0.861168 0.516051 0.861168 0.522326 0.830764 0.522326
1 0.830806 0.507715 0.861272 0.507715 0.861272 0.514051 0.830806 0.514051
1 0.830823 0.559004 0.860596 0.559004 0.860596 0.565222 0.830823 0.565222
1 0.830682 0.575731 0.860522 0.575731 0.860522 0.583146 0.830682 0.583146
1 0.830814 0.499122 0.861327 0.499122 0.861327 0.505429 0.830814 0.505429
1 0.757067 0.599981 0.763167 0.599981 0.763167 0.629639 0.757067 0.629639
1 0.830629 0.567345 0.860572 0.567345 0.860572 0.573632 0.830629 0.573632
1 0.748553 0.599946 0.754713 0.599946 0.754713 0.629583 0.748553 0.629583
1 0.765454 0.599930 0.771542 0.599930 0.771542 0.629782 0.765454 0.629782
1 0.830094 0.677598 0.833188 0.677598 0.833188 0.694292 0.830094 0.694292
1 0.774097 0.599972 0.780276 0.599972 0.780276 0.629829 0.774097 0.629829
1 0.808438 0.599755 0.815117 0.599755 0.815117 0.629666 0.808438 0.629666
1 0.961478 0.671964 0.969825 0.671964 0.969825 0.675421 0.961478 0.675421
1 0.799632 0.599851 0.805902 0.599851 0.805902 0.629381 0.799632 0.629381
1 0.961929 0.691819 0.969950 0.691819 0.969950 0.694477 0.961929 0.694477
1 0.791236 0.599954 0.797411 0.599954 0.797411 0.629431 0.791236 0.629431
1 0.799917 0.677956 0.802492 0.677956 0.802492 0.694023 0.799917 0.694023
1 0.782741 0.600088 0.788884 0.600088 0.788884 0.629670 0.782741 0.629670
1 0.822618 0.645290 0.825268 0.645290 0.825268 0.653264 0.822618 0.653264
1 0.803839 0.644715 0.807558 0.644715 0.807558 0.653407 0.803839 0.653407
1 0.906423 0.531838 0.914137 0.531838 0.914137 0.535015 0.906423 0.535015
1 0.906515 0.550608 0.913479 0.550608 0.913479 0.553198 0.906515 0.553198
1 0.871615 0.955760 0.886507 0.955760 0.886507 0.960733 0.871615 0.960733
1 0.915312 0.887338 0.930148 0.887338 0.930148 0.891019 0.915312 0.891019
1 0.938106 0.886975 0.952159 0.886975 0.952159 0.890508 0.938106 0.890508
1 0.921509 0.962352 0.936390 0.962352 0.936390 0.967191 0.921509 0.967191
1 0.844613 0.966476 0.859432 0.966476 0.859432 0.971081 0.844613 0.971081
1 0.846350 0.872947 0.860754 0.872947 0.860754 0.876861 0.846350 0.876861
1 0.958889 0.839042 0.973971 0.839042 0.973971 0.842384 0.958889 0.842384
1 0.821862 0.965910 0.837145 0.965910 0.837145 0.970796 0.821862 0.970796
1 0.871839 0.986866 0.886805 0.986866 0.886805 0.990423 0.871839 0.990423
1 0.885861 0.871290 0.902424 0.871290 0.902424 0.874664 0.885861 0.874664
1 0.766017 0.966661 0.781430 0.966661 0.781430 0.970810 0.766017 0.970810
1 0.790095 0.921716 0.804814 0.921716 0.804814 0.925412 0.790095 0.925412
1 0.873564 0.913352 0.888180 0.913352 0.888180 0.916962 0.873564 0.916962
1 0.828504 0.829224 0.843775 0.829224 0.843775 0.832757 0.828504 0.832757
1 0.846340 0.902701 0.861044 0.902701 0.861044 0.906481 0.846340 0.906481
1 0.873360 0.883923 0.888597 0.883923 0.888597 0.887937 0.873360 0.887937
1 0.958897 0.868881 0.974057 0.868881 0.974057 0.872654 0.958897 0.872654
1 0.952420 0.958854 0.959594 0.958854 0.959594 0.961897 0.952420 0.961897
1 0.820430 0.953920 0.835251 0.953920 0.835251 0.957346 0.820430 0.957346
1 0.921521 0.992967 0.936308 0.992967 0.936308 0.996877 0.921521 0.996877
1 0.970065 0.960006 0.976560 0.960006 0.976560 0.962289 0.970065 0.962289
1 0.886532 0.840890 0.902306 0.840890 0.902306 0.843903 0.886532 0.843903
1 0.952288 0.978855 0.959945 0.978855 0.959945 0.982180 0.952288 0.982180
1 0.959617 0.887129 0.974370 0.887129 0.974370 0.890871 0.959617 0.890871
1 0.990472 0.968343 0.997357 0.968343 0.997357 0.970740 0.990472 0.970740
1 0.822188 0.870117 0.836680 0.870117 0.836680 0.873205 0.822188 0.873205
1 0.969284 0.940820 0.972002 0.940820 0.972002 0.948679 0.969284 0.948679
1 0.807291 0.943647 0.810719 0.943647 0.810719 0.959093 0.807291 0.959093
1 0.969984 0.978418 0.976705 0.978418 0.976705 0.980547 0.969984 0.980547
1 0.820543 0.924463 0.834674 0.924463 0.834674 0.927921 0.820543 0.927921
1 0.822112 0.899385 0.836855 0.899385 0.836855 0.903310 0.822112 0.903310
1 0.916056 0.916666 0.929736 0.916666 0.929736 0.919964 0.916056 0.919964
1 0.960485 0.916494 0.974357 0.916494 0.974357 0.919638 0.960485 0.919638
1 0.938354 0.915905 0.951899 0.915905 0.951899 0.919420 0.938354 0.919420
1 0.776507 0.943947 0.780400 0.943947 0.780400 0.959196 0.776507 0.959196
1 0.874756 0.765979 0.878478 0.765979 0.878478 0.781847 0.874756 0.781847
1 0.795203 0.966246 0.810412 0.966246 0.810412 0.969924 0.795203 0.969924
1 0.845017 0.996751 0.859416 0.996751 0.859416 0.999871 0.845017 0.999871
1 0.765893 0.996816 0.781346 0.996816 0.781346 0.999869 0.765893 0.999869
1 0.845223 0.765967 0.848714 0.765967 0.848714 0.781920 0.845223 0.781920
1 0.829275 0.858472 0.843952 0.858472 0.843952 0.861683 0.829275 0.861683
1 0.822221 0.996964 0.836798 0.996964 0.836798 0.999852 0.822221 0.999852
1 0.790290 0.892533 0.804565 0.892533 0.804565 0.895338 0.790290 0.895338
1 0.740446 0.941092 0.755484 0.941092 0.755484 0.944299 0.740446 0.944299
1 0.991267 0.762930 0.998841 0.762930 0.998841 0.765745 0.991267 0.765745
1 0.949412 0.940605 0.952305 0.940605 0.952305 0.948424 0.949412 0.948424
1 0.794248 0.997647 0.810292 0.997647 0.810292 0.999959 0.794248 0.999959
1 0.990776 0.743583 0.999055 0.743583 0.999055 0.747096 0.990776 0.747096
1 0.990352 0.949640 0.997176 0.949640 0.997176 0.952176 0.990352 0.952176
0 0.166658 0.508891 0.175899 0.508891 0.175899 0.526075 0.166658 0.526075
1 0.166933 0.505349 0.175737 0.505349 0.175737 0.508891 0.166933 0.508891
1 0.166982 0.526237 0.176080 0.526237 0.176080 0.530017 0.166982 0.530017
1 0.350792 0.390734 0.382919 0.390734 0.382919 0.484510 0.350792 0.484510
1 0.350792 0.522715 0.382919 0.522715 0.382919 0.616491 0.350792 0.616491
1 0.397680 0.394207 0.429807 0.394207 0.429807 0.487983 0.397680 0.487983
1 0.397246 0.525754 0.429373 0.525754 0.429373 0.619530 0.397246 0.619530
1 0.991647 0.699425 0.999744 0.699425 0.999744 0.702805 0.991647 0.702805
1 0.991647 0.718636 0.999744 0.718636 0.999744 0.722016 0.991647 0.722016
0 0.249494 0.386550 0.351288 0.386550 0.351288 0.487346 0.249494 0.487346
0 0.249494 0.519281 0.351288 0.519281 0.351288 0.620077 0.249494 0.620077
0 0.430794 0.388879 0.532587 0.388879 0.532587 0.489674 0.430794 0.489674
0 0.429463 0.522275 0.531257 0.522275 0.531257 0.623071 0.429463 0.623071
