0 0.486664 0.511813 0.661552 0.511813 0.661552 0.685263 0.486664 0.685263
0 0.418951 0.325176 0.520978 0.325176 0.520978 0.429556 0.418951 0.429556
0 0.030223 0.020364 0.055184 0.020364 0.055184 0.033361 0.030223 0.033361
0 0.305106 0.294424 0.329961 0.294424 0.329961 0.307550 0.305106 0.307550
0 0.033794 0.294904 0.058354 0.294904 0.058354 0.307701 0.033794 0.307701
0 0.304990 0.334616 0.329631 0.334616 0.329631 0.347644 0.304990 0.347644
0 0.304481 0.114980 0.329338 0.114980 0.329338 0.128015 0.304481 0.128015
0 0.304115 0.422115 0.328622 0.422115 0.328622 0.435107 0.304115 0.435107
0 0.303960 0.185833 0.316713 0.185833 0.316713 0.210377 0.303960 0.210377
0 0.033169 0.462030 0.058344 0.462030 0.058344 0.475108 0.033169 0.475108
0 0.033370 0.199312 0.058451 0.199312 0.058451 0.212406 0.033370 0.212406
0 0.170572 0.037694 0.195600 0.037694 0.195600 0.050517 0.170572 0.050517
0 0.158969 0.328862 0.171956 0.328862 0.171956 0.353181 0.158969 0.353181
0 0.189492 0.464567 0.202292 0.464567 0.202292 0.489267 0.189492 0.489267
0 0.189064 0.328589 0.201920 0.328589 0.201920 0.353232 0.189064 0.353232
0 0.158319 0.240193 0.171352 0.240193 0.171352 0.264881 0.158319 0.264881
0 0.033363 0.334349 0.058185 0.334349 0.058185 0.347279 0.033363 0.347279
0 0.189253 0.240156 0.202184 0.240156 0.202184 0.264564 0.189253 0.264564
0 0.302336 0.463237 0.327265 0.463237 0.327265 0.476279 0.302336 0.476279
0 0.029689 0.078875 0.054622 0.078875 0.054622 0.091747 0.029689 0.091747
0 0.158301 0.190734 0.171037 0.190734 0.171037 0.215144 0.158301 0.215144
0 0.188906 0.416860 0.201576 0.416860 0.201576 0.441224 0.188906 0.441224
0 0.304638 0.021806 0.329374 0.021806 0.329374 0.034600 0.304638 0.034600
0 0.167041 0.011702 0.192002 0.011702 0.192002 0.024752 0.167041 0.024752
0 0.189637 0.288148 0.202577 0.288148 0.202577 0.312669 0.189637 0.312669
0 0.033041 0.250347 0.058000 0.250347 0.058000 0.263260 0.033041 0.263260
0 0.165390 0.133121 0.190565 0.133121 0.190565 0.146006 0.165390 0.146006
0 0.158050 0.416903 0.171020 0.416903 0.171020 0.441580 0.158050 0.441580
0 0.033184 0.420089 0.058111 0.420089 0.058111 0.432953 0.033184 0.432953
0 0.158312 0.287655 0.171260 0.287655 0.171260 0.312377 0.158312 0.312377
0 0.158126 0.375971 0.170762 0.375971 0.170762 0.400684 0.158126 0.400684
0 0.303847 0.378839 0.328855 0.378839 0.328855 0.391849 0.303847 0.391849
0 0.158095 0.464800 0.170759 0.464800 0.170759 0.489478 0.158095 0.489478
0 0.033350 0.378213 0.058163 0.378213 0.058163 0.391147 0.033350 0.391147
0 0.304505 0.141233 0.329402 0.141233 0.329402 0.153756 0.304505 0.153756
0 0.186551 0.161893 0.199360 0.161893 0.199360 0.186542 0.186551 0.186542
0 0.328924 0.207815 0.341520 0.207815 0.341520 0.232279 0.328924 0.232279
0 0.189611 0.064567 0.202320 0.064567 0.202320 0.089376 0.189611 0.089376
0 0.163723 0.106817 0.188723 0.106817 0.188723 0.119677 0.163723 0.119677
0 0.031558 0.141229 0.056146 0.141229 0.056146 0.153716 0.031558 0.153716
0 0.302627 0.251665 0.327600 0.251665 0.327600 0.264612 0.302627 0.264612
0 0.189015 0.376470 0.201753 0.376470 0.201753 0.401156 0.189015 0.401156
0 0.207001 0.675794 0.231801 0.675794 0.231801 0.688768 0.207001 0.688768
0 0.214593 0.867854 0.239320 0.867854 0.239320 0.881006 0.214593 0.881006
0 0.159002 0.596366 0.171772 0.596366 0.171772 0.620759 0.159002 0.620759
0 0.033924 0.548935 0.058312 0.548935 0.058312 0.561594 0.033924 0.561594
0 0.189011 0.506217 0.201619 0.506217 0.201619 0.530723 0.189011 0.530723
0 0.033711 0.643398 0.058259 0.643398 0.058259 0.656163 0.033711 0.656163
0 0.302075 0.549155 0.327144 0.549155 0.327144 0.562157 0.302075 0.562157
0 0.033748 0.506408 0.058947 0.506408 0.058947 0.519423 0.033748 0.519423
0 0.359671 0.953156 0.381585 0.953156 0.381585 0.986803 0.359671 0.986803
0 0.158302 0.506422 0.171053 0.506422 0.171053 0.530962 0.158302 0.530962
0 0.214189 0.955843 0.238873 0.955843 0.238873 0.968889 0.214189 0.968889
0 0.189303 0.553944 0.202009 0.553944 0.202009 0.578378 0.189303 0.578378
0 0.189584 0.596698 0.202307 0.596698 0.202307 0.621219 0.189584 0.621219
0 0.158757 0.554062 0.171476 0.554062 0.171476 0.578429 0.158757 0.578429
0 0.302521 0.642668 0.327361 0.642668 0.327361 0.655521 0.302521 0.655521
0 0.034048 0.591988 0.058863 0.591988 0.058863 0.604824 0.034048 0.604824
0 0.302131 0.506368 0.327189 0.506368 0.327189 0.519528 0.302131 0.519528
0 0.302189 0.591358 0.327220 0.591358 0.327220 0.604520 0.302189 0.604520
0 0.024353 0.866790 0.049461 0.866790 0.049461 0.879652 0.024353 0.879652
0 0.157371 0.646956 0.170159 0.646956 0.170159 0.671262 0.157371 0.671262
0 0.602494 0.398737 0.615370 0.398737 0.615370 0.424258 0.602494 0.424258
0 0.602749 0.318444 0.615443 0.318444 0.615443 0.344070 0.602749 0.344070
0 0.560030 0.385899 0.577144 0.385899 0.577144 0.395734 0.560030 0.395734
0 0.607913 0.793024 0.633857 0.793024 0.633857 0.807241 0.607913 0.807241
0 0.761620 0.625941 0.782664 0.625941 0.782664 0.659692 0.761620 0.659692
0 0.859036 0.726264 0.892978 0.726264 0.892978 0.747344 0.859036 0.747344
0 0.644624 0.710139 0.665860 0.710139 0.665860 0.743451 0.644624 0.743451
0 0.792627 0.625667 0.813917 0.625667 0.813917 0.659410 0.792627 0.659410
0 0.710841 0.924002 0.725346 0.924002 0.725346 0.951482 0.710841 0.951482
0 0.754606 0.730732 0.780422 0.730732 0.780422 0.745159 0.754606 0.745159
0 0.600011 0.752530 0.614750 0.752530 0.614750 0.778346 0.600011 0.778346
0 0.856488 0.795955 0.882816 0.795955 0.882816 0.810679 0.856488 0.810679
0 0.575748 0.753064 0.588883 0.753064 0.588883 0.778597 0.575748 0.778597
0 0.854489 0.697158 0.880982 0.697158 0.880982 0.712183 0.854489 0.712183
0 0.859348 0.760075 0.893443 0.760075 0.893443 0.781848 0.859348 0.781848
0 0.687450 0.781931 0.702013 0.781931 0.702013 0.807687 0.687450 0.807687
0 0.959887 0.754749 0.975997 0.754749 0.975997 0.763061 0.959887 0.763061
0 0.959796 0.737785 0.975842 0.737785 0.975842 0.745989 0.959796 0.745989
1 0.185176 0.157535 0.200512 0.157535 0.200512 0.161790 0.185176 0.161790
1 0.187518 0.089721 0.203456 0.089721 0.203456 0.093743 0.187518 0.093743
1 0.156683 0.215440 0.172951 0.215440 0.172951 0.219640 0.156683 0.219640
1 0.188700 0.105328 0.192800 0.105328 0.192800 0.120425 0.188700 0.120425
1 0.191951 0.010825 0.196566 0.010825 0.196566 0.025629 0.191951 0.025629
1 0.159388 0.105126 0.163722 0.105126 0.163722 0.120643 0.159388 0.120643
1 0.026196 0.018843 0.030104 0.018843 0.030104 0.034271 0.026196 0.034271
1 0.188325 0.060389 0.203175 0.060389 0.203175 0.064386 0.188325 0.064386
1 0.156841 0.235478 0.173072 0.235478 0.173072 0.240267 0.156841 0.240267
1 0.025926 0.077512 0.029692 0.077512 0.029692 0.093134 0.025926 0.093134
1 0.161154 0.131224 0.165524 0.131224 0.165524 0.147017 0.161154 0.147017
1 0.029165 0.197459 0.033205 0.197459 0.033205 0.213209 0.029165 0.213209
1 0.185287 0.187015 0.200880 0.187015 0.200880 0.191348 0.185287 0.191348
1 0.195556 0.036217 0.200084 0.036217 0.200084 0.050999 0.195556 0.050999
1 0.058427 0.197533 0.062248 0.197533 0.062248 0.213325 0.058427 0.213325
1 0.166280 0.035900 0.170943 0.035900 0.170943 0.051238 0.166280 0.051238
1 0.162379 0.010473 0.167380 0.010473 0.167380 0.025336 0.162379 0.025336
1 0.190481 0.131392 0.194489 0.131392 0.194489 0.146862 0.190481 0.146862
1 0.026947 0.139394 0.031711 0.139394 0.031711 0.155115 0.026947 0.155115
1 0.187575 0.235400 0.203380 0.235400 0.203380 0.240033 0.187575 0.240033
1 0.056610 0.139783 0.060584 0.139783 0.060584 0.155356 0.056610 0.155356
1 0.157310 0.186005 0.172415 0.186005 0.172415 0.190613 0.157310 0.190613
1 0.054868 0.077520 0.058938 0.077520 0.058938 0.093377 0.054868 0.093377
1 0.055184 0.018996 0.058812 0.018996 0.058812 0.034048 0.055184 0.034048
1 0.029163 0.293778 0.033535 0.293778 0.033535 0.309214 0.029163 0.309214
1 0.187189 0.312802 0.203363 0.312802 0.203363 0.316909 0.187189 0.316909
1 0.187387 0.324097 0.203172 0.324097 0.203172 0.328456 0.187387 0.328456
1 0.187346 0.412537 0.202879 0.412537 0.202879 0.416841 0.187346 0.416841
1 0.187113 0.401325 0.202853 0.401325 0.202853 0.405290 0.187113 0.405290
1 0.187665 0.283485 0.203363 0.283485 0.203363 0.287895 0.187665 0.287895
1 0.187654 0.372058 0.202902 0.372058 0.202902 0.376407 0.187654 0.376407
1 0.156832 0.324071 0.172710 0.324071 0.172710 0.328781 0.156832 0.328781
1 0.156651 0.312617 0.172914 0.312617 0.172914 0.316585 0.156651 0.316585
1 0.187261 0.441544 0.203214 0.441544 0.203214 0.446165 0.187261 0.446165
1 0.058005 0.333017 0.062104 0.333017 0.062104 0.348316 0.058005 0.348316
1 0.029187 0.333142 0.033286 0.333142 0.033286 0.348468 0.029187 0.348468
1 0.156809 0.371879 0.172379 0.371879 0.172379 0.376109 0.156809 0.376109
1 0.028780 0.460510 0.032858 0.460510 0.032858 0.476196 0.028780 0.476196
1 0.187422 0.353549 0.203087 0.353549 0.203087 0.357684 0.187422 0.357684
1 0.156504 0.412674 0.172357 0.412674 0.172357 0.417041 0.156504 0.417041
1 0.058247 0.294031 0.062107 0.294031 0.062107 0.309055 0.058247 0.309055
1 0.156858 0.353494 0.172662 0.353494 0.172662 0.357774 0.156858 0.357774
1 0.187713 0.460265 0.202829 0.460265 0.202829 0.464268 0.187713 0.464268
1 0.028882 0.376856 0.033275 0.376856 0.033275 0.392687 0.028882 0.392687
1 0.058025 0.418952 0.062014 0.418952 0.062014 0.434293 0.058025 0.434293
1 0.156799 0.441904 0.172460 0.441904 0.172460 0.446144 0.156799 0.446144
1 0.187356 0.265078 0.203396 0.265078 0.203396 0.269614 0.187356 0.269614
1 0.157124 0.283336 0.172129 0.283336 0.172129 0.287530 0.157124 0.287530
1 0.156519 0.460163 0.172179 0.460163 0.172179 0.464567 0.156519 0.464567
1 0.058155 0.460552 0.062051 0.460552 0.062051 0.475888 0.058155 0.475888
1 0.029297 0.249102 0.033034 0.249102 0.033034 0.263951 0.029297 0.263951
1 0.029051 0.418771 0.033124 0.418771 0.033124 0.434370 0.029051 0.434370
1 0.156902 0.265375 0.172571 0.265375 0.172571 0.269707 0.156902 0.269707
1 0.156835 0.400818 0.172966 0.400818 0.172966 0.404800 0.156835 0.404800
1 0.058287 0.377175 0.061969 0.377175 0.061969 0.392718 0.058287 0.392718
1 0.058247 0.248786 0.062388 0.248786 0.062388 0.263901 0.058247 0.263901
1 0.186840 0.489352 0.203164 0.489352 0.203164 0.493478 0.186840 0.493478
1 0.156521 0.489540 0.172944 0.489540 0.172944 0.493529 0.156521 0.493529
1 0.231956 0.674320 0.235949 0.674320 0.235949 0.690078 0.231956 0.690078
1 0.187814 0.592194 0.203325 0.592194 0.203325 0.596513 0.187814 0.596513
1 0.187828 0.549635 0.203506 0.549635 0.203506 0.553708 0.187828 0.553708
1 0.157260 0.549506 0.172780 0.549506 0.172780 0.553966 0.157260 0.553966
1 0.187364 0.578625 0.203225 0.578625 0.203225 0.582565 0.187364 0.582565
1 0.029274 0.641494 0.033417 0.641494 0.033417 0.657397 0.029274 0.657397
1 0.156838 0.671672 0.172133 0.671672 0.172133 0.676827 0.156838 0.676827
1 0.157297 0.592167 0.172786 0.592167 0.172786 0.596273 0.157297 0.596273
1 0.058286 0.641801 0.062255 0.641801 0.062255 0.657221 0.058286 0.657221
1 0.058673 0.589896 0.062458 0.589896 0.062458 0.605392 0.058673 0.605392
1 0.058345 0.547399 0.062357 0.547399 0.062357 0.562065 0.058345 0.562065
1 0.058720 0.504921 0.062569 0.504921 0.062569 0.519770 0.058720 0.519770
1 0.156663 0.643074 0.172458 0.643074 0.172458 0.646913 0.156663 0.646913
1 0.029803 0.547191 0.033732 0.547191 0.033732 0.562653 0.029803 0.562653
1 0.157045 0.531285 0.172838 0.531285 0.172838 0.535609 0.157045 0.535609
1 0.157172 0.578698 0.172865 0.578698 0.172865 0.582544 0.157172 0.582544
1 0.157542 0.621130 0.172656 0.621130 0.172656 0.625527 0.157542 0.625527
1 0.029395 0.589568 0.033898 0.589568 0.033898 0.605682 0.029395 0.605682
1 0.029650 0.504702 0.033688 0.504702 0.033688 0.519960 0.029650 0.519960
1 0.157121 0.501810 0.173050 0.501810 0.173050 0.506737 0.157121 0.506737
1 0.187737 0.531308 0.203181 0.531308 0.203181 0.535613 0.187737 0.535613
1 0.187832 0.621727 0.203297 0.621727 0.203297 0.625698 0.187832 0.625698
1 0.187816 0.501725 0.203313 0.501725 0.203313 0.506215 0.187816 0.506215
1 0.202958 0.674467 0.207024 0.674467 0.207024 0.689664 0.202958 0.689664
1 0.239297 0.866465 0.243071 0.866465 0.243071 0.882089 0.239297 0.882089
1 0.239165 0.954359 0.243114 0.954359 0.243114 0.969923 0.239165 0.969923
1 0.210191 0.866629 0.214495 0.866629 0.214495 0.882209 0.210191 0.882209
1 0.049124 0.864875 0.053242 0.864875 0.053242 0.880149 0.049124 0.880149
1 0.019649 0.864383 0.024385 0.864383 0.024385 0.880411 0.019649 0.880411
1 0.210006 0.954385 0.214051 0.954385 0.214051 0.969999 0.210006 0.969999
1 0.302020 0.181259 0.317012 0.181259 0.317012 0.185560 0.302020 0.185560
1 0.329378 0.020649 0.333294 0.020649 0.333294 0.035480 0.329378 0.035480
1 0.326982 0.232527 0.343297 0.232527 0.343297 0.236734 0.326982 0.236734
1 0.299874 0.020024 0.304874 0.020024 0.304874 0.035470 0.299874 0.035470
1 0.329521 0.113509 0.333052 0.113509 0.333052 0.129564 0.329521 0.129564
1 0.299944 0.113662 0.304255 0.113662 0.304255 0.129605 0.299944 0.129605
1 0.329266 0.139348 0.332896 0.139348 0.332896 0.155021 0.329266 0.155021
1 0.327491 0.203401 0.343124 0.203401 0.343124 0.207834 0.327491 0.207834
1 0.300219 0.139444 0.304505 0.139444 0.304505 0.154807 0.300219 0.154807
1 0.301934 0.210734 0.317292 0.210734 0.317292 0.215012 0.301934 0.215012
1 0.329566 0.333555 0.332834 0.333555 0.332834 0.349078 0.329566 0.349078
1 0.329859 0.292876 0.332769 0.292876 0.332769 0.308315 0.329859 0.308315
1 0.300131 0.292603 0.304899 0.292603 0.304899 0.308109 0.300131 0.308109
1 0.328718 0.420302 0.332654 0.420302 0.332654 0.436016 0.328718 0.436016
1 0.300206 0.333420 0.304791 0.333420 0.304791 0.348919 0.300206 0.348919
1 0.297660 0.461530 0.302022 0.461530 0.302022 0.477731 0.297660 0.477731
1 0.300022 0.420410 0.303900 0.420410 0.303900 0.435756 0.300022 0.435756
1 0.327265 0.462006 0.331681 0.462006 0.331681 0.477522 0.327265 0.477522
1 0.328932 0.378009 0.332801 0.378009 0.332801 0.393162 0.328932 0.393162
1 0.298151 0.249949 0.302492 0.249949 0.302492 0.265230 0.298151 0.265230
1 0.299866 0.377537 0.303775 0.377537 0.303775 0.393011 0.299866 0.393011
1 0.327457 0.250703 0.331062 0.250703 0.331062 0.265302 0.327457 0.265302
1 0.327237 0.547916 0.331460 0.547916 0.331460 0.563193 0.327237 0.563193
1 0.298299 0.640988 0.302569 0.640988 0.302569 0.656675 0.298299 0.656675
1 0.298314 0.547562 0.302043 0.547562 0.302043 0.562998 0.298314 0.562998
1 0.298394 0.589842 0.302361 0.589842 0.302361 0.605891 0.298394 0.605891
1 0.327410 0.641128 0.331237 0.641128 0.331237 0.656766 0.327410 0.656766
1 0.327436 0.590303 0.331419 0.590303 0.331419 0.605782 0.327436 0.605782
1 0.298555 0.505032 0.302107 0.505032 0.302107 0.520137 0.298555 0.520137
1 0.327242 0.505430 0.331650 0.505430 0.331650 0.520286 0.327242 0.520286
1 0.359065 0.943752 0.383276 0.943752 0.383276 0.952945 0.359065 0.952945
1 0.358614 0.986750 0.382614 0.986750 0.382614 0.995437 0.358614 0.995437
1 0.520514 0.371123 0.534417 0.371123 0.534417 0.384597 0.520514 0.384597
1 0.521304 0.402351 0.585564 0.402351 0.585564 0.429941 0.521304 0.429941
1 0.521400 0.324608 0.585484 0.324608 0.585484 0.353355 0.521400 0.353355
1 0.601273 0.393978 0.616675 0.393978 0.616675 0.398553 0.601273 0.398553
1 0.601477 0.313851 0.617344 0.313851 0.617344 0.318367 0.601477 0.318367
1 0.577154 0.386072 0.580990 0.386072 0.580990 0.395316 0.577154 0.395316
1 0.601544 0.344371 0.616887 0.344371 0.616887 0.348440 0.601544 0.348440
1 0.556273 0.386298 0.560293 0.386298 0.560293 0.395437 0.556273 0.395437
1 0.601686 0.424369 0.616564 0.424369 0.616564 0.428442 0.601686 0.428442
1 0.643432 0.701185 0.667027 0.701185 0.667027 0.709909 0.643432 0.709909
1 0.562148 0.685087 0.586708 0.685087 0.586708 0.702788 0.562148 0.702788
1 0.643514 0.743731 0.666751 0.743731 0.666751 0.752133 0.643514 0.752133
1 0.561744 0.492085 0.586639 0.492085 0.586639 0.510570 0.561744 0.510570
1 0.599563 0.748913 0.614983 0.748913 0.614983 0.752980 0.599563 0.752980
1 0.710232 0.920804 0.725724 0.920804 0.725724 0.924094 0.710232 0.924094
1 0.633903 0.791367 0.638067 0.791367 0.638067 0.807589 0.633903 0.807589
1 0.573697 0.749126 0.590004 0.749126 0.590004 0.753054 0.573697 0.753054
1 0.599061 0.778815 0.615451 0.778815 0.615451 0.782845 0.599061 0.782845
1 0.686482 0.777516 0.702636 0.777516 0.702636 0.781890 0.686482 0.781890
1 0.685724 0.808109 0.702923 0.808109 0.702923 0.812252 0.685724 0.812252
1 0.573822 0.778703 0.590512 0.778703 0.590512 0.782796 0.573822 0.782796
1 0.710314 0.951560 0.725680 0.951560 0.725680 0.954791 0.710314 0.954791
1 0.604059 0.791764 0.607755 0.791764 0.607755 0.807944 0.604059 0.807944
1 0.615254 0.737899 0.619610 0.737899 0.619610 0.739767 0.615254 0.739767
1 0.791476 0.617310 0.815305 0.617310 0.815305 0.625679 0.791476 0.625679
1 0.849893 0.723991 0.858943 0.723991 0.858943 0.750146 0.849893 0.750146
1 0.760776 0.617097 0.784609 0.617097 0.784609 0.625964 0.760776 0.625964
1 0.760975 0.659610 0.784331 0.659610 0.784331 0.668069 0.760975 0.668069
1 0.893075 0.724574 0.901367 0.724574 0.901367 0.748884 0.893075 0.748884
1 0.791699 0.659498 0.815024 0.659498 0.815024 0.668281 0.791699 0.668281
1 0.780326 0.729046 0.784516 0.729046 0.784516 0.745703 0.780326 0.745703
1 0.880935 0.695820 0.884799 0.695820 0.884799 0.713094 0.880935 0.713094
1 0.955722 0.737883 0.959528 0.737883 0.959528 0.746350 0.955722 0.746350
1 0.850817 0.696013 0.854949 0.696013 0.854949 0.712702 0.850817 0.712702
1 0.975857 0.737889 0.979725 0.737889 0.979725 0.746031 0.975857 0.746031
1 0.750826 0.729694 0.754569 0.729694 0.754569 0.745805 0.750826 0.745805
1 0.849620 0.757957 0.859307 0.757957 0.859307 0.784176 0.849620 0.784176
1 0.893880 0.759050 0.901598 0.759050 0.901598 0.782679 0.893880 0.782679
1 0.852149 0.794949 0.856282 0.794949 0.856282 0.810958 0.852149 0.810958
1 0.975762 0.754882 0.979830 0.754882 0.979830 0.763222 0.975762 0.763222
1 0.955988 0.754756 0.959712 0.754756 0.959712 0.763311 0.955988 0.763311
1 0.882400 0.795460 0.886237 0.795460 0.886237 0.811407 0.882400 0.811407
1 0.391071 0.330599 0.419063 0.330599 0.419063 0.423288 0.391071 0.423288
