0 0.084763 0.069324 0.110569 0.069324 0.110569 0.082403 0.084763 0.082403
0 0.032054 0.069684 0.058102 0.069684 0.058102 0.082678 0.032054 0.082678
0 0.376177 0.076552 0.400680 0.076552 0.400680 0.089145 0.376177 0.089145
0 0.014354 0.105975 0.068394 0.105975 0.068394 0.145731 0.014354 0.145731
0 0.461801 0.042145 0.477536 0.042145 0.477536 0.050485 0.461801 0.050485
0 0.421166 0.071747 0.474228 0.071747 0.474228 0.098882 0.421166 0.098882
0 0.148632 0.017940 0.164288 0.017940 0.164288 0.026258 0.148632 0.026258
0 0.403689 0.115779 0.474898 0.115779 0.474898 0.171619 0.403689 0.171619
0 0.186177 0.933728 0.211918 0.933728 0.211918 0.947224 0.186177 0.947224
0 0.189810 0.863652 0.223312 0.863652 0.223312 0.884393 0.189810 0.884393
0 0.122653 0.763132 0.143740 0.763132 0.143740 0.796725 0.122653 0.796725
0 0.084096 0.867467 0.109724 0.867467 0.109724 0.880746 0.084096 0.880746
0 0.461372 0.837392 0.476986 0.837392 0.476986 0.845786 0.461372 0.845786
0 0.184378 0.834413 0.210119 0.834413 0.210119 0.847833 0.184378 0.847833
0 0.289318 0.891976 0.305218 0.891976 0.305218 0.900317 0.289318 0.900317
0 0.017301 0.918867 0.030170 0.918867 0.030170 0.944387 0.017301 0.944387
0 0.458939 0.706812 0.484263 0.706812 0.484263 0.719888 0.458939 0.719888
0 0.464521 0.854349 0.480423 0.854349 0.480423 0.862691 0.464521 0.862691
0 0.289015 0.874978 0.305005 0.874978 0.305005 0.883395 0.289015 0.883395
0 0.188769 0.897809 0.222269 0.897809 0.222269 0.918604 0.188769 0.918604
0 0.387797 0.923625 0.404318 0.923625 0.404318 0.932961 0.387797 0.932961
0 0.091639 0.762379 0.112873 0.762379 0.112873 0.796210 0.091639 0.796210
0 0.463088 0.962084 0.495187 0.962084 0.495187 0.982955 0.463088 0.982955
0 0.482355 0.794330 0.490536 0.794330 0.490536 0.809850 0.482355 0.809850
0 0.464443 0.871594 0.480105 0.871594 0.480105 0.879902 0.464443 0.879902
0 0.499093 0.789629 0.507411 0.789629 0.507411 0.805417 0.499093 0.805417
0 0.468031 0.943412 0.483936 0.943412 0.483936 0.951675 0.468031 0.951675
0 0.468225 0.924877 0.484084 0.924877 0.484084 0.933139 0.468225 0.933139
0 0.350078 0.847117 0.366954 0.847117 0.366954 0.856501 0.350078 0.856501
0 0.468071 0.888362 0.483658 0.888362 0.483658 0.896753 0.468071 0.896753
0 0.468059 0.905662 0.484018 0.905662 0.484018 0.913893 0.468059 0.913893
0 0.359651 0.938445 0.376444 0.938445 0.376444 0.947971 0.359651 0.947971
0 0.674529 0.077709 0.698733 0.077709 0.698733 0.090013 0.674529 0.090013
0 0.624012 0.138817 0.649433 0.138817 0.649433 0.152212 0.624012 0.152212
0 0.578465 0.154932 0.603807 0.154932 0.603807 0.168794 0.578465 0.168794
0 0.745939 0.129769 0.767537 0.129769 0.767537 0.163211 0.745939 0.163211
0 0.792514 0.149856 0.826195 0.149856 0.826195 0.171007 0.792514 0.171007
0 0.721026 0.073155 0.773766 0.073155 0.773766 0.100608 0.721026 0.100608
0 0.578280 0.131814 0.603895 0.131814 0.603895 0.145200 0.578280 0.145200
0 0.563860 0.179156 0.579718 0.179156 0.579718 0.187256 0.563860 0.187256
0 0.810592 0.112476 0.844156 0.112476 0.844156 0.133724 0.810592 0.133724
0 0.759686 0.039570 0.775391 0.039570 0.775391 0.047911 0.759686 0.047911
0 0.713240 0.160972 0.729961 0.160972 0.729961 0.169777 0.713240 0.169777
0 0.722659 0.000296 0.730499 0.000296 0.730499 0.003256 0.722659 0.003256
0 0.562546 0.660403 0.587595 0.660403 0.587595 0.673381 0.562546 0.673381
0 0.635871 0.962038 0.660953 0.962038 0.660953 0.974770 0.635871 0.974770
0 0.879932 0.744325 0.893731 0.744325 0.893731 0.770342 0.879932 0.770342
0 0.699684 0.739430 0.708160 0.739430 0.708160 0.755384 0.699684 0.755384
0 0.710133 0.676656 0.726166 0.676656 0.726166 0.684997 0.710133 0.684997
0 0.743979 0.556825 0.756761 0.556825 0.756761 0.582202 0.743979 0.582202
0 0.737046 0.657112 0.753214 0.657112 0.753214 0.666251 0.737046 0.666251
0 0.538769 0.926588 0.551220 0.926588 0.551220 0.951462 0.538769 0.951462
0 0.589157 0.869906 0.597525 0.869906 0.597525 0.885971 0.589157 0.885971
0 0.869472 0.813228 0.886646 0.813228 0.886646 0.823584 0.869472 0.823584
0 0.527319 0.972239 0.543215 0.972239 0.543215 0.980400 0.527319 0.980400
0 0.704530 0.814123 0.720440 0.814123 0.720440 0.822298 0.704530 0.822298
0 0.603066 0.736853 0.611473 0.736853 0.611473 0.752804 0.603066 0.752804
0 0.853824 0.744379 0.867258 0.744379 0.867258 0.769991 0.853824 0.769991
0 0.508725 0.724212 0.524815 0.724212 0.524815 0.732441 0.508725 0.732441
0 0.820140 0.787829 0.829650 0.787829 0.829650 0.804313 0.820140 0.804313
0 0.736980 0.638441 0.753312 0.638441 0.753312 0.647690 0.736980 0.647690
0 0.742506 0.804348 0.750862 0.804348 0.750862 0.819827 0.742506 0.819827
0 0.807043 0.690547 0.815468 0.690547 0.815468 0.706674 0.807043 0.706674
0 0.706100 0.922602 0.714556 0.922602 0.714556 0.938493 0.706100 0.938493
0 0.504958 0.922093 0.513418 0.922093 0.513418 0.938239 0.504958 0.938239
0 0.758839 0.802975 0.768468 0.802975 0.768468 0.819517 0.758839 0.819517
0 0.803464 0.788926 0.811853 0.788926 0.811853 0.804432 0.803464 0.804432
0 0.782788 0.730185 0.792302 0.730185 0.792302 0.746459 0.782788 0.746459
0 0.705043 0.876399 0.713252 0.876399 0.713252 0.892343 0.705043 0.892343
0 0.565742 0.913930 0.573770 0.913930 0.573770 0.929694 0.565742 0.929694
1 0.068713 0.099080 0.080258 0.099080 0.080258 0.152277 0.068713 0.152277
1 0.028661 0.068633 0.032065 0.068633 0.032065 0.084033 0.028661 0.084033
1 0.164507 0.017145 0.168482 0.017145 0.168482 0.026515 0.164507 0.026515
1 0.058251 0.068681 0.061277 0.068681 0.061277 0.083915 0.058251 0.083915
1 0.110647 0.067823 0.113862 0.067823 0.113862 0.082675 0.110647 0.082675
1 0.144328 0.017082 0.148429 0.017082 0.148429 0.027062 0.144328 0.027062
1 0.081573 0.067453 0.084665 0.067453 0.084665 0.082776 0.081573 0.082776
1 0.002708 0.098580 0.013345 0.098580 0.013345 0.150925 0.002708 0.150925
1 0.178965 0.860801 0.189601 0.860801 0.189601 0.886788 0.178965 0.886788
1 0.090417 0.796442 0.114239 0.796442 0.114239 0.805023 0.090417 0.805023
1 0.178736 0.894918 0.188482 0.894918 0.188482 0.920797 0.178736 0.920797
1 0.090614 0.754193 0.113968 0.754193 0.113968 0.761818 0.090614 0.761818
1 0.223682 0.861927 0.231045 0.861927 0.231045 0.885432 0.223682 0.885432
1 0.121202 0.754404 0.144670 0.754404 0.144670 0.762433 0.121202 0.762433
1 0.222502 0.896134 0.230937 0.896134 0.230937 0.920011 0.222502 0.920011
1 0.121292 0.796826 0.144976 0.796826 0.144976 0.805414 0.121292 0.805414
1 0.181784 0.932021 0.185914 0.932021 0.185914 0.948231 0.181784 0.948231
1 0.209983 0.832955 0.213796 0.832955 0.213796 0.849573 0.209983 0.849573
1 0.180017 0.832836 0.184187 0.832836 0.184187 0.848807 0.180017 0.848807
1 0.014741 0.944823 0.032511 0.944823 0.032511 0.948590 0.014741 0.948590
1 0.109949 0.865407 0.113718 0.865407 0.113718 0.883005 0.109949 0.883005
1 0.211873 0.932273 0.215886 0.932273 0.215886 0.948189 0.211873 0.948189
1 0.015285 0.914405 0.032793 0.914405 0.032793 0.918613 0.015285 0.918613
1 0.080644 0.865835 0.084163 0.865835 0.084163 0.883005 0.080644 0.883005
1 0.410685 0.070298 0.420396 0.070298 0.420396 0.099622 0.410685 0.099622
1 0.384770 0.122793 0.403367 0.122793 0.403367 0.165418 0.384770 0.165418
1 0.474891 0.121725 0.494063 0.121725 0.494063 0.165084 0.474891 0.165084
1 0.474829 0.070825 0.485061 0.070825 0.485061 0.099356 0.474829 0.099356
1 0.371957 0.075004 0.376129 0.075004 0.376129 0.090366 0.371957 0.090366
1 0.457896 0.041265 0.462017 0.041265 0.462017 0.050281 0.457896 0.050281
1 0.477691 0.041735 0.481575 0.041735 0.481575 0.050186 0.477691 0.050186
1 0.400712 0.074533 0.404717 0.074533 0.404717 0.090169 0.400712 0.090169
1 0.298538 0.554998 0.322989 0.554998 0.322989 0.572581 0.298538 0.572581
1 0.455147 0.703919 0.459186 0.703919 0.459186 0.720397 0.455147 0.720397
1 0.483885 0.704662 0.488157 0.704662 0.488157 0.720661 0.483885 0.720661
1 0.454235 0.959334 0.462737 0.959334 0.462737 0.984723 0.454235 0.984723
1 0.298973 0.748345 0.322867 0.748345 0.322867 0.766303 0.298973 0.766303
1 0.480453 0.854511 0.484211 0.854511 0.484211 0.862446 0.480453 0.862446
1 0.482433 0.790758 0.490691 0.790758 0.490691 0.794539 0.482433 0.794539
1 0.477057 0.837219 0.480779 0.837219 0.480779 0.845487 0.477057 0.845487
1 0.305197 0.875018 0.308668 0.875018 0.308668 0.883245 0.305197 0.883245
1 0.305447 0.892049 0.308596 0.892049 0.308596 0.899880 0.305447 0.899880
1 0.499067 0.785591 0.507593 0.785591 0.507593 0.789649 0.499067 0.789649
1 0.480094 0.871480 0.483266 0.871480 0.483266 0.879750 0.480094 0.879750
1 0.346771 0.846978 0.350192 0.846978 0.350192 0.856436 0.346771 0.856436
1 0.482142 0.810040 0.490955 0.810040 0.490955 0.814010 0.482142 0.814010
1 0.461509 0.854515 0.464610 0.854515 0.464610 0.862088 0.461509 0.862088
1 0.404342 0.923898 0.408059 0.923898 0.408059 0.932641 0.404342 0.932641
1 0.366742 0.847275 0.370037 0.847275 0.370037 0.856433 0.366742 0.856433
1 0.484050 0.925055 0.487449 0.925055 0.487449 0.932792 0.484050 0.932792
1 0.285302 0.892107 0.289195 0.892107 0.289195 0.900656 0.285302 0.900656
1 0.461374 0.871581 0.464377 0.871581 0.464377 0.879579 0.461374 0.879579
1 0.483736 0.943612 0.487271 0.943612 0.487271 0.951347 0.483736 0.951347
1 0.483436 0.888335 0.486602 0.888335 0.486602 0.896437 0.483436 0.896437
1 0.498897 0.805554 0.507499 0.805554 0.507499 0.808968 0.498897 0.808968
1 0.384252 0.923575 0.387482 0.923575 0.387482 0.932827 0.384252 0.932827
1 0.464729 0.943387 0.468117 0.943387 0.468117 0.951424 0.464729 0.951424
1 0.458352 0.837637 0.461612 0.837637 0.461612 0.845049 0.458352 0.845049
1 0.483969 0.905605 0.486893 0.905605 0.486893 0.913935 0.483969 0.913935
1 0.465024 0.888480 0.468244 0.888480 0.468244 0.896649 0.465024 0.896649
1 0.286201 0.875100 0.289031 0.875100 0.289031 0.883278 0.286201 0.883278
1 0.464964 0.905405 0.468386 0.905405 0.468386 0.913993 0.464964 0.913993
1 0.355682 0.938740 0.359541 0.938740 0.359541 0.947417 0.355682 0.947417
1 0.465516 0.924896 0.468252 0.924896 0.468252 0.932748 0.465516 0.932748
1 0.376512 0.938761 0.379449 0.938761 0.379449 0.946735 0.376512 0.946735
1 0.710782 0.071885 0.720579 0.071885 0.720579 0.100868 0.710782 0.100868
1 0.698744 0.073656 0.702737 0.073656 0.702737 0.091136 0.698744 0.091136
1 0.649376 0.136659 0.653880 0.136659 0.653880 0.153689 0.649376 0.153689
1 0.574502 0.152844 0.578302 0.152844 0.578302 0.170577 0.574502 0.170577
1 0.620102 0.136800 0.623902 0.136800 0.623902 0.154814 0.620102 0.154814
1 0.574362 0.129903 0.578443 0.129903 0.578443 0.147074 0.574362 0.147074
1 0.603917 0.152844 0.607436 0.152844 0.607436 0.171000 0.603917 0.171000
1 0.709316 0.160683 0.713182 0.160683 0.713182 0.169505 0.709316 0.169505
1 0.603917 0.129059 0.607576 0.129059 0.607576 0.146792 0.603917 0.146792
1 0.729852 0.161056 0.733618 0.161056 0.733618 0.170200 0.729852 0.170200
1 0.559873 0.178694 0.563802 0.178694 0.563802 0.187356 0.559873 0.187356
1 0.722096 0.003230 0.730824 0.003230 0.730824 0.006937 0.722096 0.006937
1 0.669831 0.074426 0.674559 0.074426 0.674559 0.091905 0.669831 0.091905
1 0.579804 0.178773 0.583087 0.178773 0.583087 0.187308 0.579804 0.187308
1 0.558718 0.658757 0.562580 0.658757 0.562580 0.674324 0.558718 0.674324
1 0.603202 0.733227 0.611434 0.733227 0.611434 0.736900 0.603202 0.736900
1 0.733314 0.657069 0.736836 0.657069 0.736836 0.665602 0.733314 0.665602
1 0.699467 0.734624 0.708090 0.734624 0.708090 0.739340 0.699467 0.739340
1 0.733191 0.638401 0.736940 0.638401 0.736940 0.647725 0.733191 0.647725
1 0.587755 0.657676 0.591493 0.657676 0.591493 0.675399 0.587755 0.675399
1 0.725908 0.676792 0.729435 0.676792 0.729435 0.685069 0.725908 0.685069
1 0.705829 0.676363 0.710152 0.676363 0.710152 0.684998 0.705829 0.684998
1 0.524913 0.723903 0.528283 0.723903 0.528283 0.731874 0.524913 0.731874
1 0.505346 0.724202 0.508634 0.724202 0.508634 0.732594 0.505346 0.732594
1 0.536538 0.951471 0.552299 0.951471 0.552299 0.956280 0.536538 0.956280
1 0.536857 0.921295 0.552606 0.921295 0.552606 0.926326 0.536857 0.926326
1 0.720449 0.814030 0.724218 0.814030 0.724218 0.821989 0.720449 0.821989
1 0.700558 0.813949 0.704527 0.813949 0.704527 0.821939 0.700558 0.821939
1 0.631291 0.960116 0.635694 0.960116 0.635694 0.975813 0.631291 0.975813
1 0.588892 0.866250 0.597472 0.866250 0.597472 0.869869 0.588892 0.869869
1 0.660588 0.959787 0.664783 0.959787 0.664783 0.975786 0.660588 0.975786
1 0.495819 0.959742 0.504968 0.959742 0.504968 0.984582 0.495819 0.984582
1 0.706588 0.918965 0.714453 0.918965 0.714453 0.922466 0.706588 0.922466
1 0.504855 0.918594 0.513408 0.918594 0.513408 0.922386 0.504855 0.922386
1 0.705108 0.873077 0.713216 0.873077 0.713216 0.876483 0.705108 0.876483
1 0.699469 0.755420 0.708005 0.755420 0.708005 0.759570 0.699469 0.759570
1 0.565476 0.909690 0.573928 0.909690 0.573928 0.914068 0.565476 0.914068
1 0.589162 0.885921 0.597308 0.885921 0.597308 0.888518 0.589162 0.888518
1 0.523151 0.972141 0.527469 0.972141 0.527469 0.980194 0.523151 0.980194
1 0.743144 0.800168 0.751059 0.800168 0.751059 0.804267 0.743144 0.804267
1 0.742501 0.820069 0.750362 0.820069 0.750362 0.823690 0.742501 0.823690
1 0.602799 0.752972 0.611311 0.752972 0.611311 0.757701 0.602799 0.757701
1 0.543384 0.972479 0.547546 0.972479 0.547546 0.980435 0.543384 0.980435
1 0.565515 0.929885 0.573527 0.929885 0.573527 0.933719 0.565515 0.933719
1 0.706221 0.938728 0.713889 0.938728 0.713889 0.941397 0.706221 0.941397
1 0.704871 0.892480 0.712935 0.892480 0.712935 0.895162 0.704871 0.895162
1 0.505129 0.938067 0.513149 0.938067 0.513149 0.942501 0.505129 0.942501
1 0.783646 0.148355 0.792364 0.148355 0.792364 0.172911 0.783646 0.172911
1 0.773951 0.071992 0.784604 0.071992 0.784604 0.100866 0.773951 0.100866
1 0.745109 0.120718 0.768850 0.120718 0.768850 0.129553 0.745109 0.129553
1 0.826489 0.148350 0.834266 0.148350 0.834266 0.172577 0.826489 0.172577
1 0.744325 0.163371 0.769637 0.163371 0.769637 0.171858 0.744325 0.171858
1 0.844458 0.111162 0.853042 0.111162 0.853042 0.134839 0.844458 0.134839
1 0.802497 0.111296 0.810646 0.111296 0.810646 0.135031 0.802497 0.135031
1 0.775323 0.039360 0.779477 0.039360 0.779477 0.047658 0.775323 0.047658
1 0.755714 0.039754 0.759714 0.039754 0.759714 0.047980 0.755714 0.047980
1 0.820122 0.628477 0.840974 0.628477 0.840974 0.652515 0.820122 0.652515
1 0.741960 0.552184 0.757925 0.552184 0.757925 0.556655 0.741960 0.556655
1 0.878450 0.739587 0.894090 0.739587 0.894090 0.743971 0.878450 0.743971
1 0.741076 0.582270 0.758018 0.582270 0.758018 0.586406 0.741076 0.586406
1 0.783311 0.726568 0.791698 0.726568 0.791698 0.730122 0.783311 0.730122
1 0.753517 0.638878 0.757422 0.638878 0.757422 0.647533 0.753517 0.647533
1 0.753521 0.657608 0.757895 0.657608 0.757895 0.666486 0.753521 0.666486
1 0.852683 0.739509 0.868522 0.739509 0.868522 0.744129 0.852683 0.744129
1 0.782900 0.746343 0.792016 0.746343 0.792016 0.749835 0.782900 0.749835
1 0.806855 0.706581 0.815311 0.706581 0.815311 0.709989 0.806855 0.709989
1 0.982122 0.628653 0.999157 0.628653 0.999157 0.653877 0.982122 0.653877
1 0.807100 0.686879 0.815359 0.686879 0.815359 0.690612 0.807100 0.690612
1 0.878840 0.770486 0.894478 0.770486 0.894478 0.774817 0.878840 0.774817
1 0.853448 0.770360 0.868378 0.770360 0.868378 0.774404 0.853448 0.774404
1 0.759846 0.819641 0.767773 0.819641 0.767773 0.823355 0.759846 0.823355
1 0.759402 0.799582 0.767454 0.799582 0.767454 0.803244 0.759402 0.803244
1 0.820687 0.804237 0.828880 0.804237 0.828880 0.808790 0.820687 0.808790
1 0.821011 0.784682 0.828655 0.784682 0.828655 0.787919 0.821011 0.787919
1 0.803592 0.804614 0.811469 0.804614 0.811469 0.808455 0.803592 0.808455
1 0.886776 0.813542 0.889984 0.813542 0.889984 0.823226 0.886776 0.823226
1 0.803768 0.786189 0.811310 0.786189 0.811310 0.788848 0.803768 0.788848
1 0.865969 0.813995 0.869904 0.813995 0.869904 0.822783 0.865969 0.822783
