0 0.696497 0.434033 0.863519 0.434033 0.863519 0.551230 0.696497 0.551230
0 0.232040 0.403809 0.441478 0.403809 0.441478 0.519829 0.232040 0.519829
0 0.468788 0.433239 0.478163 0.433239 0.478163 0.450246 0.468788 0.450246
0 0.371468 0.938757 0.396122 0.938757 0.396122 0.951257 0.371468 0.951257
0 0.099707 0.765681 0.124311 0.765681 0.124311 0.778173 0.099707 0.778173
0 0.397781 0.894984 0.410264 0.894984 0.410264 0.919267 0.397781 0.919267
0 0.100698 0.828652 0.125309 0.828652 0.125309 0.841098 0.100698 0.841098
0 0.239984 0.724123 0.264732 0.724123 0.264732 0.736623 0.239984 0.736623
0 0.258696 0.750955 0.271382 0.750955 0.271382 0.775318 0.258696 0.775318
0 0.373627 0.801746 0.398336 0.801746 0.398336 0.814196 0.373627 0.814196
0 0.234249 0.820548 0.259055 0.820548 0.259055 0.832817 0.234249 0.832817
0 0.373425 0.827597 0.398059 0.827597 0.398059 0.840000 0.373425 0.840000
0 0.102894 0.982284 0.127637 0.982284 0.127637 0.994706 0.102894 0.994706
0 0.373265 0.708318 0.398045 0.708318 0.398045 0.720662 0.373265 0.720662
0 0.099549 0.707079 0.124268 0.707079 0.124268 0.719511 0.099549 0.719511
0 0.198361 0.604597 0.223149 0.604597 0.223149 0.616960 0.198361 0.616960
0 0.099454 0.644869 0.124115 0.644869 0.124115 0.657225 0.099454 0.657225
0 0.276211 0.612596 0.301033 0.612596 0.301033 0.625351 0.276211 0.625351
0 0.236079 0.699124 0.260830 0.699124 0.260830 0.711472 0.236079 0.711472
0 0.373639 0.980699 0.398291 0.980699 0.398291 0.993630 0.373639 0.993630
0 0.258647 0.926403 0.271365 0.926403 0.271365 0.950870 0.258647 0.950870
0 0.232842 0.793893 0.257490 0.793893 0.257490 0.806647 0.232842 0.806647
0 0.373494 0.648797 0.398189 0.648797 0.398189 0.661463 0.373494 0.661463
0 0.310646 0.583876 0.326387 0.583876 0.326387 0.591976 0.310646 0.591976
0 0.101934 0.937192 0.126644 0.937192 0.126644 0.949702 0.101934 0.949702
0 0.373363 0.872609 0.385469 0.872609 0.385469 0.897013 0.373363 0.897013
0 0.102359 0.886271 0.127121 0.886271 0.127121 0.899063 0.102359 0.899063
0 0.227519 0.927072 0.240272 0.927072 0.240272 0.951349 0.227519 0.951349
0 0.256133 0.848792 0.268570 0.848792 0.268570 0.873062 0.256133 0.873062
0 0.227386 0.877348 0.240168 0.877348 0.240168 0.901755 0.227386 0.901755
0 0.828790 0.352275 0.854109 0.352275 0.854109 0.365012 0.828790 0.365012
0 0.697836 0.337626 0.714089 0.337626 0.714089 0.346389 0.697836 0.346389
0 0.688774 0.617158 0.714480 0.617158 0.714480 0.630614 0.688774 0.630614
0 0.824385 0.619614 0.849971 0.619614 0.849971 0.632592 0.824385 0.632592
0 0.772099 0.621143 0.797821 0.621143 0.797821 0.633944 0.772099 0.633944
0 0.753631 0.656217 0.805802 0.656217 0.805802 0.696861 0.753631 0.696861
0 0.888286 0.567945 0.903844 0.567945 0.903844 0.576318 0.888286 0.576318
0 0.732658 0.605241 0.748556 0.605241 0.748556 0.613542 0.732658 0.613542
0 0.885775 0.535487 0.901467 0.535487 0.901467 0.543869 0.885775 0.543869
1 0.234429 0.363049 0.246011 0.363049 0.246011 0.403521 0.234429 0.403521
1 0.234031 0.523735 0.245538 0.523735 0.245538 0.562589 0.234031 0.562589
1 0.234461 0.722796 0.239867 0.722796 0.239867 0.738083 0.234461 0.738083
1 0.124155 0.705428 0.129000 0.705428 0.129000 0.721014 0.124155 0.721014
1 0.094132 0.643354 0.099233 0.643354 0.099233 0.658690 0.094132 0.658690
1 0.223137 0.602344 0.228236 0.602344 0.228236 0.617917 0.223137 0.617917
1 0.192981 0.602361 0.198299 0.602361 0.198299 0.617559 0.192981 0.617559
1 0.230832 0.697021 0.236018 0.697021 0.236018 0.712777 0.230832 0.712777
1 0.094065 0.705412 0.099297 0.705412 0.099297 0.721043 0.094065 0.721043
1 0.124272 0.643033 0.129170 0.643033 0.129170 0.658749 0.124272 0.658749
1 0.229170 0.818058 0.234280 0.818058 0.234280 0.833525 0.229170 0.833525
1 0.093799 0.764141 0.099291 0.764141 0.099291 0.779610 0.093799 0.779610
1 0.125513 0.826437 0.130401 0.826437 0.130401 0.841818 0.125513 0.841818
1 0.127229 0.884286 0.132045 0.884286 0.132045 0.899802 0.127229 0.899802
1 0.097363 0.884519 0.102318 0.884519 0.102318 0.899808 0.097363 0.899808
1 0.124265 0.764214 0.129148 0.764214 0.129148 0.779698 0.124265 0.779698
1 0.226045 0.951545 0.241716 0.951545 0.241716 0.955836 0.226045 0.955836
1 0.226015 0.872208 0.241991 0.872208 0.241991 0.877036 0.226015 0.877036
1 0.127308 0.980583 0.132152 0.980583 0.132152 0.995921 0.127308 0.995921
1 0.226203 0.901710 0.242382 0.901710 0.242382 0.906309 0.226203 0.906309
1 0.126801 0.935241 0.131670 0.935241 0.131670 0.950740 0.126801 0.950740
1 0.097328 0.980832 0.102607 0.980832 0.102607 0.996058 0.097328 0.996058
1 0.095269 0.826492 0.100627 0.826492 0.100627 0.842100 0.095269 0.842100
1 0.226337 0.922067 0.241374 0.922067 0.241374 0.926836 0.226337 0.926836
1 0.227018 0.791599 0.232782 0.791599 0.232782 0.807152 0.227018 0.807152
1 0.096961 0.935645 0.101884 0.935645 0.101884 0.950578 0.096961 0.950578
1 0.257663 0.791969 0.262170 0.791969 0.262170 0.807269 0.257663 0.807269
1 0.365044 0.362738 0.375354 0.362738 0.375354 0.403933 0.365044 0.403933
1 0.429572 0.362041 0.441657 0.362041 0.441657 0.403841 0.429572 0.403841
1 0.300033 0.362608 0.310416 0.362608 0.310416 0.403728 0.300033 0.403728
1 0.408436 0.362937 0.418480 0.362937 0.418480 0.404024 0.408436 0.404024
1 0.278346 0.362257 0.288776 0.362257 0.288776 0.403991 0.278346 0.403991
1 0.343507 0.363031 0.353580 0.363031 0.353580 0.404085 0.343507 0.404085
1 0.321926 0.363076 0.331956 0.363076 0.331956 0.404326 0.321926 0.404326
1 0.386849 0.362921 0.396957 0.362921 0.396957 0.404333 0.386849 0.404333
1 0.256802 0.362386 0.267217 0.362386 0.267217 0.404028 0.256802 0.404028
1 0.468745 0.429940 0.478238 0.429940 0.478238 0.433054 0.468745 0.433054
1 0.468683 0.450585 0.478132 0.450585 0.478132 0.453601 0.468683 0.453601
1 0.321727 0.523776 0.331674 0.523776 0.331674 0.561569 0.321727 0.561569
1 0.386470 0.524000 0.396524 0.524000 0.396524 0.563010 0.386470 0.563010
1 0.278049 0.523429 0.288488 0.523429 0.288488 0.562005 0.278049 0.562005
1 0.256272 0.523398 0.266914 0.523398 0.266914 0.561991 0.256272 0.561991
1 0.343013 0.523755 0.353303 0.523755 0.353303 0.561733 0.343013 0.561733
1 0.407948 0.523956 0.418238 0.523956 0.418238 0.561567 0.407948 0.561567
1 0.299851 0.524162 0.309797 0.524162 0.309797 0.562041 0.299851 0.562041
1 0.364470 0.523618 0.374915 0.523618 0.374915 0.561768 0.364470 0.561768
1 0.429398 0.523546 0.441001 0.523546 0.441001 0.561420 0.429398 0.561420
1 0.367748 0.647126 0.373446 0.647126 0.373446 0.662407 0.367748 0.662407
1 0.257240 0.746481 0.272385 0.746481 0.272385 0.750879 0.257240 0.750879
1 0.368382 0.706428 0.373068 0.706428 0.373068 0.721709 0.368382 0.721709
1 0.398031 0.706821 0.402096 0.706821 0.402096 0.721860 0.398031 0.721860
1 0.260918 0.697085 0.266091 0.697085 0.266091 0.712652 0.260918 0.712652
1 0.264749 0.722672 0.269706 0.722672 0.269706 0.738264 0.264749 0.738264
1 0.398142 0.647807 0.403045 0.647807 0.403045 0.662476 0.398142 0.662476
1 0.306787 0.582566 0.310597 0.582566 0.310597 0.592763 0.306787 0.592763
1 0.300976 0.610752 0.305848 0.610752 0.305848 0.626146 0.300976 0.626146
1 0.270746 0.610961 0.275873 0.610961 0.275873 0.626802 0.270746 0.626802
1 0.326495 0.582120 0.330352 0.582120 0.330352 0.592713 0.326495 0.592713
1 0.396456 0.889599 0.412211 0.889599 0.412211 0.894705 0.396456 0.894705
1 0.256635 0.951140 0.272666 0.951140 0.272666 0.956027 0.256635 0.956027
1 0.371076 0.897180 0.386867 0.897180 0.386867 0.901299 0.371076 0.901299
1 0.396536 0.919522 0.412313 0.919522 0.412313 0.923665 0.396536 0.923665
1 0.256890 0.922021 0.272196 0.922021 0.272196 0.926258 0.256890 0.926258
1 0.367964 0.979043 0.373455 0.979043 0.373455 0.994820 0.367964 0.994820
1 0.371191 0.868130 0.386634 0.868130 0.386634 0.872410 0.371191 0.872410
1 0.368928 0.825867 0.373318 0.825867 0.373318 0.841302 0.368928 0.841302
1 0.256396 0.775660 0.272639 0.775660 0.272639 0.780264 0.256396 0.780264
1 0.396281 0.936605 0.400456 0.936605 0.400456 0.952394 0.396281 0.952394
1 0.254408 0.843814 0.269936 0.843814 0.269936 0.848522 0.254408 0.848522
1 0.259231 0.818437 0.263423 0.818437 0.263423 0.833637 0.259231 0.833637
1 0.254079 0.873178 0.270194 0.873178 0.270194 0.878284 0.254079 0.878284
1 0.398028 0.825976 0.401582 0.825976 0.401582 0.841619 0.398028 0.841619
1 0.368433 0.800131 0.372981 0.800131 0.372981 0.816999 0.368433 0.816999
1 0.366746 0.936387 0.371305 0.936387 0.371305 0.952083 0.366746 0.952083
1 0.398763 0.800064 0.401967 0.800064 0.401967 0.816026 0.398763 0.816026
1 0.398483 0.979504 0.402306 0.979504 0.402306 0.994879 0.398483 0.994879
1 0.727455 0.388518 0.735889 0.388518 0.735889 0.428086 0.727455 0.428086
1 0.713766 0.388956 0.722284 0.388956 0.722284 0.428277 0.713766 0.428277
1 0.699745 0.388579 0.708784 0.388579 0.708784 0.428504 0.699745 0.428504
1 0.740966 0.388513 0.749468 0.388513 0.749468 0.428612 0.740966 0.428612
1 0.714857 0.336941 0.718118 0.336941 0.718118 0.347166 0.714857 0.347166
1 0.694308 0.336477 0.697771 0.336477 0.697771 0.347260 0.694308 0.347260
1 0.727022 0.550934 0.735973 0.550934 0.735973 0.588410 0.727022 0.588410
1 0.713263 0.550869 0.722328 0.550869 0.722328 0.589535 0.713263 0.589535
1 0.699312 0.550748 0.708800 0.550748 0.708800 0.589914 0.699312 0.589914
1 0.714750 0.616339 0.718693 0.616339 0.718693 0.630956 0.714750 0.630956
1 0.743046 0.649110 0.753865 0.649110 0.753865 0.701535 0.743046 0.701535
1 0.728718 0.604317 0.732543 0.604317 0.732543 0.614142 0.728718 0.614142
1 0.684784 0.616309 0.688386 0.616309 0.688386 0.631072 0.684784 0.631072
1 0.849812 0.388761 0.859260 0.388761 0.859260 0.428250 0.849812 0.428250
1 0.768324 0.388766 0.776710 0.388766 0.776710 0.428231 0.768324 0.428231
1 0.809260 0.388952 0.817558 0.388952 0.817558 0.428216 0.809260 0.428216
1 0.781932 0.388747 0.790323 0.388747 0.790323 0.428786 0.781932 0.428786
1 0.822726 0.388323 0.831213 0.388323 0.831213 0.428561 0.822726 0.428561
1 0.795563 0.388858 0.803936 0.388858 0.803936 0.428518 0.795563 0.428518
1 0.754744 0.389009 0.763109 0.389009 0.763109 0.428341 0.754744 0.428341
1 0.836410 0.388783 0.844989 0.388783 0.844989 0.428423 0.836410 0.428423
1 0.824164 0.349906 0.828287 0.349906 0.828287 0.366361 0.824164 0.366361
1 0.854819 0.349406 0.859957 0.349406 0.859957 0.366576 0.854819 0.366576
1 0.849525 0.551057 0.859758 0.551057 0.859758 0.588859 0.849525 0.588859
1 0.767766 0.551123 0.776834 0.551123 0.776834 0.589489 0.767766 0.589489
1 0.808791 0.551231 0.817740 0.551231 0.817740 0.588936 0.808791 0.588936
1 0.835814 0.551152 0.844972 0.551152 0.844972 0.589324 0.835814 0.589324
1 0.795184 0.551172 0.804109 0.551172 0.804109 0.588950 0.795184 0.588950
1 0.754257 0.551103 0.763168 0.551103 0.763168 0.589326 0.754257 0.589326
1 0.806048 0.649013 0.820042 0.649013 0.820042 0.702760 0.806048 0.702760
1 0.822238 0.551151 0.831492 0.551151 0.831492 0.588762 0.822238 0.588762
1 0.781427 0.551145 0.790496 0.551145 0.790496 0.589112 0.781427 0.589112
1 0.740473 0.551039 0.749704 0.551039 0.749704 0.589212 0.740473 0.589212
1 0.798041 0.618638 0.800736 0.618638 0.800736 0.634374 0.798041 0.634374
1 0.748783 0.604425 0.752089 0.604425 0.752089 0.614235 0.748783 0.614235
1 0.904247 0.567678 0.907954 0.567678 0.907954 0.576790 0.904247 0.576790
1 0.901898 0.534566 0.905647 0.534566 0.905647 0.544264 0.901898 0.544264
1 0.884076 0.567657 0.887848 0.567657 0.887848 0.576905 0.884076 0.576905
1 0.881666 0.535166 0.885414 0.535166 0.885414 0.544533 0.881666 0.544533
1 0.820882 0.617032 0.824047 0.617032 0.824047 0.632856 0.820882 0.632856
1 0.768099 0.618523 0.771806 0.618523 0.771806 0.634390 0.768099 0.634390
1 0.850049 0.616875 0.853224 0.616875 0.853224 0.632780 0.850049 0.632780
