0 0.286525 0.256629 0.307395 0.256629 0.307395 0.289690 0.286525 0.289690
0 0.325361 0.266235 0.358811 0.266235 0.358811 0.286982 0.325361 0.286982
0 0.427115 0.489866 0.447754 0.489866 0.447754 0.523115 0.427115 0.523115
0 0.333553 0.057333 0.361268 0.057333 0.361268 0.071833 0.333553 0.071833
0 0.286944 0.186608 0.299906 0.186608 0.299906 0.211846 0.286944 0.211846
0 0.362796 0.489770 0.383295 0.489770 0.383295 0.522986 0.362796 0.522986
0 0.354003 0.353496 0.375615 0.353496 0.375615 0.387398 0.354003 0.387398
0 0.395487 0.490169 0.415869 0.490169 0.415869 0.523478 0.395487 0.523478
0 0.288137 0.046856 0.300787 0.046856 0.300787 0.071253 0.288137 0.071253
0 0.333496 0.079512 0.360784 0.079512 0.360784 0.093899 0.333496 0.093899
0 0.388514 0.298256 0.422072 0.298256 0.422072 0.319361 0.388514 0.319361
0 0.419651 0.402483 0.447473 0.402483 0.447473 0.416793 0.419651 0.416793
0 0.451575 0.308053 0.472513 0.308053 0.472513 0.341206 0.451575 0.341206
0 0.273804 0.388093 0.286595 0.388093 0.286595 0.413555 0.273804 0.413555
0 0.027351 0.462525 0.046433 0.462525 0.046433 0.509103 0.027351 0.509103
0 0.285756 0.333582 0.293966 0.333582 0.293966 0.349224 0.285756 0.349224
0 0.304163 0.334265 0.318317 0.334265 0.318317 0.361623 0.304163 0.361623
0 0.421515 0.377737 0.447173 0.377737 0.447173 0.390996 0.421515 0.390996
0 0.349878 0.198864 0.362959 0.198864 0.362959 0.224233 0.349878 0.224233
0 0.431750 0.219509 0.444766 0.219509 0.444766 0.244853 0.431750 0.244853
0 0.421345 0.427517 0.447104 0.427517 0.447104 0.440443 0.421345 0.440443
0 0.477774 0.385531 0.485948 0.385531 0.485948 0.401205 0.477774 0.401205
0 0.310780 0.052439 0.319848 0.052439 0.319848 0.069874 0.310780 0.069874
0 0.070382 0.701071 0.171315 0.701071 0.171315 0.803750 0.070382 0.803750
0 0.421493 0.604378 0.442297 0.604378 0.442297 0.637345 0.421493 0.637345
0 0.389305 0.604808 0.409907 0.604808 0.409907 0.637546 0.389305 0.637546
0 0.356836 0.604805 0.377430 0.604805 0.377430 0.637535 0.356836 0.637535
0 0.425084 0.546786 0.445886 0.546786 0.445886 0.579993 0.425084 0.579993
0 0.272077 0.488394 0.321396 0.488394 0.321396 0.513802 0.272077 0.513802
0 0.265593 0.780876 0.280155 0.780876 0.280155 0.806760 0.265593 0.806760
0 0.358990 0.546152 0.379517 0.546152 0.379517 0.579205 0.358990 0.579205
0 0.391209 0.546635 0.411885 0.546635 0.411885 0.579827 0.391209 0.579827
0 0.214755 0.758874 0.231640 0.758874 0.231640 0.767896 0.214755 0.767896
0 0.251512 0.710840 0.265945 0.710840 0.265945 0.736843 0.251512 0.736843
0 0.294818 0.596929 0.344372 0.596929 0.344372 0.622201 0.294818 0.622201
0 0.072689 0.901696 0.113499 0.901696 0.113499 0.969640 0.072689 0.969640
0 0.011909 0.901696 0.052936 0.901696 0.052936 0.969206 0.011909 0.969206
0 0.032741 0.541173 0.052016 0.541173 0.052016 0.588050 0.032741 0.588050
0 0.505251 0.525365 0.513377 0.525365 0.513377 0.541231 0.505251 0.541231
0 0.024769 0.605663 0.097887 0.605663 0.097887 0.664385 0.024769 0.664385
0 0.505517 0.200427 0.538783 0.200427 0.538783 0.221416 0.505517 0.221416
0 0.593372 0.300667 0.607752 0.300667 0.607752 0.326473 0.593372 0.326473
0 0.505531 0.234615 0.539034 0.234615 0.539034 0.255298 0.505531 0.255298
0 0.751368 0.362488 0.760411 0.362488 0.760411 0.379626 0.751368 0.379626
0 0.485781 0.308543 0.506709 0.308543 0.506709 0.342110 0.485781 0.342110
0 0.558495 0.230875 0.584446 0.230875 0.584446 0.244273 0.558495 0.244273
0 0.715022 0.322245 0.730590 0.322245 0.730590 0.330469 0.715022 0.330469
0 0.508319 0.041245 0.534256 0.041245 0.534256 0.055683 0.508319 0.055683
0 0.504481 0.169672 0.530096 0.169672 0.530096 0.182970 0.504481 0.182970
0 0.729811 0.017673 0.763147 0.017673 0.763147 0.038384 0.729811 0.038384
0 0.751007 0.402449 0.760297 0.402449 0.760297 0.419678 0.751007 0.419678
0 0.789970 0.010516 0.823668 0.010516 0.823668 0.030876 0.789970 0.030876
0 0.477775 0.419592 0.486062 0.419592 0.486062 0.435198 0.477775 0.435198
0 0.670536 0.414728 0.678729 0.414728 0.678729 0.430881 0.670536 0.430881
0 0.574972 0.066314 0.591308 0.066314 0.591308 0.075095 0.574972 0.075095
0 0.687516 0.435249 0.695523 0.435249 0.695523 0.451275 0.687516 0.451275
0 0.715144 0.282964 0.730713 0.282964 0.730713 0.291072 0.715144 0.291072
0 0.603392 0.409253 0.619491 0.409253 0.619491 0.417815 0.603392 0.417815
0 0.606325 0.230064 0.622307 0.230064 0.622307 0.238462 0.606325 0.238462
0 0.705321 0.299243 0.721058 0.299243 0.721058 0.307430 0.705321 0.307430
0 0.606215 0.212975 0.622208 0.212975 0.622208 0.221335 0.606215 0.221335
0 0.758409 0.133351 0.767566 0.133351 0.767566 0.149656 0.758409 0.149656
0 0.693519 0.754355 0.801863 0.754355 0.801863 0.854871 0.693519 0.854871
0 0.750249 0.596519 0.776527 0.596519 0.776527 0.610835 0.750249 0.610835
0 0.812014 0.966846 0.836607 0.966846 0.836607 0.979343 0.812014 0.979343
0 0.917009 0.936562 0.930117 0.936562 0.930117 0.962030 0.917009 0.962030
0 0.801472 0.649738 0.817066 0.649738 0.817066 0.657819 0.801472 0.657819
0 0.794695 0.596643 0.821301 0.596643 0.821301 0.610896 0.794695 0.610896
0 0.850427 0.962370 0.877924 0.962370 0.877924 0.976804 0.850427 0.976804
0 0.698684 0.591358 0.714775 0.591358 0.714775 0.599489 0.698684 0.599489
0 0.838825 0.597400 0.864972 0.597400 0.864972 0.611468 0.838825 0.611468
0 0.864119 0.896050 0.890242 0.896050 0.890242 0.909580 0.864119 0.909580
0 0.657574 0.677206 0.683787 0.677206 0.683787 0.692383 0.657574 0.692383
0 0.942471 0.920075 0.967421 0.920075 0.967421 0.932979 0.942471 0.932979
0 0.894045 0.943108 0.908338 0.943108 0.908338 0.968668 0.894045 0.968668
0 0.509561 0.639734 0.531218 0.639734 0.531218 0.673316 0.509561 0.673316
0 0.845828 0.649769 0.861318 0.649769 0.861318 0.657795 0.845828 0.657795
0 0.904967 0.916462 0.920894 0.916462 0.920894 0.924758 0.904967 0.924758
0 0.939899 0.951144 0.952827 0.951144 0.952827 0.976648 0.939899 0.976648
0 0.822786 0.771906 0.830981 0.771906 0.830981 0.787842 0.822786 0.787842
0 0.821566 0.824397 0.834650 0.824397 0.834650 0.849589 0.821566 0.849589
0 0.759773 0.647912 0.775483 0.647912 0.775483 0.655997 0.759773 0.655997
0 0.949866 0.505958 0.993692 0.505958 0.993692 0.559681 0.949866 0.559681
0 0.711322 0.926427 0.782458 0.926427 0.782458 0.981577 0.711322 0.981577
0 0.867535 0.868607 0.883459 0.868607 0.883459 0.876905 0.867535 0.876905
0 0.516672 0.599160 0.532623 0.599160 0.532623 0.607580 0.516672 0.607580
0 0.618558 0.659043 0.627765 0.659043 0.627765 0.676034 0.618558 0.676034
0 0.572929 0.685588 0.590121 0.685588 0.590121 0.695408 0.572929 0.695408
0 0.635203 0.659932 0.643960 0.659932 0.643960 0.677070 0.635203 0.677070
0 0.870843 0.926030 0.879907 0.926030 0.879907 0.942444 0.870843 0.942444
1 0.011249 0.478074 0.027279 0.478074 0.027279 0.492139 0.011249 0.492139
1 0.047394 0.463470 0.062104 0.463470 0.062104 0.476075 0.047394 0.476075
1 0.052342 0.541782 0.066599 0.541782 0.066599 0.554701 0.052342 0.554701
1 0.014816 0.555983 0.032603 0.555983 0.032603 0.571756 0.014816 0.571756
1 0.051929 0.574157 0.066454 0.574157 0.066454 0.586936 0.051929 0.586936
1 0.046810 0.495796 0.061799 0.495796 0.061799 0.508614 0.046810 0.508614
1 0.097827 0.614948 0.115392 0.614948 0.115392 0.655916 0.097827 0.655916
1 0.006067 0.614441 0.025221 0.614441 0.025221 0.656655 0.006067 0.656655
1 0.171542 0.700158 0.236829 0.700158 0.236829 0.728301 0.171542 0.728301
1 0.079877 0.882425 0.108253 0.882425 0.108253 0.901518 0.079877 0.901518
1 0.079636 0.969423 0.106964 0.969423 0.106964 0.986120 0.079636 0.986120
1 0.018020 0.882148 0.046641 0.882148 0.046641 0.901262 0.018020 0.901262
1 0.172405 0.745084 0.187757 0.745084 0.187757 0.761841 0.172405 0.761841
1 0.171315 0.778589 0.235833 0.778589 0.235833 0.806519 0.171315 0.806519
1 0.019072 0.969206 0.045480 0.969206 0.045480 0.986150 0.019072 0.986150
1 0.231772 0.759067 0.234758 0.759067 0.234758 0.767953 0.231772 0.767953
1 0.211032 0.758439 0.214643 0.758439 0.214643 0.767807 0.211032 0.767807
1 0.284940 0.247272 0.308686 0.247272 0.308686 0.256163 0.284940 0.256163
1 0.430682 0.215546 0.446295 0.215546 0.446295 0.219229 0.430682 0.219229
1 0.348185 0.224633 0.365408 0.224633 0.365408 0.228595 0.348185 0.228595
1 0.329933 0.078211 0.333325 0.078211 0.333325 0.094546 0.329933 0.094546
1 0.329790 0.056407 0.333276 0.056407 0.333276 0.073100 0.329790 0.073100
1 0.286653 0.042516 0.302572 0.042516 0.302572 0.046680 0.286653 0.046680
1 0.285568 0.212106 0.301897 0.212106 0.301897 0.216466 0.285568 0.216466
1 0.361223 0.056878 0.365121 0.056878 0.365121 0.072588 0.361223 0.072588
1 0.360815 0.079051 0.364666 0.079051 0.364666 0.094983 0.360815 0.094983
1 0.430220 0.245217 0.445814 0.245217 0.445814 0.249049 0.430220 0.249049
1 0.285482 0.181875 0.301769 0.181875 0.301769 0.186227 0.285482 0.186227
1 0.286063 0.071443 0.302867 0.071443 0.302867 0.076213 0.286063 0.076213
1 0.348816 0.195068 0.364953 0.195068 0.364953 0.198865 0.348816 0.198865
1 0.310878 0.049629 0.319532 0.049629 0.319532 0.052245 0.310878 0.052245
1 0.310883 0.069714 0.319704 0.069714 0.319704 0.072426 0.310883 0.072426
1 0.393411 0.481186 0.417249 0.481186 0.417249 0.489858 0.393411 0.489858
1 0.425787 0.481295 0.449811 0.481295 0.449811 0.489472 0.425787 0.489472
1 0.351560 0.343477 0.377135 0.343477 0.377135 0.353338 0.351560 0.353338
1 0.449744 0.341578 0.473558 0.341578 0.473558 0.350425 0.449744 0.350425
1 0.359152 0.264676 0.368174 0.264676 0.368174 0.288470 0.359152 0.288470
1 0.361016 0.481070 0.384884 0.481070 0.384884 0.489374 0.361016 0.489374
1 0.306675 0.468565 0.317996 0.468565 0.317996 0.488311 0.306675 0.488311
1 0.352073 0.387544 0.376200 0.387544 0.376200 0.396084 0.352073 0.396084
1 0.274178 0.468394 0.285672 0.468394 0.285672 0.488380 0.274178 0.488380
1 0.290390 0.468453 0.301893 0.468453 0.301893 0.488301 0.290390 0.488301
1 0.317311 0.264591 0.325046 0.264591 0.325046 0.288156 0.317311 0.288156
1 0.378974 0.296117 0.388190 0.296117 0.388190 0.320586 0.378974 0.320586
1 0.483915 0.342446 0.507681 0.342446 0.507681 0.350723 0.483915 0.350723
1 0.422482 0.297650 0.431094 0.297650 0.431094 0.321032 0.422482 0.321032
1 0.284298 0.290023 0.308801 0.290023 0.308801 0.298421 0.284298 0.298421
1 0.450306 0.299313 0.473560 0.299313 0.473560 0.307331 0.450306 0.307331
1 0.484507 0.299494 0.507767 0.299494 0.507767 0.308102 0.484507 0.308102
1 0.271920 0.413910 0.288410 0.413910 0.288410 0.417537 0.271920 0.417537
1 0.302498 0.361747 0.319658 0.361747 0.319658 0.365667 0.302498 0.365667
1 0.477929 0.381532 0.485920 0.381532 0.485920 0.385310 0.477929 0.385310
1 0.272285 0.383464 0.288408 0.383464 0.288408 0.387833 0.272285 0.387833
1 0.303818 0.330057 0.319364 0.330057 0.319364 0.333973 0.303818 0.333973
1 0.417549 0.376165 0.421304 0.376165 0.421304 0.392377 0.417549 0.392377
1 0.417343 0.425342 0.421038 0.425342 0.421038 0.442031 0.417343 0.442031
1 0.447200 0.425323 0.450905 0.425323 0.450905 0.442069 0.447200 0.442069
1 0.477681 0.435157 0.485811 0.435157 0.485811 0.438817 0.477681 0.438817
1 0.447412 0.401998 0.451908 0.401998 0.451908 0.417809 0.447412 0.417809
1 0.447387 0.376245 0.451014 0.376245 0.451014 0.392728 0.447387 0.392728
1 0.285578 0.349161 0.293604 0.349161 0.293604 0.352155 0.285578 0.352155
1 0.477844 0.401163 0.485856 0.401163 0.485856 0.404228 0.477844 0.404228
1 0.477663 0.415794 0.485952 0.415794 0.485952 0.419589 0.477663 0.419589
1 0.285674 0.329701 0.293846 0.329701 0.293846 0.333357 0.285674 0.333357
1 0.416465 0.401814 0.419638 0.401814 0.419638 0.417547 0.416465 0.417547
1 0.423979 0.537737 0.447762 0.537737 0.447762 0.546506 0.423979 0.546506
1 0.423390 0.579956 0.447439 0.579956 0.447439 0.588970 0.423390 0.588970
1 0.419896 0.637585 0.443836 0.637585 0.443836 0.647005 0.419896 0.647005
1 0.425558 0.523134 0.449318 0.523134 0.449318 0.532462 0.425558 0.532462
1 0.389847 0.537621 0.413593 0.537621 0.413593 0.546423 0.389847 0.546423
1 0.387467 0.637853 0.411304 0.637853 0.411304 0.646868 0.387467 0.646868
1 0.392988 0.523593 0.416850 0.523593 0.416850 0.532301 0.392988 0.532301
1 0.356830 0.579329 0.380949 0.579329 0.380949 0.588575 0.356830 0.588575
1 0.360581 0.523297 0.384458 0.523297 0.384458 0.532244 0.360581 0.532244
1 0.354991 0.637778 0.378830 0.637778 0.378830 0.646633 0.354991 0.646633
1 0.356915 0.537509 0.381219 0.537509 0.381219 0.545953 0.356915 0.545953
1 0.306468 0.514260 0.317312 0.514260 0.317312 0.533591 0.306468 0.533591
1 0.329756 0.622787 0.340887 0.622787 0.340887 0.641416 0.329756 0.641416
1 0.313578 0.622712 0.324664 0.622712 0.324664 0.641135 0.313578 0.641135
1 0.297393 0.622567 0.308502 0.622567 0.308502 0.641143 0.297393 0.641143
1 0.389270 0.579911 0.413195 0.579911 0.413195 0.588699 0.389270 0.588699
1 0.387989 0.595423 0.411201 0.595423 0.411201 0.604342 0.387989 0.604342
1 0.290159 0.514034 0.301588 0.514034 0.301588 0.533718 0.290159 0.533718
1 0.420242 0.595619 0.443877 0.595619 0.443877 0.604133 0.420242 0.604133
1 0.355643 0.595175 0.378896 0.595175 0.378896 0.604328 0.355643 0.604328
1 0.314032 0.576452 0.324786 0.576452 0.324786 0.596977 0.314032 0.596977
1 0.330277 0.576316 0.340584 0.576316 0.340584 0.596809 0.330277 0.596809
1 0.272819 0.513507 0.285624 0.513507 0.285624 0.534424 0.272819 0.534424
1 0.297776 0.576102 0.308661 0.576102 0.308661 0.596651 0.297776 0.596651
1 0.251153 0.706812 0.266914 0.706812 0.266914 0.710902 0.251153 0.710902
1 0.250433 0.737021 0.266861 0.737021 0.266861 0.741017 0.250433 0.741017
1 0.265213 0.807023 0.281688 0.807023 0.281688 0.811054 0.265213 0.811054
1 0.265788 0.776861 0.281364 0.776861 0.281364 0.780776 0.265788 0.780776
1 0.720941 0.016756 0.729317 0.016756 0.729317 0.041262 0.720941 0.041262
1 0.539455 0.198933 0.547584 0.198933 0.547584 0.222931 0.539455 0.222931
1 0.495445 0.197522 0.505369 0.197522 0.505369 0.223695 0.495445 0.223695
1 0.495288 0.231486 0.505250 0.231486 0.505250 0.257925 0.495288 0.257925
1 0.539387 0.232868 0.547553 0.232868 0.547553 0.257466 0.539387 0.257466
1 0.503859 0.040110 0.508331 0.040110 0.508331 0.056657 0.503859 0.056657
1 0.534768 0.040377 0.538372 0.040377 0.538372 0.057187 0.534768 0.057187
1 0.584895 0.228953 0.588368 0.228953 0.588368 0.245962 0.584895 0.245962
1 0.499970 0.168171 0.504187 0.168171 0.504187 0.184787 0.499970 0.184787
1 0.530095 0.168254 0.534112 0.168254 0.534112 0.184012 0.530095 0.184012
1 0.603015 0.229812 0.606315 0.229812 0.606315 0.238453 0.603015 0.238453
1 0.603290 0.212935 0.606310 0.212935 0.606310 0.221314 0.603290 0.221314
1 0.571903 0.066403 0.574806 0.066403 0.574806 0.074380 0.571903 0.074380
1 0.622394 0.213015 0.625196 0.213015 0.625196 0.221227 0.622394 0.221227
1 0.622217 0.229859 0.625135 0.229859 0.625135 0.238097 0.622217 0.238097
1 0.591557 0.066654 0.593986 0.066654 0.593986 0.074256 0.591557 0.074256
1 0.554803 0.229291 0.558663 0.229291 0.558663 0.245381 0.554803 0.245381
1 0.591964 0.296612 0.608257 0.296612 0.608257 0.300456 0.591964 0.300456
1 0.600319 0.409118 0.603510 0.409118 0.603510 0.417945 0.600319 0.417945
1 0.670127 0.430660 0.678510 0.430660 0.678510 0.433601 0.670127 0.433601
1 0.687245 0.451246 0.695354 0.451246 0.695354 0.454253 0.687245 0.454253
1 0.591439 0.326582 0.608299 0.326582 0.608299 0.330649 0.591439 0.330649
1 0.670563 0.411759 0.678875 0.411759 0.678875 0.414747 0.670563 0.414747
1 0.687434 0.431603 0.695816 0.431603 0.695816 0.435249 0.687434 0.435249
1 0.730918 0.322210 0.733880 0.322210 0.733880 0.330466 0.730918 0.330466
1 0.712347 0.282472 0.715204 0.282472 0.715204 0.290869 0.712347 0.290869
1 0.730720 0.282215 0.733811 0.282215 0.733811 0.291198 0.730720 0.291198
1 0.619552 0.409201 0.623177 0.409201 0.623177 0.418007 0.619552 0.418007
1 0.711589 0.321602 0.715008 0.321602 0.715008 0.330269 0.711589 0.330269
1 0.720935 0.299266 0.723707 0.299266 0.723707 0.307345 0.720935 0.307345
1 0.702493 0.299136 0.705281 0.299136 0.705281 0.307595 0.702493 0.307595
1 0.507467 0.629205 0.533509 0.629205 0.533509 0.639553 0.507467 0.639553
1 0.508416 0.673569 0.532209 0.673569 0.532209 0.681644 0.508416 0.681644
1 0.569684 0.685618 0.572972 0.685618 0.572972 0.695292 0.569684 0.695292
1 0.746091 0.594999 0.750370 0.594999 0.750370 0.611379 0.746091 0.611379
1 0.590007 0.685800 0.593516 0.685800 0.593516 0.695101 0.590007 0.695101
1 0.505031 0.521461 0.513674 0.521461 0.513674 0.525528 0.505031 0.525528
1 0.714973 0.590917 0.718549 0.590917 0.718549 0.599426 0.714973 0.599426
1 0.513128 0.598991 0.516593 0.598991 0.516593 0.607634 0.513128 0.607634
1 0.505119 0.541190 0.513336 0.541190 0.513336 0.544448 0.505119 0.544448
1 0.683774 0.677354 0.688493 0.677354 0.688493 0.692555 0.683774 0.692555
1 0.532637 0.598772 0.535887 0.598772 0.535887 0.607513 0.532637 0.607513
1 0.617922 0.676073 0.627769 0.676073 0.627769 0.679385 0.617922 0.679385
1 0.635106 0.656398 0.644219 0.656398 0.644219 0.659622 0.635106 0.659622
1 0.695442 0.590789 0.698509 0.590789 0.698509 0.599178 0.695442 0.599178
1 0.618032 0.656055 0.627506 0.656055 0.627506 0.659121 0.618032 0.659121
1 0.653542 0.676614 0.657460 0.676614 0.657460 0.692492 0.653542 0.692492
1 0.635309 0.676685 0.643708 0.676685 0.643708 0.679612 0.635309 0.679612
1 0.692682 0.934464 0.711322 0.934464 0.711322 0.978530 0.692682 0.978530
1 0.694067 0.855227 0.722142 0.855227 0.722142 0.916122 0.694067 0.916122
1 0.763541 0.017012 0.772065 0.017012 0.772065 0.040903 0.763541 0.040903
1 0.781004 0.008825 0.789853 0.008825 0.789853 0.032632 0.781004 0.032632
1 0.824323 0.007600 0.833706 0.007600 0.833706 0.033831 0.824323 0.033831
1 0.758116 0.149372 0.766827 0.149372 0.766827 0.152423 0.758116 0.152423
1 0.944849 0.494456 0.999131 0.494456 0.999131 0.506048 0.944849 0.506048
1 0.750853 0.419724 0.760130 0.419724 0.760130 0.423684 0.750853 0.423684
1 0.751251 0.379759 0.760328 0.379759 0.760328 0.383040 0.751251 0.383040
1 0.750983 0.398138 0.760111 0.398138 0.760111 0.402394 0.750983 0.402394
1 0.751367 0.358819 0.760230 0.358819 0.760230 0.362425 0.751367 0.362425
1 0.821033 0.595608 0.824378 0.595608 0.824378 0.612333 0.821033 0.612333
1 0.864837 0.596167 0.868694 0.596167 0.868694 0.612204 0.864837 0.612204
1 0.790713 0.595638 0.794738 0.595638 0.794738 0.611987 0.790713 0.611987
1 0.756756 0.647356 0.760000 0.647356 0.760000 0.655895 0.756756 0.655895
1 0.798078 0.649147 0.801383 0.649147 0.801383 0.657724 0.798078 0.657724
1 0.835233 0.595683 0.838946 0.595683 0.838946 0.612500 0.835233 0.612500
1 0.861259 0.649655 0.865035 0.649655 0.865035 0.657794 0.861259 0.657794
1 0.775457 0.647547 0.779137 0.647547 0.779137 0.655834 0.775457 0.655834
1 0.817045 0.649680 0.820154 0.649680 0.820154 0.657588 0.817045 0.657588
1 0.776293 0.595221 0.779695 0.595221 0.779695 0.612123 0.776293 0.612123
1 0.842715 0.649624 0.845938 0.649624 0.845938 0.658036 0.842715 0.658036
1 0.945307 0.559895 0.996854 0.559895 0.996854 0.572135 0.945307 0.572135
1 0.782344 0.934869 0.802892 0.934869 0.802892 0.979169 0.782344 0.979169
1 0.739953 0.855759 0.755322 0.855759 0.755322 0.871990 0.739953 0.871990
1 0.847105 0.961328 0.850452 0.961328 0.850452 0.978197 0.847105 0.978197
1 0.915527 0.962197 0.931426 0.962197 0.931426 0.966270 0.915527 0.966270
1 0.836594 0.964534 0.840868 0.964534 0.840868 0.980878 0.836594 0.980878
1 0.892811 0.938834 0.908682 0.938834 0.908682 0.942921 0.892811 0.942921
1 0.892156 0.968889 0.909292 0.968889 0.909292 0.973302 0.892156 0.973302
1 0.937937 0.917129 0.942337 0.917129 0.942337 0.933779 0.937937 0.933779
1 0.938556 0.976793 0.954140 0.976793 0.954140 0.980883 0.938556 0.980883
1 0.772335 0.855583 0.802163 0.855583 0.802163 0.918950 0.772335 0.918950
1 0.878327 0.961179 0.881963 0.961179 0.881963 0.977691 0.878327 0.977691
1 0.807471 0.964139 0.811841 0.964139 0.811841 0.980282 0.807471 0.980282
1 0.890142 0.894547 0.894164 0.894547 0.894164 0.911087 0.890142 0.911087
1 0.967332 0.917465 0.971940 0.917465 0.971940 0.934178 0.967332 0.934178
1 0.822440 0.768373 0.831346 0.768373 0.831346 0.771910 0.822440 0.771910
1 0.820214 0.819672 0.835785 0.819672 0.835785 0.824228 0.820214 0.824228
1 0.938494 0.946245 0.954833 0.946245 0.954833 0.950726 0.938494 0.950726
1 0.870653 0.922405 0.880267 0.922405 0.880267 0.926051 0.870653 0.926051
1 0.860176 0.894500 0.864107 0.894500 0.864107 0.910662 0.860176 0.910662
1 0.819394 0.849759 0.836176 0.849759 0.836176 0.853799 0.819394 0.853799
1 0.822568 0.787656 0.831022 0.787656 0.831022 0.791470 0.822568 0.791470
1 0.870620 0.942371 0.880199 0.942371 0.880199 0.945571 0.870620 0.945571
1 0.921319 0.916217 0.924248 0.916217 0.924248 0.924838 0.921319 0.924838
1 0.901791 0.916061 0.905097 0.916061 0.905097 0.925019 0.901791 0.925019
1 0.915429 0.932130 0.931540 0.932130 0.931540 0.936428 0.915429 0.936428
1 0.864099 0.868174 0.867616 0.868174 0.867616 0.876819 0.864099 0.876819
1 0.883591 0.868245 0.886916 0.868245 0.886916 0.876958 0.883591 0.876958
1 0.040024 0.705191 0.070544 0.705191 0.070544 0.798930 0.040024 0.798930
1 0.701794 0.720953 0.795018 0.720953 0.795018 0.754034 0.701794 0.754034
