0 0.440064 0.260962 0.466113 0.260962 0.466113 0.275153 0.440064 0.275153
0 0.290417 0.121330 0.311295 0.121330 0.311295 0.154792 0.290417 0.154792
0 0.056133 0.189892 0.070173 0.189892 0.070173 0.217253 0.056133 0.217253
0 0.079928 0.190510 0.094598 0.190510 0.094598 0.216114 0.079928 0.216114
0 0.208023 0.122087 0.229075 0.122087 0.229075 0.155782 0.208023 0.155782
0 0.392094 0.061353 0.417846 0.061353 0.417846 0.074612 0.392094 0.074612
0 0.287420 0.059451 0.300424 0.059451 0.300424 0.084965 0.287420 0.084965
0 0.433978 0.237445 0.459980 0.237445 0.459980 0.251815 0.433978 0.251815
0 0.406931 0.087226 0.420041 0.087226 0.420041 0.112985 0.406931 0.112985
0 0.440416 0.288808 0.466065 0.288808 0.466065 0.301775 0.440416 0.301775
0 0.074227 0.139374 0.087303 0.139374 0.087303 0.164917 0.074227 0.164917
0 0.338882 0.137806 0.364647 0.137806 0.364647 0.151177 0.338882 0.151177
0 0.358445 0.060076 0.372715 0.060076 0.372715 0.086195 0.358445 0.086195
0 0.185456 0.175994 0.199596 0.175994 0.199596 0.201680 0.185456 0.201680
0 0.417302 0.152554 0.443377 0.152554 0.443377 0.166607 0.417302 0.166607
0 0.420955 0.496979 0.428994 0.496979 0.428994 0.513040 0.420955 0.513040
0 0.028226 0.138884 0.041150 0.138884 0.041150 0.164294 0.028226 0.164294
0 0.417501 0.189833 0.443086 0.189833 0.443086 0.202835 0.417501 0.202835
0 0.420883 0.386273 0.429049 0.386273 0.429049 0.402365 0.420883 0.402365
0 0.482451 0.241775 0.491376 0.241775 0.491376 0.258965 0.482451 0.258965
0 0.509799 0.242083 0.519563 0.242083 0.519563 0.259164 0.509799 0.259164
0 0.423148 0.421717 0.431256 0.421717 0.431256 0.437810 0.423148 0.437810
0 0.377419 0.388401 0.385446 0.388401 0.385446 0.404467 0.377419 0.404467
0 0.072748 0.510277 0.094125 0.510277 0.094125 0.543673 0.072748 0.543673
0 0.018183 0.531291 0.042587 0.531291 0.042587 0.543909 0.018183 0.543909
0 0.363178 0.850488 0.396877 0.850488 0.396877 0.871154 0.363178 0.871154
0 0.389089 0.638040 0.401319 0.638040 0.401319 0.663246 0.389089 0.663246
0 0.161825 0.681091 0.178093 0.681091 0.178093 0.690195 0.161825 0.690195
0 0.009255 0.672830 0.018377 0.672830 0.018377 0.690173 0.009255 0.690173
0 0.150248 0.643298 0.163592 0.643298 0.163592 0.668660 0.150248 0.668660
0 0.375988 0.679241 0.392183 0.679241 0.392183 0.687594 0.375988 0.687594
0 0.455258 0.586524 0.472127 0.586524 0.472127 0.595942 0.455258 0.595942
0 0.123543 0.628918 0.131815 0.628918 0.131815 0.645056 0.123543 0.645056
0 0.022244 0.509330 0.038922 0.509330 0.038922 0.518160 0.022244 0.518160
0 0.374313 0.604965 0.391442 0.604965 0.391442 0.615242 0.374313 0.615242
0 0.517979 0.172737 0.543657 0.172737 0.543657 0.186008 0.517979 0.186008
0 0.507805 0.329102 0.522398 0.329102 0.522398 0.354539 0.507805 0.354539
0 0.754184 0.101023 0.779972 0.101023 0.779972 0.114222 0.754184 0.114222
0 0.780352 0.123459 0.808036 0.123459 0.808036 0.137884 0.780352 0.137884
0 0.480802 0.089050 0.501772 0.089050 0.501772 0.122574 0.480802 0.122574
0 0.902085 0.429111 0.916223 0.429111 0.916223 0.456466 0.902085 0.456466
0 0.886139 0.266505 0.917306 0.266505 0.917306 0.286102 0.886139 0.286102
0 0.700115 0.449397 0.715796 0.449397 0.715796 0.457587 0.700115 0.457587
0 0.531444 0.212622 0.545987 0.212622 0.545987 0.238254 0.531444 0.238254
0 0.561331 0.255317 0.587084 0.255317 0.587084 0.268678 0.561331 0.268678
0 0.585432 0.293685 0.601369 0.293685 0.601369 0.302074 0.585432 0.302074
0 0.550633 0.288991 0.567680 0.288991 0.567680 0.298546 0.550633 0.298546
0 0.480620 0.273690 0.489449 0.273690 0.489449 0.289687 0.480620 0.289687
0 0.705876 0.408935 0.713889 0.408935 0.713889 0.425048 0.705876 0.425048
0 0.544720 0.101665 0.553797 0.101665 0.553797 0.119061 0.544720 0.119061
0 0.558599 0.224991 0.566617 0.224991 0.566617 0.241118 0.558599 0.241118
0 0.527638 0.105362 0.536462 0.105362 0.536462 0.122274 0.527638 0.122274
0 0.619765 0.303680 0.628125 0.303680 0.628125 0.319612 0.619765 0.319612
0 0.717016 0.371058 0.725157 0.371058 0.725157 0.386981 0.717016 0.386981
0 0.651112 0.282751 0.659229 0.282751 0.659229 0.298824 0.651112 0.298824
0 0.827677 0.461967 0.845079 0.461967 0.845079 0.471314 0.827677 0.471314
0 0.842731 0.541347 0.856945 0.541347 0.856945 0.568812 0.842731 0.568812
0 0.676917 0.752984 0.697850 0.752984 0.697850 0.784187 0.676917 0.784187
0 0.645291 0.752738 0.666751 0.752738 0.666751 0.785019 0.645291 0.785019
0 0.915622 0.847398 0.947772 0.847398 0.947772 0.867880 0.915622 0.867880
0 0.693262 0.928187 0.721164 0.928187 0.721164 0.942975 0.693262 0.942975
0 0.643332 0.866949 0.676213 0.866949 0.676213 0.888299 0.643332 0.888299
0 0.568870 0.582961 0.584852 0.582961 0.584852 0.591296 0.568870 0.591296
0 0.490883 0.584260 0.507785 0.584260 0.507785 0.593590 0.490883 0.593590
0 0.756695 0.510832 0.765896 0.510832 0.765896 0.527250 0.756695 0.527250
0 0.557074 0.648847 0.565154 0.648847 0.565154 0.664753 0.557074 0.664753
0 0.697823 0.909086 0.715098 0.909086 0.715098 0.918297 0.697823 0.918297
0 0.600629 0.680685 0.608825 0.680685 0.608825 0.696622 0.600629 0.696622
0 0.685402 0.684308 0.693561 0.684308 0.693561 0.700226 0.685402 0.700226
1 0.206314 0.156077 0.231475 0.156077 0.231475 0.166810 0.206314 0.166810
1 0.206976 0.114090 0.230527 0.114090 0.230527 0.121626 0.206976 0.121626
1 0.078870 0.216338 0.095336 0.216338 0.095336 0.220090 0.078870 0.220090
1 0.026789 0.164575 0.042612 0.164575 0.042612 0.168415 0.026789 0.168415
1 0.073007 0.134773 0.088605 0.134773 0.088605 0.138935 0.073007 0.138935
1 0.026935 0.134585 0.042426 0.134585 0.042426 0.138476 0.026935 0.138476
1 0.073111 0.165020 0.088360 0.165020 0.088360 0.168709 0.073111 0.168709
1 0.055308 0.217416 0.071644 0.217416 0.071644 0.220593 0.055308 0.220593
1 0.055262 0.185342 0.071373 0.185342 0.071373 0.189367 0.055262 0.189367
1 0.184618 0.201623 0.200091 0.201623 0.200091 0.205546 0.184618 0.205546
1 0.184640 0.171203 0.200418 0.171203 0.200418 0.175320 0.184640 0.175320
1 0.079716 0.186013 0.095017 0.186013 0.095017 0.190279 0.079716 0.190279
1 0.071079 0.544031 0.095707 0.544031 0.095707 0.553291 0.071079 0.553291
1 0.071763 0.502262 0.095084 0.502262 0.095084 0.509888 0.071763 0.509888
1 0.042419 0.529436 0.047046 0.529436 0.047046 0.545717 0.042419 0.545717
1 0.013503 0.529451 0.017975 0.529451 0.017975 0.545542 0.013503 0.545542
1 0.149192 0.639109 0.164688 0.639109 0.164688 0.643023 0.149192 0.643023
1 0.008794 0.667686 0.018557 0.667686 0.018557 0.672632 0.008794 0.672632
1 0.158595 0.681400 0.161733 0.681400 0.161733 0.689945 0.158595 0.689945
1 0.019195 0.509400 0.022495 0.509400 0.022495 0.517926 0.019195 0.517926
1 0.148635 0.668957 0.165188 0.668957 0.165188 0.672845 0.148635 0.672845
1 0.038711 0.509079 0.042454 0.509079 0.042454 0.518465 0.038711 0.518465
1 0.123355 0.645126 0.131675 0.645126 0.131675 0.648262 0.123355 0.648262
1 0.178417 0.681597 0.182126 0.681597 0.182126 0.690245 0.178417 0.690245
1 0.008417 0.690591 0.018552 0.690591 0.018552 0.695260 0.008417 0.695260
1 0.123469 0.626099 0.131622 0.626099 0.131622 0.629128 0.123469 0.629128
1 0.288361 0.155175 0.312542 0.155175 0.312542 0.163044 0.288361 0.163044
1 0.479128 0.079843 0.505121 0.079843 0.505121 0.088627 0.479128 0.088627
1 0.288960 0.111884 0.312716 0.111884 0.312716 0.120920 0.288960 0.120920
1 0.387636 0.059656 0.391798 0.059656 0.391798 0.075530 0.387636 0.075530
1 0.479563 0.122975 0.503448 0.122975 0.503448 0.131163 0.479563 0.131163
1 0.418162 0.060029 0.422498 0.060029 0.422498 0.075546 0.418162 0.075546
1 0.412920 0.188074 0.417127 0.188074 0.417127 0.204309 0.412920 0.204309
1 0.430017 0.236547 0.433888 0.236547 0.433888 0.252676 0.430017 0.252676
1 0.286553 0.084993 0.301712 0.084993 0.301712 0.088780 0.286553 0.088780
1 0.357420 0.086117 0.373348 0.086117 0.373348 0.090690 0.357420 0.090690
1 0.406035 0.082988 0.421499 0.082988 0.421499 0.086917 0.406035 0.086917
1 0.357858 0.056093 0.373110 0.056093 0.373110 0.060164 0.357858 0.060164
1 0.443710 0.151202 0.447572 0.151202 0.447572 0.167454 0.443710 0.167454
1 0.364749 0.136099 0.368720 0.136099 0.368720 0.152259 0.364749 0.152259
1 0.460111 0.236433 0.463807 0.236433 0.463807 0.253392 0.460111 0.253392
1 0.413435 0.151282 0.417164 0.151282 0.417164 0.167140 0.413435 0.167140
1 0.443341 0.187889 0.447350 0.187889 0.447350 0.204260 0.443341 0.204260
1 0.286539 0.055043 0.302039 0.055043 0.302039 0.059148 0.286539 0.059148
1 0.482658 0.238141 0.491200 0.238141 0.491200 0.241699 0.482658 0.241699
1 0.334613 0.136048 0.338751 0.136048 0.338751 0.152478 0.334613 0.152478
1 0.405821 0.112966 0.421112 0.112966 0.421112 0.116877 0.405821 0.116877
1 0.482320 0.258605 0.491509 0.258605 0.491509 0.262175 0.482320 0.262175
1 0.436682 0.259931 0.439896 0.259931 0.439896 0.275846 0.436682 0.275846
1 0.466695 0.260082 0.470634 0.260082 0.470634 0.276256 0.466695 0.276256
1 0.422953 0.417678 0.431316 0.417678 0.431316 0.421759 0.422953 0.421759
1 0.435944 0.286922 0.440302 0.286922 0.440302 0.303059 0.435944 0.303059
1 0.377164 0.404859 0.385426 0.404859 0.385426 0.408050 0.377164 0.408050
1 0.420851 0.402375 0.428662 0.402375 0.428662 0.405519 0.420851 0.405519
1 0.480676 0.289939 0.489676 0.289939 0.489676 0.292782 0.480676 0.292782
1 0.466537 0.287233 0.470549 0.287233 0.470549 0.303407 0.466537 0.303407
1 0.421070 0.382824 0.428662 0.382824 0.428662 0.386179 0.421070 0.386179
1 0.377476 0.384545 0.385520 0.384545 0.385520 0.388350 0.377476 0.388350
1 0.422711 0.438585 0.431472 0.438585 0.431472 0.443180 0.422711 0.443180
1 0.480414 0.269817 0.489608 0.269817 0.489608 0.273296 0.480414 0.273296
1 0.386976 0.663439 0.402467 0.663439 0.402467 0.668127 0.386976 0.668127
1 0.387070 0.633924 0.402680 0.633924 0.402680 0.637931 0.387070 0.637931
1 0.371784 0.606029 0.374529 0.606029 0.374529 0.614323 0.371784 0.614323
1 0.472152 0.586430 0.475682 0.586430 0.475682 0.596199 0.472152 0.596199
1 0.451731 0.586884 0.455106 0.586884 0.455106 0.596271 0.451731 0.596271
1 0.372605 0.679398 0.376045 0.679398 0.376045 0.688002 0.372605 0.688002
1 0.421037 0.492768 0.429140 0.492768 0.429140 0.496942 0.421037 0.496942
1 0.487507 0.583629 0.490764 0.583629 0.490764 0.593541 0.487507 0.593541
1 0.392321 0.678307 0.395936 0.678307 0.395936 0.688004 0.392321 0.688004
1 0.420775 0.513088 0.429575 0.513088 0.429575 0.516883 0.420775 0.516883
1 0.391632 0.605593 0.395300 0.605593 0.395300 0.615988 0.391632 0.615988
1 0.355204 0.849045 0.363103 0.849045 0.363103 0.872694 0.355204 0.872694
1 0.397410 0.849238 0.406367 0.849238 0.406367 0.873272 0.397410 0.873272
1 0.530628 0.207944 0.546826 0.207944 0.546826 0.212265 0.530628 0.212265
1 0.544058 0.171242 0.548546 0.171242 0.548546 0.186841 0.544058 0.186841
1 0.530065 0.238363 0.546465 0.238363 0.546465 0.242123 0.530065 0.242123
1 0.509827 0.238857 0.519384 0.238857 0.519384 0.242102 0.509827 0.242102
1 0.527928 0.122394 0.536216 0.122394 0.536216 0.125261 0.527928 0.125261
1 0.527869 0.101912 0.536381 0.101912 0.536381 0.105253 0.527869 0.105253
1 0.558340 0.221926 0.566639 0.221926 0.566639 0.225061 0.558340 0.225061
1 0.512668 0.171632 0.517227 0.171632 0.517227 0.187509 0.512668 0.187509
1 0.558264 0.241113 0.566863 0.241113 0.566863 0.244890 0.558264 0.244890
1 0.545160 0.098634 0.553503 0.098634 0.553503 0.101638 0.545160 0.101638
1 0.509668 0.259078 0.519591 0.259078 0.519591 0.262147 0.509668 0.262147
1 0.544463 0.119302 0.553982 0.119302 0.553982 0.122217 0.544463 0.122217
1 0.507124 0.355305 0.523555 0.355305 0.523555 0.359179 0.507124 0.359179
1 0.507535 0.324713 0.523312 0.324713 0.523312 0.328835 0.507535 0.328835
1 0.601346 0.293570 0.604203 0.293570 0.604203 0.302206 0.601346 0.302206
1 0.556971 0.253839 0.561212 0.253839 0.561212 0.269470 0.556971 0.269470
1 0.715893 0.449260 0.718966 0.449260 0.718966 0.457798 0.715893 0.457798
1 0.619845 0.299587 0.628095 0.299587 0.628095 0.303456 0.619845 0.303456
1 0.582462 0.293433 0.585555 0.293433 0.585555 0.301867 0.582462 0.301867
1 0.705960 0.405247 0.713892 0.405247 0.713892 0.408913 0.705960 0.408913
1 0.650928 0.278714 0.659174 0.278714 0.659174 0.282582 0.650928 0.282582
1 0.651289 0.298763 0.659105 0.298763 0.659105 0.302194 0.651289 0.302194
1 0.567787 0.289083 0.570439 0.289083 0.570439 0.298680 0.567787 0.298680
1 0.587199 0.254149 0.590997 0.254149 0.590997 0.269585 0.587199 0.269585
1 0.705390 0.424962 0.713984 0.424962 0.713984 0.428029 0.705390 0.428029
1 0.717159 0.387140 0.725582 0.387140 0.725582 0.390666 0.717159 0.390666
1 0.547612 0.289424 0.550811 0.289424 0.550811 0.298427 0.547612 0.298427
1 0.717098 0.367638 0.725287 0.367638 0.725287 0.370921 0.717098 0.370921
1 0.697588 0.449262 0.700634 0.449262 0.700634 0.457528 0.697588 0.457528
1 0.619411 0.319586 0.628196 0.319586 0.628196 0.322993 0.619411 0.322993
1 0.600810 0.677096 0.608742 0.677096 0.608742 0.680467 0.600810 0.680467
1 0.685318 0.680195 0.693738 0.680195 0.693738 0.684321 0.685318 0.684321
1 0.600451 0.696683 0.608842 0.696683 0.608842 0.700521 0.600451 0.700521
1 0.507813 0.584108 0.511467 0.584108 0.511467 0.594194 0.507813 0.594194
1 0.585196 0.582718 0.588746 0.582718 0.588746 0.591438 0.585196 0.591438
1 0.557494 0.645285 0.565338 0.645285 0.565338 0.648811 0.557494 0.648811
1 0.685177 0.700344 0.693984 0.700344 0.693984 0.703904 0.685177 0.703904
1 0.556964 0.664781 0.565320 0.664781 0.565320 0.668773 0.556964 0.668773
1 0.565926 0.582648 0.569022 0.582648 0.569022 0.591611 0.565926 0.591611
1 0.633899 0.865100 0.643217 0.865100 0.643217 0.889084 0.633899 0.889084
1 0.644108 0.785112 0.669147 0.785112 0.669147 0.794220 0.644108 0.794220
1 0.643353 0.741793 0.669847 0.741793 0.669847 0.752491 0.643353 0.752491
1 0.676367 0.865316 0.685596 0.865316 0.685596 0.890196 0.676367 0.890196
1 0.674929 0.784708 0.699798 0.784708 0.699798 0.794464 0.674929 0.794464
1 0.674788 0.742001 0.701403 0.742001 0.701403 0.752601 0.674788 0.752601
1 0.715209 0.909652 0.717890 0.909652 0.717890 0.918207 0.715209 0.918207
1 0.690145 0.927127 0.693132 0.927127 0.693132 0.943410 0.690145 0.943410
1 0.721413 0.927446 0.725502 0.927446 0.725502 0.943183 0.721413 0.943183
1 0.694846 0.909824 0.697759 0.909824 0.697759 0.918379 0.694846 0.918379
1 0.780029 0.099114 0.784103 0.099114 0.784103 0.115445 0.780029 0.115445
1 0.750207 0.098790 0.753937 0.098790 0.753937 0.115368 0.750207 0.115368
1 0.807923 0.122733 0.811291 0.122733 0.811291 0.138580 0.807923 0.138580
1 0.776733 0.122562 0.780453 0.122562 0.780453 0.138331 0.776733 0.138331
1 0.885155 0.251283 0.898175 0.251283 0.898175 0.266392 0.885155 0.266392
1 0.897183 0.286148 0.907559 0.286148 0.907559 0.298943 0.897183 0.298943
1 0.908685 0.252484 0.918548 0.252484 0.918548 0.266580 0.908685 0.266580
1 0.901490 0.425281 0.917304 0.425281 0.917304 0.428876 0.901490 0.428876
1 0.900922 0.456683 0.917901 0.456683 0.917901 0.461042 0.900922 0.461042
1 0.844856 0.462334 0.848633 0.462334 0.848633 0.471745 0.844856 0.471745
1 0.824888 0.462484 0.827729 0.462484 0.827729 0.471220 0.824888 0.471220
1 0.841388 0.568852 0.857959 0.568852 0.857959 0.572379 0.841388 0.572379
1 0.841652 0.537108 0.857818 0.537108 0.857818 0.541116 0.841652 0.541116
1 0.757046 0.506455 0.766108 0.506455 0.766108 0.511006 0.757046 0.511006
1 0.756327 0.527875 0.766553 0.527875 0.766553 0.532978 0.756327 0.532978
1 0.948781 0.843942 0.958659 0.843942 0.958659 0.868825 0.948781 0.868825
1 0.905911 0.843748 0.915280 0.843748 0.915280 0.869847 0.905911 0.869847
