0 0.018466 0.208848 0.043181 0.208848 0.043181 0.221342 0.018466 0.221342
0 0.017813 0.380394 0.042583 0.380394 0.042583 0.393401 0.017813 0.393401
0 0.176198 0.243794 0.188543 0.243794 0.188543 0.268341 0.176198 0.268341
0 0.289210 0.040342 0.314096 0.040342 0.314096 0.053377 0.289210 0.053377
0 0.176698 0.202662 0.189168 0.202662 0.189168 0.226951 0.176698 0.226951
0 0.141315 0.200544 0.154486 0.200544 0.154486 0.225701 0.141315 0.225701
0 0.289509 0.385511 0.314365 0.385511 0.314365 0.398410 0.289509 0.398410
0 0.350821 0.316122 0.375277 0.316122 0.375277 0.328728 0.350821 0.328728
0 0.288190 0.347181 0.312873 0.347181 0.312873 0.359804 0.288190 0.359804
0 0.288338 0.416447 0.313133 0.416447 0.313133 0.429470 0.288338 0.429470
0 0.019257 0.028905 0.044062 0.028905 0.044062 0.041912 0.019257 0.041912
0 0.019241 0.122827 0.044032 0.122827 0.044032 0.135716 0.019241 0.135716
0 0.176095 0.133858 0.188686 0.133858 0.188686 0.158198 0.176095 0.158198
0 0.142446 0.289343 0.155130 0.289343 0.155130 0.313846 0.142446 0.313846
0 0.018817 0.164539 0.043453 0.164539 0.043453 0.177444 0.018817 0.177444
0 0.288765 0.083054 0.313406 0.083054 0.313406 0.095426 0.288765 0.095426
0 0.142396 0.372580 0.166890 0.372580 0.166890 0.385290 0.142396 0.385290
0 0.287542 0.152726 0.300184 0.152726 0.300184 0.177129 0.287542 0.177129
0 0.287974 0.452913 0.312963 0.452913 0.312963 0.466267 0.287974 0.466267
0 0.018278 0.293538 0.043161 0.293538 0.043161 0.306166 0.018278 0.306166
0 0.018671 0.251176 0.043350 0.251176 0.043350 0.263621 0.018671 0.263621
0 0.176648 0.330829 0.188705 0.330829 0.188705 0.355161 0.176648 0.355161
0 0.146672 0.074805 0.159301 0.074805 0.159301 0.099122 0.146672 0.099122
0 0.146413 0.033974 0.159064 0.033974 0.159064 0.058341 0.146413 0.058341
0 0.287730 0.193681 0.300263 0.193681 0.300263 0.217902 0.287730 0.217902
0 0.017190 0.422940 0.042015 0.422940 0.042015 0.435812 0.017190 0.435812
0 0.287474 0.275343 0.299646 0.275343 0.299646 0.299671 0.287474 0.299671
0 0.177410 0.083544 0.190186 0.083544 0.190186 0.108167 0.177410 0.108167
0 0.287163 0.234274 0.299715 0.234274 0.299715 0.258554 0.287163 0.258554
0 0.144734 0.116338 0.157275 0.116338 0.157275 0.140625 0.144734 0.140625
0 0.176055 0.290235 0.188613 0.290235 0.188613 0.314589 0.176055 0.314589
0 0.288648 0.124460 0.313517 0.124460 0.313517 0.137296 0.288648 0.137296
0 0.017805 0.337489 0.042355 0.337489 0.042355 0.350225 0.017805 0.350225
0 0.018840 0.079853 0.043717 0.079853 0.043717 0.093198 0.018840 0.093198
0 0.141931 0.330416 0.154151 0.330416 0.154151 0.355051 0.141931 0.355051
0 0.320018 0.234863 0.334776 0.234863 0.334776 0.262136 0.320018 0.262136
0 0.141413 0.244770 0.154507 0.244770 0.154507 0.270022 0.141413 0.270022
0 0.161979 0.173872 0.186934 0.173872 0.186934 0.186557 0.161979 0.186557
0 0.174808 0.406021 0.187704 0.406021 0.187704 0.430334 0.174808 0.430334
0 0.141797 0.405696 0.154443 0.405696 0.154443 0.430081 0.141797 0.430081
0 0.177309 0.032146 0.190041 0.032146 0.190041 0.056748 0.177309 0.056748
0 0.360978 0.419779 0.379840 0.419779 0.379840 0.466079 0.360978 0.466079
0 0.022143 0.549541 0.046446 0.549541 0.046446 0.561976 0.022143 0.561976
0 0.179764 0.678671 0.192574 0.678671 0.192574 0.703001 0.179764 0.703001
0 0.180061 0.760770 0.192274 0.760770 0.192274 0.784974 0.180061 0.784974
0 0.151797 0.813051 0.163991 0.813051 0.163991 0.837458 0.151797 0.837458
0 0.021685 0.762543 0.046237 0.762543 0.046237 0.775353 0.021685 0.775353
0 0.022489 0.509129 0.047269 0.509129 0.047269 0.521558 0.022489 0.521558
0 0.297618 0.900687 0.322586 0.900687 0.322586 0.913718 0.297618 0.913718
0 0.179955 0.542598 0.192182 0.542598 0.192182 0.566808 0.179955 0.566808
0 0.021405 0.679154 0.046247 0.679154 0.046247 0.692079 0.021405 0.692079
0 0.021501 0.721425 0.045861 0.721425 0.045861 0.734226 0.021501 0.734226
0 0.147563 0.501270 0.159764 0.501270 0.159764 0.525593 0.147563 0.525593
0 0.147083 0.542605 0.159194 0.542605 0.159194 0.566628 0.147083 0.566628
0 0.179028 0.592823 0.192120 0.592823 0.192120 0.617225 0.179028 0.617225
0 0.148096 0.587228 0.160810 0.587228 0.160810 0.611629 0.148096 0.611629
0 0.146681 0.632673 0.159018 0.632673 0.159018 0.657102 0.146681 0.657102
0 0.021967 0.592650 0.046830 0.592650 0.046830 0.605131 0.021967 0.605131
0 0.180337 0.720089 0.193066 0.720089 0.193066 0.744523 0.180337 0.744523
0 0.021051 0.805707 0.046009 0.805707 0.046009 0.818632 0.021051 0.818632
0 0.290515 0.551014 0.315474 0.551014 0.315474 0.563708 0.290515 0.563708
0 0.291439 0.802053 0.316299 0.802053 0.316299 0.814516 0.291439 0.814516
0 0.179043 0.801741 0.191333 0.801741 0.191333 0.826334 0.179043 0.826334
0 0.178752 0.842173 0.191487 0.842173 0.191487 0.866709 0.178752 0.866709
0 0.291102 0.678625 0.316225 0.678625 0.316225 0.691603 0.291102 0.691603
0 0.289754 0.945463 0.314532 0.945463 0.314532 0.958019 0.289754 0.958019
0 0.022166 0.636713 0.046773 0.636713 0.046773 0.649445 0.022166 0.649445
0 0.152910 0.771628 0.165244 0.771628 0.165244 0.796063 0.152910 0.796063
0 0.171378 0.971915 0.196332 0.971915 0.196332 0.984362 0.171378 0.984362
0 0.291306 0.721063 0.315891 0.721063 0.315891 0.733593 0.291306 0.733593
0 0.291456 0.637363 0.316266 0.637363 0.316266 0.649886 0.291456 0.649886
0 0.385269 0.785083 0.411254 0.785083 0.411254 0.799141 0.385269 0.799141
0 0.290388 0.849126 0.315285 0.849126 0.315285 0.861639 0.290388 0.861639
0 0.178564 0.883673 0.191022 0.883673 0.191022 0.907921 0.178564 0.907921
0 0.180325 0.635469 0.192726 0.635469 0.192726 0.659766 0.180325 0.659766
0 0.152878 0.720401 0.164979 0.720401 0.164979 0.744671 0.152878 0.744671
0 0.290948 0.763383 0.315735 0.763383 0.315735 0.775903 0.290948 0.775903
0 0.152802 0.679563 0.165040 0.679563 0.165040 0.704154 0.152802 0.704154
0 0.360808 0.484293 0.379348 0.484293 0.379348 0.530864 0.360808 0.530864
0 0.800716 0.372744 0.824960 0.372744 0.824960 0.385286 0.800716 0.385286
0 0.651202 0.277022 0.671622 0.277022 0.671622 0.310025 0.651202 0.310025
0 0.690193 0.298697 0.723729 0.298697 0.723729 0.318917 0.690193 0.318917
0 0.618659 0.276133 0.639421 0.276133 0.639421 0.309144 0.618659 0.309144
0 0.689796 0.334063 0.724006 0.334063 0.724006 0.354043 0.689796 0.354043
0 0.855258 0.351434 0.876561 0.351434 0.876561 0.385191 0.855258 0.385191
0 0.648723 0.334149 0.669669 0.334149 0.669669 0.367452 0.648723 0.367452
0 0.691200 0.228226 0.725041 0.228226 0.725041 0.249792 0.691200 0.249792
0 0.690903 0.264257 0.724811 0.264257 0.724811 0.285166 0.690903 0.285166
0 0.584598 0.275477 0.605377 0.275477 0.605377 0.308439 0.584598 0.308439
0 0.968052 0.017299 0.982165 0.017299 0.982165 0.043113 0.968052 0.043113
0 0.758603 0.132168 0.773502 0.132168 0.773502 0.159484 0.758603 0.159484
0 0.637706 0.217204 0.658932 0.217204 0.658932 0.250573 0.637706 0.250573
0 0.838651 0.031351 0.852899 0.031351 0.852899 0.058685 0.838651 0.058685
0 0.553134 0.278214 0.573131 0.278214 0.573131 0.307339 0.553134 0.307339
0 0.862476 0.031676 0.877098 0.031676 0.877098 0.057608 0.862476 0.057608
0 0.804758 0.350700 0.821538 0.350700 0.821538 0.359539 0.804758 0.359539
0 0.678806 0.563338 0.700679 0.563338 0.700679 0.596675 0.678806 0.596675
0 0.712012 0.505138 0.732723 0.505138 0.732723 0.538289 0.712012 0.538289
0 0.647331 0.505447 0.668252 0.505447 0.668252 0.538338 0.647331 0.538338
0 0.709858 0.563643 0.730816 0.563643 0.730816 0.596966 0.709858 0.596966
0 0.646441 0.562323 0.668080 0.562323 0.668080 0.595402 0.646441 0.595402
0 0.555255 0.523507 0.576626 0.523507 0.576626 0.557014 0.555255 0.557014
0 0.932775 0.484733 0.946027 0.484733 0.946027 0.510091 0.932775 0.510091
0 0.791692 0.514096 0.800955 0.514096 0.800955 0.531599 0.791692 0.531599
0 0.615784 0.505089 0.636873 0.505089 0.636873 0.538288 0.615784 0.538288
0 0.585129 0.504165 0.606361 0.504165 0.606361 0.537471 0.585129 0.537471
0 0.616067 0.562091 0.637114 0.562091 0.637114 0.595363 0.616067 0.595363
0 0.680580 0.504753 0.702040 0.504753 0.702040 0.537965 0.680580 0.537965
0 0.944350 0.522444 0.960633 0.522444 0.960633 0.531633 0.944350 0.531633
0 0.523761 0.527303 0.543307 0.527303 0.543307 0.556110 0.523761 0.556110
0 0.747420 0.513931 0.756052 0.513931 0.756052 0.529862 0.747420 0.529862
1 0.142878 0.110904 0.158560 0.110904 0.158560 0.115970 0.142878 0.115970
1 0.144983 0.058612 0.160586 0.058612 0.160586 0.062687 0.144983 0.062687
1 0.142931 0.140795 0.158734 0.140795 0.158734 0.144871 0.142931 0.144871
1 0.175544 0.056981 0.191232 0.056981 0.191232 0.061499 0.175544 0.061499
1 0.175511 0.078825 0.191164 0.078825 0.191164 0.083285 0.175511 0.083285
1 0.144616 0.099332 0.160168 0.099332 0.160168 0.103506 0.144616 0.103506
1 0.140955 0.196121 0.155675 0.196121 0.155675 0.200527 0.140955 0.200527
1 0.174463 0.158477 0.189843 0.158477 0.189843 0.162815 0.174463 0.162815
1 0.144915 0.070047 0.160756 0.070047 0.160756 0.074636 0.144915 0.074636
1 0.140511 0.240398 0.156059 0.240398 0.156059 0.244894 0.140511 0.244894
1 0.145176 0.029278 0.160282 0.029278 0.160282 0.033838 0.145176 0.033838
1 0.176001 0.027728 0.191135 0.027728 0.191135 0.031976 0.176001 0.031976
1 0.140390 0.225768 0.156103 0.225768 0.156103 0.229944 0.140390 0.229944
1 0.174616 0.239075 0.189994 0.239075 0.189994 0.243669 0.174616 0.243669
1 0.043523 0.206278 0.047260 0.206278 0.047260 0.222168 0.043523 0.222168
1 0.174787 0.129280 0.189806 0.129280 0.189806 0.133701 0.174787 0.133701
1 0.175085 0.198203 0.189840 0.198203 0.189840 0.202530 0.175085 0.202530
1 0.044255 0.028123 0.047981 0.028123 0.047981 0.043457 0.044255 0.043457
1 0.187041 0.172342 0.191741 0.172342 0.191741 0.187629 0.187041 0.187629
1 0.043911 0.078249 0.047814 0.078249 0.047814 0.093690 0.043911 0.093690
1 0.156840 0.172470 0.162227 0.172470 0.162227 0.187831 0.156840 0.187831
1 0.043752 0.163598 0.048062 0.163598 0.048062 0.179236 0.043752 0.179236
1 0.015022 0.027787 0.019069 0.027787 0.019069 0.043235 0.015022 0.043235
1 0.175190 0.108194 0.190998 0.108194 0.190998 0.112754 0.175190 0.112754
1 0.044239 0.121138 0.047685 0.121138 0.047685 0.136678 0.044239 0.136678
1 0.174551 0.227198 0.190534 0.227198 0.190534 0.231801 0.174551 0.231801
1 0.013877 0.206375 0.018228 0.206375 0.018228 0.222084 0.013877 0.222084
1 0.014664 0.120848 0.018809 0.120848 0.018809 0.136440 0.014664 0.136440
1 0.013846 0.163318 0.018652 0.163318 0.018652 0.178856 0.013846 0.178856
1 0.014413 0.078150 0.018637 0.078150 0.018637 0.093662 0.014413 0.093662
1 0.173813 0.400840 0.189419 0.400840 0.189419 0.405720 0.173813 0.405720
1 0.174766 0.285493 0.189793 0.285493 0.189793 0.290234 0.174766 0.290234
1 0.140133 0.314067 0.155719 0.314067 0.155719 0.318227 0.140133 0.318227
1 0.174237 0.325868 0.189972 0.325868 0.189972 0.330692 0.174237 0.330692
1 0.173607 0.355536 0.189757 0.355536 0.189757 0.359881 0.173607 0.359881
1 0.145198 0.496343 0.160492 0.496343 0.160492 0.500961 0.145198 0.500961
1 0.013001 0.378569 0.017433 0.378569 0.017433 0.394318 0.013001 0.394318
1 0.167001 0.371319 0.172032 0.371319 0.172032 0.386237 0.167001 0.386237
1 0.012758 0.421348 0.017032 0.421348 0.017032 0.436791 0.012758 0.436791
1 0.140515 0.270151 0.156196 0.270151 0.156196 0.274265 0.140515 0.274265
1 0.174128 0.314684 0.189736 0.314684 0.189736 0.318460 0.174128 0.318460
1 0.172999 0.430479 0.189085 0.430479 0.189085 0.434727 0.172999 0.434727
1 0.140134 0.355303 0.155848 0.355303 0.155848 0.359556 0.140134 0.359556
1 0.043405 0.291750 0.046800 0.291750 0.046800 0.307186 0.043405 0.307186
1 0.136876 0.370897 0.142426 0.370897 0.142426 0.386214 0.136876 0.386214
1 0.042364 0.421111 0.046026 0.421111 0.046026 0.436745 0.042364 0.436745
1 0.139711 0.400799 0.155283 0.400799 0.155283 0.405759 0.139711 0.405759
1 0.140760 0.285255 0.155898 0.285255 0.155898 0.289397 0.140760 0.289397
1 0.140194 0.325670 0.155681 0.325670 0.155681 0.330387 0.140194 0.330387
1 0.042866 0.378577 0.046657 0.378577 0.046657 0.394308 0.042866 0.394308
1 0.043736 0.248980 0.046867 0.248980 0.046867 0.264548 0.043736 0.264548
1 0.139989 0.430301 0.155693 0.430301 0.155693 0.434394 0.139989 0.434394
1 0.013713 0.291432 0.017903 0.291432 0.017903 0.307272 0.013713 0.307272
1 0.042847 0.335996 0.046602 0.335996 0.046602 0.351906 0.042847 0.351906
1 0.013316 0.335833 0.017351 0.335833 0.017351 0.351400 0.013316 0.351400
1 0.173995 0.268479 0.189693 0.268479 0.189693 0.272781 0.173995 0.272781
1 0.013968 0.248913 0.018421 0.248913 0.018421 0.264611 0.013968 0.264611
1 0.178607 0.630709 0.193682 0.630709 0.193682 0.635172 0.178607 0.635172
1 0.178270 0.567134 0.193774 0.567134 0.193774 0.571282 0.178270 0.571282
1 0.178695 0.537562 0.194454 0.537562 0.194454 0.542255 0.178695 0.542255
1 0.144806 0.525705 0.160553 0.525705 0.160553 0.529805 0.144806 0.529805
1 0.144797 0.566832 0.160745 0.566832 0.160745 0.571033 0.144797 0.571033
1 0.150836 0.715754 0.166196 0.715754 0.166196 0.720090 0.150836 0.720090
1 0.146439 0.582671 0.161670 0.582671 0.161670 0.587148 0.146439 0.587148
1 0.178144 0.617601 0.193864 0.617601 0.193864 0.621967 0.178144 0.621967
1 0.178089 0.659878 0.193729 0.659878 0.193729 0.663869 0.178089 0.663869
1 0.150708 0.674724 0.166248 0.674724 0.166248 0.679396 0.150708 0.679396
1 0.178295 0.715281 0.193764 0.715281 0.193764 0.719912 0.178295 0.719912
1 0.145874 0.611775 0.161569 0.611775 0.161569 0.616059 0.145874 0.616059
1 0.017923 0.547190 0.021828 0.547190 0.021828 0.562952 0.017923 0.562952
1 0.016976 0.719559 0.021160 0.719559 0.021160 0.735260 0.016976 0.735260
1 0.144654 0.537460 0.160295 0.537460 0.160295 0.542361 0.144654 0.542361
1 0.018297 0.506238 0.022236 0.506238 0.022236 0.522039 0.018297 0.522039
1 0.178259 0.588626 0.194047 0.588626 0.194047 0.592811 0.178259 0.592811
1 0.178059 0.744791 0.193830 0.744791 0.193830 0.749016 0.178059 0.749016
1 0.017578 0.634292 0.021891 0.634292 0.021891 0.649959 0.017578 0.649959
1 0.017767 0.589835 0.021606 0.589835 0.021606 0.605987 0.017767 0.605987
1 0.150888 0.704379 0.166576 0.704379 0.166576 0.708266 0.150888 0.708266
1 0.016998 0.677056 0.021104 0.677056 0.021104 0.692649 0.016998 0.692649
1 0.144652 0.627913 0.159757 0.627913 0.159757 0.632575 0.144652 0.632575
1 0.143889 0.657314 0.159630 0.657314 0.159630 0.661646 0.143889 0.661646
1 0.046253 0.719718 0.049932 0.719718 0.049932 0.735157 0.046253 0.735157
1 0.177383 0.703324 0.193698 0.703324 0.193698 0.707480 0.177383 0.707480
1 0.178066 0.673778 0.193571 0.673778 0.193571 0.678441 0.178066 0.678441
1 0.046423 0.677273 0.050144 0.677273 0.050144 0.692850 0.046423 0.692850
1 0.046707 0.547503 0.050794 0.547503 0.050794 0.563033 0.046707 0.563033
1 0.047511 0.506445 0.051316 0.506445 0.051316 0.521906 0.047511 0.521906
1 0.046835 0.590272 0.050676 0.590272 0.050676 0.605836 0.046835 0.605836
1 0.047258 0.634621 0.050547 0.634621 0.050547 0.649918 0.047258 0.649918
1 0.176639 0.838049 0.192402 0.838049 0.192402 0.842051 0.176639 0.842051
1 0.151084 0.766647 0.166532 0.766647 0.166532 0.771317 0.151084 0.771317
1 0.196455 0.970020 0.201404 0.970020 0.201404 0.985568 0.196455 0.985568
1 0.150931 0.796237 0.167352 0.796237 0.167352 0.800338 0.150931 0.800338
1 0.150326 0.744867 0.166054 0.744867 0.166054 0.749546 0.150326 0.749546
1 0.149917 0.808564 0.166072 0.808564 0.166072 0.812908 0.149917 0.812908
1 0.176564 0.797132 0.192930 0.797132 0.192930 0.801748 0.176564 0.801748
1 0.017044 0.760511 0.021243 0.760511 0.021243 0.776087 0.017044 0.776087
1 0.016550 0.803204 0.020697 0.803204 0.020697 0.818878 0.016550 0.818878
1 0.166762 0.969707 0.171238 0.969707 0.171238 0.985422 0.166762 0.985422
1 0.177578 0.755902 0.193290 0.755902 0.193290 0.760651 0.177578 0.760651
1 0.176813 0.878796 0.192577 0.878796 0.192577 0.883594 0.176813 0.883594
1 0.176825 0.826624 0.192734 0.826624 0.192734 0.830485 0.176825 0.830485
1 0.176183 0.908419 0.192482 0.908419 0.192482 0.912585 0.176183 0.912585
1 0.176380 0.785174 0.193089 0.785174 0.193089 0.789377 0.176380 0.789377
1 0.149706 0.837762 0.165307 0.837762 0.165307 0.842317 0.149706 0.842317
1 0.046384 0.760757 0.049689 0.760757 0.049689 0.776044 0.046384 0.776044
1 0.046007 0.803415 0.049531 0.803415 0.049531 0.818955 0.046007 0.818955
1 0.176841 0.867038 0.192623 0.867038 0.192623 0.871163 0.176841 0.871163
1 0.285758 0.229284 0.301088 0.229284 0.301088 0.234062 0.285758 0.234062
1 0.285812 0.188243 0.301513 0.188243 0.301513 0.193355 0.285812 0.193355
1 0.286090 0.147595 0.301564 0.147595 0.301564 0.152356 0.286090 0.152356
1 0.283914 0.038685 0.288952 0.038685 0.288952 0.054639 0.283914 0.054639
1 0.285577 0.218151 0.302254 0.218151 0.302254 0.222348 0.285577 0.222348
1 0.319771 0.230585 0.335240 0.230585 0.335240 0.234686 0.319771 0.234686
1 0.314159 0.038800 0.318198 0.038800 0.318198 0.054736 0.314159 0.054736
1 0.283620 0.122704 0.288672 0.122704 0.288672 0.138374 0.283620 0.138374
1 0.285820 0.177384 0.302784 0.177384 0.302784 0.181408 0.285820 0.181408
1 0.283629 0.081474 0.288596 0.081474 0.288596 0.096940 0.283629 0.096940
1 0.313646 0.081444 0.317264 0.081444 0.317264 0.097584 0.313646 0.097584
1 0.313776 0.122806 0.317668 0.122806 0.317668 0.138316 0.313776 0.138316
1 0.380629 0.435548 0.395806 0.435548 0.395806 0.450904 0.380629 0.450904
1 0.380150 0.487008 0.395882 0.487008 0.395882 0.499673 0.380150 0.499673
1 0.345079 0.452960 0.360133 0.452960 0.360133 0.465550 0.345079 0.465550
1 0.345179 0.420194 0.360324 0.420194 0.360324 0.432965 0.345179 0.432965
1 0.285609 0.270368 0.300985 0.270368 0.300985 0.275061 0.285609 0.275061
1 0.282566 0.345973 0.287719 0.345973 0.287719 0.361714 0.282566 0.361714
1 0.313449 0.414567 0.317340 0.414567 0.317340 0.430374 0.313449 0.430374
1 0.283816 0.383588 0.289231 0.383588 0.289231 0.399693 0.283816 0.399693
1 0.282990 0.451602 0.287834 0.451602 0.287834 0.467467 0.282990 0.467467
1 0.285514 0.300012 0.302545 0.300012 0.302545 0.304620 0.285514 0.304620
1 0.375870 0.314754 0.380154 0.314754 0.380154 0.329322 0.375870 0.329322
1 0.314685 0.383929 0.317408 0.383929 0.317408 0.399521 0.314685 0.399521
1 0.285691 0.258970 0.302002 0.258970 0.302002 0.263145 0.285691 0.263145
1 0.283493 0.414337 0.288248 0.414337 0.288248 0.430144 0.283493 0.430144
1 0.319439 0.262505 0.335273 0.262505 0.335273 0.266074 0.319439 0.266074
1 0.313462 0.346088 0.316149 0.346088 0.316149 0.361995 0.313462 0.361995
1 0.345632 0.313906 0.350442 0.313906 0.350442 0.329820 0.345632 0.329820
1 0.313068 0.451813 0.317282 0.451813 0.317282 0.467948 0.313068 0.467948
1 0.344609 0.501621 0.359735 0.501621 0.359735 0.516693 0.344609 0.516693
1 0.379802 0.519071 0.395737 0.519071 0.395737 0.532142 0.379802 0.532142
1 0.286567 0.719227 0.290795 0.719227 0.290795 0.734844 0.286567 0.734844
1 0.316059 0.719435 0.319559 0.719435 0.319559 0.735137 0.316059 0.735137
1 0.315657 0.549635 0.319729 0.549635 0.319729 0.565574 0.315657 0.565574
1 0.286576 0.549238 0.290280 0.549238 0.290280 0.565135 0.286576 0.565135
1 0.286238 0.676557 0.290842 0.676557 0.290842 0.692421 0.286238 0.692421
1 0.286227 0.635473 0.291120 0.635473 0.291120 0.651254 0.286227 0.651254
1 0.316216 0.677093 0.320206 0.677093 0.320206 0.692650 0.316216 0.692650
1 0.316379 0.636044 0.320332 0.636044 0.320332 0.651646 0.316379 0.651646
1 0.285988 0.761822 0.290769 0.761822 0.290769 0.777659 0.285988 0.777659
1 0.411570 0.783833 0.415195 0.783833 0.415195 0.799865 0.411570 0.799865
1 0.286344 0.800423 0.291158 0.800423 0.291158 0.816160 0.286344 0.816160
1 0.285696 0.847390 0.290246 0.847390 0.290246 0.863024 0.285696 0.863024
1 0.381375 0.783697 0.385102 0.783697 0.385102 0.799708 0.381375 0.799708
1 0.314825 0.943105 0.318254 0.943105 0.318254 0.959178 0.314825 0.959178
1 0.316065 0.761901 0.319400 0.761901 0.319400 0.777784 0.316065 0.777784
1 0.322683 0.898963 0.326978 0.898963 0.326978 0.914364 0.322683 0.914364
1 0.316196 0.800334 0.319283 0.800334 0.319283 0.816155 0.316196 0.816155
1 0.285230 0.942945 0.289497 0.942945 0.289497 0.958935 0.285230 0.958935
1 0.315491 0.847782 0.318983 0.847782 0.318983 0.862975 0.315491 0.862975
1 0.292978 0.899014 0.297445 0.899014 0.297445 0.914354 0.292978 0.914354
1 0.682607 0.226528 0.690870 0.226528 0.690870 0.250194 0.682607 0.250194
1 0.636424 0.207709 0.660682 0.207709 0.660682 0.216691 0.636424 0.216691
1 0.725545 0.227092 0.733527 0.227092 0.733527 0.250492 0.725545 0.250492
1 0.647469 0.367705 0.671809 0.367705 0.671809 0.376515 0.647469 0.376515
1 0.682508 0.262618 0.690776 0.262618 0.690776 0.286033 0.682508 0.286033
1 0.552277 0.266970 0.575361 0.266970 0.575361 0.277740 0.552277 0.277740
1 0.582930 0.308972 0.607013 0.308972 0.607013 0.318085 0.582930 0.318085
1 0.647979 0.325752 0.671459 0.325752 0.671459 0.333741 0.647979 0.333741
1 0.616999 0.309534 0.641020 0.309534 0.641020 0.318414 0.616999 0.318414
1 0.551489 0.307589 0.575347 0.307589 0.575347 0.318157 0.551489 0.318157
1 0.682082 0.297069 0.689726 0.297069 0.689726 0.320009 0.682082 0.320009
1 0.724238 0.332515 0.732880 0.332515 0.732880 0.356238 0.724238 0.356238
1 0.649570 0.310415 0.673261 0.310415 0.673261 0.318405 0.649570 0.318405
1 0.649934 0.267621 0.673171 0.267621 0.673171 0.276489 0.649934 0.276489
1 0.584630 0.495206 0.608119 0.495206 0.608119 0.503494 0.584630 0.503494
1 0.636471 0.250727 0.660064 0.250727 0.660064 0.258834 0.636471 0.258834
1 0.617247 0.267433 0.641241 0.267433 0.641241 0.275559 0.617247 0.275559
1 0.682037 0.332674 0.689646 0.332674 0.689646 0.355908 0.682037 0.355908
1 0.583503 0.267272 0.606935 0.267272 0.606935 0.275151 0.583503 0.275151
1 0.724041 0.296854 0.733077 0.296854 0.733077 0.320397 0.724041 0.320397
1 0.724992 0.262797 0.733430 0.262797 0.733430 0.286348 0.724992 0.286348
1 0.710861 0.496279 0.734425 0.496279 0.734425 0.504578 0.710861 0.504578
1 0.645857 0.495866 0.669666 0.495866 0.669666 0.504934 0.645857 0.504934
1 0.680045 0.495914 0.703835 0.495914 0.703835 0.503888 0.680045 0.503888
1 0.615108 0.495605 0.639022 0.495605 0.639022 0.504441 0.615108 0.504441
1 0.679714 0.538052 0.703433 0.538052 0.703433 0.546945 0.679714 0.546945
1 0.614580 0.595571 0.638409 0.595571 0.638409 0.604016 0.614580 0.604016
1 0.645162 0.595725 0.669110 0.595725 0.669110 0.604207 0.645162 0.604207
1 0.645690 0.538552 0.669442 0.538552 0.669442 0.547033 0.645690 0.547033
1 0.710408 0.538491 0.734218 0.538491 0.734218 0.547047 0.710408 0.547047
1 0.678208 0.554412 0.701641 0.554412 0.701641 0.562894 0.678208 0.562894
1 0.677591 0.596849 0.701608 0.596849 0.701608 0.605186 0.677591 0.605186
1 0.614867 0.538658 0.638548 0.538658 0.638548 0.546991 0.614867 0.546991
1 0.521745 0.556502 0.545621 0.556502 0.545621 0.566591 0.521745 0.566591
1 0.522039 0.515732 0.545786 0.515732 0.545786 0.526639 0.522039 0.526639
1 0.584306 0.537654 0.607901 0.537654 0.607901 0.546779 0.584306 0.546779
1 0.554436 0.515196 0.577911 0.515196 0.577911 0.523183 0.554436 0.523183
1 0.554074 0.557176 0.578425 0.557176 0.578425 0.566088 0.554074 0.566088
1 0.708753 0.554554 0.732377 0.554554 0.732377 0.563069 0.708753 0.563069
1 0.708462 0.597121 0.732302 0.597121 0.732302 0.605313 0.708462 0.605313
1 0.645887 0.553382 0.669127 0.553382 0.669127 0.561921 0.645887 0.561921
1 0.615047 0.552865 0.638471 0.552865 0.638471 0.561493 0.615047 0.561493
1 0.862304 0.027509 0.877614 0.027509 0.877614 0.031732 0.862304 0.031732
1 0.837975 0.027702 0.853474 0.027702 0.853474 0.031147 0.837975 0.031147
1 0.861144 0.058029 0.877999 0.058029 0.877999 0.062013 0.861144 0.062013
1 0.967169 0.012849 0.982844 0.012849 0.982844 0.016871 0.967169 0.016871
1 0.967177 0.043249 0.982684 0.043249 0.982684 0.047119 0.967177 0.047119
1 0.837882 0.058753 0.854036 0.058753 0.854036 0.062038 0.837882 0.062038
1 0.758078 0.159968 0.774243 0.159968 0.774243 0.163494 0.758078 0.163494
1 0.757986 0.128710 0.774178 0.128710 0.774178 0.131975 0.757986 0.131975
1 0.853823 0.385578 0.877967 0.385578 0.877967 0.394676 0.853823 0.394676
1 0.854251 0.343850 0.877725 0.343850 0.877725 0.351360 0.854251 0.351360
1 0.825046 0.371090 0.829538 0.371090 0.829538 0.386885 0.825046 0.386885
1 0.795920 0.371035 0.800342 0.371035 0.800342 0.386576 0.795920 0.386576
1 0.821348 0.350761 0.825004 0.350761 0.825004 0.359827 0.821348 0.359827
1 0.931493 0.480440 0.947272 0.480440 0.947272 0.484524 0.931493 0.484524
1 0.801718 0.350795 0.805124 0.350795 0.805124 0.359462 0.801718 0.359462
1 0.931284 0.510443 0.947654 0.510443 0.947654 0.514237 0.931284 0.514237
1 0.961036 0.523133 0.964476 0.523133 0.964476 0.531829 0.961036 0.531829
1 0.747163 0.510037 0.756119 0.510037 0.756119 0.513682 0.747163 0.513682
1 0.791521 0.509043 0.801294 0.509043 0.801294 0.514077 0.791521 0.514077
1 0.941097 0.522771 0.944380 0.522771 0.944380 0.531537 0.941097 0.531537
1 0.791037 0.532043 0.801194 0.532043 0.801194 0.536878 0.791037 0.536878
1 0.747084 0.530289 0.756185 0.530289 0.756185 0.533211 0.747084 0.533211
