0 0.657063 0.428572 0.824573 0.428572 0.824573 0.597237 0.657063 0.597237
0 0.244125 0.384461 0.345221 0.384461 0.345221 0.486375 0.244125 0.486375
0 0.421521 0.389911 0.523435 0.389911 0.523435 0.493460 0.421521 0.493460
0 0.153152 0.408628 0.169447 0.408628 0.169447 0.417810 0.153152 0.417810
0 0.139372 0.441767 0.155515 0.441767 0.155515 0.451168 0.139372 0.451168
0 0.139203 0.426188 0.155639 0.426188 0.155639 0.435032 0.139203 0.435032
0 0.243446 0.515450 0.343872 0.515450 0.343872 0.618722 0.243446 0.618722
0 0.153211 0.769664 0.186634 0.769664 0.186634 0.790485 0.153211 0.790485
0 0.165946 0.698357 0.186222 0.698357 0.186222 0.746611 0.165946 0.746611
0 0.293328 0.748428 0.345259 0.748428 0.345259 0.815798 0.293328 0.815798
0 0.433143 0.717213 0.484834 0.717213 0.484834 0.783904 0.433143 0.783904
0 0.423701 0.519075 0.524252 0.519075 0.524252 0.622079 0.423701 0.622079
0 0.160030 0.507511 0.169477 0.507511 0.169477 0.524120 0.160030 0.524120
0 0.730518 0.374495 0.746515 0.374495 0.746515 0.382597 0.730518 0.382597
0 0.564499 0.445243 0.581238 0.445243 0.581238 0.454542 0.564499 0.454542
0 0.597446 0.426361 0.606989 0.426361 0.606989 0.442660 0.597446 0.442660
0 0.775222 0.942429 0.800792 0.942429 0.800792 0.955787 0.775222 0.955787
0 0.838659 0.968840 0.852847 0.968840 0.852847 0.994523 0.838659 0.994523
0 0.789386 0.968985 0.803759 0.968985 0.803759 0.994772 0.789386 0.994772
0 0.856485 0.789802 0.882485 0.789802 0.882485 0.804167 0.856485 0.804167
0 0.881940 0.841828 0.895495 0.841828 0.895495 0.867387 0.881940 0.867387
0 0.797491 0.675893 0.823582 0.675893 0.823582 0.690293 0.797491 0.690293
0 0.760823 0.968251 0.774156 0.968251 0.774156 0.993917 0.760823 0.993917
0 0.867437 0.885429 0.882018 0.885429 0.882018 0.911103 0.867437 0.911103
0 0.954059 0.887697 0.968220 0.887697 0.968220 0.913404 0.954059 0.913404
0 0.841267 0.874402 0.854238 0.874402 0.854238 0.899983 0.841267 0.899983
0 0.953892 0.840424 0.967138 0.840424 0.967138 0.866069 0.953892 0.866069
0 0.985921 0.699577 0.993864 0.699577 0.993864 0.715612 0.985921 0.715612
0 0.915515 0.964309 0.929737 0.964309 0.929737 0.990470 0.915515 0.990470
0 0.985116 0.744315 0.993087 0.744315 0.993087 0.759827 0.985116 0.759827
0 0.516449 0.713521 0.553371 0.713521 0.553371 0.781135 0.516449 0.781135
0 0.823668 0.830607 0.836868 0.830607 0.836868 0.855991 0.823668 0.855991
0 0.910117 0.887880 0.923248 0.887880 0.923248 0.913424 0.910117 0.913424
0 0.801099 0.642380 0.816370 0.642380 0.816370 0.650297 0.801099 0.650297
0 0.734965 0.943075 0.748486 0.943075 0.748486 0.968832 0.734965 0.968832
0 0.817339 0.968566 0.830508 0.968566 0.830508 0.993972 0.817339 0.993972
0 0.865945 0.957751 0.880455 0.957751 0.880455 0.983633 0.865945 0.983633
0 0.785101 0.893423 0.798477 0.893423 0.798477 0.918995 0.785101 0.918995
0 0.815683 0.925575 0.828818 0.925575 0.828818 0.951035 0.815683 0.951035
0 0.816691 0.871408 0.829740 0.871408 0.829740 0.896858 0.816691 0.896858
0 0.900450 0.531844 0.908527 0.531844 0.908527 0.547791 0.900450 0.547791
0 0.530533 0.652276 0.547077 0.652276 0.547077 0.661253 0.530533 0.661253
0 0.931452 0.888344 0.945932 0.888344 0.945932 0.914102 0.931452 0.914102
0 0.530332 0.635880 0.547184 0.635880 0.547184 0.644992 0.530332 0.644992
0 0.983401 0.949331 0.991567 0.949331 0.991567 0.965106 0.983401 0.965106
0 0.955394 0.671845 0.964638 0.671845 0.964638 0.688909 0.955394 0.688909
0 0.945997 0.959826 0.954450 0.959826 0.954450 0.975713 0.945997 0.975713
0 0.963379 0.959725 0.971415 0.959725 0.971415 0.975551 0.963379 0.975551
0 0.946846 0.937707 0.962975 0.937707 0.962975 0.946386 0.946846 0.946386
1 0.181091 0.382668 0.243337 0.382668 0.243337 0.410716 0.181091 0.410716
1 0.181394 0.461326 0.243838 0.461326 0.243838 0.490584 0.181394 0.490584
1 0.150088 0.409081 0.153224 0.409081 0.153224 0.418050 0.150088 0.418050
1 0.169564 0.408648 0.173047 0.408648 0.173047 0.417716 0.169564 0.417716
1 0.135567 0.426301 0.139143 0.426301 0.139143 0.435146 0.135567 0.435146
1 0.155658 0.442279 0.159547 0.442279 0.159547 0.451255 0.155658 0.451255
1 0.155648 0.425765 0.159284 0.425765 0.159284 0.434907 0.155648 0.434907
1 0.136072 0.442125 0.139675 0.442125 0.139675 0.451346 0.136072 0.451346
1 0.160308 0.503690 0.168692 0.503690 0.168692 0.507524 0.160308 0.507524
1 0.186139 0.714821 0.201702 0.714821 0.201702 0.730665 0.186139 0.730665
1 0.150030 0.699824 0.165636 0.699824 0.165636 0.713053 0.150030 0.713053
1 0.148647 0.732465 0.165662 0.732465 0.165662 0.745778 0.148647 0.745778
1 0.181340 0.514676 0.242041 0.514676 0.242041 0.542342 0.181340 0.542342
1 0.179462 0.592250 0.242003 0.592250 0.242003 0.622803 0.179462 0.622803
1 0.187496 0.766781 0.196871 0.766781 0.196871 0.792931 0.187496 0.792931
1 0.145087 0.767960 0.152851 0.767960 0.152851 0.791788 0.145087 0.791788
1 0.391711 0.392138 0.421521 0.392138 0.421521 0.486920 0.391711 0.486920
1 0.345221 0.388276 0.376991 0.388276 0.376991 0.482857 0.345221 0.482857
1 0.299003 0.728194 0.339915 0.728194 0.339915 0.748135 0.299003 0.748135
1 0.437637 0.696674 0.480450 0.696674 0.480450 0.716982 0.437637 0.716982
1 0.390882 0.523704 0.423428 0.523704 0.423428 0.618264 0.390882 0.618264
1 0.343872 0.521142 0.376952 0.521142 0.376952 0.614255 0.343872 0.614255
1 0.297454 0.816441 0.342054 0.816441 0.342054 0.839427 0.297454 0.839427
1 0.435912 0.784135 0.479783 0.784135 0.479783 0.807987 0.435912 0.807987
1 0.683252 0.398290 0.688936 0.398290 0.688936 0.428133 0.683252 0.428133
1 0.673406 0.398238 0.680233 0.398238 0.680233 0.428207 0.673406 0.428207
1 0.627987 0.444505 0.656666 0.444505 0.656666 0.451495 0.627987 0.451495
1 0.691729 0.398273 0.697411 0.398273 0.697411 0.428114 0.691729 0.428114
1 0.700212 0.398219 0.705968 0.398219 0.705968 0.428166 0.700212 0.428166
1 0.524271 0.464681 0.587276 0.464681 0.587276 0.492963 0.524271 0.492963
1 0.627897 0.454236 0.656590 0.454236 0.656590 0.460319 0.627897 0.460319
1 0.523948 0.384672 0.589495 0.384672 0.589495 0.415934 0.523948 0.415934
1 0.627247 0.479929 0.656534 0.479929 0.656534 0.486076 0.627247 0.486076
1 0.627726 0.462740 0.656831 0.462740 0.656831 0.468878 0.627726 0.468878
1 0.627498 0.488520 0.656513 0.488520 0.656513 0.494627 0.627498 0.494627
1 0.561361 0.445385 0.564632 0.445385 0.564632 0.453609 0.561361 0.453609
1 0.627429 0.471395 0.656572 0.471395 0.656572 0.477439 0.627429 0.477439
1 0.581428 0.445786 0.585068 0.445786 0.585068 0.454417 0.581428 0.454417
1 0.734424 0.398380 0.740278 0.398380 0.740278 0.428147 0.734424 0.428147
1 0.597210 0.422725 0.607101 0.422725 0.607101 0.426548 0.597210 0.426548
1 0.725967 0.398397 0.731719 0.398397 0.731719 0.428318 0.725967 0.428318
1 0.597589 0.442272 0.607298 0.442272 0.607298 0.445853 0.597589 0.445853
1 0.746640 0.373864 0.750446 0.373864 0.750446 0.383141 0.746640 0.383141
1 0.717478 0.398448 0.723161 0.398448 0.723161 0.428366 0.717478 0.428366
1 0.727084 0.373921 0.730506 0.373921 0.730506 0.382585 0.727084 0.382585
1 0.708862 0.398520 0.714522 0.398520 0.714522 0.428050 0.708862 0.428050
1 0.626921 0.574095 0.656093 0.574095 0.656093 0.581047 0.626921 0.581047
1 0.626781 0.565442 0.656277 0.565442 0.656277 0.571534 0.626781 0.571534
1 0.521013 0.694389 0.549448 0.694389 0.549448 0.713290 0.521013 0.713290
1 0.626868 0.556861 0.656372 0.556861 0.656372 0.563019 0.626868 0.563019
1 0.626900 0.548349 0.656424 0.548349 0.656424 0.554385 0.626900 0.554385
1 0.626750 0.539833 0.656555 0.539833 0.656555 0.545852 0.626750 0.545852
1 0.525208 0.596329 0.586728 0.596329 0.586728 0.624447 0.525208 0.624447
1 0.626771 0.531238 0.656643 0.531238 0.656643 0.537453 0.626771 0.537453
1 0.683197 0.598108 0.688754 0.598108 0.688754 0.626424 0.683197 0.626424
1 0.674618 0.598140 0.680252 0.598140 0.680252 0.626705 0.674618 0.626705
1 0.691650 0.598071 0.697322 0.598071 0.697322 0.626082 0.691650 0.626082
1 0.525109 0.516056 0.588344 0.516056 0.588344 0.547799 0.525109 0.547799
1 0.700214 0.598109 0.705892 0.598109 0.705892 0.626432 0.700214 0.626432
1 0.725918 0.598280 0.731511 0.598280 0.731511 0.626853 0.725918 0.626853
1 0.717402 0.598245 0.722980 0.598245 0.722980 0.626757 0.717402 0.626757
1 0.628483 0.496986 0.656343 0.496986 0.656343 0.503111 0.628483 0.503111
1 0.734449 0.598453 0.740070 0.598453 0.740070 0.626905 0.734449 0.626905
1 0.628281 0.505516 0.656646 0.505516 0.656646 0.511646 0.628281 0.511646
1 0.526267 0.636044 0.530678 0.636044 0.530678 0.645042 0.526267 0.645042
1 0.628212 0.514077 0.656579 0.514077 0.656579 0.520186 0.628212 0.520186
1 0.527369 0.652660 0.530661 0.652660 0.530661 0.661293 0.527369 0.661293
1 0.628030 0.522712 0.656452 0.522712 0.656452 0.528821 0.628030 0.528821
1 0.708825 0.598260 0.714415 0.598260 0.714415 0.626776 0.708825 0.626776
1 0.547087 0.652412 0.551166 0.652412 0.551166 0.660809 0.547087 0.660809
1 0.547490 0.635666 0.551152 0.635666 0.551152 0.645299 0.547490 0.645299
1 0.520603 0.781365 0.549688 0.781365 0.549688 0.800011 0.520603 0.800011
1 0.734124 0.968755 0.749058 0.968755 0.749058 0.972516 0.734124 0.972516
1 0.733746 0.938369 0.749429 0.938369 0.749429 0.942651 0.733746 0.942651
1 0.826467 0.444781 0.855000 0.444781 0.855000 0.451694 0.826467 0.451694
1 0.802913 0.398356 0.809350 0.398356 0.809350 0.428399 0.802913 0.428399
1 0.826163 0.454223 0.854919 0.454223 0.854919 0.460373 0.826163 0.460373
1 0.794321 0.398274 0.800109 0.398274 0.800109 0.428395 0.794321 0.428395
1 0.785750 0.398150 0.791638 0.398150 0.791638 0.428436 0.785750 0.428436
1 0.826231 0.462661 0.855009 0.462661 0.855009 0.468941 0.826231 0.468941
1 0.760073 0.398370 0.765872 0.398370 0.765872 0.428211 0.760073 0.428211
1 0.742900 0.398314 0.748836 0.398314 0.748836 0.428280 0.742900 0.428280
1 0.751541 0.398649 0.757300 0.398649 0.757300 0.428229 0.751541 0.428229
1 0.768690 0.398349 0.774397 0.398349 0.774397 0.428223 0.768690 0.428223
1 0.826223 0.471238 0.855389 0.471238 0.855389 0.477460 0.826223 0.477460
1 0.826219 0.479831 0.855744 0.479831 0.855744 0.486046 0.826219 0.486046
1 0.826292 0.488386 0.855917 0.488386 0.855917 0.494648 0.826292 0.494648
1 0.777224 0.398351 0.782910 0.398351 0.782910 0.428212 0.777224 0.428212
1 0.826398 0.573981 0.854917 0.573981 0.854917 0.580906 0.826398 0.580906
1 0.826337 0.565369 0.854850 0.565369 0.854850 0.571668 0.826337 0.571668
1 0.794210 0.598169 0.799944 0.598169 0.799944 0.627100 0.794210 0.627100
1 0.826260 0.556758 0.854969 0.556758 0.854969 0.563093 0.826260 0.563093
1 0.802965 0.598291 0.809744 0.598291 0.809744 0.627360 0.802965 0.627360
1 0.785794 0.598082 0.791458 0.598082 0.791458 0.627057 0.785794 0.627057
1 0.826305 0.548304 0.855359 0.548304 0.855359 0.554508 0.826305 0.554508
1 0.826227 0.539815 0.855632 0.539815 0.855632 0.545998 0.826227 0.545998
1 0.826169 0.531293 0.855836 0.531293 0.855836 0.537558 0.826169 0.537558
1 0.823868 0.675986 0.827820 0.675986 0.827820 0.690420 0.823868 0.690420
1 0.816329 0.642457 0.820926 0.642457 0.820926 0.650321 0.816329 0.650321
1 0.985073 0.740516 0.993032 0.740516 0.993032 0.744463 0.985073 0.744463
1 0.826525 0.505474 0.855513 0.505474 0.855513 0.511894 0.826525 0.511894
1 0.826521 0.496932 0.855519 0.496932 0.855519 0.503257 0.826521 0.503257
1 0.986034 0.696568 0.993825 0.696568 0.993825 0.699711 0.986034 0.699711
1 0.768691 0.598302 0.774323 0.598302 0.774323 0.627037 0.768691 0.627037
1 0.826426 0.514021 0.855723 0.514021 0.855723 0.520406 0.826426 0.520406
1 0.760223 0.598282 0.765778 0.598282 0.765778 0.626985 0.760223 0.626985
1 0.797189 0.642490 0.801023 0.642490 0.801023 0.650182 0.797189 0.650182
1 0.777217 0.598359 0.782852 0.598359 0.782852 0.626887 0.777217 0.626887
1 0.955509 0.668835 0.964533 0.668835 0.964533 0.672035 0.955509 0.672035
1 0.955514 0.688879 0.964770 0.688879 0.964770 0.692457 0.955514 0.692457
1 0.794306 0.676190 0.797607 0.676190 0.797607 0.690634 0.794306 0.690634
1 0.900186 0.528131 0.908848 0.528131 0.908848 0.531958 0.900186 0.531958
1 0.751646 0.598233 0.757354 0.598233 0.757354 0.626713 0.751646 0.626713
1 0.742862 0.598662 0.748738 0.598662 0.748738 0.626811 0.742862 0.626811
1 0.826401 0.522683 0.856005 0.522683 0.856005 0.528848 0.826401 0.528848
1 0.985729 0.715769 0.994146 0.715769 0.994146 0.719322 0.985729 0.719322
1 0.900055 0.548092 0.908940 0.548092 0.908940 0.552008 0.900055 0.552008
1 0.867057 0.880331 0.882484 0.880331 0.882484 0.885403 0.867057 0.885403
1 0.770584 0.941086 0.775431 0.941086 0.775431 0.957146 0.770584 0.957146
1 0.838130 0.963758 0.853479 0.963758 0.853479 0.968848 0.838130 0.968848
1 0.852142 0.789060 0.856461 0.789060 0.856461 0.805120 0.852142 0.805120
1 0.865552 0.953262 0.881344 0.953262 0.881344 0.957969 0.865552 0.957969
1 0.880512 0.838373 0.896113 0.838373 0.896113 0.842162 0.880512 0.842162
1 0.914652 0.959967 0.930966 0.959967 0.930966 0.964458 0.914652 0.964458
1 0.839830 0.870686 0.854960 0.870686 0.854960 0.874412 0.839830 0.874412
1 0.814856 0.950849 0.829643 0.950849 0.829643 0.955060 0.814856 0.955060
1 0.814162 0.921172 0.829713 0.921172 0.829713 0.925535 0.814162 0.925535
1 0.931218 0.883242 0.946473 0.883242 0.946473 0.888347 0.931218 0.888347
1 0.822555 0.825609 0.837934 0.825609 0.837934 0.830981 0.822555 0.830981
1 0.788977 0.963975 0.804054 0.963975 0.804054 0.969057 0.788977 0.969057
1 0.815640 0.963902 0.831417 0.963902 0.831417 0.968738 0.815640 0.968738
1 0.953607 0.913669 0.968847 0.913669 0.968847 0.917331 0.953607 0.917331
1 0.953067 0.836088 0.967953 0.836088 0.967953 0.840236 0.953067 0.840236
1 0.867232 0.911293 0.882322 0.911293 0.882322 0.914666 0.867232 0.914666
1 0.783806 0.919078 0.798905 0.919078 0.798905 0.922809 0.783806 0.922809
1 0.815863 0.896890 0.830483 0.896890 0.830483 0.900636 0.815863 0.900636
1 0.822643 0.856018 0.837969 0.856018 0.837969 0.859824 0.822643 0.859824
1 0.953434 0.883170 0.968677 0.883170 0.968677 0.887826 0.953434 0.887826
1 0.943001 0.937718 0.947064 0.937718 0.947064 0.945972 0.943001 0.945972
1 0.865393 0.983746 0.881462 0.983746 0.881462 0.987751 0.865393 0.987751
1 0.914372 0.990501 0.931036 0.990501 0.931036 0.994867 0.914372 0.994867
1 0.945482 0.975519 0.954895 0.975519 0.954895 0.979885 0.945482 0.979885
1 0.815946 0.867316 0.831293 0.867316 0.831293 0.871481 0.815946 0.871481
1 0.882460 0.789129 0.886367 0.789129 0.886367 0.804799 0.882460 0.804799
1 0.909170 0.883438 0.924229 0.883438 0.924229 0.888094 0.909170 0.888094
1 0.963121 0.975368 0.971576 0.975368 0.971576 0.979668 0.963121 0.979668
1 0.963060 0.938064 0.967308 0.938064 0.967308 0.946323 0.963060 0.946323
1 0.931330 0.914186 0.946539 0.914186 0.946539 0.917783 0.931330 0.917783
1 0.984956 0.759977 0.993219 0.759977 0.993219 0.763989 0.984956 0.763989
1 0.983637 0.945707 0.991686 0.945707 0.991686 0.949439 0.983637 0.949439
1 0.782994 0.889314 0.798998 0.889314 0.798998 0.893304 0.782994 0.893304
1 0.909355 0.913420 0.924051 0.913420 0.924051 0.917204 0.909355 0.917204
1 0.963390 0.956019 0.971344 0.956019 0.971344 0.959745 0.963390 0.959745
1 0.945926 0.955767 0.954507 0.955767 0.954507 0.959745 0.945926 0.959745
1 0.800095 0.940859 0.804017 0.940859 0.804017 0.956429 0.800095 0.956429
1 0.816235 0.994125 0.831037 0.994125 0.831037 0.998335 0.816235 0.998335
1 0.840271 0.899982 0.855448 0.899982 0.855448 0.904279 0.840271 0.904279
1 0.983341 0.965041 0.991894 0.965041 0.991894 0.968980 0.983341 0.968980
1 0.952851 0.866131 0.967808 0.866131 0.967808 0.869981 0.952851 0.869981
1 0.838283 0.994614 0.853745 0.994614 0.853745 0.998991 0.838283 0.998991
1 0.759556 0.964288 0.775280 0.964288 0.775280 0.968345 0.759556 0.968345
1 0.789050 0.994773 0.804182 0.994773 0.804182 0.998437 0.789050 0.998437
1 0.759761 0.993711 0.774868 0.993711 0.774868 0.998445 0.759761 0.998445
1 0.880732 0.867431 0.896125 0.867431 0.896125 0.871698 0.880732 0.871698
1 0.160049 0.524059 0.168916 0.524059 0.168916 0.527699 0.160049 0.527699
1 0.229068 0.428612 0.243852 0.428612 0.243852 0.444705 0.229068 0.444705
1 0.227848 0.557905 0.242633 0.557905 0.242633 0.573998 0.227848 0.573998
1 0.523175 0.430068 0.539032 0.430068 0.539032 0.447144 0.523175 0.447144
1 0.524395 0.563020 0.539439 0.563020 0.539439 0.579284 0.524395 0.579284
