0 0.211851 0.130062 0.570004 0.130062 0.570004 0.487081 0.211851 0.487081
0 0.320260 0.692496 0.488224 0.692496 0.488224 0.858721 0.320260 0.858721
0 0.165648 0.023824 0.198561 0.023824 0.198561 0.044171 0.165648 0.044171
0 0.142043 0.304825 0.157556 0.304825 0.157556 0.313069 0.142043 0.313069
0 0.043176 0.219242 0.058895 0.219242 0.058895 0.227592 0.043176 0.227592
0 0.043400 0.236410 0.059058 0.236410 0.059058 0.244658 0.043400 0.244658
0 0.125790 0.440678 0.133780 0.440678 0.133780 0.456137 0.125790 0.456137
0 0.108301 0.420058 0.116323 0.420058 0.116323 0.435815 0.108301 0.435815
0 0.030483 0.307333 0.044807 0.307333 0.044807 0.333019 0.030483 0.333019
0 0.188884 0.407640 0.198017 0.407640 0.198017 0.424839 0.188884 0.424839
0 0.188943 0.367570 0.198025 0.367570 0.198025 0.384934 0.188943 0.384934
0 0.225386 0.014610 0.258666 0.014610 0.258666 0.035168 0.225386 0.035168
0 0.010007 0.072059 0.026677 0.072059 0.026677 0.081807 0.010007 0.081807
0 0.152286 0.287449 0.168183 0.287449 0.168183 0.295588 0.152286 0.295588
0 0.152260 0.326292 0.167909 0.326292 0.167909 0.334557 0.152260 0.334557
0 0.041294 0.415392 0.057307 0.415392 0.057307 0.423721 0.041294 0.423721
0 0.457292 0.082210 0.474334 0.082210 0.474334 0.091105 0.457292 0.091105
0 0.194632 0.137898 0.203804 0.137898 0.203804 0.153990 0.194632 0.153990
0 0.128394 0.758837 0.236616 0.758837 0.236616 0.860336 0.128394 0.860336
0 0.452413 0.942320 0.476767 0.942320 0.476767 0.954830 0.452413 0.954830
0 0.299916 0.901513 0.325650 0.901513 0.325650 0.915098 0.299916 0.915098
0 0.091205 0.684078 0.117516 0.684078 0.117516 0.698973 0.091205 0.698973
0 0.378810 0.924361 0.403921 0.924361 0.403921 0.937428 0.378810 0.937428
0 0.182607 0.602849 0.208881 0.602849 0.208881 0.616995 0.182607 0.616995
0 0.256833 0.829434 0.269983 0.829434 0.269983 0.854927 0.256833 0.854927
0 0.448837 0.965460 0.481454 0.965460 0.481454 0.986324 0.448837 0.986324
0 0.382597 0.510407 0.427570 0.510407 0.427570 0.565630 0.382597 0.565630
0 0.376689 0.955244 0.389843 0.955244 0.389843 0.980433 0.376689 0.980433
0 0.247787 0.972990 0.272200 0.972990 0.272200 0.985246 0.247787 0.985246
0 0.454314 0.540812 0.498722 0.540812 0.498722 0.594972 0.454314 0.594972
0 0.287251 0.967928 0.313654 0.967928 0.313654 0.982521 0.287251 0.982521
0 0.227575 0.602824 0.254628 0.602824 0.254628 0.616988 0.227575 0.616988
0 0.330229 0.948453 0.343436 0.948453 0.343436 0.973905 0.330229 0.973905
0 0.132089 0.596298 0.148072 0.596298 0.148072 0.604488 0.132089 0.604488
0 0.193603 0.652964 0.209369 0.652964 0.209369 0.661143 0.193603 0.661143
0 0.352926 0.941517 0.366278 0.941517 0.366278 0.966861 0.352926 0.966861
0 0.051949 0.665936 0.061004 0.665936 0.061004 0.682857 0.051949 0.682857
0 0.257697 0.777070 0.265515 0.777070 0.265515 0.792703 0.257697 0.792703
0 0.148245 0.935899 0.219326 0.935899 0.219326 0.990010 0.148245 0.990010
0 0.006799 0.693063 0.023872 0.693063 0.023872 0.702661 0.006799 0.702661
0 0.234657 0.654533 0.250172 0.654533 0.250172 0.662624 0.234657 0.662624
0 0.340833 0.920789 0.356821 0.920789 0.356821 0.928897 0.340833 0.928897
0 0.250995 0.692220 0.268373 0.692220 0.268373 0.701288 0.250995 0.701288
0 0.303458 0.872981 0.319508 0.872981 0.319508 0.881299 0.303458 0.881299
0 0.306715 0.930375 0.316156 0.930375 0.316156 0.947466 0.306715 0.947466
0 0.069037 0.666513 0.077609 0.666513 0.077609 0.682762 0.069037 0.682762
0 0.682573 0.392145 0.690717 0.392145 0.690717 0.408013 0.682573 0.408013
0 0.496314 0.079980 0.513708 0.079980 0.513708 0.089060 0.496314 0.089060
0 0.682386 0.337396 0.690364 0.337396 0.690364 0.353043 0.682386 0.353043
0 0.761973 0.390193 0.771947 0.390193 0.771947 0.407428 0.761973 0.407428
0 0.617975 0.336439 0.670715 0.336439 0.670715 0.416500 0.617975 0.416500
0 0.554353 0.962965 0.580076 0.962965 0.580076 0.976219 0.554353 0.976219
0 0.661527 0.916752 0.687762 0.916752 0.687762 0.931169 0.661527 0.931169
0 0.631842 0.927276 0.645281 0.927276 0.645281 0.952867 0.631842 0.952867
0 0.548037 0.889847 0.573238 0.889847 0.573238 0.902384 0.548037 0.902384
0 0.662256 0.969835 0.688480 0.969835 0.688480 0.984218 0.662256 0.984218
0 0.621007 0.968165 0.646758 0.968165 0.646758 0.981714 0.621007 0.981714
0 0.629101 0.887767 0.653596 0.887767 0.653596 0.900017 0.629101 0.900017
0 0.720904 0.891536 0.746796 0.891536 0.746796 0.904883 0.720904 0.904883
0 0.786365 0.893172 0.812673 0.893172 0.812673 0.907823 0.786365 0.907823
0 0.507505 0.899375 0.532041 0.899375 0.532041 0.911661 0.507505 0.911661
0 0.570894 0.567369 0.594985 0.567369 0.594985 0.618718 0.570894 0.618718
0 0.503315 0.939265 0.529192 0.939265 0.529192 0.952560 0.503315 0.952560
0 0.515103 0.566743 0.523123 0.566743 0.523123 0.582524 0.515103 0.582524
0 0.752245 0.721632 0.761915 0.721632 0.761915 0.738642 0.752245 0.738642
0 0.728131 0.921517 0.800451 0.921517 0.800451 0.979037 0.728131 0.979037
0 0.709012 0.689920 0.733696 0.689920 0.733696 0.702710 0.709012 0.702710
0 0.548278 0.939417 0.574047 0.939417 0.574047 0.952779 0.548278 0.952779
0 0.786721 0.540141 0.796381 0.540141 0.796381 0.557077 0.786721 0.557077
0 0.527067 0.610871 0.535128 0.610871 0.535128 0.626795 0.527067 0.626795
0 0.636461 0.614446 0.652075 0.614446 0.652075 0.622707 0.636461 0.622707
0 0.495438 0.869334 0.503275 0.869334 0.503275 0.884772 0.495438 0.884772
1 0.199040 0.021691 0.207745 0.021691 0.207745 0.045505 0.199040 0.045505
1 0.216350 0.013140 0.224846 0.013140 0.224846 0.037204 0.216350 0.037204
1 0.156397 0.021706 0.165271 0.021706 0.165271 0.046827 0.156397 0.046827
1 0.058986 0.219432 0.062871 0.219432 0.062871 0.227575 0.058986 0.227575
1 0.026875 0.072721 0.030300 0.072721 0.030300 0.081370 0.026875 0.081370
1 0.039314 0.219420 0.043081 0.219420 0.043081 0.227747 0.039314 0.227747
1 0.058950 0.236341 0.062204 0.236341 0.062204 0.244420 0.058950 0.244420
1 0.006263 0.072485 0.009865 0.072485 0.009865 0.081516 0.006263 0.081516
1 0.194728 0.133885 0.203878 0.133885 0.203878 0.137773 0.194728 0.137773
1 0.194274 0.154022 0.203802 0.154022 0.203802 0.157718 0.194274 0.157718
1 0.039679 0.236219 0.043191 0.236219 0.043191 0.244730 0.039679 0.244730
1 0.029308 0.302761 0.045455 0.302761 0.045455 0.307111 0.029308 0.307111
1 0.148264 0.326483 0.152264 0.326483 0.152264 0.334712 0.148264 0.334712
1 0.125593 0.437285 0.133524 0.437285 0.133524 0.440908 0.125593 0.440908
1 0.157782 0.304623 0.161555 0.304623 0.161555 0.313162 0.157782 0.313162
1 0.188880 0.384988 0.198091 0.384988 0.198091 0.388708 0.188880 0.388708
1 0.189180 0.363688 0.198074 0.363688 0.198074 0.367526 0.189180 0.367526
1 0.057083 0.415570 0.061148 0.415570 0.061148 0.423886 0.057083 0.423886
1 0.189159 0.425010 0.198186 0.425010 0.198186 0.429183 0.189159 0.429183
1 0.168077 0.326339 0.171731 0.326339 0.171731 0.335160 0.168077 0.335160
1 0.108446 0.416983 0.116244 0.416983 0.116244 0.420275 0.108446 0.420275
1 0.108182 0.435637 0.116489 0.435637 0.116489 0.439170 0.108182 0.439170
1 0.188818 0.403720 0.197794 0.403720 0.197794 0.407654 0.188818 0.407654
1 0.125489 0.456176 0.133818 0.456176 0.133818 0.459712 0.125489 0.459712
1 0.028787 0.333249 0.045178 0.333249 0.045178 0.336962 0.028787 0.336962
1 0.148576 0.287462 0.152357 0.287462 0.152357 0.295695 0.148576 0.295695
1 0.138423 0.304812 0.142089 0.304812 0.142089 0.313198 0.138423 0.313198
1 0.168021 0.287087 0.171811 0.287087 0.171811 0.296094 0.168021 0.296094
1 0.038251 0.415359 0.041710 0.415359 0.041710 0.424082 0.038251 0.424082
1 0.224352 0.601407 0.227951 0.601407 0.227951 0.617768 0.224352 0.617768
1 0.209139 0.601587 0.213038 0.601587 0.213038 0.617869 0.209139 0.617869
1 0.117680 0.683762 0.122595 0.683762 0.122595 0.699368 0.117680 0.699368
1 0.148041 0.596400 0.152096 0.596400 0.152096 0.605009 0.148041 0.605009
1 0.209353 0.653022 0.213313 0.653022 0.213313 0.661277 0.209353 0.661277
1 0.052246 0.662914 0.060953 0.662914 0.060953 0.666132 0.052246 0.666132
1 0.230791 0.655068 0.234573 0.655068 0.234573 0.662606 0.230791 0.662606
1 0.250034 0.654996 0.254197 0.654996 0.254197 0.662951 0.250034 0.662951
1 0.179460 0.601582 0.182928 0.601582 0.182928 0.617673 0.179460 0.617673
1 0.189386 0.652622 0.193809 0.652622 0.193809 0.661420 0.189386 0.661420
1 0.023891 0.693226 0.027729 0.693226 0.027729 0.702510 0.023891 0.702510
1 0.003644 0.693369 0.006868 0.693369 0.006868 0.702365 0.003644 0.702365
1 0.051339 0.682743 0.061216 0.682743 0.061216 0.686396 0.051339 0.686396
1 0.254536 0.601992 0.257639 0.601992 0.257639 0.617741 0.254536 0.617741
1 0.068859 0.682455 0.077877 0.682455 0.077877 0.685840 0.068859 0.685840
1 0.087445 0.683571 0.091192 0.683571 0.091192 0.699639 0.087445 0.699639
1 0.069039 0.663239 0.077621 0.663239 0.077621 0.666817 0.069039 0.666817
1 0.129056 0.596290 0.132037 0.596290 0.132037 0.604618 0.129056 0.604618
1 0.248377 0.692592 0.251179 0.692592 0.251179 0.701201 0.248377 0.701201
1 0.128756 0.940703 0.147951 0.940703 0.147951 0.985730 0.128756 0.985730
1 0.175445 0.860512 0.191004 0.860512 0.191004 0.875600 0.175445 0.875600
1 0.219647 0.941022 0.239354 0.941022 0.239354 0.985555 0.219647 0.985555
1 0.130269 0.860971 0.157684 0.860971 0.157684 0.922258 0.130269 0.922258
1 0.208758 0.860886 0.237674 0.860886 0.237674 0.924197 0.208758 0.924197
1 0.243722 0.970423 0.247903 0.970423 0.247903 0.986332 0.243722 0.986332
1 0.259075 0.012236 0.268943 0.012236 0.268943 0.038831 0.259075 0.038831
1 0.454257 0.082287 0.457278 0.082287 0.457278 0.091175 0.454257 0.091175
1 0.474444 0.082250 0.477418 0.082250 0.477418 0.090822 0.474444 0.090822
1 0.336729 0.662768 0.342260 0.662768 0.342260 0.691362 0.336729 0.691362
1 0.345196 0.662965 0.350821 0.662965 0.350821 0.691459 0.345196 0.691459
1 0.353713 0.662870 0.359354 0.662870 0.359354 0.691496 0.353713 0.691496
1 0.362397 0.662787 0.367991 0.662787 0.367991 0.691571 0.362397 0.691571
1 0.370909 0.662744 0.376532 0.662744 0.376532 0.691630 0.370909 0.691630
1 0.379432 0.662653 0.385031 0.662653 0.385031 0.691636 0.379432 0.691636
1 0.387917 0.662697 0.393586 0.662697 0.393586 0.691640 0.387917 0.691640
1 0.378946 0.565237 0.430582 0.565237 0.430582 0.577041 0.378946 0.577041
1 0.396481 0.662714 0.402214 0.662714 0.402214 0.691610 0.396481 0.691610
1 0.289267 0.708451 0.319934 0.708451 0.319934 0.715062 0.289267 0.715062
1 0.377374 0.498772 0.431541 0.498772 0.431541 0.510338 0.377374 0.510338
1 0.404973 0.662718 0.410775 0.662718 0.410775 0.691538 0.404973 0.691538
1 0.413435 0.662620 0.419355 0.662620 0.419355 0.691485 0.413435 0.691485
1 0.430776 0.663257 0.436372 0.663257 0.436372 0.691748 0.430776 0.691748
1 0.439187 0.662989 0.444880 0.662989 0.444880 0.691839 0.439187 0.691839
1 0.447706 0.662879 0.453492 0.662879 0.453492 0.691813 0.447706 0.691813
1 0.422147 0.662874 0.427902 0.662874 0.427902 0.691648 0.422147 0.691648
1 0.465143 0.663401 0.470520 0.663401 0.470520 0.691638 0.465143 0.691638
1 0.290433 0.717647 0.319620 0.717647 0.319620 0.723762 0.290433 0.723762
1 0.290125 0.726048 0.319729 0.726048 0.319729 0.732365 0.290125 0.732365
1 0.291049 0.743210 0.319797 0.743210 0.319797 0.749524 0.291049 0.749524
1 0.290813 0.734726 0.319603 0.734726 0.319603 0.740855 0.290813 0.740855
1 0.268699 0.692607 0.271585 0.692607 0.271585 0.700655 0.268699 0.700655
1 0.456332 0.662928 0.462101 0.662928 0.462101 0.691777 0.456332 0.691777
1 0.449635 0.529375 0.503031 0.529375 0.503031 0.541308 0.449635 0.541308
1 0.290023 0.828687 0.319647 0.828687 0.319647 0.834747 0.290023 0.834747
1 0.337186 0.859688 0.342833 0.859688 0.342833 0.890832 0.337186 0.890832
1 0.290379 0.820181 0.319748 0.820181 0.319748 0.826208 0.290379 0.826208
1 0.290751 0.837375 0.319649 0.837375 0.319649 0.843023 0.290751 0.843023
1 0.345429 0.859748 0.351251 0.859748 0.351251 0.890399 0.345429 0.890399
1 0.289511 0.811693 0.319725 0.811693 0.319725 0.817737 0.289511 0.817737
1 0.289477 0.803158 0.319759 0.803158 0.319759 0.809280 0.289477 0.809280
1 0.289650 0.785987 0.319785 0.785987 0.319785 0.792145 0.289650 0.792145
1 0.289476 0.794639 0.319767 0.794639 0.319767 0.800723 0.289476 0.800723
1 0.290383 0.777548 0.319858 0.777548 0.319858 0.783500 0.290383 0.783500
1 0.353950 0.859629 0.359903 0.859629 0.359903 0.890806 0.353950 0.890806
1 0.362489 0.859598 0.368402 0.859598 0.368402 0.890685 0.362489 0.890685
1 0.371000 0.859671 0.377013 0.859671 0.377013 0.890244 0.371000 0.890244
1 0.379562 0.859648 0.385591 0.859648 0.385591 0.890818 0.379562 0.890818
1 0.289634 0.769106 0.319922 0.769106 0.319922 0.775170 0.289634 0.775170
1 0.388072 0.859540 0.394128 0.859540 0.394128 0.891597 0.388072 0.891597
1 0.396638 0.859594 0.402591 0.859594 0.402591 0.891716 0.396638 0.891716
1 0.374920 0.950568 0.391038 0.950568 0.391038 0.954769 0.374920 0.954769
1 0.405137 0.859592 0.411138 0.859592 0.411138 0.891865 0.405137 0.891865
1 0.351700 0.936981 0.367664 0.936981 0.367664 0.941174 0.351700 0.941174
1 0.447324 0.939458 0.452174 0.939458 0.452174 0.956522 0.447324 0.956522
1 0.296174 0.900244 0.300031 0.900244 0.300031 0.916292 0.296174 0.916292
1 0.328211 0.943832 0.344413 0.943832 0.344413 0.948200 0.328211 0.948200
1 0.374183 0.922269 0.378596 0.922269 0.378596 0.938763 0.374183 0.938763
1 0.476758 0.939584 0.482113 0.939584 0.482113 0.955824 0.476758 0.955824
1 0.313924 0.966663 0.317809 0.966663 0.317809 0.983213 0.313924 0.983213
1 0.255023 0.855301 0.271694 0.855301 0.271694 0.859823 0.255023 0.859823
1 0.374909 0.980594 0.391309 0.980594 0.391309 0.984780 0.374909 0.984780
1 0.351780 0.967074 0.368083 0.967074 0.368083 0.971121 0.351780 0.971121
1 0.272512 0.970260 0.277199 0.970260 0.277199 0.986803 0.272512 0.986803
1 0.495130 0.864893 0.503057 0.864893 0.503057 0.869243 0.495130 0.869243
1 0.328466 0.974122 0.345611 0.974122 0.345611 0.978213 0.328466 0.978213
1 0.289834 0.751799 0.319616 0.751799 0.319616 0.757948 0.289834 0.757948
1 0.501749 0.896822 0.507581 0.896822 0.507581 0.913163 0.501749 0.913163
1 0.456615 0.860018 0.462352 0.860018 0.462352 0.890333 0.456615 0.890333
1 0.284012 0.966981 0.287325 0.966981 0.287325 0.983640 0.284012 0.983640
1 0.257337 0.773888 0.265782 0.773888 0.265782 0.777064 0.257337 0.777064
1 0.257263 0.792696 0.265685 0.792696 0.265685 0.796205 0.257263 0.796205
1 0.356948 0.920783 0.359820 0.920783 0.359820 0.928991 0.356948 0.928991
1 0.465261 0.859825 0.471605 0.859825 0.471605 0.889276 0.465261 0.889276
1 0.255080 0.825301 0.271070 0.825301 0.271070 0.829515 0.255080 0.829515
1 0.422306 0.859861 0.428205 0.859861 0.428205 0.890928 0.422306 0.890928
1 0.448070 0.859809 0.453945 0.859809 0.453945 0.890947 0.448070 0.890947
1 0.337687 0.920925 0.340732 0.920925 0.340732 0.929197 0.337687 0.929197
1 0.289610 0.760420 0.319719 0.760420 0.319719 0.766525 0.289610 0.766525
1 0.403723 0.922353 0.408155 0.922353 0.408155 0.938797 0.403723 0.938797
1 0.430773 0.859885 0.436663 0.859885 0.436663 0.891005 0.430773 0.891005
1 0.306718 0.927426 0.316344 0.927426 0.316344 0.930348 0.306718 0.930348
1 0.325682 0.900004 0.329720 0.900004 0.329720 0.916422 0.325682 0.916422
1 0.481702 0.963811 0.491526 0.963811 0.491526 0.990146 0.481702 0.990146
1 0.306210 0.947370 0.316174 0.947370 0.316174 0.950712 0.306210 0.950712
1 0.300241 0.872705 0.303603 0.872705 0.303603 0.881678 0.300241 0.881678
1 0.319439 0.872996 0.322457 0.872996 0.322457 0.881329 0.319439 0.881329
1 0.439362 0.859800 0.445307 0.859800 0.445307 0.890738 0.439362 0.890738
1 0.413813 0.859880 0.419712 0.859880 0.419712 0.891252 0.413813 0.891252
1 0.439914 0.963595 0.448536 0.963595 0.448536 0.990454 0.439914 0.990454
1 0.513895 0.079885 0.516920 0.079885 0.516920 0.089584 0.513895 0.089584
1 0.493073 0.079956 0.496289 0.079956 0.496289 0.089433 0.493073 0.089433
1 0.622029 0.323018 0.662364 0.323018 0.662364 0.336258 0.622029 0.336258
1 0.622152 0.416683 0.662433 0.416683 0.662433 0.429433 0.622152 0.429433
1 0.682177 0.353056 0.690726 0.353056 0.690726 0.357642 0.682177 0.357642
1 0.682599 0.388542 0.690554 0.388542 0.690554 0.392308 0.682599 0.392308
1 0.682588 0.408155 0.690855 0.408155 0.690855 0.412300 0.682588 0.412300
1 0.682336 0.334204 0.690487 0.334204 0.690487 0.337486 0.682336 0.337486
1 0.566805 0.619183 0.598517 0.619183 0.598517 0.631066 0.566805 0.631066
1 0.566688 0.553802 0.596961 0.553802 0.596961 0.566981 0.566688 0.566981
1 0.665693 0.687937 0.683938 0.687937 0.683938 0.701673 0.665693 0.701673
1 0.704288 0.688344 0.708844 0.688344 0.708844 0.704724 0.704288 0.704724
1 0.733626 0.688130 0.738232 0.688130 0.738232 0.704464 0.733626 0.704464
1 0.515349 0.563536 0.523131 0.563536 0.523131 0.566855 0.515349 0.566855
1 0.633024 0.614466 0.636697 0.614466 0.636697 0.622963 0.633024 0.622963
1 0.527067 0.626476 0.535067 0.626476 0.535067 0.630130 0.527067 0.630130
1 0.515091 0.582400 0.523677 0.582400 0.523677 0.586548 0.515091 0.586548
1 0.527146 0.608334 0.534635 0.608334 0.534635 0.611085 0.527146 0.611085
1 0.651917 0.614677 0.654861 0.614677 0.654861 0.623238 0.651917 0.623238
1 0.665964 0.719866 0.737060 0.719866 0.737060 0.748940 0.665964 0.748940
1 0.709071 0.929653 0.728342 0.929653 0.728342 0.971614 0.709071 0.971614
1 0.672728 0.810471 0.691478 0.810471 0.691478 0.824172 0.672728 0.824172
1 0.573258 0.888322 0.577884 0.888322 0.577884 0.904251 0.573258 0.904251
1 0.658545 0.915737 0.661700 0.915737 0.661700 0.931977 0.658545 0.931977
1 0.688523 0.968854 0.693353 0.968854 0.693353 0.984366 0.688523 0.984366
1 0.658420 0.968406 0.662092 0.968406 0.662092 0.984292 0.658420 0.984292
1 0.532260 0.897282 0.536909 0.897282 0.536909 0.912259 0.532260 0.912259
1 0.544126 0.938029 0.548208 0.938029 0.548208 0.954038 0.544126 0.954038
1 0.544124 0.888699 0.547997 0.888699 0.547997 0.904015 0.544124 0.904015
1 0.630260 0.953011 0.646519 0.953011 0.646519 0.957235 0.630260 0.957235
1 0.550502 0.961207 0.554355 0.961207 0.554355 0.977462 0.550502 0.977462
1 0.617510 0.966401 0.621198 0.966401 0.621198 0.982838 0.617510 0.982838
1 0.499370 0.938041 0.503341 0.938041 0.503341 0.953586 0.499370 0.953586
1 0.687858 0.915697 0.692074 0.915697 0.692074 0.931543 0.687858 0.931543
1 0.653542 0.884818 0.658494 0.884818 0.658494 0.900987 0.653542 0.900987
1 0.580148 0.961203 0.584688 0.961203 0.584688 0.977700 0.580148 0.977700
1 0.630336 0.923120 0.646483 0.923120 0.646483 0.927061 0.630336 0.927061
1 0.529211 0.938174 0.533054 0.938174 0.533054 0.953721 0.529211 0.953721
1 0.716171 0.889406 0.720716 0.889406 0.720716 0.905941 0.716171 0.905941
1 0.624392 0.885172 0.629062 0.885172 0.629062 0.901120 0.624392 0.901120
1 0.574044 0.937799 0.577602 0.937799 0.577602 0.953796 0.574044 0.953796
1 0.647010 0.966562 0.650782 0.966562 0.650782 0.982850 0.647010 0.982850
1 0.495040 0.884630 0.503368 0.884630 0.503368 0.887936 0.495040 0.887936
1 0.672786 0.763934 0.744414 0.763934 0.744414 0.794594 0.672786 0.794594
1 0.762130 0.385469 0.771837 0.385469 0.771837 0.390116 0.762130 0.390116
1 0.761947 0.407270 0.771295 0.407270 0.771295 0.410470 0.761947 0.410470
1 0.752618 0.718772 0.761384 0.718772 0.761384 0.721728 0.752618 0.721728
1 0.786724 0.557074 0.796294 0.557074 0.796294 0.561196 0.786724 0.561196
1 0.787512 0.537184 0.795799 0.537184 0.795799 0.540457 0.787512 0.540457
1 0.752001 0.738652 0.761460 0.738652 0.761460 0.741994 0.752001 0.741994
1 0.800371 0.928728 0.819806 0.928728 0.819806 0.973484 0.800371 0.973484
1 0.782777 0.891999 0.786501 0.891999 0.786501 0.907825 0.782777 0.907825
1 0.746409 0.890084 0.750292 0.890084 0.750292 0.906055 0.746409 0.906055
1 0.812637 0.891674 0.817988 0.891674 0.817988 0.907759 0.812637 0.907759
1 0.135523 0.726442 0.229572 0.726442 0.229572 0.758517 0.135523 0.758517
1 0.488446 0.708948 0.516748 0.708948 0.516748 0.715397 0.488446 0.715397
1 0.488446 0.717546 0.516748 0.717546 0.516748 0.723995 0.488446 0.723995
1 0.488446 0.726323 0.516748 0.726323 0.516748 0.732772 0.488446 0.732772
1 0.488446 0.734921 0.516748 0.734921 0.516748 0.741370 0.488446 0.741370
1 0.488446 0.769134 0.516748 0.769134 0.516748 0.775583 0.488446 0.775583
1 0.488446 0.743161 0.516748 0.743161 0.516748 0.749610 0.488446 0.749610
1 0.488446 0.751759 0.516748 0.751759 0.516748 0.758207 0.488446 0.758207
1 0.488446 0.760536 0.516748 0.760536 0.516748 0.766985 0.488446 0.766985
1 0.488446 0.828962 0.516748 0.828962 0.516748 0.835410 0.488446 0.835410
1 0.488446 0.777374 0.516748 0.777374 0.516748 0.783822 0.488446 0.783822
1 0.488446 0.785972 0.516748 0.785972 0.516748 0.792420 0.488446 0.792420
1 0.488446 0.794749 0.516748 0.794749 0.516748 0.801197 0.488446 0.801197
1 0.488446 0.803347 0.516748 0.803347 0.516748 0.809795 0.488446 0.809795
1 0.488446 0.837559 0.516748 0.837559 0.516748 0.844008 0.488446 0.844008
1 0.488446 0.811586 0.516748 0.811586 0.516748 0.818035 0.488446 0.818035
1 0.488446 0.820184 0.516748 0.820184 0.516748 0.826633 0.488446 0.826633
1 0.665725 0.640388 0.736821 0.640388 0.736821 0.669463 0.665725 0.669463
1 0.672926 0.842893 0.744025 0.842893 0.744025 0.870183 0.672926 0.870183
0 0.573807 0.641145 0.665968 0.641145 0.665968 0.749150 0.573807 0.749150
1 0.540799 0.648539 0.573807 0.648539 0.573807 0.740964 0.540799 0.740964
1 0.449635 0.595656 0.503031 0.595656 0.503031 0.607590 0.449635 0.607590
1 0.548721 0.771860 0.581730 0.771860 0.581730 0.864284 0.548721 0.864284
0 0.581730 0.765258 0.673626 0.765258 0.673626 0.869301 0.581730 0.869301
