0 0.288804 0.413522 0.313495 0.413522 0.313495 0.426584 0.288804 0.426584
0 0.288980 0.384670 0.313791 0.384670 0.313791 0.397446 0.288980 0.397446
0 0.017848 0.422446 0.042663 0.422446 0.042663 0.434981 0.017848 0.434981
0 0.142942 0.289380 0.155473 0.289380 0.155473 0.313496 0.142942 0.313496
0 0.019044 0.163093 0.043767 0.163093 0.043767 0.176325 0.019044 0.176325
0 0.143838 0.329479 0.156118 0.329479 0.156118 0.353543 0.143838 0.353543
0 0.018425 0.380111 0.043045 0.380111 0.043045 0.392589 0.018425 0.392589
0 0.289514 0.082655 0.314078 0.082655 0.314078 0.095037 0.289514 0.095037
0 0.018603 0.337000 0.043102 0.337000 0.043102 0.349514 0.018603 0.349514
0 0.176504 0.132308 0.189411 0.132308 0.189411 0.156712 0.176504 0.156712
0 0.177101 0.243330 0.189474 0.243330 0.189474 0.267396 0.177101 0.267396
0 0.288637 0.123886 0.313338 0.123886 0.313338 0.136733 0.288637 0.136733
0 0.179281 0.030625 0.191769 0.030625 0.191769 0.054653 0.179281 0.054653
0 0.018747 0.078658 0.043483 0.078658 0.043483 0.091776 0.018747 0.091776
0 0.142634 0.404985 0.155092 0.404985 0.155092 0.429007 0.142634 0.429007
0 0.176972 0.201724 0.189773 0.201724 0.189773 0.225994 0.176972 0.225994
0 0.142017 0.243452 0.154715 0.243452 0.154715 0.267768 0.142017 0.267768
0 0.019559 0.249514 0.044096 0.249514 0.044096 0.262001 0.019559 0.262001
0 0.351674 0.315135 0.376039 0.315135 0.376039 0.327671 0.351674 0.327671
0 0.288478 0.451949 0.313131 0.451949 0.313131 0.464792 0.288478 0.464792
0 0.162664 0.173099 0.187367 0.173099 0.187367 0.185981 0.162664 0.185981
0 0.141610 0.199556 0.154637 0.199556 0.154637 0.223851 0.141610 0.223851
0 0.174336 0.404752 0.187159 0.404752 0.187159 0.429363 0.174336 0.429363
0 0.019068 0.292465 0.043630 0.292465 0.043630 0.304860 0.019068 0.304860
0 0.287982 0.346241 0.312567 0.346241 0.312567 0.358871 0.287982 0.358871
0 0.142666 0.372001 0.167312 0.372001 0.167312 0.384386 0.142666 0.384386
0 0.019753 0.207684 0.044273 0.207684 0.044273 0.220202 0.019753 0.220202
0 0.320342 0.233481 0.334667 0.233481 0.334667 0.259316 0.320342 0.259316
0 0.177926 0.289105 0.190272 0.289105 0.190272 0.313122 0.177926 0.313122
0 0.147364 0.032255 0.160301 0.032255 0.160301 0.056670 0.147364 0.056670
0 0.148016 0.073939 0.160323 0.073939 0.160323 0.098302 0.148016 0.098302
0 0.178081 0.330137 0.190083 0.330137 0.190083 0.354227 0.178081 0.354227
0 0.289464 0.274056 0.301643 0.274056 0.301643 0.298456 0.289464 0.298456
0 0.020257 0.028219 0.044946 0.028219 0.044946 0.041268 0.020257 0.041268
0 0.020207 0.122479 0.044742 0.122479 0.044742 0.135064 0.020207 0.135064
0 0.290408 0.039346 0.315267 0.039346 0.315267 0.052413 0.290408 0.052413
0 0.287647 0.233004 0.300400 0.233004 0.300400 0.257455 0.287647 0.257455
0 0.288355 0.192804 0.300909 0.192804 0.300909 0.216979 0.288355 0.216979
0 0.177908 0.082946 0.190803 0.082946 0.190803 0.107362 0.177908 0.107362
0 0.148192 0.500141 0.160697 0.500141 0.160697 0.524229 0.148192 0.524229
0 0.146025 0.114622 0.158312 0.114622 0.158312 0.139106 0.146025 0.139106
0 0.290133 0.151539 0.302193 0.151539 0.302193 0.175977 0.290133 0.175977
0 0.360375 0.418623 0.378489 0.418623 0.378489 0.464936 0.360375 0.464936
0 0.180662 0.719362 0.193003 0.719362 0.193003 0.743400 0.180662 0.743400
0 0.022379 0.590636 0.046932 0.590636 0.046932 0.603376 0.022379 0.603376
0 0.022448 0.720432 0.047211 0.720432 0.047211 0.733007 0.022448 0.733007
0 0.292284 0.720343 0.316904 0.720343 0.316904 0.733328 0.292284 0.733328
0 0.180590 0.800850 0.193383 0.800850 0.193383 0.825219 0.180590 0.825219
0 0.021776 0.634661 0.046285 0.634661 0.046285 0.647432 0.021776 0.647432
0 0.023171 0.548712 0.047840 0.548712 0.047840 0.561350 0.023171 0.561350
0 0.022833 0.507193 0.047467 0.507193 0.047467 0.519976 0.022833 0.519976
0 0.022538 0.761124 0.046886 0.761124 0.046886 0.773789 0.022538 0.773789
0 0.021646 0.803852 0.046345 0.803852 0.046345 0.816314 0.021646 0.816314
0 0.180192 0.759484 0.192938 0.759484 0.192938 0.783808 0.180192 0.783808
0 0.180065 0.591294 0.193062 0.591294 0.193062 0.615523 0.180065 0.615523
0 0.289872 0.943283 0.314687 0.943283 0.314687 0.955803 0.289872 0.955803
0 0.179503 0.882407 0.191574 0.882407 0.191574 0.906808 0.179503 0.906808
0 0.291777 0.549916 0.316607 0.549916 0.316607 0.562676 0.291777 0.562676
0 0.181513 0.678125 0.194310 0.678125 0.194310 0.702557 0.181513 0.702557
0 0.022160 0.677662 0.046657 0.677662 0.046657 0.690192 0.022160 0.690192
0 0.179108 0.841532 0.191344 0.841532 0.191344 0.865799 0.179108 0.865799
0 0.291640 0.678361 0.316312 0.678361 0.316312 0.690792 0.291640 0.690792
0 0.181092 0.541536 0.193836 0.541536 0.193836 0.565901 0.181092 0.565901
0 0.153877 0.679010 0.166709 0.679010 0.166709 0.703345 0.153877 0.703345
0 0.291365 0.763270 0.315996 0.763270 0.315996 0.775533 0.291365 0.775533
0 0.386124 0.783573 0.411427 0.783573 0.411427 0.797108 0.386124 0.797108
0 0.147841 0.631524 0.160028 0.631524 0.160028 0.655725 0.147841 0.655725
0 0.172054 0.970193 0.196930 0.970193 0.196930 0.982773 0.172054 0.982773
0 0.148941 0.586901 0.161622 0.586901 0.161622 0.611206 0.148941 0.611206
0 0.154168 0.719103 0.166273 0.719103 0.166273 0.743371 0.154168 0.743371
0 0.147811 0.541452 0.160160 0.541452 0.160160 0.565372 0.147811 0.565372
0 0.290971 0.847672 0.315854 0.847672 0.315854 0.860560 0.290971 0.860560
0 0.291610 0.636938 0.316363 0.636938 0.316363 0.649878 0.291610 0.649878
0 0.153365 0.812792 0.165460 0.812792 0.165460 0.837049 0.153365 0.837049
0 0.298503 0.900231 0.323066 0.900231 0.323066 0.912503 0.298503 0.912503
0 0.181530 0.634366 0.193824 0.634366 0.193824 0.658455 0.181530 0.658455
0 0.291674 0.800714 0.316314 0.800714 0.316314 0.813650 0.291674 0.813650
0 0.154598 0.770903 0.166771 0.770903 0.166771 0.795097 0.154598 0.795097
0 0.637968 0.214850 0.658947 0.214850 0.658947 0.248704 0.637968 0.248704
0 0.855636 0.350973 0.876776 0.350973 0.876776 0.384736 0.855636 0.384736
0 0.801947 0.372092 0.826290 0.372092 0.826290 0.384555 0.801947 0.384555
0 0.839940 0.030958 0.852726 0.030958 0.852726 0.056239 0.839940 0.056239
0 0.862558 0.030531 0.877052 0.030531 0.877052 0.056285 0.862558 0.056285
0 0.584248 0.275012 0.605752 0.275012 0.605752 0.308121 0.584248 0.308121
0 0.804677 0.349465 0.821806 0.349465 0.821806 0.358424 0.804677 0.358424
0 0.651712 0.275018 0.672886 0.275018 0.672886 0.308421 0.651712 0.308421
0 0.649333 0.332472 0.670630 0.332472 0.670630 0.365933 0.649333 0.365933
0 0.618520 0.274692 0.639998 0.274692 0.639998 0.308097 0.618520 0.308097
0 0.691626 0.332819 0.725885 0.332819 0.725885 0.354197 0.691626 0.354197
0 0.967668 0.015773 0.981729 0.015773 0.981729 0.041626 0.967668 0.041626
0 0.691501 0.296621 0.725691 0.296621 0.725691 0.318189 0.691501 0.318189
0 0.759647 0.131306 0.774044 0.131306 0.774044 0.157634 0.759647 0.157634
0 0.692126 0.262525 0.726149 0.262525 0.726149 0.283810 0.692126 0.283810
0 0.692552 0.226898 0.726468 0.226898 0.726468 0.248828 0.692552 0.248828
0 0.553988 0.276703 0.573767 0.276703 0.573767 0.305525 0.553988 0.305525
0 0.906560 0.469045 0.914765 0.469045 0.914765 0.485049 0.906560 0.485049
0 0.555856 0.522170 0.576636 0.522170 0.576636 0.555621 0.555856 0.555621
0 0.646911 0.560172 0.667788 0.560172 0.667788 0.593808 0.646911 0.593808
0 0.933545 0.484177 0.946855 0.484177 0.946855 0.509647 0.933545 0.509647
0 0.585882 0.503071 0.606536 0.503071 0.606536 0.536376 0.585882 0.536376
0 0.680972 0.502906 0.701580 0.502906 0.701580 0.536004 0.680972 0.536004
0 0.646721 0.503192 0.667361 0.503192 0.667361 0.536603 0.646721 0.536603
0 0.711841 0.503351 0.732882 0.503351 0.732882 0.537012 0.711841 0.537012
0 0.616597 0.559941 0.637586 0.559941 0.637586 0.593442 0.616597 0.593442
0 0.944751 0.521325 0.961703 0.521325 0.961703 0.530367 0.944751 0.530367
0 0.678884 0.560993 0.699899 0.560993 0.699899 0.594851 0.678884 0.594851
0 0.709978 0.562029 0.731340 0.562029 0.731340 0.595346 0.709978 0.595346
0 0.616467 0.502933 0.637027 0.502933 0.637027 0.536186 0.616467 0.536186
0 0.524738 0.525995 0.544349 0.525995 0.544349 0.554467 0.524738 0.554467
0 0.791186 0.512732 0.801656 0.512732 0.801656 0.529778 0.791186 0.529778
0 0.747324 0.511526 0.756245 0.511526 0.756245 0.528726 0.747324 0.528726
1 0.174771 0.237833 0.190687 0.237833 0.190687 0.243126 0.174771 0.243126
1 0.175202 0.196829 0.190507 0.196829 0.190507 0.201530 0.175202 0.201530
1 0.173963 0.157023 0.189879 0.157023 0.189879 0.161496 0.173963 0.161496
1 0.140900 0.194782 0.156229 0.194782 0.156229 0.199590 0.140900 0.199590
1 0.145167 0.068912 0.161086 0.068912 0.161086 0.073751 0.145167 0.073751
1 0.175062 0.127677 0.190304 0.127677 0.190304 0.132093 0.175062 0.132093
1 0.175892 0.077622 0.191519 0.077622 0.191519 0.082633 0.175892 0.082633
1 0.174612 0.226025 0.190535 0.226025 0.190535 0.230366 0.174612 0.230366
1 0.175455 0.107273 0.191270 0.107273 0.191270 0.111459 0.175455 0.111459
1 0.145505 0.027692 0.160842 0.027692 0.160842 0.032207 0.145505 0.032207
1 0.140285 0.224002 0.156363 0.224002 0.156363 0.228146 0.140285 0.228146
1 0.145006 0.056943 0.161237 0.056943 0.161237 0.061317 0.145006 0.061317
1 0.157181 0.170711 0.162814 0.170711 0.162814 0.186654 0.157181 0.186654
1 0.143104 0.109612 0.159301 0.109612 0.159301 0.114597 0.143104 0.114597
1 0.014223 0.204967 0.019426 0.204967 0.019426 0.220852 0.014223 0.220852
1 0.187442 0.171112 0.191896 0.171112 0.191896 0.186311 0.187442 0.186311
1 0.144696 0.098323 0.160657 0.098323 0.160657 0.102424 0.144696 0.102424
1 0.143174 0.139377 0.159386 0.139377 0.159386 0.143727 0.143174 0.143727
1 0.015403 0.026553 0.020009 0.026553 0.020009 0.041951 0.015403 0.041951
1 0.043899 0.076876 0.047970 0.076876 0.047970 0.092667 0.043899 0.092667
1 0.176772 0.026048 0.192038 0.026048 0.192038 0.030493 0.176772 0.030493
1 0.014528 0.119097 0.019720 0.119097 0.019720 0.135373 0.014528 0.135373
1 0.043914 0.162147 0.048286 0.162147 0.048286 0.177668 0.043914 0.177668
1 0.176163 0.055066 0.192038 0.055066 0.192038 0.060037 0.176163 0.060037
1 0.140526 0.239042 0.156181 0.239042 0.156181 0.243436 0.140526 0.243436
1 0.045003 0.026709 0.048415 0.026709 0.048415 0.042054 0.045003 0.042054
1 0.044474 0.205246 0.047849 0.205246 0.047849 0.220908 0.044474 0.220908
1 0.013708 0.247727 0.019296 0.247727 0.019296 0.262022 0.013708 0.262022
1 0.013965 0.161687 0.018824 0.161687 0.018824 0.177714 0.013965 0.177714
1 0.044992 0.119756 0.048203 0.119756 0.048203 0.135522 0.044992 0.135522
1 0.014385 0.076780 0.018770 0.076780 0.018770 0.092421 0.014385 0.092421
1 0.173625 0.399633 0.189495 0.399633 0.189495 0.404770 0.173625 0.404770
1 0.145120 0.494923 0.161035 0.494923 0.161035 0.499952 0.145120 0.499952
1 0.174319 0.313233 0.190359 0.313233 0.190359 0.317453 0.174319 0.317453
1 0.174417 0.324612 0.190446 0.324612 0.190446 0.329733 0.174417 0.329733
1 0.140036 0.399448 0.155905 0.399448 0.155905 0.404848 0.140036 0.404848
1 0.174200 0.354356 0.190268 0.354356 0.190268 0.358628 0.174200 0.358628
1 0.139956 0.353751 0.156935 0.353751 0.156935 0.358141 0.139956 0.358141
1 0.012679 0.420193 0.017527 0.420193 0.017527 0.435699 0.012679 0.435699
1 0.013274 0.334479 0.018242 0.334479 0.018242 0.350438 0.013274 0.350438
1 0.140198 0.313546 0.156125 0.313546 0.156125 0.317327 0.140198 0.317327
1 0.140211 0.324236 0.156259 0.324236 0.156259 0.329154 0.140211 0.329154
1 0.175059 0.284108 0.190739 0.284108 0.190739 0.288755 0.175059 0.288755
1 0.139532 0.429220 0.156102 0.429220 0.156102 0.433257 0.139532 0.433257
1 0.013052 0.377313 0.017965 0.377313 0.017965 0.393444 0.013052 0.393444
1 0.137270 0.369369 0.142592 0.369369 0.142592 0.384993 0.137270 0.384993
1 0.174107 0.267527 0.190211 0.267527 0.190211 0.271565 0.174107 0.271565
1 0.172816 0.429565 0.189289 0.429565 0.189289 0.433528 0.172816 0.433528
1 0.044082 0.290266 0.047290 0.290266 0.047290 0.305837 0.044082 0.305837
1 0.140684 0.283721 0.156368 0.283721 0.156368 0.289292 0.140684 0.289292
1 0.042745 0.419818 0.046112 0.419818 0.046112 0.435217 0.042745 0.435217
1 0.043456 0.334440 0.047271 0.334440 0.047271 0.350466 0.043456 0.350466
1 0.167318 0.369932 0.171987 0.369932 0.171987 0.385223 0.167318 0.385223
1 0.044194 0.247512 0.047454 0.247512 0.047454 0.263034 0.044194 0.263034
1 0.043140 0.377333 0.046903 0.377333 0.046903 0.393247 0.043140 0.393247
1 0.140096 0.268024 0.156214 0.268024 0.156214 0.272581 0.140096 0.272581
1 0.013822 0.289867 0.018747 0.289867 0.018747 0.305928 0.013822 0.305928
1 0.178694 0.536096 0.194781 0.536096 0.194781 0.541304 0.178694 0.541304
1 0.146382 0.581561 0.162152 0.581561 0.162152 0.586644 0.146382 0.586644
1 0.144756 0.535972 0.160803 0.535972 0.160803 0.541202 0.144756 0.541202
1 0.177927 0.672277 0.194345 0.672277 0.194345 0.677762 0.177927 0.677762
1 0.178606 0.629316 0.194348 0.629316 0.194348 0.634222 0.178606 0.634222
1 0.178141 0.658653 0.194124 0.658653 0.194124 0.662606 0.178141 0.662606
1 0.178581 0.565946 0.194335 0.565946 0.194335 0.569938 0.178581 0.569938
1 0.146174 0.611140 0.161804 0.611140 0.161804 0.615148 0.146174 0.615148
1 0.016990 0.718100 0.022064 0.718100 0.022064 0.734109 0.016990 0.734109
1 0.150307 0.714227 0.166818 0.714227 0.166818 0.718995 0.150307 0.718995
1 0.144698 0.565374 0.160873 0.565374 0.160873 0.569497 0.144698 0.569497
1 0.144104 0.626441 0.160489 0.626441 0.160489 0.631353 0.144104 0.631353
1 0.178039 0.615857 0.194161 0.615857 0.194161 0.620515 0.178039 0.620515
1 0.150699 0.673241 0.166909 0.673241 0.166909 0.678835 0.150699 0.678835
1 0.017352 0.588616 0.022052 0.588616 0.022052 0.604328 0.017352 0.604328
1 0.144715 0.524438 0.161070 0.524438 0.161070 0.528701 0.144715 0.528701
1 0.178177 0.713938 0.193711 0.713938 0.193711 0.719071 0.178177 0.719071
1 0.018196 0.504748 0.022452 0.504748 0.022452 0.520513 0.018196 0.520513
1 0.017039 0.675663 0.021895 0.675663 0.021895 0.691354 0.017039 0.691354
1 0.016999 0.632809 0.021392 0.632809 0.021392 0.648451 0.016999 0.648451
1 0.178895 0.587158 0.193890 0.587158 0.193890 0.591081 0.178895 0.591081
1 0.144095 0.655852 0.159955 0.655852 0.159955 0.660182 0.144095 0.660182
1 0.046500 0.632963 0.050572 0.632963 0.050572 0.648627 0.046500 0.648627
1 0.150162 0.743447 0.166541 0.743447 0.166541 0.748193 0.150162 0.748193
1 0.177997 0.743515 0.193882 0.743515 0.193882 0.747831 0.177997 0.747831
1 0.017985 0.545703 0.022753 0.545703 0.022753 0.561853 0.017985 0.561853
1 0.046992 0.675827 0.050622 0.675827 0.050622 0.691002 0.046992 0.691002
1 0.047172 0.588775 0.051018 0.588775 0.051018 0.604292 0.047172 0.604292
1 0.177579 0.702459 0.194104 0.702459 0.194104 0.706104 0.177579 0.706104
1 0.150907 0.703557 0.166991 0.703557 0.166991 0.707095 0.150907 0.707095
1 0.047489 0.505171 0.051066 0.505171 0.051066 0.520472 0.047489 0.520472
1 0.047240 0.718451 0.050313 0.718451 0.050313 0.733707 0.047240 0.733707
1 0.047926 0.546156 0.051369 0.546156 0.051369 0.561603 0.047926 0.561603
1 0.150001 0.807539 0.166485 0.807539 0.166485 0.812368 0.150001 0.812368
1 0.016647 0.801809 0.021312 0.801809 0.021312 0.817376 0.016647 0.817376
1 0.150949 0.765641 0.167112 0.765641 0.167112 0.770722 0.150949 0.770722
1 0.016802 0.759302 0.022081 0.759302 0.022081 0.774846 0.016802 0.774846
1 0.177364 0.754277 0.193565 0.754277 0.193565 0.759270 0.177364 0.759270
1 0.196733 0.968535 0.201723 0.968535 0.201723 0.984088 0.196733 0.984088
1 0.176853 0.836644 0.192250 0.836644 0.192250 0.841360 0.176853 0.841360
1 0.149607 0.837058 0.165615 0.837058 0.165615 0.841140 0.149607 0.841140
1 0.176929 0.877616 0.192504 0.877616 0.192504 0.882228 0.176929 0.882228
1 0.177009 0.795553 0.193482 0.795553 0.193482 0.800676 0.177009 0.800676
1 0.150947 0.795259 0.167347 0.795259 0.167347 0.799160 0.150947 0.799160
1 0.175963 0.907191 0.192542 0.907191 0.192542 0.911311 0.175963 0.911311
1 0.176475 0.866022 0.192636 0.866022 0.192636 0.869972 0.176475 0.869972
1 0.166898 0.968407 0.171714 0.968407 0.171714 0.984174 0.166898 0.984174
1 0.046486 0.801830 0.049764 0.801830 0.049764 0.817373 0.046486 0.817373
1 0.176706 0.783819 0.193028 0.783819 0.193028 0.787828 0.176706 0.787828
1 0.176754 0.825288 0.193389 0.825288 0.193389 0.829346 0.176754 0.829346
1 0.046850 0.759516 0.049957 0.759516 0.049957 0.774583 0.046850 0.774583
1 0.285915 0.187305 0.301966 0.187305 0.301966 0.192497 0.285915 0.192497
1 0.283579 0.121223 0.288680 0.121223 0.288680 0.137546 0.283579 0.137546
1 0.285729 0.228052 0.301571 0.228052 0.301571 0.232834 0.285729 0.232834
1 0.286348 0.146424 0.302382 0.146424 0.302382 0.151546 0.286348 0.151546
1 0.319922 0.229258 0.335350 0.229258 0.335350 0.233384 0.319922 0.233384
1 0.284691 0.037293 0.290208 0.037293 0.290208 0.053100 0.284691 0.053100
1 0.313359 0.121292 0.318533 0.121292 0.318533 0.137083 0.313359 0.137083
1 0.286408 0.217046 0.302263 0.217046 0.302263 0.220979 0.286408 0.220979
1 0.314202 0.080445 0.318355 0.080445 0.318355 0.096194 0.314202 0.096194
1 0.286242 0.176105 0.302843 0.176105 0.302843 0.180082 0.286242 0.180082
1 0.285660 0.257670 0.301958 0.257670 0.301958 0.261983 0.285660 0.261983
1 0.315014 0.037403 0.318968 0.037403 0.318968 0.053174 0.315014 0.053174
1 0.284344 0.080286 0.289293 0.080286 0.289293 0.096121 0.284344 0.096121
1 0.379594 0.434146 0.396016 0.434146 0.396016 0.449726 0.379594 0.449726
1 0.345085 0.451509 0.359648 0.451509 0.359648 0.464018 0.345085 0.464018
1 0.345113 0.418887 0.360002 0.418887 0.360002 0.431759 0.345113 0.431759
1 0.314032 0.382565 0.317451 0.382565 0.317451 0.398377 0.314032 0.398377
1 0.284011 0.382233 0.288907 0.382233 0.288907 0.398418 0.284011 0.398418
1 0.283701 0.412759 0.288612 0.412759 0.288612 0.428340 0.283701 0.428340
1 0.285829 0.269026 0.301840 0.269026 0.301840 0.274112 0.285829 0.274112
1 0.319272 0.259471 0.335608 0.259471 0.335608 0.263911 0.319272 0.263911
1 0.282740 0.344612 0.287777 0.344612 0.287777 0.360645 0.282740 0.360645
1 0.285753 0.298653 0.302404 0.298653 0.302404 0.303085 0.285753 0.303085
1 0.283312 0.450396 0.288437 0.450396 0.288437 0.465971 0.283312 0.465971
1 0.313470 0.412730 0.318220 0.412730 0.318220 0.428751 0.313470 0.428751
1 0.346240 0.312593 0.351779 0.312593 0.351779 0.328226 0.346240 0.328226
1 0.376012 0.312929 0.380081 0.312929 0.380081 0.328009 0.376012 0.328009
1 0.312697 0.344916 0.316137 0.344916 0.316137 0.360227 0.312697 0.360227
1 0.313192 0.450801 0.317798 0.450801 0.317798 0.466573 0.313192 0.466573
1 0.286416 0.675206 0.291416 0.675206 0.291416 0.691576 0.286416 0.691576
1 0.287070 0.548225 0.291527 0.548225 0.291527 0.563997 0.287070 0.563997
1 0.286422 0.634343 0.291453 0.634343 0.291453 0.650571 0.286422 0.650571
1 0.286705 0.717925 0.291955 0.717925 0.291955 0.733981 0.286705 0.733981
1 0.316257 0.634783 0.321240 0.634783 0.321240 0.650441 0.316257 0.650441
1 0.316217 0.675706 0.320456 0.675706 0.320456 0.691333 0.316217 0.691333
1 0.316610 0.548477 0.319833 0.548477 0.319833 0.564063 0.316610 0.564063
1 0.316923 0.718573 0.320067 0.718573 0.320067 0.733753 0.316923 0.733753
1 0.286494 0.760574 0.291196 0.760574 0.291196 0.776315 0.286494 0.776315
1 0.411695 0.782565 0.415682 0.782565 0.415682 0.798160 0.411695 0.798160
1 0.285668 0.846035 0.290702 0.846035 0.290702 0.861880 0.285668 0.861880
1 0.286421 0.799001 0.291443 0.799001 0.291443 0.814897 0.286421 0.814897
1 0.293125 0.897416 0.298356 0.897416 0.298356 0.913162 0.293125 0.913162
1 0.315693 0.846241 0.319558 0.846241 0.319558 0.861804 0.315693 0.861804
1 0.381541 0.782288 0.386043 0.782288 0.386043 0.798513 0.381541 0.798513
1 0.285237 0.941533 0.289684 0.941533 0.289684 0.957383 0.285237 0.957383
1 0.316233 0.760760 0.319600 0.760760 0.319600 0.776652 0.316233 0.776652
1 0.322972 0.897829 0.327283 0.897829 0.327283 0.913103 0.322972 0.913103
1 0.314842 0.941550 0.318550 0.941550 0.318550 0.957722 0.314842 0.957722
1 0.316321 0.799145 0.319669 0.799145 0.319669 0.814877 0.316321 0.814877
1 0.636620 0.206251 0.660640 0.206251 0.660640 0.214738 0.636620 0.214738
1 0.682878 0.225106 0.692454 0.225106 0.692454 0.249060 0.682878 0.249060
1 0.636320 0.248517 0.660491 0.248517 0.660491 0.257472 0.636320 0.257472
1 0.726708 0.225674 0.733741 0.225674 0.733741 0.249045 0.726708 0.249045
1 0.647311 0.366228 0.672097 0.366228 0.672097 0.375205 0.647311 0.375205
1 0.682480 0.295350 0.691710 0.295350 0.691710 0.318917 0.682480 0.318917
1 0.682713 0.261332 0.691992 0.261332 0.691992 0.284609 0.682713 0.284609
1 0.584544 0.494010 0.608002 0.494010 0.608002 0.502916 0.584544 0.502916
1 0.615305 0.494085 0.638979 0.494085 0.638979 0.502681 0.615305 0.502681
1 0.551822 0.305723 0.575618 0.305723 0.575618 0.316772 0.551822 0.316772
1 0.583180 0.308599 0.607209 0.308599 0.607209 0.316951 0.583180 0.316951
1 0.682121 0.331440 0.691693 0.331440 0.691693 0.354586 0.682121 0.354586
1 0.617274 0.308182 0.641119 0.308182 0.641119 0.317143 0.617274 0.317143
1 0.649537 0.308507 0.673438 0.308507 0.673438 0.317274 0.649537 0.317274
1 0.617642 0.265755 0.641426 0.265755 0.641426 0.274277 0.617642 0.274277
1 0.552162 0.265755 0.575644 0.265755 0.575644 0.276244 0.552162 0.276244
1 0.650218 0.266058 0.673714 0.266058 0.673714 0.274548 0.650218 0.274548
1 0.726239 0.261621 0.733693 0.261621 0.733693 0.284787 0.726239 0.284787
1 0.583575 0.265821 0.607333 0.265821 0.607333 0.274628 0.583575 0.274628
1 0.647997 0.324182 0.671811 0.324182 0.671811 0.332453 0.647997 0.332453
1 0.725939 0.331458 0.733151 0.331458 0.733151 0.355017 0.725939 0.355017
1 0.725644 0.295623 0.733255 0.295623 0.733255 0.319032 0.725644 0.319032
1 0.710341 0.494614 0.734761 0.494614 0.734761 0.503450 0.710341 0.503450
1 0.677667 0.594878 0.701688 0.594878 0.701688 0.603789 0.677667 0.603789
1 0.554501 0.513557 0.578287 0.513557 0.578287 0.521989 0.554501 0.521989
1 0.522063 0.554992 0.545645 0.554992 0.545645 0.564847 0.522063 0.564847
1 0.614957 0.551280 0.638837 0.551280 0.638837 0.559915 0.614957 0.559915
1 0.554273 0.555814 0.578270 0.555814 0.578270 0.564555 0.554273 0.564555
1 0.522208 0.514359 0.545864 0.514359 0.545864 0.525296 0.522208 0.525296
1 0.708430 0.595406 0.732311 0.595406 0.732311 0.603861 0.708430 0.603861
1 0.680081 0.494366 0.703973 0.494366 0.703973 0.502548 0.680081 0.502548
1 0.645714 0.551371 0.669429 0.551371 0.669429 0.560065 0.645714 0.560065
1 0.614427 0.593346 0.638699 0.593346 0.638699 0.602534 0.614427 0.602534
1 0.645242 0.594054 0.669189 0.594054 0.669189 0.602781 0.645242 0.602781
1 0.584366 0.536463 0.607955 0.536463 0.607955 0.545028 0.584366 0.545028
1 0.710602 0.536977 0.734400 0.536977 0.734400 0.545594 0.710602 0.545594
1 0.679740 0.536238 0.703653 0.536238 0.703653 0.545400 0.679740 0.545400
1 0.645720 0.536575 0.669427 0.536575 0.669427 0.545352 0.645720 0.545352
1 0.615015 0.536371 0.638803 0.536371 0.638803 0.545289 0.615015 0.545289
1 0.645965 0.494289 0.669725 0.494289 0.669725 0.503052 0.645965 0.503052
1 0.678329 0.552674 0.701947 0.552674 0.701947 0.561010 0.678329 0.561010
1 0.708846 0.552837 0.732863 0.552837 0.732863 0.561765 0.708846 0.561765
1 0.758544 0.157734 0.774174 0.157734 0.774174 0.161689 0.758544 0.161689
1 0.837954 0.026513 0.853929 0.026513 0.853929 0.030736 0.837954 0.030736
1 0.862071 0.026458 0.877620 0.026458 0.877620 0.030419 0.862071 0.030419
1 0.838435 0.056309 0.853675 0.056309 0.853675 0.060444 0.838435 0.060444
1 0.861507 0.056568 0.878122 0.056568 0.878122 0.060793 0.861507 0.060793
1 0.967021 0.041696 0.982567 0.041696 0.982567 0.045750 0.967021 0.045750
1 0.967269 0.011636 0.982641 0.011636 0.982641 0.015507 0.967269 0.015507
1 0.758575 0.127567 0.774418 0.127567 0.774418 0.131335 0.758575 0.131335
1 0.854112 0.385033 0.877941 0.385033 0.877941 0.393236 0.854112 0.393236
1 0.854358 0.342416 0.877894 0.342416 0.877894 0.350914 0.854358 0.350914
1 0.932036 0.479435 0.947532 0.479435 0.947532 0.484039 0.932036 0.484039
1 0.796263 0.370048 0.801873 0.370048 0.801873 0.385592 0.796263 0.385592
1 0.801193 0.349951 0.804844 0.349951 0.804844 0.357852 0.801193 0.357852
1 0.821757 0.349658 0.825575 0.349658 0.825575 0.357951 0.821757 0.357951
1 0.906380 0.485100 0.914517 0.485100 0.914517 0.488524 0.906380 0.488524
1 0.826270 0.370455 0.830216 0.370455 0.830216 0.384983 0.826270 0.384983
1 0.906435 0.466039 0.914590 0.466039 0.914590 0.469265 0.906435 0.469265
1 0.931842 0.509717 0.947413 0.509717 0.947413 0.513824 0.931842 0.513824
1 0.747360 0.528718 0.756029 0.528718 0.756029 0.532187 0.747360 0.532187
1 0.961657 0.522023 0.964801 0.522023 0.964801 0.530210 0.961657 0.530210
1 0.747409 0.508207 0.756056 0.508207 0.756056 0.511726 0.747409 0.511726
1 0.791536 0.529744 0.800858 0.529744 0.800858 0.533020 0.791536 0.533020
1 0.941021 0.521360 0.944644 0.521360 0.944644 0.530436 0.941021 0.530436
1 0.791678 0.509679 0.801044 0.509679 0.801044 0.512850 0.791678 0.512850
