0 0.262907 0.509684 0.263532 0.847049 0.600897 0.846424 0.600272 0.510308
0 0.200962 0.477613 0.215026 0.477593 0.214989 0.452187 0.200925 0.452207
0 0.167027 0.354561 0.180178 0.354543 0.180143 0.329327 0.166992 0.329345
0 0.101567 0.383714 0.115998 0.383697 0.115968 0.358163 0.101537 0.358180
0 0.082558 0.162939 0.082582 0.177692 0.108296 0.177649 0.108272 0.162896
0 0.125936 0.386782 0.140298 0.386764 0.140266 0.361516 0.125904 0.361535
0 0.142045 0.277584 0.142065 0.290931 0.167446 0.290893 0.167426 0.277546
0 0.295850 0.338791 0.295865 0.356873 0.328876 0.356845 0.328861 0.338763
0 0.102634 0.480589 0.115322 0.480575 0.115295 0.455325 0.102607 0.455339
0 0.195484 0.400933 0.208268 0.400922 0.208247 0.375362 0.195464 0.375373
0 0.345320 0.374446 0.354539 0.374437 0.354524 0.358517 0.345305 0.358526
0 0.268834 0.452071 0.276798 0.452053 0.276763 0.436404 0.268799 0.436421
0 0.151215 0.471019 0.165188 0.471010 0.165173 0.445279 0.151199 0.445287
0 0.099821 0.438105 0.114442 0.438098 0.114428 0.412294 0.099807 0.412302
0 0.046319 0.481514 0.058935 0.481508 0.058922 0.455656 0.046306 0.455662
0 0.364322 0.338833 0.364341 0.357425 0.397456 0.357391 0.397437 0.338799
0 0.108279 0.342390 0.122624 0.342372 0.122592 0.316993 0.108247 0.317011
0 0.239039 0.400409 0.253464 0.400386 0.253424 0.374956 0.239000 0.374978
0 0.060680 0.429608 0.060700 0.442854 0.086211 0.442815 0.086190 0.429568
0 0.020768 0.455382 0.033869 0.455368 0.033842 0.429913 0.020740 0.429927
0 0.346009 0.342705 0.353821 0.342691 0.353794 0.326978 0.345981 0.326992
0 0.232211 0.424488 0.232226 0.433612 0.248491 0.433585 0.248476 0.424461
0 0.170525 0.501104 0.179402 0.501088 0.179373 0.484778 0.170496 0.484794
0 0.238053 0.352676 0.252370 0.352661 0.252345 0.327479 0.238028 0.327493
0 0.124488 0.481525 0.138181 0.481497 0.138129 0.456024 0.124435 0.456053
0 0.216779 0.401247 0.231174 0.401235 0.231155 0.376002 0.216760 0.376013
0 0.185390 0.034612 0.193488 0.034596 0.193458 0.018809 0.185360 0.018825
0 0.069228 0.405875 0.083490 0.405859 0.083462 0.380257 0.069200 0.380273
0 0.075394 0.481369 0.088304 0.481362 0.088290 0.456031 0.075379 0.456039
0 0.288302 0.442759 0.288322 0.452143 0.304613 0.452107 0.304593 0.442723
0 0.287236 0.247746 0.296000 0.247727 0.295963 0.230948 0.287199 0.230967
0 0.152739 0.397080 0.167215 0.397062 0.167183 0.371822 0.152708 0.371841
0 0.312244 0.387562 0.312275 0.395303 0.327953 0.395240 0.327922 0.387498
0 0.271082 0.203139 0.279120 0.203126 0.279095 0.187185 0.271057 0.187198
0 0.248830 0.462269 0.256495 0.462249 0.256454 0.446580 0.248789 0.446600
0 0.192657 0.492708 0.192686 0.500810 0.208309 0.500754 0.208279 0.492651
0 0.295930 0.425524 0.303890 0.425505 0.303852 0.409967 0.295892 0.409986
0 0.352137 0.410831 0.352172 0.419897 0.368334 0.419834 0.368299 0.410769
0 0.103225 0.516939 0.112900 0.516903 0.112838 0.499896 0.103163 0.499932
0 0.192505 0.512945 0.192531 0.520932 0.208115 0.520880 0.208088 0.512893
0 0.086530 0.129466 0.086562 0.137300 0.102080 0.137238 0.102049 0.129405
0 0.279201 0.426218 0.288706 0.426186 0.288650 0.409661 0.279145 0.409693
0 0.240731 0.175486 0.249679 0.175458 0.249630 0.159180 0.240681 0.159207
0 0.231211 0.462993 0.239763 0.462962 0.239704 0.446805 0.231152 0.446837
0 0.270580 0.246918 0.278585 0.246906 0.278561 0.231642 0.270556 0.231654
0 0.030503 0.818398 0.030538 0.832696 0.056113 0.832632 0.056077 0.818334
0 0.070252 0.921095 0.084759 0.921086 0.084743 0.895273 0.070236 0.895282
0 0.083669 0.963644 0.083694 0.976543 0.108511 0.976493 0.108485 0.963595
0 0.063227 0.586562 0.063252 0.599888 0.088376 0.599840 0.088351 0.586514
0 0.058458 0.608993 0.058484 0.622360 0.083624 0.622313 0.083599 0.608946
0 0.071500 0.933084 0.071538 0.946357 0.096672 0.946284 0.096633 0.933012
0 0.049002 0.674205 0.061733 0.674183 0.061691 0.648920 0.048959 0.648941
0 0.031113 0.583717 0.045204 0.583691 0.045157 0.558118 0.031066 0.558144
0 0.198006 0.764378 0.198020 0.773395 0.214963 0.773369 0.214949 0.764352
0 0.111971 0.935369 0.111990 0.948872 0.137111 0.948837 0.137092 0.935334
0 0.399912 0.911513 0.407952 0.911495 0.407917 0.895679 0.399877 0.895696
0 0.115113 0.755321 0.128243 0.755308 0.128218 0.730079 0.115088 0.730092
0 0.059540 0.866541 0.059581 0.881343 0.084800 0.881274 0.084759 0.866472
0 0.109527 0.592763 0.109549 0.607117 0.134935 0.607078 0.134912 0.592724
0 0.181699 0.546764 0.189785 0.546750 0.189758 0.531197 0.181672 0.531211
0 0.354365 0.952189 0.362289 0.952174 0.362259 0.936603 0.354335 0.936619
0 0.282701 0.946969 0.303806 0.946962 0.303795 0.915014 0.282691 0.915021
0 0.197641 0.662275 0.211701 0.662253 0.211662 0.636923 0.197602 0.636944
0 0.354191 0.911350 0.361931 0.911339 0.361909 0.895808 0.354169 0.895819
0 0.073591 0.684850 0.073611 0.698411 0.098972 0.698375 0.098953 0.684813
0 0.173824 0.698314 0.173841 0.706377 0.189578 0.706343 0.189560 0.698281
0 0.123341 0.964498 0.123352 0.978124 0.148634 0.978104 0.148623 0.964478
0 0.144008 0.826888 0.156505 0.826876 0.156482 0.802666 0.143985 0.802678
0 0.167622 0.962764 0.167645 0.976321 0.192962 0.976279 0.192939 0.962722
0 0.400581 0.952144 0.408729 0.952131 0.408703 0.936465 0.400555 0.936478
0 0.109626 0.569681 0.109640 0.584119 0.135286 0.584095 0.135273 0.569657
0 0.038277 0.959837 0.059995 0.959795 0.059929 0.926206 0.038212 0.926248
0 0.187672 0.847504 0.187684 0.855575 0.203221 0.855552 0.203209 0.847481
0 0.263088 0.928309 0.271634 0.928294 0.271607 0.912362 0.263061 0.912376
0 0.453644 0.908764 0.453652 0.916862 0.469153 0.916847 0.469146 0.908749
0 0.001083 0.816231 0.014222 0.816224 0.014208 0.790707 0.001069 0.790714
0 0.119940 0.633290 0.119967 0.641163 0.135589 0.641108 0.135561 0.633235
0 0.160920 0.586955 0.175060 0.586954 0.175059 0.561763 0.160919 0.561763
0 0.427491 0.943972 0.427512 0.951878 0.443154 0.951835 0.443133 0.943930
0 0.055135 0.569807 0.069287 0.569793 0.069262 0.544317 0.055109 0.544331
0 0.188075 0.870683 0.188098 0.878599 0.203700 0.878553 0.203677 0.870636
0 0.460292 0.928367 0.460318 0.936246 0.475691 0.936196 0.475665 0.928316
0 0.189453 0.781062 0.189480 0.789081 0.205096 0.789029 0.205069 0.781010
0 0.076933 0.520924 0.089784 0.520909 0.089754 0.495080 0.076903 0.495095
0 0.187938 0.894841 0.187963 0.902742 0.203614 0.902693 0.203589 0.894792
0 0.165142 0.544569 0.173911 0.544545 0.173865 0.527943 0.165097 0.527967
0 0.180984 0.715289 0.181009 0.723334 0.196841 0.723285 0.196816 0.715240
0 0.320694 0.906273 0.320716 0.914247 0.336304 0.914203 0.336281 0.906229
0 0.120480 0.695659 0.120501 0.705172 0.137064 0.705134 0.137042 0.695622
0 0.148522 0.725635 0.148538 0.733643 0.164227 0.733612 0.164211 0.725604
0 0.229618 0.869852 0.229645 0.877890 0.245528 0.877838 0.245502 0.869800
0 0.327582 0.941946 0.327599 0.950255 0.342956 0.950225 0.342940 0.941915
0 0.119912 0.615531 0.119932 0.625132 0.136053 0.625099 0.136033 0.615498
0 0.229603 0.850867 0.229629 0.859026 0.245424 0.858977 0.245399 0.850817
0 0.229783 0.893850 0.229801 0.901737 0.245657 0.901702 0.245639 0.893815
0 0.377415 0.952239 0.385484 0.952223 0.385453 0.936396 0.377383 0.936412
0 0.197538 0.753582 0.205683 0.753562 0.205644 0.737687 0.197498 0.737707
0 0.377069 0.911547 0.384971 0.911536 0.384947 0.895813 0.377046 0.895825
0 0.188799 0.821000 0.188830 0.829139 0.204005 0.829080 0.203974 0.820942
0 0.147771 0.774173 0.147787 0.782343 0.163489 0.782312 0.163472 0.774142
0 0.427349 0.921653 0.427372 0.929725 0.442739 0.929682 0.442716 0.921610
0 0.454940 0.966058 0.463318 0.966049 0.463299 0.950208 0.454922 0.950218
0 0.799882 0.292994 0.812106 0.292978 0.812072 0.267627 0.799848 0.267644
0 0.733234 0.299784 0.754466 0.299718 0.754360 0.265454 0.733127 0.265520
0 0.765706 0.300089 0.786954 0.300058 0.786904 0.266443 0.765656 0.266474
0 0.566956 0.208489 0.576391 0.208474 0.576362 0.191136 0.566928 0.191151
0 0.580917 0.264635 0.580936 0.273526 0.597939 0.273489 0.597920 0.264598
0 0.544635 0.112183 0.552475 0.112174 0.552457 0.096406 0.544617 0.096415
0 0.541088 0.136147 0.541112 0.145804 0.558472 0.145761 0.558448 0.136104
0 0.572731 0.064196 0.580679 0.064181 0.580651 0.048246 0.572702 0.048261
0 0.510495 0.132999 0.510511 0.143370 0.527309 0.143344 0.527293 0.132974
0 0.578306 0.254373 0.587546 0.254346 0.587497 0.236997 0.578257 0.237024
0 0.545746 0.078525 0.553620 0.078493 0.553558 0.062849 0.545684 0.062880
0 0.596267 0.119317 0.605838 0.119282 0.605776 0.102382 0.596206 0.102417
0 0.578081 0.119081 0.586648 0.119052 0.586594 0.103135 0.578027 0.103164
0 0.669847 0.788605 0.711854 0.788443 0.711646 0.734528 0.669640 0.734690
0 0.768129 0.788634 0.776402 0.788624 0.776383 0.772932 0.768110 0.772942
0 0.767819 0.747664 0.776143 0.747654 0.776124 0.732063 0.767800 0.732073
0 0.584458 0.928460 0.584465 0.936469 0.600044 0.936456 0.600037 0.928447
0 0.649559 0.710310 0.657426 0.710296 0.657396 0.694611 0.649530 0.694626
0 0.552153 0.911174 0.559869 0.911162 0.559844 0.895408 0.552128 0.895420
0 0.752435 0.582780 0.767400 0.582760 0.767366 0.557266 0.752401 0.557286
0 0.617830 0.866336 0.617846 0.874303 0.632854 0.874272 0.632838 0.866306
0 0.737896 0.654483 0.737920 0.670347 0.763743 0.670306 0.763718 0.654443
0 0.697844 0.542306 0.707402 0.542293 0.707380 0.526024 0.697822 0.526037
0 0.648398 0.755460 0.658306 0.755440 0.658270 0.738305 0.648362 0.738326
0 0.625998 0.931475 0.626021 0.940831 0.642382 0.940790 0.642358 0.931433
0 0.731961 0.529841 0.741622 0.529822 0.741591 0.513328 0.731929 0.513346
0 0.699938 0.619339 0.708025 0.619313 0.707975 0.603662 0.699889 0.603688
0 0.733691 0.624337 0.743700 0.624317 0.743667 0.608023 0.733658 0.608043
0 0.613621 0.848916 0.613641 0.857194 0.628998 0.857158 0.628979 0.848880
0 0.594867 0.883743 0.594891 0.891833 0.610486 0.891788 0.610462 0.883698
0 0.617919 0.971069 0.625913 0.971049 0.625875 0.955692 0.617882 0.955712
0 0.680961 0.618965 0.689209 0.618929 0.689141 0.603326 0.680894 0.603361
0 0.593867 0.900714 0.593884 0.909517 0.610096 0.909486 0.610079 0.900683
0 0.553632 0.972086 0.553658 0.980569 0.569781 0.980521 0.569756 0.972037
0 0.721042 0.686358 0.721071 0.695411 0.737485 0.695360 0.737456 0.686307
0 0.557083 0.950482 0.557111 0.959456 0.573093 0.959404 0.573064 0.950431
0 0.716781 0.619547 0.726310 0.619511 0.726249 0.603442 0.716721 0.603478
1 0.108454 0.178802 0.112140 0.178798 0.112120 0.161806 0.108435 0.161811
1 0.248916 0.159226 0.248925 0.156234 0.240983 0.156211 0.240974 0.159203
1 0.079232 0.178641 0.082515 0.178639 0.082508 0.162356 0.079225 0.162358
1 0.249876 0.178714 0.249877 0.175505 0.240476 0.175502 0.240475 0.178712
1 0.083667 0.137546 0.086955 0.137544 0.086950 0.129017 0.083662 0.129019
1 0.101983 0.137537 0.104409 0.137541 0.104424 0.129538 0.101997 0.129533
1 0.192788 0.037259 0.192790 0.034649 0.185510 0.034644 0.185508 0.037254
1 0.193162 0.019266 0.193175 0.016704 0.185783 0.016667 0.185770 0.019229
1 0.090608 0.495303 0.090609 0.490968 0.076044 0.490965 0.076043 0.495300
1 0.165134 0.354679 0.165142 0.358737 0.181701 0.358705 0.181693 0.354647
1 0.086106 0.443418 0.090127 0.443414 0.090111 0.428020 0.086090 0.428024
1 0.195047 0.372012 0.195051 0.375403 0.209014 0.375388 0.209010 0.371997
1 0.056835 0.443404 0.060827 0.443400 0.060812 0.428415 0.056820 0.428419
1 0.020104 0.455309 0.020104 0.459441 0.033902 0.459441 0.033902 0.455309
1 0.101205 0.354867 0.101208 0.357809 0.115734 0.357795 0.115731 0.354853
1 0.115921 0.455041 0.115921 0.450690 0.101935 0.450688 0.101935 0.455039
1 0.069256 0.406119 0.069257 0.409941 0.083631 0.409938 0.083631 0.406116
1 0.020043 0.425811 0.020043 0.429408 0.034144 0.429407 0.034144 0.425810
1 0.200911 0.477775 0.200914 0.481162 0.215150 0.481150 0.215148 0.477764
1 0.125701 0.386924 0.125705 0.390703 0.139842 0.390690 0.139838 0.386911
1 0.116184 0.484702 0.116186 0.480701 0.102006 0.480692 0.102003 0.484693
1 0.151466 0.471216 0.151467 0.474594 0.165669 0.474592 0.165669 0.471214
1 0.123652 0.451318 0.123653 0.455962 0.138442 0.455960 0.138441 0.451316
1 0.167577 0.291473 0.171380 0.291468 0.171359 0.276154 0.167556 0.276159
1 0.059567 0.455214 0.059569 0.451500 0.045654 0.451495 0.045652 0.455209
1 0.125598 0.357656 0.125598 0.361541 0.140090 0.361541 0.140090 0.357655
1 0.100060 0.438228 0.100060 0.441719 0.114245 0.441718 0.114245 0.438227
1 0.108118 0.313797 0.108124 0.316784 0.122218 0.316757 0.122213 0.313770
1 0.217092 0.372326 0.217097 0.375862 0.231262 0.375841 0.231257 0.372305
1 0.075502 0.451920 0.075508 0.455788 0.089176 0.455768 0.089171 0.451900
1 0.200824 0.446213 0.200827 0.451825 0.215562 0.451817 0.215559 0.446206
1 0.152816 0.368395 0.152817 0.371815 0.167685 0.371811 0.167684 0.368391
1 0.239076 0.466036 0.239086 0.462928 0.231913 0.462905 0.231903 0.466013
1 0.069326 0.376868 0.069326 0.379989 0.083427 0.379987 0.083427 0.376867
1 0.114409 0.412505 0.114411 0.409084 0.100238 0.409076 0.100236 0.412497
1 0.238821 0.446586 0.238830 0.443627 0.231923 0.443605 0.231914 0.446564
1 0.238244 0.323667 0.238245 0.326992 0.252505 0.326988 0.252504 0.323663
1 0.151182 0.440980 0.151186 0.445579 0.165617 0.445567 0.165613 0.440968
1 0.045652 0.481333 0.045653 0.485240 0.059464 0.485238 0.059464 0.481331
1 0.252472 0.356717 0.252472 0.353238 0.237665 0.353236 0.237664 0.356715
1 0.248772 0.432560 0.251297 0.432561 0.251302 0.425250 0.248776 0.425249
1 0.074295 0.481215 0.074297 0.485133 0.088884 0.485127 0.088883 0.481209
1 0.238832 0.371840 0.238842 0.375127 0.253587 0.375084 0.253577 0.371797
1 0.138087 0.485431 0.138089 0.481617 0.124176 0.481612 0.124174 0.485426
1 0.152688 0.397585 0.152688 0.400987 0.167032 0.400985 0.167031 0.397583
1 0.165006 0.325811 0.165009 0.329453 0.181519 0.329437 0.181516 0.325795
1 0.137981 0.291518 0.141890 0.291518 0.141890 0.275689 0.137981 0.275689
1 0.255788 0.465038 0.255789 0.462733 0.249470 0.462730 0.249470 0.465035
1 0.238792 0.400290 0.238794 0.403797 0.253439 0.403788 0.253437 0.400281
1 0.172358 0.481896 0.172362 0.484614 0.178520 0.484604 0.178515 0.481887
1 0.217080 0.400900 0.217083 0.404206 0.231195 0.404195 0.231193 0.400889
1 0.249546 0.444424 0.249546 0.446494 0.255765 0.446492 0.255765 0.444423
1 0.208279 0.404106 0.208280 0.400887 0.195592 0.400883 0.195591 0.404101
1 0.101861 0.384124 0.101864 0.387403 0.115806 0.387393 0.115803 0.384114
1 0.229336 0.432418 0.231970 0.432413 0.231958 0.425089 0.229324 0.425094
1 0.122240 0.345683 0.122241 0.342875 0.108138 0.342869 0.108137 0.345677
1 0.233313 0.671979 0.233320 0.678876 0.261607 0.678848 0.261600 0.671951
1 0.233186 0.688984 0.233193 0.695928 0.261616 0.695900 0.261609 0.688956
1 0.233264 0.680560 0.233270 0.687377 0.261628 0.687351 0.261622 0.680534
1 0.233289 0.646358 0.233295 0.653338 0.261734 0.653316 0.261729 0.646336
1 0.233362 0.663407 0.233368 0.670293 0.261606 0.670270 0.261600 0.663383
1 0.233032 0.637888 0.233036 0.644722 0.261751 0.644705 0.261746 0.637871
1 0.233097 0.697557 0.233104 0.704419 0.261625 0.704387 0.261618 0.697525
1 0.233357 0.654881 0.233362 0.661756 0.261619 0.661733 0.261613 0.654858
1 0.232901 0.629264 0.232903 0.636186 0.261807 0.636179 0.261805 0.629256
1 0.261841 0.627756 0.261842 0.620779 0.232965 0.620775 0.232964 0.627752
1 0.233163 0.706126 0.233172 0.712987 0.261691 0.712947 0.261681 0.706086
1 0.232480 0.723091 0.232490 0.729996 0.261639 0.729953 0.261629 0.723048
1 0.232851 0.543982 0.232863 0.550947 0.262022 0.550900 0.262011 0.543934
1 0.232992 0.714645 0.233001 0.721412 0.261706 0.721373 0.261697 0.714607
1 0.047757 0.674729 0.047762 0.679026 0.062775 0.679008 0.062770 0.674711
1 0.232964 0.535405 0.232977 0.542302 0.262009 0.542250 0.261996 0.535353
1 0.232908 0.552575 0.232915 0.559435 0.262014 0.559403 0.262006 0.552542
1 0.233106 0.526887 0.233125 0.533757 0.261421 0.533578 0.261631 0.526809
1 0.232610 0.731770 0.232622 0.738687 0.262015 0.738634 0.262002 0.731717
1 0.059049 0.601182 0.062872 0.601179 0.062857 0.585039 0.059035 0.585042
1 0.232602 0.740246 0.232613 0.747191 0.262167 0.747144 0.262156 0.740199
1 0.114074 0.725228 0.114076 0.729917 0.129213 0.729911 0.129211 0.725223
1 0.054523 0.538923 0.054523 0.544215 0.069683 0.544214 0.069683 0.538922
1 0.030693 0.553298 0.030695 0.557830 0.045602 0.557824 0.045601 0.553292
1 0.105802 0.585046 0.109720 0.585043 0.109710 0.568790 0.105792 0.568792
1 0.076103 0.521220 0.076104 0.525625 0.090590 0.525620 0.090588 0.521215
1 0.053947 0.623677 0.058179 0.623674 0.058171 0.607420 0.053939 0.607422
1 0.112902 0.520924 0.112914 0.516767 0.103130 0.516739 0.103118 0.520896
1 0.232962 0.595163 0.232963 0.602194 0.261487 0.602189 0.261486 0.595159
1 0.232851 0.603653 0.232852 0.610719 0.261507 0.610715 0.261506 0.603649
1 0.232739 0.561012 0.232742 0.567974 0.261913 0.567962 0.261910 0.561001
1 0.069564 0.700614 0.073489 0.700610 0.073472 0.684111 0.069546 0.684115
1 0.099175 0.700099 0.103195 0.700095 0.103176 0.683918 0.099157 0.683922
1 0.232818 0.612178 0.232819 0.619147 0.261469 0.619142 0.261468 0.612173
1 0.197322 0.633234 0.197330 0.636652 0.212566 0.636617 0.212559 0.633200
1 0.261481 0.593605 0.261481 0.586667 0.232913 0.586666 0.232912 0.593604
1 0.083713 0.623578 0.087086 0.623568 0.087038 0.606993 0.083665 0.607003
1 0.047702 0.644505 0.047702 0.648758 0.062730 0.648757 0.062730 0.644504
1 0.135194 0.584611 0.138399 0.584609 0.138388 0.569160 0.135183 0.569162
1 0.054381 0.570381 0.054387 0.574795 0.069506 0.574773 0.069500 0.570359
1 0.134951 0.608535 0.138369 0.608532 0.138354 0.591540 0.134936 0.591544
1 0.117382 0.704454 0.120463 0.704456 0.120470 0.696134 0.117389 0.696131
1 0.232879 0.578041 0.232880 0.584968 0.261534 0.584964 0.261533 0.578036
1 0.112597 0.499701 0.112612 0.496528 0.103685 0.496486 0.103670 0.499659
1 0.261574 0.576495 0.261575 0.569501 0.232737 0.569501 0.232737 0.576495
1 0.160870 0.587001 0.160871 0.590866 0.175211 0.590860 0.175209 0.586995
1 0.045639 0.588655 0.045641 0.584362 0.030622 0.584353 0.030620 0.588647
1 0.208218 0.520246 0.211199 0.520237 0.211180 0.513404 0.208198 0.513413
1 0.135868 0.624083 0.138705 0.624094 0.138732 0.616777 0.135895 0.616766
1 0.116361 0.624624 0.119874 0.624628 0.119884 0.616224 0.116371 0.616220
1 0.116614 0.641076 0.119872 0.641078 0.119876 0.633342 0.116618 0.633340
1 0.189425 0.705758 0.192205 0.705774 0.192243 0.699144 0.189463 0.699128
1 0.205497 0.737762 0.205497 0.734960 0.197959 0.734958 0.197958 0.737761
1 0.189384 0.531517 0.189398 0.528883 0.182076 0.528845 0.182063 0.531480
1 0.135560 0.640740 0.138767 0.640752 0.138793 0.633669 0.135586 0.633657
1 0.175275 0.561688 0.175277 0.558141 0.160713 0.558134 0.160712 0.561681
1 0.105710 0.608399 0.109139 0.608395 0.109119 0.591682 0.105691 0.591686
1 0.189831 0.520451 0.192716 0.520449 0.192711 0.513164 0.189826 0.513166
1 0.178277 0.504804 0.178292 0.501259 0.171184 0.501229 0.171169 0.504774
1 0.178320 0.722540 0.181084 0.722543 0.181091 0.715778 0.178327 0.715775
1 0.197013 0.662559 0.197014 0.666354 0.212041 0.666352 0.212040 0.662556
1 0.137342 0.705452 0.140837 0.705458 0.140852 0.696068 0.137357 0.696063
1 0.164307 0.733170 0.167181 0.733173 0.167187 0.725973 0.164313 0.725971
1 0.088698 0.601668 0.092315 0.601668 0.092316 0.584734 0.088699 0.584734
1 0.145153 0.733774 0.148591 0.733773 0.148589 0.725663 0.145151 0.725664
1 0.196734 0.722479 0.199192 0.722478 0.199188 0.715975 0.196731 0.715976
1 0.190024 0.500049 0.192772 0.500047 0.192765 0.492676 0.190016 0.492679
1 0.208357 0.500090 0.211080 0.500084 0.211063 0.493080 0.208341 0.493087
1 0.173592 0.548066 0.173610 0.545334 0.164885 0.545275 0.164867 0.548006
1 0.173480 0.528719 0.173487 0.525892 0.165591 0.525873 0.165584 0.528701
1 0.189203 0.549063 0.189206 0.546824 0.182067 0.546816 0.182065 0.549054
1 0.170795 0.705863 0.173592 0.705873 0.173617 0.699298 0.170819 0.699288
1 0.232517 0.757424 0.232525 0.764296 0.261993 0.764262 0.261985 0.757390
1 0.037251 0.960212 0.037267 0.968083 0.060714 0.968033 0.060698 0.960163
1 0.232501 0.748848 0.232510 0.755821 0.262011 0.755783 0.262002 0.748810
1 0.108912 0.977534 0.112604 0.977531 0.112588 0.961927 0.108896 0.961931
1 0.026715 0.833107 0.030385 0.833102 0.030365 0.817143 0.026695 0.817148
1 0.037409 0.916481 0.037427 0.924927 0.061542 0.924878 0.061525 0.916431
1 0.067648 0.947955 0.071646 0.947951 0.071631 0.931940 0.067633 0.931944
1 0.192828 0.977618 0.197103 0.977616 0.197095 0.961096 0.192821 0.961098
1 0.070325 0.921150 0.070328 0.924579 0.084999 0.924568 0.084997 0.921138
1 0.232454 0.765916 0.232457 0.772883 0.261975 0.772869 0.261972 0.765902
1 0.163492 0.977515 0.167513 0.977511 0.167498 0.961743 0.163477 0.961747
1 0.084944 0.882791 0.088239 0.882785 0.088209 0.866040 0.084914 0.866046
1 0.142308 0.798036 0.142308 0.802280 0.157044 0.802279 0.157044 0.798036
1 0.148668 0.979316 0.152690 0.979314 0.152682 0.963267 0.148659 0.963269
1 0.107912 0.950283 0.111764 0.950278 0.111742 0.934035 0.107890 0.934040
1 0.129106 0.759543 0.129108 0.755422 0.114766 0.755416 0.114764 0.759537
1 0.141892 0.827061 0.141893 0.830882 0.157014 0.830878 0.157013 0.827057
1 0.261699 0.807180 0.261699 0.800212 0.233188 0.800212 0.233188 0.807179
1 0.119194 0.979084 0.123196 0.979080 0.123180 0.963022 0.119178 0.963026
1 0.261777 0.815712 0.261778 0.808715 0.233045 0.808709 0.233043 0.815706
1 0.232952 0.791582 0.232952 0.798567 0.261591 0.798566 0.261590 0.791581
1 0.232998 0.782909 0.233000 0.789871 0.261603 0.789863 0.261601 0.782901
1 0.000555 0.816374 0.000555 0.820200 0.013912 0.820199 0.013912 0.816373
1 0.261724 0.824112 0.261725 0.817284 0.232927 0.817279 0.232926 0.824107
1 0.232727 0.774391 0.232728 0.781401 0.261626 0.781398 0.261625 0.774388
1 0.261602 0.832216 0.261603 0.825968 0.233456 0.825964 0.233455 0.832211
1 0.214936 0.773016 0.218030 0.773030 0.218068 0.764826 0.214974 0.764812
1 0.096734 0.947424 0.101095 0.947416 0.101066 0.932050 0.096706 0.932058
1 0.143239 0.782210 0.147628 0.782228 0.147661 0.774279 0.143271 0.774260
1 0.194804 0.773107 0.198193 0.773110 0.198202 0.764521 0.194814 0.764517
1 0.205121 0.788626 0.208132 0.788638 0.208161 0.781408 0.205150 0.781396
1 0.184360 0.902556 0.187930 0.902565 0.187950 0.894784 0.184380 0.894775
1 0.079394 0.977772 0.083526 0.977765 0.083502 0.962186 0.079370 0.962192
1 0.000884 0.786854 0.000886 0.790551 0.014713 0.790542 0.014711 0.786845
1 0.226349 0.858524 0.229791 0.858539 0.229821 0.851293 0.226380 0.851278
1 0.137342 0.950550 0.141536 0.950549 0.141528 0.934136 0.137335 0.934138
1 0.085079 0.895525 0.085080 0.891421 0.070147 0.891419 0.070147 0.895523
1 0.056329 0.833234 0.059975 0.833231 0.059959 0.817266 0.056313 0.817270
1 0.226567 0.877349 0.229706 0.877346 0.229699 0.870292 0.226560 0.870295
1 0.184817 0.878055 0.188345 0.878071 0.188377 0.870954 0.184849 0.870938
1 0.205545 0.756852 0.205565 0.753658 0.197520 0.753607 0.197499 0.756800
1 0.163587 0.781985 0.167084 0.782001 0.167119 0.774682 0.163622 0.774665
1 0.185943 0.788752 0.189518 0.788750 0.189513 0.781304 0.185938 0.781306
1 0.203285 0.855251 0.206382 0.855245 0.206369 0.848155 0.203272 0.848160
1 0.184811 0.855210 0.188191 0.855217 0.188206 0.847792 0.184826 0.847785
1 0.055807 0.881876 0.059263 0.881876 0.059262 0.865915 0.055807 0.865915
1 0.226312 0.901034 0.229671 0.901052 0.229708 0.894155 0.226349 0.894137
1 0.203469 0.902180 0.206640 0.902182 0.206643 0.895001 0.203472 0.894999
1 0.203775 0.878174 0.206924 0.878178 0.206931 0.871181 0.203782 0.871177
1 0.186041 0.828552 0.189160 0.828546 0.189146 0.821095 0.186026 0.821101
1 0.203894 0.828585 0.206956 0.828587 0.206960 0.821762 0.203899 0.821760
1 0.270967 0.183586 0.270969 0.187245 0.279037 0.187241 0.279036 0.183582
1 0.287568 0.227188 0.287574 0.230799 0.295860 0.230784 0.295854 0.227174
1 0.270694 0.228483 0.270694 0.231431 0.278459 0.231430 0.278459 0.228483
1 0.271153 0.203197 0.271155 0.206427 0.279005 0.206421 0.279002 0.203191
1 0.296909 0.339071 0.305021 0.339073 0.305026 0.322623 0.296913 0.322621
1 0.308274 0.338829 0.316453 0.338829 0.316454 0.322882 0.308276 0.322881
1 0.388181 0.339160 0.395081 0.339154 0.395069 0.323780 0.388169 0.323786
1 0.279680 0.507496 0.285136 0.507490 0.285110 0.481735 0.279654 0.481741
1 0.319284 0.339021 0.327084 0.339006 0.327054 0.323040 0.319254 0.323055
1 0.287800 0.507462 0.293666 0.507459 0.293651 0.481740 0.287785 0.481744
1 0.297364 0.371361 0.305265 0.371353 0.305251 0.357141 0.297349 0.357149
1 0.387873 0.372222 0.395300 0.372208 0.395273 0.357520 0.387846 0.357534
1 0.492485 0.507424 0.498839 0.507421 0.498823 0.480702 0.492469 0.480706
1 0.366071 0.371537 0.373313 0.371524 0.373287 0.357568 0.366045 0.357581
1 0.484089 0.507397 0.490295 0.507393 0.490276 0.480711 0.484071 0.480715
1 0.319378 0.371418 0.327177 0.371387 0.327122 0.357174 0.319323 0.357204
1 0.296337 0.507432 0.302244 0.507428 0.302228 0.481432 0.296322 0.481436
1 0.366084 0.339496 0.373471 0.339485 0.373448 0.324262 0.366062 0.324272
1 0.376895 0.371770 0.384834 0.371743 0.384786 0.357582 0.376847 0.357609
1 0.304879 0.507461 0.310705 0.507457 0.310687 0.480629 0.304861 0.480633
1 0.475593 0.507412 0.481754 0.507407 0.481730 0.480427 0.475570 0.480433
1 0.467119 0.507490 0.473256 0.507483 0.473223 0.480497 0.467086 0.480505
1 0.458487 0.507465 0.464632 0.507457 0.464598 0.480850 0.458453 0.480858
1 0.313336 0.507499 0.319356 0.507495 0.319335 0.480491 0.313315 0.480496
1 0.353741 0.326934 0.353756 0.323866 0.346006 0.323829 0.345991 0.326898
1 0.346000 0.355769 0.346002 0.358468 0.353428 0.358462 0.353426 0.355763
1 0.287836 0.429838 0.287846 0.426611 0.280123 0.426585 0.280112 0.429812
1 0.338921 0.507459 0.344976 0.507455 0.344962 0.481669 0.338907 0.481673
1 0.330454 0.507426 0.336458 0.507422 0.336442 0.481532 0.330437 0.481536
1 0.304448 0.451389 0.307740 0.451385 0.307732 0.443724 0.304440 0.443728
1 0.450211 0.507491 0.456284 0.507483 0.456249 0.481479 0.450176 0.481487
1 0.303328 0.428654 0.303329 0.425595 0.296719 0.425592 0.296718 0.428651
1 0.321843 0.507487 0.327913 0.507483 0.327895 0.480732 0.321825 0.480737
1 0.276324 0.454517 0.276334 0.452233 0.269454 0.452203 0.269444 0.454487
1 0.347364 0.507576 0.353459 0.507574 0.353450 0.481353 0.347355 0.481355
1 0.286900 0.409277 0.286907 0.406367 0.280129 0.406351 0.280122 0.409261
1 0.303502 0.409880 0.303506 0.406906 0.296400 0.406898 0.296397 0.409872
1 0.284917 0.451401 0.288231 0.451409 0.288248 0.443842 0.284935 0.443834
1 0.407174 0.507532 0.413236 0.507534 0.413241 0.481467 0.407179 0.481466
1 0.368423 0.418891 0.370954 0.418888 0.370947 0.411855 0.368416 0.411858
1 0.390025 0.507260 0.396129 0.507256 0.396114 0.480908 0.390010 0.480912
1 0.398688 0.507379 0.404886 0.507377 0.404880 0.481055 0.398682 0.481056
1 0.349465 0.418937 0.352076 0.418946 0.352101 0.411634 0.349490 0.411625
1 0.353652 0.377701 0.353653 0.374667 0.346377 0.374663 0.346375 0.377697
1 0.415888 0.507408 0.421889 0.507409 0.421894 0.480829 0.415894 0.480828
1 0.275938 0.436205 0.275939 0.433959 0.269474 0.433957 0.269474 0.436203
1 0.441475 0.507978 0.447548 0.507970 0.447514 0.481157 0.441441 0.481164
1 0.381391 0.507223 0.387565 0.507222 0.387561 0.480807 0.381388 0.480808
1 0.424399 0.507291 0.430510 0.507291 0.430513 0.480300 0.424401 0.480299
1 0.373002 0.507260 0.379079 0.507261 0.379081 0.481016 0.373005 0.481016
1 0.327931 0.394944 0.330265 0.394941 0.330254 0.387630 0.327920 0.387634
1 0.309384 0.395178 0.312165 0.395177 0.312162 0.387555 0.309381 0.387556
1 0.364594 0.507369 0.370708 0.507369 0.370706 0.481713 0.364592 0.481714
1 0.346131 0.342902 0.346134 0.346101 0.353698 0.346094 0.353695 0.342895
1 0.278568 0.250105 0.278579 0.247004 0.270498 0.246976 0.270488 0.250078
1 0.432794 0.507293 0.438767 0.507295 0.438777 0.480484 0.432803 0.480482
1 0.355847 0.507629 0.361952 0.507626 0.361942 0.481628 0.355837 0.481630
1 0.287329 0.247769 0.287333 0.251062 0.295949 0.251049 0.295944 0.247757
1 0.287840 0.879107 0.293646 0.879103 0.293624 0.848741 0.287818 0.848746
1 0.296373 0.879016 0.302157 0.879012 0.302134 0.848568 0.296350 0.848572
1 0.484593 0.878245 0.490283 0.878241 0.490263 0.848347 0.484572 0.848351
1 0.304894 0.879076 0.310640 0.879072 0.310617 0.848415 0.304871 0.848419
1 0.279294 0.879160 0.284960 0.879155 0.284928 0.848620 0.279262 0.848626
1 0.475984 0.878009 0.481748 0.878005 0.481728 0.848382 0.475964 0.848386
1 0.313467 0.879379 0.319210 0.879373 0.319179 0.848351 0.313436 0.848357
1 0.322044 0.879495 0.327766 0.879489 0.327734 0.848267 0.322012 0.848273
1 0.467449 0.878032 0.473175 0.878028 0.473153 0.848307 0.467427 0.848311
1 0.501594 0.878897 0.507467 0.878889 0.507426 0.848365 0.501553 0.848373
1 0.330559 0.879539 0.336286 0.879533 0.336255 0.848161 0.330529 0.848167
1 0.339103 0.879548 0.344888 0.879543 0.344861 0.848155 0.339076 0.848159
1 0.347625 0.879398 0.353386 0.879395 0.353370 0.848154 0.347609 0.848157
1 0.450304 0.878983 0.456030 0.878979 0.456008 0.848282 0.450283 0.848286
1 0.458895 0.878306 0.464537 0.878301 0.464514 0.848299 0.458872 0.848303
1 0.441790 0.879274 0.447588 0.879269 0.447565 0.848155 0.441768 0.848159
1 0.281310 0.947521 0.281337 0.956511 0.305693 0.956438 0.305666 0.947448
1 0.281437 0.905169 0.281437 0.914166 0.305440 0.914166 0.305439 0.905169
1 0.433225 0.879249 0.439076 0.879246 0.439064 0.847999 0.433213 0.848001
1 0.356119 0.879428 0.361953 0.879425 0.361940 0.848029 0.356105 0.848032
1 0.316310 0.914603 0.320631 0.914602 0.320631 0.906112 0.316310 0.906113
1 0.455758 0.936147 0.460033 0.936152 0.460044 0.928111 0.455769 0.928106
1 0.399619 0.911672 0.399619 0.915604 0.408228 0.915604 0.408228 0.911672
1 0.407507 0.879111 0.413275 0.879115 0.413295 0.848350 0.407527 0.848346
1 0.416111 0.878973 0.421818 0.878976 0.421831 0.848483 0.416124 0.848481
1 0.385349 0.915441 0.385351 0.911700 0.376698 0.911695 0.376696 0.915437
1 0.362316 0.915459 0.362320 0.911518 0.353602 0.911509 0.353598 0.915450
1 0.399046 0.878919 0.404775 0.878923 0.404796 0.848285 0.399067 0.848281
1 0.262936 0.909007 0.262937 0.912460 0.271857 0.912459 0.271857 0.909005
1 0.262509 0.928650 0.262509 0.932321 0.271737 0.932321 0.271737 0.928649
1 0.353956 0.932738 0.353965 0.936677 0.362222 0.936659 0.362213 0.932719
1 0.362566 0.956530 0.362572 0.952460 0.353982 0.952448 0.353976 0.956518
1 0.469372 0.917083 0.473194 0.917082 0.473190 0.908793 0.469368 0.908795
1 0.343311 0.950457 0.347371 0.950475 0.347408 0.942202 0.343348 0.942184
1 0.323455 0.950448 0.327519 0.950466 0.327556 0.942006 0.323492 0.941987
1 0.424656 0.878853 0.430368 0.878856 0.430381 0.848509 0.424668 0.848507
1 0.442771 0.929724 0.446373 0.929737 0.446402 0.921648 0.442800 0.921635
1 0.373325 0.878712 0.378958 0.878712 0.378957 0.848456 0.373323 0.848456
1 0.400162 0.932802 0.400168 0.936383 0.408790 0.936368 0.408784 0.932787
1 0.390478 0.878256 0.396327 0.878259 0.396340 0.848319 0.390491 0.848316
1 0.443160 0.951904 0.446327 0.951913 0.446350 0.944079 0.443183 0.944069
1 0.463190 0.950193 0.463205 0.946490 0.454903 0.946458 0.454888 0.950160
1 0.336261 0.914354 0.340077 0.914367 0.340106 0.906377 0.336290 0.906363
1 0.364822 0.878907 0.370486 0.878907 0.370485 0.848480 0.364821 0.848481
1 0.423102 0.952011 0.427125 0.952027 0.427158 0.943640 0.423134 0.943624
1 0.423026 0.929815 0.427078 0.929815 0.427078 0.921532 0.423026 0.921532
1 0.399634 0.892063 0.399635 0.895698 0.408020 0.895697 0.408020 0.892061
1 0.385415 0.936251 0.385425 0.932725 0.377040 0.932703 0.377030 0.936228
1 0.475854 0.936293 0.479722 0.936305 0.479748 0.928097 0.475881 0.928085
1 0.381784 0.878512 0.387563 0.878511 0.387559 0.848429 0.381780 0.848430
1 0.385389 0.956583 0.385396 0.952575 0.376992 0.952560 0.376985 0.956568
1 0.385108 0.895757 0.385110 0.892660 0.376914 0.892657 0.376912 0.895754
1 0.463050 0.970196 0.463093 0.966391 0.454816 0.966297 0.454773 0.970102
1 0.353541 0.892619 0.353544 0.895795 0.361832 0.895788 0.361829 0.892612
1 0.245704 0.902339 0.248869 0.902329 0.248842 0.893363 0.245677 0.893372
1 0.400190 0.952304 0.400195 0.956007 0.409016 0.955995 0.409011 0.952292
1 0.245787 0.859435 0.249037 0.859426 0.249010 0.850628 0.245760 0.850638
1 0.450790 0.916365 0.453376 0.916377 0.453411 0.908897 0.450825 0.908885
1 0.245783 0.877977 0.248476 0.877968 0.248449 0.869212 0.245756 0.869221
1 0.691719 0.182918 0.710598 0.182887 0.710526 0.139391 0.691646 0.139423
1 0.575850 0.191282 0.575861 0.188126 0.567659 0.188097 0.567647 0.191252
1 0.604230 0.102427 0.604243 0.099639 0.596838 0.099603 0.596824 0.102392
1 0.558443 0.144705 0.561379 0.144714 0.561402 0.137482 0.558467 0.137472
1 0.537907 0.144566 0.540920 0.144581 0.540956 0.137335 0.537943 0.137320
1 0.605196 0.122139 0.605204 0.118958 0.596947 0.118937 0.596939 0.122118
1 0.577924 0.119060 0.577958 0.122236 0.585861 0.122153 0.585828 0.118977
1 0.586734 0.237131 0.586746 0.234144 0.578792 0.234111 0.578780 0.237098
1 0.551858 0.115609 0.551884 0.112161 0.544984 0.112109 0.544958 0.115556
1 0.578070 0.099717 0.578072 0.103169 0.585435 0.103164 0.585433 0.099713
1 0.544987 0.092439 0.544999 0.096217 0.552032 0.096196 0.552021 0.092418
1 0.527217 0.142189 0.530275 0.142187 0.530268 0.134772 0.527211 0.134775
1 0.507090 0.142245 0.510697 0.142244 0.510696 0.134930 0.507089 0.134930
1 0.575840 0.211384 0.575843 0.208569 0.567093 0.208559 0.567090 0.211374
1 0.552954 0.080908 0.552965 0.078347 0.546086 0.078317 0.546075 0.080877
1 0.552808 0.063177 0.552825 0.060090 0.545872 0.060052 0.545855 0.063139
1 0.731872 0.299990 0.731873 0.307895 0.753921 0.307892 0.753920 0.299987
1 0.535361 0.507457 0.541449 0.507452 0.541430 0.481157 0.535342 0.481161
1 0.543941 0.507561 0.550016 0.507557 0.550001 0.480714 0.543926 0.480717
1 0.501217 0.507485 0.507476 0.507481 0.507459 0.480545 0.501200 0.480549
1 0.518265 0.507523 0.524510 0.507518 0.524487 0.480432 0.518242 0.480437
1 0.526725 0.507522 0.532951 0.507517 0.532933 0.480555 0.526706 0.480559
1 0.509596 0.507459 0.515778 0.507455 0.515760 0.480418 0.509578 0.480422
1 0.552325 0.507596 0.558462 0.507595 0.558456 0.480507 0.552319 0.480508
1 0.730977 0.256085 0.731000 0.265357 0.753861 0.265300 0.753838 0.256028
1 0.578184 0.507463 0.584120 0.507459 0.584104 0.481604 0.578168 0.481608
1 0.560879 0.507628 0.567135 0.507629 0.567138 0.480585 0.560882 0.480585
1 0.577988 0.272571 0.580857 0.272584 0.580887 0.265458 0.578018 0.265446
1 0.569392 0.507393 0.575590 0.507392 0.575587 0.481353 0.569390 0.481353
1 0.587444 0.257474 0.587444 0.254400 0.578424 0.254398 0.578424 0.257472
1 0.598202 0.273166 0.600727 0.273170 0.600737 0.265693 0.598211 0.265690
1 0.602116 0.646219 0.602117 0.652548 0.629462 0.652544 0.629461 0.646215
1 0.602220 0.697369 0.602227 0.703720 0.630044 0.703690 0.630037 0.697339
1 0.602206 0.671778 0.602211 0.678168 0.629569 0.678147 0.629564 0.671757
1 0.602186 0.688785 0.602192 0.695115 0.629941 0.695089 0.629935 0.688759
1 0.602129 0.654680 0.602132 0.661102 0.629137 0.661090 0.629134 0.654669
1 0.602158 0.663239 0.602162 0.669592 0.629170 0.669575 0.629166 0.663222
1 0.602182 0.680305 0.602189 0.686658 0.629710 0.686630 0.629703 0.680277
1 0.602254 0.705880 0.602261 0.712270 0.630012 0.712241 0.630005 0.705851
1 0.602268 0.714405 0.602275 0.720708 0.630059 0.720677 0.630052 0.714374
1 0.629264 0.644078 0.629266 0.637634 0.601979 0.637626 0.601977 0.644070
1 0.602026 0.526274 0.602038 0.532892 0.629616 0.532843 0.629604 0.526225
1 0.602250 0.722874 0.602258 0.729364 0.629591 0.729330 0.629583 0.722840
1 0.602055 0.560631 0.602059 0.567115 0.629380 0.567099 0.629377 0.560615
1 0.601954 0.535137 0.601962 0.541353 0.629239 0.541315 0.629230 0.535099
1 0.602091 0.543701 0.602102 0.550068 0.629334 0.550022 0.629323 0.543655
1 0.602190 0.731563 0.602198 0.737879 0.629466 0.737844 0.629458 0.731528
1 0.602040 0.552084 0.602047 0.558661 0.629608 0.558629 0.629601 0.552052
1 0.629449 0.575792 0.629449 0.569145 0.602020 0.569142 0.602019 0.575789
1 0.602214 0.740111 0.602223 0.746501 0.629653 0.746465 0.629645 0.740074
1 0.681234 0.727469 0.681238 0.735242 0.698642 0.735232 0.698638 0.727459
1 0.629364 0.627100 0.629365 0.620482 0.602242 0.620479 0.602241 0.627097
1 0.602232 0.603461 0.602233 0.610236 0.629687 0.610235 0.629687 0.603459
1 0.602219 0.611967 0.602219 0.618543 0.629696 0.618543 0.629696 0.611967
1 0.629157 0.635703 0.629162 0.629049 0.601976 0.629029 0.601971 0.635683
1 0.734101 0.670774 0.737804 0.670772 0.737795 0.653971 0.734092 0.653973
1 0.716966 0.599332 0.716973 0.603386 0.726186 0.603370 0.726179 0.599316
1 0.629774 0.601561 0.629774 0.594954 0.602294 0.594952 0.602293 0.601559
1 0.602192 0.577688 0.602196 0.584364 0.629166 0.584349 0.629162 0.577673
1 0.602249 0.586259 0.602253 0.592811 0.629442 0.592796 0.629439 0.586244
1 0.734315 0.604200 0.734323 0.607883 0.742944 0.607863 0.742936 0.604181
1 0.732032 0.529757 0.732037 0.533603 0.741722 0.533590 0.741717 0.529745
1 0.657381 0.713706 0.657393 0.710530 0.649673 0.710501 0.649661 0.713677
1 0.697546 0.522337 0.697551 0.526225 0.707163 0.526214 0.707159 0.522327
1 0.717639 0.694859 0.721117 0.694870 0.721143 0.686490 0.717665 0.686479
1 0.657557 0.694517 0.657564 0.691051 0.649396 0.691032 0.649388 0.694499
1 0.707018 0.546116 0.707029 0.542302 0.697949 0.542276 0.697939 0.546091
1 0.699616 0.600730 0.699619 0.603629 0.708059 0.603620 0.708056 0.600721
1 0.741437 0.513072 0.741437 0.509614 0.732055 0.509612 0.732054 0.513070
1 0.681014 0.599908 0.681018 0.603205 0.688807 0.603197 0.688803 0.599900
1 0.648790 0.734989 0.648805 0.738297 0.657942 0.738256 0.657927 0.734947
1 0.725757 0.622727 0.725763 0.619576 0.717272 0.619558 0.717265 0.622710
1 0.707853 0.622161 0.707863 0.619476 0.700067 0.619449 0.700057 0.622134
1 0.742779 0.627805 0.742780 0.624565 0.734653 0.624564 0.734653 0.627804
1 0.737817 0.695417 0.740995 0.695426 0.741023 0.685669 0.737845 0.685660
1 0.688640 0.622757 0.688653 0.619357 0.681170 0.619328 0.681157 0.622729
1 0.510130 0.878275 0.515900 0.878270 0.515872 0.847674 0.510102 0.847679
1 0.518696 0.878250 0.524486 0.878243 0.524451 0.847689 0.518661 0.847695
1 0.493061 0.879062 0.498745 0.879056 0.498709 0.848078 0.493025 0.848085
1 0.527235 0.878387 0.533026 0.878381 0.532996 0.847685 0.527206 0.847690
1 0.535717 0.878033 0.541612 0.878028 0.541587 0.847584 0.535692 0.847589
1 0.544324 0.878172 0.550171 0.878169 0.550158 0.847463 0.544311 0.847465
1 0.681450 0.788767 0.681450 0.795517 0.698952 0.795515 0.698951 0.788765
1 0.602080 0.765607 0.602083 0.771946 0.629621 0.771935 0.629619 0.765596
1 0.602042 0.757023 0.602049 0.763598 0.629976 0.763565 0.629969 0.756990
1 0.602129 0.748753 0.602139 0.754961 0.629665 0.754918 0.629656 0.748710
1 0.629705 0.780638 0.629708 0.774121 0.602030 0.774112 0.602028 0.780629
1 0.552824 0.879037 0.558752 0.879036 0.558746 0.847210 0.552818 0.847211
1 0.629551 0.831792 0.629554 0.825613 0.602273 0.825601 0.602270 0.831780
1 0.630009 0.823397 0.630012 0.816945 0.601964 0.816934 0.601961 0.823386
1 0.629517 0.814890 0.629518 0.808351 0.601977 0.808347 0.601976 0.814887
1 0.629366 0.806412 0.629368 0.799882 0.602142 0.799874 0.602140 0.806405
1 0.602128 0.782623 0.602129 0.789107 0.629555 0.789102 0.629554 0.782618
1 0.617698 0.951528 0.617700 0.955766 0.626364 0.955761 0.626362 0.951523
1 0.602116 0.791269 0.602119 0.797559 0.629442 0.797546 0.629439 0.791256
1 0.633262 0.874324 0.636530 0.874317 0.636513 0.866238 0.633245 0.866245
1 0.648799 0.755640 0.648806 0.758951 0.658244 0.758931 0.658237 0.755619
1 0.569879 0.878566 0.575703 0.878566 0.575705 0.847575 0.569882 0.847574
1 0.614845 0.874080 0.617771 0.874085 0.617787 0.866141 0.614861 0.866135
1 0.629046 0.857072 0.632757 0.857075 0.632762 0.848735 0.629051 0.848733
1 0.551536 0.911539 0.551542 0.915049 0.560029 0.915034 0.560023 0.911524
1 0.551697 0.891752 0.551700 0.895545 0.559925 0.895538 0.559921 0.891745
1 0.578409 0.878571 0.584162 0.878571 0.584166 0.847583 0.578412 0.847583
1 0.590542 0.909096 0.594079 0.909108 0.594106 0.900945 0.590569 0.900933
1 0.552743 0.959392 0.556648 0.959385 0.556632 0.950052 0.552727 0.950059
1 0.626255 0.974586 0.626267 0.971135 0.617554 0.971105 0.617542 0.974557
1 0.600310 0.936428 0.603405 0.936428 0.603405 0.928555 0.600310 0.928555
1 0.610349 0.909347 0.614097 0.909360 0.614127 0.901164 0.610379 0.901151
1 0.580568 0.936657 0.584549 0.936648 0.584529 0.928249 0.580548 0.928258
1 0.561416 0.878729 0.567223 0.878729 0.567222 0.847470 0.561416 0.847470
1 0.591879 0.891744 0.594815 0.891733 0.594788 0.884302 0.591852 0.884313
1 0.609918 0.856702 0.613481 0.856696 0.613466 0.848853 0.609903 0.848860
1 0.569787 0.980514 0.572959 0.980523 0.572982 0.972024 0.569810 0.972015
1 0.610710 0.891752 0.613204 0.891751 0.613202 0.884016 0.610708 0.884017
1 0.573103 0.959112 0.576326 0.959112 0.576326 0.950792 0.573104 0.950792
1 0.622125 0.940532 0.625709 0.940530 0.625703 0.931685 0.622119 0.931688
1 0.642500 0.939971 0.645758 0.939977 0.645771 0.931767 0.642513 0.931761
1 0.549472 0.980662 0.553341 0.980689 0.553409 0.970976 0.549539 0.970949
1 0.783937 0.182244 0.801969 0.182213 0.801895 0.139353 0.783863 0.139384
1 0.764215 0.256925 0.764223 0.265782 0.788053 0.265761 0.788045 0.256904
1 0.764456 0.300576 0.764458 0.307815 0.788334 0.307808 0.788332 0.300570
1 0.798666 0.263511 0.798667 0.267333 0.813586 0.267326 0.813585 0.263505
1 0.813498 0.297252 0.813499 0.293161 0.798877 0.293155 0.798875 0.297245
1 0.763741 0.671217 0.767763 0.671213 0.767744 0.653523 0.763722 0.653527
1 0.751088 0.553300 0.751088 0.556838 0.767688 0.556835 0.767687 0.553297
1 0.752531 0.583321 0.752536 0.586980 0.767176 0.586960 0.767171 0.583302
1 0.768398 0.729277 0.768404 0.731882 0.775150 0.731867 0.775144 0.729261
1 0.775366 0.750740 0.775368 0.747957 0.768427 0.747954 0.768425 0.750736
1 0.775477 0.791712 0.775490 0.788937 0.768621 0.788906 0.768608 0.791681
1 0.769053 0.770096 0.769056 0.772700 0.775534 0.772695 0.775532 0.770090
0 0.710489 0.131276 0.782851 0.131276 0.782851 0.188909 0.710489 0.188909
1 0.231865 0.511962 0.233914 0.511936 0.233914 0.503689 0.231867 0.503681
1 0.249616 0.511936 0.251383 0.511936 0.251460 0.503714 0.249634 0.503681
1 0.572939 0.045428 0.580382 0.045428 0.580382 0.048055 0.572939 0.048055
1 0.572720 0.064475 0.580601 0.064475 0.580601 0.067759 0.572720 0.067759
