0 0.320858 0.349585 0.488902 0.349585 0.488902 0.515910 0.320858 0.515910
0 0.132711 0.416687 0.234687 0.416687 0.234687 0.515295 0.132711 0.515295
0 0.092154 0.340574 0.118177 0.340574 0.118177 0.354537 0.092154 0.354537
0 0.194610 0.309248 0.210231 0.309248 0.210231 0.317313 0.194610 0.317313
0 0.184182 0.258135 0.210493 0.258135 0.210493 0.272471 0.184182 0.272471
0 0.455028 0.197149 0.499669 0.197149 0.499669 0.251357 0.455028 0.251357
0 0.228882 0.257923 0.255297 0.257923 0.255297 0.272315 0.228882 0.272315
0 0.042266 0.071504 0.058258 0.071504 0.058258 0.079921 0.042266 0.079921
0 0.133107 0.252649 0.149045 0.252649 0.149045 0.260901 0.133107 0.260901
0 0.235638 0.310507 0.251265 0.310507 0.251265 0.318765 0.235638 0.318765
0 0.384358 0.166715 0.427975 0.166715 0.427975 0.220577 0.384358 0.220577
0 0.109515 0.076477 0.117717 0.076477 0.117717 0.092566 0.109515 0.092566
0 0.189832 0.064202 0.199585 0.064202 0.199585 0.081421 0.189832 0.081421
0 0.126380 0.097199 0.134271 0.097199 0.134271 0.112978 0.126380 0.112978
0 0.069922 0.322579 0.078830 0.322579 0.078830 0.338913 0.069922 0.338913
0 0.007688 0.348848 0.025184 0.348848 0.025184 0.358296 0.007688 0.358296
0 0.252193 0.348069 0.269015 0.348069 0.269015 0.357125 0.252193 0.357125
0 0.257733 0.433530 0.265865 0.433530 0.265865 0.449402 0.257733 0.449402
0 0.189727 0.024658 0.198878 0.024658 0.198878 0.041553 0.189727 0.041553
0 0.052611 0.322026 0.061774 0.322026 0.061774 0.339141 0.052611 0.339141
0 0.452610 0.597678 0.477246 0.597678 0.477246 0.610273 0.452610 0.610273
0 0.300747 0.557471 0.326793 0.557471 0.326793 0.571468 0.300747 0.571468
0 0.287755 0.623032 0.315730 0.623032 0.315730 0.637839 0.287755 0.637839
0 0.330200 0.603784 0.344706 0.603784 0.344706 0.631234 0.330200 0.631234
0 0.377336 0.611267 0.390439 0.611267 0.390439 0.636977 0.377336 0.636977
0 0.449436 0.622813 0.482067 0.622813 0.482067 0.642624 0.449436 0.642624
0 0.257062 0.486172 0.270461 0.486172 0.270461 0.511837 0.257062 0.511837
0 0.379084 0.579679 0.404371 0.579679 0.404371 0.592640 0.379084 0.592640
0 0.248350 0.628565 0.272984 0.628565 0.272984 0.640934 0.248350 0.640934
0 0.304223 0.529351 0.320596 0.529351 0.320596 0.537629 0.304223 0.537629
0 0.341689 0.576898 0.357820 0.576898 0.357820 0.585364 0.341689 0.585364
0 0.353965 0.598048 0.367111 0.598048 0.367111 0.623712 0.353965 0.623712
0 0.147071 0.591764 0.220482 0.591764 0.220482 0.647483 0.147071 0.647483
0 0.307575 0.586498 0.316975 0.586498 0.316975 0.603491 0.307575 0.603491
0 0.587602 0.420594 0.679047 0.420594 0.679047 0.522541 0.587602 0.522541
0 0.570947 0.221525 0.595756 0.221525 0.595756 0.273074 0.570947 0.273074
0 0.582736 0.298668 0.672900 0.298668 0.672900 0.400615 0.582736 0.400615
0 0.762540 0.046279 0.772488 0.046279 0.772488 0.063496 0.762540 0.063496
0 0.709836 0.345775 0.734220 0.345775 0.734220 0.358406 0.709836 0.358406
0 0.515732 0.223007 0.523899 0.223007 0.523899 0.238698 0.515732 0.238698
0 0.683263 0.048570 0.691280 0.048570 0.691280 0.064449 0.683263 0.064449
0 0.528192 0.267518 0.536428 0.267518 0.536428 0.283369 0.528192 0.283369
0 0.636919 0.270690 0.652763 0.270690 0.652763 0.278747 0.636919 0.278747
0 0.787356 0.196753 0.797602 0.196753 0.797602 0.213945 0.787356 0.213945
0 0.753240 0.378003 0.763225 0.378003 0.763225 0.395053 0.753240 0.395053
0 0.787657 0.548687 0.813781 0.548687 0.813781 0.562059 0.787657 0.562059
0 0.555447 0.618880 0.581054 0.618880 0.581054 0.632506 0.555447 0.632506
0 0.663268 0.571859 0.689713 0.571859 0.689713 0.586474 0.663268 0.586474
0 0.721771 0.546638 0.747610 0.546638 0.747610 0.559970 0.721771 0.559970
0 0.504217 0.595004 0.530074 0.595004 0.530074 0.608962 0.504217 0.608962
0 0.548853 0.545662 0.574217 0.545662 0.574217 0.558574 0.548853 0.558574
0 0.629821 0.542883 0.654568 0.542883 0.654568 0.555757 0.629821 0.555757
0 0.632968 0.583631 0.646156 0.583631 0.646156 0.609512 0.632968 0.609512
0 0.662992 0.624912 0.689558 0.624912 0.689558 0.639483 0.662992 0.639483
0 0.622473 0.624185 0.648200 0.624185 0.648200 0.637745 0.622473 0.637745
0 0.507838 0.554174 0.532687 0.554174 0.532687 0.567092 0.507838 0.567092
0 0.548887 0.595006 0.574482 0.595006 0.574482 0.608876 0.548887 0.608876
0 0.729282 0.579041 0.799968 0.579041 0.799968 0.634458 0.729282 0.634458
0 0.495778 0.525419 0.503869 0.525419 0.503869 0.541221 0.495778 0.541221
1 0.058193 0.071510 0.062035 0.071510 0.062035 0.080006 0.058193 0.080006
1 0.109185 0.092512 0.117916 0.092512 0.117916 0.095561 0.109185 0.095561
1 0.126326 0.093646 0.134419 0.093646 0.134419 0.097388 0.126326 0.097388
1 0.189696 0.041293 0.198249 0.041293 0.198249 0.044767 0.189696 0.044767
1 0.126518 0.113118 0.134171 0.113118 0.134171 0.116625 0.126518 0.116625
1 0.189973 0.020729 0.198960 0.020729 0.198960 0.024546 0.189973 0.024546
1 0.109701 0.073180 0.117570 0.073180 0.117570 0.076512 0.109701 0.076512
1 0.038519 0.071294 0.042305 0.071294 0.042305 0.080171 0.038519 0.080171
1 0.190420 0.060912 0.198275 0.060912 0.198275 0.064442 0.190420 0.064442
1 0.190843 0.080937 0.198530 0.080937 0.198530 0.084671 0.190843 0.084671
1 0.129851 0.252625 0.133228 0.252625 0.133228 0.261102 0.129851 0.261102
1 0.149027 0.252624 0.152458 0.252624 0.152458 0.260750 0.149027 0.260750
1 0.137011 0.382350 0.230520 0.382350 0.230520 0.416553 0.137011 0.416553
1 0.117831 0.339439 0.121922 0.339439 0.121922 0.354792 0.117831 0.354792
1 0.210202 0.309195 0.214584 0.309195 0.214584 0.317041 0.210202 0.317041
1 0.225009 0.257112 0.228860 0.257112 0.228860 0.273293 0.225009 0.273293
1 0.231003 0.310943 0.235730 0.310943 0.235730 0.319082 0.231003 0.319082
1 0.255458 0.257200 0.259097 0.257200 0.259097 0.272967 0.255458 0.272967
1 0.024857 0.348990 0.028899 0.348990 0.028899 0.358497 0.024857 0.358497
1 0.180672 0.257367 0.184429 0.257367 0.184429 0.273242 0.180672 0.273242
1 0.070010 0.318943 0.078929 0.318943 0.078929 0.322576 0.070010 0.322576
1 0.210330 0.257259 0.214555 0.257259 0.214555 0.273338 0.210330 0.273338
1 0.069202 0.338651 0.078920 0.338651 0.078920 0.342087 0.069202 0.342087
1 0.052160 0.338866 0.062824 0.338866 0.062824 0.342619 0.052160 0.342619
1 0.052439 0.318458 0.061764 0.318458 0.061764 0.321964 0.052439 0.321964
1 0.190478 0.309436 0.194763 0.309436 0.194763 0.317064 0.190478 0.317064
1 0.088830 0.339388 0.092458 0.339388 0.092458 0.355000 0.088830 0.355000
1 0.004322 0.349130 0.007769 0.349130 0.007769 0.357847 0.004322 0.357847
1 0.129615 0.597032 0.146874 0.597032 0.146874 0.640966 0.129615 0.640966
1 0.220721 0.596965 0.239802 0.596965 0.239802 0.640890 0.220721 0.640890
1 0.130843 0.515987 0.158578 0.515987 0.158578 0.578606 0.130843 0.578606
1 0.209533 0.515526 0.237855 0.515526 0.237855 0.579318 0.209533 0.579318
1 0.175150 0.515757 0.191265 0.515757 0.191265 0.532326 0.175150 0.532326
1 0.244671 0.626256 0.248682 0.626256 0.248682 0.641667 0.244671 0.641667
1 0.378236 0.154393 0.432334 0.154393 0.432334 0.166567 0.378236 0.166567
1 0.380117 0.220362 0.431661 0.220362 0.431661 0.232215 0.380117 0.232215
1 0.449898 0.251267 0.503099 0.251267 0.503099 0.262111 0.449898 0.262111
1 0.290066 0.451338 0.320226 0.451338 0.320226 0.457321 0.290066 0.457321
1 0.290138 0.459920 0.320214 0.459920 0.320214 0.465966 0.290138 0.465966
1 0.290333 0.468436 0.320216 0.468436 0.320216 0.474483 0.290333 0.474483
1 0.337567 0.318798 0.343269 0.318798 0.343269 0.348367 0.337567 0.348367
1 0.290359 0.442676 0.320174 0.442676 0.320174 0.448739 0.290359 0.448739
1 0.291138 0.434259 0.320231 0.434259 0.320231 0.440229 0.291138 0.440229
1 0.290217 0.417079 0.320268 0.417079 0.320268 0.423188 0.290217 0.423188
1 0.346059 0.318760 0.351781 0.318760 0.351781 0.348444 0.346059 0.348444
1 0.290343 0.425719 0.320183 0.425719 0.320183 0.431752 0.290343 0.431752
1 0.291267 0.476971 0.320330 0.476971 0.320330 0.483039 0.291267 0.483039
1 0.290411 0.408442 0.320249 0.408442 0.320249 0.414608 0.290411 0.414608
1 0.291076 0.485525 0.320104 0.485525 0.320104 0.491476 0.291076 0.491476
1 0.354518 0.318511 0.360323 0.318511 0.360323 0.348428 0.354518 0.348428
1 0.363085 0.318452 0.368925 0.318452 0.368925 0.348399 0.363085 0.348399
1 0.291771 0.494167 0.319986 0.494167 0.319986 0.499832 0.291771 0.499832
1 0.371636 0.318420 0.377540 0.318420 0.377540 0.348379 0.371636 0.348379
1 0.380133 0.318394 0.386055 0.318394 0.386055 0.348319 0.380133 0.348319
1 0.291343 0.400037 0.320092 0.400037 0.320092 0.406170 0.291343 0.406170
1 0.289834 0.364274 0.320164 0.364274 0.320164 0.371917 0.289834 0.371917
1 0.388650 0.318335 0.394611 0.318335 0.394611 0.348286 0.388650 0.348286
1 0.255978 0.481470 0.271918 0.481470 0.271918 0.486236 0.255978 0.486236
1 0.414314 0.318083 0.420262 0.318083 0.420262 0.348258 0.414314 0.348258
1 0.251293 0.310582 0.255401 0.310582 0.255401 0.318254 0.251293 0.318254
1 0.465786 0.319761 0.471304 0.319761 0.471304 0.348084 0.465786 0.348084
1 0.422941 0.318344 0.428861 0.318344 0.428861 0.348190 0.422941 0.348190
1 0.405809 0.318199 0.411653 0.318199 0.411653 0.348179 0.405809 0.348179
1 0.457192 0.318918 0.462934 0.318918 0.462934 0.348163 0.457192 0.348163
1 0.448663 0.318636 0.454551 0.318636 0.454551 0.348243 0.448663 0.348243
1 0.269269 0.348279 0.272542 0.348279 0.272542 0.356655 0.269269 0.356655
1 0.248298 0.348524 0.252531 0.348524 0.252531 0.356285 0.248298 0.356285
1 0.291097 0.382879 0.320026 0.382879 0.320026 0.389140 0.291097 0.389140
1 0.291810 0.391573 0.319892 0.391573 0.319892 0.397551 0.291810 0.397551
1 0.257370 0.429692 0.266024 0.429692 0.266024 0.433496 0.257370 0.433496
1 0.291501 0.374347 0.320215 0.374347 0.320215 0.380488 0.291501 0.380488
1 0.431427 0.319578 0.437263 0.319578 0.437263 0.348109 0.431427 0.348109
1 0.440003 0.318947 0.445921 0.318947 0.445921 0.348167 0.440003 0.348167
1 0.397300 0.318374 0.403132 0.318374 0.403132 0.348216 0.397300 0.348216
1 0.257958 0.449394 0.266061 0.449394 0.266061 0.452713 0.257958 0.452713
1 0.337768 0.517093 0.343324 0.517093 0.343324 0.546643 0.337768 0.546643
1 0.466066 0.516773 0.472303 0.516773 0.472303 0.546205 0.466066 0.546205
1 0.346028 0.517074 0.351891 0.517074 0.351891 0.546489 0.346028 0.546489
1 0.380199 0.516937 0.386146 0.516937 0.386146 0.546954 0.380199 0.546954
1 0.371649 0.516912 0.377593 0.516912 0.377593 0.546461 0.371649 0.546461
1 0.363203 0.516962 0.369066 0.516962 0.369066 0.546828 0.363203 0.546828
1 0.388758 0.516803 0.394760 0.516803 0.394760 0.547226 0.388758 0.547226
1 0.440707 0.620193 0.449502 0.620193 0.449502 0.645932 0.440707 0.645932
1 0.354586 0.517058 0.360541 0.517058 0.360541 0.546591 0.354586 0.546591
1 0.482263 0.619119 0.492319 0.619119 0.492319 0.645755 0.482263 0.645755
1 0.375770 0.606991 0.391320 0.606991 0.391320 0.610949 0.375770 0.610949
1 0.297082 0.556046 0.300775 0.556046 0.300775 0.572000 0.297082 0.572000
1 0.404283 0.578092 0.408827 0.578092 0.408827 0.593785 0.404283 0.593785
1 0.329070 0.599569 0.345329 0.599569 0.345329 0.603700 0.329070 0.603700
1 0.273130 0.626456 0.277681 0.626456 0.277681 0.642055 0.273130 0.642055
1 0.255904 0.512163 0.271859 0.512163 0.271859 0.516064 0.255904 0.516064
1 0.477229 0.595408 0.482937 0.595408 0.482937 0.611307 0.477229 0.611307
1 0.448262 0.595181 0.452645 0.595181 0.452645 0.611962 0.448262 0.611962
1 0.326670 0.556036 0.330595 0.556036 0.330595 0.572327 0.326670 0.572327
1 0.352265 0.593171 0.368748 0.593171 0.368748 0.597714 0.352265 0.597714
1 0.499888 0.593586 0.504199 0.593586 0.504199 0.610023 0.499888 0.610023
1 0.352743 0.623721 0.368217 0.623721 0.368217 0.627942 0.352743 0.627942
1 0.448653 0.517083 0.454618 0.517083 0.454618 0.546938 0.448653 0.546938
1 0.375362 0.637292 0.391971 0.637292 0.391971 0.642246 0.375362 0.642246
1 0.440039 0.517095 0.446106 0.517095 0.446106 0.546916 0.440039 0.546916
1 0.329093 0.631382 0.345884 0.631382 0.345884 0.635471 0.329093 0.635471
1 0.315555 0.622546 0.318941 0.622546 0.318941 0.638591 0.315555 0.638591
1 0.307096 0.582604 0.317436 0.582604 0.317436 0.586399 0.307096 0.586399
1 0.431483 0.516962 0.437571 0.516962 0.437571 0.546873 0.431483 0.546873
1 0.457262 0.517147 0.463213 0.517147 0.463213 0.546629 0.457262 0.546629
1 0.307297 0.603514 0.317348 0.603514 0.317348 0.606810 0.307297 0.606810
1 0.502802 0.552373 0.507946 0.552373 0.507946 0.568460 0.502802 0.568460
1 0.422919 0.517002 0.428997 0.517002 0.428997 0.546834 0.422919 0.546834
1 0.338595 0.576798 0.341848 0.576798 0.341848 0.585632 0.338595 0.585632
1 0.414362 0.517116 0.420432 0.517116 0.420432 0.546996 0.414362 0.546996
1 0.357818 0.577057 0.360694 0.577057 0.360694 0.585529 0.357818 0.585529
1 0.300851 0.529030 0.304190 0.529030 0.304190 0.537437 0.300851 0.537437
1 0.320447 0.529404 0.323100 0.529404 0.323100 0.537216 0.320447 0.537216
1 0.405787 0.517201 0.411766 0.517201 0.411766 0.546909 0.405787 0.546909
1 0.375147 0.578058 0.379121 0.578058 0.379121 0.593907 0.375147 0.593907
1 0.397200 0.516747 0.403229 0.516747 0.403229 0.547264 0.397200 0.547264
1 0.284797 0.623265 0.287810 0.623265 0.287810 0.638724 0.284797 0.638724
1 0.567652 0.208787 0.598025 0.208787 0.598025 0.221313 0.567652 0.221313
1 0.682913 0.045345 0.691311 0.045345 0.691311 0.048527 0.682913 0.048527
1 0.683118 0.064615 0.691536 0.064615 0.691536 0.068423 0.683118 0.068423
1 0.515917 0.219347 0.523694 0.219347 0.523694 0.222928 0.515917 0.222928
1 0.515657 0.238675 0.523860 0.238675 0.523860 0.242245 0.515657 0.242245
1 0.492125 0.451101 0.518665 0.451101 0.518665 0.457108 0.492125 0.457108
1 0.492128 0.459682 0.518736 0.459682 0.518736 0.465690 0.492128 0.465690
1 0.492126 0.468195 0.518795 0.468195 0.518795 0.474233 0.492126 0.474233
1 0.492243 0.485294 0.518795 0.485294 0.518795 0.491226 0.492243 0.491226
1 0.492117 0.476817 0.518709 0.476817 0.518709 0.482687 0.492117 0.482687
1 0.492236 0.442461 0.518390 0.442461 0.518390 0.448590 0.492236 0.448590
1 0.492209 0.433900 0.517736 0.433900 0.517736 0.440040 0.492209 0.440040
1 0.569424 0.273905 0.596595 0.273905 0.596595 0.285471 0.569424 0.285471
1 0.492214 0.425426 0.517686 0.425426 0.517686 0.431515 0.492214 0.431515
1 0.492279 0.416894 0.518288 0.416894 0.518288 0.423031 0.492279 0.423031
1 0.492041 0.408187 0.518643 0.408187 0.518643 0.414489 0.492041 0.414489
1 0.492291 0.391216 0.518295 0.391216 0.518295 0.397260 0.492291 0.397260
1 0.492276 0.382597 0.517633 0.382597 0.517633 0.388729 0.492276 0.388729
1 0.492372 0.374202 0.517483 0.374202 0.517483 0.380110 0.492372 0.380110
1 0.705134 0.343981 0.709631 0.343981 0.709631 0.359966 0.705134 0.359966
1 0.492321 0.399717 0.518545 0.399717 0.518545 0.405810 0.492321 0.405810
1 0.734445 0.343289 0.738944 0.343289 0.738944 0.360048 0.734445 0.360048
1 0.492457 0.365913 0.517560 0.365913 0.517560 0.371615 0.492457 0.371615
1 0.633234 0.270611 0.636997 0.270611 0.636997 0.278725 0.633234 0.278725
1 0.652782 0.270556 0.656252 0.270556 0.656252 0.278771 0.652782 0.278771
1 0.528094 0.283281 0.536297 0.283281 0.536297 0.286157 0.528094 0.286157
1 0.528296 0.264772 0.536185 0.264772 0.536185 0.267543 0.528296 0.267543
1 0.679303 0.420338 0.744492 0.420338 0.744492 0.449024 0.679303 0.449024
1 0.542797 0.303621 0.582992 0.303621 0.582992 0.396516 0.542797 0.396516
1 0.673412 0.376025 0.738688 0.376025 0.738688 0.403857 0.673412 0.403857
1 0.710181 0.586038 0.729035 0.586038 0.729035 0.627808 0.710181 0.627808
1 0.532677 0.552475 0.537662 0.552475 0.537662 0.568252 0.532677 0.568252
1 0.625374 0.541013 0.630028 0.541013 0.630028 0.556137 0.625374 0.556137
1 0.544960 0.544722 0.549137 0.544722 0.549137 0.559887 0.544960 0.559887
1 0.689323 0.624423 0.693893 0.624423 0.693893 0.640207 0.689323 0.640207
1 0.551478 0.617326 0.555425 0.617326 0.555425 0.633034 0.551478 0.633034
1 0.580982 0.617846 0.585435 0.617846 0.585435 0.632747 0.580982 0.632747
1 0.689423 0.571324 0.693199 0.571324 0.693199 0.586735 0.689423 0.586735
1 0.618236 0.622510 0.622483 0.622510 0.622483 0.638728 0.618236 0.638728
1 0.631278 0.609532 0.647624 0.609532 0.647624 0.613624 0.631278 0.613624
1 0.659286 0.571099 0.663372 0.571099 0.663372 0.587184 0.659286 0.587184
1 0.659110 0.624355 0.662892 0.624355 0.662892 0.639940 0.659110 0.639940
1 0.654378 0.540613 0.658738 0.540613 0.658738 0.556281 0.654378 0.556281
1 0.495716 0.520862 0.503683 0.520862 0.503683 0.525367 0.495716 0.525367
1 0.574056 0.544473 0.578709 0.544473 0.578709 0.559556 0.574056 0.559556
1 0.544669 0.593833 0.548650 0.593833 0.548650 0.609981 0.544669 0.609981
1 0.574500 0.593913 0.578398 0.593913 0.578398 0.609072 0.574500 0.609072
1 0.648134 0.622838 0.651952 0.622838 0.651952 0.638327 0.648134 0.638327
1 0.717541 0.545031 0.721437 0.545031 0.721437 0.561142 0.717541 0.561142
1 0.530069 0.594044 0.534388 0.594044 0.534388 0.610154 0.530069 0.610154
1 0.631001 0.579497 0.647298 0.579497 0.647298 0.583734 0.631001 0.583734
1 0.495159 0.541053 0.503880 0.541053 0.503880 0.544298 0.495159 0.544298
1 0.492372 0.493768 0.519087 0.493768 0.519087 0.500530 0.492372 0.500530
1 0.679776 0.498889 0.745683 0.498889 0.745683 0.526803 0.679776 0.526803
1 0.762349 0.042153 0.772480 0.042153 0.772480 0.046374 0.762349 0.046374
1 0.762323 0.063523 0.772058 0.063523 0.772058 0.066699 0.762323 0.066699
1 0.787944 0.213857 0.797212 0.213857 0.797212 0.217623 0.787944 0.217623
1 0.787861 0.192959 0.797167 0.192959 0.797167 0.196675 0.787861 0.196675
1 0.753397 0.395068 0.762321 0.395068 0.762321 0.398113 0.753397 0.398113
1 0.753330 0.374375 0.762390 0.374375 0.762390 0.377652 0.753330 0.377652
1 0.800215 0.584460 0.820609 0.584460 0.820609 0.628609 0.800215 0.628609
1 0.747399 0.545423 0.751415 0.545423 0.751415 0.561793 0.747399 0.561793
1 0.783456 0.547380 0.787650 0.547380 0.787650 0.563340 0.783456 0.563340
1 0.813858 0.547261 0.818394 0.547261 0.818394 0.562910 0.813858 0.562910
1 0.549721 0.426225 0.587602 0.426225 0.587602 0.519467 0.549721 0.519467
1 0.673668 0.298156 0.738745 0.298156 0.738745 0.324690 0.673668 0.324690
1 0.450060 0.184583 0.504319 0.184583 0.504319 0.197054 0.450060 0.197054
1 0.673412 0.343750 0.693135 0.343750 0.693135 0.357838 0.673412 0.357838
1 0.679047 0.467469 0.698258 0.467469 0.698258 0.481045 0.679047 0.481045
