0 0.321403 0.350268 0.490206 0.350268 0.490206 0.516389 0.321403 0.516389
0 0.131916 0.416667 0.237363 0.416667 0.237363 0.516137 0.131916 0.516137
0 0.091617 0.340147 0.119632 0.340147 0.119632 0.354772 0.091617 0.354772
0 0.194577 0.309414 0.210222 0.309414 0.210222 0.317564 0.194577 0.317564
0 0.133763 0.252917 0.149547 0.252917 0.149547 0.261147 0.133763 0.261147
0 0.042634 0.072330 0.058537 0.072330 0.058537 0.080554 0.042634 0.080554
0 0.383706 0.166594 0.427940 0.166594 0.427940 0.221380 0.383706 0.221380
0 0.184259 0.258958 0.210206 0.258958 0.210206 0.272283 0.184259 0.272283
0 0.229044 0.258647 0.254932 0.258647 0.254932 0.272070 0.229044 0.272070
0 0.190285 0.064006 0.199558 0.064006 0.199558 0.081457 0.190285 0.081457
0 0.456421 0.197926 0.500482 0.197926 0.500482 0.251990 0.456421 0.251990
0 0.070212 0.321838 0.079105 0.321838 0.079105 0.338383 0.070212 0.338383
0 0.109755 0.076708 0.118076 0.076708 0.118076 0.092491 0.109755 0.092491
0 0.258835 0.433340 0.266871 0.433340 0.266871 0.449216 0.258835 0.449216
0 0.053217 0.322482 0.062637 0.322482 0.062637 0.339400 0.053217 0.339400
0 0.235672 0.311098 0.251400 0.311098 0.251400 0.319387 0.235672 0.319387
0 0.252299 0.348224 0.269772 0.348224 0.269772 0.357539 0.252299 0.357539
0 0.007945 0.349183 0.025373 0.349183 0.025373 0.358646 0.007945 0.358646
0 0.190183 0.024294 0.199342 0.024294 0.199342 0.041672 0.190183 0.041672
0 0.127145 0.097311 0.135068 0.097311 0.135068 0.112722 0.127145 0.112722
0 0.453328 0.597808 0.478176 0.597808 0.478176 0.610461 0.453328 0.610461
0 0.300642 0.556979 0.326659 0.556979 0.326659 0.571580 0.300642 0.571580
0 0.379201 0.580460 0.404292 0.580460 0.404292 0.593193 0.379201 0.593193
0 0.377238 0.611952 0.391507 0.611952 0.391507 0.637508 0.377238 0.637508
0 0.257162 0.486313 0.271398 0.486313 0.271398 0.511878 0.257162 0.511878
0 0.331463 0.605152 0.344470 0.605152 0.344470 0.630567 0.331463 0.630567
0 0.450512 0.622217 0.482447 0.622217 0.482447 0.643227 0.450512 0.643227
0 0.249080 0.628685 0.273850 0.628685 0.273850 0.641272 0.249080 0.641272
0 0.304315 0.529518 0.320647 0.529518 0.320647 0.537766 0.304315 0.537766
0 0.289146 0.623490 0.314930 0.623490 0.314930 0.638909 0.289146 0.638909
0 0.354573 0.598175 0.367546 0.598175 0.367546 0.623432 0.354573 0.623432
0 0.307882 0.586831 0.316986 0.586831 0.316986 0.603648 0.307882 0.603648
0 0.150975 0.590608 0.221568 0.590608 0.221568 0.647029 0.150975 0.647029
0 0.342320 0.577801 0.358291 0.577801 0.358291 0.585930 0.342320 0.585930
0 0.571852 0.221712 0.596826 0.221712 0.596826 0.273966 0.571852 0.273966
0 0.710344 0.345362 0.734836 0.345362 0.734836 0.358254 0.710344 0.358254
0 0.637746 0.271593 0.653667 0.271593 0.653667 0.279774 0.637746 0.279774
0 0.762993 0.045975 0.773278 0.045975 0.773278 0.063192 0.762993 0.063192
0 0.788255 0.197397 0.797702 0.197397 0.797702 0.214136 0.788255 0.214136
0 0.516738 0.223284 0.525133 0.223284 0.525133 0.239070 0.516738 0.239070
0 0.529038 0.267695 0.537408 0.267695 0.537408 0.283456 0.529038 0.283456
0 0.753631 0.377938 0.763434 0.377938 0.763434 0.394304 0.753631 0.394304
0 0.683576 0.049028 0.691645 0.049028 0.691645 0.064852 0.683576 0.064852
0 0.555213 0.619416 0.580972 0.619416 0.580972 0.632742 0.555213 0.632742
0 0.549989 0.545876 0.574954 0.545876 0.574954 0.558759 0.549989 0.558759
0 0.787957 0.547381 0.814208 0.547381 0.814208 0.562480 0.787957 0.562480
0 0.721853 0.547051 0.747619 0.547051 0.747619 0.560681 0.721853 0.560681
0 0.663688 0.624916 0.689921 0.624916 0.689921 0.639468 0.663688 0.639468
0 0.663390 0.572468 0.689766 0.572468 0.689766 0.587024 0.663390 0.587024
0 0.504403 0.594869 0.530297 0.594869 0.530297 0.608832 0.504403 0.608832
0 0.508660 0.555145 0.533560 0.555145 0.533560 0.567687 0.508660 0.567687
0 0.633084 0.583956 0.646120 0.583956 0.646120 0.609907 0.633084 0.609907
0 0.630736 0.543555 0.655605 0.543555 0.655605 0.556298 0.630736 0.556298
0 0.622661 0.624086 0.648674 0.624086 0.648674 0.637838 0.622661 0.637838
0 0.549693 0.593790 0.575278 0.593790 0.575278 0.609145 0.549693 0.609145
0 0.731104 0.580320 0.804077 0.580320 0.804077 0.636573 0.731104 0.636573
0 0.496530 0.525490 0.504724 0.525490 0.504724 0.541261 0.496530 0.541261
1 0.058422 0.072114 0.062874 0.072114 0.062874 0.081062 0.058422 0.081062
1 0.189950 0.019712 0.199528 0.019712 0.199528 0.024094 0.189950 0.024094
1 0.190226 0.041478 0.199342 0.041478 0.199342 0.045170 0.190226 0.045170
1 0.190244 0.059883 0.200030 0.059883 0.200030 0.064163 0.190244 0.064163
1 0.190341 0.081412 0.199357 0.081412 0.199357 0.085240 0.190341 0.085240
1 0.109595 0.072813 0.118299 0.072813 0.118299 0.076848 0.109595 0.076848
1 0.149635 0.252746 0.153330 0.252746 0.153330 0.261257 0.149635 0.261257
1 0.129796 0.252525 0.133677 0.252525 0.133677 0.261600 0.129796 0.261600
1 0.127021 0.093435 0.135159 0.093435 0.135159 0.097499 0.127021 0.097499
1 0.038307 0.071717 0.042706 0.071717 0.042706 0.080967 0.038307 0.080967
1 0.126895 0.112984 0.135220 0.112984 0.135220 0.117218 0.126895 0.117218
1 0.137017 0.383025 0.229889 0.383025 0.229889 0.416571 0.137017 0.416571
1 0.024942 0.349047 0.029108 0.349047 0.029108 0.358982 0.024942 0.358982
1 0.180706 0.257722 0.184444 0.257722 0.184444 0.273023 0.180706 0.273023
1 0.210220 0.308802 0.215142 0.308802 0.215142 0.317941 0.210220 0.317941
1 0.231442 0.311312 0.235657 0.311312 0.235657 0.319486 0.231442 0.319486
1 0.225509 0.257528 0.228957 0.257528 0.228957 0.273288 0.225509 0.273288
1 0.070033 0.318392 0.079357 0.318392 0.079357 0.321860 0.070033 0.321860
1 0.119267 0.339950 0.122281 0.339950 0.122281 0.355260 0.119267 0.355260
1 0.069854 0.338808 0.079221 0.338808 0.079221 0.342564 0.069854 0.342564
1 0.052797 0.339437 0.062821 0.339437 0.062821 0.342932 0.052797 0.342932
1 0.210264 0.257482 0.214446 0.257482 0.214446 0.273094 0.210264 0.273094
1 0.052531 0.318726 0.062637 0.318726 0.062637 0.322486 0.052531 0.322486
1 0.190249 0.309510 0.194604 0.309510 0.194604 0.317686 0.190249 0.317686
1 0.004436 0.348922 0.008133 0.348922 0.008133 0.358438 0.004436 0.358438
1 0.254780 0.257554 0.258428 0.257554 0.258428 0.273425 0.254780 0.273425
1 0.088918 0.339885 0.091916 0.339885 0.091916 0.355258 0.088918 0.355258
1 0.221824 0.597336 0.240104 0.597336 0.240104 0.641510 0.221824 0.641510
1 0.130180 0.597843 0.149926 0.597843 0.149926 0.640889 0.130180 0.640889
1 0.177268 0.516456 0.191525 0.516456 0.191525 0.531264 0.177268 0.531264
1 0.131222 0.516391 0.158913 0.516391 0.158913 0.578671 0.131222 0.578671
1 0.209750 0.516698 0.238258 0.516698 0.238258 0.579542 0.209750 0.579542
1 0.244957 0.626731 0.249245 0.626731 0.249245 0.642243 0.244957 0.642243
1 0.380020 0.154855 0.432336 0.154855 0.432336 0.166218 0.380020 0.166218
1 0.381284 0.221676 0.431703 0.221676 0.431703 0.232483 0.381284 0.232483
1 0.290621 0.467996 0.321952 0.467996 0.321952 0.474052 0.290621 0.474052
1 0.291643 0.476584 0.321992 0.476584 0.321992 0.482580 0.291643 0.482580
1 0.290440 0.459501 0.321924 0.459501 0.321924 0.465363 0.290440 0.465363
1 0.291293 0.485125 0.321901 0.485125 0.321901 0.491091 0.291293 0.491091
1 0.290502 0.451001 0.321847 0.451001 0.321847 0.456813 0.290502 0.456813
1 0.290805 0.442405 0.321851 0.442405 0.321851 0.448314 0.290805 0.448314
1 0.292019 0.493692 0.321905 0.493692 0.321905 0.499477 0.292019 0.499477
1 0.458236 0.318839 0.463891 0.318839 0.463891 0.349599 0.458236 0.349599
1 0.291707 0.433901 0.322019 0.433901 0.322019 0.439819 0.291707 0.439819
1 0.466718 0.319652 0.472313 0.319652 0.472313 0.349556 0.466718 0.349556
1 0.290727 0.425377 0.321999 0.425377 0.321999 0.431324 0.290727 0.431324
1 0.338168 0.318743 0.344024 0.318743 0.344024 0.349282 0.338168 0.349282
1 0.346808 0.318674 0.352498 0.318674 0.352498 0.349286 0.346808 0.349286
1 0.355264 0.318504 0.361072 0.318504 0.361072 0.349303 0.355264 0.349303
1 0.363897 0.318541 0.369807 0.318541 0.369807 0.349308 0.363897 0.349308
1 0.290605 0.416885 0.322077 0.416885 0.322077 0.422706 0.290605 0.422706
1 0.449663 0.318322 0.455356 0.318322 0.455356 0.349667 0.449663 0.349667
1 0.251497 0.310963 0.255832 0.310963 0.255832 0.319476 0.251497 0.319476
1 0.258157 0.428951 0.267145 0.428951 0.267145 0.433503 0.258157 0.433503
1 0.256353 0.482500 0.272218 0.482500 0.272218 0.486292 0.256353 0.486292
1 0.432521 0.319648 0.438180 0.319648 0.438180 0.349276 0.432521 0.349276
1 0.292435 0.391087 0.322029 0.391087 0.322029 0.396987 0.292435 0.396987
1 0.389629 0.318690 0.395328 0.318690 0.395328 0.349289 0.389629 0.349289
1 0.290132 0.364346 0.322533 0.364346 0.322533 0.371580 0.290132 0.371580
1 0.291478 0.382567 0.322028 0.382567 0.322028 0.388442 0.291478 0.388442
1 0.292529 0.399599 0.322042 0.399599 0.322042 0.405390 0.292529 0.405390
1 0.398133 0.318495 0.403844 0.318495 0.403844 0.349282 0.398133 0.349282
1 0.423916 0.318620 0.429725 0.318620 0.429725 0.349408 0.423916 0.349408
1 0.292187 0.374041 0.322019 0.374041 0.322019 0.379905 0.292187 0.379905
1 0.441026 0.318744 0.446785 0.318744 0.446785 0.349314 0.441026 0.349314
1 0.381153 0.318763 0.386813 0.318763 0.386813 0.349325 0.381153 0.349325
1 0.248826 0.347845 0.252532 0.347845 0.252532 0.357953 0.248826 0.357953
1 0.415469 0.318384 0.421176 0.318384 0.421176 0.349486 0.415469 0.349486
1 0.269787 0.348102 0.273110 0.348102 0.273110 0.357420 0.269787 0.357420
1 0.406684 0.318462 0.412455 0.318462 0.412455 0.349433 0.406684 0.349433
1 0.372707 0.318813 0.378387 0.318813 0.378387 0.349319 0.372707 0.349319
1 0.258388 0.449163 0.267026 0.449163 0.267026 0.453183 0.258388 0.453183
1 0.291052 0.408197 0.321937 0.408197 0.321937 0.413957 0.291052 0.413957
1 0.451813 0.252914 0.503966 0.252914 0.503966 0.262450 0.451813 0.262450
1 0.466651 0.516733 0.473193 0.516733 0.473193 0.546113 0.466651 0.546113
1 0.457983 0.516658 0.463703 0.516658 0.463703 0.546727 0.457983 0.546727
1 0.355407 0.516272 0.361079 0.516272 0.361079 0.546971 0.355407 0.546971
1 0.363986 0.516286 0.369544 0.516286 0.369544 0.546959 0.363986 0.546959
1 0.329965 0.600876 0.345915 0.600876 0.345915 0.604979 0.329965 0.604979
1 0.346856 0.516355 0.352435 0.516355 0.352435 0.546487 0.346856 0.546487
1 0.338417 0.516359 0.343913 0.516359 0.343913 0.546864 0.338417 0.546864
1 0.404085 0.578932 0.408048 0.578932 0.408048 0.594367 0.404085 0.594367
1 0.372490 0.516392 0.378159 0.516392 0.378159 0.546611 0.372490 0.546611
1 0.442098 0.621051 0.450034 0.621051 0.450034 0.645249 0.442098 0.645249
1 0.297382 0.556251 0.300983 0.556251 0.300983 0.572309 0.297382 0.572309
1 0.376115 0.607966 0.391951 0.607966 0.391951 0.611960 0.376115 0.611960
1 0.478075 0.595939 0.482117 0.595939 0.482117 0.611527 0.478075 0.611527
1 0.273849 0.627083 0.277604 0.627083 0.277604 0.642398 0.273849 0.642398
1 0.352986 0.623957 0.368818 0.623957 0.368818 0.627700 0.352986 0.627700
1 0.326595 0.556289 0.330630 0.556289 0.330630 0.572361 0.326595 0.572361
1 0.353199 0.593850 0.368914 0.593850 0.368914 0.598002 0.353199 0.598002
1 0.330128 0.630841 0.345797 0.630841 0.345797 0.634506 0.330128 0.634506
1 0.256273 0.512323 0.272490 0.512323 0.272490 0.515590 0.256273 0.515590
1 0.307711 0.603659 0.316874 0.603659 0.316874 0.607382 0.307711 0.607382
1 0.449590 0.516677 0.455291 0.516677 0.455291 0.547097 0.449590 0.547097
1 0.482794 0.620005 0.492126 0.620005 0.492126 0.644944 0.482794 0.644944
1 0.320449 0.529194 0.324436 0.529194 0.324436 0.537704 0.320449 0.537704
1 0.314918 0.623094 0.319027 0.623094 0.319027 0.639161 0.314918 0.639161
1 0.300214 0.529015 0.304477 0.529015 0.304477 0.537698 0.300214 0.537698
1 0.358369 0.577714 0.362292 0.577714 0.362292 0.585812 0.358369 0.585812
1 0.307848 0.583127 0.316839 0.583127 0.316839 0.586715 0.307848 0.586715
1 0.432485 0.516832 0.438084 0.516832 0.438084 0.546971 0.432485 0.546971
1 0.423816 0.516752 0.429455 0.516752 0.429455 0.547235 0.423816 0.547235
1 0.495903 0.521200 0.504540 0.521200 0.504540 0.525707 0.495903 0.525707
1 0.338199 0.577731 0.342555 0.577731 0.342555 0.586108 0.338199 0.586108
1 0.449368 0.595879 0.453595 0.595879 0.453595 0.611973 0.449368 0.611973
1 0.415377 0.516499 0.421010 0.516499 0.421010 0.547402 0.415377 0.547402
1 0.441046 0.516786 0.446645 0.516786 0.446645 0.546720 0.441046 0.546720
1 0.495923 0.541453 0.504917 0.541453 0.504917 0.545394 0.495923 0.545394
1 0.285660 0.623410 0.289434 0.623410 0.289434 0.639208 0.285660 0.639208
1 0.406792 0.516543 0.412474 0.516543 0.412474 0.547330 0.406792 0.547330
1 0.381209 0.516707 0.386672 0.516707 0.386672 0.546795 0.381209 0.546795
1 0.389636 0.516637 0.395156 0.516637 0.395156 0.546981 0.389636 0.546981
1 0.375708 0.578899 0.379516 0.578899 0.379516 0.594262 0.375708 0.594262
1 0.398226 0.516628 0.403889 0.516628 0.403889 0.547178 0.398226 0.547178
1 0.375850 0.637929 0.392836 0.637929 0.392836 0.641781 0.375850 0.641781
1 0.570295 0.211138 0.597198 0.211138 0.597198 0.221530 0.570295 0.221530
1 0.683395 0.064890 0.692070 0.064890 0.692070 0.069024 0.683395 0.069024
1 0.683017 0.044577 0.692022 0.044577 0.692022 0.049025 0.683017 0.049025
1 0.516246 0.239189 0.525004 0.239189 0.525004 0.243253 0.516246 0.243253
1 0.516547 0.218972 0.525035 0.218972 0.525035 0.223205 0.516547 0.223205
1 0.570591 0.274568 0.597649 0.274568 0.597649 0.285067 0.570591 0.285067
1 0.679947 0.466904 0.699559 0.466904 0.699559 0.480642 0.679947 0.480642
1 0.669488 0.343592 0.688913 0.343592 0.688913 0.357254 0.669488 0.357254
1 0.706001 0.344225 0.710406 0.344225 0.710406 0.360182 0.706001 0.360182
1 0.735033 0.343755 0.739332 0.343755 0.739332 0.360497 0.735033 0.360497
1 0.633452 0.271283 0.637713 0.271283 0.637713 0.280109 0.633452 0.280109
1 0.653609 0.271194 0.657529 0.271194 0.657529 0.279798 0.653609 0.279798
1 0.528782 0.283538 0.537210 0.283538 0.537210 0.287128 0.528782 0.287128
1 0.528569 0.263847 0.537247 0.263847 0.537247 0.267757 0.528569 0.267757
1 0.680186 0.420474 0.744720 0.420474 0.744720 0.449452 0.680186 0.449452
1 0.670188 0.375963 0.738540 0.375963 0.738540 0.403404 0.670188 0.403404
1 0.710927 0.586689 0.730784 0.586689 0.730784 0.627452 0.710927 0.627452
1 0.552038 0.618360 0.555427 0.618360 0.555427 0.633803 0.552038 0.633803
1 0.575199 0.594002 0.578907 0.594002 0.578907 0.610135 0.575199 0.610135
1 0.659950 0.571735 0.663833 0.571735 0.663833 0.587156 0.659950 0.587156
1 0.648584 0.623169 0.652578 0.623169 0.652578 0.638360 0.648584 0.638360
1 0.689552 0.571918 0.693460 0.571918 0.693460 0.586978 0.689552 0.586978
1 0.581226 0.618200 0.585468 0.618200 0.585468 0.633646 0.581226 0.633646
1 0.659713 0.624802 0.663575 0.624802 0.663575 0.639818 0.659713 0.639818
1 0.533371 0.553057 0.537566 0.553057 0.537566 0.568494 0.533371 0.568494
1 0.717688 0.545597 0.721783 0.545597 0.721783 0.561407 0.717688 0.561407
1 0.504183 0.552998 0.508683 0.552998 0.508683 0.569120 0.504183 0.569120
1 0.632036 0.609991 0.647626 0.609991 0.647626 0.614010 0.632036 0.614010
1 0.500322 0.593932 0.504507 0.593932 0.504507 0.610028 0.500322 0.610028
1 0.545262 0.593986 0.549136 0.593986 0.549136 0.610289 0.545262 0.610289
1 0.618774 0.623273 0.622661 0.623273 0.622661 0.638609 0.618774 0.638609
1 0.689725 0.624630 0.693130 0.624630 0.693130 0.639831 0.689725 0.639831
1 0.545996 0.544952 0.550046 0.544952 0.550046 0.559959 0.545996 0.559959
1 0.530225 0.593978 0.534492 0.593978 0.534492 0.610362 0.530225 0.610362
1 0.574943 0.545026 0.578326 0.545026 0.578326 0.559516 0.574943 0.559516
1 0.626025 0.542589 0.630746 0.542589 0.630746 0.556526 0.626025 0.556526
1 0.655334 0.542109 0.658790 0.542109 0.658790 0.556193 0.655334 0.556193
1 0.631599 0.579689 0.647354 0.579689 0.647354 0.584079 0.631599 0.584079
1 0.680395 0.499141 0.745340 0.499141 0.745340 0.526717 0.680395 0.526717
1 0.763013 0.063137 0.772885 0.063137 0.772885 0.067024 0.763013 0.067024
1 0.788394 0.213633 0.797479 0.213633 0.797479 0.217724 0.788394 0.217724
1 0.762892 0.042132 0.773023 0.042132 0.773023 0.046319 0.762892 0.046319
1 0.788278 0.193291 0.798166 0.193291 0.798166 0.197388 0.788278 0.197388
1 0.753790 0.374379 0.762809 0.374379 0.762809 0.377929 0.753790 0.377929
1 0.753625 0.394411 0.763007 0.394411 0.763007 0.398103 0.753625 0.398103
1 0.802977 0.584914 0.821027 0.584914 0.821027 0.628897 0.802977 0.628897
1 0.747444 0.545484 0.751603 0.545484 0.751603 0.562616 0.747444 0.562616
1 0.784238 0.547298 0.788070 0.547298 0.788070 0.563436 0.784238 0.563436
1 0.814161 0.547515 0.818125 0.547515 0.818125 0.563161 0.814161 0.563161
1 0.451692 0.185396 0.504008 0.185396 0.504008 0.196759 0.451692 0.196759
1 0.490340 0.365759 0.517784 0.365759 0.517784 0.371414 0.490340 0.371414
1 0.490506 0.374075 0.517950 0.374075 0.517950 0.379730 0.490506 0.379730
1 0.490506 0.382724 0.517950 0.382724 0.517950 0.388380 0.490506 0.388380
1 0.490506 0.391540 0.517950 0.391540 0.517950 0.397195 0.490506 0.397195
1 0.490672 0.399856 0.518117 0.399856 0.518117 0.405511 0.490672 0.405511
1 0.490672 0.408505 0.518117 0.408505 0.518117 0.414161 0.490672 0.414161
1 0.490839 0.459735 0.518283 0.459735 0.518283 0.465390 0.490839 0.465390
1 0.490506 0.416988 0.517950 0.416988 0.517950 0.422643 0.490506 0.422643
1 0.490672 0.425305 0.518117 0.425305 0.518117 0.430960 0.490672 0.430960
1 0.490672 0.433954 0.518117 0.433954 0.518117 0.439609 0.490672 0.439609
1 0.490672 0.442769 0.518117 0.442769 0.518117 0.448425 0.490672 0.448425
1 0.490839 0.451086 0.518283 0.451086 0.518283 0.456741 0.490839 0.456741
1 0.490672 0.494165 0.518616 0.494165 0.518616 0.500818 0.490672 0.500818
1 0.490672 0.468218 0.518117 0.468218 0.518117 0.473873 0.490672 0.473873
1 0.490672 0.476867 0.518117 0.476867 0.518117 0.482522 0.490672 0.482522
1 0.490672 0.485682 0.518117 0.485682 0.518117 0.491338 0.490672 0.491338
1 0.542766 0.303769 0.578181 0.303769 0.578181 0.396650 0.542766 0.396650
0 0.578426 0.298472 0.669735 0.298472 0.669735 0.401383 0.578426 0.401383
1 0.549870 0.426794 0.588578 0.426794 0.588578 0.520709 0.549870 0.520709
0 0.589084 0.423180 0.680393 0.423180 0.680393 0.526092 0.589084 0.526092
1 0.670005 0.297472 0.738357 0.297472 0.738357 0.324913 0.670005 0.324913
