0 0.021104 0.169725 0.054620 0.169725 0.054620 0.190512 0.021104 0.190512
0 0.204404 0.482605 0.238395 0.482605 0.238395 0.503877 0.204404 0.503877
0 0.298171 0.115101 0.353681 0.115101 0.353681 0.186200 0.298171 0.186200
0 0.158614 0.147777 0.214524 0.147777 0.214524 0.219696 0.158614 0.219696
0 0.382549 0.113142 0.421423 0.113142 0.421423 0.179740 0.382549 0.179740
0 0.032581 0.098611 0.051937 0.098611 0.051937 0.146224 0.032581 0.146224
0 0.397990 0.035657 0.415319 0.035657 0.415319 0.044952 0.397990 0.044952
0 0.397899 0.051605 0.414277 0.051605 0.414277 0.061048 0.397899 0.061048
0 0.128452 0.581353 0.153984 0.581353 0.153984 0.594760 0.128452 0.594760
0 0.210437 0.820160 0.235865 0.820160 0.235865 0.832818 0.210437 0.832818
0 0.275814 0.757569 0.309167 0.757569 0.309167 0.778543 0.275814 0.778543
0 0.019175 0.692793 0.052586 0.692793 0.052586 0.713582 0.019175 0.713582
0 0.292975 0.652505 0.317996 0.652505 0.317996 0.665129 0.292975 0.665129
0 0.331137 0.504775 0.345652 0.504775 0.345652 0.530001 0.331137 0.530001
0 0.398805 0.812274 0.432510 0.812274 0.432510 0.833252 0.398805 0.833252
0 0.098762 0.702545 0.124598 0.702545 0.124598 0.716771 0.098762 0.716771
0 0.104352 0.649337 0.125517 0.649337 0.125517 0.682989 0.104352 0.682989
0 0.167656 0.667208 0.188621 0.667208 0.188621 0.700873 0.167656 0.700873
0 0.019025 0.658520 0.052660 0.658520 0.052660 0.679707 0.019025 0.679707
0 0.085420 0.803954 0.107271 0.803954 0.107271 0.837539 0.085420 0.837539
0 0.169617 0.804139 0.190889 0.804139 0.190889 0.838039 0.169617 0.838039
0 0.020154 0.602613 0.067108 0.602613 0.067108 0.622888 0.020154 0.622888
0 0.398953 0.779561 0.432204 0.779561 0.432204 0.800757 0.398953 0.800757
0 0.136585 0.804263 0.158014 0.804263 0.158014 0.838200 0.136585 0.838200
0 0.137202 0.667086 0.158656 0.667086 0.158656 0.701104 0.137202 0.701104
0 0.275581 0.693647 0.308942 0.693647 0.308942 0.714693 0.275581 0.714693
0 0.292523 0.841865 0.309711 0.841865 0.309711 0.851490 0.292523 0.851490
0 0.340153 0.776038 0.365685 0.776038 0.365685 0.790582 0.340153 0.790582
0 0.364119 0.662826 0.389964 0.662826 0.389964 0.677653 0.364119 0.677653
0 0.250065 0.731863 0.274312 0.731863 0.274312 0.744170 0.250065 0.744170
0 0.149289 0.609219 0.168557 0.609219 0.168557 0.641314 0.149289 0.641314
0 0.025067 0.810468 0.043969 0.810468 0.043969 0.856575 0.025067 0.856575
0 0.214730 0.971784 0.231225 0.971784 0.231225 0.981378 0.214730 0.981378
0 0.063253 0.536926 0.077480 0.536926 0.077480 0.562332 0.063253 0.562332
0 0.256992 0.897763 0.291609 0.897763 0.291609 0.916274 0.256992 0.916274
0 0.384107 0.523771 0.398301 0.523771 0.398301 0.549410 0.384107 0.549410
0 0.293853 0.859094 0.310900 0.859094 0.310900 0.868241 0.293853 0.868241
0 0.220923 0.561768 0.233466 0.561768 0.233466 0.585793 0.220923 0.585793
0 0.155791 0.856928 0.214440 0.856928 0.214440 0.936599 0.155791 0.936599
0 0.381722 0.631807 0.391390 0.631807 0.391390 0.648691 0.381722 0.648691
0 0.262686 0.840302 0.279209 0.840302 0.279209 0.849394 0.262686 0.849394
0 0.019243 0.881479 0.090862 0.881479 0.090862 0.936786 0.019243 0.936786
0 0.277705 0.552153 0.343151 0.552153 0.343151 0.635918 0.277705 0.635918
0 0.245804 0.961058 0.255175 0.961058 0.255175 0.977393 0.245804 0.977393
0 0.645135 0.500456 0.670371 0.500456 0.670371 0.513881 0.645135 0.513881
0 0.782888 0.366107 0.796990 0.366107 0.796990 0.391545 0.782888 0.391545
0 0.683496 0.272091 0.697958 0.272091 0.697958 0.297640 0.683496 0.297640
0 0.748958 0.243258 0.762152 0.243258 0.762152 0.268477 0.748958 0.268477
0 0.568193 0.366680 0.589387 0.366680 0.589387 0.400589 0.568193 0.400589
0 0.707889 0.275459 0.722245 0.275459 0.722245 0.300716 0.707889 0.300716
0 0.613010 0.472059 0.627178 0.472059 0.627178 0.497674 0.613010 0.497674
0 0.664567 0.076785 0.690240 0.076785 0.690240 0.091614 0.664567 0.091614
0 0.724026 0.191477 0.749409 0.191477 0.749409 0.204857 0.724026 0.204857
0 0.877812 0.252695 0.910861 0.252695 0.910861 0.270789 0.877812 0.270789
0 0.684576 0.369272 0.697293 0.369272 0.697293 0.394513 0.684576 0.394513
0 0.777424 0.289303 0.790234 0.289303 0.790234 0.314860 0.777424 0.314860
0 0.850765 0.350357 0.858757 0.350357 0.858757 0.365998 0.850765 0.365998
0 0.763627 0.445117 0.771763 0.445117 0.771763 0.460725 0.763627 0.460725
0 0.733203 0.359210 0.747127 0.359210 0.747127 0.384939 0.733203 0.384939
0 0.927278 0.272449 0.936500 0.272449 0.936500 0.288358 0.927278 0.288358
0 0.681787 0.326234 0.696406 0.326234 0.696406 0.352026 0.681787 0.352026
0 0.628255 0.369607 0.640891 0.369607 0.640891 0.395437 0.628255 0.395437
0 0.690239 0.230944 0.704584 0.230944 0.704584 0.256299 0.690239 0.256299
0 0.946299 0.252706 0.979457 0.252706 0.979457 0.271386 0.946299 0.271386
0 0.820983 0.288886 0.835430 0.288886 0.835430 0.314341 0.820983 0.314341
0 0.691472 0.506643 0.716947 0.506643 0.716947 0.520983 0.691472 0.520983
0 0.602688 0.343860 0.615858 0.343860 0.615858 0.369305 0.602688 0.369305
0 0.642686 0.343500 0.668165 0.343500 0.668165 0.356758 0.642686 0.356758
0 0.927955 0.240913 0.935779 0.240913 0.935779 0.256628 0.927955 0.256628
0 0.814180 0.338393 0.830449 0.338393 0.830449 0.347548 0.814180 0.347548
0 0.798733 0.289937 0.813123 0.289937 0.813123 0.315181 0.798733 0.315181
0 0.752506 0.398737 0.761293 0.398737 0.761293 0.415002 0.752506 0.415002
0 0.820003 0.241415 0.834345 0.241415 0.834345 0.266591 0.820003 0.266591
0 0.706424 0.369966 0.720110 0.369966 0.720110 0.395446 0.706424 0.395446
0 0.651168 0.294183 0.665445 0.294183 0.665445 0.319795 0.651168 0.319795
0 0.691523 0.483554 0.717347 0.483554 0.717347 0.498119 0.691523 0.498119
0 0.657343 0.369970 0.670284 0.369970 0.670284 0.395284 0.657343 0.395284
0 0.637048 0.458260 0.651248 0.458260 0.651248 0.483803 0.637048 0.483803
0 0.742824 0.475686 0.757062 0.475686 0.757062 0.500886 0.742824 0.500886
0 0.658872 0.408997 0.671740 0.408997 0.671740 0.434863 0.658872 0.434863
0 0.747013 0.441858 0.755886 0.441858 0.755886 0.458534 0.747013 0.458534
0 0.869162 0.144886 0.877983 0.144886 0.877983 0.161670 0.869162 0.161670
0 0.734678 0.285784 0.749170 0.285784 0.749170 0.311002 0.734678 0.311002
0 0.870277 0.356638 0.886562 0.356638 0.886562 0.366071 0.870277 0.366071
0 0.894231 0.301427 0.909908 0.301427 0.909908 0.309213 0.894231 0.309213
0 0.853025 0.101122 0.861101 0.101122 0.861101 0.117057 0.853025 0.117057
0 0.830763 0.360524 0.838459 0.360524 0.838459 0.376189 0.830763 0.376189
0 0.774569 0.406569 0.790489 0.406569 0.790489 0.414644 0.774569 0.414644
0 0.774531 0.426826 0.790100 0.426826 0.790100 0.434857 0.774531 0.434857
0 0.877863 0.323921 0.885854 0.323921 0.885854 0.339438 0.877863 0.339438
0 0.934104 0.324696 0.950298 0.324696 0.950298 0.333825 0.934104 0.333825
0 0.685174 0.413809 0.694888 0.413809 0.694888 0.430802 0.685174 0.430802
0 0.668503 0.043336 0.684050 0.043336 0.684050 0.051234 0.668503 0.051234
0 0.822642 0.073108 0.831664 0.073108 0.831664 0.089406 0.822642 0.089406
0 0.813130 0.360744 0.821710 0.360744 0.821710 0.376918 0.813130 0.376918
0 0.861117 0.323593 0.870678 0.323593 0.870678 0.340136 0.861117 0.340136
0 0.852569 0.145564 0.860580 0.145564 0.860580 0.160845 0.852569 0.160845
0 0.612452 0.732253 0.638086 0.732253 0.638086 0.746648 0.612452 0.746648
0 0.665630 0.877539 0.690524 0.877539 0.690524 0.890479 0.665630 0.890479
0 0.652182 0.809198 0.666746 0.809198 0.666746 0.835028 0.652182 0.835028
0 0.640412 0.522906 0.665593 0.522906 0.665593 0.536292 0.640412 0.536292
0 0.653465 0.846954 0.678665 0.846954 0.678665 0.860314 0.653465 0.860314
0 0.630911 0.562859 0.643690 0.562859 0.643690 0.588149 0.630911 0.588149
0 0.779950 0.678274 0.796945 0.678274 0.796945 0.687338 0.779950 0.687338
0 0.693916 0.849278 0.719105 0.849278 0.719105 0.862825 0.693916 0.862825
0 0.788726 0.949797 0.821473 0.949797 0.821473 0.970081 0.788726 0.970081
0 0.981835 0.809596 0.989942 0.809596 0.989942 0.825445 0.981835 0.825445
0 0.550386 0.612830 0.583578 0.612830 0.583578 0.633973 0.550386 0.633973
0 0.535622 0.584584 0.560733 0.584584 0.560733 0.597843 0.535622 0.597843
0 0.697047 0.644005 0.710222 0.644005 0.710222 0.669276 0.697047 0.669276
0 0.641477 0.780396 0.666771 0.780396 0.666771 0.795299 0.641477 0.795299
0 0.864634 0.828954 0.885793 0.828954 0.885793 0.860929 0.864634 0.860929
0 0.779577 0.550852 0.793678 0.550852 0.793678 0.576234 0.779577 0.576234
0 0.573741 0.785518 0.598967 0.785518 0.598967 0.798657 0.573741 0.798657
0 0.936307 0.850539 0.944257 0.850539 0.944257 0.866126 0.936307 0.866126
0 0.936126 0.809738 0.943910 0.809738 0.943910 0.825292 0.936126 0.825292
0 0.549060 0.978976 0.574343 0.978976 0.574343 0.992148 0.549060 0.992148
0 0.755770 0.612210 0.771564 0.612210 0.771564 0.620318 0.755770 0.620318
0 0.655551 0.598747 0.680948 0.598747 0.680948 0.612364 0.655551 0.612364
0 0.705300 0.878448 0.730606 0.878448 0.730606 0.892074 0.705300 0.892074
0 0.725947 0.716601 0.738476 0.716601 0.738476 0.740819 0.725947 0.740819
0 0.729418 0.957915 0.762639 0.957915 0.762639 0.978632 0.729418 0.978632
0 0.577403 0.813287 0.602694 0.813287 0.602694 0.826763 0.577403 0.826763
0 0.749588 0.876668 0.774921 0.876668 0.774921 0.890257 0.749588 0.890257
0 0.982516 0.850381 0.990715 0.850381 0.990715 0.866080 0.982516 0.866080
0 0.620180 0.840150 0.641958 0.840150 0.641958 0.873748 0.620180 0.873748
0 0.583142 0.704677 0.596233 0.704677 0.596233 0.730208 0.583142 0.730208
0 0.507270 0.977395 0.532539 0.977395 0.532539 0.990817 0.507270 0.990817
0 0.769610 0.761395 0.785202 0.761395 0.785202 0.769519 0.769610 0.769519
0 0.845022 0.826280 0.853616 0.826280 0.853616 0.842259 0.845022 0.842259
0 0.701914 0.547175 0.717572 0.547175 0.717572 0.555090 0.701914 0.555090
0 0.600749 0.938623 0.613851 0.938623 0.613851 0.963918 0.600749 0.963918
0 0.552666 0.663585 0.565392 0.663585 0.565392 0.688977 0.552666 0.688977
0 0.770019 0.784563 0.785673 0.784563 0.785673 0.792543 0.770019 0.792543
0 0.771412 0.694936 0.787082 0.694936 0.787082 0.703033 0.771412 0.703033
0 0.769898 0.808708 0.785597 0.808708 0.785597 0.816685 0.769898 0.816685
0 0.762933 0.629168 0.778819 0.629168 0.778819 0.637279 0.762933 0.637279
0 0.702439 0.609543 0.719036 0.609543 0.719036 0.619112 0.702439 0.619112
0 0.902647 0.820160 0.918289 0.820160 0.918289 0.828189 0.902647 0.828189
0 0.701887 0.529457 0.718006 0.529457 0.718006 0.539069 0.701887 0.539069
0 0.730436 0.639506 0.746228 0.639506 0.746228 0.647592 0.730436 0.647592
0 0.811588 0.783742 0.827506 0.783742 0.827506 0.791822 0.811588 0.791822
0 0.811567 0.764761 0.827395 0.764761 0.827395 0.772962 0.811567 0.772962
0 0.909545 0.855857 0.924919 0.855857 0.924919 0.864196 0.909545 0.864196
0 0.811733 0.807746 0.827646 0.807746 0.827646 0.815680 0.811733 0.815680
0 0.959329 0.850325 0.967450 0.850325 0.967450 0.866177 0.959329 0.866177
0 0.779459 0.651609 0.787657 0.651609 0.787657 0.667525 0.779459 0.667525
0 0.959011 0.809744 0.966942 0.809744 0.966942 0.825483 0.959011 0.825483
0 0.729713 0.688048 0.745460 0.688048 0.745460 0.696305 0.729713 0.696305
0 0.770753 0.734865 0.785983 0.734865 0.785983 0.743078 0.770753 0.743078
1 0.166963 0.128524 0.206888 0.128524 0.206888 0.147777 0.166963 0.147777
1 0.052096 0.115287 0.068906 0.115287 0.068906 0.130584 0.052096 0.130584
1 0.016215 0.132790 0.032040 0.132790 0.032040 0.145803 0.016215 0.145803
1 0.017305 0.100282 0.032477 0.100282 0.032477 0.113095 0.017305 0.113095
1 0.054922 0.167473 0.063551 0.167473 0.063551 0.192816 0.054922 0.192816
1 0.165424 0.219406 0.208197 0.219406 0.208197 0.239017 0.165424 0.239017
1 0.012242 0.168446 0.020942 0.168446 0.020942 0.191713 0.012242 0.191713
1 0.238469 0.481221 0.246046 0.481221 0.246046 0.505016 0.238469 0.505016
1 0.195393 0.481343 0.203883 0.481343 0.203883 0.504835 0.195393 0.504835
1 0.166472 0.658878 0.190061 0.658878 0.190061 0.666769 0.166472 0.666769
1 0.053221 0.623071 0.066096 0.623071 0.066096 0.637444 0.053221 0.637444
1 0.035084 0.586084 0.051244 0.586084 0.051244 0.603228 0.035084 0.603228
1 0.168408 0.620375 0.181452 0.620375 0.181452 0.630549 0.168408 0.630549
1 0.020613 0.622907 0.033255 0.622907 0.033255 0.637608 0.020613 0.637608
1 0.135761 0.701120 0.159497 0.701120 0.159497 0.709844 0.135761 0.709844
1 0.103391 0.682997 0.126820 0.682997 0.126820 0.691043 0.103391 0.691043
1 0.135769 0.659037 0.159561 0.659037 0.159561 0.666841 0.135769 0.666841
1 0.135907 0.631568 0.149803 0.631568 0.149803 0.641557 0.135907 0.641557
1 0.011080 0.657398 0.018641 0.657398 0.018641 0.680871 0.011080 0.680871
1 0.166561 0.701185 0.190133 0.701185 0.190133 0.709844 0.166561 0.709844
1 0.135765 0.609156 0.149027 0.609156 0.149027 0.619291 0.135765 0.619291
1 0.103300 0.640217 0.126987 0.640217 0.126987 0.649179 0.103300 0.649179
1 0.124609 0.702302 0.128227 0.702302 0.128227 0.717506 0.124609 0.717506
1 0.219639 0.556723 0.235393 0.556723 0.235393 0.561554 0.219639 0.561554
1 0.011308 0.691648 0.018631 0.691648 0.018631 0.714959 0.011308 0.714959
1 0.124828 0.580476 0.128470 0.580476 0.128470 0.595019 0.124828 0.595019
1 0.219389 0.586034 0.235419 0.586034 0.235419 0.590240 0.219389 0.590240
1 0.053048 0.657265 0.061791 0.657265 0.061791 0.681067 0.053048 0.681067
1 0.053160 0.691357 0.061718 0.691357 0.061718 0.715438 0.053160 0.715438
1 0.094889 0.702222 0.098557 0.702222 0.098557 0.717634 0.094889 0.717634
1 0.062913 0.533185 0.077753 0.533185 0.077753 0.536969 0.062913 0.536969
1 0.245558 0.729435 0.249894 0.729435 0.249894 0.745913 0.245558 0.745913
1 0.062117 0.562735 0.077472 0.562735 0.077472 0.566825 0.062117 0.566825
1 0.154080 0.580407 0.157888 0.580407 0.157888 0.595995 0.154080 0.595995
1 0.083424 0.837476 0.109259 0.837476 0.109259 0.847784 0.083424 0.847784
1 0.119370 0.857578 0.150120 0.857578 0.150120 0.869156 0.119370 0.869156
1 0.044738 0.825783 0.060067 0.825783 0.060067 0.839530 0.044738 0.839530
1 0.119346 0.901635 0.150126 0.901635 0.150126 0.912547 0.119346 0.912547
1 0.120715 0.923458 0.150061 0.923458 0.150061 0.934272 0.120715 0.934272
1 0.167029 0.837978 0.192191 0.837978 0.192191 0.847424 0.167029 0.847424
1 0.090862 0.887978 0.111063 0.887978 0.111063 0.932122 0.090862 0.932122
1 0.009242 0.810478 0.024652 0.810478 0.024652 0.823454 0.009242 0.823454
1 0.009558 0.842943 0.024369 0.842943 0.024369 0.855773 0.009558 0.855773
1 0.134668 0.838023 0.160827 0.838023 0.160827 0.847723 0.134668 0.847723
1 0.214781 0.879884 0.243588 0.879884 0.243588 0.890916 0.214781 0.890916
1 0.084011 0.795224 0.109224 0.795224 0.109224 0.803688 0.084011 0.803688
1 0.214792 0.901655 0.243498 0.901655 0.243498 0.912516 0.214792 0.912516
1 0.134512 0.794624 0.160538 0.794624 0.160538 0.804283 0.134512 0.804283
1 0.120576 0.880073 0.150390 0.880073 0.150390 0.890959 0.120576 0.890959
1 0.214610 0.858514 0.243341 0.858514 0.243341 0.868945 0.214610 0.868945
1 0.167313 0.794850 0.192635 0.794850 0.192635 0.804110 0.167313 0.804110
1 0.214831 0.923548 0.243424 0.923548 0.243424 0.934071 0.214831 0.934071
1 0.206475 0.818399 0.210460 0.818399 0.210460 0.834281 0.206475 0.834281
1 0.000296 0.888448 0.019243 0.888448 0.019243 0.931816 0.000296 0.931816
1 0.246029 0.957721 0.255194 0.957721 0.255194 0.961357 0.246029 0.961357
1 0.245323 0.977339 0.254741 0.977339 0.254741 0.981548 0.245323 0.981548
1 0.231088 0.971690 0.235204 0.971690 0.235204 0.981799 0.231088 0.981799
1 0.235930 0.818711 0.239580 0.818711 0.239580 0.833814 0.235930 0.833814
1 0.211094 0.971512 0.214514 0.971512 0.214514 0.981259 0.211094 0.981259
1 0.305234 0.096700 0.346537 0.096700 0.346537 0.114799 0.305234 0.114799
1 0.387973 0.179740 0.417218 0.179740 0.417218 0.199547 0.387973 0.199547
1 0.304047 0.186219 0.347113 0.186219 0.347113 0.207561 0.304047 0.207561
1 0.388356 0.094658 0.415697 0.094658 0.415697 0.113142 0.388356 0.113142
1 0.414293 0.051973 0.418334 0.051973 0.418334 0.061234 0.414293 0.061234
1 0.394218 0.051827 0.397969 0.051827 0.397969 0.060963 0.394218 0.060963
1 0.415023 0.035880 0.418714 0.035880 0.418714 0.044982 0.415023 0.044982
1 0.393994 0.036448 0.398059 0.036448 0.398059 0.045423 0.393994 0.045423
1 0.343669 0.598934 0.373056 0.598934 0.373056 0.610632 0.343669 0.610632
1 0.343573 0.620579 0.373069 0.620579 0.373069 0.632327 0.343573 0.632327
1 0.249114 0.577571 0.278082 0.577571 0.278082 0.588910 0.249114 0.588910
1 0.343865 0.555923 0.372708 0.555923 0.372708 0.567265 0.343865 0.567265
1 0.249148 0.621234 0.278170 0.621234 0.278170 0.632188 0.249148 0.632188
1 0.247934 0.555639 0.278241 0.555639 0.278241 0.567193 0.247934 0.567193
1 0.343815 0.577296 0.372359 0.577296 0.372359 0.588897 0.343815 0.588897
1 0.309444 0.692826 0.318059 0.692826 0.318059 0.716600 0.309444 0.716600
1 0.249334 0.599175 0.277941 0.599175 0.277941 0.610603 0.249334 0.610603
1 0.267602 0.692954 0.275266 0.692954 0.275266 0.716708 0.267602 0.716708
1 0.330863 0.500159 0.345975 0.500159 0.345975 0.504749 0.330863 0.504749
1 0.383187 0.549550 0.399438 0.549550 0.399438 0.554148 0.383187 0.554148
1 0.288968 0.651353 0.292973 0.651353 0.292973 0.666653 0.288968 0.666653
1 0.359846 0.662864 0.364232 0.662864 0.364232 0.678467 0.359846 0.678467
1 0.383761 0.519997 0.399168 0.519997 0.399168 0.523961 0.383761 0.523961
1 0.389602 0.662746 0.393743 0.662746 0.393743 0.677718 0.389602 0.677718
1 0.381799 0.627946 0.391316 0.627946 0.391316 0.631924 0.381799 0.631924
1 0.274174 0.729688 0.278737 0.729688 0.278737 0.745236 0.274174 0.745236
1 0.381883 0.648367 0.391162 0.648367 0.391162 0.652172 0.381883 0.652172
1 0.330928 0.530304 0.345817 0.530304 0.345817 0.533869 0.330928 0.533869
1 0.318082 0.651867 0.322147 0.651867 0.322147 0.666086 0.318082 0.666086
1 0.432595 0.777333 0.441887 0.777333 0.441887 0.803122 0.432595 0.803122
1 0.309780 0.756013 0.318234 0.756013 0.318234 0.780089 0.309780 0.780089
1 0.432652 0.810920 0.441168 0.810920 0.441168 0.834353 0.432652 0.834353
1 0.280210 0.883287 0.290227 0.883287 0.290227 0.898060 0.280210 0.898060
1 0.258123 0.882544 0.268304 0.882544 0.268304 0.898154 0.258123 0.898154
1 0.267523 0.756122 0.275284 0.756122 0.275284 0.779950 0.267523 0.779950
1 0.269109 0.916162 0.279674 0.916162 0.279674 0.929951 0.269109 0.929951
1 0.390625 0.811043 0.398592 0.811043 0.398592 0.834266 0.390625 0.834266
1 0.390483 0.778095 0.398564 0.778095 0.398564 0.801891 0.390483 0.801891
1 0.365444 0.775303 0.369027 0.775303 0.369027 0.791057 0.365444 0.791057
1 0.311056 0.859124 0.314654 0.859124 0.314654 0.867908 0.311056 0.867908
1 0.336108 0.775411 0.339968 0.775411 0.339968 0.791091 0.336108 0.791091
1 0.290173 0.859230 0.294139 0.859230 0.294139 0.868473 0.290173 0.868473
1 0.258334 0.840079 0.262519 0.840079 0.262519 0.849441 0.258334 0.849441
1 0.288958 0.842342 0.292514 0.842342 0.292514 0.851116 0.288958 0.851116
1 0.309468 0.842053 0.313018 0.842053 0.313018 0.850860 0.309468 0.850860
1 0.278782 0.840252 0.282593 0.840252 0.282593 0.849501 0.278782 0.849501
1 0.690366 0.075653 0.694413 0.075653 0.694413 0.092664 0.690366 0.092664
1 0.660991 0.076635 0.664570 0.076635 0.664570 0.092517 0.660991 0.092517
1 0.663983 0.043077 0.668466 0.043077 0.668466 0.051784 0.663983 0.051784
1 0.684112 0.043201 0.688189 0.043201 0.688189 0.051939 0.684112 0.051939
1 0.689510 0.226739 0.705139 0.226739 0.705139 0.230961 0.689510 0.230961
1 0.719395 0.190906 0.723727 0.190906 0.723727 0.205829 0.719395 0.205829
1 0.565658 0.400697 0.589346 0.400697 0.589346 0.409780 0.565658 0.409780
1 0.566766 0.358616 0.590194 0.358616 0.590194 0.366476 0.566766 0.366476
1 0.627118 0.395374 0.642092 0.395374 0.642092 0.399343 0.627118 0.399343
1 0.683465 0.297889 0.697895 0.297889 0.697895 0.301402 0.683465 0.301402
1 0.734681 0.281764 0.749448 0.281764 0.749448 0.285482 0.734681 0.285482
1 0.601463 0.339554 0.616762 0.339554 0.616762 0.343590 0.601463 0.343590
1 0.650882 0.320052 0.665804 0.320052 0.665804 0.323945 0.650882 0.323945
1 0.601799 0.369357 0.616259 0.369357 0.616259 0.373223 0.601799 0.373223
1 0.650551 0.290358 0.665940 0.290358 0.665940 0.294372 0.650551 0.294372
1 0.668218 0.341735 0.672413 0.341735 0.672413 0.357074 0.668218 0.357074
1 0.707340 0.271345 0.722535 0.271345 0.722535 0.275541 0.707340 0.275541
1 0.657735 0.405642 0.672904 0.405642 0.672904 0.409449 0.657735 0.409449
1 0.627027 0.365440 0.642099 0.365440 0.642099 0.369468 0.627027 0.369468
1 0.657840 0.435049 0.672840 0.435049 0.672840 0.439179 0.657840 0.439179
1 0.638850 0.342291 0.642666 0.342291 0.642666 0.357518 0.638850 0.357518
1 0.683621 0.394809 0.698177 0.394809 0.698177 0.398573 0.683621 0.398573
1 0.612596 0.467845 0.627524 0.467845 0.627524 0.472216 0.612596 0.472216
1 0.655907 0.395099 0.671247 0.395099 0.671247 0.398826 0.655907 0.398826
1 0.685129 0.430535 0.694860 0.430535 0.694860 0.434716 0.685129 0.434716
1 0.732926 0.355725 0.747972 0.355725 0.747972 0.359360 0.732926 0.359360
1 0.636161 0.454523 0.651586 0.454523 0.651586 0.458624 0.636161 0.458624
1 0.687372 0.482875 0.691650 0.482875 0.691650 0.499016 0.687372 0.499016
1 0.689518 0.256695 0.704727 0.256695 0.704727 0.260417 0.689518 0.260417
1 0.733172 0.385120 0.748072 0.385120 0.748072 0.388593 0.733172 0.388593
1 0.683987 0.365524 0.697983 0.365524 0.697983 0.369094 0.683987 0.369094
1 0.681636 0.322838 0.696762 0.322838 0.696762 0.326508 0.681636 0.326508
1 0.705778 0.395654 0.720498 0.395654 0.720498 0.399064 0.705778 0.399064
1 0.717065 0.483129 0.720775 0.483129 0.720775 0.498431 0.717065 0.498431
1 0.681555 0.352165 0.696424 0.352165 0.696424 0.355792 0.681555 0.355792
1 0.685354 0.410435 0.694601 0.410435 0.694601 0.413861 0.685354 0.413861
1 0.734282 0.311287 0.749394 0.311287 0.749394 0.315151 0.734282 0.315151
1 0.636205 0.484439 0.651671 0.484439 0.651671 0.488240 0.636205 0.488240
1 0.656712 0.365997 0.671417 0.365997 0.671417 0.369976 0.656712 0.369976
1 0.705596 0.365983 0.720500 0.365983 0.720500 0.369904 0.705596 0.369904
1 0.612774 0.497868 0.627339 0.497868 0.627339 0.501675 0.612774 0.501675
1 0.682905 0.268184 0.697914 0.268184 0.697914 0.272193 0.682905 0.272193
1 0.707225 0.301050 0.722324 0.301050 0.722324 0.304829 0.707225 0.304829
1 0.583784 0.611553 0.592595 0.611553 0.592595 0.635071 0.583784 0.635071
1 0.540851 0.611428 0.550051 0.611428 0.550051 0.636321 0.540851 0.636321
1 0.629383 0.558766 0.645278 0.558766 0.645278 0.562857 0.629383 0.562857
1 0.696015 0.639201 0.711463 0.639201 0.711463 0.643871 0.696015 0.643871
1 0.665564 0.521298 0.669285 0.521298 0.669285 0.537087 0.665564 0.537087
1 0.723843 0.711585 0.739854 0.711585 0.739854 0.716269 0.723843 0.716269
1 0.551557 0.659783 0.566335 0.659783 0.566335 0.663470 0.551557 0.663470
1 0.717640 0.547279 0.721903 0.547279 0.721903 0.555104 0.717640 0.555104
1 0.581982 0.730268 0.596446 0.730268 0.596446 0.734510 0.581982 0.734510
1 0.551890 0.688945 0.566337 0.688945 0.566337 0.693162 0.551890 0.693162
1 0.608476 0.731249 0.612286 0.731249 0.612286 0.746939 0.608476 0.746939
1 0.640647 0.499262 0.644814 0.499262 0.644814 0.515135 0.640647 0.515135
1 0.696321 0.669392 0.711392 0.669392 0.711392 0.673358 0.696321 0.673358
1 0.560605 0.583563 0.564415 0.583563 0.564415 0.598502 0.560605 0.598502
1 0.651318 0.598313 0.655228 0.598313 0.655228 0.613698 0.651318 0.613698
1 0.681403 0.597884 0.685190 0.597884 0.685190 0.613693 0.681403 0.613693
1 0.697739 0.547218 0.701826 0.547218 0.701826 0.555162 0.697739 0.555162
1 0.717881 0.529739 0.721727 0.529739 0.721727 0.538839 0.717881 0.538839
1 0.717066 0.505979 0.720504 0.505979 0.720504 0.522294 0.717066 0.522294
1 0.582365 0.700207 0.597250 0.700207 0.597250 0.704576 0.582365 0.704576
1 0.723532 0.741102 0.739563 0.741102 0.739563 0.744976 0.723532 0.744976
1 0.636135 0.521499 0.640017 0.521499 0.640017 0.536879 0.636135 0.536879
1 0.725924 0.639288 0.730566 0.639288 0.730566 0.647859 0.725924 0.647859
1 0.719034 0.609886 0.722963 0.609886 0.722963 0.619352 0.719034 0.619352
1 0.698707 0.609797 0.702429 0.609797 0.702429 0.618626 0.698707 0.618626
1 0.745665 0.688335 0.749548 0.688335 0.749548 0.696355 0.745665 0.696355
1 0.687557 0.506015 0.691324 0.506015 0.691324 0.521815 0.687557 0.521815
1 0.697878 0.530031 0.701912 0.530031 0.701912 0.538762 0.697878 0.538762
1 0.531044 0.583026 0.535418 0.583026 0.535418 0.598697 0.531044 0.598697
1 0.638227 0.731260 0.642118 0.731260 0.642118 0.747288 0.638227 0.747288
1 0.725220 0.688548 0.729569 0.688548 0.729569 0.696608 0.725220 0.696608
1 0.746183 0.639479 0.750015 0.639479 0.750015 0.647542 0.746183 0.647542
1 0.629445 0.588478 0.645160 0.588478 0.645160 0.592696 0.629445 0.592696
1 0.670577 0.499039 0.674460 0.499039 0.674460 0.514809 0.670577 0.514809
1 0.751329 0.611150 0.754209 0.611150 0.754209 0.621191 0.751329 0.621191
1 0.619142 0.873935 0.642542 0.873935 0.642542 0.881904 0.619142 0.881904
1 0.619033 0.830309 0.643974 0.830309 0.643974 0.839407 0.619033 0.839407
1 0.652000 0.805189 0.667250 0.805189 0.667250 0.809256 0.652000 0.809256
1 0.720013 0.956469 0.728837 0.956469 0.728837 0.980579 0.720013 0.980579
1 0.690742 0.875936 0.694483 0.875936 0.694483 0.891598 0.690742 0.891598
1 0.689803 0.848366 0.693788 0.848366 0.693788 0.863732 0.689803 0.863732
1 0.666971 0.780006 0.670223 0.780006 0.670223 0.796245 0.666971 0.796245
1 0.544745 0.977673 0.548889 0.977673 0.548889 0.993114 0.544745 0.993114
1 0.745551 0.875706 0.749466 0.875706 0.749466 0.891540 0.745551 0.891540
1 0.649656 0.845841 0.653507 0.845841 0.653507 0.861304 0.649656 0.861304
1 0.574378 0.977247 0.578372 0.977247 0.578372 0.993375 0.574378 0.993375
1 0.598923 0.784432 0.603084 0.784432 0.603084 0.799694 0.598923 0.799694
1 0.569653 0.784484 0.573423 0.784484 0.573423 0.799853 0.569653 0.799853
1 0.730615 0.877284 0.734499 0.877284 0.734499 0.893364 0.730615 0.893364
1 0.598820 0.934496 0.615822 0.934496 0.615822 0.938667 0.598820 0.938667
1 0.573237 0.811479 0.577239 0.811479 0.577239 0.827586 0.573237 0.827586
1 0.701228 0.877039 0.705191 0.877039 0.705191 0.892782 0.701228 0.892782
1 0.502622 0.975673 0.507255 0.975673 0.507255 0.991678 0.502622 0.991678
1 0.661202 0.875995 0.665169 0.875995 0.665169 0.891400 0.661202 0.891400
1 0.532616 0.975958 0.536659 0.975958 0.536659 0.991314 0.532616 0.991314
1 0.602542 0.811849 0.606419 0.811849 0.606419 0.827595 0.602542 0.827595
1 0.678625 0.846066 0.682851 0.846066 0.682851 0.861084 0.678625 0.861084
1 0.599234 0.964196 0.615526 0.964196 0.615526 0.968866 0.599234 0.968866
1 0.652043 0.835181 0.667181 0.835181 0.667181 0.838759 0.652043 0.838759
1 0.719436 0.848265 0.723497 0.848265 0.723497 0.864425 0.719436 0.864425
1 0.637550 0.779903 0.641303 0.779903 0.641303 0.795640 0.637550 0.795640
1 0.879671 0.236467 0.886708 0.236467 0.886708 0.253295 0.879671 0.253295
1 0.890466 0.236822 0.897883 0.236822 0.897883 0.252921 0.890466 0.252921
1 0.970344 0.237948 0.976774 0.237948 0.976774 0.252962 0.970344 0.252962
1 0.901680 0.237027 0.908769 0.237027 0.908769 0.253138 0.901680 0.253138
1 0.948399 0.238329 0.954916 0.238329 0.954916 0.253236 0.948399 0.253236
1 0.747666 0.239159 0.763014 0.239159 0.763014 0.243102 0.747666 0.243102
1 0.927385 0.236450 0.936226 0.236450 0.936226 0.240820 0.927385 0.240820
1 0.869143 0.140979 0.878010 0.140979 0.878010 0.144790 0.869143 0.144790
1 0.749458 0.190422 0.754182 0.190422 0.754182 0.205585 0.749458 0.205585
1 0.822626 0.069746 0.831226 0.069746 0.831226 0.073121 0.822626 0.073121
1 0.819605 0.237545 0.834985 0.237545 0.834985 0.241383 0.819605 0.241383
1 0.852434 0.142099 0.860677 0.142099 0.860677 0.145418 0.852434 0.145418
1 0.852686 0.117173 0.861226 0.117173 0.861226 0.120858 0.852686 0.120858
1 0.852695 0.097402 0.861366 0.097402 0.861366 0.101205 0.852695 0.101205
1 0.852348 0.161051 0.860806 0.161051 0.860806 0.165127 0.852348 0.165127
1 0.927503 0.256760 0.935819 0.256760 0.935819 0.260873 0.927503 0.260873
1 0.822120 0.089391 0.832144 0.089391 0.832144 0.093057 0.822120 0.093057
1 0.868850 0.161855 0.877933 0.161855 0.877933 0.165866 0.868850 0.165866
1 0.782205 0.361931 0.797958 0.361931 0.797958 0.365984 0.782205 0.365984
1 0.879286 0.270991 0.887202 0.270991 0.887202 0.285362 0.879286 0.285362
1 0.969888 0.271281 0.977282 0.271281 0.977282 0.286112 0.969888 0.286112
1 0.947868 0.271416 0.955228 0.271416 0.955228 0.285629 0.947868 0.285629
1 0.819934 0.314512 0.835830 0.314512 0.835830 0.318085 0.819934 0.318085
1 0.818718 0.266794 0.835522 0.266794 0.835522 0.270888 0.818718 0.270888
1 0.958910 0.271385 0.966587 0.271385 0.966587 0.285846 0.958910 0.285846
1 0.901334 0.271052 0.909227 0.271052 0.909227 0.285431 0.901334 0.285431
1 0.776970 0.314903 0.790821 0.314903 0.790821 0.318319 0.776970 0.318319
1 0.889827 0.301702 0.894136 0.301702 0.894136 0.309213 0.889827 0.309213
1 0.790409 0.406654 0.794330 0.406654 0.794330 0.414192 0.790409 0.414192
1 0.813322 0.376714 0.821526 0.376714 0.821526 0.380412 0.813322 0.380412
1 0.909865 0.301928 0.913924 0.301928 0.913924 0.309030 0.909865 0.309030
1 0.830498 0.376494 0.838537 0.376494 0.838537 0.380337 0.830498 0.380337
1 0.930089 0.325118 0.934241 0.325118 0.934241 0.333262 0.930089 0.333262
1 0.830731 0.356886 0.838385 0.356886 0.838385 0.360460 0.830731 0.360460
1 0.877944 0.319880 0.885953 0.319880 0.885953 0.323937 0.877944 0.323937
1 0.878028 0.339314 0.886213 0.339314 0.886213 0.343234 0.878028 0.343234
1 0.813199 0.356964 0.821536 0.356964 0.821536 0.360702 0.813199 0.360702
1 0.850916 0.365980 0.858885 0.365980 0.858885 0.369356 0.850916 0.369356
1 0.790049 0.427057 0.793996 0.427057 0.793996 0.434602 0.790049 0.434602
1 0.776414 0.285138 0.791939 0.285138 0.791939 0.289514 0.776414 0.289514
1 0.810162 0.338650 0.814180 0.338650 0.814180 0.346786 0.810162 0.346786
1 0.950283 0.325023 0.953805 0.325023 0.953805 0.333856 0.950283 0.333856
1 0.770636 0.427018 0.774577 0.427018 0.774577 0.434572 0.770636 0.434572
1 0.886274 0.357194 0.889882 0.357194 0.889882 0.366142 0.886274 0.366142
1 0.861525 0.340221 0.870030 0.340221 0.870030 0.343583 0.861525 0.343583
1 0.763276 0.460954 0.771977 0.460954 0.771977 0.464286 0.763276 0.464286
1 0.752525 0.415053 0.760833 0.415053 0.760833 0.418742 0.752525 0.418742
1 0.861960 0.319957 0.869583 0.319957 0.869583 0.323832 0.861960 0.323832
1 0.798678 0.315307 0.813496 0.315307 0.813496 0.318612 0.798678 0.318612
1 0.763429 0.441348 0.771865 0.441348 0.771865 0.445186 0.763429 0.445186
1 0.927676 0.268786 0.935880 0.268786 0.935880 0.272639 0.927676 0.272639
1 0.830469 0.338967 0.834401 0.338967 0.834401 0.347147 0.830469 0.347147
1 0.742344 0.471158 0.758118 0.471158 0.758118 0.475439 0.742344 0.475439
1 0.753290 0.395420 0.761671 0.395420 0.761671 0.398590 0.753290 0.398590
1 0.850727 0.346901 0.858752 0.346901 0.858752 0.350256 0.850727 0.350256
1 0.927760 0.288585 0.936350 0.288585 0.936350 0.291938 0.927760 0.291938
1 0.771188 0.406495 0.774619 0.406495 0.774619 0.414267 0.771188 0.414267
1 0.742459 0.501228 0.757602 0.501228 0.757602 0.505064 0.742459 0.505064
1 0.866685 0.357156 0.870509 0.357156 0.870509 0.366304 0.866685 0.366304
1 0.798720 0.285905 0.814394 0.285905 0.814394 0.289924 0.798720 0.289924
1 0.747111 0.438900 0.755941 0.438900 0.755941 0.442129 0.747111 0.442129
1 0.747612 0.268647 0.763603 0.268647 0.763603 0.272767 0.747612 0.272767
1 0.782073 0.391634 0.797644 0.391634 0.797644 0.395758 0.782073 0.395758
1 0.820077 0.285302 0.836218 0.285302 0.836218 0.289047 0.820077 0.289047
1 0.746789 0.458448 0.756031 0.458448 0.756031 0.461766 0.746789 0.461766
1 0.831614 0.417437 0.835531 0.417437 0.835531 0.425844 0.831614 0.425844
1 0.778675 0.576524 0.794440 0.576524 0.794440 0.580686 0.778675 0.580686
1 0.767152 0.694961 0.771410 0.694961 0.771410 0.703001 0.767152 0.703001
1 0.786233 0.735290 0.790124 0.735290 0.790124 0.743116 0.786233 0.743116
1 0.787160 0.695130 0.790939 0.695130 0.790939 0.702911 0.787160 0.702911
1 0.771525 0.612490 0.775443 0.612490 0.775443 0.620303 0.771525 0.620303
1 0.759210 0.629174 0.762960 0.629174 0.762960 0.637003 0.759210 0.637003
1 0.796800 0.678647 0.800242 0.678647 0.800242 0.687187 0.796800 0.687187
1 0.779415 0.647950 0.787761 0.647950 0.787761 0.651839 0.779415 0.651839
1 0.767017 0.735153 0.770896 0.735153 0.770896 0.743103 0.767017 0.743103
1 0.778646 0.629120 0.781762 0.629120 0.781762 0.636758 0.778646 0.636758
1 0.779136 0.667378 0.787628 0.667378 0.787628 0.671167 0.779136 0.671167
1 0.776541 0.678368 0.780126 0.678368 0.780126 0.687242 0.776541 0.687242
1 0.778834 0.546727 0.794635 0.546727 0.794635 0.550742 0.778834 0.550742
1 0.864197 0.820295 0.886682 0.820295 0.886682 0.828441 0.864197 0.828441
1 0.779888 0.948429 0.788006 0.948429 0.788006 0.971680 0.779888 0.971680
1 0.763125 0.956568 0.770848 0.956568 0.770848 0.980118 0.763125 0.980118
1 0.822072 0.947677 0.830027 0.947677 0.830027 0.971676 0.822072 0.971676
1 0.864412 0.861557 0.886493 0.861557 0.886493 0.869289 0.864412 0.869289
1 0.775117 0.875180 0.779059 0.875180 0.779059 0.891612 0.775117 0.891612
1 0.807454 0.764669 0.811737 0.764669 0.811737 0.773011 0.807454 0.773011
1 0.827672 0.764973 0.831652 0.764973 0.831652 0.773106 0.827672 0.773106
1 0.765663 0.784663 0.770005 0.784663 0.770005 0.792631 0.765663 0.792631
1 0.765795 0.808372 0.769838 0.808372 0.769838 0.817012 0.765795 0.817012
1 0.785645 0.808661 0.789377 0.808661 0.789377 0.816618 0.785645 0.816618
1 0.785287 0.761608 0.789319 0.761608 0.789319 0.769632 0.785287 0.769632
1 0.785876 0.784589 0.789718 0.784589 0.789718 0.792439 0.785876 0.792439
1 0.898306 0.819959 0.902607 0.819959 0.902607 0.828606 0.898306 0.828606
1 0.807341 0.783551 0.811713 0.783551 0.811713 0.791921 0.807341 0.791921
1 0.981529 0.825533 0.990360 0.825533 0.990360 0.829502 0.981529 0.829502
1 0.827406 0.783737 0.830947 0.783737 0.830947 0.791735 0.827406 0.791735
1 0.827440 0.807435 0.831411 0.807435 0.831411 0.815851 0.827440 0.815851
1 0.958716 0.825533 0.967357 0.825533 0.967357 0.829396 0.958716 0.829396
1 0.935524 0.825402 0.944357 0.825402 0.944357 0.829404 0.935524 0.829404
1 0.807389 0.807565 0.811600 0.807565 0.811600 0.815804 0.807389 0.815804
1 0.935925 0.866475 0.944672 0.866475 0.944672 0.870689 0.935925 0.870689
1 0.765645 0.761497 0.769751 0.761497 0.769751 0.769529 0.765645 0.769529
1 0.844881 0.822758 0.853866 0.822758 0.853866 0.826344 0.844881 0.826344
1 0.935977 0.846545 0.944281 0.846545 0.944281 0.850545 0.935977 0.850545
1 0.958957 0.846507 0.967481 0.846507 0.967481 0.850184 0.958957 0.850184
1 0.905416 0.855780 0.909547 0.855780 0.909547 0.864290 0.905416 0.864290
1 0.981620 0.805681 0.990049 0.805681 0.990049 0.809544 0.981620 0.809544
1 0.844773 0.842643 0.853660 0.842643 0.853660 0.846749 0.844773 0.846749
1 0.958802 0.806388 0.967157 0.806388 0.967157 0.809606 0.958802 0.809606
1 0.935444 0.806087 0.943973 0.806087 0.943973 0.809647 0.935444 0.809647
1 0.958808 0.866462 0.967529 0.866462 0.967529 0.870531 0.958808 0.870531
1 0.925341 0.855926 0.929413 0.855926 0.929413 0.864509 0.925341 0.864509
1 0.982038 0.846585 0.990723 0.846585 0.990723 0.850304 0.982038 0.850304
1 0.982107 0.866149 0.990960 0.866149 0.990960 0.870251 0.982107 0.870251
1 0.918182 0.820226 0.921911 0.820226 0.921911 0.828379 0.918182 0.828379
