0 0.965797 0.910746 0.965935 0.737861 0.790988 0.737722 0.790850 0.910606
0 0.440479 0.393516 0.440514 0.406688 0.465561 0.406621 0.465526 0.393450
0 0.391366 0.167405 0.391388 0.180409 0.416721 0.180366 0.416699 0.167362
0 0.289589 0.260256 0.310525 0.260231 0.310485 0.226862 0.289549 0.226888
0 0.416184 0.257501 0.416202 0.271565 0.442063 0.271531 0.442045 0.257467
0 0.287404 0.190755 0.300113 0.190742 0.300087 0.165388 0.287378 0.165401
0 0.207923 0.262276 0.229112 0.262236 0.229049 0.228606 0.207860 0.228646
0 0.414544 0.039367 0.426906 0.039361 0.426895 0.014597 0.414532 0.014602
0 0.371225 0.071363 0.371226 0.050127 0.338683 0.050125 0.338682 0.071361
0 0.027387 0.265652 0.040377 0.265643 0.040360 0.240070 0.027369 0.240079
0 0.441351 0.017974 0.449506 0.017960 0.449480 0.002387 0.441325 0.002400
0 0.417123 0.294643 0.417138 0.307723 0.442504 0.307692 0.442489 0.294613
0 0.406497 0.218164 0.419408 0.218151 0.419381 0.192852 0.406470 0.192865
0 0.073797 0.265686 0.086788 0.265680 0.086776 0.240229 0.073784 0.240236
0 0.050428 0.266741 0.064672 0.266727 0.064645 0.239273 0.050401 0.239287
0 0.338110 0.243152 0.338120 0.256253 0.363326 0.256234 0.363316 0.243134
0 0.439822 0.365557 0.439842 0.379842 0.465608 0.379806 0.465588 0.365521
0 0.080622 0.317133 0.093549 0.317114 0.093512 0.291397 0.080584 0.291416
0 0.433537 0.343123 0.433565 0.356527 0.458857 0.356475 0.458829 0.343071
0 0.481936 0.363253 0.491216 0.363233 0.491180 0.346278 0.481901 0.346298
0 0.509164 0.363074 0.518385 0.363060 0.518360 0.346732 0.509138 0.346746
0 0.235279 0.025891 0.235287 0.035821 0.252252 0.035808 0.252244 0.025878
0 0.185849 0.307795 0.199045 0.307788 0.199032 0.282411 0.185837 0.282418
0 0.060740 0.021830 0.060755 0.034962 0.086323 0.034932 0.086307 0.021800
0 0.403115 0.059781 0.403134 0.067804 0.418853 0.067766 0.418834 0.059743
0 0.343942 0.030794 0.343963 0.039054 0.359439 0.039014 0.359417 0.030754
0 0.420924 0.506489 0.428944 0.506477 0.428919 0.491144 0.420900 0.491157
0 0.263183 0.011841 0.263202 0.021620 0.280283 0.021588 0.280265 0.011809
0 0.358149 0.192031 0.370620 0.192021 0.370599 0.166688 0.358128 0.166698
0 0.381602 0.026333 0.389716 0.026322 0.389695 0.010845 0.381581 0.010856
0 0.343744 0.012314 0.343754 0.020505 0.359598 0.020486 0.359589 0.012295
0 0.341696 0.780132 0.341907 0.689860 0.251436 0.689648 0.251225 0.779920
0 0.018610 0.631501 0.018640 0.644215 0.043139 0.644157 0.043109 0.631443
0 0.383975 0.768546 0.396495 0.768528 0.396457 0.743545 0.383938 0.743563
0 0.394680 0.975756 0.394683 0.954802 0.361346 0.954797 0.361343 0.975751
0 0.147148 0.775441 0.160470 0.775427 0.160445 0.750227 0.147122 0.750240
0 0.455654 0.690659 0.455671 0.699589 0.472801 0.699556 0.472784 0.690627
0 0.107061 0.603450 0.107082 0.617193 0.133359 0.617153 0.133338 0.603411
0 0.073100 0.644380 0.094486 0.644360 0.094453 0.610716 0.073067 0.610737
0 0.120181 0.751248 0.128327 0.751238 0.128306 0.735812 0.120161 0.735822
0 0.423456 0.542227 0.431421 0.542216 0.431399 0.526791 0.423433 0.526803
0 0.372269 0.784993 0.372287 0.793243 0.388157 0.793207 0.388138 0.784957
0 0.375644 0.709674 0.375663 0.719969 0.392885 0.719938 0.392867 0.709643
0 0.004199 0.790829 0.014567 0.790801 0.014520 0.773782 0.004152 0.773811
0 0.158355 0.786867 0.158382 0.796542 0.175247 0.796495 0.175220 0.786820
0 0.421556 0.617000 0.429429 0.616986 0.429402 0.601544 0.421529 0.601557
0 0.022486 0.609644 0.022497 0.618738 0.039679 0.618719 0.039668 0.609625
0 0.377482 0.508904 0.385355 0.508882 0.385312 0.493432 0.377439 0.493454
0 0.517477 0.277793 0.517496 0.291261 0.542789 0.291224 0.542769 0.277755
0 0.479199 0.227735 0.500772 0.227740 0.500779 0.194572 0.479206 0.194568
0 0.752508 0.204960 0.752523 0.218406 0.777997 0.218377 0.777982 0.204931
0 0.778881 0.227314 0.778895 0.241652 0.806160 0.241625 0.806146 0.227286
0 0.511229 0.049459 0.511243 0.062569 0.536395 0.062542 0.536381 0.049432
0 0.526523 0.227236 0.536086 0.227221 0.536059 0.210426 0.526496 0.210441
0 0.531377 0.342366 0.544136 0.342355 0.544115 0.316924 0.531356 0.316934
0 0.916523 0.388917 0.916525 0.369152 0.885140 0.369149 0.885137 0.388913
0 0.582960 0.026266 0.591189 0.026249 0.591157 0.010579 0.582928 0.010596
0 0.558320 0.345886 0.566455 0.345869 0.566422 0.330032 0.558286 0.330049
0 0.560405 0.358835 0.560430 0.373507 0.586269 0.373462 0.586243 0.358790
0 0.480210 0.394797 0.489326 0.394785 0.489304 0.378684 0.480188 0.378696
0 0.649912 0.402296 0.658055 0.402277 0.658019 0.386875 0.649876 0.386894
0 0.508975 0.459397 0.521795 0.459385 0.521772 0.433984 0.508952 0.433996
0 0.716064 0.489969 0.724218 0.489952 0.724187 0.474364 0.716033 0.474380
0 0.543772 0.223845 0.553002 0.223821 0.552960 0.207478 0.543730 0.207502
0 0.550538 0.394230 0.550548 0.402960 0.566946 0.402940 0.566935 0.394210
0 0.584687 0.398004 0.584700 0.405928 0.600205 0.405902 0.600192 0.397978
0 0.619124 0.423420 0.627184 0.423406 0.627158 0.407904 0.619097 0.407918
0 0.901402 0.559776 0.915608 0.559755 0.915568 0.532433 0.901362 0.532454
0 0.842382 0.671678 0.856606 0.671667 0.856585 0.644382 0.842361 0.644394
0 0.658133 0.751571 0.658143 0.729732 0.625326 0.729716 0.625315 0.751556
0 0.672258 0.888876 0.693245 0.888841 0.693191 0.856378 0.672204 0.856413
0 0.562791 0.719443 0.562802 0.740569 0.595518 0.740552 0.595507 0.719427
0 0.596043 0.801137 0.604045 0.801129 0.604029 0.785727 0.596027 0.785735
0 0.699546 0.552377 0.699555 0.560541 0.714981 0.560523 0.714971 0.552360
0 0.640845 0.888917 0.662343 0.888884 0.662292 0.856301 0.640794 0.856334
0 0.639344 0.969969 0.639359 0.991328 0.672511 0.991304 0.672496 0.969944
0 0.910818 0.948495 0.910837 0.969887 0.942926 0.969860 0.942908 0.948467
0 0.569627 0.687281 0.569643 0.695164 0.585029 0.695134 0.585014 0.687250
0 0.491585 0.688285 0.491601 0.697299 0.508968 0.697269 0.508952 0.688255
0 0.756323 0.630269 0.765738 0.630241 0.765688 0.613989 0.756273 0.614018
0 0.680125 0.804180 0.688346 0.804168 0.688322 0.788497 0.680101 0.788509
0 0.827480 0.565762 0.827508 0.574981 0.844427 0.574929 0.844398 0.565710
0 0.552770 0.769006 0.560690 0.768987 0.560655 0.753638 0.552735 0.753656
0 0.705299 0.528375 0.713464 0.528357 0.713431 0.512647 0.705266 0.512665
1 0.206741 0.220130 0.206757 0.228360 0.230232 0.228316 0.230216 0.220085
1 0.056261 0.036012 0.060493 0.036011 0.060488 0.020006 0.056255 0.020007
1 0.230330 0.036156 0.235290 0.036187 0.235360 0.025119 0.230401 0.025087
1 0.086121 0.036523 0.090189 0.036519 0.090174 0.020807 0.086105 0.020811
1 0.252272 0.036511 0.257480 0.036533 0.257527 0.025323 0.252319 0.025301
1 0.087869 0.240024 0.087871 0.235669 0.072243 0.235662 0.072241 0.240017
1 0.066071 0.239396 0.066073 0.236089 0.049402 0.236083 0.049401 0.239390
1 0.042077 0.239964 0.042078 0.236054 0.026226 0.236052 0.026226 0.239962
1 0.206443 0.262790 0.206456 0.272385 0.230830 0.272352 0.230817 0.262756
1 0.072079 0.265975 0.072080 0.270099 0.087631 0.270095 0.087630 0.265971
1 0.026221 0.265800 0.026222 0.269943 0.041637 0.269939 0.041636 0.265796
1 0.079146 0.287327 0.079149 0.291276 0.094729 0.291267 0.094727 0.287318
1 0.184771 0.307863 0.184772 0.311873 0.199788 0.311868 0.199786 0.307858
1 0.049622 0.266799 0.049624 0.270188 0.065662 0.270177 0.065659 0.266788
1 0.184549 0.277886 0.184550 0.281988 0.200368 0.281985 0.200367 0.277883
1 0.095065 0.321453 0.095066 0.317220 0.078592 0.317217 0.078592 0.321451
1 0.069478 0.700368 0.079071 0.700358 0.079041 0.671823 0.069448 0.671833
1 0.047871 0.700333 0.057202 0.700319 0.057159 0.671414 0.047829 0.671428
1 0.025306 0.700504 0.035496 0.700486 0.035446 0.670626 0.025256 0.670643
1 0.091066 0.700094 0.100547 0.700077 0.100494 0.672019 0.091014 0.672037
1 0.072033 0.644441 0.072042 0.653365 0.095839 0.653342 0.095831 0.644417
1 0.230586 0.695118 0.230602 0.705274 0.250186 0.705243 0.250170 0.695087
1 0.095781 0.610418 0.095782 0.602415 0.072418 0.602412 0.072417 0.610416
1 0.133541 0.618118 0.137525 0.618114 0.137510 0.602517 0.133526 0.602521
1 0.043070 0.645997 0.047814 0.645995 0.047809 0.629490 0.043065 0.629491
1 0.145243 0.745542 0.145244 0.750070 0.161740 0.750066 0.161739 0.745539
1 0.232567 0.728969 0.232598 0.740254 0.251640 0.740202 0.251608 0.728916
1 0.232040 0.712034 0.232059 0.722675 0.250514 0.722642 0.250495 0.712002
1 0.019021 0.618631 0.022721 0.618628 0.022713 0.609409 0.019013 0.609412
1 0.039583 0.618894 0.043454 0.618896 0.043459 0.609520 0.039589 0.609518
1 0.103198 0.618577 0.107017 0.618575 0.107007 0.602650 0.103188 0.602653
1 0.120000 0.731817 0.120005 0.735878 0.128557 0.735869 0.128553 0.731808
1 0.014539 0.645936 0.018687 0.645935 0.018683 0.629804 0.014535 0.629805
1 0.090899 0.796025 0.101008 0.796009 0.100961 0.765922 0.090852 0.765938
1 0.025963 0.796433 0.035944 0.796412 0.035881 0.766311 0.025900 0.766332
1 0.047718 0.797917 0.057774 0.797899 0.057720 0.766498 0.047663 0.766515
1 0.069367 0.797882 0.079364 0.797867 0.079315 0.766104 0.069319 0.766119
1 0.232349 0.746580 0.232372 0.757226 0.251566 0.757185 0.251543 0.746539
1 0.232253 0.763307 0.232307 0.774656 0.251169 0.774566 0.251115 0.763218
1 0.162030 0.779744 0.162031 0.775502 0.145511 0.775497 0.145510 0.779740
1 0.175268 0.796155 0.178286 0.796149 0.178269 0.787531 0.175251 0.787537
1 0.128472 0.754740 0.128478 0.751395 0.120087 0.751379 0.120081 0.754724
1 0.155241 0.796032 0.158529 0.796032 0.158527 0.787181 0.155239 0.787181
1 0.014113 0.773816 0.014128 0.770103 0.004577 0.770062 0.004561 0.773776
1 0.014094 0.794481 0.014095 0.791014 0.004032 0.791011 0.004031 0.794478
1 0.328591 0.072749 0.338472 0.072735 0.338436 0.047449 0.328555 0.047463
1 0.371616 0.072658 0.380936 0.072647 0.380907 0.047761 0.371587 0.047772
1 0.478072 0.184811 0.478080 0.193668 0.504238 0.193644 0.504230 0.184787
1 0.288316 0.217491 0.288319 0.226387 0.311882 0.226378 0.311878 0.217482
1 0.479043 0.228196 0.479068 0.236217 0.502561 0.236142 0.502536 0.228121
1 0.405268 0.188852 0.405269 0.192792 0.420305 0.192790 0.420304 0.188850
1 0.387268 0.181284 0.391230 0.181275 0.391197 0.165785 0.387235 0.165794
1 0.420554 0.222386 0.420555 0.218277 0.405142 0.218272 0.405140 0.222382
1 0.286272 0.190923 0.286277 0.194751 0.301217 0.194730 0.301212 0.190902
1 0.413151 0.010232 0.413156 0.014349 0.428097 0.014333 0.428092 0.010215
1 0.356749 0.192285 0.356752 0.196472 0.372009 0.196460 0.372006 0.192273
1 0.363694 0.257564 0.367613 0.257559 0.367595 0.241667 0.363676 0.241671
1 0.301148 0.164907 0.301150 0.161201 0.286276 0.161195 0.286275 0.164901
1 0.372297 0.166577 0.372298 0.162159 0.356579 0.162154 0.356578 0.166572
1 0.340946 0.038697 0.343929 0.038707 0.343956 0.030670 0.340973 0.030660
1 0.417069 0.181159 0.421049 0.181155 0.421032 0.165516 0.417052 0.165521
1 0.413408 0.039923 0.413410 0.044009 0.428390 0.044000 0.428387 0.039914
1 0.340586 0.020443 0.343803 0.020455 0.343832 0.012596 0.340614 0.012584
1 0.280288 0.022403 0.285197 0.022399 0.285189 0.011610 0.280279 0.011614
1 0.334146 0.257322 0.338208 0.257320 0.338203 0.242243 0.334141 0.242244
1 0.418955 0.068224 0.422880 0.068238 0.422911 0.059453 0.418986 0.059440
1 0.389616 0.010817 0.389619 0.006717 0.381954 0.006712 0.381951 0.010811
1 0.259650 0.021295 0.263170 0.021291 0.263160 0.011577 0.259640 0.011581
1 0.359676 0.020385 0.363054 0.020384 0.363052 0.012535 0.359674 0.012536
1 0.441229 0.018442 0.441230 0.020972 0.449263 0.020969 0.449262 0.018440
1 0.389480 0.029202 0.389484 0.026412 0.382074 0.026402 0.382071 0.029192
1 0.359495 0.039208 0.362780 0.039202 0.362765 0.030800 0.359481 0.030806
1 0.449096 0.002243 0.449097 0.000096 0.441650 0.000091 0.441648 0.002238
1 0.399911 0.067782 0.402996 0.067787 0.403008 0.059693 0.399923 0.059688
1 0.288210 0.261049 0.288222 0.268863 0.311867 0.268828 0.311856 0.261015
1 0.436291 0.380604 0.440162 0.380601 0.440149 0.364952 0.436279 0.364955
1 0.412405 0.272085 0.415966 0.272081 0.415947 0.256289 0.412386 0.256293
1 0.412933 0.308913 0.417193 0.308911 0.417185 0.293363 0.412925 0.293365
1 0.436255 0.408232 0.440379 0.408226 0.440354 0.391987 0.436230 0.391993
1 0.442715 0.308889 0.446538 0.308886 0.446525 0.293354 0.442702 0.293357
1 0.458823 0.357783 0.463159 0.357780 0.463148 0.341615 0.458812 0.341618
1 0.429452 0.357359 0.433276 0.357354 0.433254 0.341342 0.429430 0.341347
1 0.442388 0.272530 0.446139 0.272527 0.446127 0.256694 0.442376 0.256696
1 0.482204 0.363447 0.482211 0.366180 0.490978 0.366158 0.490971 0.363425
1 0.490452 0.346240 0.490456 0.343224 0.482480 0.343213 0.482476 0.346229
1 0.428302 0.491172 0.428312 0.488215 0.421365 0.488192 0.421355 0.491149
1 0.488886 0.397767 0.488886 0.394854 0.480474 0.394853 0.480474 0.397766
1 0.465855 0.380735 0.469685 0.380739 0.469704 0.364986 0.465874 0.364981
1 0.384842 0.493355 0.384859 0.490344 0.377686 0.490304 0.377669 0.493315
1 0.465712 0.408209 0.469602 0.408207 0.469594 0.392383 0.465704 0.392385
1 0.480430 0.375128 0.480433 0.378329 0.489109 0.378319 0.489105 0.375118
1 0.342289 0.694781 0.342312 0.705631 0.361125 0.705592 0.361103 0.694742
1 0.341894 0.729226 0.341926 0.740583 0.360712 0.740530 0.360680 0.729173
1 0.341511 0.711896 0.341534 0.722855 0.360318 0.722816 0.360295 0.711857
1 0.382419 0.738766 0.382424 0.743397 0.399038 0.743378 0.399033 0.738747
1 0.452863 0.699375 0.455740 0.699382 0.455759 0.691184 0.452883 0.691177
1 0.372842 0.719124 0.375765 0.719130 0.375784 0.709992 0.372861 0.709986
1 0.421357 0.506431 0.421361 0.508904 0.428142 0.508893 0.428138 0.506421
1 0.392866 0.720261 0.396115 0.720272 0.396150 0.710140 0.392901 0.710129
1 0.472778 0.698884 0.476212 0.698892 0.476230 0.691282 0.472796 0.691274
1 0.430808 0.544623 0.430813 0.542499 0.423998 0.542485 0.423993 0.544608
1 0.424044 0.524147 0.424047 0.526776 0.430755 0.526768 0.430753 0.524139
1 0.384919 0.511188 0.384927 0.508843 0.377678 0.508816 0.377670 0.511162
1 0.422006 0.617267 0.422010 0.619608 0.428648 0.619597 0.428644 0.617256
1 0.428661 0.601714 0.428668 0.599057 0.422352 0.599040 0.422345 0.601697
1 0.488241 0.696767 0.491373 0.696780 0.491404 0.688941 0.488272 0.688929
1 0.342641 0.763756 0.342686 0.777868 0.360947 0.777809 0.360902 0.763697
1 0.352185 0.977784 0.361022 0.977767 0.360975 0.953853 0.352138 0.953870
1 0.395226 0.977971 0.403072 0.977948 0.403000 0.954040 0.395154 0.954064
1 0.341854 0.747017 0.341923 0.757540 0.361807 0.757409 0.361738 0.746886
1 0.398405 0.773335 0.398410 0.768715 0.382765 0.768700 0.382761 0.773320
1 0.368725 0.792896 0.372148 0.792905 0.372169 0.785166 0.368747 0.785156
1 0.388321 0.793387 0.392162 0.793405 0.392205 0.784287 0.388364 0.784269
1 0.506797 0.063531 0.511307 0.063531 0.511306 0.048079 0.506796 0.048079
1 0.536371 0.063341 0.540370 0.063338 0.540359 0.048096 0.536361 0.048099
1 0.748587 0.219742 0.752213 0.219735 0.752184 0.203149 0.748558 0.203155
1 0.552612 0.207462 0.552615 0.203896 0.543909 0.203890 0.543907 0.207457
1 0.543476 0.223539 0.543477 0.226921 0.553190 0.226917 0.553189 0.223536
1 0.526421 0.206965 0.526440 0.210570 0.536245 0.210518 0.536226 0.206914
1 0.535940 0.229740 0.535941 0.227299 0.526591 0.227295 0.526590 0.229736
1 0.583242 0.007290 0.583243 0.010562 0.590905 0.010560 0.590904 0.007288
1 0.591041 0.029401 0.591045 0.026828 0.582953 0.026815 0.582949 0.029388
1 0.542905 0.291570 0.547036 0.291564 0.547015 0.276329 0.542885 0.276335
1 0.529984 0.312647 0.529987 0.316684 0.545425 0.316672 0.545422 0.312635
1 0.507473 0.429098 0.507480 0.433654 0.523663 0.433628 0.523656 0.429072
1 0.586529 0.374677 0.589795 0.374675 0.589785 0.358130 0.586519 0.358132
1 0.507482 0.459381 0.507483 0.462832 0.523037 0.462828 0.523036 0.459377
1 0.518407 0.347081 0.518419 0.343687 0.509570 0.343657 0.509558 0.347051
1 0.512487 0.292432 0.516898 0.292432 0.516897 0.276790 0.512486 0.276791
1 0.556872 0.373981 0.560325 0.373978 0.560311 0.358183 0.556857 0.358186
1 0.723999 0.474216 0.724008 0.471023 0.716914 0.471001 0.716904 0.474194
1 0.558123 0.345970 0.558124 0.349106 0.566292 0.349103 0.566291 0.345968
1 0.657632 0.405271 0.657649 0.402352 0.650323 0.402310 0.650306 0.405228
1 0.545208 0.346430 0.545209 0.342500 0.530187 0.342496 0.530186 0.346426
1 0.566269 0.329945 0.566271 0.326736 0.558121 0.326731 0.558119 0.329940
1 0.717010 0.490068 0.717014 0.492350 0.723820 0.492340 0.723816 0.490058
1 0.626911 0.407834 0.626919 0.403900 0.619161 0.403883 0.619152 0.407818
1 0.547784 0.402932 0.550838 0.402930 0.550833 0.394608 0.547778 0.394610
1 0.626676 0.425925 0.626679 0.423487 0.619432 0.423478 0.619429 0.425915
1 0.650256 0.383227 0.650261 0.386684 0.657619 0.386673 0.657614 0.383216
1 0.566905 0.402111 0.569872 0.402128 0.569913 0.394915 0.566946 0.394898
1 0.600117 0.405640 0.602931 0.405638 0.602926 0.398277 0.600112 0.398279
1 0.582278 0.405498 0.584974 0.405496 0.584970 0.398066 0.582274 0.398067
1 0.517993 0.366190 0.518020 0.363218 0.509554 0.363140 0.509526 0.366112
1 0.552696 0.743840 0.562583 0.743826 0.562544 0.716369 0.552657 0.716383
1 0.595748 0.742548 0.605073 0.742543 0.605058 0.718213 0.595733 0.718219
1 0.615302 0.753280 0.625075 0.753279 0.625071 0.727351 0.615298 0.727353
1 0.658455 0.753552 0.668462 0.753555 0.668470 0.727144 0.658462 0.727141
1 0.585352 0.695252 0.588423 0.695254 0.588429 0.687479 0.585358 0.687476
1 0.715292 0.559816 0.718801 0.559814 0.718796 0.552905 0.715287 0.552907
1 0.508774 0.696675 0.512052 0.696685 0.512075 0.689302 0.508797 0.689292
1 0.705175 0.528384 0.705176 0.531010 0.713192 0.531009 0.713192 0.528382
1 0.705637 0.509878 0.705638 0.512607 0.712854 0.512603 0.712853 0.509875
1 0.697033 0.559804 0.699610 0.559814 0.699636 0.553452 0.697059 0.553442
1 0.567177 0.695105 0.569799 0.695103 0.569794 0.687277 0.567173 0.687279
1 0.638916 0.846003 0.638932 0.856326 0.665427 0.856284 0.665411 0.845962
1 0.630160 0.992437 0.639075 0.992421 0.639033 0.968586 0.630117 0.968602
1 0.670406 0.845976 0.670426 0.856258 0.696738 0.856208 0.696718 0.845925
1 0.664633 0.897898 0.664633 0.889167 0.640010 0.889167 0.640010 0.897897
1 0.670510 0.889190 0.670510 0.898315 0.695798 0.898314 0.695797 0.889189
1 0.672812 0.993767 0.681507 0.993750 0.681457 0.968648 0.672762 0.968666
1 0.603940 0.785747 0.603957 0.782481 0.596181 0.782441 0.596165 0.785708
1 0.688164 0.788187 0.688164 0.784237 0.680670 0.784236 0.680669 0.788185
1 0.688494 0.807275 0.688499 0.804321 0.680484 0.804307 0.680479 0.807261
1 0.596139 0.801519 0.596140 0.804279 0.603701 0.804275 0.603699 0.801515
1 0.560827 0.772659 0.560828 0.769559 0.552740 0.769557 0.552739 0.772657
1 0.560622 0.753462 0.560636 0.750378 0.552879 0.750341 0.552864 0.753425
1 0.778300 0.219583 0.781812 0.219579 0.781796 0.203703 0.778284 0.203706
1 0.806022 0.242802 0.809740 0.242797 0.809718 0.225824 0.806000 0.225829
1 0.775199 0.242515 0.778638 0.242513 0.778629 0.226072 0.775191 0.226073
1 0.883860 0.369467 0.896624 0.369498 0.896660 0.354512 0.883897 0.354481
1 0.907199 0.369127 0.917233 0.369155 0.917271 0.355681 0.907237 0.355653
1 0.895803 0.402152 0.906054 0.402170 0.906077 0.389098 0.895827 0.389079
1 0.867086 0.720119 0.867138 0.735889 0.892981 0.735804 0.892928 0.720033
1 0.841612 0.640492 0.841617 0.644300 0.857701 0.644280 0.857696 0.640472
1 0.899843 0.560106 0.899847 0.563645 0.916606 0.563624 0.916602 0.560085
1 0.900695 0.528672 0.900697 0.532227 0.916411 0.532219 0.916409 0.528664
1 0.756315 0.610165 0.756318 0.614021 0.765970 0.614015 0.765967 0.610159
1 0.756108 0.630290 0.756109 0.634611 0.766040 0.634609 0.766039 0.630288
1 0.857575 0.675243 0.857576 0.671763 0.841303 0.671759 0.841302 0.675238
1 0.844422 0.575107 0.848258 0.575124 0.848300 0.565679 0.844464 0.565662
1 0.823926 0.574833 0.827221 0.574838 0.827236 0.565536 0.823941 0.565531
1 0.867655 0.911720 0.867703 0.931531 0.892375 0.931472 0.892328 0.911661
1 0.900966 0.972222 0.910791 0.972195 0.910718 0.946348 0.900893 0.946375
1 0.943378 0.971303 0.954102 0.971270 0.954024 0.946045 0.943301 0.946078
0 0.024297 0.706544 0.101548 0.706544 0.101548 0.764686 0.024297 0.764686
