0 0.693985 0.433464 0.862844 0.433464 0.862844 0.550968 0.693985 0.550968
0 0.231045 0.404101 0.440961 0.404101 0.440961 0.519680 0.231045 0.519680
0 0.467268 0.433306 0.476900 0.433306 0.476900 0.450374 0.467268 0.450374
0 0.370944 0.938553 0.395703 0.938553 0.395703 0.951058 0.370944 0.951058
0 0.239567 0.724625 0.264217 0.724625 0.264217 0.737086 0.239567 0.737086
0 0.257718 0.752070 0.270124 0.752070 0.270124 0.776408 0.257718 0.776408
0 0.100568 0.828445 0.125266 0.828445 0.125266 0.841012 0.100568 0.841012
0 0.398104 0.894778 0.410385 0.894778 0.410385 0.919147 0.398104 0.919147
0 0.258460 0.927459 0.271177 0.927459 0.271177 0.951652 0.258460 0.951652
0 0.275411 0.613009 0.300391 0.613009 0.300391 0.625975 0.275411 0.625975
0 0.197451 0.604934 0.222359 0.604934 0.222359 0.617165 0.197451 0.617165
0 0.235739 0.698995 0.260613 0.698995 0.260613 0.711835 0.235739 0.711835
0 0.233785 0.819617 0.258601 0.819617 0.258601 0.832337 0.233785 0.832337
0 0.098711 0.706767 0.123733 0.706767 0.123733 0.719843 0.098711 0.719843
0 0.255264 0.849022 0.268203 0.849022 0.268203 0.873418 0.255264 0.873418
0 0.231973 0.793216 0.256751 0.793216 0.256751 0.805860 0.231973 0.805860
0 0.101726 0.886430 0.126743 0.886430 0.126743 0.899003 0.101726 0.899003
0 0.372801 0.801443 0.397830 0.801443 0.397830 0.814572 0.372801 0.814572
0 0.098474 0.766356 0.123162 0.766356 0.123162 0.779182 0.098474 0.779182
0 0.371776 0.872402 0.384153 0.872402 0.384153 0.896982 0.371776 0.896982
0 0.372548 0.827964 0.397440 0.827964 0.397440 0.840725 0.372548 0.840725
0 0.372838 0.648062 0.397744 0.648062 0.397744 0.660988 0.372838 0.660988
0 0.102092 0.982006 0.127086 0.982006 0.127086 0.994965 0.102092 0.994965
0 0.372730 0.708565 0.397693 0.708565 0.397693 0.721354 0.372730 0.721354
0 0.098637 0.644557 0.123309 0.644557 0.123309 0.657496 0.098637 0.657496
0 0.372689 0.981220 0.397617 0.981220 0.397617 0.994238 0.372689 0.994238
0 0.101839 0.937090 0.126716 0.937090 0.126716 0.949904 0.101839 0.949904
0 0.227124 0.878102 0.239845 0.878102 0.239845 0.902391 0.227124 0.902391
0 0.227753 0.927320 0.240047 0.927320 0.240047 0.951576 0.227753 0.951576
0 0.309899 0.582914 0.325705 0.582914 0.325705 0.591279 0.309899 0.591279
0 0.826815 0.351160 0.852330 0.351160 0.852330 0.364088 0.826815 0.364088
0 0.696378 0.336899 0.713616 0.336899 0.713616 0.346122 0.696378 0.346122
0 0.771033 0.618589 0.796837 0.618589 0.796837 0.632205 0.771033 0.632205
0 0.686919 0.617087 0.712470 0.617087 0.712470 0.630516 0.686919 0.630516
0 0.731186 0.604762 0.747191 0.604762 0.747191 0.613155 0.731186 0.613155
0 0.753820 0.654174 0.805444 0.654174 0.805444 0.696616 0.753820 0.696616
0 0.823269 0.618219 0.849046 0.618219 0.849046 0.631031 0.823269 0.631031
0 0.887355 0.567034 0.903016 0.567034 0.903016 0.575249 0.887355 0.575249
0 0.884466 0.535202 0.900334 0.535202 0.900334 0.543477 0.884466 0.543477
1 0.233646 0.363489 0.244806 0.363489 0.244806 0.403705 0.233646 0.403705
1 0.232498 0.522910 0.244943 0.522910 0.244943 0.562457 0.232498 0.562457
1 0.234371 0.722423 0.239389 0.722423 0.239389 0.738737 0.234371 0.738737
1 0.192577 0.602145 0.197248 0.602145 0.197248 0.618209 0.192577 0.618209
1 0.230919 0.696897 0.235793 0.696897 0.235793 0.713153 0.230919 0.713153
1 0.123708 0.705258 0.128252 0.705258 0.128252 0.721561 0.123708 0.721561
1 0.123447 0.643165 0.128297 0.643165 0.128297 0.659099 0.123447 0.659099
1 0.222389 0.602343 0.226891 0.602343 0.226891 0.618364 0.222389 0.618364
1 0.093718 0.643208 0.098510 0.643208 0.098510 0.659130 0.093718 0.659130
1 0.093631 0.705422 0.098541 0.705422 0.098541 0.721505 0.093631 0.721505
1 0.225702 0.951908 0.241451 0.951908 0.241451 0.956577 0.225702 0.956577
1 0.126903 0.884236 0.131791 0.884236 0.131791 0.900095 0.126903 0.900095
1 0.229127 0.817854 0.233725 0.817854 0.233725 0.833756 0.229127 0.833756
1 0.123189 0.764296 0.128255 0.764296 0.128255 0.780006 0.123189 0.780006
1 0.225677 0.902586 0.241878 0.902586 0.241878 0.907029 0.225677 0.907029
1 0.093190 0.764310 0.098293 0.764310 0.098293 0.780241 0.093190 0.780241
1 0.126766 0.935238 0.131803 0.935238 0.131803 0.951090 0.126766 0.951090
1 0.096948 0.884543 0.101896 0.884543 0.101896 0.900010 0.096948 0.900010
1 0.126971 0.980459 0.131700 0.980459 0.131700 0.996265 0.126971 0.996265
1 0.125427 0.826228 0.130209 0.826228 0.130209 0.842091 0.125427 0.842091
1 0.225656 0.872914 0.241403 0.872914 0.241403 0.877770 0.225656 0.877770
1 0.095326 0.826420 0.100409 0.826420 0.100409 0.842496 0.095326 0.842496
1 0.096738 0.980797 0.101917 0.980797 0.101917 0.996425 0.096738 0.996425
1 0.096539 0.935602 0.101596 0.935602 0.101596 0.951286 0.096539 0.951286
1 0.226097 0.922492 0.241528 0.922492 0.241528 0.926907 0.226097 0.926907
1 0.256818 0.791634 0.261536 0.791634 0.261536 0.807080 0.256818 0.807080
1 0.226869 0.791470 0.232082 0.791470 0.232082 0.806928 0.226869 0.806928
1 0.363940 0.363175 0.374387 0.363175 0.374387 0.404010 0.363940 0.404010
1 0.299163 0.362770 0.309556 0.362770 0.309556 0.404244 0.299163 0.404244
1 0.407327 0.362745 0.417483 0.362745 0.417483 0.404024 0.407327 0.404024
1 0.342430 0.363129 0.352683 0.363129 0.352683 0.404081 0.342430 0.404081
1 0.428462 0.361355 0.441237 0.361355 0.441237 0.403726 0.428462 0.403726
1 0.277440 0.361819 0.287823 0.361819 0.287823 0.404509 0.277440 0.404509
1 0.385672 0.362607 0.395848 0.362607 0.395848 0.404160 0.385672 0.404160
1 0.320800 0.363317 0.331071 0.363317 0.331071 0.404005 0.320800 0.404005
1 0.255774 0.362424 0.266351 0.362424 0.266351 0.404805 0.255774 0.404805
1 0.467034 0.429216 0.477030 0.429216 0.477030 0.433141 0.467034 0.433141
1 0.320823 0.522908 0.331122 0.522908 0.331122 0.562196 0.320823 0.562196
1 0.385738 0.522996 0.395914 0.522996 0.395914 0.562750 0.385738 0.562750
1 0.255650 0.522953 0.266225 0.522953 0.266225 0.562398 0.255650 0.562398
1 0.277416 0.522766 0.287876 0.522766 0.287876 0.562442 0.277416 0.562442
1 0.342393 0.522980 0.352689 0.522980 0.352689 0.562186 0.342393 0.562186
1 0.407302 0.523269 0.417594 0.523269 0.417594 0.561943 0.407302 0.561943
1 0.363932 0.522649 0.374377 0.522649 0.374377 0.562290 0.363932 0.562290
1 0.299092 0.522265 0.309436 0.522265 0.309436 0.562637 0.299092 0.562637
1 0.428773 0.522911 0.440987 0.522911 0.440987 0.562112 0.428773 0.562112
1 0.397673 0.706550 0.401717 0.706550 0.401717 0.722128 0.397673 0.722128
1 0.397868 0.646843 0.401795 0.646843 0.401795 0.662477 0.397868 0.662477
1 0.368240 0.646631 0.372680 0.646631 0.372680 0.662414 0.368240 0.662414
1 0.264280 0.722514 0.268575 0.722514 0.268575 0.738417 0.264280 0.738417
1 0.368260 0.706337 0.372645 0.706337 0.372645 0.722057 0.368260 0.722057
1 0.300359 0.610367 0.304679 0.610367 0.304679 0.626910 0.300359 0.626910
1 0.305935 0.582244 0.309873 0.582244 0.309873 0.591679 0.305935 0.591679
1 0.271241 0.610894 0.275245 0.610894 0.275245 0.626956 0.271241 0.626956
1 0.325608 0.582865 0.329772 0.582865 0.329772 0.592052 0.325608 0.592052
1 0.256530 0.747604 0.271883 0.747604 0.271883 0.751654 0.256530 0.751654
1 0.260575 0.696882 0.264850 0.696882 0.264850 0.712866 0.260575 0.712866
1 0.370434 0.897263 0.386263 0.897263 0.386263 0.902255 0.370434 0.902255
1 0.396183 0.890121 0.411792 0.890121 0.411792 0.894492 0.396183 0.894492
1 0.258652 0.818238 0.263092 0.818238 0.263092 0.833623 0.258652 0.833623
1 0.256108 0.952174 0.272292 0.952174 0.272292 0.956519 0.256108 0.956519
1 0.253692 0.844554 0.269753 0.844554 0.269753 0.848718 0.253692 0.848718
1 0.256492 0.922623 0.272043 0.922623 0.272043 0.927166 0.256492 0.927166
1 0.370657 0.868445 0.386235 0.868445 0.386235 0.872252 0.370657 0.872252
1 0.397429 0.825883 0.401400 0.825883 0.401400 0.841673 0.397429 0.841673
1 0.368226 0.825571 0.372641 0.825571 0.372641 0.841436 0.368226 0.841436
1 0.395814 0.919457 0.412257 0.919457 0.412257 0.924001 0.395814 0.924001
1 0.253425 0.873691 0.269897 0.873691 0.269897 0.878534 0.253425 0.878534
1 0.368163 0.979048 0.372633 0.979048 0.372633 0.995011 0.368163 0.995011
1 0.397521 0.979329 0.402020 0.979329 0.402020 0.994793 0.397521 0.994793
1 0.255828 0.776709 0.272164 0.776709 0.272164 0.781297 0.255828 0.781297
1 0.395700 0.936239 0.400384 0.936239 0.400384 0.952148 0.395700 0.952148
1 0.397977 0.799728 0.401855 0.799728 0.401855 0.815957 0.397977 0.815957
1 0.368106 0.799646 0.372474 0.799646 0.372474 0.816058 0.368106 0.816058
1 0.366450 0.936092 0.370980 0.936092 0.370980 0.951878 0.366450 0.951878
1 0.726491 0.387759 0.735359 0.387759 0.735359 0.427913 0.726491 0.427913
1 0.712686 0.388313 0.721652 0.388313 0.721652 0.428040 0.712686 0.428040
1 0.698520 0.388295 0.708165 0.388295 0.708165 0.428192 0.698520 0.428192
1 0.693395 0.336196 0.696625 0.336196 0.696625 0.346121 0.693395 0.346121
1 0.714022 0.336543 0.717067 0.336543 0.717067 0.346628 0.714022 0.346628
1 0.712703 0.549583 0.721877 0.549583 0.721877 0.589450 0.712703 0.589450
1 0.698276 0.549590 0.708142 0.549590 0.708142 0.589455 0.698276 0.589455
1 0.726411 0.549539 0.735586 0.549539 0.735586 0.588259 0.726411 0.588259
1 0.683786 0.615805 0.686982 0.615805 0.686982 0.630674 0.683786 0.630674
1 0.712558 0.615190 0.716898 0.615190 0.716898 0.630624 0.712558 0.630624
1 0.727653 0.604204 0.731294 0.604204 0.731294 0.613418 0.727653 0.613418
1 0.742416 0.648487 0.754007 0.648487 0.754007 0.701629 0.742416 0.701629
1 0.808121 0.388096 0.816988 0.388096 0.816988 0.428494 0.808121 0.428494
1 0.767333 0.386994 0.776194 0.386994 0.776194 0.428471 0.767333 0.428471
1 0.848927 0.387888 0.859605 0.387888 0.859605 0.428067 0.848927 0.428067
1 0.794543 0.387349 0.803312 0.387349 0.803312 0.428534 0.794543 0.428534
1 0.753681 0.387024 0.762458 0.387024 0.762458 0.428541 0.753681 0.428541
1 0.835432 0.387849 0.844204 0.387849 0.844204 0.428504 0.835432 0.428504
1 0.780953 0.386850 0.789771 0.386850 0.789771 0.428723 0.780953 0.428723
1 0.821707 0.387057 0.830567 0.387057 0.830567 0.428560 0.821707 0.428560
1 0.739944 0.386565 0.748866 0.386565 0.748866 0.428571 0.739944 0.428571
1 0.823012 0.349251 0.826848 0.349251 0.826848 0.364586 0.823012 0.364586
1 0.852696 0.348979 0.857058 0.348979 0.857058 0.364920 0.852696 0.364920
1 0.794513 0.549687 0.803355 0.549687 0.803355 0.588985 0.794513 0.588985
1 0.849098 0.549951 0.859139 0.549951 0.859139 0.588256 0.849098 0.588256
1 0.835444 0.549851 0.844336 0.549851 0.844336 0.588938 0.835444 0.588938
1 0.753730 0.549558 0.762591 0.549558 0.762591 0.589144 0.753730 0.589144
1 0.767253 0.549605 0.776249 0.549605 0.776249 0.589085 0.767253 0.589085
1 0.821694 0.549628 0.830652 0.549628 0.830652 0.588747 0.821694 0.588747
1 0.780921 0.549566 0.789817 0.549566 0.789817 0.589200 0.780921 0.589200
1 0.808208 0.549703 0.817106 0.549703 0.817106 0.588792 0.808208 0.588792
1 0.739890 0.549432 0.748961 0.549432 0.748961 0.589330 0.739890 0.589330
1 0.806279 0.649334 0.818983 0.649334 0.818983 0.701686 0.806279 0.701686
1 0.796821 0.618080 0.800168 0.618080 0.800168 0.633221 0.796821 0.633221
1 0.880410 0.534923 0.884348 0.534923 0.884348 0.543570 0.880410 0.543570
1 0.849064 0.616947 0.852534 0.616947 0.852534 0.631611 0.849064 0.631611
1 0.767028 0.617800 0.770944 0.617800 0.770944 0.633640 0.767028 0.633640
1 0.903068 0.566672 0.906783 0.566672 0.906783 0.575494 0.903068 0.575494
1 0.747196 0.604144 0.751295 0.604144 0.751295 0.613680 0.747196 0.613680
1 0.819940 0.616544 0.823148 0.616544 0.823148 0.631611 0.819940 0.631611
1 0.883477 0.566618 0.887299 0.566618 0.887299 0.575686 0.883477 0.575686
1 0.900738 0.534534 0.904302 0.534534 0.904302 0.543488 0.900738 0.543488
1 0.466968 0.450297 0.476991 0.450297 0.476991 0.453387 0.466968 0.453387
