0 0.169248 0.309343 0.400352 0.309343 0.400352 0.542795 0.169248 0.542795
0 0.070422 0.458806 0.083881 0.458806 0.083881 0.484870 0.070422 0.484870
0 0.047509 0.290389 0.100262 0.290389 0.100262 0.318284 0.047509 0.318284
0 0.222167 0.711932 0.247528 0.711932 0.247528 0.725404 0.222167 0.725404
0 0.084250 0.911293 0.099772 0.911293 0.099772 0.919399 0.084250 0.919399
0 0.084210 0.887301 0.099801 0.887301 0.099801 0.895572 0.084210 0.895572
0 0.084154 0.863080 0.100083 0.863080 0.100083 0.871362 0.084154 0.871362
0 0.043367 0.862901 0.059191 0.862901 0.059191 0.871015 0.043367 0.871015
0 0.156179 0.722921 0.170552 0.722921 0.170552 0.748544 0.156179 0.748544
0 0.350879 0.751761 0.364074 0.751761 0.364074 0.777133 0.350879 0.777133
0 0.351331 0.721262 0.377009 0.721262 0.377009 0.734689 0.351331 0.734689
0 0.042937 0.886456 0.058840 0.886456 0.058840 0.894665 0.042937 0.894665
0 0.404377 0.750148 0.429937 0.750148 0.429937 0.763622 0.404377 0.763622
0 0.468795 0.804455 0.484444 0.804455 0.484444 0.812544 0.468795 0.812544
0 0.089220 0.989931 0.105055 0.989931 0.105055 0.998153 0.089220 0.998153
0 0.178767 0.762537 0.192254 0.762537 0.192254 0.787982 0.178767 0.787982
0 0.236001 0.740667 0.249360 0.740667 0.249360 0.766292 0.236001 0.766292
0 0.400858 0.793189 0.408993 0.793189 0.408993 0.808829 0.400858 0.808829
0 0.478712 0.493820 0.506292 0.493820 0.506292 0.546239 0.478712 0.546239
0 0.089406 0.952235 0.105228 0.952235 0.105228 0.960272 0.089406 0.960272
0 0.072999 0.813281 0.098519 0.813281 0.098519 0.826550 0.072999 0.826550
0 0.239736 0.780838 0.249448 0.780838 0.249448 0.797327 0.239736 0.797327
0 0.211031 0.802610 0.226624 0.802610 0.226624 0.810952 0.211031 0.810952
0 0.211080 0.786070 0.226558 0.786070 0.226558 0.794424 0.211080 0.794424
0 0.286059 0.788119 0.301880 0.788119 0.301880 0.796211 0.286059 0.796211
0 0.241290 0.600109 0.257085 0.600109 0.257085 0.608450 0.241290 0.608450
0 0.032106 0.812965 0.057620 0.812965 0.057620 0.826327 0.032106 0.826327
0 0.422441 0.795657 0.438642 0.795657 0.438642 0.803999 0.422441 0.803999
0 0.005372 0.937426 0.018786 0.937426 0.018786 0.962676 0.005372 0.962676
0 0.089553 0.935187 0.105247 0.935187 0.105247 0.943404 0.089553 0.943404
0 0.005024 0.901961 0.021800 0.901961 0.021800 0.910762 0.005024 0.910762
0 0.181656 0.802847 0.198501 0.802847 0.198501 0.812636 0.181656 0.812636
0 0.088956 0.969908 0.106043 0.969908 0.106043 0.979797 0.088956 0.979797
0 0.048183 0.956331 0.064560 0.956331 0.064560 0.965878 0.048183 0.965878
0 0.087415 0.846202 0.104447 0.846202 0.104447 0.855338 0.087415 0.855338
0 0.207262 0.768367 0.223853 0.768367 0.223853 0.777646 0.207262 0.777646
0 0.027755 0.940475 0.037351 0.940475 0.037351 0.957333 0.027755 0.957333
0 0.047801 0.937826 0.064460 0.937826 0.064460 0.947007 0.047801 0.947007
0 0.339160 0.594895 0.356272 0.594895 0.356272 0.604349 0.339160 0.604349
0 0.039700 0.845890 0.056270 0.845890 0.056270 0.855045 0.039700 0.855045
0 0.260713 0.618214 0.277762 0.618214 0.277762 0.627504 0.260713 0.627504
0 0.380337 0.747825 0.389300 0.747825 0.389300 0.764183 0.380337 0.764183
0 0.393575 0.772835 0.410221 0.772835 0.410221 0.782462 0.393575 0.782462
0 0.306770 0.594871 0.323865 0.594871 0.323865 0.604009 0.306770 0.604009
0 0.422697 0.778223 0.439133 0.778223 0.439133 0.787122 0.422697 0.787122
0 0.899226 0.454143 0.925270 0.454143 0.925270 0.467833 0.899226 0.467833
0 0.506753 0.413623 0.533020 0.413623 0.533020 0.427245 0.506753 0.427245
0 0.894153 0.301751 0.916076 0.301751 0.916076 0.334788 0.894153 0.334788
0 0.891890 0.367017 0.907444 0.367017 0.907444 0.375277 0.891890 0.375277
0 0.867282 0.338265 0.875522 0.338265 0.875522 0.353672 0.867282 0.353672
0 0.506644 0.390567 0.532748 0.390567 0.532748 0.403972 0.506644 0.403972
0 0.867626 0.263691 0.901036 0.263691 0.901036 0.284986 0.867626 0.284986
0 0.507584 0.303068 0.532344 0.303068 0.532344 0.315751 0.507584 0.315751
0 0.904573 0.388089 0.920430 0.388089 0.920430 0.396304 0.904573 0.396304
0 0.507026 0.437420 0.533220 0.437420 0.533220 0.451085 0.507026 0.451085
0 0.509391 0.460513 0.525400 0.460513 0.525400 0.468808 0.509391 0.468808
0 0.506969 0.362765 0.533260 0.362765 0.533260 0.377773 0.506969 0.377773
0 0.893172 0.431418 0.918078 0.431418 0.918078 0.443889 0.893172 0.443889
0 0.904375 0.409564 0.919992 0.409564 0.919992 0.417629 0.904375 0.417629
0 0.933716 0.366880 0.950768 0.366880 0.950768 0.376031 0.933716 0.376031
0 0.949856 0.444044 0.959522 0.444044 0.959522 0.460640 0.949856 0.460640
0 0.515200 0.555117 0.529534 0.555117 0.529534 0.580566 0.515200 0.580566
0 0.538065 0.626301 0.590749 0.626301 0.590749 0.653301 0.538065 0.653301
0 0.882286 0.554512 0.950592 0.554512 0.950592 0.606690 0.882286 0.606690
0 0.591429 0.586875 0.606547 0.586875 0.606547 0.612766 0.591429 0.612766
0 0.914300 0.525781 0.940273 0.525781 0.940273 0.540087 0.914300 0.540087
0 0.767400 0.613549 0.839778 0.613549 0.839778 0.737399 0.767400 0.737399
0 0.604116 0.854723 0.613948 0.854723 0.613948 0.871794 0.604116 0.871794
0 0.604898 0.978557 0.613037 0.978557 0.613037 0.994131 0.604898 0.994131
0 0.874059 0.526354 0.898721 0.526354 0.898721 0.538989 0.874059 0.538989
0 0.548581 0.571007 0.582691 0.571007 0.582691 0.589829 0.548581 0.589829
0 0.688974 0.615529 0.745093 0.615529 0.745093 0.712241 0.688974 0.712241
0 0.605434 0.928906 0.613878 0.928906 0.613878 0.944780 0.605434 0.944780
0 0.854285 0.649357 0.882532 0.649357 0.882532 0.702044 0.854285 0.702044
0 0.637963 0.927286 0.646341 0.927286 0.646341 0.943354 0.637963 0.943354
0 0.621812 0.978151 0.630705 0.978151 0.630705 0.994980 0.621812 0.994980
0 0.604797 0.884169 0.613732 0.884169 0.613732 0.900962 0.604797 0.900962
0 0.638891 0.955921 0.647986 0.955921 0.647986 0.972839 0.638891 0.972839
1 0.127676 0.371786 0.166412 0.371786 0.166412 0.380165 0.127676 0.380165
1 0.127646 0.404916 0.166300 0.404916 0.166300 0.413341 0.127646 0.413341
1 0.100937 0.289053 0.110651 0.289053 0.110651 0.318801 0.100937 0.318801
1 0.128224 0.349625 0.166750 0.349625 0.166750 0.357847 0.128224 0.357847
1 0.127996 0.338467 0.166531 0.338467 0.166531 0.346850 0.127996 0.346850
1 0.128085 0.382892 0.166618 0.382892 0.166618 0.391354 0.128085 0.391354
1 0.127755 0.460518 0.166097 0.460518 0.166097 0.468954 0.127755 0.468954
1 0.127679 0.493758 0.165672 0.493758 0.165672 0.502175 0.127679 0.502175
1 0.127637 0.471571 0.166378 0.471571 0.166378 0.480093 0.127637 0.480093
1 0.128150 0.416151 0.166506 0.416151 0.166506 0.424491 0.128150 0.424491
1 0.128300 0.449443 0.166270 0.449443 0.166270 0.457851 0.128300 0.457851
1 0.035493 0.288704 0.046352 0.288704 0.046352 0.318348 0.035493 0.318348
1 0.231720 0.270486 0.239317 0.270486 0.239317 0.308409 0.231720 0.308409
1 0.123270 0.264023 0.183217 0.264023 0.183217 0.324272 0.123270 0.324272
1 0.128280 0.427254 0.166210 0.427254 0.166210 0.435623 0.128280 0.435623
1 0.198335 0.269909 0.205916 0.269909 0.205916 0.307870 0.198335 0.307870
1 0.128283 0.393799 0.166444 0.393799 0.166444 0.402285 0.128283 0.402285
1 0.127718 0.482643 0.166049 0.482643 0.166049 0.491234 0.127718 0.491234
1 0.127855 0.360624 0.166563 0.360624 0.166563 0.369002 0.127855 0.369002
1 0.220687 0.270334 0.228241 0.270334 0.228241 0.308253 0.220687 0.308253
1 0.253922 0.270091 0.261625 0.270091 0.261625 0.308706 0.253922 0.308706
1 0.068891 0.484887 0.084917 0.484887 0.084917 0.488724 0.068891 0.488724
1 0.069296 0.453471 0.084434 0.453471 0.084434 0.458064 0.069296 0.458064
1 0.242785 0.269849 0.250553 0.269849 0.250553 0.308532 0.242785 0.308532
1 0.128015 0.438262 0.166154 0.438262 0.166154 0.446719 0.128015 0.446719
1 0.209624 0.270253 0.217204 0.270253 0.217204 0.307871 0.209624 0.307871
1 0.127466 0.505126 0.165917 0.505126 0.165917 0.513209 0.127466 0.513209
1 0.219215 0.545961 0.226599 0.545961 0.226599 0.582843 0.219215 0.582843
1 0.208068 0.546070 0.215488 0.546070 0.215488 0.583722 0.208068 0.583722
1 0.196997 0.546023 0.204331 0.546023 0.204331 0.582632 0.196997 0.582632
1 0.121521 0.528983 0.181993 0.528983 0.181993 0.588748 0.121521 0.588748
1 0.230329 0.546200 0.237665 0.546200 0.237665 0.583312 0.230329 0.583312
1 0.241198 0.546255 0.248795 0.546255 0.248795 0.583186 0.241198 0.583186
1 0.217510 0.710681 0.221973 0.710681 0.221973 0.726117 0.217510 0.726117
1 0.235606 0.735915 0.250352 0.735915 0.250352 0.740743 0.235606 0.740743
1 0.247759 0.710764 0.251965 0.710764 0.251965 0.726815 0.247759 0.726815
1 0.155046 0.718514 0.171219 0.718514 0.171219 0.722536 0.155046 0.722536
1 0.237758 0.600145 0.241056 0.600145 0.241056 0.608392 0.237758 0.608392
1 0.154951 0.748597 0.171397 0.748597 0.171397 0.753771 0.154951 0.753771
1 0.257273 0.599835 0.260227 0.599835 0.260227 0.608174 0.257273 0.608174
1 0.257588 0.618948 0.260437 0.618948 0.260437 0.627611 0.257588 0.627611
1 0.000830 0.613314 0.004295 0.613314 0.004295 0.621806 0.000830 0.621806
1 0.027602 0.811449 0.031668 0.811449 0.031668 0.827576 0.027602 0.827576
1 0.068697 0.811976 0.072736 0.811976 0.072736 0.827560 0.068697 0.827560
1 0.235271 0.767001 0.250957 0.767001 0.250957 0.771150 0.235271 0.771150
1 0.004215 0.963170 0.019856 0.963170 0.019856 0.967509 0.004215 0.967509
1 0.177309 0.757823 0.193192 0.757823 0.193192 0.762005 0.177309 0.762005
1 0.105299 0.952105 0.109347 0.952105 0.109347 0.960878 0.105299 0.960878
1 0.105317 0.934661 0.109463 0.934661 0.109463 0.944064 0.105317 0.944064
1 0.036532 0.846250 0.039632 0.846250 0.039632 0.854579 0.036532 0.854579
1 0.207731 0.786121 0.210671 0.786121 0.210671 0.794731 0.207731 0.794731
1 0.044331 0.956452 0.048067 0.956452 0.048067 0.965990 0.044331 0.965990
1 0.098512 0.812330 0.102543 0.812330 0.102543 0.827598 0.098512 0.827598
1 0.224038 0.768729 0.227388 0.768729 0.227388 0.777847 0.224038 0.777847
1 0.177531 0.788019 0.193099 0.788019 0.193099 0.792689 0.177531 0.792689
1 0.057798 0.811928 0.061787 0.811928 0.061787 0.827453 0.057798 0.827453
1 0.058925 0.886536 0.062981 0.886536 0.062981 0.895428 0.058925 0.895428
1 0.099958 0.887107 0.103971 0.887107 0.103971 0.895833 0.099958 0.895833
1 0.085755 0.951849 0.089188 0.951849 0.089188 0.960534 0.085755 0.960534
1 0.099893 0.911063 0.103329 0.911063 0.103329 0.919478 0.099893 0.919478
1 0.080554 0.863246 0.084002 0.863246 0.084002 0.871757 0.080554 0.871757
1 0.059372 0.863212 0.062982 0.863212 0.062982 0.871489 0.059372 0.871489
1 0.207268 0.802859 0.210740 0.802859 0.210740 0.811643 0.207268 0.811643
1 0.100354 0.862917 0.103963 0.862917 0.103963 0.871808 0.100354 0.871808
1 0.198528 0.803199 0.201867 0.803199 0.201867 0.812503 0.198528 0.812503
1 0.226758 0.786080 0.230565 0.786080 0.230565 0.794916 0.226758 0.794916
1 0.084851 0.989974 0.088890 0.989974 0.088890 0.998317 0.084851 0.998317
1 0.004284 0.932842 0.020066 0.932842 0.020066 0.937025 0.004284 0.937025
1 0.240385 0.777905 0.248984 0.777905 0.248984 0.781121 0.240385 0.781121
1 0.085795 0.934985 0.089388 0.934985 0.089388 0.943681 0.085795 0.943681
1 0.084030 0.845829 0.087548 0.845829 0.087548 0.855001 0.084030 0.855001
1 0.064692 0.957035 0.068328 0.957035 0.068328 0.966370 0.064692 0.966370
1 0.105133 0.989809 0.109003 0.989809 0.109003 0.998280 0.105133 0.998280
1 0.105960 0.970256 0.109705 0.970256 0.109705 0.979801 0.105960 0.979801
1 0.080362 0.910970 0.084021 0.910970 0.084021 0.919746 0.080362 0.919746
1 0.239855 0.797565 0.249974 0.797565 0.249974 0.801046 0.239855 0.801046
1 0.080427 0.887187 0.084045 0.887187 0.084045 0.895703 0.080427 0.895703
1 0.056547 0.846160 0.060075 0.846160 0.060075 0.855041 0.056547 0.855041
1 0.044517 0.937825 0.048207 0.937825 0.048207 0.946966 0.044517 0.946966
1 0.226810 0.802973 0.230961 0.802973 0.230961 0.811653 0.226810 0.811653
1 0.027925 0.957458 0.037619 0.957458 0.037619 0.960792 0.027925 0.960792
1 0.039856 0.862923 0.043079 0.862923 0.043079 0.870651 0.039856 0.870651
1 0.085509 0.970487 0.088998 0.970487 0.088998 0.979933 0.085509 0.979933
1 0.064854 0.937981 0.068656 0.937981 0.068656 0.947213 0.064854 0.947213
1 0.039385 0.886791 0.042701 0.886791 0.042701 0.894941 0.039385 0.894941
1 0.104277 0.846134 0.107366 0.846134 0.107366 0.854820 0.104277 0.854820
1 0.001685 0.902088 0.004901 0.902088 0.004901 0.910780 0.001685 0.910780
1 0.028270 0.937058 0.037348 0.937058 0.037348 0.940048 0.028270 0.940048
1 0.178632 0.803191 0.181940 0.803191 0.181940 0.811972 0.178632 0.811972
1 0.021924 0.902041 0.024777 0.902041 0.024777 0.910882 0.021924 0.910882
1 0.203910 0.768418 0.206911 0.768418 0.206911 0.777949 0.203910 0.777949
1 0.404097 0.395458 0.440942 0.395458 0.440942 0.403819 0.404097 0.403819
1 0.403731 0.428903 0.441248 0.428903 0.441248 0.437269 0.403731 0.437269
1 0.404347 0.362356 0.441466 0.362356 0.441466 0.370575 0.404347 0.370575
1 0.403666 0.473295 0.440586 0.473295 0.440586 0.481659 0.403666 0.481659
1 0.403490 0.462089 0.440673 0.462089 0.440673 0.470567 0.403490 0.470567
1 0.404013 0.417784 0.441395 0.417784 0.441395 0.426217 0.404013 0.426217
1 0.403806 0.440049 0.441392 0.440049 0.441392 0.448296 0.403806 0.448296
1 0.403749 0.451146 0.440914 0.451146 0.440914 0.459555 0.403749 0.459555
1 0.404489 0.384491 0.441069 0.384491 0.441069 0.392798 0.404489 0.392798
1 0.298117 0.270572 0.305951 0.270572 0.305951 0.308893 0.298117 0.308893
1 0.403722 0.484390 0.440381 0.484390 0.440381 0.492713 0.403722 0.492713
1 0.404055 0.406657 0.441328 0.406657 0.441328 0.415058 0.404055 0.415058
1 0.264939 0.270283 0.272562 0.270283 0.272562 0.308544 0.264939 0.308544
1 0.287189 0.270574 0.294903 0.270574 0.294903 0.308795 0.287189 0.308795
1 0.404592 0.351369 0.441918 0.351369 0.441918 0.359441 0.404592 0.359441
1 0.387219 0.266619 0.447365 0.266619 0.447365 0.326229 0.387219 0.326229
1 0.353743 0.271085 0.361450 0.271085 0.361450 0.308770 0.353743 0.308770
1 0.320429 0.270522 0.328319 0.270522 0.328319 0.308976 0.320429 0.308976
1 0.342686 0.271204 0.350577 0.271204 0.350577 0.308871 0.342686 0.308871
1 0.309345 0.270325 0.317295 0.270325 0.317295 0.308822 0.309345 0.308822
1 0.404524 0.373368 0.441925 0.373368 0.441925 0.381796 0.404524 0.381796
1 0.275956 0.270153 0.283749 0.270153 0.283749 0.308584 0.275956 0.308584
1 0.331206 0.271017 0.339439 0.271017 0.339439 0.309082 0.331206 0.309082
1 0.403257 0.495214 0.440689 0.495214 0.440689 0.503934 0.403257 0.503934
1 0.478226 0.482589 0.506977 0.482589 0.506977 0.492548 0.478226 0.492548
1 0.404823 0.340139 0.442242 0.340139 0.442242 0.348466 0.404823 0.348466
1 0.364970 0.271193 0.372709 0.271193 0.372709 0.308423 0.364970 0.308423
1 0.501211 0.435773 0.506847 0.435773 0.506847 0.451387 0.501211 0.451387
1 0.502079 0.300990 0.507463 0.300990 0.507463 0.316616 0.502079 0.316616
1 0.501581 0.361866 0.506833 0.361866 0.506833 0.377724 0.501581 0.377724
1 0.403683 0.506884 0.440903 0.506884 0.440903 0.514845 0.403683 0.514845
1 0.363550 0.547290 0.370986 0.547290 0.370986 0.584738 0.363550 0.584738
1 0.330147 0.547045 0.337557 0.547045 0.337557 0.584536 0.330147 0.584536
1 0.477882 0.546824 0.507143 0.546824 0.507143 0.557923 0.477882 0.557923
1 0.296827 0.546581 0.304277 0.546581 0.304277 0.584408 0.296827 0.584408
1 0.285761 0.546307 0.293147 0.546307 0.293147 0.583964 0.285761 0.583964
1 0.318995 0.546863 0.326441 0.546863 0.326441 0.584319 0.318995 0.584319
1 0.252436 0.545982 0.259854 0.545982 0.259854 0.583965 0.252436 0.583965
1 0.263597 0.546284 0.271082 0.546284 0.271082 0.584401 0.263597 0.584401
1 0.377013 0.719891 0.381520 0.719891 0.381520 0.735642 0.377013 0.735642
1 0.386871 0.530516 0.446445 0.530516 0.446445 0.590355 0.386871 0.590355
1 0.352377 0.547259 0.359729 0.547259 0.359729 0.584414 0.352377 0.584414
1 0.346735 0.720060 0.351092 0.720060 0.351092 0.735626 0.346735 0.735626
1 0.356073 0.595152 0.359796 0.595152 0.359796 0.603887 0.356073 0.603887
1 0.341303 0.546995 0.348802 0.546995 0.348802 0.584281 0.341303 0.584281
1 0.349784 0.746832 0.365239 0.746832 0.365239 0.751697 0.349784 0.751697
1 0.323606 0.594995 0.326923 0.594995 0.326923 0.603625 0.323606 0.603625
1 0.380710 0.744705 0.389358 0.744705 0.389358 0.748047 0.380710 0.748047
1 0.274662 0.546526 0.282110 0.546526 0.282110 0.583603 0.274662 0.583603
1 0.307929 0.546746 0.315387 0.546746 0.315387 0.583847 0.307929 0.583847
1 0.336541 0.595455 0.339419 0.595455 0.339419 0.603591 0.336541 0.603591
1 0.303815 0.595010 0.306862 0.595010 0.306862 0.603720 0.303815 0.603720
1 0.278093 0.618943 0.280943 0.618943 0.280943 0.627537 0.278093 0.627537
1 0.430031 0.749204 0.433969 0.749204 0.433969 0.764612 0.430031 0.764612
1 0.400324 0.748951 0.404359 0.748951 0.404359 0.764883 0.400324 0.764883
1 0.349110 0.777215 0.364991 0.777215 0.364991 0.781805 0.349110 0.781805
1 0.484534 0.803946 0.488091 0.803946 0.488091 0.813343 0.484534 0.813343
1 0.302239 0.787964 0.305981 0.787964 0.305981 0.796532 0.302239 0.796532
1 0.401211 0.789677 0.408865 0.789677 0.408865 0.792844 0.401211 0.792844
1 0.380160 0.764438 0.389388 0.764438 0.389388 0.768911 0.380160 0.768911
1 0.400655 0.809105 0.409263 0.809105 0.409263 0.812653 0.400655 0.812653
1 0.464756 0.804173 0.468225 0.804173 0.468225 0.812636 0.464756 0.812636
1 0.282578 0.787854 0.285710 0.787854 0.285710 0.796285 0.282578 0.796285
1 0.419253 0.795982 0.422251 0.795982 0.422251 0.804394 0.419253 0.804394
1 0.410465 0.773279 0.413880 0.773279 0.413880 0.782049 0.410465 0.782049
1 0.390615 0.773104 0.393577 0.773104 0.393577 0.782174 0.390615 0.782174
1 0.438842 0.778567 0.442200 0.778567 0.442200 0.786896 0.438842 0.786896
1 0.418987 0.778258 0.422570 0.778258 0.422570 0.787247 0.418987 0.787247
1 0.438879 0.795494 0.441736 0.795494 0.441736 0.803810 0.438879 0.803810
1 0.533082 0.412283 0.537987 0.412283 0.537987 0.427955 0.533082 0.427955
1 0.532398 0.301072 0.537437 0.301072 0.537437 0.316655 0.532398 0.316655
1 0.533439 0.435947 0.538543 0.435947 0.538543 0.451607 0.533439 0.451607
1 0.533250 0.361923 0.538166 0.361923 0.538166 0.378083 0.533250 0.378083
1 0.502075 0.388749 0.506810 0.388749 0.506810 0.404361 0.502075 0.404361
1 0.532951 0.388865 0.537974 0.388865 0.537974 0.404819 0.532951 0.404819
1 0.501922 0.412210 0.506782 0.412210 0.506782 0.427887 0.501922 0.427887
1 0.525529 0.460225 0.529536 0.460225 0.529536 0.469264 0.525529 0.469264
1 0.505118 0.459973 0.509220 0.459973 0.509220 0.469978 0.505118 0.469978
1 0.591465 0.624859 0.602594 0.624859 0.602594 0.654378 0.591465 0.654378
1 0.696774 0.714346 0.735396 0.714346 0.735396 0.732733 0.696774 0.732733
1 0.527447 0.624316 0.537156 0.624316 0.537156 0.654122 0.527447 0.654122
1 0.549088 0.590386 0.559717 0.590386 0.559717 0.602274 0.549088 0.602274
1 0.571089 0.590651 0.581928 0.590651 0.581928 0.602407 0.571089 0.602407
1 0.560562 0.555790 0.570682 0.555790 0.570682 0.570667 0.560562 0.570667
1 0.696666 0.600400 0.737290 0.600400 0.737290 0.614114 0.696666 0.614114
1 0.514634 0.549971 0.530698 0.549971 0.530698 0.554789 0.514634 0.554789
1 0.591131 0.613168 0.606897 0.613168 0.606897 0.617983 0.591131 0.617983
1 0.591595 0.583435 0.606486 0.583435 0.606486 0.586796 0.591595 0.586796
1 0.513893 0.580892 0.530862 0.580892 0.530862 0.584771 0.513893 0.584771
1 0.638843 0.952979 0.648361 0.952979 0.648361 0.955544 0.638843 0.955544
1 0.637154 0.943321 0.646971 0.943321 0.646971 0.946676 0.637154 0.946676
1 0.605094 0.945044 0.614473 0.945044 0.614473 0.948676 0.605094 0.948676
1 0.604364 0.994434 0.613945 0.994434 0.613945 0.998269 0.604364 0.998269
1 0.604835 0.872072 0.613936 0.872072 0.613936 0.875110 0.604835 0.875110
1 0.604853 0.975200 0.613492 0.975200 0.613492 0.978352 0.604853 0.978352
1 0.605077 0.901015 0.613869 0.901015 0.613869 0.903985 0.605077 0.903985
1 0.605503 0.925666 0.614001 0.925666 0.614001 0.928918 0.605503 0.928918
1 0.604857 0.881379 0.613366 0.881379 0.613366 0.884192 0.604857 0.884192
1 0.605067 0.852155 0.613548 0.852155 0.613548 0.854586 0.605067 0.854586
1 0.639088 0.972993 0.648952 0.972993 0.648952 0.975986 0.639088 0.975986
1 0.621731 0.975290 0.630753 0.975290 0.630753 0.978097 0.621731 0.978097
1 0.621498 0.995237 0.631104 0.995237 0.631104 0.998316 0.621498 0.998316
1 0.637900 0.924320 0.646290 0.924320 0.646290 0.926755 0.637900 0.926755
1 0.892635 0.334845 0.916782 0.334845 0.916782 0.343880 0.892635 0.343880
1 0.892870 0.292632 0.917119 0.292632 0.917119 0.301373 0.892870 0.301373
1 0.859130 0.261498 0.867548 0.261498 0.867548 0.287760 0.859130 0.287760
1 0.901647 0.261720 0.910328 0.261720 0.910328 0.285961 0.901647 0.285961
1 0.918235 0.429527 0.923868 0.429527 0.923868 0.444651 0.918235 0.444651
1 0.888793 0.429399 0.892996 0.429399 0.892996 0.444516 0.888793 0.444516
1 0.895313 0.452743 0.899215 0.452743 0.899215 0.468207 0.895313 0.468207
1 0.900399 0.388033 0.904436 0.388033 0.904436 0.395963 0.900399 0.395963
1 0.887896 0.366945 0.891554 0.366945 0.891554 0.375274 0.887896 0.375274
1 0.930332 0.366948 0.933647 0.366948 0.933647 0.375429 0.930332 0.375429
1 0.920367 0.409402 0.923959 0.409402 0.923959 0.418109 0.920367 0.418109
1 0.907701 0.366786 0.911655 0.366786 0.911655 0.375316 0.907701 0.375316
1 0.920725 0.388126 0.924381 0.388126 0.924381 0.396727 0.920725 0.396727
1 0.866730 0.354113 0.875863 0.354113 0.875863 0.357439 0.866730 0.357439
1 0.949754 0.460546 0.959409 0.460546 0.959409 0.464406 0.949754 0.464406
1 0.900284 0.409415 0.904330 0.409415 0.904330 0.417598 0.900284 0.417598
1 0.925509 0.452675 0.931170 0.452675 0.931170 0.468417 0.925509 0.468417
1 0.950916 0.366945 0.954540 0.366945 0.954540 0.376148 0.950916 0.376148
1 0.950492 0.440615 0.959175 0.440615 0.959175 0.443975 0.950492 0.443975
1 0.867131 0.334974 0.875380 0.334974 0.875380 0.337811 0.867131 0.337811
1 0.863147 0.558692 0.882760 0.558692 0.882760 0.601947 0.863147 0.601947
1 0.951541 0.559255 0.973383 0.559255 0.973383 0.602508 0.951541 0.602508
1 0.854040 0.702633 0.883848 0.702633 0.883848 0.713932 0.854040 0.713932
1 0.854419 0.638616 0.883301 0.638616 0.883301 0.648531 0.854419 0.648531
1 0.782696 0.598296 0.826617 0.598296 0.826617 0.611572 0.782696 0.611572
1 0.869475 0.524265 0.873933 0.524265 0.873933 0.540572 0.869475 0.540572
1 0.898511 0.524641 0.903277 0.524641 0.903277 0.540759 0.898511 0.540759
1 0.909873 0.524531 0.914288 0.524531 0.914288 0.540719 0.909873 0.540719
1 0.940343 0.524461 0.945169 0.524461 0.945169 0.540571 0.940343 0.540571
1 0.781679 0.738924 0.825007 0.738924 0.825007 0.753213 0.781679 0.753213
