0 0.055383 0.088613 0.261614 0.088613 0.261614 0.205663 0.055383 0.205663
0 0.392075 0.369742 0.406502 0.369742 0.406502 0.395513 0.392075 0.395513
0 0.215895 0.476809 0.229440 0.476809 0.229440 0.502225 0.215895 0.502225
0 0.267849 0.459876 0.293365 0.459876 0.293365 0.473198 0.267849 0.473198
0 0.077877 0.280960 0.103286 0.280960 0.103286 0.293677 0.077877 0.293677
0 0.162653 0.281418 0.188555 0.281418 0.188555 0.295061 0.162653 0.295061
0 0.477170 0.247028 0.493132 0.247028 0.493132 0.255336 0.477170 0.255336
0 0.308766 0.460251 0.334228 0.460251 0.334228 0.473416 0.308766 0.473416
0 0.004450 0.054495 0.029667 0.054495 0.029667 0.067137 0.004450 0.067137
0 0.414661 0.409574 0.428022 0.409574 0.428022 0.435037 0.414661 0.435037
0 0.457894 0.359086 0.483331 0.359086 0.483331 0.372508 0.457894 0.372508
0 0.471899 0.387837 0.485083 0.387837 0.485083 0.413169 0.471899 0.413169
0 0.475727 0.427856 0.485525 0.427856 0.485525 0.444322 0.475727 0.444322
0 0.306351 0.105747 0.319859 0.105747 0.319859 0.131691 0.306351 0.131691
0 0.220814 0.260147 0.236734 0.260147 0.236734 0.268630 0.220814 0.268630
0 0.279190 0.509789 0.295208 0.509789 0.295208 0.518048 0.279190 0.518048
0 0.446815 0.449661 0.462568 0.449661 0.462568 0.458002 0.446815 0.458002
0 0.446875 0.433084 0.462476 0.433084 0.462476 0.441445 0.446875 0.441445
0 0.496775 0.265190 0.513864 0.265190 0.513864 0.274566 0.496775 0.274566
0 0.417367 0.449680 0.434191 0.449680 0.434191 0.459545 0.417367 0.459545
0 0.187922 0.471856 0.204604 0.471856 0.204604 0.481147 0.187922 0.481147
0 0.275406 0.492908 0.292181 0.492908 0.292181 0.501922 0.275406 0.501922
0 0.443207 0.415382 0.459874 0.415382 0.459874 0.424564 0.443207 0.424564
0 0.145137 0.807160 0.171127 0.807160 0.171127 0.821146 0.145137 0.821146
0 0.234343 0.698533 0.246716 0.698533 0.246716 0.723053 0.234343 0.723053
0 0.255462 0.675006 0.281361 0.675006 0.281361 0.689399 0.255462 0.689399
0 0.143009 0.721591 0.157879 0.721591 0.157879 0.747277 0.143009 0.747277
0 0.186128 0.808035 0.211506 0.808035 0.211506 0.821117 0.186128 0.821117
0 0.179363 0.888491 0.193567 0.888491 0.193567 0.915976 0.179363 0.915976
0 0.121082 0.901690 0.146557 0.901690 0.146557 0.914569 0.121082 0.914569
0 0.088311 0.822086 0.113771 0.822086 0.113771 0.835258 0.088311 0.835258
0 0.088382 0.717932 0.115323 0.717932 0.115323 0.768671 0.088382 0.768671
0 0.440888 0.956115 0.456625 0.956115 0.456625 0.964107 0.440888 0.964107
0 0.399931 0.956063 0.415822 0.956063 0.415822 0.964057 0.399931 0.964057
0 0.039935 0.845257 0.090840 0.845257 0.090840 0.872076 0.039935 0.872076
0 0.241260 0.584383 0.254725 0.584383 0.254725 0.609618 0.241260 0.609618
0 0.088666 0.792075 0.114308 0.792075 0.114308 0.805116 0.088666 0.805116
0 0.231112 0.742115 0.245523 0.742115 0.245523 0.769008 0.231112 0.769008
0 0.122324 0.845833 0.173346 0.845833 0.173346 0.872654 0.122324 0.872654
0 0.325110 0.653544 0.341017 0.653544 0.341017 0.661865 0.325110 0.661865
0 0.325087 0.636929 0.340962 0.636929 0.340962 0.645089 0.325087 0.645089
0 0.244206 0.652250 0.270024 0.652250 0.270024 0.666789 0.244206 0.666789
0 0.472435 0.957593 0.480495 0.957593 0.480495 0.973370 0.472435 0.973370
0 0.133907 0.506812 0.147268 0.506812 0.147268 0.532341 0.133907 0.532341
0 0.089199 0.971149 0.115250 0.971149 0.115250 0.985196 0.089199 0.985196
0 0.104360 0.506476 0.118009 0.506476 0.118009 0.532026 0.104360 0.532026
0 0.325325 0.599174 0.341281 0.599174 0.341281 0.607219 0.325325 0.607219
0 0.144753 0.762921 0.158208 0.762921 0.158208 0.788521 0.144753 0.788521
0 0.195543 0.843174 0.208875 0.843174 0.208875 0.868593 0.195543 0.868593
0 0.155505 0.506980 0.168816 0.506980 0.168816 0.532391 0.155505 0.532391
0 0.192028 0.527389 0.217779 0.527389 0.217779 0.540700 0.192028 0.540700
0 0.044676 0.791460 0.070227 0.791460 0.070227 0.804459 0.044676 0.804459
0 0.258466 0.755435 0.283996 0.755435 0.283996 0.768847 0.258466 0.768847
0 0.323432 0.916335 0.339202 0.916335 0.339202 0.924488 0.323432 0.924488
0 0.261615 0.727964 0.287269 0.727964 0.287269 0.741521 0.261615 0.741521
0 0.325062 0.671015 0.340897 0.671015 0.340897 0.679543 0.325062 0.679543
0 0.263823 0.587346 0.273417 0.587346 0.273417 0.604123 0.263823 0.604123
0 0.130551 0.975071 0.156083 0.975071 0.156083 0.987809 0.130551 0.987809
0 0.007869 0.984300 0.033247 0.984300 0.033247 0.997691 0.007869 0.997691
0 0.126190 0.547702 0.140223 0.547702 0.140223 0.570657 0.126190 0.570657
0 0.157954 0.889279 0.171116 0.889279 0.171116 0.914635 0.157954 0.914635
0 0.261973 0.701797 0.287684 0.701797 0.287684 0.715605 0.261973 0.715605
0 0.200843 0.599630 0.226447 0.599630 0.226447 0.612760 0.200843 0.612760
0 0.120046 0.597450 0.133321 0.597450 0.133321 0.622946 0.120046 0.622946
0 0.331495 0.767713 0.339590 0.767713 0.339590 0.783116 0.331495 0.783116
0 0.320070 0.558204 0.335867 0.558204 0.335867 0.566360 0.320070 0.566360
0 0.323578 0.874123 0.339386 0.874123 0.339386 0.882330 0.323578 0.882330
0 0.024930 0.783981 0.034227 0.783981 0.034227 0.800531 0.024930 0.800531
0 0.331541 0.941988 0.347514 0.941988 0.347514 0.949982 0.331541 0.949982
0 0.284160 0.652897 0.300689 0.652897 0.300689 0.661928 0.284160 0.661928
0 0.325043 0.616803 0.342005 0.616803 0.342005 0.626665 0.325043 0.626665
0 0.320047 0.509987 0.336136 0.509987 0.336136 0.518306 0.320047 0.518306
0 0.325552 0.582120 0.341224 0.582120 0.341224 0.590277 0.325552 0.590277
0 0.323672 0.849911 0.339590 0.849911 0.339590 0.858321 0.323672 0.858321
0 0.320105 0.534218 0.335915 0.534218 0.335915 0.542502 0.320105 0.542502
0 0.324192 0.825805 0.340006 0.825805 0.340006 0.834147 0.324192 0.834147
0 0.215406 0.692686 0.224841 0.692686 0.224841 0.709706 0.215406 0.709706
0 0.284003 0.603433 0.300511 0.603433 0.300511 0.612679 0.284003 0.612679
0 0.211535 0.989148 0.228470 0.989148 0.228470 0.998088 0.211535 0.998088
0 0.323961 0.801971 0.339740 0.801971 0.339740 0.810305 0.323961 0.810305
0 0.282251 0.897118 0.298229 0.897118 0.298229 0.905354 0.282251 0.905354
0 0.282857 0.825753 0.298610 0.825753 0.298610 0.833927 0.282857 0.833927
0 0.278772 0.533437 0.294877 0.533437 0.294877 0.541606 0.278772 0.541606
0 0.282033 0.915988 0.298973 0.915988 0.298973 0.924999 0.282033 0.924999
0 0.282800 0.849811 0.298528 0.849811 0.298528 0.857875 0.282800 0.857875
0 0.283172 0.801833 0.299028 0.801833 0.299028 0.810041 0.283172 0.810041
0 0.282673 0.873504 0.298764 0.873504 0.298764 0.881681 0.282673 0.881681
0 0.283783 0.584787 0.300462 0.584787 0.300462 0.593964 0.283783 0.593964
0 0.063969 0.516526 0.073232 0.516526 0.073232 0.533182 0.063969 0.533182
0 0.323227 0.897712 0.339095 0.897712 0.339095 0.906076 0.323227 0.906076
0 0.183424 0.557892 0.209247 0.557892 0.209247 0.570745 0.183424 0.570745
0 0.369159 0.942028 0.385213 0.942028 0.385213 0.950343 0.369159 0.950343
0 0.065055 0.968725 0.074162 0.968725 0.074162 0.985205 0.065055 0.985205
0 0.323237 0.493256 0.340345 0.493256 0.340345 0.502363 0.323237 0.502363
0 0.227791 0.524340 0.237076 0.524340 0.237076 0.541214 0.227791 0.541214
0 0.240845 0.549077 0.257464 0.549077 0.257464 0.557735 0.240845 0.557735
0 0.106005 0.952227 0.122914 0.952227 0.122914 0.961908 0.106005 0.961908
0 0.131723 0.570781 0.146248 0.570781 0.146248 0.573227 0.131723 0.573227
0 0.742696 0.060570 0.768840 0.060570 0.768840 0.074142 0.742696 0.074142
0 0.587205 0.368233 0.612919 0.368233 0.612919 0.381674 0.587205 0.381674
0 0.743132 0.084387 0.769096 0.084387 0.769096 0.098006 0.743132 0.098006
0 0.784631 0.218051 0.818628 0.218051 0.818628 0.236908 0.784631 0.236908
0 0.742744 0.037521 0.768759 0.037521 0.768759 0.050859 0.742744 0.050859
0 0.640295 0.397201 0.665726 0.397201 0.665726 0.410614 0.640295 0.410614
0 0.827257 0.233943 0.842355 0.233943 0.842355 0.259755 0.827257 0.259755
0 0.586713 0.398745 0.599929 0.398745 0.599929 0.424129 0.586713 0.424129
0 0.743004 0.009695 0.769129 0.009695 0.769129 0.024652 0.743004 0.024652
0 0.714521 0.141092 0.742126 0.141092 0.742126 0.193280 0.714521 0.193280
0 0.636826 0.440097 0.644907 0.440097 0.644907 0.455761 0.636826 0.455761
0 0.924932 0.262772 0.981241 0.262772 0.981241 0.359789 0.924932 0.359789
0 0.774134 0.272910 0.826524 0.272910 0.826524 0.300172 0.774134 0.300172
0 0.751247 0.201935 0.765577 0.201935 0.765577 0.227517 0.751247 0.227517
0 0.521954 0.435014 0.537949 0.435014 0.537949 0.443193 0.521954 0.443193
0 0.745327 0.107593 0.761242 0.107593 0.761242 0.115860 0.745327 0.115860
0 0.616430 0.394880 0.625297 0.394880 0.625297 0.411006 0.616430 0.411006
0 0.629633 0.419834 0.646011 0.419834 0.646011 0.429488 0.629633 0.429488
0 0.575075 0.241845 0.592318 0.241845 0.592318 0.251339 0.575075 0.251339
0 0.658313 0.442670 0.674365 0.442670 0.674365 0.451041 0.658313 0.451041
0 0.704676 0.451432 0.720242 0.451432 0.720242 0.459589 0.704676 0.459589
0 0.542724 0.241855 0.559611 0.241855 0.559611 0.251104 0.542724 0.251104
0 0.658465 0.425132 0.674822 0.425132 0.674822 0.434107 0.658465 0.434107
0 0.857812 0.625070 0.866698 0.625070 0.866698 0.641967 0.857812 0.641967
0 0.871805 0.698141 0.892128 0.698141 0.892128 0.730025 0.871805 0.730025
0 0.863459 0.756988 0.916672 0.756988 0.916672 0.840514 0.863459 0.840514
0 0.904308 0.697740 0.924930 0.697740 0.924930 0.729546 0.904308 0.729546
0 0.489058 0.957507 0.497254 0.957507 0.497254 0.973182 0.489058 0.973182
0 0.805687 0.912564 0.821404 0.912564 0.821404 0.920868 0.805687 0.920868
0 0.929028 0.810212 0.936865 0.810212 0.936865 0.825897 0.929028 0.825897
0 0.841410 0.575901 0.849785 0.575901 0.849785 0.591750 0.841410 0.591750
0 0.530065 0.957969 0.538193 0.957969 0.538193 0.973793 0.530065 0.973793
0 0.838961 0.866318 0.847163 0.866318 0.847163 0.882001 0.838961 0.882001
0 0.874886 0.602939 0.884033 0.602939 0.884033 0.619941 0.874886 0.619941
0 0.840051 0.501576 0.850103 0.501576 0.850103 0.518795 0.840051 0.518795
0 0.840888 0.531134 0.849742 0.531134 0.849742 0.547929 0.840888 0.547929
0 0.513021 0.957931 0.521216 0.957931 0.521216 0.973811 0.513021 0.973811
0 0.840900 0.625469 0.849021 0.625469 0.849021 0.641053 0.840900 0.641053
0 0.929026 0.759091 0.937202 0.759091 0.937202 0.774903 0.929026 0.774903
0 0.649819 0.958542 0.657885 0.958542 0.657885 0.974262 0.649819 0.974262
0 0.706930 0.958644 0.714975 0.958644 0.714975 0.974563 0.706930 0.974563
0 0.666081 0.958712 0.674116 0.958712 0.674116 0.974579 0.666081 0.974579
0 0.873838 0.574303 0.882252 0.574303 0.882252 0.590182 0.873838 0.590182
0 0.729527 0.959855 0.745132 0.959855 0.745132 0.968183 0.729527 0.968183
0 0.835687 0.770621 0.853034 0.770621 0.853034 0.779783 0.835687 0.779783
0 0.557596 0.958062 0.565657 0.958062 0.565657 0.974014 0.557596 0.974014
0 0.862830 0.671518 0.879762 0.671518 0.879762 0.681046 0.862830 0.681046
0 0.592362 0.982245 0.609148 0.982245 0.609148 0.991734 0.592362 0.991734
0 0.912914 0.672076 0.929599 0.672076 0.929599 0.681516 0.912914 0.681516
1 0.119905 0.043693 0.130569 0.043693 0.130569 0.082460 0.119905 0.082460
1 0.054154 0.206750 0.064581 0.206750 0.064581 0.245154 0.054154 0.245154
1 0.054946 0.043250 0.065771 0.043250 0.065771 0.081808 0.054946 0.081808
1 0.119427 0.207061 0.129466 0.207061 0.129466 0.244694 0.119427 0.244694
1 0.184824 0.044048 0.195854 0.044048 0.195854 0.082913 0.184824 0.082913
1 0.184363 0.206979 0.194691 0.206979 0.194691 0.244705 0.184363 0.244705
1 0.097738 0.207154 0.107907 0.207154 0.107907 0.245598 0.097738 0.245598
1 0.162689 0.207452 0.172841 0.207452 0.172841 0.244771 0.162689 0.244771
1 0.227523 0.207139 0.238041 0.207139 0.238041 0.246261 0.227523 0.246261
1 0.163279 0.043898 0.174008 0.043898 0.174008 0.082948 0.163279 0.082948
1 0.098457 0.043785 0.108876 0.043785 0.108876 0.082374 0.098457 0.082374
1 0.075934 0.206887 0.086075 0.206887 0.086075 0.244046 0.075934 0.244046
1 0.076662 0.043601 0.087249 0.043601 0.087249 0.082339 0.076662 0.082339
1 0.228012 0.043911 0.239093 0.043911 0.239093 0.083119 0.228012 0.083119
1 0.206023 0.207106 0.216521 0.207106 0.216521 0.245870 0.206023 0.245870
1 0.141020 0.207506 0.151207 0.207506 0.151207 0.245514 0.141020 0.245514
1 0.206329 0.044214 0.217391 0.044214 0.217391 0.082673 0.206329 0.082673
1 0.141830 0.043913 0.152515 0.043913 0.152515 0.082916 0.141830 0.082916
1 0.029541 0.053375 0.033925 0.053375 0.033925 0.068650 0.029541 0.068650
1 0.000104 0.053126 0.004298 0.053126 0.004298 0.068827 0.000104 0.068827
1 0.158880 0.279678 0.162360 0.279678 0.162360 0.295664 0.158880 0.295664
1 0.214801 0.472179 0.230388 0.472179 0.230388 0.476756 0.214801 0.476756
1 0.184143 0.472056 0.187897 0.472056 0.187897 0.481012 0.184143 0.481012
1 0.217340 0.260154 0.220642 0.260154 0.220642 0.268944 0.217340 0.268944
1 0.103752 0.502260 0.119003 0.502260 0.119003 0.506351 0.103752 0.506351
1 0.188792 0.280016 0.192076 0.280016 0.192076 0.295867 0.188792 0.295867
1 0.204562 0.472330 0.207998 0.472330 0.207998 0.480735 0.204562 0.480735
1 0.237118 0.260222 0.240426 0.260222 0.240426 0.269388 0.237118 0.269388
1 0.214362 0.502496 0.230167 0.502496 0.230167 0.506910 0.214362 0.506910
1 0.154816 0.502316 0.170360 0.502316 0.170360 0.506887 0.154816 0.506887
1 0.132548 0.502166 0.148018 0.502166 0.148018 0.506725 0.132548 0.506725
1 0.103481 0.279570 0.106947 0.279570 0.106947 0.294938 0.103481 0.294938
1 0.073771 0.279520 0.077361 0.279520 0.077361 0.294848 0.073771 0.294848
1 0.087776 0.705137 0.116921 0.705137 0.116921 0.716617 0.087776 0.716617
1 0.240456 0.610227 0.255431 0.610227 0.255431 0.614336 0.240456 0.614336
1 0.217793 0.526282 0.222548 0.526282 0.222548 0.542295 0.217793 0.542295
1 0.118786 0.592878 0.134246 0.592878 0.134246 0.596901 0.118786 0.596901
1 0.125640 0.543009 0.141302 0.543009 0.141302 0.546626 0.125640 0.546626
1 0.230715 0.737305 0.246851 0.737305 0.246851 0.742013 0.230715 0.742013
1 0.154189 0.532695 0.170093 0.532695 0.170093 0.536684 0.154189 0.536684
1 0.118297 0.623014 0.134634 0.623014 0.134634 0.627218 0.118297 0.627218
1 0.132505 0.532727 0.148208 0.532727 0.148208 0.537152 0.132505 0.537152
1 0.130796 0.573231 0.146997 0.573231 0.146997 0.577853 0.130796 0.577853
1 0.240397 0.651322 0.244228 0.651322 0.244228 0.667043 0.240397 0.667043
1 0.187787 0.526227 0.192029 0.526227 0.192029 0.542104 0.187787 0.542104
1 0.232235 0.723454 0.248518 0.723454 0.248518 0.728515 0.232235 0.728515
1 0.179272 0.556987 0.183362 0.556987 0.183362 0.571585 0.179272 0.571585
1 0.196500 0.598425 0.200456 0.598425 0.200456 0.613529 0.196500 0.613529
1 0.103182 0.532269 0.119031 0.532269 0.119031 0.536705 0.103182 0.536705
1 0.143065 0.717586 0.158995 0.717586 0.158995 0.721348 0.143065 0.721348
1 0.064341 0.533338 0.072884 0.533338 0.072884 0.536910 0.064341 0.536910
1 0.142900 0.747089 0.159238 0.747089 0.159238 0.752016 0.142900 0.752016
1 0.228302 0.521373 0.236672 0.521373 0.236672 0.524436 0.228302 0.524436
1 0.226492 0.598182 0.230565 0.598182 0.230565 0.614032 0.226492 0.614032
1 0.209443 0.556887 0.213789 0.556887 0.213789 0.572322 0.209443 0.572322
1 0.232750 0.694116 0.248769 0.694116 0.248769 0.697921 0.232750 0.697921
1 0.227628 0.541056 0.236596 0.541056 0.236596 0.544435 0.227628 0.544435
1 0.064568 0.513368 0.072377 0.513368 0.072377 0.516151 0.064568 0.516151
1 0.257261 0.726084 0.261442 0.726084 0.261442 0.742435 0.257261 0.742435
1 0.215764 0.709616 0.224652 0.709616 0.224652 0.712930 0.215764 0.712930
1 0.237702 0.549181 0.240985 0.549181 0.240985 0.557788 0.237702 0.557788
1 0.240513 0.579660 0.255482 0.579660 0.255482 0.583996 0.240513 0.583996
1 0.215936 0.690055 0.224423 0.690055 0.224423 0.693053 0.215936 0.693053
1 0.257470 0.700644 0.261860 0.700644 0.261860 0.716601 0.257470 0.716601
1 0.257602 0.549489 0.260660 0.549489 0.260660 0.557711 0.257602 0.557711
1 0.087423 0.769063 0.116268 0.769063 0.116268 0.780689 0.087423 0.780689
1 0.110064 0.844766 0.121432 0.844766 0.121432 0.874109 0.110064 0.874109
1 0.027907 0.844021 0.039272 0.844021 0.039272 0.873355 0.027907 0.873355
1 0.174217 0.845049 0.184824 0.845049 0.184824 0.874098 0.174217 0.874098
1 0.091686 0.844432 0.103012 0.844432 0.103012 0.874129 0.091686 0.874129
1 0.194204 0.838887 0.210382 0.838887 0.210382 0.842768 0.194204 0.842768
1 0.114262 0.820469 0.119346 0.820469 0.119346 0.837035 0.114262 0.837035
1 0.181579 0.806264 0.185999 0.806264 0.185999 0.822272 0.181579 0.822272
1 0.156156 0.973160 0.160319 0.973160 0.160319 0.988796 0.156156 0.988796
1 0.140888 0.805835 0.144533 0.805835 0.144533 0.822171 0.140888 0.822171
1 0.193770 0.868881 0.210276 0.868881 0.210276 0.873430 0.193770 0.873430
1 0.040134 0.789753 0.044421 0.789753 0.044421 0.805828 0.040134 0.805828
1 0.084536 0.791014 0.088798 0.791014 0.088798 0.805965 0.084536 0.805965
1 0.083278 0.820732 0.087882 0.820732 0.087882 0.837029 0.083278 0.837029
1 0.085059 0.970439 0.089361 0.970439 0.089361 0.985814 0.085059 0.985814
1 0.146686 0.900435 0.150758 0.900435 0.150758 0.915721 0.146686 0.915721
1 0.025352 0.800569 0.034059 0.800569 0.034059 0.804378 0.025352 0.804378
1 0.171332 0.806274 0.175595 0.806274 0.175595 0.822153 0.171332 0.822153
1 0.253073 0.753688 0.258061 0.753688 0.258061 0.769337 0.253073 0.769337
1 0.211835 0.806400 0.215939 0.806400 0.215939 0.822938 0.211835 0.822938
1 0.070255 0.790562 0.074371 0.790562 0.074371 0.805692 0.070255 0.805692
1 0.126394 0.973644 0.130364 0.973644 0.130364 0.988425 0.126394 0.988425
1 0.178257 0.884854 0.194248 0.884854 0.194248 0.888318 0.178257 0.888318
1 0.114769 0.790469 0.118783 0.790469 0.118783 0.806551 0.114769 0.806551
1 0.033168 0.982922 0.037546 0.982922 0.037546 0.998900 0.033168 0.998900
1 0.230258 0.769173 0.246665 0.769173 0.246665 0.773151 0.230258 0.773151
1 0.156229 0.884780 0.172112 0.884780 0.172112 0.888799 0.156229 0.888799
1 0.115184 0.970829 0.119157 0.970829 0.119157 0.985920 0.115184 0.985920
1 0.143245 0.788401 0.159516 0.788401 0.159516 0.792897 0.143245 0.792897
1 0.156045 0.914929 0.172347 0.914929 0.172347 0.919364 0.156045 0.919364
1 0.143538 0.758283 0.159008 0.758283 0.159008 0.762217 0.143538 0.762217
1 0.003605 0.982787 0.007799 0.982787 0.007799 0.998633 0.003605 0.998633
1 0.025698 0.781137 0.033980 0.781137 0.033980 0.783948 0.025698 0.783948
1 0.207993 0.989301 0.211723 0.989301 0.211723 0.997467 0.207993 0.997467
1 0.116220 0.899761 0.120725 0.899761 0.120725 0.915782 0.116220 0.915782
1 0.065172 0.985214 0.074208 0.985214 0.074208 0.988895 0.065172 0.988895
1 0.065551 0.965526 0.073828 0.965526 0.073828 0.968890 0.065551 0.968890
1 0.178120 0.915966 0.194327 0.915966 0.194327 0.919903 0.178120 0.919903
1 0.101483 0.951949 0.105785 0.951949 0.105785 0.961560 0.101483 0.961560
1 0.228585 0.989731 0.231858 0.989731 0.231858 0.997753 0.228585 0.997753
1 0.123049 0.952511 0.126298 0.952511 0.126298 0.961420 0.123049 0.961420
1 0.249492 0.207256 0.259973 0.207256 0.259973 0.246334 0.249492 0.246334
1 0.250010 0.044080 0.260799 0.044080 0.260799 0.082855 0.250010 0.082855
1 0.304764 0.102067 0.320698 0.102067 0.320698 0.105421 0.304764 0.105421
1 0.304677 0.131888 0.320780 0.131888 0.320780 0.135302 0.304677 0.135302
1 0.413132 0.435117 0.429183 0.435117 0.429183 0.439844 0.413132 0.439844
1 0.390936 0.395937 0.407246 0.395937 0.407246 0.400763 0.390936 0.400763
1 0.453340 0.357455 0.457738 0.357455 0.457738 0.372991 0.453340 0.372991
1 0.483699 0.357582 0.487763 0.357582 0.487763 0.373532 0.483699 0.373532
1 0.412730 0.404945 0.429323 0.404945 0.429323 0.409118 0.412730 0.409118
1 0.471166 0.413787 0.486699 0.413787 0.486699 0.418035 0.471166 0.418035
1 0.304474 0.458901 0.308626 0.458901 0.308626 0.474644 0.304474 0.474644
1 0.293694 0.459156 0.297934 0.459156 0.297934 0.474177 0.293694 0.474177
1 0.263328 0.458400 0.267737 0.458400 0.267737 0.474388 0.263328 0.474388
1 0.462487 0.432929 0.466482 0.432929 0.466482 0.441713 0.462487 0.441713
1 0.391139 0.365578 0.407191 0.365578 0.407191 0.369231 0.391139 0.369231
1 0.459802 0.415472 0.463262 0.415472 0.463262 0.424895 0.459802 0.424895
1 0.475732 0.444528 0.485257 0.444528 0.485257 0.447722 0.475732 0.447722
1 0.443139 0.432855 0.446540 0.432855 0.446540 0.441420 0.443139 0.441420
1 0.334653 0.459506 0.338588 0.459506 0.338588 0.474049 0.334653 0.474049
1 0.476126 0.425134 0.485354 0.425134 0.485354 0.428119 0.476126 0.428119
1 0.319862 0.493140 0.323365 0.493140 0.323365 0.502159 0.319862 0.502159
1 0.340248 0.493288 0.343412 0.493288 0.343412 0.502090 0.340248 0.502090
1 0.473316 0.247011 0.477152 0.247011 0.477152 0.255401 0.473316 0.255401
1 0.443349 0.449564 0.446744 0.449564 0.446744 0.458416 0.443349 0.458416
1 0.462721 0.449807 0.465897 0.449807 0.465897 0.458376 0.462721 0.458376
1 0.272251 0.492737 0.275512 0.492737 0.275512 0.501999 0.272251 0.501999
1 0.292127 0.492962 0.295698 0.492962 0.295698 0.502114 0.292127 0.502114
1 0.434319 0.450146 0.437695 0.450146 0.437695 0.459519 0.434319 0.459519
1 0.471178 0.382958 0.486614 0.382958 0.486614 0.387340 0.471178 0.387340
1 0.414478 0.450313 0.417739 0.450313 0.417739 0.459005 0.414478 0.459005
1 0.440039 0.415491 0.442915 0.415491 0.442915 0.424548 0.440039 0.424548
1 0.250541 0.673695 0.255297 0.673695 0.255297 0.689808 0.250541 0.689808
1 0.281440 0.673776 0.285049 0.673776 0.285049 0.689534 0.281440 0.689534
1 0.287343 0.726676 0.291324 0.726676 0.291324 0.742368 0.287343 0.742368
1 0.341128 0.653611 0.345291 0.653611 0.345291 0.662236 0.341128 0.662236
1 0.336018 0.534016 0.339829 0.534016 0.339829 0.542643 0.336018 0.542643
1 0.341059 0.636768 0.344947 0.636768 0.344947 0.645130 0.341059 0.645130
1 0.336292 0.510080 0.339808 0.510080 0.339808 0.518658 0.336292 0.518658
1 0.287773 0.700965 0.291794 0.700965 0.291794 0.716716 0.287773 0.716716
1 0.322136 0.582076 0.325039 0.582076 0.325039 0.590704 0.322136 0.590704
1 0.316093 0.534250 0.319942 0.534250 0.319942 0.542310 0.316093 0.542310
1 0.340802 0.670983 0.344890 0.670983 0.344890 0.679293 0.340802 0.679293
1 0.295180 0.510129 0.298923 0.510129 0.298923 0.518406 0.295180 0.518406
1 0.341235 0.599064 0.345169 0.599064 0.345169 0.608052 0.341235 0.608052
1 0.316048 0.558116 0.320002 0.558116 0.320002 0.566173 0.316048 0.566173
1 0.316347 0.510229 0.319975 0.510229 0.319975 0.518652 0.316347 0.518652
1 0.294927 0.533626 0.299059 0.533626 0.299059 0.541914 0.294927 0.541914
1 0.341182 0.581514 0.345376 0.581514 0.345376 0.591100 0.341182 0.591100
1 0.280660 0.653020 0.284143 0.653020 0.284143 0.662075 0.280660 0.662075
1 0.321313 0.670727 0.324994 0.670727 0.324994 0.679812 0.321313 0.679812
1 0.320836 0.636963 0.324429 0.636963 0.324429 0.644992 0.320836 0.644992
1 0.321898 0.598978 0.324681 0.598978 0.324681 0.607249 0.321898 0.607249
1 0.270345 0.651807 0.275099 0.651807 0.275099 0.667367 0.270345 0.667367
1 0.275804 0.509944 0.279161 0.509944 0.279161 0.517389 0.275804 0.517389
1 0.280384 0.603542 0.283576 0.603542 0.283576 0.612662 0.280384 0.612662
1 0.321414 0.653688 0.324504 0.653688 0.324504 0.662138 0.321414 0.662138
1 0.264177 0.584201 0.273185 0.584201 0.273185 0.586974 0.264177 0.586974
1 0.335866 0.557831 0.339471 0.557831 0.339471 0.566356 0.335866 0.566356
1 0.321648 0.617524 0.324593 0.617524 0.324593 0.626477 0.321648 0.626477
1 0.275396 0.533759 0.278647 0.533759 0.278647 0.541285 0.275396 0.541285
1 0.280409 0.584712 0.283992 0.584712 0.283992 0.593420 0.280409 0.593420
1 0.263957 0.604452 0.273313 0.604452 0.273313 0.607671 0.263957 0.607671
1 0.300834 0.584935 0.304225 0.584935 0.304225 0.594187 0.300834 0.594187
1 0.342042 0.617218 0.345401 0.617218 0.345401 0.626946 0.342042 0.626946
1 0.300999 0.604162 0.303967 0.604162 0.303967 0.612816 0.300999 0.612816
1 0.301270 0.653504 0.303629 0.653504 0.303629 0.661626 0.301270 0.661626
1 0.339726 0.849109 0.343807 0.849109 0.343807 0.859073 0.339726 0.859073
1 0.279127 0.801397 0.283261 0.801397 0.283261 0.810141 0.279127 0.810141
1 0.339732 0.824983 0.343951 0.824983 0.343951 0.834968 0.339732 0.834968
1 0.339580 0.801459 0.344045 0.801459 0.344045 0.811004 0.339580 0.811004
1 0.339441 0.873362 0.343648 0.873362 0.343648 0.882526 0.339441 0.882526
1 0.339100 0.915999 0.343189 0.915999 0.343189 0.925019 0.339100 0.925019
1 0.298984 0.825485 0.302619 0.825485 0.302619 0.834555 0.298984 0.834555
1 0.278571 0.916184 0.282063 0.916184 0.282063 0.924880 0.278571 0.924880
1 0.320394 0.801898 0.324106 0.801898 0.324106 0.810375 0.320394 0.810375
1 0.320294 0.825346 0.323953 0.825346 0.323953 0.835069 0.320294 0.835069
1 0.298933 0.849497 0.302450 0.849497 0.302450 0.858810 0.298933 0.858810
1 0.298997 0.801804 0.302791 0.801804 0.302791 0.810582 0.298997 0.810582
1 0.320072 0.849448 0.323518 0.849448 0.323518 0.858822 0.320072 0.858822
1 0.278806 0.849394 0.282797 0.849394 0.282797 0.858357 0.278806 0.858357
1 0.319805 0.915965 0.323222 0.915965 0.323222 0.924797 0.319805 0.924797
1 0.278744 0.873491 0.282630 0.873491 0.282630 0.882297 0.278744 0.882297
1 0.298905 0.873379 0.302382 0.873379 0.302382 0.882464 0.298905 0.882464
1 0.415966 0.955904 0.419543 0.955904 0.419543 0.964635 0.415966 0.964635
1 0.437225 0.956228 0.440758 0.956228 0.440758 0.964741 0.437225 0.964741
1 0.319991 0.873628 0.323374 0.873628 0.323374 0.882800 0.319991 0.882800
1 0.472256 0.954491 0.480412 0.954491 0.480412 0.957587 0.472256 0.957587
1 0.456892 0.955872 0.460487 0.955872 0.460487 0.964701 0.456892 0.964701
1 0.279307 0.825469 0.283131 0.825469 0.283131 0.834032 0.279307 0.834032
1 0.299058 0.916346 0.302261 0.916346 0.302261 0.925218 0.299058 0.925218
1 0.331003 0.783017 0.340220 0.783017 0.340220 0.787120 0.331003 0.787120
1 0.284116 0.754381 0.288098 0.754381 0.288098 0.769696 0.284116 0.769696
1 0.365427 0.942069 0.369223 0.942069 0.369223 0.950723 0.365427 0.950723
1 0.347769 0.942062 0.351419 0.942062 0.351419 0.950535 0.347769 0.950535
1 0.327919 0.941741 0.331645 0.941741 0.331645 0.950668 0.327919 0.950668
1 0.488676 0.973305 0.497819 0.973305 0.497819 0.977004 0.488676 0.977004
1 0.396400 0.956171 0.399741 0.956171 0.399741 0.964089 0.396400 0.964089
1 0.471773 0.973588 0.480698 0.973588 0.480698 0.976716 0.471773 0.976716
1 0.339222 0.897227 0.343100 0.897227 0.343100 0.906170 0.339222 0.906170
1 0.385095 0.942055 0.388997 0.942055 0.388997 0.950528 0.385095 0.950528
1 0.331389 0.764040 0.339667 0.764040 0.339667 0.767245 0.331389 0.767245
1 0.488842 0.954499 0.497055 0.954499 0.497055 0.957434 0.488842 0.957434
1 0.319861 0.897387 0.323339 0.897387 0.323339 0.905951 0.319861 0.905951
1 0.298692 0.897034 0.302377 0.897034 0.302377 0.906243 0.298692 0.906243
1 0.279006 0.897488 0.282288 0.897488 0.282288 0.905663 0.279006 0.905663
1 0.245848 0.948375 0.247551 0.948375 0.247551 0.956205 0.245848 0.956205
1 0.713717 0.193756 0.743088 0.193756 0.743088 0.204884 0.713717 0.204884
1 0.737941 0.059397 0.742621 0.059397 0.742621 0.074726 0.737941 0.074726
1 0.713811 0.129697 0.743201 0.129697 0.743201 0.139653 0.713811 0.139653
1 0.737660 0.036045 0.742613 0.036045 0.742613 0.051260 0.737660 0.051260
1 0.737397 0.082858 0.742912 0.082858 0.742912 0.098294 0.737397 0.098294
1 0.737052 0.008641 0.742520 0.008641 0.742520 0.024358 0.737052 0.024358
1 0.592166 0.242069 0.595655 0.242069 0.595655 0.251163 0.592166 0.251163
1 0.559691 0.242145 0.562798 0.242145 0.562798 0.251063 0.559691 0.251063
1 0.572370 0.242393 0.575337 0.242393 0.575337 0.250884 0.572370 0.250884
1 0.539603 0.242169 0.542569 0.242169 0.542569 0.250895 0.539603 0.250895
1 0.493454 0.246669 0.497111 0.246669 0.497111 0.255915 0.493454 0.255915
1 0.612916 0.366629 0.618142 0.366629 0.618142 0.382566 0.612916 0.382566
1 0.665886 0.396008 0.670073 0.396008 0.670073 0.411793 0.665886 0.411793
1 0.635791 0.395789 0.640231 0.395789 0.640231 0.411752 0.635791 0.411752
1 0.585580 0.394203 0.601316 0.394203 0.601316 0.398532 0.585580 0.398532
1 0.582759 0.367114 0.586865 0.367114 0.586865 0.382940 0.582759 0.382940
1 0.584970 0.424294 0.600935 0.424294 0.600935 0.429094 0.584970 0.429094
1 0.616248 0.411043 0.625203 0.411043 0.625203 0.415337 0.616248 0.415337
1 0.636709 0.456042 0.645187 0.456042 0.645187 0.459388 0.636709 0.459388
1 0.674855 0.425441 0.678134 0.425441 0.678134 0.434012 0.674855 0.434012
1 0.518739 0.435099 0.521772 0.435099 0.521772 0.443232 0.518739 0.443232
1 0.674460 0.442603 0.677681 0.442603 0.677681 0.450911 0.674460 0.450911
1 0.637049 0.436890 0.644989 0.436890 0.644989 0.439921 0.637049 0.439921
1 0.537937 0.434927 0.541522 0.434927 0.541522 0.443478 0.537937 0.443478
1 0.720367 0.451079 0.724020 0.451079 0.724020 0.460035 0.720367 0.460035
1 0.626255 0.420085 0.629147 0.420085 0.629147 0.428955 0.626255 0.428955
1 0.646303 0.420130 0.649747 0.420130 0.649747 0.429172 0.646303 0.429172
1 0.700982 0.451095 0.704514 0.451095 0.704514 0.459705 0.700982 0.459705
1 0.654800 0.442822 0.658145 0.442822 0.658145 0.451076 0.654800 0.451076
1 0.655010 0.425456 0.658454 0.425456 0.658454 0.434280 0.655010 0.434280
1 0.513775 0.265441 0.517056 0.265441 0.517056 0.274393 0.513775 0.274393
1 0.616765 0.391899 0.624939 0.391899 0.624939 0.394868 0.616765 0.394868
1 0.493613 0.265746 0.496749 0.265746 0.496749 0.273767 0.493613 0.273767
1 0.649576 0.955087 0.658261 0.955087 0.658261 0.958671 0.649576 0.958671
1 0.665544 0.974709 0.674614 0.974709 0.674614 0.978857 0.665544 0.978857
1 0.665957 0.955240 0.674326 0.955240 0.674326 0.958942 0.665957 0.958942
1 0.706541 0.955267 0.715318 0.955267 0.715318 0.958874 0.706541 0.958874
1 0.649187 0.974429 0.658419 0.974429 0.658419 0.978679 0.649187 0.978679
1 0.529872 0.954503 0.538261 0.954503 0.538261 0.958118 0.529872 0.958118
1 0.512932 0.954341 0.521182 0.954341 0.521182 0.958151 0.512932 0.958151
1 0.706520 0.974639 0.715653 0.974639 0.715653 0.978402 0.706520 0.978402
1 0.512572 0.973823 0.521359 0.973823 0.521359 0.977756 0.512572 0.977756
1 0.725624 0.959716 0.729531 0.959716 0.729531 0.968138 0.725624 0.968138
1 0.557480 0.954589 0.565939 0.954589 0.565939 0.958262 0.557480 0.958262
1 0.557290 0.974053 0.566453 0.974053 0.566453 0.977974 0.557290 0.977974
1 0.530236 0.973722 0.538649 0.973722 0.538649 0.977616 0.530236 0.977616
1 0.609285 0.983279 0.612946 0.983279 0.612946 0.991890 0.609285 0.991890
1 0.589165 0.982555 0.592424 0.982555 0.592424 0.991551 0.589165 0.991551
1 0.796318 0.203181 0.806304 0.203181 0.806304 0.218102 0.796318 0.218102
1 0.806953 0.237093 0.817897 0.237093 0.817897 0.249889 0.806953 0.249889
1 0.784948 0.237003 0.795389 0.237003 0.795389 0.249843 0.784948 0.249843
1 0.768953 0.035920 0.774131 0.035920 0.774131 0.051662 0.768953 0.051662
1 0.768980 0.059231 0.774298 0.059231 0.774298 0.074978 0.768980 0.074978
1 0.769446 0.082952 0.774902 0.082952 0.774902 0.098513 0.769446 0.098513
1 0.750772 0.197632 0.766652 0.197632 0.766652 0.201557 0.750772 0.201557
1 0.769322 0.008999 0.774451 0.008999 0.774451 0.024785 0.769322 0.024785
1 0.761607 0.107681 0.765282 0.107681 0.765282 0.115786 0.761607 0.115786
1 0.750117 0.227787 0.767240 0.227787 0.767240 0.232118 0.750117 0.232118
1 0.741077 0.107486 0.745062 0.107486 0.745062 0.115813 0.741077 0.115813
1 0.827636 0.230642 0.842658 0.230642 0.842658 0.233862 0.827636 0.233862
1 0.827486 0.271861 0.838349 0.271861 0.838349 0.301227 0.827486 0.301227
1 0.763542 0.271349 0.773016 0.271349 0.773016 0.300749 0.763542 0.300749
1 0.932489 0.361574 0.971174 0.361574 0.971174 0.379733 0.932489 0.379733
1 0.932312 0.247171 0.973451 0.247171 0.973451 0.261174 0.932312 0.261174
1 0.826925 0.260031 0.843052 0.260031 0.843052 0.265185 0.826925 0.265185
1 0.841108 0.498854 0.849438 0.498854 0.849438 0.501831 0.841108 0.501831
1 0.869934 0.688227 0.894031 0.688227 0.894031 0.697491 0.869934 0.697491
1 0.902201 0.688126 0.926753 0.688126 0.926753 0.697122 0.902201 0.697122
1 0.870187 0.730166 0.894026 0.730166 0.894026 0.739572 0.870187 0.739572
1 0.901828 0.729920 0.925689 0.729920 0.925689 0.739481 0.901828 0.739481
1 0.874548 0.619870 0.884922 0.619870 0.884922 0.623004 0.874548 0.623004
1 0.879491 0.671479 0.883006 0.671479 0.883006 0.680817 0.879491 0.680817
1 0.840178 0.641243 0.849668 0.641243 0.849668 0.645259 0.840178 0.645259
1 0.929373 0.671842 0.933797 0.671842 0.933797 0.680999 0.929373 0.680999
1 0.840905 0.548004 0.849809 0.548004 0.849809 0.550949 0.840905 0.550949
1 0.841540 0.572446 0.849765 0.572446 0.849765 0.576015 0.841540 0.576015
1 0.840952 0.592254 0.850180 0.592254 0.850180 0.595648 0.840952 0.595648
1 0.840773 0.528305 0.849438 0.528305 0.849438 0.531184 0.840773 0.531184
1 0.857410 0.642022 0.867095 0.642022 0.867095 0.645150 0.857410 0.645150
1 0.874453 0.599855 0.884132 0.599855 0.884132 0.602560 0.874453 0.602560
1 0.840665 0.519124 0.849994 0.519124 0.849994 0.522034 0.840665 0.522034
1 0.840691 0.621805 0.849413 0.621805 0.849413 0.625339 0.840691 0.625339
1 0.859381 0.671696 0.863158 0.671696 0.863158 0.680705 0.859381 0.680705
1 0.910037 0.672400 0.913194 0.672400 0.913194 0.681248 0.910037 0.681248
1 0.873990 0.571113 0.882160 0.571113 0.882160 0.573835 0.873990 0.573835
1 0.873158 0.590308 0.882782 0.590308 0.882782 0.593560 0.873158 0.593560
1 0.857776 0.622149 0.866801 0.622149 0.866801 0.624999 0.857776 0.624999
1 0.871418 0.840688 0.912191 0.840688 0.912191 0.852972 0.871418 0.852972
1 0.872055 0.746148 0.912720 0.746148 0.912720 0.756172 0.872055 0.756172
1 0.928794 0.774830 0.937661 0.774830 0.937661 0.778870 0.928794 0.778870
1 0.928826 0.806784 0.937085 0.806784 0.937085 0.810335 0.928826 0.810335
1 0.928665 0.825968 0.937474 0.825968 0.937474 0.830231 0.928665 0.830231
1 0.745295 0.959628 0.749569 0.959628 0.749569 0.968550 0.745295 0.968550
1 0.838627 0.882016 0.847681 0.882016 0.847681 0.885950 0.838627 0.885950
1 0.801991 0.912621 0.805589 0.912621 0.805589 0.921788 0.801991 0.921788
1 0.929025 0.755594 0.937455 0.755594 0.937455 0.759062 0.929025 0.759062
1 0.821500 0.912495 0.825655 0.912495 0.825655 0.921790 0.821500 0.921790
1 0.838950 0.862906 0.846853 0.862906 0.846853 0.866186 0.838950 0.866186
1 0.852868 0.770528 0.856587 0.770528 0.856587 0.779914 0.852868 0.779914
1 0.833122 0.770803 0.835978 0.770803 0.835978 0.779635 0.833122 0.779635
