0 0.585478 0.457347 0.751192 0.457347 0.751192 0.621329 0.585478 0.621329
0 0.270994 0.456484 0.436665 0.456484 0.436665 0.620952 0.270994 0.620952
0 0.226829 0.424911 0.251299 0.424911 0.251299 0.437859 0.226829 0.437859
0 0.062698 0.395979 0.070982 0.395979 0.070982 0.411567 0.062698 0.411567
0 0.087991 0.356084 0.141006 0.356084 0.141006 0.383890 0.087991 0.383890
0 0.269688 0.358697 0.323883 0.358697 0.323883 0.386093 0.269688 0.386093
0 0.403796 0.357315 0.456563 0.357315 0.456563 0.384773 0.403796 0.384773
0 0.364187 0.396261 0.379762 0.396261 0.379762 0.404397 0.364187 0.404397
0 0.395469 0.677634 0.411220 0.677634 0.411220 0.685871 0.395469 0.685871
0 0.473975 0.691404 0.523587 0.691404 0.523587 0.718360 0.473975 0.718360
0 0.326401 0.685877 0.342270 0.685877 0.342270 0.694106 0.326401 0.694106
0 0.479402 0.732628 0.512424 0.732628 0.512424 0.752767 0.479402 0.752767
0 0.083694 0.668398 0.099385 0.668398 0.099385 0.676425 0.083694 0.676425
0 0.007752 0.680414 0.023669 0.680414 0.023669 0.688767 0.007752 0.688767
0 0.541798 0.425338 0.566462 0.425338 0.566462 0.438241 0.541798 0.438241
0 0.713926 0.360592 0.767325 0.360592 0.767325 0.388000 0.713926 0.388000
0 0.670229 0.399738 0.685971 0.399738 0.685971 0.408231 0.670229 0.408231
0 0.553531 0.358098 0.606685 0.358098 0.606685 0.386053 0.553531 0.386053
0 0.711902 0.881100 0.736486 0.881100 0.736486 0.893685 0.711902 0.893685
0 0.773554 0.889752 0.826351 0.889752 0.826351 0.917129 0.773554 0.917129
0 0.707436 0.670746 0.723116 0.670746 0.723116 0.679193 0.707436 0.679193
0 0.543223 0.727667 0.595716 0.727667 0.595716 0.755143 0.543223 0.755143
0 0.718150 0.907132 0.726378 0.907132 0.726378 0.922677 0.718150 0.922677
0 0.631329 0.680577 0.647274 0.680577 0.647274 0.688607 0.631329 0.688607
0 0.711788 0.951193 0.719817 0.951193 0.719817 0.966846 0.711788 0.966846
1 0.141616 0.355170 0.151670 0.355170 0.151670 0.384661 0.141616 0.384661
1 0.076741 0.355372 0.087322 0.355372 0.087322 0.384491 0.076741 0.384491
1 0.221093 0.423119 0.226556 0.423119 0.226556 0.438963 0.221093 0.438963
1 0.251629 0.423084 0.257747 0.423084 0.257747 0.439105 0.251629 0.439105
1 0.062092 0.411677 0.071101 0.411677 0.071101 0.414777 0.062092 0.414777
1 0.062495 0.391934 0.071366 0.391934 0.071366 0.395701 0.062495 0.395701
1 0.023685 0.680490 0.027326 0.680490 0.027326 0.688257 0.023685 0.688257
1 0.099165 0.668625 0.102588 0.668625 0.102588 0.676398 0.099165 0.676398
1 0.080224 0.668434 0.083791 0.668434 0.083791 0.676462 0.080224 0.676462
1 0.004172 0.680163 0.007570 0.680163 0.007570 0.688697 0.004172 0.688697
1 0.392598 0.355734 0.402956 0.355734 0.402956 0.385337 0.392598 0.385337
1 0.308947 0.428100 0.317622 0.428100 0.317622 0.455383 0.308947 0.455383
1 0.438661 0.480060 0.466535 0.480060 0.466535 0.489613 0.438661 0.489613
1 0.324675 0.356757 0.335038 0.356757 0.335038 0.386224 0.324675 0.386224
1 0.392008 0.428024 0.400614 0.428024 0.400614 0.455002 0.392008 0.455002
1 0.438528 0.466424 0.466540 0.466424 0.466540 0.475903 0.438528 0.475903
1 0.281581 0.428166 0.290367 0.428166 0.290367 0.455365 0.281581 0.455365
1 0.351128 0.427764 0.359810 0.427764 0.359810 0.454975 0.351128 0.454975
1 0.457126 0.356143 0.467463 0.356143 0.467463 0.385117 0.457126 0.385117
1 0.323852 0.428066 0.332667 0.428066 0.332667 0.455107 0.323852 0.455107
1 0.295302 0.428205 0.304028 0.428205 0.304028 0.455265 0.295302 0.455265
1 0.364699 0.428094 0.373528 0.428094 0.373528 0.455131 0.364699 0.455131
1 0.419197 0.427772 0.427843 0.427772 0.427843 0.454942 0.419197 0.454942
1 0.258802 0.357099 0.268668 0.357099 0.268668 0.386488 0.258802 0.386488
1 0.438587 0.493458 0.466560 0.493458 0.466560 0.503316 0.438587 0.503316
1 0.337481 0.427755 0.346268 0.427755 0.346268 0.454949 0.337481 0.454949
1 0.378365 0.427952 0.386981 0.427952 0.386981 0.454927 0.378365 0.454927
1 0.405676 0.427898 0.414472 0.427898 0.414472 0.455134 0.405676 0.455134
1 0.379752 0.396335 0.382933 0.396335 0.382933 0.403973 0.379752 0.403973
1 0.360557 0.396245 0.364395 0.396245 0.364395 0.404091 0.360557 0.404091
1 0.350898 0.622022 0.359543 0.622022 0.359543 0.651869 0.350898 0.651869
1 0.308899 0.622228 0.317578 0.622228 0.317578 0.652010 0.308899 0.652010
1 0.391746 0.622372 0.400448 0.622372 0.400448 0.651995 0.391746 0.651995
1 0.295324 0.622429 0.303882 0.622429 0.303882 0.652006 0.295324 0.652006
1 0.337217 0.622199 0.345995 0.622199 0.345995 0.651369 0.337217 0.651369
1 0.378059 0.622281 0.386772 0.622281 0.386772 0.651552 0.378059 0.651552
1 0.438034 0.602622 0.466759 0.602622 0.466759 0.612328 0.438034 0.612328
1 0.418750 0.622147 0.427368 0.622147 0.427368 0.651872 0.418750 0.651872
1 0.460983 0.689424 0.473439 0.689424 0.473439 0.720946 0.460983 0.720946
1 0.438622 0.521047 0.466674 0.521047 0.466674 0.530448 0.438622 0.530448
1 0.438785 0.507302 0.466525 0.507302 0.466525 0.516764 0.438785 0.516764
1 0.281806 0.622084 0.290241 0.622084 0.290241 0.652018 0.281806 0.652018
1 0.438542 0.561736 0.466604 0.561736 0.466604 0.571529 0.438542 0.571529
1 0.323508 0.622053 0.332617 0.622053 0.332617 0.651963 0.323508 0.651963
1 0.438256 0.575267 0.466738 0.575267 0.466738 0.585126 0.438256 0.585126
1 0.438420 0.588978 0.466509 0.588978 0.466509 0.598585 0.438420 0.598585
1 0.438608 0.548118 0.466590 0.548118 0.466590 0.557754 0.438608 0.557754
1 0.438299 0.534440 0.466937 0.534440 0.466937 0.544090 0.438299 0.544090
1 0.405137 0.622123 0.414081 0.622123 0.414081 0.651763 0.405137 0.651763
1 0.364419 0.622360 0.373199 0.622360 0.373199 0.651536 0.364419 0.651536
1 0.469115 0.730443 0.479110 0.730443 0.479110 0.753616 0.469115 0.753616
1 0.323250 0.686000 0.326517 0.686000 0.326517 0.694406 0.323250 0.694406
1 0.342406 0.686151 0.345440 0.686151 0.345440 0.694125 0.342406 0.694125
1 0.392489 0.677598 0.395617 0.677598 0.395617 0.685860 0.392489 0.685860
1 0.411072 0.678105 0.413850 0.678105 0.413850 0.685765 0.411072 0.685765
1 0.607473 0.357062 0.618421 0.357062 0.618421 0.386816 0.607473 0.386816
1 0.556593 0.467133 0.584646 0.467133 0.584646 0.476786 0.556593 0.476786
1 0.702529 0.358793 0.713128 0.358793 0.713128 0.388250 0.702529 0.388250
1 0.543266 0.357019 0.553011 0.357019 0.553011 0.387102 0.543266 0.387102
1 0.596122 0.427611 0.604887 0.427611 0.604887 0.456157 0.596122 0.456157
1 0.609686 0.427978 0.618490 0.427978 0.618490 0.455993 0.609686 0.455993
1 0.732344 0.428006 0.741121 0.428006 0.741121 0.456246 0.732344 0.456246
1 0.677910 0.428127 0.686552 0.428127 0.686552 0.456046 0.677910 0.456046
1 0.691403 0.428324 0.700147 0.428324 0.700147 0.455827 0.691403 0.455827
1 0.718842 0.427944 0.727510 0.427944 0.727510 0.456248 0.718842 0.456248
1 0.650546 0.428072 0.659354 0.428072 0.659354 0.455930 0.650546 0.455930
1 0.637029 0.428172 0.645835 0.428172 0.645835 0.456174 0.637029 0.456174
1 0.556313 0.494163 0.584352 0.494163 0.584352 0.503900 0.556313 0.503900
1 0.556740 0.480782 0.584685 0.480782 0.584685 0.490373 0.556740 0.490373
1 0.664159 0.427971 0.672954 0.427971 0.672954 0.455945 0.664159 0.455945
1 0.623244 0.427947 0.632158 0.427947 0.632158 0.456039 0.623244 0.456039
1 0.705060 0.428354 0.713885 0.428354 0.713885 0.455772 0.705060 0.455772
1 0.535199 0.423777 0.541457 0.423777 0.541457 0.439554 0.535199 0.439554
1 0.566118 0.424213 0.571144 0.424213 0.571144 0.439885 0.566118 0.439885
1 0.685898 0.399854 0.689517 0.399854 0.689517 0.408043 0.685898 0.408043
1 0.666667 0.400220 0.670160 0.400220 0.670160 0.407906 0.666667 0.407906
1 0.718428 0.623215 0.727407 0.623215 0.727407 0.652040 0.718428 0.652040
1 0.636803 0.623379 0.645568 0.623379 0.645568 0.651852 0.636803 0.651852
1 0.677647 0.623324 0.686445 0.623324 0.686445 0.651806 0.677647 0.651806
1 0.596139 0.622630 0.604758 0.622630 0.604758 0.652027 0.596139 0.652027
1 0.525805 0.689839 0.537719 0.689839 0.537719 0.720746 0.525805 0.720746
1 0.623032 0.623246 0.632034 0.623246 0.632034 0.651338 0.623032 0.651338
1 0.664001 0.623121 0.672836 0.623121 0.672836 0.651607 0.664001 0.651607
1 0.556166 0.603477 0.584700 0.603477 0.584700 0.612795 0.556166 0.612795
1 0.556290 0.589776 0.584551 0.589776 0.584551 0.599239 0.556290 0.599239
1 0.691156 0.624183 0.700079 0.624183 0.700079 0.651864 0.691156 0.651864
1 0.704791 0.623818 0.713810 0.623818 0.713810 0.651864 0.704791 0.651864
1 0.596442 0.726776 0.606999 0.726776 0.606999 0.753545 0.596442 0.753545
1 0.556436 0.548930 0.584701 0.548930 0.584701 0.558296 0.556436 0.558296
1 0.556213 0.575963 0.584420 0.575963 0.584420 0.585598 0.556213 0.585598
1 0.650326 0.623082 0.659237 0.623082 0.659237 0.651706 0.650326 0.651706
1 0.609379 0.622945 0.618308 0.622945 0.618308 0.651952 0.609379 0.651952
1 0.732181 0.623028 0.740977 0.623028 0.740977 0.652107 0.732181 0.652107
1 0.556211 0.535145 0.584398 0.535145 0.584398 0.544605 0.556211 0.544605
1 0.556414 0.507904 0.584533 0.507904 0.584533 0.517405 0.556414 0.517405
1 0.556561 0.562533 0.584629 0.562533 0.584629 0.572163 0.556561 0.572163
1 0.556511 0.521676 0.584381 0.521676 0.584381 0.531124 0.556511 0.531124
1 0.532331 0.727009 0.542328 0.727009 0.542328 0.753409 0.532331 0.753409
1 0.512723 0.730501 0.522026 0.730501 0.522026 0.753756 0.512723 0.753756
1 0.703704 0.670627 0.707404 0.670627 0.707404 0.679360 0.703704 0.679360
1 0.723249 0.671035 0.726691 0.671035 0.726691 0.678902 0.723249 0.678902
1 0.627918 0.680528 0.631344 0.680528 0.631344 0.688809 0.627918 0.688809
1 0.647272 0.680878 0.650393 0.680878 0.650393 0.688335 0.647272 0.688335
1 0.736783 0.879541 0.742120 0.879541 0.742120 0.895474 0.736783 0.895474
1 0.705939 0.879540 0.711687 0.879540 0.711687 0.895273 0.705939 0.895273
1 0.718178 0.903179 0.726285 0.903179 0.726285 0.907004 0.718178 0.907004
1 0.717980 0.922650 0.726371 0.922650 0.726371 0.926261 0.717980 0.926261
1 0.711848 0.947946 0.719580 0.947946 0.719580 0.951200 0.711848 0.951200
1 0.711578 0.966733 0.719682 0.966733 0.719682 0.969860 0.711578 0.969860
1 0.751996 0.467188 0.779954 0.467188 0.779954 0.476857 0.751996 0.476857
1 0.767875 0.358748 0.777428 0.358748 0.777428 0.388231 0.767875 0.388231
1 0.752349 0.480645 0.779830 0.480645 0.779830 0.490368 0.752349 0.490368
1 0.752203 0.494145 0.779878 0.494145 0.779878 0.504199 0.752203 0.504199
1 0.751845 0.507974 0.779993 0.507974 0.779993 0.517573 0.751845 0.517573
1 0.751467 0.603411 0.780282 0.603411 0.780282 0.613227 0.751467 0.613227
1 0.751893 0.521838 0.779977 0.521838 0.779977 0.531287 0.751893 0.531287
1 0.752124 0.589746 0.779992 0.589746 0.779992 0.599399 0.752124 0.599399
1 0.752191 0.576101 0.779787 0.576101 0.779787 0.585846 0.752191 0.585846
1 0.751932 0.562562 0.779767 0.562562 0.779767 0.572384 0.751932 0.572384
1 0.751856 0.548888 0.779860 0.548888 0.779860 0.558499 0.751856 0.558499
1 0.751664 0.535079 0.779968 0.535079 0.779968 0.544812 0.751664 0.544812
1 0.827086 0.888204 0.837615 0.888204 0.837615 0.918122 0.827086 0.918122
1 0.762773 0.888274 0.773101 0.888274 0.773101 0.917727 0.762773 0.917727
1 0.796847 0.932320 0.806069 0.932320 0.806069 0.972708 0.796847 0.972708
1 0.731985 0.932942 0.737933 0.932942 0.737933 0.971596 0.731985 0.971596
0 0.737933 0.928336 0.796562 0.928336 0.796562 0.976719 0.737933 0.976719
1 0.242392 0.466790 0.270405 0.466790 0.270405 0.476269 0.242392 0.476269
1 0.242525 0.480426 0.270399 0.480426 0.270399 0.489979 0.242525 0.489979
1 0.242451 0.493824 0.270424 0.493824 0.270424 0.503682 0.242451 0.503682
1 0.242649 0.507668 0.270390 0.507668 0.270390 0.517130 0.242649 0.517130
1 0.242486 0.521413 0.270538 0.521413 0.270538 0.530814 0.242486 0.530814
1 0.242163 0.534806 0.270802 0.534806 0.270802 0.544456 0.242163 0.544456
1 0.242472 0.548484 0.270454 0.548484 0.270454 0.558120 0.242472 0.558120
1 0.242407 0.562102 0.270468 0.562102 0.270468 0.571895 0.242407 0.571895
1 0.242121 0.575633 0.270602 0.575633 0.270602 0.585492 0.242121 0.585492
1 0.242284 0.589344 0.270373 0.589344 0.270373 0.598951 0.242284 0.598951
1 0.241898 0.602988 0.270623 0.602988 0.270623 0.612694 0.241898 0.612694
