0 0.204007 0.072681 0.539439 0.072681 0.539439 0.406892 0.204007 0.406892
0 0.108623 0.220996 0.133868 0.220996 0.133868 0.233815 0.108623 0.233815
0 0.165982 0.421577 0.191857 0.421577 0.191857 0.435167 0.165982 0.435167
0 0.472080 0.462641 0.498232 0.462641 0.498232 0.476369 0.472080 0.476369
0 0.381443 0.463991 0.394991 0.463991 0.394991 0.489705 0.381443 0.489705
0 0.441771 0.464206 0.454188 0.464206 0.454188 0.489860 0.441771 0.489860
0 0.195025 0.004840 0.221096 0.004840 0.221096 0.018777 0.195025 0.018777
0 0.238020 0.485572 0.264188 0.485572 0.264188 0.499482 0.238020 0.499482
0 0.117414 0.272799 0.130355 0.272799 0.130355 0.298014 0.117414 0.298014
0 0.411611 0.464062 0.425403 0.464062 0.425403 0.489939 0.411611 0.489939
0 0.106469 0.110982 0.132744 0.110982 0.132744 0.124694 0.106469 0.124694
0 0.196947 0.464509 0.222970 0.464509 0.222970 0.478007 0.196947 0.478007
0 0.340369 0.486025 0.365656 0.486025 0.365656 0.498923 0.340369 0.498923
0 0.310167 0.479689 0.323341 0.479689 0.323341 0.504792 0.310167 0.504792
0 0.117159 0.332918 0.129885 0.332918 0.129885 0.357781 0.117159 0.357781
0 0.140639 0.296052 0.155122 0.296052 0.155122 0.323358 0.140639 0.323358
0 0.106096 0.168214 0.132187 0.168214 0.132187 0.182328 0.106096 0.182328
0 0.158650 0.050138 0.184567 0.050138 0.184567 0.063889 0.158650 0.063889
0 0.513325 0.463877 0.526548 0.463877 0.526548 0.489824 0.513325 0.489824
0 0.340001 0.463542 0.365375 0.463542 0.365375 0.476389 0.340001 0.476389
0 0.106983 0.144803 0.132920 0.144803 0.132920 0.159080 0.106983 0.159080
0 0.238610 0.464909 0.263804 0.464909 0.263804 0.478368 0.238610 0.478368
0 0.276362 0.478864 0.289357 0.478864 0.289357 0.503867 0.276362 0.503867
0 0.054889 0.273427 0.107135 0.273427 0.107135 0.355964 0.054889 0.355964
0 0.508665 0.003639 0.534353 0.003639 0.534353 0.017504 0.508665 0.017504
0 0.381657 0.515094 0.395175 0.515094 0.395175 0.540864 0.381657 0.540864
0 0.441722 0.515081 0.454360 0.515081 0.454360 0.540494 0.441722 0.540494
0 0.467219 0.515179 0.481577 0.515179 0.481577 0.541020 0.467219 0.541020
0 0.411833 0.514722 0.424600 0.514722 0.424600 0.540282 0.411833 0.540282
0 0.513002 0.514217 0.525948 0.514217 0.525948 0.540169 0.513002 0.540169
0 0.426011 0.772284 0.439805 0.772284 0.439805 0.798077 0.426011 0.798077
0 0.219404 0.586971 0.233339 0.586971 0.233339 0.612810 0.219404 0.612810
0 0.497341 0.810921 0.524893 0.810921 0.524893 0.825293 0.497341 0.825293
0 0.468019 0.727091 0.493844 0.727091 0.493844 0.740671 0.468019 0.740671
0 0.398879 0.772848 0.411559 0.772848 0.411559 0.797717 0.398879 0.797717
0 0.243383 0.587151 0.257517 0.587151 0.257517 0.613028 0.243383 0.613028
0 0.163743 0.956862 0.182586 0.956862 0.182586 0.986922 0.163743 0.986922
0 0.478778 0.646981 0.492887 0.646981 0.492887 0.674202 0.478778 0.674202
0 0.370575 0.772903 0.384691 0.772903 0.384691 0.798970 0.370575 0.798970
0 0.441170 0.581938 0.455541 0.581938 0.455541 0.607667 0.441170 0.607667
0 0.502573 0.646775 0.516801 0.646775 0.516801 0.674151 0.502573 0.674151
0 0.425181 0.725886 0.452877 0.725886 0.452877 0.739991 0.425181 0.739991
0 0.411569 0.581593 0.425812 0.581593 0.425812 0.607413 0.411569 0.607413
0 0.220415 0.671594 0.234635 0.671594 0.234635 0.697184 0.220415 0.697184
0 0.243424 0.671590 0.257710 0.671590 0.257710 0.697439 0.243424 0.697439
0 0.491449 0.780700 0.525386 0.780700 0.525386 0.802309 0.491449 0.802309
0 0.280061 0.674989 0.312080 0.674989 0.312080 0.693900 0.280061 0.693900
0 0.281562 0.590540 0.312480 0.590540 0.312480 0.610051 0.281562 0.610051
0 0.408445 0.644631 0.428406 0.644631 0.428406 0.670130 0.408445 0.670130
0 0.438675 0.644400 0.457713 0.644400 0.457713 0.670130 0.438675 0.670130
0 0.604860 0.237540 0.630212 0.237540 0.630212 0.250673 0.604860 0.250673
0 0.902514 0.170327 0.928414 0.170327 0.928414 0.183723 0.902514 0.183723
0 0.594959 0.322964 0.620493 0.322964 0.620493 0.335995 0.594959 0.335995
0 0.549855 0.047118 0.575689 0.047118 0.575689 0.060846 0.549855 0.060846
0 0.594533 0.355138 0.620401 0.355138 0.620401 0.368554 0.594533 0.368554
0 0.857846 0.170502 0.883979 0.170502 0.883979 0.183987 0.857846 0.183987
0 0.645774 0.323034 0.671644 0.323034 0.671644 0.336187 0.645774 0.336187
0 0.594725 0.380441 0.620203 0.380441 0.620203 0.393204 0.594725 0.393204
0 0.629517 0.002745 0.655414 0.002745 0.655414 0.016326 0.629517 0.016326
0 0.547980 0.420426 0.573842 0.420426 0.573842 0.434232 0.547980 0.434232
0 0.606296 0.498536 0.632437 0.498536 0.632437 0.512744 0.606296 0.512744
0 0.594480 0.293309 0.620029 0.293309 0.620029 0.305826 0.594480 0.305826
0 0.939192 0.430724 0.952954 0.430724 0.952954 0.456655 0.939192 0.456655
0 0.972209 0.011489 0.984115 0.011489 0.984115 0.035757 0.972209 0.035757
0 0.645737 0.292877 0.671380 0.292877 0.671380 0.306070 0.645737 0.306070
0 0.939095 0.256192 0.952712 0.256192 0.952712 0.281962 0.939095 0.281962
0 0.805481 0.073527 0.819912 0.073527 0.819912 0.100353 0.805481 0.100353
0 0.939232 0.339100 0.953347 0.339100 0.953347 0.365176 0.939232 0.365176
0 0.804778 0.113816 0.819414 0.113816 0.819414 0.141335 0.804778 0.141335
0 0.606204 0.522119 0.632332 0.522119 0.632332 0.537065 0.606204 0.537065
0 0.553420 0.810571 0.580968 0.810571 0.580968 0.824864 0.553420 0.824864
0 0.939641 0.537816 0.953555 0.537816 0.953555 0.563761 0.939641 0.563761
0 0.551855 0.780181 0.586110 0.780181 0.586110 0.801810 0.551855 0.801810
1 0.153695 0.048065 0.158833 0.048065 0.158833 0.064522 0.153695 0.064522
1 0.184612 0.048407 0.189329 0.048407 0.189329 0.064135 0.184612 0.064135
1 0.103233 0.219209 0.108199 0.219209 0.108199 0.235272 0.103233 0.235272
1 0.132851 0.109708 0.137188 0.109708 0.137188 0.125912 0.132851 0.125912
1 0.133015 0.143518 0.136876 0.143518 0.136876 0.159771 0.133015 0.159771
1 0.132493 0.166852 0.137233 0.166852 0.137233 0.183539 0.132493 0.183539
1 0.133819 0.219379 0.138442 0.219379 0.138442 0.234737 0.133819 0.234737
1 0.227635 0.042103 0.233192 0.042103 0.233192 0.070322 0.227635 0.070322
1 0.236165 0.042105 0.241725 0.042105 0.241725 0.070299 0.236165 0.070299
1 0.219108 0.040942 0.224617 0.040942 0.224617 0.070431 0.219108 0.070431
1 0.171169 0.096401 0.200419 0.096401 0.200419 0.102473 0.171169 0.102473
1 0.189498 0.003100 0.195199 0.003100 0.195199 0.019237 0.189498 0.019237
1 0.102370 0.110074 0.106533 0.110074 0.106533 0.125665 0.102370 0.125665
1 0.220957 0.002829 0.225545 0.002829 0.225545 0.019074 0.220957 0.019074
1 0.171689 0.215879 0.201015 0.215879 0.201015 0.221996 0.171689 0.221996
1 0.171630 0.207379 0.201012 0.207379 0.201012 0.213479 0.171630 0.213479
1 0.170877 0.198858 0.201100 0.198858 0.201100 0.204856 0.170877 0.204856
1 0.170771 0.190214 0.201097 0.190214 0.201097 0.196273 0.170771 0.196273
1 0.170701 0.156180 0.200911 0.156180 0.200911 0.162189 0.170701 0.162189
1 0.171741 0.250050 0.201004 0.250050 0.201004 0.256156 0.171741 0.256156
1 0.170828 0.164745 0.200922 0.164745 0.200922 0.170670 0.170828 0.170670
1 0.171668 0.224397 0.201140 0.224397 0.201140 0.230559 0.171668 0.230559
1 0.171727 0.181788 0.200913 0.181788 0.200913 0.187713 0.171727 0.187713
1 0.171775 0.173316 0.200867 0.173316 0.200867 0.179198 0.171775 0.179198
1 0.171514 0.147672 0.200849 0.147672 0.200849 0.153563 0.171514 0.153563
1 0.170895 0.139023 0.200880 0.139023 0.200880 0.145043 0.170895 0.145043
1 0.102104 0.167265 0.106139 0.167265 0.106139 0.183039 0.102104 0.183039
1 0.171461 0.130582 0.200801 0.130582 0.200801 0.136550 0.171461 0.136550
1 0.102247 0.143816 0.106815 0.143816 0.106815 0.160154 0.102247 0.160154
1 0.171606 0.232892 0.201210 0.232892 0.201210 0.239069 0.171606 0.239069
1 0.172101 0.105068 0.200416 0.105068 0.200416 0.111048 0.172101 0.111048
1 0.253119 0.041520 0.258905 0.041520 0.258905 0.070926 0.253119 0.070926
1 0.170936 0.121970 0.200813 0.121970 0.200813 0.128057 0.170936 0.128057
1 0.171182 0.241434 0.201098 0.241434 0.201098 0.247841 0.171182 0.247841
1 0.244610 0.041101 0.250349 0.041101 0.250349 0.070728 0.244610 0.070728
1 0.171735 0.113507 0.200730 0.113507 0.200730 0.119640 0.171735 0.119640
1 0.171943 0.258624 0.200955 0.258624 0.200955 0.264712 0.171943 0.264712
1 0.161027 0.420012 0.165883 0.420012 0.165883 0.435972 0.161027 0.435972
1 0.115359 0.267602 0.130897 0.267602 0.130897 0.272792 0.115359 0.272792
1 0.223118 0.462407 0.226745 0.462407 0.226745 0.478246 0.223118 0.478246
1 0.059344 0.262354 0.099795 0.262354 0.099795 0.273114 0.059344 0.273114
1 0.059357 0.356500 0.099688 0.356500 0.099688 0.368497 0.059357 0.368497
1 0.115268 0.357877 0.131117 0.357877 0.131117 0.362737 0.115268 0.362737
1 0.244040 0.409968 0.249746 0.409968 0.249746 0.438159 0.244040 0.438159
1 0.172314 0.301416 0.200714 0.301416 0.200714 0.307433 0.172314 0.307433
1 0.233936 0.462516 0.238513 0.462516 0.238513 0.478128 0.233936 0.478128
1 0.171686 0.378167 0.201473 0.378167 0.201473 0.384117 0.171686 0.384117
1 0.139746 0.291840 0.155960 0.291840 0.155960 0.296353 0.139746 0.296353
1 0.171124 0.335526 0.201283 0.335526 0.201283 0.341552 0.171124 0.341552
1 0.170807 0.386813 0.201660 0.386813 0.201660 0.392639 0.170807 0.392639
1 0.171796 0.344101 0.201273 0.344101 0.201273 0.350027 0.171796 0.350027
1 0.171846 0.361121 0.201269 0.361121 0.201269 0.367190 0.171846 0.367190
1 0.171877 0.352649 0.201295 0.352649 0.201295 0.358580 0.171877 0.358580
1 0.171851 0.369694 0.201285 0.369694 0.201285 0.375711 0.171851 0.375711
1 0.192001 0.419812 0.196820 0.419812 0.196820 0.435838 0.192001 0.435838
1 0.191293 0.462518 0.196449 0.462518 0.196449 0.478582 0.191293 0.478582
1 0.235526 0.410131 0.241248 0.410131 0.241248 0.438503 0.235526 0.438503
1 0.172275 0.292880 0.200837 0.292880 0.200837 0.298918 0.172275 0.298918
1 0.115321 0.298192 0.131614 0.298192 0.131614 0.302521 0.115321 0.302521
1 0.115118 0.328347 0.131275 0.328347 0.131275 0.332708 0.115118 0.332708
1 0.170897 0.326956 0.201265 0.326956 0.201265 0.333016 0.170897 0.333016
1 0.252500 0.410039 0.258257 0.410039 0.258257 0.438278 0.252500 0.438278
1 0.172146 0.309937 0.200629 0.309937 0.200629 0.315887 0.172146 0.315887
1 0.218114 0.410231 0.223986 0.410231 0.223986 0.438781 0.218114 0.438781
1 0.232825 0.484586 0.238176 0.484586 0.238176 0.500578 0.232825 0.500578
1 0.172279 0.284395 0.200914 0.284395 0.200914 0.290424 0.172279 0.290424
1 0.140121 0.323345 0.155951 0.323345 0.155951 0.327007 0.140121 0.327007
1 0.226938 0.410056 0.232685 0.410056 0.232685 0.438606 0.226938 0.438606
1 0.172218 0.275802 0.200832 0.275802 0.200832 0.281880 0.172218 0.281880
1 0.170963 0.318333 0.201178 0.318333 0.201178 0.324490 0.170963 0.324490
1 0.172077 0.267196 0.200636 0.267196 0.200636 0.273226 0.172077 0.273226
1 0.260708 0.409692 0.266945 0.409692 0.266945 0.438619 0.260708 0.438619
1 0.219219 0.696846 0.235503 0.696846 0.235503 0.701024 0.219219 0.701024
1 0.242404 0.697330 0.258396 0.697330 0.258396 0.701901 0.242404 0.701901
1 0.242542 0.612981 0.258204 0.612981 0.258204 0.617297 0.242542 0.617297
1 0.218565 0.582635 0.234609 0.582635 0.234609 0.586780 0.218565 0.586780
1 0.218680 0.667215 0.235449 0.667215 0.235449 0.671451 0.218680 0.671451
1 0.218364 0.613054 0.235183 0.613054 0.235183 0.617199 0.218364 0.617199
1 0.242648 0.667319 0.258318 0.667319 0.258318 0.671499 0.242648 0.671499
1 0.242061 0.582634 0.258663 0.582634 0.258663 0.587177 0.242061 0.587177
1 0.161142 0.987101 0.184331 0.987101 0.184331 0.997721 0.161142 0.997721
1 0.159936 0.944674 0.184997 0.944674 0.184997 0.956593 0.159936 0.956593
1 0.466621 0.041624 0.472470 0.041624 0.472470 0.070396 0.466621 0.070396
1 0.270221 0.041766 0.276008 0.041766 0.276008 0.070617 0.270221 0.070617
1 0.458152 0.041816 0.463999 0.041816 0.463999 0.070465 0.458152 0.070465
1 0.261607 0.041103 0.267479 0.041103 0.267479 0.070689 0.261607 0.070689
1 0.475181 0.041093 0.480992 0.041093 0.480992 0.070311 0.475181 0.070311
1 0.287278 0.041269 0.293086 0.041269 0.293086 0.070528 0.287278 0.070528
1 0.304308 0.041248 0.310136 0.041248 0.310136 0.070450 0.304308 0.070450
1 0.278815 0.041751 0.284553 0.041751 0.284553 0.070579 0.278815 0.070579
1 0.295855 0.041633 0.301626 0.041633 0.301626 0.070467 0.295855 0.070467
1 0.312923 0.041822 0.318671 0.041822 0.318671 0.070461 0.312923 0.070461
1 0.321502 0.041804 0.327208 0.041804 0.327208 0.070465 0.321502 0.070465
1 0.330033 0.041064 0.335803 0.041064 0.335803 0.070475 0.330033 0.070475
1 0.424020 0.041258 0.429888 0.041258 0.429888 0.070025 0.424020 0.070025
1 0.432652 0.041993 0.438383 0.041993 0.438383 0.070100 0.432652 0.070100
1 0.483704 0.041683 0.489555 0.041683 0.489555 0.070265 0.483704 0.070265
1 0.372835 0.041680 0.378411 0.041680 0.378411 0.070312 0.372835 0.070312
1 0.338604 0.041002 0.344385 0.041002 0.344385 0.070441 0.338604 0.070441
1 0.381191 0.041214 0.387006 0.041214 0.387006 0.070316 0.381191 0.070316
1 0.347178 0.041148 0.352880 0.041148 0.352880 0.070723 0.347178 0.070723
1 0.415462 0.041641 0.421328 0.041641 0.421328 0.070034 0.415462 0.070034
1 0.449612 0.041907 0.455516 0.041907 0.455516 0.070481 0.449612 0.070481
1 0.389802 0.041970 0.395618 0.041970 0.395618 0.070293 0.389802 0.070293
1 0.355553 0.040732 0.361463 0.040732 0.361463 0.070809 0.355553 0.070809
1 0.492318 0.041800 0.498100 0.041800 0.498100 0.070313 0.492318 0.070313
1 0.441115 0.042168 0.446898 0.042168 0.446898 0.070190 0.441115 0.070190
1 0.398362 0.042090 0.404176 0.042090 0.404176 0.070236 0.398362 0.070236
1 0.406940 0.041315 0.412757 0.041315 0.412757 0.070187 0.406940 0.070187
1 0.364212 0.040725 0.370090 0.040725 0.370090 0.070739 0.364212 0.070739
1 0.500888 0.041576 0.506682 0.041576 0.506682 0.070271 0.500888 0.070271
1 0.504092 0.001943 0.508858 0.001943 0.508858 0.018277 0.504092 0.018277
1 0.334987 0.461641 0.339993 0.461641 0.339993 0.477200 0.334987 0.477200
1 0.308481 0.474205 0.324341 0.474205 0.324341 0.479497 0.308481 0.479497
1 0.365560 0.461447 0.369732 0.461447 0.369732 0.477063 0.365560 0.477063
1 0.389403 0.409904 0.395275 0.409904 0.395275 0.438183 0.389403 0.438183
1 0.275338 0.473946 0.291017 0.473946 0.291017 0.478764 0.275338 0.478764
1 0.397885 0.409855 0.403765 0.409855 0.403765 0.438132 0.397885 0.438132
1 0.337987 0.409913 0.343925 0.409913 0.343925 0.438117 0.337987 0.438117
1 0.329470 0.409965 0.335378 0.409965 0.335378 0.438098 0.329470 0.438098
1 0.346580 0.409833 0.352467 0.409833 0.352467 0.438066 0.346580 0.438066
1 0.320932 0.409979 0.326864 0.409979 0.326864 0.438169 0.320932 0.438169
1 0.263899 0.462252 0.267695 0.462252 0.267695 0.478405 0.263899 0.478405
1 0.312354 0.409917 0.318270 0.409917 0.318270 0.438457 0.312354 0.438457
1 0.355120 0.409826 0.361043 0.409826 0.361043 0.438003 0.355120 0.438003
1 0.269658 0.409878 0.275458 0.409878 0.275458 0.438259 0.269658 0.438259
1 0.278165 0.409826 0.283952 0.409826 0.283952 0.438217 0.278165 0.438217
1 0.334594 0.483860 0.340386 0.483860 0.340386 0.499347 0.334594 0.499347
1 0.303840 0.409866 0.309688 0.409866 0.309688 0.438537 0.303840 0.438537
1 0.406434 0.409794 0.412292 0.409794 0.412292 0.438373 0.406434 0.438373
1 0.286711 0.409802 0.292515 0.409802 0.292515 0.438412 0.286711 0.438412
1 0.295257 0.409846 0.301091 0.409846 0.301091 0.438366 0.295257 0.438366
1 0.380250 0.459403 0.396145 0.459403 0.396145 0.463987 0.380250 0.463987
1 0.440383 0.459391 0.456034 0.459391 0.456034 0.463958 0.440383 0.463958
1 0.363662 0.409883 0.369597 0.409883 0.369597 0.437990 0.363662 0.437990
1 0.432103 0.409687 0.437988 0.409687 0.437988 0.438235 0.432103 0.438235
1 0.365525 0.484096 0.370096 0.484096 0.370096 0.499367 0.365525 0.499367
1 0.440277 0.489868 0.456123 0.489868 0.456123 0.494314 0.440277 0.494314
1 0.467720 0.461309 0.472165 0.461309 0.472165 0.476983 0.467720 0.476983
1 0.414855 0.409830 0.420807 0.409830 0.420807 0.438325 0.414855 0.438325
1 0.410549 0.459283 0.426132 0.459283 0.426132 0.464106 0.410549 0.464106
1 0.440683 0.409673 0.446554 0.409673 0.446554 0.438426 0.440683 0.438426
1 0.483310 0.409363 0.489179 0.409363 0.489179 0.438417 0.483310 0.438417
1 0.372246 0.409627 0.378117 0.409627 0.378117 0.438398 0.372246 0.438398
1 0.423534 0.409813 0.429485 0.409813 0.429485 0.438177 0.423534 0.438177
1 0.474760 0.409416 0.480635 0.409416 0.480635 0.438592 0.474760 0.438592
1 0.380842 0.409911 0.386717 0.409911 0.386717 0.438349 0.380842 0.438349
1 0.491923 0.409389 0.497732 0.409389 0.497732 0.438163 0.491923 0.438163
1 0.263976 0.484445 0.267715 0.484445 0.267715 0.500415 0.263976 0.500415
1 0.410558 0.489932 0.426339 0.489932 0.426339 0.494363 0.410558 0.494363
1 0.466240 0.409442 0.472144 0.409442 0.472144 0.438605 0.466240 0.438605
1 0.500412 0.409331 0.506336 0.409331 0.506336 0.438144 0.500412 0.438144
1 0.449191 0.409587 0.455006 0.409587 0.455006 0.438253 0.449191 0.438253
1 0.275305 0.503805 0.290795 0.503805 0.290795 0.508456 0.275305 0.508456
1 0.308542 0.504675 0.323990 0.504675 0.323990 0.508864 0.308542 0.508864
1 0.498221 0.461164 0.502372 0.461164 0.502372 0.476983 0.498221 0.476983
1 0.380432 0.489701 0.396148 0.489701 0.396148 0.494242 0.380432 0.494242
1 0.457638 0.409311 0.463651 0.409311 0.463651 0.438589 0.457638 0.438589
1 0.301374 0.610452 0.320685 0.610452 0.320685 0.631864 0.301374 0.631864
1 0.301073 0.694958 0.321186 0.694958 0.321186 0.717080 0.301073 0.717080
1 0.284590 0.652299 0.305676 0.652299 0.305676 0.674689 0.284590 0.674689
1 0.285078 0.567948 0.304532 0.567948 0.304532 0.590309 0.285078 0.590309
1 0.267496 0.693706 0.289758 0.693706 0.289758 0.717233 0.267496 0.717233
1 0.440454 0.540707 0.456042 0.540707 0.456042 0.545272 0.440454 0.545272
1 0.443795 0.625443 0.453032 0.625443 0.453032 0.644012 0.443795 0.644012
1 0.442641 0.670439 0.454009 0.670439 0.454009 0.688637 0.442641 0.688637
1 0.453194 0.724996 0.456986 0.724996 0.456986 0.740712 0.453194 0.740712
1 0.380370 0.510157 0.396377 0.510157 0.396377 0.514976 0.380370 0.514976
1 0.380561 0.540937 0.396509 0.540937 0.396509 0.545465 0.380561 0.545465
1 0.413060 0.670477 0.423777 0.670477 0.423777 0.688765 0.413060 0.688765
1 0.413904 0.625604 0.422637 0.625604 0.422637 0.644170 0.413904 0.644170
1 0.440278 0.510284 0.456114 0.510284 0.456114 0.514996 0.440278 0.514996
1 0.493977 0.724937 0.499146 0.724937 0.499146 0.740855 0.493977 0.740855
1 0.410546 0.540632 0.426280 0.540632 0.426280 0.545155 0.410546 0.545155
1 0.463049 0.724878 0.467978 0.724878 0.467978 0.740734 0.463049 0.740734
1 0.421091 0.724964 0.425437 0.724964 0.425437 0.740878 0.421091 0.740878
1 0.410249 0.509965 0.426228 0.509965 0.426228 0.514710 0.410249 0.514710
1 0.477543 0.674229 0.493861 0.674229 0.493861 0.678087 0.477543 0.678087
1 0.466548 0.541046 0.482458 0.541046 0.482458 0.545526 0.466548 0.545526
1 0.477524 0.642484 0.493979 0.642484 0.493979 0.646880 0.477524 0.646880
1 0.440259 0.608008 0.456539 0.608008 0.456539 0.611843 0.440259 0.611843
1 0.440116 0.577283 0.456203 0.577283 0.456203 0.581784 0.440116 0.581784
1 0.466479 0.510214 0.482797 0.510214 0.482797 0.515065 0.466479 0.515065
1 0.410241 0.577114 0.426687 0.577114 0.426687 0.581508 0.410241 0.581508
1 0.410095 0.607710 0.426556 0.607710 0.426556 0.611528 0.410095 0.611528
1 0.501233 0.673973 0.517989 0.673973 0.517989 0.677893 0.501233 0.677893
1 0.502027 0.642255 0.517701 0.642255 0.517701 0.646594 0.502027 0.646594
1 0.267154 0.610151 0.289525 0.610151 0.289525 0.632694 0.267154 0.632694
1 0.481864 0.778300 0.491247 0.778300 0.491247 0.803880 0.481864 0.803880
1 0.397599 0.797751 0.412916 0.797751 0.412916 0.802559 0.397599 0.802559
1 0.424591 0.798126 0.441192 0.798126 0.441192 0.802453 0.424591 0.802453
1 0.425087 0.767938 0.440578 0.767938 0.440578 0.771793 0.425087 0.771793
1 0.493075 0.809463 0.497422 0.809463 0.497422 0.826367 0.493075 0.826367
1 0.369667 0.799244 0.386097 0.799244 0.386097 0.803224 0.369667 0.803224
1 0.397670 0.768194 0.412589 0.768194 0.412589 0.772455 0.397670 0.772455
1 0.369987 0.768271 0.385321 0.768271 0.385321 0.772767 0.369987 0.772767
1 0.540588 0.104530 0.568250 0.104530 0.568250 0.110439 0.540588 0.110439
1 0.599487 0.235767 0.604745 0.235767 0.604745 0.251698 0.599487 0.251698
1 0.575546 0.045094 0.580075 0.045094 0.580075 0.061413 0.575546 0.061413
1 0.517928 0.040364 0.523590 0.040364 0.523590 0.070308 0.517928 0.070308
1 0.540264 0.095990 0.569294 0.095990 0.569294 0.102085 0.540264 0.102085
1 0.509423 0.040504 0.515147 0.040504 0.515147 0.070255 0.509423 0.070255
1 0.630044 0.235430 0.634251 0.235430 0.634251 0.251502 0.630044 0.251502
1 0.540499 0.164332 0.568678 0.164332 0.568678 0.170110 0.540499 0.170110
1 0.540312 0.113054 0.568889 0.113054 0.568889 0.118994 0.540312 0.118994
1 0.540463 0.147167 0.569254 0.147167 0.569254 0.153084 0.540463 0.153084
1 0.540474 0.172799 0.569428 0.172799 0.569428 0.178650 0.540474 0.178650
1 0.540456 0.198438 0.568821 0.198438 0.568821 0.204265 0.540456 0.204265
1 0.540535 0.155748 0.569294 0.155748 0.569294 0.161618 0.540535 0.161618
1 0.540529 0.181346 0.569496 0.181346 0.569496 0.187235 0.540529 0.187235
1 0.540374 0.138670 0.568578 0.138670 0.568578 0.144586 0.540374 0.144586
1 0.540547 0.189903 0.569288 0.189903 0.569288 0.195731 0.540547 0.195731
1 0.540572 0.223979 0.568751 0.223979 0.568751 0.230004 0.540572 0.230004
1 0.534537 0.001831 0.539712 0.001831 0.539712 0.017786 0.534537 0.017786
1 0.540506 0.206882 0.569520 0.206882 0.569520 0.212829 0.540506 0.212829
1 0.544426 0.045593 0.549846 0.045593 0.549846 0.061566 0.544426 0.061566
1 0.540438 0.215463 0.569464 0.215463 0.569464 0.221413 0.540438 0.221413
1 0.540511 0.232482 0.568906 0.232482 0.568906 0.238548 0.540511 0.238548
1 0.655261 0.001018 0.660569 0.001018 0.660569 0.016930 0.655261 0.016930
1 0.540227 0.130099 0.569162 0.130099 0.569162 0.136125 0.540227 0.136125
1 0.623596 0.001043 0.629467 0.001043 0.629467 0.017034 0.623596 0.017034
1 0.540536 0.240990 0.569491 0.240990 0.569491 0.247245 0.540536 0.247245
1 0.540608 0.121670 0.568156 0.121670 0.568156 0.127487 0.540608 0.127487
1 0.540591 0.249578 0.569344 0.249578 0.569344 0.255709 0.540591 0.255709
1 0.540595 0.258204 0.568498 0.258204 0.568498 0.264173 0.540595 0.264173
1 0.640642 0.291367 0.645556 0.291367 0.645556 0.307111 0.640642 0.307111
1 0.620182 0.377850 0.624255 0.377850 0.624255 0.394037 0.620182 0.394037
1 0.619860 0.291568 0.624743 0.291568 0.624743 0.307263 0.619860 0.307263
1 0.512186 0.458674 0.527528 0.458674 0.527528 0.463682 0.512186 0.463682
1 0.620302 0.353032 0.625134 0.353032 0.625134 0.369110 0.620302 0.369110
1 0.541248 0.309487 0.569202 0.309487 0.569202 0.315410 0.541248 0.315410
1 0.671481 0.320846 0.675947 0.320846 0.675947 0.337141 0.671481 0.337141
1 0.671376 0.291018 0.675847 0.291018 0.675847 0.307125 0.671376 0.307125
1 0.541274 0.318050 0.569143 0.318050 0.569143 0.323925 0.541274 0.323925
1 0.589693 0.378464 0.594622 0.378464 0.594622 0.394231 0.589693 0.394231
1 0.541187 0.300925 0.569331 0.300925 0.569331 0.306894 0.541187 0.306894
1 0.640507 0.321189 0.645617 0.321189 0.645617 0.337187 0.640507 0.337187
1 0.573701 0.418469 0.578206 0.418469 0.578206 0.434808 0.573701 0.434808
1 0.589628 0.321340 0.594621 0.321340 0.594621 0.337200 0.589628 0.337200
1 0.540997 0.386437 0.569490 0.386437 0.569490 0.392223 0.540997 0.392223
1 0.540967 0.352140 0.568680 0.352140 0.568680 0.358022 0.540967 0.358022
1 0.540832 0.377719 0.569397 0.377719 0.569397 0.383643 0.540832 0.383643
1 0.540993 0.343598 0.568521 0.343598 0.568521 0.349493 0.540993 0.349493
1 0.540882 0.360622 0.569065 0.360622 0.569065 0.366585 0.540882 0.366585
1 0.540862 0.369229 0.568895 0.369229 0.568895 0.375106 0.540862 0.375106
1 0.589541 0.353011 0.594282 0.353011 0.594282 0.369389 0.589541 0.369389
1 0.542792 0.418567 0.547928 0.418567 0.547928 0.434854 0.542792 0.434854
1 0.541079 0.292414 0.569297 0.292414 0.569297 0.298373 0.541079 0.298373
1 0.589945 0.291188 0.594546 0.291188 0.594546 0.306850 0.589945 0.306850
1 0.540994 0.335073 0.568626 0.335073 0.568626 0.340992 0.540994 0.340992
1 0.541221 0.326638 0.568974 0.326638 0.568974 0.332479 0.541221 0.332479
1 0.512216 0.489808 0.527798 0.489808 0.527798 0.494202 0.512216 0.494202
1 0.601861 0.497307 0.606134 0.497307 0.606134 0.513375 0.601861 0.513375
1 0.620636 0.321310 0.625102 0.321310 0.625102 0.337017 0.620636 0.337017
1 0.540926 0.275241 0.568377 0.275241 0.568377 0.281169 0.540926 0.281169
1 0.540943 0.283797 0.569086 0.283797 0.569086 0.289835 0.540943 0.289835
1 0.632427 0.497171 0.637585 0.497171 0.637585 0.513101 0.632427 0.513101
1 0.517600 0.409354 0.523338 0.409354 0.523338 0.438441 0.517600 0.438441
1 0.540783 0.266725 0.568310 0.266725 0.568310 0.272675 0.540783 0.272675
1 0.509032 0.409338 0.514869 0.409338 0.514869 0.438090 0.509032 0.438090
1 0.511887 0.540425 0.527553 0.540425 0.527553 0.545025 0.511887 0.545025
1 0.512143 0.509828 0.527522 0.509828 0.527522 0.514270 0.512143 0.514270
1 0.632283 0.521467 0.636031 0.521467 0.636031 0.537854 0.632283 0.537854
1 0.602393 0.522194 0.606035 0.522194 0.606035 0.537906 0.602393 0.537906
1 0.525272 0.780052 0.533392 0.780052 0.533392 0.803211 0.525272 0.803211
1 0.586313 0.778238 0.596170 0.778238 0.596170 0.803932 0.586313 0.803932
1 0.544653 0.780191 0.552256 0.780191 0.552256 0.803075 0.544653 0.803075
1 0.580858 0.809647 0.584929 0.809647 0.584929 0.825346 0.580858 0.825346
1 0.524746 0.809903 0.528706 0.809903 0.528706 0.826015 0.524746 0.826015
1 0.549753 0.809940 0.553527 0.809940 0.553527 0.826020 0.549753 0.826020
1 0.938305 0.251157 0.953813 0.251157 0.953813 0.255772 0.938305 0.255772
1 0.854434 0.169220 0.858024 0.169220 0.858024 0.184516 0.854434 0.184516
1 0.805314 0.068865 0.820961 0.068865 0.820961 0.073203 0.805314 0.073203
1 0.898339 0.168731 0.902365 0.168731 0.902365 0.184123 0.898339 0.184123
1 0.803621 0.100604 0.820682 0.100604 0.820682 0.104024 0.803621 0.104024
1 0.928466 0.168926 0.931843 0.168926 0.931843 0.184357 0.928466 0.184357
1 0.803784 0.141763 0.820017 0.141763 0.820017 0.145541 0.803784 0.145541
1 0.970137 0.035950 0.986371 0.035950 0.986371 0.040811 0.970137 0.040811
1 0.803929 0.110056 0.820192 0.110056 0.820192 0.113544 0.803929 0.113544
1 0.970596 0.005488 0.986063 0.005488 0.986063 0.011220 0.970596 0.011220
1 0.883995 0.168485 0.887634 0.168485 0.887634 0.183972 0.883995 0.183972
1 0.938614 0.425481 0.953904 0.425481 0.953904 0.430088 0.938614 0.430088
1 0.938224 0.365710 0.954287 0.365710 0.954287 0.370472 0.938224 0.370472
1 0.938409 0.282056 0.954147 0.282056 0.954147 0.286716 0.938409 0.286716
1 0.938395 0.334510 0.954496 0.334510 0.954496 0.338729 0.938395 0.338729
1 0.937980 0.456622 0.954327 0.456622 0.954327 0.460725 0.937980 0.460725
1 0.938819 0.563868 0.954552 0.563868 0.954552 0.568696 0.938819 0.568696
1 0.938597 0.533003 0.954410 0.533003 0.954410 0.537330 0.938597 0.537330
1 0.292316 0.005387 0.306717 0.005387 0.306717 0.009674 0.292316 0.009674
1 0.315952 0.005167 0.331123 0.005167 0.331123 0.008905 0.315952 0.008905
1 0.355089 0.009125 0.369710 0.009125 0.369710 0.013082 0.355089 0.013082
1 0.388069 0.016600 0.401701 0.016600 0.401701 0.023306 0.388069 0.023306
1 0.413684 0.016490 0.428085 0.016490 0.428085 0.022976 0.413684 0.022976
1 0.438919 0.016503 0.453924 0.016503 0.453924 0.023323 0.438919 0.023323
0 0.864669 0.066520 0.924690 0.066520 0.924690 0.148972 0.864669 0.148972
1 0.926205 0.070006 0.957580 0.070006 0.957580 0.081373 0.926205 0.081373
1 0.925447 0.091073 0.956822 0.091073 0.956822 0.102441 0.925447 0.102441
1 0.925296 0.112747 0.956670 0.112747 0.956670 0.124115 0.925296 0.124115
1 0.925751 0.134725 0.957125 0.134725 0.957125 0.146092 0.925751 0.146092
