0 0.105784 0.825303 0.130947 0.825303 0.130947 0.876598 0.105784 0.876598
0 0.030394 0.556497 0.055559 0.556497 0.055559 0.607618 0.030394 0.607618
0 0.105629 0.556667 0.130857 0.556667 0.130857 0.608226 0.105629 0.608226
0 0.030366 0.825480 0.055631 0.825480 0.055631 0.876998 0.030366 0.876998
0 0.067860 0.826305 0.093206 0.826305 0.093206 0.876684 0.067860 0.876684
0 0.067939 0.555570 0.093040 0.555570 0.093040 0.607015 0.067939 0.607015
0 0.283681 0.692818 0.334946 0.692818 0.334946 0.718302 0.283681 0.718302
0 0.870783 0.674090 0.883852 0.674090 0.883852 0.700125 0.870783 0.700125
0 0.498125 0.926545 0.519463 0.926545 0.519463 0.959924 0.498125 0.959924
0 0.494820 0.499242 0.507740 0.499242 0.507740 0.524879 0.494820 0.524879
0 0.941235 0.938735 0.961038 0.938735 0.961038 0.986603 0.941235 0.986603
0 0.684649 0.892908 0.738106 0.892908 0.738106 0.968193 0.684649 0.968193
1 0.919222 0.951545 0.940736 0.951545 0.940736 0.971886 0.919222 0.971886
0 0.870431 0.501466 0.884218 0.501466 0.884218 0.527495 0.870431 0.527495
1 0.960625 0.933578 0.985250 0.933578 0.985250 0.956176 0.960625 0.956176
0 0.283768 0.806170 0.334829 0.806170 0.334829 0.832100 0.283768 0.832100
0 0.846150 0.469602 0.871242 0.469602 0.871242 0.483057 0.846150 0.483057
0 0.914461 0.673611 0.940765 0.673611 0.940765 0.687915 0.914461 0.687915
0 0.307606 0.318034 0.326242 0.318034 0.326242 0.348244 0.307606 0.348244
1 0.961311 0.968099 0.984156 0.968099 0.984156 0.988229 0.961311 0.988229
0 0.424639 0.856891 0.450810 0.856891 0.450810 0.870608 0.424639 0.870608
0 0.870404 0.634143 0.883294 0.634143 0.883294 0.659912 0.870404 0.659912
0 0.494824 0.378960 0.507728 0.378960 0.507728 0.404880 0.494824 0.404880
1 0.807073 0.498771 0.835225 0.498771 0.835225 0.509131 0.807073 0.509131
1 0.807473 0.607263 0.835172 0.607263 0.835172 0.618438 0.807473 0.618438
1 0.807972 0.541884 0.835408 0.541884 0.835408 0.552776 0.807972 0.552776
1 0.646515 0.957322 0.676253 0.957322 0.676253 0.968811 0.646515 0.968811
1 0.807180 0.564092 0.835127 0.564092 0.835127 0.575104 0.807180 0.575104
1 0.806995 0.585793 0.835147 0.585793 0.835147 0.596538 0.806995 0.596538
0 0.729931 0.855703 0.755477 0.855703 0.755477 0.867841 0.729931 0.867841
1 0.303600 0.348179 0.328538 0.348179 0.328538 0.359193 0.303600 0.359193
1 0.448894 0.418992 0.477287 0.418992 0.477287 0.430797 0.448894 0.430797
1 0.807083 0.629357 0.835174 0.629357 0.835174 0.639884 0.807083 0.639884
1 0.807884 0.520402 0.835238 0.520402 0.835238 0.531223 0.807884 0.531223
1 0.352835 0.517413 0.383464 0.517413 0.383464 0.528884 0.352835 0.528884
1 0.354105 0.418398 0.383932 0.418398 0.383932 0.430965 0.354105 0.430965
1 0.738551 0.914514 0.770697 0.914514 0.770697 0.925422 0.738551 0.925422
1 0.738997 0.957502 0.770848 0.957502 0.770848 0.968326 0.738997 0.968326
1 0.404563 0.821045 0.432479 0.821045 0.432479 0.831885 0.404563 0.831885
1 0.807187 0.650582 0.835014 0.650582 0.835014 0.661605 0.807187 0.661605
1 0.352507 0.562049 0.383755 0.562049 0.383755 0.572273 0.352507 0.572273
1 0.029437 0.812513 0.056577 0.812513 0.056577 0.824961 0.029437 0.824961
1 0.647886 0.892439 0.676169 0.892439 0.676169 0.903261 0.647886 0.903261
1 0.449256 0.397198 0.477860 0.397198 0.477860 0.409019 0.449256 0.409019
1 0.448617 0.519477 0.477719 0.519477 0.477719 0.528669 0.448617 0.528669
1 0.448849 0.376248 0.476539 0.376248 0.476539 0.387103 0.448849 0.387103
1 0.404398 0.799288 0.432652 0.799288 0.432652 0.810173 0.404398 0.810173
1 0.648201 0.913781 0.676144 0.913781 0.676144 0.925625 0.648201 0.925625
1 0.710377 0.650228 0.739593 0.650228 0.739593 0.661715 0.710377 0.661715
1 0.271964 0.804242 0.283537 0.804242 0.283537 0.832711 0.271964 0.832711
1 0.335177 0.688765 0.347408 0.688765 0.347408 0.719860 0.335177 0.719860
1 0.104460 0.812464 0.131648 0.812464 0.131648 0.824915 0.104460 0.824915
1 0.104403 0.876745 0.132441 0.876745 0.132441 0.887968 0.104403 0.887968
1 0.497010 0.917135 0.519890 0.917135 0.519890 0.926538 0.497010 0.926538
1 0.352632 0.396925 0.383205 0.396925 0.383205 0.409048 0.352632 0.409048
1 0.712066 0.520005 0.739321 0.520005 0.739321 0.531555 0.712066 0.531555
1 0.066973 0.542363 0.095107 0.542363 0.095107 0.554074 0.066973 0.554074
1 0.738774 0.935896 0.771400 0.935896 0.771400 0.946857 0.738774 0.946857
1 0.500113 0.799264 0.527379 0.799264 0.527379 0.809729 0.500113 0.809729
1 0.352681 0.440500 0.383396 0.440500 0.383396 0.452361 0.352681 0.452361
1 0.647837 0.935025 0.676025 0.935025 0.676025 0.947008 0.647837 0.947008
1 0.404820 0.777439 0.432664 0.777439 0.432664 0.788720 0.404820 0.788720
1 0.335152 0.802776 0.346879 0.802776 0.346879 0.833097 0.335152 0.833097
1 0.404933 0.669462 0.432617 0.669462 0.432617 0.680517 0.404933 0.680517
1 0.710460 0.607029 0.739102 0.607029 0.739102 0.618463 0.710460 0.618463
1 0.710031 0.585410 0.739158 0.585410 0.739158 0.596459 0.710031 0.596459
1 0.066958 0.812199 0.094868 0.812199 0.094868 0.824574 0.066958 0.824574
1 0.104194 0.608672 0.132827 0.608672 0.132827 0.618518 0.104194 0.618518
1 0.271659 0.690899 0.283659 0.690899 0.283659 0.718995 0.271659 0.718995
1 0.066818 0.606931 0.094479 0.606931 0.094479 0.618117 0.066818 0.618117
1 0.352811 0.376266 0.383451 0.376266 0.383451 0.387188 0.352811 0.387188
1 0.029398 0.876670 0.057019 0.876670 0.057019 0.887547 0.029398 0.887547
0 0.746816 0.497987 0.804999 0.497987 0.804999 0.663020 0.746816 0.663020
1 0.104778 0.542504 0.131677 0.542504 0.131677 0.555907 0.104778 0.555907
1 0.496981 0.960498 0.519760 0.960498 0.519760 0.968931 0.496981 0.968931
1 0.066865 0.876463 0.094683 0.876463 0.094683 0.887741 0.066865 0.887741
1 0.404738 0.712390 0.432380 0.712390 0.432380 0.723775 0.404738 0.723775
1 0.029231 0.607774 0.057145 0.607774 0.057145 0.618262 0.029231 0.618262
1 0.448617 0.562806 0.476894 0.562806 0.476894 0.572739 0.448617 0.572739
1 0.710298 0.629227 0.739276 0.629227 0.739276 0.640029 0.710298 0.640029
1 0.352988 0.496837 0.383823 0.496837 0.383823 0.507301 0.352988 0.507301
1 0.449375 0.497084 0.476732 0.497084 0.476732 0.507129 0.449375 0.507129
1 0.711603 0.563358 0.739364 0.563358 0.739364 0.575110 0.711603 0.575110
1 0.738774 0.893131 0.770515 0.893131 0.770515 0.903197 0.738774 0.903197
1 0.404708 0.734235 0.432893 0.734235 0.432893 0.745063 0.404708 0.745063
1 0.404825 0.690802 0.432697 0.690802 0.432697 0.701742 0.404825 0.701742
1 0.352696 0.540061 0.383550 0.540061 0.383550 0.551074 0.352696 0.551074
1 0.448617 0.540304 0.477151 0.540304 0.477151 0.550733 0.448617 0.550733
0 0.914934 0.704371 0.940768 0.704371 0.940768 0.718165 0.914934 0.718165
1 0.499413 0.778044 0.527069 0.778044 0.527069 0.788116 0.499413 0.788116
0 0.687896 0.853689 0.713844 0.853689 0.713844 0.867655 0.687896 0.867655
0 0.388704 0.373655 0.447938 0.373655 0.447938 0.454662 0.388704 0.454662
1 0.711826 0.541392 0.739244 0.541392 0.739244 0.553180 0.711826 0.553180
1 0.755661 0.853317 0.760392 0.853317 0.760392 0.869701 0.755661 0.869701
1 0.448859 0.440877 0.476514 0.440877 0.476514 0.451767 0.448859 0.451767
1 0.499669 0.690627 0.526888 0.690627 0.526888 0.701377 0.499669 0.701377
1 0.493185 0.494123 0.508527 0.494123 0.508527 0.498608 0.493185 0.498608
1 0.500053 0.756264 0.527120 0.756264 0.527120 0.766294 0.500053 0.766294
1 0.870010 0.700416 0.884938 0.700416 0.884938 0.704827 0.870010 0.704827
1 0.875882 0.934491 0.880350 0.934491 0.880350 0.950218 0.875882 0.950218
1 0.492767 0.524976 0.509110 0.524976 0.509110 0.529363 0.492767 0.529363
1 0.869952 0.670078 0.884505 0.670078 0.884505 0.674121 0.869952 0.674121
1 0.672771 0.607561 0.689170 0.607561 0.689170 0.611783 0.672771 0.611783
1 0.673267 0.637680 0.689588 0.637680 0.689588 0.642097 0.673267 0.642097
1 0.714077 0.852873 0.718847 0.852873 0.718847 0.869077 0.714077 0.869077
1 0.724562 0.853648 0.729031 0.853648 0.729031 0.868835 0.724562 0.868835
1 0.029534 0.542238 0.056495 0.542238 0.056495 0.556177 0.029534 0.556177
1 0.499826 0.821364 0.527577 0.821364 0.527577 0.831895 0.499826 0.831895
0 0.923725 0.469334 0.937332 0.469334 0.937332 0.495205 0.923725 0.495205
1 0.712362 0.499194 0.739820 0.499194 0.739820 0.509329 0.712362 0.509329
0 0.434493 0.667899 0.493383 0.667899 0.493383 0.833078 0.434493 0.833078
1 0.845360 0.935155 0.849620 0.935155 0.849620 0.950170 0.845360 0.950170
1 0.868725 0.629329 0.885532 0.629329 0.885532 0.633792 0.868725 0.633792
1 0.404619 0.755694 0.432360 0.755694 0.432360 0.767189 0.404619 0.767189
1 0.450885 0.855363 0.455259 0.855363 0.455259 0.870395 0.450885 0.870395
1 0.493900 0.374116 0.508173 0.374116 0.508173 0.378708 0.493900 0.378708
1 0.922581 0.463874 0.938256 0.463874 0.938256 0.468996 0.922581 0.468996
1 0.419649 0.855081 0.424090 0.855081 0.424090 0.870818 0.419649 0.870818
1 0.499684 0.734296 0.526872 0.734296 0.526872 0.744778 0.499684 0.744778
1 0.869880 0.496241 0.884699 0.496241 0.884699 0.500724 0.869880 0.500724
1 0.871229 0.468091 0.876599 0.468091 0.876599 0.483397 0.871229 0.483397
1 0.305222 0.305896 0.327457 0.305896 0.327457 0.317738 0.305222 0.317738
1 0.684198 0.853175 0.687695 0.853175 0.687695 0.868914 0.684198 0.868914
1 0.499577 0.669924 0.527518 0.669924 0.527518 0.679828 0.499577 0.679828
0 0.389249 0.494341 0.447660 0.494341 0.447660 0.575015 0.389249 0.575015
0 0.850186 0.935247 0.875560 0.935247 0.875560 0.949340 0.850186 0.949340
1 0.869967 0.527563 0.885208 0.527563 0.885208 0.531614 0.869967 0.531614
1 0.922357 0.495208 0.938367 0.495208 0.938367 0.500010 0.922357 0.500010
1 0.492547 0.404742 0.508778 0.404742 0.508778 0.408605 0.492547 0.408605
0 0.673308 0.611961 0.687770 0.611961 0.687770 0.637464 0.673308 0.637464
1 0.910313 0.673585 0.914363 0.673585 0.914363 0.688834 0.910313 0.688834
1 0.868152 0.659242 0.884186 0.659242 0.884186 0.663660 0.868152 0.663660
1 0.941107 0.673517 0.945158 0.673517 0.945158 0.688767 0.941107 0.688767
1 0.940939 0.703585 0.944421 0.703585 0.944421 0.719488 0.940939 0.719488
1 0.909419 0.703643 0.915021 0.703643 0.915021 0.719488 0.909419 0.719488
1 0.841189 0.467579 0.845950 0.467579 0.845950 0.483968 0.841189 0.483968
1 0.961614 0.451766 0.973850 0.451766 0.973850 0.481786 0.961614 0.481786
1 0.982987 0.452582 0.995060 0.452582 0.995060 0.481786 0.982987 0.481786
1 0.961940 0.547699 0.973850 0.547699 0.973850 0.576740 0.961940 0.576740
1 0.983313 0.547373 0.996039 0.547373 0.996039 0.577392 0.983313 0.577392
1 0.960383 0.614754 0.973361 0.614754 0.973361 0.645833 0.960383 0.645833
1 0.981728 0.616462 0.994706 0.616462 0.994706 0.645663 0.981728 0.645663
1 0.982411 0.711066 0.995560 0.711066 0.995560 0.741291 0.982411 0.741291
1 0.961407 0.710212 0.973702 0.710212 0.973702 0.741291 0.961407 0.741291
1 0.859182 0.965718 0.867441 0.965718 0.867441 0.982237 0.859182 0.982237
1 0.870055 0.965718 0.878314 0.965718 0.878314 0.982237 0.870055 0.982237
1 0.880928 0.965613 0.889187 0.965613 0.889187 0.982132 0.880928 0.982132
1 0.623581 0.983261 0.639540 0.983261 0.639540 0.988357 0.623581 0.988357
1 0.450932 0.982790 0.480206 0.982790 0.480206 0.993768 0.450932 0.993768
1 0.450369 0.938739 0.479925 0.938739 0.479925 0.951405 0.450369 0.951405
1 0.345095 0.938879 0.377466 0.938879 0.377466 0.951546 0.345095 0.951546
1 0.345518 0.981524 0.376199 0.981524 0.376199 0.994753 0.345518 0.994753
1 0.033074 0.916079 0.035889 0.916079 0.035889 0.932687 0.033074 0.932687
1 0.033074 0.944650 0.037718 0.944650 0.037718 0.960131 0.033074 0.960131
1 0.026600 0.771257 0.031385 0.771257 0.031385 0.785472 0.026600 0.785472
1 0.026178 0.741702 0.031244 0.741702 0.031244 0.757887 0.026178 0.757887
1 0.033637 0.674569 0.038281 0.674569 0.038281 0.690613 0.033637 0.690613
1 0.033215 0.646984 0.038141 0.646984 0.038141 0.662747 0.033215 0.662747
0 0.005225 0.647760 0.032241 0.647760 0.032241 0.662670 0.005225 0.662670
0 0.004843 0.674649 0.032496 0.674649 0.032496 0.689942 0.004843 0.689942
0 0.005097 0.917161 0.032496 0.917161 0.032496 0.932326 0.005097 0.932326
0 0.005225 0.944815 0.032496 0.944815 0.032496 0.959725 0.005225 0.959725
