0 0.659425 0.427779 0.826386 0.427779 0.826386 0.594101 0.659425 0.594101
0 0.140718 0.423373 0.157940 0.423373 0.157940 0.432352 0.140718 0.432352
0 0.140944 0.439467 0.158215 0.439467 0.158215 0.448373 0.140944 0.448373
0 0.247355 0.382654 0.346603 0.382654 0.346603 0.486028 0.247355 0.486028
0 0.161573 0.504697 0.171347 0.504697 0.171347 0.521587 0.161573 0.521587
0 0.425075 0.384870 0.525294 0.384870 0.525294 0.488236 0.425075 0.488236
0 0.154998 0.405980 0.171716 0.405980 0.171716 0.415345 0.154998 0.415345
0 0.246249 0.513450 0.346610 0.513450 0.346610 0.616051 0.246249 0.616051
0 0.425399 0.515537 0.525102 0.515537 0.525102 0.618498 0.425399 0.618498
0 0.493486 0.952200 0.512657 0.952200 0.512657 0.985473 0.493486 0.985473
0 0.155829 0.766837 0.189159 0.766837 0.189159 0.787933 0.155829 0.787933
0 0.294485 0.745033 0.349616 0.745033 0.349616 0.815431 0.294485 0.815431
0 0.432249 0.713446 0.488752 0.713446 0.488752 0.783887 0.432249 0.783887
0 0.518347 0.710317 0.555643 0.710317 0.555643 0.778435 0.518347 0.778435
0 0.732427 0.371807 0.748294 0.371807 0.748294 0.379762 0.732427 0.379762
0 0.599471 0.422749 0.608432 0.422749 0.608432 0.439887 0.599471 0.439887
0 0.566437 0.442156 0.583407 0.442156 0.583407 0.451784 0.566437 0.451784
0 0.786003 0.890020 0.800149 0.890020 0.800149 0.917664 0.786003 0.917664
0 0.869092 0.881915 0.883453 0.881915 0.883453 0.907815 0.869092 0.907815
0 0.867725 0.955629 0.881889 0.955629 0.881889 0.981499 0.867725 0.981499
0 0.857245 0.787214 0.885075 0.787214 0.885075 0.801434 0.857245 0.801434
0 0.776519 0.938792 0.802387 0.938792 0.802387 0.953084 0.776519 0.953084
0 0.954918 0.837051 0.968972 0.837051 0.968972 0.864466 0.954918 0.864466
0 0.735996 0.940810 0.750346 0.940810 0.750346 0.966556 0.735996 0.966556
0 0.799664 0.674346 0.825117 0.674346 0.825117 0.687840 0.799664 0.687840
0 0.965547 0.957253 0.973434 0.957253 0.973434 0.972981 0.965547 0.972981
0 0.933320 0.885621 0.947803 0.885621 0.947803 0.911109 0.933320 0.911109
0 0.819046 0.965637 0.831877 0.965637 0.831877 0.990900 0.819046 0.990900
0 0.955357 0.885034 0.969746 0.885034 0.969746 0.910949 0.955357 0.910949
0 0.818420 0.868157 0.832619 0.868157 0.832619 0.895550 0.818420 0.895550
0 0.947497 0.956730 0.956639 0.956730 0.956639 0.973349 0.947497 0.973349
0 0.790817 0.964899 0.804934 0.964899 0.804934 0.992278 0.790817 0.992278
0 0.816619 0.922366 0.830903 0.922366 0.830903 0.949905 0.816619 0.949905
0 0.840484 0.965738 0.854586 0.965738 0.854586 0.991340 0.840484 0.991340
0 0.917559 0.962461 0.931734 0.962461 0.931734 0.988449 0.917559 0.988449
0 0.532087 0.649298 0.549306 0.649298 0.549306 0.658330 0.532087 0.658330
0 0.842174 0.870951 0.856159 0.870951 0.856159 0.898341 0.842174 0.898341
0 0.762654 0.966167 0.775761 0.966167 0.775761 0.991522 0.762654 0.991522
0 0.883378 0.839686 0.897715 0.839686 0.897715 0.865338 0.883378 0.865338
0 0.911785 0.885237 0.924737 0.885237 0.924737 0.910799 0.911785 0.910799
0 0.957154 0.669198 0.966327 0.669198 0.966327 0.686195 0.957154 0.686195
0 0.825040 0.826766 0.839414 0.826766 0.839414 0.854143 0.825040 0.854143
0 0.948886 0.934810 0.964978 0.934810 0.964978 0.943957 0.948886 0.943957
0 0.902425 0.529300 0.910401 0.529300 0.910401 0.545139 0.902425 0.545139
0 0.802964 0.640195 0.818373 0.640195 0.818373 0.648149 0.802964 0.648149
0 0.986801 0.742023 0.994833 0.742023 0.994833 0.757495 0.986801 0.757495
0 0.985941 0.946802 0.994031 0.946802 0.994031 0.962590 0.985941 0.962590
0 0.532385 0.632833 0.549434 0.632833 0.549434 0.642433 0.532385 0.642433
0 0.540389 0.956733 0.550005 0.956733 0.550005 0.973217 0.540389 0.973217
0 0.987920 0.697344 0.995959 0.697344 0.995959 0.713261 0.987920 0.713261
1 0.230591 0.425040 0.246342 0.425040 0.246342 0.440832 0.230591 0.440832
1 0.182984 0.457904 0.246241 0.457904 0.246241 0.487212 0.182984 0.487212
1 0.182450 0.379469 0.246155 0.379469 0.246155 0.407759 0.182450 0.407759
1 0.158302 0.439600 0.161811 0.439600 0.161811 0.448425 0.158302 0.448425
1 0.158026 0.423176 0.161460 0.423176 0.161460 0.432119 0.158026 0.432119
1 0.161590 0.501168 0.171156 0.501168 0.171156 0.504704 0.161590 0.504704
1 0.137713 0.439306 0.141108 0.439306 0.141108 0.447994 0.137713 0.447994
1 0.137094 0.423277 0.140683 0.423277 0.140683 0.432121 0.137094 0.432121
1 0.171768 0.405935 0.174910 0.405935 0.174910 0.414767 0.171768 0.414767
1 0.151917 0.405773 0.154945 0.405773 0.154945 0.415155 0.151917 0.415155
1 0.185473 0.712068 0.203458 0.712068 0.203458 0.727666 0.185473 0.727666
1 0.151947 0.697100 0.167677 0.697100 0.167677 0.710216 0.151947 0.710216
1 0.230917 0.557324 0.246837 0.557324 0.246837 0.572976 0.230917 0.572976
1 0.150500 0.729841 0.166545 0.729841 0.166545 0.742826 0.150500 0.742826
1 0.182592 0.511812 0.246162 0.511812 0.246162 0.540240 0.182592 0.540240
1 0.182450 0.588996 0.246077 0.588996 0.246077 0.619759 0.182450 0.619759
1 0.161836 0.521312 0.171302 0.521312 0.171302 0.524426 0.161836 0.524426
1 0.146107 0.765313 0.155516 0.765313 0.155516 0.789397 0.146107 0.789397
1 0.189340 0.764056 0.198655 0.764056 0.198655 0.790202 0.189340 0.790202
1 0.347358 0.385477 0.378474 0.385477 0.378474 0.478652 0.347358 0.478652
1 0.392852 0.390613 0.424966 0.390613 0.424966 0.483416 0.392852 0.483416
1 0.347791 0.517952 0.378700 0.517952 0.378700 0.610571 0.347791 0.610571
1 0.392188 0.522413 0.424438 0.522413 0.424438 0.615140 0.392188 0.615140
1 0.439764 0.693968 0.481595 0.693968 0.481595 0.713258 0.439764 0.713258
1 0.300172 0.725833 0.341813 0.725833 0.341813 0.745033 0.300172 0.745033
1 0.478635 0.953943 0.493786 0.953943 0.493786 0.961408 0.478635 0.961408
1 0.478524 0.965156 0.493571 0.965156 0.493571 0.972394 0.478524 0.972394
1 0.299744 0.815431 0.343020 0.815431 0.343020 0.836559 0.299744 0.836559
1 0.478229 0.976231 0.493799 0.976231 0.493799 0.983556 0.478229 0.983556
1 0.437523 0.783887 0.481907 0.783887 0.481907 0.804841 0.437523 0.804841
1 0.674902 0.395608 0.682001 0.395608 0.682001 0.426653 0.674902 0.426653
1 0.526094 0.428939 0.541762 0.428939 0.541762 0.444609 0.526094 0.444609
1 0.629191 0.441994 0.658411 0.441994 0.658411 0.449514 0.629191 0.449514
1 0.629121 0.451814 0.658475 0.451814 0.658475 0.458080 0.629121 0.458080
1 0.628509 0.468917 0.658566 0.468917 0.658566 0.475086 0.628509 0.475086
1 0.628350 0.477433 0.658576 0.477433 0.658576 0.483648 0.628350 0.483648
1 0.629054 0.460387 0.658543 0.460387 0.658543 0.466606 0.629054 0.466606
1 0.628552 0.485977 0.658529 0.485977 0.658529 0.492172 0.628552 0.492172
1 0.629765 0.494532 0.658754 0.494532 0.658754 0.500854 0.629765 0.500854
1 0.684710 0.395885 0.690530 0.395885 0.690530 0.426345 0.684710 0.426345
1 0.693250 0.395767 0.699035 0.395767 0.699035 0.426394 0.693250 0.426394
1 0.735918 0.395796 0.741751 0.395796 0.741751 0.426615 0.735918 0.426615
1 0.727402 0.395919 0.733221 0.395919 0.733221 0.426323 0.727402 0.426323
1 0.701724 0.395642 0.707538 0.395642 0.707538 0.426458 0.701724 0.426458
1 0.728567 0.371651 0.732404 0.371651 0.732404 0.379784 0.728567 0.379784
1 0.629512 0.503081 0.658679 0.503081 0.658679 0.509392 0.629512 0.509392
1 0.710282 0.395422 0.716067 0.395422 0.716067 0.426444 0.710282 0.426444
1 0.526275 0.381591 0.590555 0.381591 0.590555 0.412632 0.526275 0.412632
1 0.718898 0.395802 0.724665 0.395802 0.724665 0.426298 0.718898 0.426298
1 0.599203 0.418896 0.608905 0.418896 0.608905 0.422672 0.599203 0.422672
1 0.525912 0.461565 0.589568 0.461565 0.589568 0.490810 0.525912 0.490810
1 0.599197 0.439994 0.608828 0.439994 0.608828 0.443591 0.599197 0.443591
1 0.583196 0.442259 0.586583 0.442259 0.586583 0.451023 0.583196 0.451023
1 0.748425 0.371609 0.752189 0.371609 0.752189 0.379869 0.748425 0.379869
1 0.744356 0.395677 0.750349 0.395677 0.750349 0.426736 0.744356 0.426736
1 0.562984 0.442144 0.566487 0.442144 0.566487 0.451184 0.562984 0.451184
1 0.525550 0.560838 0.540673 0.560838 0.540673 0.576226 0.525550 0.576226
1 0.522661 0.691416 0.550742 0.691416 0.550742 0.710088 0.522661 0.710088
1 0.628496 0.571435 0.658520 0.571435 0.658520 0.578644 0.628496 0.578644
1 0.719134 0.595675 0.724805 0.595675 0.724805 0.623797 0.719134 0.623797
1 0.727667 0.595733 0.733330 0.595733 0.733330 0.623891 0.727667 0.623891
1 0.629413 0.511580 0.658595 0.511580 0.658595 0.517885 0.629413 0.517885
1 0.628747 0.562980 0.658330 0.562980 0.658330 0.569309 0.628747 0.569309
1 0.710541 0.595690 0.716262 0.595690 0.716262 0.623805 0.710541 0.623805
1 0.628696 0.554401 0.658340 0.554401 0.658340 0.560803 0.628696 0.560803
1 0.736198 0.595587 0.741878 0.595587 0.741878 0.624108 0.736198 0.624108
1 0.701984 0.595675 0.707727 0.595675 0.707727 0.623892 0.701984 0.623892
1 0.628745 0.545816 0.658433 0.545816 0.658433 0.552195 0.628745 0.552195
1 0.685070 0.596171 0.690658 0.596171 0.690658 0.623976 0.685070 0.623976
1 0.628579 0.537316 0.658358 0.537316 0.658358 0.543550 0.628579 0.543550
1 0.693435 0.596070 0.699103 0.596070 0.699103 0.623157 0.693435 0.623157
1 0.628819 0.528724 0.658440 0.528724 0.658440 0.535010 0.628819 0.535010
1 0.528885 0.633341 0.532732 0.633341 0.532732 0.642096 0.528885 0.642096
1 0.676495 0.596075 0.682146 0.596075 0.682146 0.623816 0.676495 0.623816
1 0.525615 0.593921 0.590139 0.593921 0.590139 0.622265 0.525615 0.622265
1 0.549654 0.649260 0.553224 0.649260 0.553224 0.658582 0.549654 0.658582
1 0.549541 0.632678 0.553379 0.632678 0.553379 0.642342 0.549541 0.642342
1 0.525231 0.513000 0.590302 0.513000 0.590302 0.544492 0.525231 0.544492
1 0.528712 0.649080 0.532147 0.649080 0.532147 0.658574 0.528712 0.658574
1 0.629562 0.520248 0.658453 0.520248 0.658453 0.526495 0.629562 0.526495
1 0.744736 0.595531 0.750450 0.595531 0.750450 0.624186 0.744736 0.624186
1 0.521966 0.778817 0.551093 0.778817 0.551093 0.797004 0.521966 0.797004
1 0.735306 0.936244 0.751259 0.936244 0.751259 0.940627 0.735306 0.940627
1 0.735588 0.966492 0.751125 0.966492 0.751125 0.970829 0.735588 0.970829
1 0.512877 0.954081 0.527045 0.954081 0.527045 0.961447 0.512877 0.961447
1 0.512722 0.976472 0.527268 0.976472 0.527268 0.983546 0.512722 0.983546
1 0.540601 0.952956 0.550063 0.952956 0.550063 0.956658 0.540601 0.956658
1 0.540344 0.973407 0.550003 0.973407 0.550003 0.977255 0.540344 0.977255
1 0.827799 0.441780 0.856550 0.441780 0.856550 0.449352 0.827799 0.449352
1 0.804358 0.395332 0.811286 0.395332 0.811286 0.426311 0.804358 0.426311
1 0.827739 0.451683 0.856568 0.451683 0.856568 0.457914 0.827739 0.457914
1 0.795649 0.395406 0.801581 0.395406 0.801581 0.426311 0.795649 0.426311
1 0.761459 0.395325 0.767372 0.395325 0.767372 0.426671 0.761459 0.426671
1 0.827690 0.460285 0.856794 0.460285 0.856794 0.466391 0.827690 0.466391
1 0.770015 0.395374 0.775941 0.395374 0.775941 0.426622 0.770015 0.426622
1 0.787087 0.395509 0.792977 0.395509 0.792977 0.426368 0.787087 0.426368
1 0.827741 0.468827 0.857414 0.468827 0.857414 0.474943 0.827741 0.474943
1 0.827710 0.477311 0.857671 0.477311 0.857671 0.483448 0.827710 0.483448
1 0.778606 0.395505 0.784486 0.395505 0.784486 0.426379 0.778606 0.426379
1 0.752991 0.395893 0.758828 0.395893 0.758828 0.426738 0.752991 0.426738
1 0.827597 0.485900 0.857722 0.485900 0.857722 0.492039 0.827597 0.492039
1 0.827726 0.494450 0.857872 0.494450 0.857872 0.500649 0.827726 0.500649
1 0.827715 0.503001 0.857851 0.503001 0.857851 0.509205 0.827715 0.509205
1 0.825071 0.672164 0.828884 0.672164 0.828884 0.688714 0.825071 0.688714
1 0.795395 0.672438 0.799487 0.672438 0.799487 0.689248 0.795395 0.689248
1 0.902067 0.525980 0.910522 0.525980 0.910522 0.529261 0.902067 0.529261
1 0.957115 0.686020 0.966625 0.686020 0.966625 0.689219 0.957115 0.689219
1 0.986666 0.738557 0.994894 0.738557 0.994894 0.741949 0.986666 0.741949
1 0.957431 0.665916 0.965866 0.665916 0.965866 0.669231 0.957431 0.669231
1 0.902101 0.545309 0.910514 0.545309 0.910514 0.548447 0.902101 0.548447
1 0.987576 0.693975 0.995863 0.693975 0.995863 0.697260 0.987576 0.697260
1 0.987617 0.713528 0.996063 0.713528 0.996063 0.716478 0.987617 0.716478
1 0.818556 0.639823 0.821606 0.639823 0.821606 0.648173 0.818556 0.648173
1 0.828040 0.528617 0.857402 0.528617 0.857402 0.534709 0.828040 0.534709
1 0.799626 0.639878 0.802958 0.639878 0.802958 0.648248 0.799626 0.648248
1 0.828050 0.537189 0.857359 0.537189 0.857359 0.543276 0.828050 0.543276
1 0.828041 0.520100 0.857492 0.520100 0.857492 0.526153 0.828041 0.526153
1 0.828322 0.571303 0.856795 0.571303 0.856795 0.578011 0.828322 0.578011
1 0.828191 0.545714 0.857080 0.545714 0.857080 0.551783 0.828191 0.551783
1 0.828043 0.511575 0.857493 0.511575 0.857493 0.517655 0.828043 0.517655
1 0.828250 0.562815 0.856815 0.562815 0.856815 0.568877 0.828250 0.568877
1 0.828205 0.554197 0.856577 0.554197 0.856577 0.560330 0.828205 0.560330
1 0.804394 0.595809 0.811693 0.595809 0.811693 0.624014 0.804394 0.624014
1 0.778731 0.595650 0.784502 0.595650 0.784502 0.623814 0.778731 0.623814
1 0.787432 0.595447 0.793123 0.595447 0.793123 0.623648 0.787432 0.623648
1 0.761794 0.595430 0.767521 0.595430 0.767521 0.624048 0.761794 0.624048
1 0.770244 0.595564 0.775992 0.595564 0.775992 0.624023 0.770244 0.624023
1 0.795844 0.595476 0.801581 0.595476 0.801581 0.624310 0.795844 0.624310
1 0.753226 0.595505 0.758921 0.595505 0.758921 0.623953 0.753226 0.623953
1 0.953519 0.833541 0.970427 0.833541 0.970427 0.836950 0.953519 0.836950
1 0.790097 0.961370 0.805936 0.961370 0.805936 0.964440 0.790097 0.964440
1 0.823526 0.854428 0.840864 0.854428 0.840864 0.857378 0.823526 0.857378
1 0.882376 0.865584 0.898412 0.865584 0.898412 0.869099 0.882376 0.869099
1 0.817357 0.895939 0.833172 0.895939 0.833172 0.898668 0.817357 0.898668
1 0.882030 0.836224 0.898043 0.836224 0.898043 0.839538 0.882030 0.839538
1 0.817698 0.864811 0.833087 0.864811 0.833087 0.867689 0.817698 0.867689
1 0.817492 0.991460 0.832945 0.991460 0.832945 0.994370 0.817492 0.994370
1 0.854330 0.786003 0.857289 0.786003 0.857289 0.803384 0.854330 0.803384
1 0.817629 0.962312 0.833154 0.962312 0.833154 0.964904 0.817629 0.964904
1 0.932914 0.882400 0.948172 0.882400 0.948172 0.885286 0.932914 0.885286
1 0.885001 0.785999 0.888331 0.785999 0.888331 0.802094 0.885001 0.802094
1 0.761312 0.962299 0.776949 0.962299 0.776949 0.965266 0.761312 0.965266
1 0.932801 0.911873 0.948254 0.911873 0.948254 0.914648 0.932801 0.914648
1 0.761314 0.991885 0.776624 0.991885 0.776624 0.994693 0.761314 0.994693
1 0.945686 0.934684 0.948572 0.934684 0.948572 0.943882 0.945686 0.943882
1 0.790663 0.992573 0.805607 0.992573 0.805607 0.995249 0.790663 0.995249
1 0.917004 0.988466 0.931860 0.988466 0.931860 0.991869 0.917004 0.991869
1 0.840178 0.962678 0.855423 0.962678 0.855423 0.965318 0.840178 0.965318
1 0.954643 0.882190 0.970230 0.882190 0.970230 0.884836 0.954643 0.884836
1 0.840324 0.991660 0.855033 0.991660 0.855033 0.994587 0.840324 0.994587
1 0.917061 0.959305 0.932074 0.959305 0.932074 0.962023 0.917061 0.962023
1 0.867313 0.952708 0.882304 0.952708 0.882304 0.955338 0.867313 0.955338
1 0.815946 0.919134 0.831307 0.919134 0.831307 0.921878 0.815946 0.921878
1 0.785118 0.917575 0.800561 0.917575 0.800561 0.920427 0.785118 0.920427
1 0.947440 0.954219 0.956470 0.954219 0.956470 0.956442 0.947440 0.956442
1 0.953663 0.864762 0.970651 0.864762 0.970651 0.867649 0.953663 0.867649
1 0.965618 0.954487 0.973485 0.954487 0.973485 0.956651 0.965618 0.956651
1 0.824357 0.823796 0.840144 0.823796 0.840144 0.826441 0.824357 0.826441
1 0.841203 0.898695 0.856858 0.898695 0.856858 0.901486 0.841203 0.901486
1 0.965037 0.934573 0.968003 0.934573 0.968003 0.943983 0.965037 0.943983
1 0.986661 0.757493 0.995213 0.757493 0.995213 0.760169 0.986661 0.760169
1 0.947381 0.973377 0.956798 0.973377 0.956798 0.975849 0.947381 0.975849
1 0.910871 0.882210 0.925987 0.882210 0.925987 0.884782 0.910871 0.884782
1 0.910378 0.911203 0.926013 0.911203 0.926013 0.913841 0.910378 0.913841
1 0.954709 0.911404 0.970158 0.911404 0.970158 0.914254 0.954709 0.914254
1 0.785319 0.886841 0.800422 0.886841 0.800422 0.889522 0.785319 0.889522
1 0.868605 0.878858 0.884502 0.878858 0.884502 0.881525 0.868605 0.881525
1 0.986031 0.962789 0.993682 0.962789 0.993682 0.965051 0.986031 0.965051
1 0.965706 0.973265 0.973232 0.973265 0.973232 0.975554 0.965706 0.975554
1 0.986327 0.944250 0.993592 0.944250 0.993592 0.946460 0.986327 0.946460
1 0.841613 0.868056 0.857329 0.868056 0.857329 0.870865 0.841613 0.870865
1 0.867469 0.981845 0.882229 0.981845 0.882229 0.984559 0.867469 0.984559
1 0.868951 0.908243 0.883841 0.908243 0.883841 0.911169 0.868951 0.911169
1 0.816087 0.949998 0.831405 0.949998 0.831405 0.952891 0.816087 0.952891
1 0.802888 0.937589 0.806217 0.937589 0.806217 0.953684 0.802888 0.953684
1 0.772597 0.938606 0.775927 0.938606 0.775927 0.954701 0.772597 0.954701
0 0.168761 0.697609 0.186054 0.698164 0.184482 0.743290 0.166727 0.742735
0 0.306251 0.983181 0.314293 0.983181 0.314293 0.998371 0.306251 0.998371
1 0.306326 0.979309 0.314293 0.979309 0.314293 0.982436 0.306326 0.982436
1 0.321665 0.982213 0.351673 0.982213 0.351673 0.993233 0.321665 0.993233
1 0.418241 0.981394 0.448770 0.981394 0.448770 0.993382 0.418241 0.993382
1 0.701269 0.954364 0.724204 0.954364 0.724204 0.963821 0.701269 0.963821
0 0.701567 0.963895 0.724055 0.963895 0.724055 0.997552 0.701567 0.997552
1 0.987723 0.639466 0.997179 0.639466 0.997179 0.681165 0.987723 0.681165
1 0.977075 0.639541 0.986531 0.639541 0.986531 0.681239 0.977075 0.681239
1 0.929685 0.623820 0.968911 0.623820 0.968911 0.633178 0.929685 0.633178
1 0.929685 0.612856 0.968911 0.612856 0.968911 0.622214 0.929685 0.622214
1 0.929402 0.601986 0.968627 0.601986 0.968627 0.611344 0.929402 0.611344
1 0.929402 0.591022 0.968627 0.591022 0.968627 0.600380 0.929402 0.600380
1 0.929118 0.579302 0.968344 0.579302 0.968344 0.588659 0.929118 0.588659
1 0.929118 0.568338 0.968344 0.568338 0.968344 0.577695 0.929118 0.577695
1 0.928834 0.557468 0.968060 0.557468 0.968060 0.566825 0.928834 0.566825
1 0.928834 0.546504 0.968060 0.546504 0.968060 0.555861 0.928834 0.555861
1 0.929024 0.535161 0.968249 0.535161 0.968249 0.544519 0.929024 0.544519
1 0.929024 0.524197 0.968249 0.524197 0.968249 0.533554 0.929024 0.533554
1 0.928740 0.513327 0.967965 0.513327 0.967965 0.522685 0.928740 0.522685
1 0.928740 0.502363 0.967965 0.502363 0.967965 0.511720 0.928740 0.511720
1 0.929307 0.490926 0.968533 0.490926 0.968533 0.500284 0.929307 0.500284
1 0.929024 0.480056 0.968249 0.480056 0.968249 0.489414 0.929024 0.489414
1 0.929024 0.469092 0.968249 0.469092 0.968249 0.478450 0.929024 0.478450
1 0.929118 0.412948 0.968344 0.412948 0.968344 0.422305 0.929118 0.422305
1 0.929118 0.423912 0.968344 0.423912 0.968344 0.433269 0.929118 0.433269
1 0.929402 0.434782 0.968627 0.434782 0.968627 0.444139 0.929402 0.444139
1 0.928834 0.446218 0.968060 0.446218 0.968060 0.455576 0.928834 0.455576
1 0.928834 0.457183 0.968060 0.457183 0.968060 0.466540 0.928834 0.466540
1 0.976661 0.366255 0.986113 0.366255 0.986113 0.405197 0.976661 0.405197
1 0.987626 0.364081 0.996983 0.364081 0.996983 0.404819 0.987626 0.404819
