0 0.210883 0.093013 0.572637 0.093013 0.572637 0.452817 0.210883 0.452817
0 0.321580 0.659234 0.489551 0.659234 0.489551 0.825420 0.321580 0.825420
0 0.592799 0.730519 0.683558 0.730519 0.683558 0.834585 0.592799 0.834585
0 0.585480 0.606770 0.675298 0.606770 0.675298 0.712223 0.585480 0.712223
0 0.131235 0.724952 0.240893 0.724952 0.240893 0.825209 0.131235 0.825209
1 0.683974 0.807633 0.745714 0.807633 0.745714 0.835183 0.683974 0.835183
1 0.132593 0.825569 0.159497 0.825569 0.159497 0.887524 0.132593 0.887524
1 0.675741 0.605739 0.739398 0.605739 0.739398 0.633541 0.675741 0.633541
0 0.571625 0.531072 0.596599 0.531072 0.596599 0.582937 0.571625 0.582937
1 0.210948 0.825765 0.239380 0.825765 0.239380 0.888862 0.210948 0.888862
0 0.456393 0.506014 0.500133 0.506014 0.500133 0.560358 0.456393 0.560358
0 0.729480 0.888432 0.796149 0.888432 0.796149 0.940363 0.729480 0.940363
1 0.683880 0.728911 0.745739 0.728911 0.745739 0.756627 0.683880 0.756627
0 0.385579 0.475570 0.428105 0.475570 0.428105 0.530500 0.385579 0.530500
1 0.676078 0.684399 0.739083 0.684399 0.739083 0.711652 0.676078 0.711652
0 0.150532 0.898515 0.221221 0.898515 0.221221 0.955206 0.150532 0.955206
0 0.377337 0.919676 0.391795 0.919676 0.391795 0.945331 0.377337 0.945331
1 0.796500 0.892643 0.821920 0.892643 0.821920 0.936588 0.796500 0.936588
0 0.290320 0.931177 0.316325 0.931177 0.316325 0.946606 0.290320 0.946606
0 0.228786 0.567017 0.256212 0.567017 0.256212 0.581635 0.228786 0.581635
0 0.354751 0.905860 0.369355 0.905860 0.369355 0.932014 0.354751 0.932014
0 0.556155 0.926995 0.581967 0.926995 0.581967 0.941133 0.556155 0.941133
0 0.616889 0.300732 0.669210 0.300732 0.669210 0.380787 0.616889 0.380787
0 0.454105 0.905617 0.478438 0.905617 0.478438 0.918300 0.454105 0.918300
0 0.301984 0.865077 0.327749 0.865077 0.327749 0.880246 0.301984 0.880246
0 0.517545 0.531886 0.525262 0.531886 0.525262 0.547377 0.517545 0.547377
1 0.137964 0.691880 0.232062 0.691880 0.232062 0.725247 0.137964 0.725247
0 0.630098 0.850831 0.654517 0.850831 0.654517 0.863378 0.630098 0.863378
0 0.623216 0.930890 0.649218 0.930890 0.649218 0.946998 0.623216 0.946998
0 0.662769 0.933596 0.690484 0.933596 0.690484 0.947952 0.662769 0.947952
0 0.258194 0.794456 0.272571 0.794456 0.272571 0.820254 0.258194 0.820254
0 0.549703 0.902493 0.575444 0.902493 0.575444 0.917868 0.549703 0.917868
0 0.508993 0.863811 0.533492 0.863811 0.533492 0.875871 0.508993 0.875871
0 0.331575 0.912760 0.346338 0.912760 0.346338 0.938841 0.331575 0.938841
0 0.662846 0.880548 0.690997 0.880548 0.690997 0.895164 0.662846 0.895164
0 0.722222 0.853888 0.747851 0.853888 0.747851 0.870209 0.722222 0.870209
0 0.788438 0.856483 0.814274 0.856483 0.814274 0.871305 0.788438 0.871305
0 0.710618 0.654297 0.735294 0.654297 0.735294 0.666609 0.710618 0.666609
0 0.458913 0.046547 0.476176 0.046547 0.476176 0.055849 0.458913 0.055849
0 0.259547 0.742456 0.267651 0.742456 0.267651 0.758515 0.259547 0.758515
0 0.753984 0.686109 0.763525 0.686109 0.763525 0.703043 0.753984 0.703043
0 0.031934 0.271300 0.046304 0.271300 0.046304 0.298900 0.031934 0.298900
0 0.450342 0.930718 0.482926 0.930718 0.482926 0.950023 0.450342 0.950023
0 0.183880 0.566769 0.211892 0.566769 0.211892 0.581553 0.183880 0.581553
0 0.093167 0.648139 0.119114 0.648139 0.119114 0.663785 0.093167 0.663785
0 0.498310 0.044645 0.515488 0.044645 0.515488 0.053557 0.498310 0.053557
1 0.221356 0.905172 0.240999 0.905172 0.240999 0.948656 0.221356 0.948656
0 0.632440 0.892528 0.647698 0.892528 0.647698 0.918115 0.632440 0.918115
0 0.249692 0.937025 0.274101 0.937025 0.274101 0.949562 0.249692 0.949562
0 0.763515 0.355008 0.773690 0.355008 0.773690 0.371867 0.763515 0.371867
0 0.788859 0.505120 0.798596 0.505120 0.798596 0.521828 0.788859 0.521828
0 0.380168 0.889074 0.405250 0.889074 0.405250 0.901509 0.380168 0.901509
1 0.130829 0.905135 0.150542 0.905135 0.150542 0.949797 0.130829 0.949797
0 0.505076 0.902531 0.530752 0.902531 0.530752 0.917716 0.505076 0.917716
0 0.549801 0.855415 0.575553 0.855415 0.575553 0.867229 0.549801 0.867229
0 0.305450 0.837809 0.321467 0.837809 0.321467 0.845815 0.305450 0.845815
1 0.683475 0.775650 0.701468 0.775650 0.701468 0.788500 0.683475 0.788500
0 0.044879 0.184327 0.060948 0.184327 0.060948 0.192568 0.044879 0.192568
0 0.154301 0.252112 0.170058 0.252112 0.170058 0.260126 0.154301 0.260126
0 0.196434 0.102165 0.205278 0.102165 0.205278 0.118351 0.196434 0.118351
1 0.482883 0.927932 0.493861 0.927932 0.493861 0.954277 0.482883 0.954277
1 0.711033 0.894738 0.729480 0.894738 0.729480 0.935802 0.711033 0.935802
0 0.070846 0.630703 0.080074 0.630703 0.080074 0.647583 0.070846 0.647583
0 0.638041 0.580102 0.653866 0.580102 0.653866 0.588119 0.638041 0.588119
0 0.253148 0.656757 0.270267 0.656757 0.270267 0.665831 0.253148 0.665831
0 0.043459 0.380326 0.059297 0.380326 0.059297 0.388341 0.043459 0.388341
1 0.675714 0.651885 0.694196 0.651885 0.694196 0.665392 0.675714 0.665392
0 0.190754 0.372192 0.199779 0.372192 0.199779 0.389701 0.190754 0.389701
0 0.009214 0.657290 0.025958 0.657290 0.025958 0.666714 0.009214 0.666714
0 0.044871 0.201178 0.061028 0.201178 0.061028 0.209147 0.044871 0.209147
0 0.110700 0.385323 0.118780 0.385323 0.118780 0.401315 0.110700 0.401315
1 0.623691 0.380777 0.664534 0.380777 0.664534 0.394346 0.623691 0.394346
0 0.342923 0.886016 0.359126 0.886016 0.359126 0.894067 0.342923 0.894067
0 0.308427 0.895044 0.317616 0.895044 0.317616 0.912032 0.308427 0.912032
0 0.053639 0.630725 0.062921 0.630725 0.062921 0.647633 0.053639 0.647633
0 0.236598 0.619514 0.252232 0.619514 0.252232 0.627732 0.236598 0.627732
0 0.191339 0.332313 0.200274 0.332313 0.200274 0.349742 0.191339 0.349742
0 0.154132 0.291418 0.169587 0.291418 0.169587 0.299312 0.154132 0.299312
1 0.177579 0.825267 0.192216 0.825267 0.192216 0.841079 0.177579 0.841079
1 0.623529 0.287962 0.664270 0.287962 0.664270 0.300623 0.623529 0.300623
0 0.529502 0.576424 0.537612 0.576424 0.537612 0.591946 0.529502 0.591946
0 0.684741 0.357097 0.692687 0.357097 0.692687 0.373029 0.684741 0.373029
1 0.451743 0.493550 0.505604 0.493550 0.505604 0.505546 0.451743 0.505546
0 0.496867 0.834074 0.504754 0.834074 0.504754 0.849796 0.496867 0.849796
0 0.134103 0.561995 0.150053 0.561995 0.150053 0.569893 0.134103 0.569893
0 0.144017 0.269636 0.159620 0.269636 0.159620 0.277760 0.144017 0.277760
1 0.489366 0.768523 0.519712 0.768523 0.519712 0.774672 0.489366 0.774672
0 0.127741 0.405757 0.135602 0.405757 0.135602 0.421610 0.127741 0.421610
1 0.489281 0.734136 0.518299 0.734136 0.518299 0.740276 0.489281 0.740276
1 0.451968 0.560194 0.504194 0.560194 0.504194 0.571827 0.451968 0.571827
1 0.489320 0.725706 0.519446 0.725706 0.519446 0.731718 0.489320 0.731718
1 0.489152 0.683044 0.518253 0.683044 0.518253 0.689096 0.489152 0.689096
1 0.489334 0.776899 0.519697 0.776899 0.519697 0.782942 0.489334 0.782942
1 0.489300 0.717029 0.519627 0.717029 0.519627 0.723207 0.489300 0.723207
0 0.684269 0.302650 0.692247 0.302650 0.692247 0.318317 0.684269 0.318317
0 0.195865 0.617946 0.211399 0.617946 0.211399 0.626063 0.195865 0.626063
1 0.381429 0.531022 0.432537 0.531022 0.432537 0.540990 0.381429 0.540990
1 0.489355 0.759937 0.519747 0.759937 0.519747 0.766098 0.489355 0.766098
1 0.441745 0.929340 0.450190 0.929340 0.450190 0.953868 0.441745 0.953868
1 0.489119 0.691413 0.518237 0.691413 0.518237 0.697467 0.489119 0.697467
1 0.379463 0.463147 0.433556 0.463147 0.433556 0.475043 0.379463 0.475043
1 0.632148 0.887635 0.648392 0.887635 0.648392 0.892421 0.632148 0.892421
1 0.489635 0.802473 0.519691 0.802473 0.519691 0.809552 0.489635 0.809552
1 0.291467 0.760124 0.321930 0.760124 0.321930 0.765798 0.291467 0.765798
1 0.291463 0.717159 0.321954 0.717159 0.321954 0.722933 0.291463 0.722933
1 0.291186 0.673204 0.321825 0.673204 0.321825 0.680561 0.291186 0.680561
1 0.291543 0.768630 0.322057 0.768630 0.322057 0.774410 0.291543 0.774410
1 0.398690 0.825512 0.404220 0.825512 0.404220 0.855329 0.398690 0.855329
1 0.291438 0.691583 0.322089 0.691583 0.322089 0.697433 0.291438 0.697433
1 0.291443 0.734424 0.322053 0.734424 0.322053 0.740057 0.291443 0.740057
1 0.489219 0.674436 0.518267 0.674436 0.518267 0.680316 0.489219 0.680316
1 0.571463 0.520247 0.596585 0.520247 0.596585 0.531022 0.571463 0.531022
1 0.407228 0.825417 0.412718 0.825417 0.412718 0.855240 0.407228 0.855240
1 0.467044 0.825340 0.473959 0.825340 0.473959 0.853866 0.467044 0.853866
1 0.291424 0.776952 0.322080 0.776952 0.322080 0.782910 0.291424 0.782910
1 0.321484 0.837824 0.325476 0.837824 0.325476 0.845857 0.321484 0.845857
1 0.274143 0.934814 0.278728 0.934814 0.278728 0.950635 0.274143 0.950635
1 0.291297 0.725875 0.322082 0.725875 0.322082 0.731507 0.291297 0.731507
1 0.489510 0.751309 0.519384 0.751309 0.519384 0.757294 0.489510 0.757294
1 0.364572 0.825434 0.370082 0.825434 0.370082 0.855402 0.364572 0.855402
1 0.291671 0.751463 0.321961 0.751463 0.321961 0.757134 0.291671 0.757134
1 0.489331 0.785557 0.519645 0.785557 0.519645 0.791362 0.489331 0.791362
1 0.291486 0.794196 0.322014 0.794196 0.322014 0.800140 0.291486 0.800140
1 0.441344 0.825463 0.447009 0.825463 0.447009 0.855007 0.441344 0.855007
1 0.110623 0.401341 0.118938 0.401341 0.118938 0.405281 0.110623 0.405281
1 0.041315 0.200812 0.044767 0.200812 0.044767 0.209266 0.041315 0.209266
1 0.489251 0.700163 0.519279 0.700163 0.519279 0.705881 0.489251 0.705881
1 0.489456 0.793966 0.519763 0.793966 0.519763 0.800031 0.489456 0.800031
1 0.571204 0.583060 0.597153 0.583060 0.597153 0.593319 0.571204 0.593319
1 0.292728 0.708781 0.321921 0.708781 0.321921 0.714575 0.292728 0.714575
1 0.356028 0.825571 0.361545 0.825571 0.361545 0.855358 0.356028 0.855358
1 0.449957 0.825458 0.455389 0.825458 0.455389 0.855060 0.449957 0.855060
1 0.059363 0.380004 0.063530 0.380004 0.063530 0.388997 0.059363 0.388997
1 0.390150 0.825375 0.395725 0.825375 0.395725 0.855378 0.390150 0.855378
1 0.292330 0.683060 0.322049 0.683060 0.322049 0.688860 0.292330 0.688860
1 0.496634 0.829480 0.504885 0.829480 0.504885 0.834130 0.496634 0.834130
1 0.489390 0.742747 0.518247 0.742747 0.518247 0.748735 0.489390 0.748735
1 0.489236 0.708743 0.519705 0.708743 0.519705 0.714527 0.489236 0.714527
1 0.347516 0.825446 0.353051 0.825446 0.353051 0.854105 0.347516 0.854105
1 0.455335 0.046744 0.458901 0.046744 0.458901 0.055853 0.455335 0.055853
1 0.458610 0.825342 0.463890 0.825342 0.463890 0.855136 0.458610 0.855136
1 0.432994 0.825503 0.438390 0.825503 0.438390 0.855254 0.432994 0.855254
1 0.292801 0.785684 0.322024 0.785684 0.322024 0.791468 0.292801 0.791468
1 0.355577 0.626996 0.361175 0.626996 0.361175 0.659051 0.355577 0.659051
1 0.127642 0.421634 0.135668 0.421634 0.135668 0.425469 0.127642 0.425469
1 0.415484 0.627193 0.421118 0.627193 0.421118 0.659120 0.415484 0.659120
1 0.517504 0.547367 0.525548 0.547367 0.525548 0.551266 0.517504 0.551266
1 0.747803 0.853877 0.751887 0.853877 0.751887 0.870724 0.747803 0.870724
1 0.406929 0.627139 0.412482 0.627139 0.412482 0.659009 0.406929 0.659009
1 0.338604 0.627482 0.344203 0.627482 0.344203 0.658956 0.338604 0.658956
1 0.381546 0.825369 0.387225 0.825369 0.387225 0.855499 0.381546 0.855499
1 0.543216 0.612267 0.584482 0.612267 0.584482 0.705903 0.543216 0.705903
1 0.683966 0.297711 0.692791 0.297711 0.692791 0.302750 0.683966 0.302750
1 0.339013 0.825310 0.344507 0.825310 0.344507 0.855589 0.339013 0.855589
1 0.331201 0.938881 0.346696 0.938881 0.346696 0.942603 0.331201 0.942603
1 0.211457 0.617067 0.215769 0.617067 0.215769 0.626741 0.211457 0.626741
1 0.415743 0.825345 0.421332 0.825345 0.421332 0.855311 0.415743 0.855311
1 0.373062 0.825395 0.378701 0.825395 0.378701 0.854017 0.373062 0.854017
1 0.398386 0.627111 0.404003 0.627111 0.404003 0.659097 0.398386 0.659097
1 0.424399 0.825376 0.429797 0.825376 0.429797 0.855472 0.424399 0.855472
1 0.476185 0.046661 0.479792 0.046661 0.479792 0.055819 0.476185 0.055819
1 0.190964 0.389699 0.199788 0.389699 0.199788 0.393396 0.190964 0.393396
1 0.292796 0.700258 0.322075 0.700258 0.322075 0.705875 0.292796 0.705875
1 0.292824 0.742914 0.322039 0.742914 0.322039 0.748702 0.292824 0.748702
1 0.653868 0.579846 0.657969 0.579846 0.657969 0.588250 0.653868 0.588250
1 0.293038 0.802683 0.322025 0.802683 0.322025 0.808640 0.293038 0.808640
1 0.424037 0.627370 0.429652 0.627370 0.429652 0.658866 0.424037 0.658866
1 0.331229 0.908810 0.347068 0.908810 0.347068 0.912833 0.331229 0.912833
1 0.191461 0.328446 0.200493 0.328446 0.200493 0.332149 0.191461 0.332149
1 0.582010 0.926202 0.585933 0.926202 0.585933 0.941726 0.582010 0.941726
1 0.466755 0.628642 0.472172 0.628642 0.472172 0.658861 0.466755 0.658861
1 0.339083 0.885851 0.342920 0.885851 0.342920 0.894147 0.339083 0.894147
1 0.364289 0.627249 0.369699 0.627249 0.369699 0.659205 0.364289 0.659205
1 0.381294 0.627058 0.386882 0.627058 0.386882 0.658975 0.381294 0.658975
1 0.159757 0.269595 0.164015 0.269595 0.164015 0.278093 0.159757 0.278093
1 0.754115 0.703088 0.763459 0.703088 0.763459 0.706551 0.754115 0.706551
1 0.441095 0.627313 0.446759 0.627313 0.446759 0.658974 0.441095 0.658974
1 0.449591 0.627165 0.455349 0.627165 0.455349 0.658978 0.449591 0.658978
1 0.041526 0.184293 0.044838 0.184293 0.044838 0.192542 0.041526 0.192542
1 0.346999 0.627343 0.352737 0.627343 0.352737 0.659048 0.346999 0.659048
1 0.684512 0.373065 0.693047 0.373065 0.693047 0.377445 0.684512 0.377445
1 0.735540 0.651934 0.739739 0.651934 0.739739 0.668561 0.735540 0.668561
1 0.196426 0.118481 0.205260 0.118481 0.205260 0.122203 0.196426 0.122203
1 0.252242 0.619241 0.256687 0.619241 0.256687 0.627941 0.252242 0.627941
1 0.458292 0.627265 0.463875 0.627265 0.463875 0.659050 0.458292 0.659050
1 0.754167 0.682725 0.763245 0.682725 0.763245 0.686226 0.754167 0.686226
1 0.633665 0.579814 0.637879 0.579814 0.637879 0.588506 0.633665 0.588506
1 0.432583 0.628133 0.438178 0.628133 0.438178 0.658863 0.432583 0.658863
1 0.031114 0.299089 0.046979 0.299089 0.046979 0.302142 0.031114 0.302142
1 0.245635 0.934133 0.249666 0.934133 0.249666 0.950871 0.245635 0.950871
1 0.389922 0.627092 0.395420 0.627092 0.395420 0.658907 0.389922 0.658907
1 0.359091 0.886088 0.363014 0.886088 0.363014 0.894231 0.359091 0.894231
1 0.053452 0.647652 0.063009 0.647652 0.063009 0.650942 0.053452 0.650942
1 0.372796 0.627096 0.378334 0.627096 0.378334 0.659013 0.372796 0.659013
1 0.788698 0.500906 0.798680 0.500906 0.798680 0.505216 0.788698 0.505216
1 0.684144 0.352752 0.692758 0.352752 0.692758 0.357180 0.684144 0.357180
1 0.789003 0.521920 0.798539 0.521920 0.798539 0.526049 0.789003 0.526049
1 0.316546 0.930880 0.320037 0.930880 0.320037 0.947061 0.316546 0.947061
1 0.550412 0.735058 0.592799 0.735058 0.592799 0.828654 0.550412 0.828654
1 0.308731 0.891630 0.317642 0.891630 0.317642 0.895015 0.308731 0.895015
1 0.718337 0.853605 0.722266 0.853605 0.722266 0.870367 0.718337 0.870367
1 0.706588 0.652932 0.710528 0.652932 0.710528 0.668740 0.706588 0.668740
1 0.301449 0.837681 0.305516 0.837681 0.305516 0.845896 0.301449 0.845896
1 0.191310 0.616692 0.195784 0.616692 0.195784 0.626572 0.191310 0.626572
1 0.327797 0.864886 0.331501 0.864886 0.331501 0.880466 0.327797 0.880466
1 0.353705 0.901819 0.370098 0.901819 0.370098 0.905821 0.353705 0.905821
1 0.110513 0.381198 0.118886 0.381198 0.118886 0.385310 0.110513 0.385310
1 0.190808 0.368243 0.199731 0.368243 0.199731 0.372208 0.190808 0.372208
1 0.501434 0.902057 0.505182 0.902057 0.505182 0.918406 0.501434 0.918406
1 0.258297 0.737426 0.268371 0.737426 0.268371 0.742391 0.258297 0.742391
1 0.353930 0.932075 0.369861 0.932075 0.369861 0.935932 0.353930 0.935932
1 0.150131 0.561211 0.153766 0.561211 0.153766 0.570122 0.150131 0.570122
1 0.053293 0.626960 0.063327 0.626960 0.063327 0.630630 0.053293 0.630630
1 0.575446 0.901823 0.579186 0.901823 0.579186 0.918190 0.575446 0.918190
1 0.649285 0.931133 0.652616 0.931133 0.652616 0.947101 0.649285 0.947101
1 0.626109 0.850581 0.630000 0.850581 0.630000 0.864683 0.626109 0.864683
1 0.026100 0.657228 0.029190 0.657228 0.029190 0.666842 0.026100 0.666842
1 0.259241 0.758323 0.267857 0.758323 0.267857 0.761828 0.259241 0.761828
1 0.478591 0.903706 0.482786 0.903706 0.482786 0.920037 0.478591 0.920037
1 0.529514 0.592066 0.537929 0.592066 0.537929 0.596113 0.529514 0.596113
1 0.449690 0.903971 0.454016 0.903971 0.454016 0.920281 0.449690 0.920281
1 0.070683 0.626974 0.080347 0.626974 0.080347 0.630620 0.070683 0.630620
1 0.127474 0.401685 0.135762 0.401685 0.135762 0.405714 0.127474 0.405714
1 0.139606 0.269358 0.143948 0.269358 0.143948 0.277844 0.139606 0.277844
1 0.405200 0.887019 0.409127 0.887019 0.409127 0.903020 0.405200 0.903020
1 0.763483 0.350732 0.773483 0.350732 0.773483 0.355066 0.763483 0.355066
1 0.575601 0.853756 0.578890 0.853756 0.578890 0.867957 0.575601 0.867957
1 0.031402 0.267851 0.047130 0.267851 0.047130 0.271241 0.031402 0.271241
1 0.376383 0.887086 0.380200 0.887086 0.380200 0.903188 0.376383 0.903188
1 0.546493 0.853516 0.549829 0.853516 0.549829 0.868014 0.546493 0.868014
1 0.376878 0.945545 0.392570 0.945545 0.392570 0.949177 0.376878 0.949177
1 0.150086 0.291230 0.154110 0.291230 0.154110 0.299712 0.150086 0.299712
1 0.545975 0.902182 0.549602 0.902182 0.549602 0.918299 0.545975 0.918299
1 0.517120 0.528111 0.525410 0.528111 0.525410 0.531793 0.517120 0.531793
1 0.169637 0.291053 0.173743 0.291053 0.173743 0.299704 0.169637 0.299704
1 0.504894 0.861913 0.508880 0.861913 0.508880 0.877356 0.504894 0.877356
1 0.286517 0.931479 0.290132 0.931479 0.290132 0.947445 0.286517 0.947445
1 0.196653 0.098217 0.205324 0.098217 0.205324 0.102168 0.196653 0.102168
1 0.089923 0.648030 0.093224 0.648030 0.093224 0.663999 0.089923 0.663999
1 0.039249 0.379655 0.043441 0.379655 0.043441 0.388843 0.039249 0.388843
1 0.530872 0.902411 0.534509 0.902411 0.534509 0.918266 0.530872 0.918266
1 0.515525 0.044670 0.518946 0.044670 0.518946 0.053555 0.515525 0.053555
1 0.070659 0.647639 0.080406 0.647639 0.080406 0.651159 0.070659 0.651159
1 0.533657 0.861229 0.537763 0.861229 0.537763 0.876739 0.533657 0.876739
1 0.691036 0.880425 0.694172 0.880425 0.694172 0.894998 0.691036 0.894998
1 0.784005 0.856234 0.787506 0.856234 0.787506 0.871558 0.784005 0.871558
1 0.211953 0.566495 0.215132 0.566495 0.215132 0.581994 0.211953 0.581994
1 0.150391 0.251892 0.154203 0.251892 0.154203 0.260328 0.150391 0.260328
1 0.529299 0.572469 0.537741 0.572469 0.537741 0.576414 0.529299 0.576414
1 0.763471 0.371898 0.773871 0.371898 0.773871 0.375247 0.763471 0.375247
1 0.619585 0.930667 0.623293 0.930667 0.623293 0.947181 0.619585 0.947181
1 0.270296 0.656619 0.273685 0.656619 0.273685 0.665939 0.270296 0.665939
1 0.118968 0.648121 0.122383 0.648121 0.122383 0.664054 0.118968 0.664054
0 0.012221 0.036832 0.028293 0.036832 0.028293 0.046374 0.012221 0.046374
1 0.028963 0.037167 0.031809 0.037167 0.031809 0.046207 0.028963 0.046207
1 0.008873 0.036664 0.011719 0.036664 0.011719 0.045705 0.008873 0.045705
1 0.061281 0.184460 0.064593 0.184460 0.064593 0.192709 0.061281 0.192709
1 0.061572 0.200812 0.065024 0.200812 0.065024 0.209266 0.061572 0.209266
1 0.005090 0.657803 0.008181 0.657803 0.008181 0.667417 0.005090 0.667417
1 0.170250 0.251604 0.174061 0.251604 0.174061 0.260041 0.170250 0.260041
1 0.190885 0.350319 0.199917 0.350319 0.199917 0.354022 0.190885 0.354022
1 0.129984 0.561211 0.133620 0.561211 0.133620 0.570122 0.129984 0.570122
1 0.308731 0.912473 0.317642 0.912473 0.317642 0.915859 0.308731 0.915859
1 0.297411 0.864384 0.301115 0.864384 0.301115 0.879963 0.297411 0.879963
1 0.255645 0.821430 0.273726 0.821430 0.273726 0.823941 0.255645 0.823941
1 0.256901 0.790542 0.273475 0.790542 0.273475 0.793806 0.256901 0.793806
1 0.250055 0.656568 0.252825 0.656568 0.252825 0.665984 0.250055 0.665984
1 0.233302 0.618908 0.235933 0.618908 0.235933 0.628185 0.233302 0.628185
1 0.179877 0.565054 0.183509 0.565054 0.183509 0.583214 0.179877 0.583214
1 0.225372 0.565245 0.228621 0.565245 0.228621 0.583405 0.225372 0.583405
1 0.256530 0.565054 0.259015 0.565054 0.259015 0.583787 0.256530 0.583787
1 0.551738 0.925426 0.555661 0.925426 0.555661 0.940949 0.551738 0.940949
1 0.496375 0.850696 0.504626 0.850696 0.504626 0.855346 0.496375 0.855346
1 0.655087 0.850064 0.658979 0.850064 0.658979 0.864165 0.655087 0.864165
1 0.631630 0.918683 0.647874 0.918683 0.647874 0.923469 0.631630 0.923469
1 0.658599 0.879903 0.661931 0.879903 0.661931 0.895872 0.658599 0.895872
1 0.659195 0.932724 0.662527 0.932724 0.662527 0.948693 0.659195 0.948693
1 0.690625 0.932646 0.693957 0.932646 0.693957 0.948615 0.690625 0.948615
1 0.815053 0.856234 0.818554 0.856234 0.818554 0.871558 0.815053 0.871558
1 0.684212 0.318893 0.693569 0.318893 0.693569 0.322401 0.684212 0.322401
1 0.494344 0.044424 0.497764 0.044424 0.497764 0.053309 0.494344 0.053309
1 0.376986 0.915699 0.392679 0.915699 0.392679 0.919330 0.376986 0.919330
1 0.013098 0.007013 0.016971 0.007013 0.016971 0.024882 0.013098 0.024882
1 0.023308 0.200508 0.027895 0.200508 0.027895 0.216374 0.023308 0.216374
1 0.012221 0.404757 0.022161 0.404757 0.022161 0.435151 0.012221 0.435151
1 0.109040 0.439547 0.138574 0.439547 0.138574 0.449201 0.109040 0.449201
1 0.094799 0.548601 0.104357 0.548601 0.104357 0.578326 0.094799 0.578326
1 0.086006 0.679447 0.097667 0.679447 0.097667 0.718920 0.086006 0.718920
1 0.086293 0.842597 0.097476 0.842597 0.097476 0.883122 0.086293 0.883122
1 0.071861 0.842693 0.083043 0.842693 0.083043 0.883218 0.071861 0.883218
1 0.058862 0.842788 0.070045 0.842788 0.070045 0.883313 0.058862 0.883313
1 0.044430 0.842884 0.055613 0.842884 0.055613 0.883409 0.044430 0.883409
1 0.030571 0.842788 0.041754 0.842788 0.041754 0.883313 0.030571 0.883313
1 0.017573 0.842884 0.028755 0.842884 0.028755 0.883409 0.017573 0.883409
1 0.004096 0.842884 0.015279 0.842884 0.015279 0.883409 0.004096 0.883409
1 0.071574 0.678969 0.083521 0.678969 0.083521 0.719398 0.071574 0.719398
1 0.058002 0.678969 0.069949 0.678969 0.069949 0.719398 0.058002 0.719398
1 0.044239 0.679064 0.056186 0.679064 0.056186 0.719494 0.044239 0.719494
1 0.030667 0.679064 0.042614 0.679064 0.042614 0.719494 0.030667 0.719494
1 0.016522 0.678778 0.028469 0.678778 0.028469 0.719207 0.016522 0.719207
1 0.002950 0.678778 0.014897 0.678778 0.014897 0.719207 0.002950 0.719207
1 0.081036 0.548983 0.090498 0.548983 0.090498 0.579377 0.081036 0.579377
1 0.067369 0.548792 0.076831 0.548792 0.076831 0.579186 0.067369 0.579186
1 0.053797 0.549079 0.063259 0.549079 0.063259 0.579473 0.053797 0.579473
1 0.040129 0.548888 0.049591 0.548888 0.049591 0.579281 0.040129 0.579281
1 0.026366 0.549748 0.035828 0.549748 0.035828 0.580142 0.026366 0.580142
1 0.012698 0.549557 0.022161 0.549557 0.022161 0.579951 0.012698 0.579951
1 0.108945 0.453119 0.138478 0.453119 0.138478 0.462773 0.108945 0.462773
1 0.109040 0.467360 0.138574 0.467360 0.138574 0.477014 0.109040 0.477014
1 0.108945 0.480932 0.138478 0.480932 0.138478 0.490586 0.108945 0.490586
1 0.109327 0.494026 0.138861 0.494026 0.138861 0.503680 0.109327 0.503680
1 0.109232 0.507598 0.138765 0.507598 0.138765 0.517252 0.109232 0.517252
1 0.109327 0.521839 0.138861 0.521839 0.138861 0.531493 0.109327 0.531493
1 0.109232 0.535411 0.138765 0.535411 0.138765 0.545065 0.109232 0.545065
1 0.025984 0.404662 0.035924 0.404662 0.035924 0.435055 0.025984 0.435055
1 0.053128 0.404566 0.063068 0.404566 0.063068 0.434960 0.053128 0.434960
1 0.039365 0.404662 0.049305 0.404662 0.049305 0.435055 0.039365 0.435055
1 0.094130 0.404470 0.104070 0.404470 0.104070 0.434864 0.094130 0.434864
1 0.080367 0.404566 0.090307 0.404566 0.090307 0.434960 0.080367 0.434960
1 0.066986 0.404566 0.076926 0.404566 0.076926 0.434960 0.066986 0.434960
