0 0.505975 0.753473 0.675298 0.753473 0.675298 0.870236 0.505975 0.870236
0 0.082395 0.698985 0.181842 0.698985 0.181842 0.802365 0.082395 0.802365
0 0.708483 0.754167 0.814111 0.754167 0.814111 0.853193 0.708483 0.853193
1 0.182303 0.697367 0.246741 0.697367 0.246741 0.724505 0.182303 0.724505
1 0.182303 0.775366 0.247004 0.775366 0.247004 0.803403 0.182303 0.803403
1 0.785807 0.853913 0.814735 0.853913 0.814735 0.917153 0.785807 0.917153
0 0.865401 0.959556 0.891412 0.959556 0.891412 0.975011 0.865401 0.975011
0 0.035861 0.606676 0.106400 0.606676 0.106400 0.661649 0.035861 0.661649
1 0.707500 0.853965 0.734534 0.853965 0.734534 0.915914 0.707500 0.915914
0 0.041882 0.538544 0.060614 0.538544 0.060614 0.585464 0.041882 0.585464
0 0.299218 0.181719 0.313476 0.181719 0.313476 0.207916 0.299218 0.207916
0 0.318346 0.329783 0.332729 0.329783 0.332729 0.357641 0.318346 0.357641
1 0.050814 0.703396 0.082278 0.703396 0.082278 0.796026 0.050814 0.796026
0 0.877046 0.893174 0.902821 0.893174 0.902821 0.908289 0.877046 0.908289
0 0.037056 0.460707 0.055812 0.460707 0.055812 0.507434 0.037056 0.507434
0 0.299396 0.251288 0.320803 0.251288 0.320803 0.284673 0.299396 0.284673
0 0.569360 0.463295 0.683525 0.463295 0.683525 0.577284 0.569360 0.577284
0 0.833349 0.822501 0.847688 0.822501 0.847688 0.848623 0.833349 0.848623
0 0.303848 0.592274 0.354575 0.592274 0.354575 0.617233 0.303848 0.617233
0 0.554772 0.634299 0.575506 0.634299 0.575506 0.667849 0.554772 0.667849
0 0.362052 0.193198 0.376228 0.193198 0.376228 0.219059 0.362052 0.219059
0 0.401028 0.541580 0.421964 0.541580 0.421964 0.575705 0.401028 0.575705
0 0.725187 0.927035 0.796463 0.927035 0.796463 0.983339 0.725187 0.983339
0 0.952673 0.947716 0.966903 0.947716 0.966903 0.973776 0.952673 0.973776
0 0.499216 0.302616 0.521300 0.302616 0.521300 0.336738 0.499216 0.336738
0 0.518505 0.228723 0.552396 0.228723 0.552396 0.249847 0.518505 0.249847
0 0.399706 0.599854 0.420382 0.599854 0.420382 0.633555 0.399706 0.633555
0 0.287328 0.382980 0.301966 0.382980 0.301966 0.409169 0.287328 0.409169
0 0.435716 0.421187 0.462009 0.421187 0.462009 0.435852 0.435716 0.435852
0 0.517704 0.162893 0.544000 0.162893 0.544000 0.177939 0.517704 0.177939
0 0.465769 0.302763 0.487062 0.302763 0.487062 0.336237 0.465769 0.336237
0 0.431713 0.599936 0.452457 0.599936 0.452457 0.633395 0.431713 0.633395
0 0.520309 0.633786 0.542264 0.633786 0.542264 0.667807 0.520309 0.667807
0 0.435759 0.397160 0.461949 0.397160 0.461949 0.411976 0.435759 0.411976
0 0.518760 0.194503 0.552880 0.194503 0.552880 0.215640 0.518760 0.215640
0 0.824496 0.965355 0.848804 0.965355 0.848804 0.977943 0.824496 0.977943
0 0.444470 0.213606 0.458818 0.213606 0.458818 0.239602 0.444470 0.239602
0 0.026639 0.898736 0.063354 0.898736 0.063354 0.966189 0.026639 0.966189
0 0.339856 0.261120 0.373388 0.261120 0.373388 0.282029 0.339856 0.282029
0 0.262624 0.707491 0.276862 0.707491 0.276862 0.733456 0.262624 0.733456
0 0.801529 0.007975 0.835694 0.007975 0.835694 0.028761 0.801529 0.028761
0 0.742178 0.016584 0.776252 0.016584 0.776252 0.037321 0.742178 0.037321
0 0.367990 0.541754 0.389832 0.541754 0.389832 0.575846 0.367990 0.575846
0 0.366520 0.599554 0.387872 0.599554 0.387872 0.633583 0.366520 0.633583
0 0.367773 0.347693 0.389400 0.347693 0.389400 0.381598 0.367773 0.381598
0 0.803933 0.595290 0.831383 0.595290 0.831383 0.609970 0.803933 0.609970
0 0.571433 0.229184 0.597958 0.229184 0.597958 0.244077 0.571433 0.244077
0 0.562299 0.037376 0.587785 0.037376 0.587785 0.050876 0.562299 0.050876
0 0.435084 0.542499 0.455991 0.542499 0.455991 0.576217 0.435084 0.576217
0 0.086236 0.899078 0.124488 0.899078 0.124488 0.967384 0.086236 0.967384
0 0.277089 0.778212 0.292801 0.778212 0.292801 0.804079 0.277089 0.804079
0 0.346501 0.052400 0.372712 0.052400 0.372712 0.066998 0.346501 0.066998
0 0.906661 0.941198 0.921356 0.941198 0.921356 0.967239 0.906661 0.967239
0 0.668145 0.676631 0.693940 0.676631 0.693940 0.692207 0.668145 0.692207
0 0.759046 0.595081 0.787099 0.595081 0.787099 0.610150 0.759046 0.610150
0 0.519774 0.035349 0.547848 0.035349 0.547848 0.049424 0.519774 0.049424
0 0.346648 0.074869 0.372931 0.074869 0.372931 0.089247 0.346648 0.089247
0 0.929845 0.934276 0.944220 0.934276 0.944220 0.960323 0.929845 0.960323
0 0.765919 0.400537 0.775137 0.400537 0.775137 0.418038 0.765919 0.418038
0 0.435769 0.371892 0.462035 0.371892 0.462035 0.386565 0.435769 0.386565
1 0.796571 0.933293 0.816023 0.933293 0.816023 0.977135 0.796571 0.977135
0 0.607093 0.299515 0.621435 0.299515 0.621435 0.327262 0.607093 0.327262
1 0.365193 0.633721 0.389061 0.633721 0.389061 0.642620 0.365193 0.642620
1 0.705746 0.933522 0.725180 0.933522 0.725180 0.977822 0.705746 0.977822
0 0.883649 0.923386 0.892893 0.923386 0.892893 0.940323 0.883649 0.940323
0 0.955064 0.917313 0.980223 0.917313 0.980223 0.929820 0.955064 0.929820
1 0.552864 0.193170 0.561326 0.193170 0.561326 0.216588 0.552864 0.216588
0 0.766642 0.360630 0.775655 0.360630 0.775655 0.378015 0.766642 0.378015
0 0.619847 0.212372 0.636000 0.212372 0.636000 0.220719 0.619847 0.220719
1 0.323712 0.572393 0.334574 0.572393 0.334574 0.591961 0.323712 0.591961
1 0.307484 0.572054 0.318615 0.572054 0.318615 0.591908 0.307484 0.591908
1 0.430264 0.633712 0.454157 0.633712 0.454157 0.642538 0.430264 0.642538
0 0.828347 0.685005 0.845385 0.685005 0.845385 0.694204 0.828347 0.694204
1 0.399291 0.533031 0.423163 0.533031 0.423163 0.541589 0.399291 0.541589
1 0.508426 0.225083 0.518404 0.225083 0.518404 0.251995 0.508426 0.251995
1 0.091872 0.967555 0.119428 0.967555 0.119428 0.984272 0.091872 0.984272
1 0.464108 0.293391 0.488000 0.293391 0.488000 0.302642 0.464108 0.302642
1 0.060794 0.539548 0.076202 0.539548 0.076202 0.552546 0.060794 0.552546
1 0.340124 0.572063 0.350894 0.572063 0.350894 0.591971 0.340124 0.591971
1 0.498258 0.293313 0.522036 0.293313 0.522036 0.302474 0.498258 0.302474
1 0.016535 0.612587 0.035861 0.612587 0.035861 0.654753 0.016535 0.654753
0 0.299997 0.042757 0.312352 0.042757 0.312352 0.067119 0.299997 0.067119
1 0.330685 0.259536 0.339681 0.259536 0.339681 0.283449 0.330685 0.283449
1 0.754221 0.853720 0.767282 0.853720 0.767282 0.869425 0.754221 0.869425
1 0.517873 0.623753 0.544112 0.623753 0.544112 0.633594 0.517873 0.633594
1 0.433619 0.575633 0.457760 0.575633 0.457760 0.584595 0.433619 0.584595
1 0.366672 0.533075 0.390585 0.533075 0.390585 0.541587 0.366672 0.541587
1 0.091554 0.879824 0.120219 0.879824 0.120219 0.898907 0.091554 0.898907
1 0.031592 0.966189 0.057628 0.966189 0.057628 0.984934 0.031592 0.984934
0 0.646055 0.658963 0.655138 0.658963 0.655138 0.675948 0.646055 0.675948
1 0.552473 0.226774 0.561357 0.226774 0.561357 0.251104 0.552473 0.251104
1 0.365333 0.338364 0.391370 0.338364 0.391370 0.347448 0.365333 0.347448
1 0.399371 0.576029 0.423156 0.576029 0.423156 0.584420 0.399371 0.584420
1 0.397934 0.590440 0.421644 0.590440 0.421644 0.599564 0.397934 0.599564
0 0.618463 0.408509 0.634480 0.408509 0.634480 0.416630 0.618463 0.416630
1 0.712888 0.719997 0.806737 0.719997 0.806737 0.752946 0.712888 0.752946
1 0.030193 0.879754 0.059085 0.879754 0.059085 0.898566 0.030193 0.898566
1 0.020740 0.475891 0.036104 0.475891 0.036104 0.490286 0.020740 0.490286
0 0.322256 0.047594 0.331799 0.047594 0.331799 0.064697 0.322256 0.064697
1 0.340099 0.617571 0.351124 0.617571 0.351124 0.637452 0.340099 0.637452
1 0.397931 0.633619 0.421812 0.633619 0.421812 0.642656 0.397931 0.642656
1 0.430451 0.590733 0.453719 0.590733 0.453719 0.599344 0.430451 0.599344
1 0.373567 0.259647 0.382062 0.259647 0.382062 0.283377 0.373567 0.283377
0 0.584136 0.685709 0.601542 0.685709 0.601542 0.695182 0.584136 0.695182
0 0.628774 0.658913 0.638195 0.658913 0.638195 0.676124 0.628774 0.676124
1 0.106400 0.612390 0.125298 0.612390 0.125298 0.653807 0.106400 0.653807
1 0.061068 0.572054 0.076181 0.572054 0.076181 0.584882 0.061068 0.584882
1 0.307514 0.617587 0.318686 0.617587 0.318686 0.637601 0.307514 0.637601
1 0.365664 0.590602 0.389006 0.590602 0.389006 0.599259 0.365664 0.599259
1 0.323814 0.617341 0.334888 0.617341 0.334888 0.637098 0.323814 0.637098
0 0.225518 0.755830 0.241556 0.755830 0.241556 0.764855 0.225518 0.764855
0 0.771161 0.646100 0.786665 0.646100 0.786665 0.654174 0.771161 0.654174
1 0.498263 0.336943 0.522180 0.336943 0.522180 0.344979 0.498263 0.344979
1 0.024218 0.554365 0.041231 0.554365 0.041231 0.570162 0.024218 0.570162
1 0.056613 0.493227 0.070906 0.493227 0.070906 0.506284 0.056613 0.506284
1 0.552523 0.708313 0.560988 0.708313 0.560988 0.748215 0.552523 0.748215
1 0.835892 0.004729 0.845465 0.004729 0.845465 0.030916 0.835892 0.030916
0 0.771829 0.130537 0.780572 0.130537 0.780572 0.146605 0.771829 0.146605
1 0.366663 0.382103 0.390547 0.382103 0.390547 0.391216 0.366663 0.391216
1 0.367097 0.576080 0.390660 0.576080 0.390660 0.584410 0.367097 0.584410
0 0.719245 0.297935 0.734952 0.297935 0.734952 0.306035 0.719245 0.306035
1 0.539633 0.536480 0.569329 0.536480 0.569329 0.546110 0.539633 0.546110
1 0.541209 0.481704 0.568675 0.481704 0.568675 0.491354 0.541209 0.491354
1 0.683755 0.482016 0.712064 0.482016 0.712064 0.490807 0.683755 0.490807
0 0.586981 0.064878 0.603783 0.064878 0.603783 0.074287 0.586981 0.074287
0 0.880486 0.866160 0.896277 0.866160 0.896277 0.874072 0.880486 0.874072
1 0.055841 0.460827 0.070953 0.460827 0.070953 0.474214 0.055841 0.474214
1 0.776464 0.015146 0.784435 0.015146 0.784435 0.038934 0.776464 0.038934
1 0.683652 0.536858 0.713383 0.536858 0.713383 0.545481 0.683652 0.545481
1 0.634509 0.707799 0.643107 0.707799 0.643107 0.748260 0.634509 0.748260
1 0.539965 0.509085 0.568888 0.509085 0.568888 0.518980 0.539965 0.518980
0 0.709276 0.590316 0.725280 0.590316 0.725280 0.598201 0.709276 0.598201
1 0.298360 0.242359 0.322008 0.242359 0.322008 0.250705 0.298360 0.250705
0 0.619836 0.229188 0.636043 0.229188 0.636043 0.237248 0.619836 0.237248
0 0.526515 0.593184 0.542469 0.593184 0.542469 0.601579 0.526515 0.601579
1 0.553486 0.624750 0.577078 0.624750 0.577078 0.633984 0.553486 0.633984
1 0.508271 0.191106 0.518422 0.191106 0.518422 0.218058 0.508271 0.218058
1 0.297896 0.285202 0.322241 0.285202 0.322241 0.294025 0.297896 0.294025
1 0.683731 0.509333 0.713051 0.509333 0.713051 0.518074 0.683731 0.518074
1 0.607086 0.708123 0.615770 0.708123 0.615770 0.748148 0.607086 0.748148
0 0.729481 0.280398 0.745167 0.280398 0.745167 0.288528 0.729481 0.288528
1 0.182303 0.742366 0.197405 0.742366 0.197405 0.758647 0.182303 0.758647
0 0.834760 0.770630 0.842684 0.770630 0.842684 0.786656 0.834760 0.786656
0 0.514725 0.519378 0.522712 0.519378 0.522712 0.535466 0.514725 0.535466
1 0.683616 0.564086 0.713296 0.564086 0.713296 0.572858 0.683616 0.572858
1 0.579791 0.707970 0.588354 0.707970 0.588354 0.748088 0.579791 0.748088
1 0.553203 0.668122 0.577107 0.668122 0.577107 0.676231 0.553203 0.676231
1 0.540220 0.550282 0.568984 0.550282 0.568984 0.560075 0.540220 0.560075
1 0.733428 0.014433 0.742022 0.014433 0.742022 0.039679 0.733428 0.039679
1 0.524922 0.708289 0.533823 0.708289 0.533823 0.747946 0.524922 0.747946
1 0.793164 0.006325 0.801282 0.006325 0.801282 0.030214 0.793164 0.030214
1 0.615551 0.434833 0.624047 0.434833 0.624047 0.463109 0.615551 0.463109
1 0.541096 0.522899 0.569075 0.522899 0.569075 0.532594 0.541096 0.532594
1 0.588118 0.433405 0.596717 0.433405 0.596717 0.463041 0.588118 0.463041
0 0.685866 0.413487 0.693942 0.413487 0.693942 0.429692 0.685866 0.429692
1 0.524904 0.871457 0.534010 0.871457 0.534010 0.910774 0.524904 0.910774
1 0.464040 0.336826 0.488141 0.336826 0.488141 0.344880 0.464040 0.344880
0 0.917869 0.914323 0.934166 0.914323 0.934166 0.922380 0.917869 0.922380
1 0.634480 0.871848 0.643302 0.871848 0.643302 0.910745 0.634480 0.910745
1 0.670284 0.434941 0.678490 0.434941 0.678490 0.463537 0.670284 0.463537
1 0.683663 0.550519 0.712204 0.550519 0.712204 0.559385 0.683663 0.559385
1 0.552561 0.871886 0.561476 0.871886 0.561476 0.910899 0.552561 0.910899
1 0.573427 0.577797 0.583423 0.577797 0.583423 0.608004 0.573427 0.608004
1 0.661469 0.709007 0.671998 0.709007 0.671998 0.747980 0.661469 0.747980
1 0.588190 0.577792 0.596882 0.577792 0.596882 0.607887 0.588190 0.607887
0 0.729293 0.319715 0.744744 0.319715 0.744744 0.327718 0.729293 0.327718
1 0.683633 0.523155 0.713216 0.523155 0.713216 0.531914 0.683633 0.531914
1 0.541062 0.468465 0.568483 0.468465 0.568483 0.477821 0.541062 0.477821
1 0.519283 0.668100 0.543133 0.668100 0.543133 0.676343 0.519283 0.676343
1 0.539652 0.563539 0.569543 0.563539 0.569543 0.574501 0.539652 0.574501
0 0.702883 0.433948 0.710808 0.433948 0.710808 0.449963 0.702883 0.449963
0 0.811944 0.647908 0.827532 0.647908 0.827532 0.656143 0.811944 0.656143
1 0.615703 0.577712 0.624145 0.577712 0.624145 0.607300 0.615703 0.607300
1 0.683543 0.495913 0.713440 0.495913 0.713440 0.504594 0.683543 0.504594
1 0.541128 0.495581 0.568964 0.495581 0.568964 0.504895 0.541128 0.504895
1 0.670371 0.577385 0.678702 0.577385 0.678702 0.607333 0.670371 0.607333
1 0.607029 0.872154 0.616081 0.872154 0.616081 0.910697 0.607029 0.910697
1 0.509707 0.709530 0.520220 0.709530 0.520220 0.748003 0.509707 0.748003
1 0.601784 0.433622 0.610350 0.433622 0.610350 0.463034 0.601784 0.463034
1 0.579665 0.872475 0.588863 0.872475 0.588863 0.910832 0.579665 0.910832
1 0.661951 0.871641 0.671809 0.871641 0.671809 0.910669 0.661951 0.910669
1 0.642926 0.433723 0.651537 0.433723 0.651537 0.463089 0.642926 0.463089
1 0.573871 0.433515 0.582966 0.433515 0.582966 0.463435 0.573871 0.463435
1 0.647825 0.707956 0.657072 0.707956 0.657072 0.748119 0.647825 0.748119
1 0.656694 0.577538 0.665237 0.577538 0.665237 0.607457 0.656694 0.607457
1 0.629372 0.577797 0.637815 0.577797 0.637815 0.607240 0.629372 0.607240
1 0.683872 0.468386 0.713233 0.468386 0.713233 0.477189 0.683872 0.477189
1 0.656203 0.433363 0.665070 0.433363 0.665070 0.463316 0.656203 0.463316
1 0.601862 0.577879 0.610536 0.577879 0.610536 0.606640 0.601862 0.606640
1 0.643065 0.577610 0.651492 0.577610 0.651492 0.607322 0.643065 0.607322
1 0.566091 0.707652 0.574671 0.707652 0.574671 0.748081 0.566091 0.748081
1 0.317812 0.325736 0.333256 0.325736 0.333256 0.329576 0.317812 0.329576
1 0.297538 0.067173 0.314337 0.067173 0.314337 0.071734 0.297538 0.071734
1 0.620771 0.707751 0.629330 0.707751 0.629330 0.748312 0.620771 0.748312
1 0.593261 0.872345 0.602571 0.872345 0.602571 0.910947 0.593261 0.910947
1 0.538712 0.707873 0.547346 0.707873 0.547346 0.747953 0.538712 0.747953
1 0.593358 0.707648 0.602057 0.707648 0.602057 0.748157 0.593358 0.748157
1 0.565961 0.872104 0.575255 0.872104 0.575255 0.911015 0.565961 0.911015
1 0.462093 0.396489 0.465447 0.396489 0.465447 0.412364 0.462093 0.412364
1 0.538602 0.871616 0.547828 0.871616 0.547828 0.911029 0.538602 0.911029
1 0.648078 0.871680 0.656901 0.871680 0.656901 0.910735 0.648078 0.910735
1 0.620772 0.872075 0.629687 0.872075 0.629687 0.910979 0.620772 0.910979
1 0.510824 0.871711 0.520448 0.871711 0.520448 0.910749 0.510824 0.910749
1 0.848900 0.963060 0.853704 0.963060 0.853704 0.978976 0.848900 0.978976
1 0.629032 0.433914 0.637667 0.433914 0.637667 0.463186 0.629032 0.463186
1 0.298550 0.177082 0.314861 0.177082 0.314861 0.181502 0.298550 0.181502
1 0.702856 0.449982 0.710865 0.449982 0.710865 0.453925 0.702856 0.453925
1 0.361714 0.219265 0.377741 0.219265 0.377741 0.223845 0.361714 0.223845
1 0.298431 0.208090 0.314728 0.208090 0.314728 0.212278 0.298431 0.212278
1 0.462081 0.420187 0.465447 0.420187 0.465447 0.436125 0.462081 0.436125
1 0.361100 0.188942 0.377993 0.188942 0.377993 0.193017 0.361100 0.193017
1 0.276486 0.773736 0.293378 0.773736 0.293378 0.778112 0.276486 0.778112
1 0.766106 0.418041 0.775198 0.418041 0.775198 0.421892 0.766106 0.421892
1 0.462071 0.371198 0.466171 0.371198 0.466171 0.387213 0.462071 0.387213
1 0.372766 0.051613 0.376353 0.051613 0.376353 0.067604 0.372766 0.067604
1 0.745294 0.280129 0.749249 0.280129 0.749249 0.288888 0.745294 0.288888
1 0.734874 0.297724 0.739233 0.297724 0.739233 0.306284 0.734874 0.306284
1 0.261336 0.733663 0.277900 0.733663 0.277900 0.737984 0.261336 0.737984
1 0.833768 0.766238 0.843274 0.766238 0.843274 0.770516 0.833768 0.770516
1 0.745016 0.319277 0.749501 0.319277 0.749501 0.328088 0.745016 0.328088
1 0.934097 0.914217 0.938211 0.914217 0.938211 0.922547 0.934097 0.922547
1 0.297888 0.037997 0.314823 0.037997 0.314823 0.042625 0.297888 0.042625
1 0.766559 0.356622 0.775824 0.356622 0.775824 0.360562 0.766559 0.360562
1 0.766654 0.378041 0.775512 0.378041 0.775512 0.381754 0.766654 0.381754
1 0.906124 0.936822 0.922000 0.936822 0.922000 0.941185 0.906124 0.941185
1 0.443858 0.239683 0.459596 0.239683 0.459596 0.243383 0.443858 0.243383
1 0.634484 0.408248 0.638888 0.408248 0.638888 0.417405 0.634484 0.417405
1 0.597942 0.228377 0.601905 0.228377 0.601905 0.244752 0.597942 0.244752
1 0.725433 0.280103 0.729384 0.280103 0.729384 0.288584 0.725433 0.288584
1 0.286256 0.409337 0.302732 0.409337 0.302732 0.413380 0.286256 0.413380
1 0.587972 0.036051 0.591607 0.036051 0.591607 0.051962 0.587972 0.051962
1 0.342517 0.073412 0.346534 0.073412 0.346534 0.089985 0.342517 0.089985
1 0.685648 0.429697 0.693895 0.429697 0.693895 0.433469 0.685648 0.433469
1 0.286525 0.379033 0.302800 0.379033 0.302800 0.382998 0.286525 0.382998
1 0.861504 0.959566 0.865164 0.959566 0.865164 0.975804 0.861504 0.975804
1 0.834646 0.786579 0.842942 0.786579 0.842942 0.790102 0.834646 0.790102
1 0.891542 0.959411 0.895232 0.959411 0.895232 0.975404 0.891542 0.975404
1 0.342493 0.051601 0.346356 0.051601 0.346356 0.067860 0.342493 0.067860
1 0.914222 0.914298 0.917820 0.914298 0.917820 0.922453 0.914222 0.922453
1 0.558058 0.036082 0.562216 0.036082 0.562216 0.051720 0.558058 0.051720
1 0.628691 0.676174 0.638700 0.676174 0.638700 0.680049 0.628691 0.680049
1 0.261754 0.703075 0.277478 0.703075 0.277478 0.707358 0.261754 0.707358
1 0.241459 0.756199 0.244824 0.756199 0.244824 0.764065 0.241459 0.764065
1 0.786754 0.645439 0.791151 0.645439 0.791151 0.655051 0.786754 0.655051
1 0.702734 0.429938 0.710843 0.429938 0.710843 0.433993 0.702734 0.433993
1 0.636163 0.229262 0.639737 0.229262 0.639737 0.237352 0.636163 0.237352
1 0.906068 0.967296 0.922010 0.967296 0.922010 0.971133 0.906068 0.971133
1 0.685759 0.409523 0.694151 0.409523 0.694151 0.413388 0.685759 0.413388
1 0.928674 0.930132 0.945062 0.930132 0.945062 0.934166 0.928674 0.934166
1 0.714596 0.297668 0.719107 0.297668 0.719107 0.306199 0.714596 0.306199
1 0.522781 0.592984 0.526494 0.592984 0.526494 0.602047 0.522781 0.602047
1 0.883646 0.940413 0.893027 0.940413 0.893027 0.944025 0.883646 0.944025
1 0.902885 0.893329 0.906626 0.893329 0.906626 0.909211 0.902885 0.909211
1 0.725322 0.590182 0.728983 0.590182 0.728983 0.598282 0.725322 0.598282
1 0.606363 0.295707 0.622748 0.295707 0.622748 0.299170 0.606363 0.299170
1 0.628585 0.655409 0.638099 0.655409 0.638099 0.658912 0.628585 0.658912
1 0.614134 0.408156 0.618373 0.408156 0.618373 0.416892 0.614134 0.416892
1 0.980267 0.915310 0.984137 0.915310 0.984137 0.931256 0.980267 0.931256
1 0.322511 0.064925 0.331561 0.064925 0.331561 0.068122 0.322511 0.068122
1 0.616220 0.212292 0.619773 0.212292 0.619773 0.220723 0.616220 0.220723
1 0.372817 0.073730 0.376680 0.073730 0.376680 0.089990 0.372817 0.089990
1 0.322511 0.044300 0.331561 0.044300 0.331561 0.047497 0.322511 0.047497
1 0.547737 0.035189 0.550907 0.035189 0.550907 0.049581 0.547737 0.049581
1 0.516733 0.035379 0.519967 0.035379 0.519967 0.049644 0.516733 0.049644
1 0.603807 0.064460 0.606961 0.064460 0.606961 0.074950 0.603807 0.074950
1 0.583781 0.064460 0.586935 0.064460 0.586935 0.074950 0.583781 0.074950
1 0.443858 0.209614 0.459596 0.209614 0.459596 0.213314 0.443858 0.213314
1 0.317545 0.358021 0.332989 0.358021 0.332989 0.361861 0.317545 0.361861
1 0.432417 0.371077 0.435619 0.371077 0.435619 0.386918 0.432417 0.386918
1 0.432244 0.396644 0.435788 0.396644 0.435788 0.412195 0.432244 0.412195
1 0.432244 0.420405 0.435788 0.420405 0.435788 0.435956 0.432244 0.435956
1 0.514132 0.161643 0.517638 0.161643 0.517638 0.178804 0.514132 0.178804
1 0.543566 0.161419 0.547073 0.161419 0.547073 0.178580 0.543566 0.178580
1 0.568058 0.228152 0.571564 0.228152 0.571564 0.244864 0.568058 0.244864
1 0.636188 0.212430 0.639741 0.212430 0.639741 0.220861 0.636188 0.220861
1 0.616194 0.229124 0.619769 0.229124 0.619769 0.237214 0.616194 0.237214
1 0.606540 0.327505 0.622924 0.327505 0.622924 0.330968 0.606540 0.330968
1 0.724890 0.319506 0.729375 0.319506 0.729375 0.328317 0.724890 0.328317
1 0.765878 0.396543 0.774969 0.396543 0.774969 0.400394 0.765878 0.400394
1 0.771687 0.125683 0.781117 0.125683 0.781117 0.130370 0.771687 0.130370
1 0.771687 0.146687 0.781250 0.146687 0.781250 0.150956 0.771687 0.150956
1 0.771687 0.146687 0.781250 0.146687 0.781250 0.150956 0.771687 0.150956
1 0.433205 0.533080 0.457347 0.533080 0.457347 0.542041 0.433205 0.542041
1 0.542676 0.592984 0.546389 0.592984 0.546389 0.602047 0.542676 0.602047
1 0.514399 0.535467 0.522989 0.535467 0.522989 0.539153 0.514399 0.539153
1 0.514550 0.515611 0.523140 0.515611 0.523140 0.519298 0.514550 0.519298
1 0.645722 0.655409 0.655235 0.655409 0.655235 0.658912 0.645722 0.658912
1 0.645722 0.676153 0.655235 0.676153 0.655235 0.679656 0.645722 0.679656
1 0.580632 0.685617 0.584060 0.685617 0.584060 0.695358 0.580632 0.695358
1 0.601737 0.685797 0.605165 0.685797 0.605165 0.695538 0.601737 0.695538
1 0.664692 0.676778 0.668119 0.676778 0.668119 0.692471 0.664692 0.692471
1 0.694095 0.676597 0.697522 0.676597 0.697522 0.692291 0.694095 0.692291
1 0.706243 0.590182 0.709197 0.590182 0.709197 0.598436 0.706243 0.598436
1 0.756413 0.595128 0.759062 0.595128 0.759062 0.610143 0.756413 0.610143
1 0.787460 0.594916 0.790153 0.594916 0.790153 0.610143 0.787460 0.610143
1 0.801062 0.594916 0.803756 0.594916 0.803756 0.610143 0.801062 0.610143
1 0.831624 0.594916 0.834317 0.594916 0.834317 0.610143 0.831624 0.610143
1 0.766792 0.645439 0.771189 0.645439 0.771189 0.655051 0.766792 0.655051
1 0.807599 0.647205 0.811996 0.647205 0.811996 0.656818 0.807599 0.656818
1 0.827384 0.647205 0.831781 0.647205 0.831781 0.656818 0.827384 0.656818
1 0.824601 0.685221 0.828425 0.685221 0.828425 0.694092 0.824601 0.694092
1 0.845623 0.685045 0.849447 0.685045 0.849447 0.693915 0.845623 0.693915
1 0.833093 0.818869 0.847740 0.818869 0.847740 0.822280 0.833093 0.822280
1 0.833249 0.848520 0.847895 0.848520 0.847895 0.851931 0.833249 0.851931
1 0.876459 0.866369 0.880340 0.866369 0.880340 0.874131 0.876459 0.874131
1 0.896020 0.866213 0.899901 0.866213 0.899901 0.873975 0.896020 0.873975
1 0.873234 0.892863 0.876975 0.892863 0.876975 0.908745 0.873234 0.908745
1 0.883490 0.919611 0.892872 0.919611 0.892872 0.923223 0.883490 0.923223
1 0.951082 0.915621 0.954951 0.915621 0.954951 0.931566 0.951082 0.931566
1 0.928830 0.960249 0.945218 0.960249 0.945218 0.964283 0.928830 0.964283
1 0.951805 0.944104 0.968051 0.944104 0.968051 0.947715 0.951805 0.947715
1 0.951805 0.973755 0.968051 0.973755 0.968051 0.977366 0.951805 0.977366
1 0.820646 0.963060 0.824764 0.963060 0.824764 0.979229 0.820646 0.979229
1 0.276711 0.803845 0.293603 0.803845 0.293603 0.808221 0.276711 0.808221
1 0.221686 0.756199 0.225051 0.756199 0.225051 0.764065 0.221686 0.764065
1 0.613055 0.024401 0.628593 0.024401 0.628593 0.029378 0.613055 0.029378
1 0.990027 0.854482 0.997087 0.854482 0.997087 0.883955 0.990027 0.883955
1 0.981817 0.854728 0.988877 0.854728 0.988877 0.884202 0.981817 0.884202
1 0.972868 0.854646 0.979929 0.854646 0.979929 0.884120 0.972868 0.884120
1 0.964658 0.854646 0.971719 0.854646 0.971719 0.884120 0.964658 0.884120
1 0.955874 0.854236 0.962934 0.854236 0.962934 0.883709 0.955874 0.883709
1 0.947664 0.854482 0.954724 0.854482 0.954724 0.883955 0.947664 0.883955
1 0.938715 0.854400 0.945776 0.854400 0.945776 0.883873 0.938715 0.883873
1 0.930505 0.854400 0.937566 0.854400 0.937566 0.883873 0.930505 0.883873
1 0.921310 0.854728 0.928371 0.854728 0.928371 0.884202 0.921310 0.884202
1 0.913100 0.854728 0.920161 0.854728 0.920161 0.884202 0.913100 0.884202
1 0.866058 0.830181 0.897584 0.830181 0.897584 0.837570 0.866058 0.837570
1 0.865812 0.821396 0.897337 0.821396 0.897337 0.828949 0.865812 0.828949
1 0.865647 0.813186 0.897173 0.813186 0.897173 0.820575 0.865647 0.820575
1 0.865401 0.804402 0.896927 0.804402 0.896927 0.811955 0.865401 0.811955
1 0.865729 0.796274 0.897255 0.796274 0.897255 0.803663 0.865729 0.803663
1 0.865483 0.787489 0.897009 0.787489 0.897009 0.795043 0.865483 0.795043
1 0.865319 0.779280 0.896845 0.779280 0.896845 0.786669 0.865319 0.786669
1 0.865073 0.770495 0.896598 0.770495 0.896598 0.778048 0.865073 0.778048
1 0.865483 0.762039 0.897009 0.762039 0.897009 0.769428 0.865483 0.769428
1 0.865237 0.753254 0.896763 0.753254 0.896763 0.760807 0.865237 0.760807
1 0.865073 0.745045 0.896598 0.745045 0.896598 0.752433 0.865073 0.752433
1 0.864826 0.736260 0.896352 0.736260 0.896352 0.743813 0.864826 0.743813
1 0.864662 0.701204 0.896188 0.701204 0.896188 0.708757 0.864662 0.708757
1 0.864908 0.710563 0.896434 0.710563 0.896434 0.717952 0.864908 0.717952
1 0.865073 0.718773 0.896598 0.718773 0.896598 0.726326 0.865073 0.726326
1 0.865319 0.727558 0.896845 0.727558 0.896845 0.734946 0.865319 0.734946
1 0.913414 0.654502 0.919919 0.654502 0.919919 0.686297 0.913414 0.686297
1 0.921952 0.654502 0.928458 0.654502 0.928458 0.686297 0.921952 0.686297
1 0.938947 0.654502 0.945453 0.654502 0.945453 0.686297 0.938947 0.686297
1 0.930409 0.654502 0.936915 0.654502 0.936915 0.686297 0.930409 0.686297
1 0.972775 0.654664 0.979281 0.654664 0.979281 0.686459 0.972775 0.686459
1 0.964237 0.654664 0.970742 0.654664 0.970742 0.686459 0.964237 0.686459
1 0.955780 0.654664 0.962285 0.654664 0.962285 0.686459 0.955780 0.686459
1 0.947242 0.654664 0.953747 0.654664 0.953747 0.686459 0.947242 0.686459
1 0.990014 0.654664 0.996520 0.654664 0.996520 0.686459 0.990014 0.686459
1 0.981476 0.654664 0.987981 0.654664 0.987981 0.686459 0.981476 0.686459
