0 0.099296 0.436743 0.261671 0.436743 0.261671 0.598672 0.099296 0.598672
0 0.398822 0.433176 0.560797 0.433176 0.560797 0.597261 0.398822 0.597261
0 0.696495 0.433379 0.859601 0.433379 0.859601 0.596861 0.696495 0.596861
0 0.302013 0.366850 0.329459 0.366850 0.329459 0.419066 0.302013 0.419066
0 0.260848 0.636222 0.285290 0.636222 0.285290 0.648455 0.260848 0.648455
0 0.346719 0.601246 0.362145 0.601246 0.362145 0.609375 0.346719 0.609375
0 0.334834 0.539533 0.350677 0.539533 0.350677 0.547545 0.334834 0.547545
0 0.305794 0.548279 0.314000 0.548279 0.314000 0.563851 0.305794 0.563851
0 0.463123 0.689583 0.489036 0.689583 0.489036 0.704456 0.463123 0.704456
0 0.034486 0.576846 0.049990 0.576846 0.049990 0.584744 0.034486 0.584744
0 0.290156 0.676244 0.360303 0.676244 0.360303 0.731123 0.290156 0.731123
0 0.449002 0.737517 0.464768 0.737517 0.464768 0.745462 0.449002 0.745462
0 0.461830 0.713635 0.489643 0.713635 0.489643 0.728088 0.461830 0.728088
0 0.031774 0.544724 0.047632 0.544724 0.047632 0.552707 0.031774 0.552707
0 0.305698 0.631193 0.358874 0.631193 0.358874 0.658292 0.305698 0.658292
0 0.507843 0.697218 0.535358 0.697218 0.535358 0.712021 0.507843 0.712021
0 0.601668 0.353936 0.628979 0.353936 0.628979 0.405968 0.601668 0.405968
0 0.901664 0.383876 0.928577 0.383876 0.928577 0.435329 0.901664 0.435329
0 0.558778 0.636471 0.583048 0.636471 0.583048 0.648581 0.558778 0.648581
0 0.677220 0.708766 0.710653 0.708766 0.710653 0.730049 0.677220 0.730049
0 0.859944 0.635398 0.884619 0.635398 0.884619 0.647994 0.859944 0.647994
0 0.695340 0.671230 0.728865 0.671230 0.728865 0.692635 0.695340 0.692635
0 0.908460 0.546593 0.916617 0.546593 0.916617 0.562180 0.908460 0.562180
0 0.631121 0.689044 0.652687 0.689044 0.652687 0.722626 0.631121 0.722626
0 0.901081 0.594859 0.928410 0.594859 0.928410 0.646796 0.901081 0.646796
0 0.606117 0.631973 0.658549 0.631973 0.658549 0.659434 0.606117 0.659434
0 0.607309 0.546408 0.615351 0.546408 0.615351 0.561968 0.607309 0.561968
0 0.633004 0.541280 0.648961 0.541280 0.648961 0.549445 0.633004 0.549445
0 0.645135 0.598311 0.660560 0.598311 0.660560 0.606245 0.645135 0.606245
0 0.598425 0.719701 0.615185 0.719701 0.615185 0.729226 0.598425 0.729226
1 0.216097 0.405436 0.224409 0.405436 0.224409 0.434360 0.216097 0.434360
1 0.175207 0.405513 0.183598 0.405513 0.183598 0.434353 0.175207 0.434353
1 0.105919 0.406037 0.115608 0.406037 0.115608 0.434230 0.105919 0.434230
1 0.134290 0.405647 0.142838 0.405647 0.142838 0.434224 0.134290 0.434224
1 0.229730 0.405909 0.238121 0.405909 0.238121 0.434208 0.229730 0.434208
1 0.148094 0.404695 0.156346 0.404695 0.156346 0.434256 0.148094 0.434256
1 0.188823 0.404204 0.197283 0.404204 0.197283 0.434278 0.188823 0.434278
1 0.120794 0.406133 0.129228 0.406133 0.129228 0.434223 0.120794 0.434223
1 0.161653 0.404833 0.170076 0.404833 0.170076 0.434126 0.161653 0.434126
1 0.067818 0.444286 0.096751 0.444286 0.096751 0.452979 0.067818 0.452979
1 0.202497 0.404369 0.210929 0.404369 0.210929 0.434187 0.202497 0.434187
1 0.067046 0.457917 0.097117 0.457917 0.097117 0.466701 0.067046 0.466701
1 0.243353 0.405883 0.251726 0.405883 0.251726 0.434398 0.243353 0.434398
1 0.067947 0.485320 0.097117 0.485320 0.097117 0.493779 0.067947 0.493779
1 0.067802 0.498780 0.097848 0.498780 0.097848 0.507136 0.067802 0.507136
1 0.068572 0.471601 0.096934 0.471601 0.096934 0.480057 0.068572 0.480057
1 0.216038 0.600165 0.224504 0.600165 0.224504 0.628063 0.216038 0.628063
1 0.175170 0.600144 0.183688 0.600144 0.183688 0.628069 0.175170 0.628069
1 0.120711 0.600225 0.129258 0.600225 0.129258 0.627912 0.120711 0.627912
1 0.161574 0.600333 0.169982 0.600333 0.169982 0.628304 0.161574 0.628304
1 0.243223 0.600227 0.251649 0.600227 0.251649 0.629058 0.243223 0.629058
1 0.134340 0.600163 0.142847 0.600163 0.142847 0.628008 0.134340 0.628008
1 0.202424 0.600336 0.210954 0.600336 0.210954 0.628821 0.202424 0.628821
1 0.229637 0.600334 0.238139 0.600334 0.238139 0.627850 0.229637 0.627850
1 0.105647 0.600054 0.115527 0.600054 0.115527 0.627755 0.105647 0.627755
1 0.147995 0.600310 0.156402 0.600310 0.156402 0.628374 0.147995 0.628374
1 0.068940 0.567330 0.096934 0.567330 0.096934 0.575564 0.068940 0.575564
1 0.066785 0.580421 0.096568 0.580421 0.096568 0.590566 0.066785 0.590566
1 0.188888 0.600235 0.197281 0.600235 0.197281 0.628907 0.188888 0.628907
1 0.066893 0.539744 0.097482 0.539744 0.097482 0.548668 0.066893 0.548668
1 0.067878 0.526223 0.097117 0.526223 0.097117 0.534580 0.067878 0.534580
1 0.066987 0.553220 0.097117 0.553220 0.097117 0.561658 0.066987 0.561658
1 0.067879 0.512469 0.096568 0.512469 0.096568 0.521224 0.067879 0.521224
1 0.256500 0.633776 0.260985 0.633776 0.260985 0.649956 0.256500 0.649956
1 0.050037 0.576759 0.054001 0.576759 0.054001 0.585243 0.050037 0.585243
1 0.030556 0.576506 0.034458 0.576506 0.034458 0.585228 0.030556 0.585228
1 0.027863 0.544571 0.031783 0.544571 0.031783 0.552973 0.027863 0.552973
1 0.047732 0.544817 0.051274 0.544817 0.051274 0.553012 0.047732 0.553012
1 0.420670 0.404698 0.428977 0.404698 0.428977 0.432084 0.420670 0.432084
1 0.447691 0.403007 0.456148 0.403007 0.456148 0.432035 0.447691 0.432035
1 0.405064 0.402616 0.414944 0.402616 0.414944 0.431669 0.405064 0.431669
1 0.367211 0.442669 0.396712 0.442669 0.396712 0.451407 0.367211 0.451407
1 0.301150 0.419702 0.330057 0.419702 0.330057 0.429926 0.301150 0.429926
1 0.461313 0.402840 0.469800 0.402840 0.469800 0.432008 0.461313 0.432008
1 0.488591 0.402495 0.497055 0.402495 0.497055 0.432206 0.488591 0.432206
1 0.262923 0.444398 0.291004 0.444398 0.291004 0.453268 0.262923 0.453268
1 0.367287 0.483591 0.396712 0.483591 0.396712 0.492391 0.367287 0.492391
1 0.434126 0.404152 0.442508 0.404152 0.442508 0.431992 0.434126 0.431992
1 0.474953 0.404045 0.483339 0.404045 0.483339 0.432059 0.474953 0.432059
1 0.262854 0.458130 0.291425 0.458130 0.291425 0.466862 0.262854 0.466862
1 0.366726 0.456287 0.396260 0.456287 0.396260 0.464968 0.366726 0.464968
1 0.368037 0.469929 0.396562 0.469929 0.396562 0.478378 0.368037 0.478378
1 0.262915 0.485507 0.291119 0.485507 0.291119 0.494158 0.262915 0.494158
1 0.301379 0.355079 0.329816 0.355079 0.329816 0.366812 0.301379 0.366812
1 0.367241 0.497268 0.396562 0.497268 0.396562 0.505650 0.367241 0.505650
1 0.262811 0.498936 0.291396 0.498936 0.291396 0.507773 0.262811 0.507773
1 0.262909 0.471692 0.291361 0.471692 0.291361 0.480553 0.262909 0.480553
1 0.502188 0.402593 0.510649 0.402593 0.510649 0.432223 0.502188 0.432223
1 0.433886 0.598537 0.442444 0.598537 0.442444 0.626088 0.433886 0.626088
1 0.359093 0.630184 0.369956 0.630184 0.369956 0.659281 0.359093 0.659281
1 0.474759 0.598486 0.483365 0.598486 0.483365 0.626181 0.474759 0.626181
1 0.295370 0.630129 0.305293 0.630129 0.305293 0.659400 0.295370 0.659400
1 0.406517 0.598392 0.415329 0.598392 0.415329 0.626032 0.406517 0.626032
1 0.447664 0.598583 0.456179 0.598583 0.456179 0.626755 0.447664 0.626755
1 0.420360 0.598497 0.428823 0.598497 0.428823 0.625995 0.420360 0.625995
1 0.488508 0.598505 0.497092 0.598505 0.497092 0.627147 0.488508 0.627147
1 0.368470 0.565314 0.396411 0.565314 0.396411 0.574358 0.368470 0.574358
1 0.366950 0.524438 0.396863 0.524438 0.396863 0.532922 0.366950 0.532922
1 0.367576 0.578860 0.397014 0.578860 0.397014 0.589124 0.367576 0.589124
1 0.461174 0.598593 0.469672 0.598593 0.469672 0.626794 0.461174 0.626794
1 0.366274 0.551665 0.397014 0.551665 0.397014 0.560647 0.366274 0.560647
1 0.262841 0.580747 0.291277 0.580747 0.291277 0.589629 0.262841 0.589629
1 0.262955 0.567162 0.291357 0.567162 0.291357 0.576083 0.262955 0.576083
1 0.367258 0.510836 0.396863 0.510836 0.396863 0.519362 0.367258 0.519362
1 0.262938 0.539948 0.291420 0.539948 0.291420 0.548695 0.262938 0.548695
1 0.262958 0.526314 0.291036 0.526314 0.291036 0.535081 0.262958 0.535081
1 0.366457 0.538102 0.396712 0.538102 0.396712 0.546483 0.366457 0.546483
1 0.360674 0.680392 0.379578 0.680392 0.379578 0.724364 0.360674 0.724364
1 0.285361 0.633825 0.289690 0.633825 0.289690 0.649680 0.285361 0.649680
1 0.269462 0.681811 0.289534 0.681811 0.289534 0.725296 0.269462 0.725296
1 0.488909 0.689093 0.492537 0.689093 0.492537 0.705320 0.488909 0.705320
1 0.263079 0.512699 0.291263 0.512699 0.291263 0.521518 0.263079 0.521518
1 0.263004 0.553536 0.291159 0.553536 0.291159 0.562422 0.263004 0.562422
1 0.459089 0.689155 0.463194 0.689155 0.463194 0.705143 0.459089 0.705143
1 0.458596 0.713032 0.462069 0.713032 0.462069 0.728650 0.458596 0.728650
1 0.342861 0.601047 0.346729 0.601047 0.346729 0.609396 0.342861 0.609396
1 0.502067 0.598538 0.510621 0.598538 0.510621 0.627236 0.502067 0.627236
1 0.305840 0.544250 0.314138 0.544250 0.314138 0.548265 0.305840 0.548265
1 0.331113 0.539441 0.334858 0.539441 0.334858 0.547815 0.331113 0.547815
1 0.362169 0.601108 0.366471 0.601108 0.366471 0.609532 0.362169 0.609532
1 0.444943 0.737509 0.449043 0.737509 0.449043 0.745641 0.444943 0.745641
1 0.305946 0.563897 0.314278 0.563897 0.314278 0.567550 0.305946 0.567550
1 0.350775 0.539528 0.354677 0.539528 0.354677 0.547643 0.350775 0.547643
1 0.464870 0.737426 0.468887 0.737426 0.468887 0.745741 0.464870 0.745741
1 0.489511 0.712974 0.493113 0.712974 0.493113 0.729275 0.489511 0.729275
1 0.504568 0.696586 0.507969 0.696586 0.507969 0.712679 0.504568 0.712679
1 0.732232 0.404072 0.740644 0.404072 0.740644 0.432256 0.732232 0.432256
1 0.543120 0.404230 0.551575 0.404230 0.551575 0.432167 0.543120 0.432167
1 0.563282 0.442790 0.591050 0.442790 0.591050 0.451571 0.563282 0.451571
1 0.529445 0.404331 0.537910 0.404331 0.537910 0.432106 0.529445 0.432106
1 0.718544 0.404325 0.726986 0.404325 0.726986 0.432288 0.718544 0.432288
1 0.600831 0.406539 0.629804 0.406539 0.629804 0.417286 0.600831 0.417286
1 0.601292 0.342322 0.629761 0.342322 0.629761 0.353619 0.601292 0.353619
1 0.703332 0.404396 0.713373 0.404396 0.713373 0.432339 0.703332 0.432339
1 0.515824 0.404189 0.524198 0.404189 0.524198 0.432061 0.515824 0.432061
1 0.665169 0.442705 0.694800 0.442705 0.694800 0.451460 0.665169 0.451460
1 0.664857 0.456343 0.694800 0.456343 0.694800 0.464832 0.664857 0.464832
1 0.563502 0.456437 0.591336 0.456437 0.591336 0.465155 0.563502 0.465155
1 0.563376 0.469990 0.591375 0.469990 0.591375 0.478847 0.563376 0.478847
1 0.563472 0.483671 0.591189 0.483671 0.591189 0.492454 0.563472 0.492454
1 0.666318 0.470070 0.695143 0.470070 0.695143 0.478515 0.666318 0.478515
1 0.745795 0.402945 0.754226 0.402945 0.754226 0.432207 0.745795 0.432207
1 0.665487 0.483751 0.694724 0.483751 0.694724 0.492211 0.665487 0.492211
1 0.563529 0.497250 0.591304 0.497250 0.591304 0.506063 0.563529 0.506063
1 0.664847 0.497414 0.695247 0.497414 0.695247 0.505803 0.664847 0.505803
1 0.595077 0.630649 0.606183 0.630649 0.606183 0.660127 0.595077 0.660127
1 0.515656 0.598357 0.524353 0.598357 0.524353 0.626115 0.515656 0.626115
1 0.704193 0.598255 0.713382 0.598255 0.713382 0.626021 0.704193 0.626021
1 0.718457 0.598517 0.727050 0.598517 0.727050 0.626125 0.718457 0.626125
1 0.629978 0.679939 0.654056 0.679939 0.654056 0.688814 0.629978 0.688814
1 0.628391 0.722677 0.654552 0.722677 0.654552 0.732429 0.628391 0.732429
1 0.711130 0.707208 0.719323 0.707208 0.719323 0.731617 0.711130 0.731617
1 0.529404 0.598463 0.537966 0.598463 0.537966 0.626189 0.529404 0.626189
1 0.729206 0.670063 0.738267 0.670063 0.738267 0.694116 0.729206 0.694116
1 0.687067 0.670132 0.695151 0.670132 0.695151 0.693942 0.687067 0.693942
1 0.543042 0.598478 0.551370 0.598478 0.551370 0.627058 0.543042 0.627058
1 0.658660 0.630934 0.669725 0.630934 0.669725 0.660088 0.658660 0.660088
1 0.668344 0.707650 0.676907 0.707650 0.676907 0.731735 0.668344 0.731735
1 0.732022 0.598589 0.740622 0.598589 0.740622 0.626130 0.732022 0.626130
1 0.563284 0.524559 0.591228 0.524559 0.591228 0.533324 0.563284 0.533324
1 0.563321 0.551791 0.591139 0.551791 0.591139 0.560620 0.563321 0.560620
1 0.583274 0.633492 0.587659 0.633492 0.587659 0.649839 0.583274 0.649839
1 0.563575 0.538205 0.591326 0.538205 0.591326 0.546898 0.563575 0.546898
1 0.563462 0.510859 0.591274 0.510859 0.591274 0.519712 0.563462 0.519712
1 0.563269 0.565472 0.591399 0.565472 0.591399 0.574300 0.563269 0.574300
1 0.665789 0.579031 0.694829 0.579031 0.694829 0.589233 0.665789 0.589233
1 0.563322 0.578891 0.591376 0.578891 0.591376 0.587839 0.563322 0.587839
1 0.745731 0.598653 0.754268 0.598653 0.754268 0.626853 0.745731 0.626853
1 0.666203 0.565450 0.694934 0.565450 0.694934 0.574283 0.666203 0.574283
1 0.554552 0.634032 0.558984 0.634032 0.558984 0.650128 0.554552 0.650128
1 0.607139 0.542625 0.615523 0.542625 0.615523 0.546390 0.607139 0.546390
1 0.664690 0.551734 0.694620 0.551734 0.694620 0.560482 0.664690 0.560482
1 0.535424 0.696186 0.538786 0.696186 0.538786 0.712909 0.535424 0.712909
1 0.664494 0.538254 0.695038 0.538254 0.695038 0.546786 0.664494 0.546786
1 0.607287 0.562034 0.615478 0.562034 0.615478 0.565675 0.607287 0.565675
1 0.641018 0.598223 0.645095 0.598223 0.645095 0.606518 0.641018 0.606518
1 0.665454 0.510916 0.695352 0.510916 0.695352 0.519812 0.665454 0.519812
1 0.648899 0.541079 0.652760 0.541079 0.652760 0.549539 0.648899 0.549539
1 0.665422 0.524585 0.694829 0.524585 0.694829 0.533404 0.665422 0.533404
1 0.660546 0.598371 0.664504 0.598371 0.664504 0.606426 0.660546 0.606426
1 0.615329 0.719688 0.618579 0.719688 0.618579 0.729180 0.615329 0.729180
1 0.595136 0.719747 0.598580 0.719747 0.598580 0.729210 0.595136 0.729210
1 0.629007 0.540952 0.632850 0.540952 0.632850 0.549577 0.629007 0.549577
1 0.813942 0.404070 0.822298 0.404070 0.822298 0.432368 0.813942 0.432368
1 0.773097 0.403918 0.781471 0.403918 0.781471 0.432318 0.773097 0.432318
1 0.800268 0.402685 0.808695 0.402685 0.808695 0.432397 0.800268 0.432397
1 0.759397 0.403130 0.767824 0.403130 0.767824 0.432379 0.759397 0.432379
1 0.786693 0.402638 0.795098 0.402638 0.795098 0.432323 0.786693 0.432323
1 0.841136 0.404354 0.849437 0.404354 0.849437 0.432623 0.841136 0.432623
1 0.861332 0.442896 0.888773 0.442896 0.888773 0.451789 0.861332 0.451789
1 0.827587 0.404393 0.835887 0.404393 0.835887 0.432355 0.827587 0.432355
1 0.900224 0.436104 0.929471 0.436104 0.929471 0.447362 0.900224 0.447362
1 0.900685 0.372198 0.929326 0.372198 0.929326 0.383460 0.900685 0.383460
1 0.861559 0.483736 0.888816 0.483736 0.888816 0.492629 0.861559 0.492629
1 0.861561 0.456510 0.889126 0.456510 0.889126 0.465321 0.861561 0.465321
1 0.861379 0.470110 0.889046 0.470110 0.889046 0.479053 0.861379 0.479053
1 0.861337 0.497321 0.889273 0.497321 0.889273 0.506252 0.861337 0.506252
1 0.827379 0.598565 0.836037 0.598565 0.836037 0.626099 0.827379 0.626099
1 0.841066 0.598569 0.849697 0.598569 0.849697 0.626869 0.841066 0.626869
1 0.800223 0.598741 0.808748 0.598741 0.808748 0.627043 0.800223 0.627043
1 0.759317 0.598676 0.767945 0.598676 0.767945 0.626698 0.759317 0.626698
1 0.900480 0.647075 0.929407 0.647075 0.929407 0.658376 0.900480 0.658376
1 0.786607 0.598651 0.795139 0.598651 0.795139 0.627038 0.786607 0.627038
1 0.900204 0.583238 0.929373 0.583238 0.929373 0.594496 0.900204 0.594496
1 0.813775 0.598744 0.822355 0.598744 0.822355 0.626219 0.813775 0.626219
1 0.772955 0.598611 0.781464 0.598611 0.781464 0.626168 0.772955 0.626168
1 0.884456 0.633184 0.889123 0.633184 0.889123 0.648877 0.884456 0.648877
1 0.861145 0.578992 0.889254 0.578992 0.889254 0.588106 0.861145 0.588106
1 0.861302 0.565479 0.889139 0.565479 0.889139 0.574473 0.861302 0.574473
1 0.861387 0.524685 0.888652 0.524685 0.888652 0.533558 0.861387 0.533558
1 0.861274 0.551793 0.888831 0.551793 0.888831 0.560892 0.861274 0.560892
1 0.861400 0.510942 0.888998 0.510942 0.888998 0.519994 0.861400 0.519994
1 0.861481 0.538235 0.889109 0.538235 0.889109 0.547141 0.861481 0.547141
1 0.855907 0.633022 0.860116 0.633022 0.860116 0.649096 0.855907 0.649096
1 0.908617 0.562208 0.917001 0.562208 0.917001 0.566122 0.908617 0.566122
1 0.908337 0.542713 0.916942 0.542713 0.916942 0.546522 0.908337 0.546522
