0 0.571497 0.464119 0.683456 0.464119 0.683456 0.576247 0.571497 0.576247
0 0.507570 0.751948 0.674862 0.751948 0.674862 0.870587 0.507570 0.870587
0 0.436566 0.371577 0.462673 0.371577 0.462673 0.386285 0.436566 0.386285
0 0.436340 0.397360 0.462516 0.397360 0.462516 0.411903 0.436340 0.411903
0 0.436610 0.421602 0.462842 0.421602 0.462842 0.436095 0.436610 0.436095
0 0.299638 0.181604 0.313830 0.181604 0.313830 0.207486 0.299638 0.207486
0 0.363625 0.193260 0.378053 0.193260 0.378053 0.218787 0.363625 0.218787
0 0.445684 0.213434 0.460074 0.213434 0.460074 0.239115 0.445684 0.239115
0 0.466524 0.302243 0.487449 0.302243 0.487449 0.335651 0.466524 0.335651
0 0.288001 0.382930 0.302547 0.382930 0.302547 0.409037 0.288001 0.409037
0 0.318996 0.329607 0.333299 0.329607 0.333299 0.357216 0.318996 0.357216
0 0.500886 0.302232 0.521930 0.302232 0.521930 0.335303 0.500886 0.335303
0 0.301787 0.042755 0.313671 0.042755 0.313671 0.066707 0.301787 0.066707
0 0.300574 0.251070 0.321675 0.251070 0.321675 0.284566 0.300574 0.284566
0 0.368450 0.347766 0.390105 0.347766 0.390105 0.381243 0.368450 0.381243
0 0.339727 0.261196 0.373824 0.261196 0.373824 0.282074 0.339727 0.282074
0 0.347473 0.052540 0.373433 0.052540 0.373433 0.067122 0.347473 0.067122
0 0.038253 0.460488 0.056450 0.460488 0.056450 0.506258 0.038253 0.506258
0 0.259988 0.020688 0.268955 0.020688 0.268955 0.037757 0.259988 0.037757
0 0.347709 0.074704 0.373765 0.074704 0.373765 0.089321 0.347709 0.089321
0 0.228403 0.030660 0.245818 0.030660 0.245818 0.040915 0.228403 0.040915
0 0.323024 0.047704 0.332641 0.047704 0.332641 0.064207 0.323024 0.064207
0 0.518073 0.163635 0.544200 0.163635 0.544200 0.178136 0.518073 0.178136
0 0.515797 0.519649 0.524007 0.519649 0.524007 0.535756 0.515797 0.535756
0 0.518302 0.194291 0.552400 0.194291 0.552400 0.215890 0.518302 0.215890
0 0.520672 0.035463 0.548446 0.035463 0.548446 0.049832 0.520672 0.049832
0 0.519770 0.228553 0.553733 0.228553 0.553733 0.249968 0.519770 0.249968
0 0.085002 0.698124 0.182566 0.698124 0.182566 0.801236 0.085002 0.801236
0 0.369011 0.542789 0.390158 0.542789 0.390158 0.576153 0.369011 0.576153
0 0.367655 0.599969 0.388644 0.599969 0.388644 0.633401 0.367655 0.633401
0 0.400809 0.599922 0.421482 0.599922 0.421482 0.633249 0.400809 0.633249
0 0.432602 0.599853 0.453381 0.599853 0.453381 0.633495 0.432602 0.633495
0 0.036872 0.605944 0.107027 0.605944 0.107027 0.662231 0.036872 0.662231
0 0.401660 0.541517 0.422616 0.541517 0.422616 0.575224 0.401660 0.575224
0 0.226841 0.755981 0.242971 0.755981 0.242971 0.764637 0.226841 0.764637
0 0.262872 0.707802 0.277406 0.707802 0.277406 0.733809 0.262872 0.733809
0 0.436034 0.541401 0.457313 0.541401 0.457313 0.574904 0.436034 0.574904
0 0.305612 0.591581 0.355457 0.591581 0.355457 0.617170 0.305612 0.617170
0 0.278859 0.777736 0.293578 0.777736 0.293578 0.803438 0.278859 0.803438
0 0.088491 0.896619 0.126898 0.896619 0.126898 0.965029 0.088491 0.965029
0 0.026489 0.898444 0.064400 0.898444 0.064400 0.966619 0.026489 0.966619
0 0.042909 0.539378 0.061182 0.539378 0.061182 0.585061 0.042909 0.585061
0 0.521066 0.634273 0.542831 0.634273 0.542831 0.667742 0.521066 0.667742
0 0.719988 0.297825 0.735574 0.297825 0.735574 0.305889 0.719988 0.305889
0 0.563544 0.037194 0.589235 0.037194 0.589235 0.050511 0.563544 0.050511
0 0.743838 0.016498 0.777202 0.016498 0.777202 0.037156 0.743838 0.037156
0 0.620625 0.211963 0.636652 0.211963 0.636652 0.220180 0.620625 0.220180
0 0.607880 0.299251 0.622286 0.299251 0.622286 0.326677 0.607880 0.326677
0 0.767009 0.400504 0.776241 0.400504 0.776241 0.417774 0.767009 0.417774
0 0.803319 0.008165 0.837076 0.008165 0.837076 0.029002 0.803319 0.029002
0 0.730284 0.280932 0.746060 0.280932 0.746060 0.289002 0.730284 0.289002
0 0.703908 0.434025 0.711898 0.434025 0.711898 0.449778 0.703908 0.449778
0 0.686783 0.413492 0.694919 0.413492 0.694919 0.429342 0.686783 0.429342
0 0.767032 0.360338 0.776134 0.360338 0.776134 0.377609 0.767032 0.377609
0 0.572171 0.229844 0.599163 0.229844 0.599163 0.244316 0.572171 0.244316
0 0.620936 0.229487 0.636711 0.229487 0.636711 0.237586 0.620936 0.237586
0 0.619099 0.408940 0.635099 0.408940 0.635099 0.417183 0.619099 0.417183
0 0.587622 0.065028 0.604409 0.065028 0.604409 0.074172 0.587622 0.074172
0 0.730656 0.319754 0.746345 0.319754 0.746345 0.327810 0.730656 0.327810
0 0.772396 0.130731 0.781717 0.130731 0.781717 0.146847 0.772396 0.146847
0 0.956078 0.917167 0.981101 0.917167 0.981101 0.929781 0.956078 0.929781
0 0.953718 0.947447 0.968199 0.947447 0.968199 0.973339 0.953718 0.973339
0 0.825547 0.965272 0.850073 0.965272 0.850073 0.977784 0.825547 0.977784
0 0.708741 0.753862 0.814282 0.753862 0.814282 0.853261 0.708741 0.853261
0 0.834101 0.822147 0.848386 0.822147 0.848386 0.848250 0.834101 0.848250
0 0.930759 0.934083 0.944965 0.934083 0.944965 0.960169 0.930759 0.960169
0 0.829095 0.684954 0.846277 0.684954 0.846277 0.693935 0.829095 0.693935
0 0.527628 0.593237 0.543120 0.593237 0.543120 0.601362 0.527628 0.601362
0 0.555601 0.634365 0.576907 0.634365 0.576907 0.667840 0.555601 0.667840
0 0.804578 0.594994 0.832835 0.594994 0.832835 0.609675 0.804578 0.609675
0 0.877767 0.893499 0.903628 0.893499 0.903628 0.908263 0.877767 0.908263
0 0.771618 0.646184 0.787225 0.646184 0.787225 0.654256 0.771618 0.654256
0 0.907068 0.940757 0.921938 0.940757 0.921938 0.966602 0.907068 0.966602
0 0.669126 0.676440 0.695491 0.676440 0.695491 0.691710 0.669126 0.691710
0 0.760035 0.594878 0.788182 0.594878 0.788182 0.609500 0.760035 0.609500
0 0.584906 0.686208 0.602354 0.686208 0.602354 0.695597 0.584906 0.695597
0 0.812547 0.647889 0.828263 0.647889 0.828263 0.656107 0.812547 0.656107
0 0.865711 0.959599 0.891631 0.959599 0.891631 0.974664 0.865711 0.974664
0 0.881329 0.865929 0.897543 0.865929 0.897543 0.874253 0.881329 0.874253
0 0.918777 0.914159 0.934895 0.914159 0.934895 0.922378 0.918777 0.922378
0 0.710220 0.589868 0.726171 0.589868 0.726171 0.598084 0.710220 0.598084
0 0.727091 0.929330 0.798243 0.929330 0.798243 0.986419 0.727091 0.986419
0 0.629657 0.659260 0.639017 0.659260 0.639017 0.676102 0.629657 0.676102
0 0.884469 0.923361 0.893903 0.923361 0.893903 0.940255 0.884469 0.940255
0 0.835610 0.770198 0.843708 0.770198 0.843708 0.786205 0.835610 0.786205
0 0.646774 0.658745 0.655971 0.658745 0.655971 0.675613 0.646774 0.675613
1 0.224895 0.030633 0.228428 0.030633 0.228428 0.040529 0.224895 0.040529
1 0.259540 0.037584 0.269273 0.037584 0.269273 0.041315 0.259540 0.041315
1 0.259614 0.016789 0.269224 0.016789 0.269224 0.020752 0.259614 0.020752
1 0.021600 0.476228 0.037981 0.476228 0.037981 0.489918 0.021600 0.489918
1 0.056909 0.493316 0.071710 0.493316 0.071710 0.506270 0.056909 0.506270
1 0.056672 0.460999 0.071692 0.460999 0.071692 0.473799 0.056672 0.473799
1 0.025152 0.554491 0.042256 0.554491 0.042256 0.570540 0.025152 0.570540
1 0.107517 0.612470 0.126227 0.612470 0.126227 0.653130 0.107517 0.653130
1 0.061671 0.540194 0.076871 0.540194 0.076871 0.552426 0.061671 0.552426
1 0.061949 0.571986 0.076828 0.571986 0.076828 0.584645 0.061949 0.584645
1 0.017252 0.612400 0.036546 0.612400 0.036546 0.655216 0.017252 0.655216
1 0.183056 0.743644 0.198290 0.743644 0.198290 0.758171 0.183056 0.758171
1 0.051170 0.704280 0.084186 0.704280 0.084186 0.795852 0.051170 0.795852
1 0.183219 0.696819 0.247381 0.696819 0.247381 0.725595 0.183219 0.725595
1 0.031072 0.880054 0.059555 0.880054 0.059555 0.898886 0.031072 0.898886
1 0.092441 0.879865 0.120999 0.879865 0.120999 0.896539 0.092441 0.896539
1 0.032347 0.967308 0.058873 0.967308 0.058873 0.984364 0.032347 0.984364
1 0.092706 0.965399 0.120760 0.965399 0.120760 0.983886 0.092706 0.983886
1 0.183219 0.775132 0.247355 0.775132 0.247355 0.803246 0.183219 0.803246
1 0.242882 0.755653 0.246676 0.755653 0.246676 0.764317 0.242882 0.764317
1 0.223454 0.755788 0.227124 0.755788 0.227124 0.764192 0.223454 0.764192
1 0.299008 0.207659 0.315453 0.207659 0.315453 0.211779 0.299008 0.211779
1 0.298863 0.066809 0.315839 0.066809 0.315839 0.071371 0.298863 0.071371
1 0.298790 0.037977 0.315442 0.037977 0.315442 0.042504 0.298790 0.042504
1 0.343509 0.051721 0.347373 0.051721 0.347373 0.067865 0.343509 0.067865
1 0.373532 0.051715 0.377293 0.051715 0.377293 0.067902 0.373532 0.067902
1 0.298941 0.177031 0.315216 0.177031 0.315216 0.181369 0.298941 0.181369
1 0.444822 0.209803 0.460667 0.209803 0.460667 0.213242 0.444822 0.213242
1 0.444772 0.239471 0.460803 0.239471 0.460803 0.243207 0.444772 0.243207
1 0.299226 0.242406 0.322901 0.242406 0.322901 0.250716 0.299226 0.250716
1 0.343555 0.073293 0.347481 0.073293 0.347481 0.089996 0.343555 0.089996
1 0.362498 0.188917 0.378699 0.188917 0.378699 0.192969 0.362498 0.192969
1 0.373911 0.074139 0.377444 0.074139 0.377444 0.090064 0.373911 0.090064
1 0.323079 0.043992 0.332588 0.043992 0.332588 0.047692 0.323079 0.047692
1 0.323142 0.064554 0.332662 0.064554 0.332662 0.068150 0.323142 0.068150
1 0.362581 0.219189 0.379044 0.219189 0.379044 0.223793 0.362581 0.223793
1 0.373622 0.259417 0.382831 0.259417 0.382831 0.283132 0.373622 0.283132
1 0.331588 0.259441 0.339523 0.259441 0.339523 0.283101 0.331588 0.283101
1 0.245856 0.030967 0.249731 0.030967 0.249731 0.040848 0.245856 0.040848
1 0.365997 0.338497 0.392472 0.338497 0.392472 0.347537 0.365997 0.347537
1 0.464919 0.293360 0.488897 0.293360 0.488897 0.302131 0.464919 0.302131
1 0.367492 0.381667 0.391472 0.381667 0.391472 0.390931 0.367492 0.390931
1 0.298613 0.285006 0.323261 0.285006 0.323261 0.293772 0.298613 0.293772
1 0.464885 0.336383 0.488921 0.336383 0.488921 0.344594 0.464885 0.344594
1 0.287254 0.378962 0.303343 0.378962 0.303343 0.382954 0.287254 0.382954
1 0.318659 0.325356 0.333940 0.325356 0.333940 0.329295 0.318659 0.329295
1 0.462610 0.370690 0.466804 0.370690 0.466804 0.387360 0.462610 0.387360
1 0.287250 0.409215 0.303528 0.409215 0.303528 0.413107 0.287250 0.413107
1 0.462604 0.396266 0.467025 0.396266 0.467025 0.412796 0.462604 0.412796
1 0.318150 0.357322 0.333560 0.357322 0.333560 0.360805 0.318150 0.360805
1 0.462869 0.420102 0.466850 0.420102 0.466850 0.436365 0.462869 0.436365
1 0.432498 0.420351 0.436688 0.420351 0.436688 0.436507 0.432498 0.436507
1 0.432895 0.370605 0.436645 0.370605 0.436645 0.387119 0.432895 0.387119
1 0.432661 0.396494 0.436572 0.396494 0.436572 0.412848 0.432661 0.412848
1 0.499038 0.293076 0.523179 0.293076 0.523179 0.301816 0.499038 0.301816
1 0.498991 0.336003 0.523285 0.336003 0.523285 0.344636 0.498991 0.344636
1 0.434498 0.532857 0.458293 0.532857 0.458293 0.541033 0.434498 0.541033
1 0.341072 0.617403 0.351982 0.617403 0.351982 0.637274 0.341072 0.637274
1 0.400189 0.575078 0.424180 0.575078 0.424180 0.584045 0.400189 0.584045
1 0.400267 0.532919 0.423968 0.532919 0.423968 0.541237 0.400267 0.541237
1 0.367747 0.576436 0.391667 0.576436 0.391667 0.584120 0.367747 0.584120
1 0.367458 0.532975 0.391503 0.532975 0.391503 0.542354 0.367458 0.542354
1 0.308478 0.617026 0.319396 0.617026 0.319396 0.637157 0.308478 0.637157
1 0.365764 0.633573 0.390042 0.633573 0.390042 0.642489 0.365764 0.642489
1 0.366227 0.590728 0.389916 0.590728 0.389916 0.599533 0.366227 0.599533
1 0.398457 0.633405 0.422525 0.633405 0.422525 0.642467 0.398457 0.642467
1 0.324649 0.617086 0.335635 0.617086 0.335635 0.636835 0.324649 0.636835
1 0.398685 0.590684 0.422369 0.590684 0.422369 0.599399 0.398685 0.599399
1 0.431042 0.633547 0.455071 0.633547 0.455071 0.642388 0.431042 0.642388
1 0.341070 0.571987 0.351677 0.571987 0.351677 0.591820 0.341070 0.591820
1 0.431250 0.590831 0.454887 0.590831 0.454887 0.599485 0.431250 0.599485
1 0.308381 0.571960 0.319228 0.571960 0.319228 0.592032 0.308381 0.592032
1 0.324597 0.572170 0.335466 0.572170 0.335466 0.591847 0.324597 0.591847
1 0.262044 0.733825 0.278174 0.733825 0.278174 0.737936 0.262044 0.737936
1 0.262451 0.703473 0.278183 0.703473 0.278183 0.707774 0.262451 0.707774
1 0.434324 0.574773 0.458183 0.574773 0.458183 0.583919 0.434324 0.583919
1 0.245995 0.698125 0.247500 0.698125 0.247500 0.723639 0.245995 0.723639
1 0.277598 0.773551 0.294181 0.773551 0.294181 0.777728 0.277598 0.777728
1 0.277933 0.803774 0.294339 0.803774 0.294339 0.807630 0.277933 0.807630
1 0.509434 0.225255 0.519370 0.225255 0.519370 0.252396 0.509434 0.252396
1 0.509293 0.191250 0.518340 0.191250 0.518340 0.218466 0.509293 0.218466
1 0.559384 0.035481 0.563609 0.035481 0.563609 0.052412 0.559384 0.052412
1 0.552592 0.192575 0.562117 0.192575 0.562117 0.216489 0.552592 0.216489
1 0.553812 0.226946 0.562236 0.226946 0.562236 0.250882 0.553812 0.250882
1 0.734119 0.014905 0.743558 0.014905 0.743558 0.039550 0.734119 0.039550
1 0.589152 0.035035 0.592838 0.035035 0.592838 0.052080 0.589152 0.052080
1 0.544326 0.161973 0.548513 0.161973 0.548513 0.178565 0.544326 0.178565
1 0.616807 0.229489 0.620515 0.229489 0.620515 0.237769 0.616807 0.237769
1 0.616431 0.212090 0.620224 0.212090 0.620224 0.220198 0.616431 0.220198
1 0.584191 0.064939 0.587690 0.064939 0.587690 0.074548 0.584191 0.074548
1 0.636856 0.212422 0.640562 0.212422 0.640562 0.220660 0.636856 0.220660
1 0.599020 0.228784 0.602769 0.228784 0.602769 0.244985 0.599020 0.244985
1 0.604431 0.064913 0.607955 0.064913 0.607955 0.074744 0.604431 0.074744
1 0.637005 0.229544 0.640610 0.229544 0.640610 0.237616 0.637005 0.237616
1 0.569092 0.228395 0.572559 0.228395 0.572559 0.245167 0.569092 0.245167
1 0.517695 0.034637 0.520888 0.034637 0.520888 0.050380 0.517695 0.050380
1 0.514206 0.162018 0.518078 0.162018 0.518078 0.178532 0.514206 0.178532
1 0.548355 0.034343 0.551359 0.034343 0.551359 0.050667 0.548355 0.050667
1 0.553680 0.259041 0.570394 0.259041 0.570394 0.262203 0.553680 0.262203
1 0.588875 0.433588 0.597530 0.433588 0.597530 0.462830 0.588875 0.462830
1 0.630001 0.434118 0.638113 0.434118 0.638113 0.463321 0.630001 0.463321
1 0.574776 0.433952 0.583866 0.433952 0.583866 0.462749 0.574776 0.462749
1 0.671077 0.434782 0.679346 0.434782 0.679346 0.462900 0.671077 0.462900
1 0.616345 0.434789 0.624742 0.434789 0.624742 0.462999 0.616345 0.462999
1 0.541955 0.468328 0.570676 0.468328 0.570676 0.477352 0.541955 0.477352
1 0.657245 0.433935 0.665891 0.433935 0.665891 0.462722 0.657245 0.462722
1 0.684671 0.468959 0.713699 0.468959 0.713699 0.476988 0.684671 0.476988
1 0.542083 0.481473 0.570864 0.481473 0.570864 0.490347 0.542083 0.490347
1 0.643608 0.433917 0.651968 0.433917 0.651968 0.462838 0.643608 0.462838
1 0.602601 0.433637 0.610888 0.433637 0.610888 0.462999 0.602601 0.462999
1 0.686714 0.409323 0.694851 0.409323 0.694851 0.413506 0.686714 0.413506
1 0.703824 0.449752 0.711871 0.449752 0.711871 0.453741 0.703824 0.453741
1 0.607632 0.293966 0.622208 0.293966 0.622208 0.299124 0.607632 0.299124
1 0.725811 0.280589 0.730330 0.280589 0.730330 0.289004 0.725811 0.289004
1 0.684188 0.481686 0.713239 0.481686 0.713239 0.490757 0.684188 0.490757
1 0.542069 0.495211 0.570770 0.495211 0.570770 0.503908 0.542069 0.503908
1 0.715602 0.297441 0.720032 0.297441 0.720032 0.306022 0.715602 0.306022
1 0.703675 0.429978 0.711878 0.429978 0.711878 0.434144 0.703675 0.434144
1 0.686725 0.429367 0.694932 0.429367 0.694932 0.433503 0.686725 0.433503
1 0.746106 0.280519 0.750461 0.280519 0.750461 0.289197 0.746106 0.289197
1 0.607749 0.326662 0.622657 0.326662 0.622657 0.331749 0.607749 0.331749
1 0.735614 0.297575 0.740099 0.297575 0.740099 0.306080 0.735614 0.306080
1 0.614875 0.408691 0.619200 0.408691 0.619200 0.417324 0.614875 0.417324
1 0.725768 0.319358 0.730520 0.319358 0.730520 0.327899 0.725768 0.327899
1 0.746072 0.319549 0.750593 0.319549 0.750593 0.327971 0.746072 0.327971
1 0.635124 0.408621 0.639668 0.408621 0.639668 0.417450 0.635124 0.417450
1 0.684188 0.495702 0.714000 0.495702 0.714000 0.504534 0.684188 0.504534
1 0.574212 0.577265 0.584022 0.577265 0.584022 0.607988 0.574212 0.607988
1 0.616281 0.577435 0.625001 0.577435 0.625001 0.606703 0.616281 0.606703
1 0.657498 0.577705 0.665993 0.577705 0.665993 0.607558 0.657498 0.607558
1 0.588970 0.577435 0.597619 0.577435 0.597619 0.607706 0.588970 0.607706
1 0.554425 0.668255 0.577976 0.668255 0.577976 0.676141 0.554425 0.676141
1 0.554176 0.624824 0.578181 0.624824 0.578181 0.634305 0.554176 0.634305
1 0.684958 0.563695 0.713809 0.563695 0.713809 0.572702 0.684958 0.572702
1 0.542048 0.549958 0.570864 0.549958 0.570864 0.558716 0.542048 0.558716
1 0.518666 0.623843 0.544999 0.623843 0.544999 0.634117 0.518666 0.634117
1 0.540635 0.563990 0.570582 0.563990 0.570582 0.573878 0.540635 0.573878
1 0.684671 0.550798 0.713330 0.550798 0.713330 0.559226 0.684671 0.559226
1 0.540622 0.508853 0.570582 0.508853 0.570582 0.518128 0.540622 0.518128
1 0.671124 0.577594 0.679484 0.577594 0.679484 0.607074 0.671124 0.607074
1 0.541908 0.522512 0.570864 0.522512 0.570864 0.531689 0.541908 0.531689
1 0.630021 0.577265 0.638589 0.577265 0.638589 0.606829 0.630021 0.606829
1 0.520213 0.668228 0.543750 0.668228 0.543750 0.676088 0.520213 0.676088
1 0.684832 0.522767 0.713982 0.522767 0.713982 0.531808 0.684832 0.531808
1 0.684188 0.509556 0.714057 0.509556 0.714057 0.518051 0.684188 0.518051
1 0.665963 0.676081 0.669538 0.676081 0.669538 0.692527 0.665963 0.692527
1 0.602880 0.577095 0.611383 0.577095 0.611383 0.606584 0.602880 0.606584
1 0.510704 0.709382 0.521059 0.709382 0.521059 0.747253 0.510704 0.747253
1 0.629504 0.655428 0.639019 0.655428 0.639019 0.659318 0.629504 0.659318
1 0.540353 0.536492 0.570676 0.536492 0.570676 0.545438 0.540353 0.545438
1 0.643762 0.577095 0.652339 0.577095 0.652339 0.607366 0.643762 0.607366
1 0.646491 0.675670 0.656453 0.675670 0.656453 0.679584 0.646491 0.679584
1 0.706343 0.589732 0.710134 0.589732 0.710134 0.598249 0.706343 0.598249
1 0.515666 0.535932 0.524170 0.535932 0.524170 0.539371 0.515666 0.539371
1 0.523777 0.593085 0.527737 0.593085 0.527737 0.601765 0.523777 0.601765
1 0.515530 0.515792 0.523931 0.515792 0.523931 0.519635 0.515530 0.519635
1 0.629533 0.676096 0.639007 0.676096 0.639007 0.679920 0.629533 0.679920
1 0.684993 0.536621 0.714035 0.536621 0.714035 0.545648 0.684993 0.545648
1 0.726245 0.589871 0.730021 0.589871 0.730021 0.598263 0.726245 0.598263
1 0.646701 0.655293 0.655882 0.655293 0.655882 0.658715 0.646701 0.658715
1 0.543403 0.593030 0.547515 0.593030 0.547515 0.601964 0.543403 0.601964
1 0.582218 0.685901 0.585337 0.685901 0.585337 0.695552 0.582218 0.695552
1 0.602313 0.686179 0.605511 0.686179 0.605511 0.695651 0.602313 0.695651
1 0.695303 0.676427 0.698780 0.676427 0.698780 0.692548 0.695303 0.692548
1 0.525692 0.708422 0.534631 0.708422 0.534631 0.747330 0.525692 0.747330
1 0.662255 0.709149 0.672567 0.709149 0.672567 0.747333 0.662255 0.747333
1 0.539351 0.708035 0.548388 0.708035 0.548388 0.747605 0.539351 0.747605
1 0.566807 0.708017 0.575683 0.708017 0.575683 0.747453 0.566807 0.747453
1 0.553089 0.708644 0.562095 0.708644 0.562095 0.747785 0.553089 0.747785
1 0.580374 0.708249 0.589455 0.708249 0.589455 0.747551 0.580374 0.747551
1 0.648681 0.708260 0.657696 0.708260 0.657696 0.747593 0.648681 0.747593
1 0.594022 0.708353 0.603191 0.708353 0.603191 0.747720 0.594022 0.747720
1 0.607713 0.708563 0.616679 0.708563 0.616679 0.747671 0.607713 0.747671
1 0.635046 0.708170 0.644256 0.708170 0.644256 0.747390 0.635046 0.747390
1 0.706423 0.933774 0.727044 0.933774 0.727044 0.977760 0.706423 0.977760
1 0.580621 0.872044 0.589635 0.872044 0.589635 0.910975 0.580621 0.910975
1 0.539561 0.871647 0.548568 0.871647 0.548568 0.910946 0.539561 0.910946
1 0.621666 0.871986 0.630616 0.871986 0.630616 0.910819 0.621666 0.910819
1 0.662542 0.871491 0.672747 0.871491 0.672747 0.910873 0.662542 0.910873
1 0.566923 0.871927 0.575974 0.871927 0.575974 0.910873 0.566923 0.910873
1 0.648883 0.871773 0.658022 0.871773 0.658022 0.910817 0.648883 0.910817
1 0.607938 0.872103 0.617029 0.872103 0.617029 0.910789 0.607938 0.910789
1 0.594340 0.871820 0.603370 0.871820 0.603370 0.910969 0.594340 0.910969
1 0.635376 0.871539 0.644337 0.871539 0.644337 0.910946 0.635376 0.910946
1 0.525849 0.871418 0.534969 0.871418 0.534969 0.910830 0.525849 0.910830
1 0.553309 0.871581 0.562297 0.871581 0.562297 0.911036 0.553309 0.911036
1 0.511586 0.871104 0.521324 0.871104 0.521324 0.911004 0.511586 0.911004
1 0.707629 0.853178 0.735930 0.853178 0.735930 0.916106 0.707629 0.916106
1 0.621606 0.708240 0.630165 0.708240 0.630165 0.747380 0.621606 0.747380
1 0.713828 0.720287 0.808047 0.720287 0.808047 0.753665 0.713828 0.753665
1 0.837436 0.004938 0.846714 0.004938 0.846714 0.031567 0.837436 0.031567
1 0.794325 0.006506 0.802969 0.006506 0.802969 0.030176 0.794325 0.030176
1 0.777601 0.015057 0.785690 0.015057 0.785690 0.038748 0.777601 0.038748
1 0.772587 0.146742 0.781895 0.146742 0.781895 0.151452 0.772587 0.151452
1 0.772417 0.126270 0.781888 0.126270 0.781888 0.130825 0.772417 0.130825
1 0.767075 0.417607 0.776113 0.417607 0.776113 0.421669 0.767075 0.421669
1 0.767154 0.396694 0.776046 0.396694 0.776046 0.400706 0.767154 0.400706
1 0.767075 0.356433 0.775949 0.356433 0.775949 0.360470 0.767075 0.360470
1 0.767232 0.377485 0.776136 0.377485 0.776136 0.381633 0.767232 0.381633
1 0.757380 0.594533 0.760163 0.594533 0.760163 0.610447 0.757380 0.610447
1 0.767029 0.645780 0.771649 0.645780 0.771649 0.654605 0.767029 0.654605
1 0.787289 0.645652 0.791944 0.645652 0.791944 0.654841 0.787289 0.654841
1 0.825216 0.685030 0.829163 0.685030 0.829163 0.693804 0.825216 0.693804
1 0.808337 0.647814 0.812575 0.647814 0.812575 0.656390 0.808337 0.656390
1 0.846279 0.684604 0.850088 0.684604 0.850088 0.693738 0.846279 0.693738
1 0.828068 0.647518 0.832688 0.647518 0.832688 0.656237 0.828068 0.656237
1 0.832685 0.593803 0.835573 0.593803 0.835573 0.610920 0.832685 0.610920
1 0.788038 0.594286 0.790912 0.594286 0.790912 0.610528 0.788038 0.610528
1 0.801998 0.594368 0.804809 0.594368 0.804809 0.610676 0.801998 0.610676
1 0.798419 0.933936 0.816935 0.933936 0.816935 0.977660 0.798419 0.977660
1 0.906710 0.936866 0.922679 0.936866 0.922679 0.940777 0.906710 0.940777
1 0.821581 0.963166 0.825624 0.963166 0.825624 0.978725 0.821581 0.978725
1 0.952176 0.915289 0.956156 0.915289 0.956156 0.931462 0.952176 0.931462
1 0.981087 0.915195 0.985259 0.915195 0.985259 0.931251 0.981087 0.931251
1 0.906747 0.966651 0.922802 0.966651 0.922802 0.970782 0.906747 0.970782
1 0.754641 0.853599 0.767974 0.853599 0.767974 0.869502 0.754641 0.869502
1 0.786943 0.853965 0.815753 0.853965 0.815753 0.917361 0.786943 0.917361
1 0.833474 0.818762 0.848807 0.818762 0.848807 0.822285 0.833474 0.822285
1 0.929652 0.960231 0.945825 0.960231 0.945825 0.964136 0.929652 0.964136
1 0.929838 0.930002 0.945690 0.930002 0.945690 0.934048 0.929838 0.934048
1 0.903663 0.893192 0.907416 0.893192 0.907416 0.909161 0.903663 0.909161
1 0.833536 0.848183 0.848742 0.848183 0.848742 0.851939 0.833536 0.851939
1 0.884583 0.919821 0.893678 0.919821 0.893678 0.923338 0.884583 0.923338
1 0.850027 0.963348 0.854369 0.963348 0.854369 0.979171 0.850027 0.979171
1 0.897442 0.866097 0.901612 0.866097 0.901612 0.874074 0.897442 0.874074
1 0.861907 0.959587 0.865701 0.959587 0.865701 0.976101 0.861907 0.976101
1 0.877182 0.866124 0.881579 0.866124 0.881579 0.874306 0.877182 0.874306
1 0.953156 0.943849 0.968842 0.943849 0.968842 0.947499 0.953156 0.947499
1 0.914839 0.914162 0.918917 0.914162 0.918917 0.922254 0.914839 0.922254
1 0.834845 0.765770 0.844050 0.765770 0.844050 0.770213 0.834845 0.770213
1 0.953018 0.973409 0.969321 0.973409 0.969321 0.978002 0.953018 0.978002
1 0.884458 0.940397 0.893940 0.940397 0.893940 0.944337 0.884458 0.944337
1 0.835531 0.786134 0.843779 0.786134 0.843779 0.789713 0.835531 0.789713
1 0.934704 0.914157 0.939032 0.914157 0.939032 0.922429 0.934704 0.922429
1 0.873384 0.893202 0.877467 0.893202 0.877467 0.908437 0.873384 0.908437
1 0.891600 0.959460 0.895808 0.959460 0.895808 0.975472 0.891600 0.975472
1 0.614500 0.023028 0.629514 0.023028 0.629514 0.027289 0.614500 0.027289
1 0.991484 0.853986 0.997477 0.853986 0.997477 0.884241 0.991484 0.884241
1 0.983075 0.854035 0.989068 0.854035 0.989068 0.884289 0.983075 0.884289
1 0.974327 0.854083 0.980320 0.854083 0.980320 0.884337 0.974327 0.884337
1 0.965918 0.854131 0.971911 0.854131 0.971911 0.884386 0.965918 0.884386
1 0.957267 0.854035 0.963260 0.854035 0.963260 0.884289 0.957267 0.884289
1 0.948857 0.854083 0.954850 0.854083 0.954850 0.884337 0.948857 0.884337
1 0.940110 0.854131 0.946103 0.854131 0.946103 0.884386 0.940110 0.884386
1 0.931700 0.854180 0.937693 0.854180 0.937693 0.884434 0.931700 0.884434
1 0.922856 0.854035 0.928849 0.854035 0.928849 0.884289 0.922856 0.884289
1 0.914447 0.854083 0.920440 0.854083 0.920440 0.884337 0.914447 0.884337
1 0.868099 0.830256 0.897628 0.830256 0.897628 0.837457 0.868099 0.837457
1 0.867519 0.821605 0.897048 0.821605 0.897048 0.828806 0.867519 0.828806
1 0.867615 0.812519 0.897145 0.812519 0.897145 0.819720 0.867615 0.819720
1 0.866600 0.804642 0.897725 0.804642 0.897725 0.811166 0.866600 0.811166
1 0.866794 0.796136 0.897773 0.796136 0.897773 0.802708 0.866794 0.802708
1 0.866504 0.787775 0.897628 0.787775 0.897628 0.794299 0.866504 0.794299
1 0.866697 0.779268 0.897676 0.779268 0.897676 0.785841 0.866697 0.785841
1 0.866117 0.762015 0.897241 0.762015 0.897241 0.768539 0.866117 0.768539
1 0.866310 0.753509 0.897290 0.753509 0.897290 0.760082 0.866310 0.760082
1 0.866407 0.770376 0.897386 0.770376 0.897386 0.776949 0.866407 0.776949
1 0.866165 0.745003 0.897290 0.745003 0.897290 0.751527 0.866165 0.751527
1 0.866359 0.736497 0.897338 0.736497 0.897338 0.743070 0.866359 0.743070
1 0.865982 0.727839 0.897107 0.727839 0.897107 0.734364 0.865982 0.734364
1 0.866176 0.719333 0.897155 0.719333 0.897155 0.725906 0.866176 0.725906
1 0.866031 0.710827 0.897155 0.710827 0.897155 0.717352 0.866031 0.717352
1 0.866097 0.700187 0.897203 0.700187 0.897203 0.708894 0.866097 0.708894
1 0.914299 0.655065 0.920380 0.655065 0.920380 0.685241 0.914299 0.685241
1 0.923006 0.655342 0.929088 0.655342 0.929088 0.685517 0.923006 0.685517
1 0.940098 0.655434 0.946180 0.655434 0.946180 0.685609 0.940098 0.685609
1 0.931391 0.655157 0.937472 0.655157 0.937472 0.685333 0.931391 0.685333
1 0.948299 0.655249 0.954380 0.655249 0.954380 0.685425 0.948299 0.685425
1 0.957006 0.655526 0.963087 0.655526 0.963087 0.685701 0.957006 0.685701
1 0.965483 0.654973 0.971564 0.654973 0.971564 0.685149 0.965483 0.685149
1 0.974190 0.655249 0.980271 0.655249 0.980271 0.685425 0.974190 0.685425
1 0.982390 0.655065 0.988472 0.655065 0.988472 0.685241 0.982390 0.685241
1 0.991097 0.655342 0.997179 0.655342 0.997179 0.685517 0.991097 0.685517
