0 0.641034 0.404181 0.795802 0.404181 0.795802 0.555093 0.641034 0.555093
0 0.234365 0.395314 0.466932 0.395314 0.466932 0.628179 0.234365 0.628179
0 0.492026 0.343059 0.504915 0.343059 0.504915 0.368887 0.492026 0.368887
0 0.165805 0.518157 0.174008 0.518157 0.174008 0.534301 0.165805 0.534301
0 0.063438 0.663046 0.089052 0.663046 0.089052 0.676406 0.063438 0.676406
0 0.147101 0.828837 0.161371 0.828837 0.161371 0.854404 0.147101 0.854404
0 0.088992 0.815934 0.103262 0.815934 0.103262 0.843435 0.088992 0.843435
0 0.082089 0.857387 0.096045 0.857387 0.096045 0.884684 0.082089 0.884684
0 0.175899 0.875084 0.188668 0.875084 0.188668 0.900472 0.175899 0.900472
0 0.105860 0.860318 0.119890 0.860318 0.119890 0.887814 0.105860 0.887814
0 0.251625 0.686821 0.259753 0.686821 0.259753 0.702603 0.251625 0.702603
0 0.181086 0.951518 0.195338 0.951518 0.195338 0.977433 0.181086 0.977433
0 0.197182 0.874417 0.211312 0.874417 0.211312 0.900189 0.197182 0.900189
0 0.219156 0.874913 0.233512 0.874913 0.233512 0.900697 0.219156 0.900697
0 0.276370 0.837872 0.308220 0.837872 0.308220 0.855735 0.276370 0.855735
0 0.325416 0.858109 0.334612 0.858109 0.334612 0.874609 0.325416 0.874609
0 0.040665 0.928199 0.066422 0.928199 0.066422 0.942542 0.040665 0.942542
0 0.080602 0.911528 0.094680 0.911528 0.094680 0.938908 0.080602 0.938908
0 0.326175 0.826811 0.334056 0.826811 0.334056 0.842588 0.326175 0.842588
0 0.133020 0.871400 0.147207 0.871400 0.147207 0.897180 0.133020 0.897180
0 0.104365 0.955245 0.118562 0.955245 0.118562 0.980898 0.104365 0.980898
0 0.066767 0.629017 0.082327 0.629017 0.082327 0.636943 0.066767 0.636943
0 0.292283 0.886619 0.308183 0.886619 0.308183 0.894410 0.292283 0.894410
0 0.082821 0.955166 0.095743 0.955166 0.095743 0.980893 0.082821 0.980893
0 0.025872 0.955065 0.039174 0.955065 0.039174 0.980787 0.025872 0.980787
0 0.267173 0.730517 0.276612 0.730517 0.276612 0.747134 0.267173 0.747134
0 0.131876 0.945100 0.145966 0.945100 0.145966 0.970787 0.131876 0.970787
0 0.121648 0.776211 0.149131 0.776211 0.149131 0.790461 0.121648 0.790461
0 0.054647 0.954271 0.068949 0.954271 0.068949 0.981722 0.054647 0.981722
0 0.490047 0.633181 0.507245 0.633181 0.507245 0.642997 0.490047 0.642997
0 0.250685 0.731473 0.258675 0.731473 0.258675 0.746819 0.250685 0.746819
0 0.211185 0.945773 0.220083 0.945773 0.220083 0.962196 0.211185 0.962196
0 0.249295 0.935928 0.257347 0.935928 0.257347 0.951805 0.249295 0.951805
0 0.276276 0.909387 0.284388 0.909387 0.284388 0.925291 0.276276 0.925291
0 0.049766 0.879357 0.063867 0.879357 0.063867 0.906754 0.049766 0.906754
0 0.212195 0.923759 0.228870 0.923759 0.228870 0.933296 0.212195 0.933296
0 0.344985 0.838357 0.377753 0.838357 0.377753 0.856472 0.344985 0.856472
0 0.259463 0.909073 0.269187 0.909073 0.269187 0.925454 0.259463 0.925454
0 0.267768 0.942656 0.284718 0.942656 0.284718 0.951675 0.267768 0.951675
0 0.218618 0.826265 0.232755 0.826265 0.232755 0.853837 0.218618 0.853837
0 0.332018 0.910241 0.348848 0.910241 0.348848 0.919273 0.332018 0.919273
0 0.220998 0.658471 0.230475 0.658471 0.230475 0.675229 0.220998 0.675229
0 0.229334 0.946403 0.237200 0.946403 0.237200 0.962158 0.229334 0.962158
0 0.520982 0.636026 0.538184 0.636026 0.538184 0.645428 0.520982 0.645428
0 0.550635 0.350772 0.576321 0.350772 0.576321 0.364214 0.550635 0.364214
0 0.550570 0.375525 0.576260 0.375525 0.576260 0.388763 0.550570 0.388763
0 0.551321 0.453646 0.577342 0.453646 0.577342 0.466716 0.551321 0.466716
0 0.550489 0.399885 0.576530 0.399885 0.576530 0.412777 0.550489 0.412777
0 0.548920 0.421176 0.576895 0.421176 0.576895 0.435890 0.548920 0.435890
0 0.552960 0.475819 0.578847 0.475819 0.578847 0.488684 0.552960 0.488684
0 0.591401 0.407964 0.604446 0.407964 0.604446 0.433375 0.591401 0.433375
0 0.723765 0.323384 0.734220 0.323384 0.734220 0.340542 0.723765 0.340542
0 0.780836 0.767338 0.793744 0.767338 0.793744 0.793029 0.780836 0.793029
0 0.547542 0.691149 0.556541 0.691149 0.556541 0.708066 0.547542 0.708066
0 0.745527 0.766261 0.766669 0.766261 0.766669 0.799688 0.745527 0.799688
0 0.691931 0.633383 0.762787 0.633383 0.762787 0.687939 0.691931 0.687939
0 0.561535 0.763980 0.578721 0.763980 0.578721 0.772897 0.561535 0.772897
0 0.713166 0.765857 0.734643 0.765857 0.734643 0.799412 0.713166 0.799412
0 0.558556 0.737069 0.567524 0.737069 0.567524 0.754086 0.558556 0.754086
0 0.524749 0.595847 0.532862 0.595847 0.532862 0.611694 0.524749 0.611694
0 0.524380 0.562891 0.532332 0.562891 0.532332 0.578487 0.524380 0.578487
0 0.557400 0.602054 0.566604 0.602054 0.566604 0.618737 0.557400 0.618737
0 0.552907 0.548382 0.560957 0.548382 0.560957 0.564224 0.552907 0.564224
0 0.576219 0.602460 0.585475 0.602460 0.585475 0.619323 0.576219 0.619323
1 0.193769 0.447271 0.232322 0.447271 0.232322 0.455138 0.193769 0.455138
1 0.193558 0.469412 0.232574 0.469412 0.232574 0.477405 0.193558 0.477405
1 0.240909 0.355071 0.248622 0.355071 0.248622 0.393891 0.240909 0.393891
1 0.194002 0.458377 0.232470 0.458377 0.232470 0.466317 0.194002 0.466317
1 0.194258 0.436147 0.232588 0.436147 0.232588 0.444087 0.194258 0.444087
1 0.194170 0.424997 0.232426 0.424997 0.232426 0.432915 0.194170 0.432915
1 0.193410 0.413962 0.232017 0.413962 0.232017 0.421848 0.193410 0.421848
1 0.193396 0.402919 0.231989 0.402919 0.231989 0.410887 0.193396 0.410887
1 0.252003 0.354386 0.259670 0.354386 0.259670 0.393792 0.252003 0.393792
1 0.193349 0.491590 0.232684 0.491590 0.232684 0.499635 0.193349 0.499635
1 0.193250 0.480543 0.232606 0.480543 0.232606 0.488741 0.193250 0.488741
1 0.193339 0.502805 0.233136 0.502805 0.233136 0.511501 0.193339 0.511501
1 0.059003 0.661327 0.063099 0.661327 0.063099 0.678244 0.059003 0.678244
1 0.220651 0.675420 0.230796 0.675420 0.230796 0.678613 0.220651 0.678613
1 0.251432 0.683179 0.259935 0.683179 0.259935 0.686638 0.251432 0.686638
1 0.082370 0.628681 0.085056 0.628681 0.085056 0.637356 0.082370 0.637356
1 0.221178 0.655301 0.230002 0.655301 0.230002 0.658564 0.221178 0.658564
1 0.250422 0.728114 0.258830 0.728114 0.258830 0.731353 0.250422 0.731353
1 0.088946 0.661572 0.092565 0.661572 0.092565 0.677901 0.088946 0.677901
1 0.063838 0.628545 0.066879 0.628545 0.066879 0.637286 0.063838 0.637286
1 0.165812 0.515717 0.173934 0.515717 0.173934 0.518058 0.165812 0.518058
1 0.251219 0.702889 0.260012 0.702889 0.260012 0.705908 0.251219 0.705908
1 0.165602 0.534445 0.174223 0.534445 0.174223 0.537193 0.165602 0.537193
1 0.250483 0.746971 0.258806 0.746971 0.258806 0.749438 0.250483 0.749438
1 0.149299 0.775285 0.152746 0.775285 0.152746 0.791920 0.149299 0.791920
1 0.145908 0.854738 0.162109 0.854738 0.162109 0.858213 0.145908 0.858213
1 0.217608 0.822974 0.234461 0.822974 0.234461 0.826161 0.217608 0.826161
1 0.218644 0.871970 0.234052 0.871970 0.234052 0.874594 0.218644 0.874594
1 0.118069 0.775307 0.121401 0.775307 0.121401 0.792383 0.118069 0.792383
1 0.105044 0.888150 0.120747 0.888150 0.120747 0.890860 0.105044 0.890860
1 0.211099 0.962255 0.220491 0.962255 0.220491 0.964975 0.211099 0.964975
1 0.145539 0.825298 0.161881 0.825298 0.161881 0.828748 0.145539 0.828748
1 0.048992 0.906940 0.064358 0.906940 0.064358 0.909690 0.048992 0.909690
1 0.105286 0.857172 0.120756 0.857172 0.120756 0.859983 0.105286 0.859983
1 0.054521 0.950571 0.069311 0.950571 0.069311 0.953571 0.054521 0.953571
1 0.229504 0.962395 0.237285 0.962395 0.237285 0.964690 0.229504 0.964690
1 0.080147 0.939214 0.094814 0.939214 0.094814 0.941884 0.080147 0.941884
1 0.180666 0.977530 0.195805 0.977530 0.195805 0.980855 0.180666 0.980855
1 0.024716 0.981141 0.039907 0.981141 0.039907 0.984044 0.024716 0.984044
1 0.217367 0.854256 0.234500 0.854256 0.234500 0.857158 0.217367 0.857158
1 0.087487 0.843669 0.104463 0.843669 0.104463 0.846795 0.087487 0.846795
1 0.196427 0.871778 0.212258 0.871778 0.212258 0.874265 0.196427 0.874265
1 0.174491 0.871862 0.190046 0.871862 0.190046 0.874420 0.174491 0.874420
1 0.081549 0.885192 0.096783 0.885192 0.096783 0.888286 0.081549 0.888286
1 0.132704 0.897692 0.147673 0.897692 0.147673 0.900505 0.132704 0.900505
1 0.228927 0.923017 0.232015 0.923017 0.232015 0.933390 0.228927 0.933390
1 0.081744 0.951849 0.096682 0.951849 0.096682 0.954478 0.081744 0.954478
1 0.081654 0.981219 0.096788 0.981219 0.096788 0.983977 0.081654 0.983977
1 0.211362 0.943119 0.219712 0.943119 0.219712 0.945387 0.211362 0.945387
1 0.208821 0.923583 0.211940 0.923583 0.211940 0.933287 0.208821 0.933287
1 0.249331 0.951856 0.257235 0.951856 0.257235 0.954326 0.249331 0.954326
1 0.025383 0.951592 0.040228 0.951592 0.040228 0.954564 0.025383 0.954564
1 0.219165 0.901246 0.233791 0.901246 0.233791 0.904061 0.219165 0.904061
1 0.249451 0.932822 0.257241 0.932822 0.257241 0.935345 0.249451 0.935345
1 0.131499 0.970934 0.146628 0.970934 0.146628 0.974044 0.131499 0.974044
1 0.229203 0.943702 0.237059 0.943702 0.237059 0.946026 0.229203 0.946026
1 0.103896 0.981250 0.118784 0.981250 0.118784 0.984038 0.103896 0.984038
1 0.081111 0.854117 0.096856 0.854117 0.096856 0.856904 0.081111 0.856904
1 0.088336 0.813036 0.103795 0.813036 0.103795 0.815551 0.088336 0.815551
1 0.103998 0.952116 0.118707 0.952116 0.118707 0.954902 0.103998 0.954902
1 0.180692 0.948307 0.195809 0.948307 0.195809 0.951168 0.180692 0.951168
1 0.259824 0.925669 0.268656 0.925669 0.268656 0.929554 0.259824 0.929554
1 0.132666 0.868297 0.148218 0.868297 0.148218 0.871148 0.132666 0.871148
1 0.131365 0.941862 0.146438 0.941862 0.146438 0.944695 0.131365 0.944695
1 0.049124 0.876115 0.064382 0.876115 0.064382 0.878869 0.049124 0.878869
1 0.080313 0.908289 0.095014 0.908289 0.095014 0.910899 0.080313 0.910899
1 0.196679 0.900644 0.211883 0.900644 0.211883 0.903402 0.196679 0.903402
1 0.174589 0.900813 0.189933 0.900813 0.189933 0.903544 0.174589 0.903544
1 0.259874 0.905521 0.268018 0.905521 0.268018 0.908810 0.259874 0.908810
1 0.054299 0.982225 0.069521 0.982225 0.069521 0.985002 0.054299 0.985002
1 0.441098 0.354737 0.448628 0.354737 0.448628 0.393588 0.441098 0.393588
1 0.407641 0.353917 0.415313 0.353917 0.415313 0.393554 0.407641 0.393554
1 0.395073 0.354934 0.404161 0.354934 0.404161 0.393556 0.395073 0.393556
1 0.296581 0.353960 0.306009 0.353960 0.306009 0.393638 0.296581 0.393638
1 0.418841 0.354069 0.426416 0.354069 0.426416 0.393629 0.418841 0.393629
1 0.285425 0.354116 0.293093 0.354116 0.293093 0.393974 0.285425 0.393974
1 0.452148 0.355575 0.459637 0.355575 0.459637 0.393643 0.452148 0.393643
1 0.263246 0.354435 0.270833 0.354435 0.270833 0.393862 0.263246 0.393862
1 0.490616 0.368859 0.507165 0.368859 0.507165 0.372923 0.490616 0.372923
1 0.467859 0.402606 0.508360 0.402606 0.508360 0.410709 0.467859 0.410709
1 0.429732 0.354157 0.437586 0.354157 0.437586 0.393847 0.429732 0.393847
1 0.467728 0.435926 0.509065 0.435926 0.509065 0.443949 0.467728 0.443949
1 0.467602 0.424726 0.509073 0.424726 0.509073 0.432743 0.467602 0.432743
1 0.468165 0.447085 0.509115 0.447085 0.509115 0.454997 0.468165 0.454997
1 0.467859 0.469210 0.508659 0.469210 0.508659 0.477222 0.467859 0.477222
1 0.467897 0.458124 0.509092 0.458124 0.509092 0.466169 0.467897 0.466169
1 0.490223 0.338652 0.506658 0.338652 0.506658 0.342959 0.490223 0.342959
1 0.467960 0.413754 0.508598 0.413754 0.508598 0.421660 0.467960 0.421660
1 0.274069 0.354229 0.281970 0.354229 0.281970 0.394092 0.274069 0.394092
1 0.467705 0.491434 0.507812 0.491434 0.507812 0.499556 0.467705 0.499556
1 0.468295 0.480409 0.508894 0.480409 0.508894 0.488391 0.468295 0.488391
1 0.467858 0.502752 0.508923 0.502752 0.508923 0.510183 0.467858 0.510183
1 0.314923 0.354815 0.385468 0.354815 0.385468 0.394917 0.314923 0.394917
1 0.486897 0.633385 0.489852 0.633385 0.489852 0.643222 0.486897 0.643222
1 0.267261 0.747198 0.276526 0.747198 0.276526 0.750803 0.267261 0.750803
1 0.267110 0.728124 0.276161 0.728124 0.276161 0.730359 0.267110 0.730359
1 0.277362 0.822379 0.284986 0.822379 0.284986 0.837780 0.277362 0.837780
1 0.288532 0.822601 0.296513 0.822601 0.296513 0.837496 0.288532 0.837496
1 0.345762 0.823875 0.353545 0.823875 0.353545 0.838200 0.345762 0.838200
1 0.299880 0.822698 0.307351 0.822698 0.307351 0.837577 0.299880 0.837577
1 0.345885 0.856587 0.353640 0.856587 0.353640 0.871292 0.345885 0.871292
1 0.277549 0.855735 0.285110 0.855735 0.285110 0.871075 0.277549 0.871075
1 0.299794 0.856072 0.307436 0.856072 0.307436 0.870601 0.299794 0.870601
1 0.367632 0.823233 0.374968 0.823233 0.374968 0.837982 0.367632 0.837982
1 0.356984 0.856703 0.364770 0.856703 0.364770 0.871336 0.356984 0.871336
1 0.367946 0.856472 0.375217 0.856472 0.375217 0.871445 0.367946 0.871445
1 0.276748 0.925735 0.284493 0.925735 0.284493 0.929609 0.276748 0.929609
1 0.325711 0.854247 0.334105 0.854247 0.334105 0.857806 0.325711 0.857806
1 0.326791 0.842968 0.334096 0.842968 0.334096 0.846549 0.326791 0.846549
1 0.326464 0.822934 0.333754 0.822934 0.333754 0.826550 0.326464 0.826550
1 0.264939 0.942739 0.267397 0.942739 0.267397 0.951608 0.264939 0.951608
1 0.276586 0.905735 0.283876 0.905735 0.283876 0.908950 0.276586 0.908950
1 0.308296 0.886581 0.310841 0.886581 0.310841 0.895033 0.308296 0.895033
1 0.289556 0.886543 0.292163 0.886543 0.292163 0.894707 0.289556 0.894707
1 0.326132 0.874702 0.334055 0.874702 0.334055 0.878071 0.326132 0.878071
1 0.285002 0.942496 0.287478 0.942496 0.287478 0.951452 0.285002 0.951452
1 0.349360 0.910193 0.351866 0.910193 0.351866 0.918665 0.349360 0.918665
1 0.329250 0.909633 0.331712 0.909633 0.331712 0.918933 0.329250 0.918933
1 0.548363 0.474255 0.553141 0.474255 0.553141 0.490293 0.548363 0.490293
1 0.546284 0.349509 0.550783 0.349509 0.550783 0.365553 0.546284 0.365553
1 0.711895 0.383591 0.726066 0.383591 0.726066 0.403976 0.711895 0.403976
1 0.659069 0.310931 0.688773 0.310931 0.688773 0.402990 0.659069 0.402990
1 0.576352 0.349484 0.581302 0.349484 0.581302 0.365530 0.576352 0.365530
1 0.576410 0.397613 0.581037 0.397613 0.581037 0.413356 0.576410 0.413356
1 0.576320 0.373760 0.580991 0.373760 0.580991 0.389485 0.576320 0.389485
1 0.590014 0.433468 0.605774 0.433468 0.605774 0.438309 0.590014 0.438309
1 0.546275 0.373553 0.550677 0.373553 0.550677 0.389604 0.546275 0.389604
1 0.576851 0.420336 0.581110 0.420336 0.581110 0.436402 0.576851 0.436402
1 0.577314 0.451796 0.582238 0.451796 0.582238 0.468367 0.577314 0.468367
1 0.589875 0.403399 0.605709 0.403399 0.605709 0.407903 0.589875 0.407903
1 0.578931 0.474346 0.584044 0.474346 0.584044 0.490359 0.578931 0.490359
1 0.544647 0.420325 0.549006 0.420325 0.549006 0.436707 0.544647 0.436707
1 0.545932 0.397600 0.550675 0.397600 0.550675 0.413693 0.545932 0.413693
1 0.546640 0.452033 0.551445 0.452033 0.551445 0.468295 0.546640 0.468295
1 0.724008 0.319470 0.733153 0.319470 0.733153 0.323488 0.724008 0.323488
1 0.724020 0.340288 0.733763 0.340288 0.733763 0.343876 0.724020 0.343876
1 0.746487 0.311036 0.775428 0.311036 0.775428 0.403183 0.746487 0.403183
1 0.670600 0.638305 0.690766 0.638305 0.690766 0.682354 0.670600 0.682354
1 0.575914 0.598668 0.585437 0.598668 0.585437 0.602015 0.575914 0.602015
1 0.547597 0.708169 0.556885 0.708169 0.556885 0.710637 0.547597 0.710637
1 0.575984 0.619527 0.585639 0.619527 0.585639 0.622877 0.575984 0.622877
1 0.538325 0.635949 0.541896 0.635949 0.541896 0.646142 0.538325 0.646142
1 0.557025 0.598264 0.566611 0.598264 0.566611 0.601620 0.557025 0.601620
1 0.524168 0.592377 0.532952 0.592377 0.532952 0.595319 0.524168 0.595319
1 0.558802 0.734443 0.567126 0.734443 0.567126 0.736917 0.558802 0.736917
1 0.547280 0.688072 0.556539 0.688072 0.556539 0.690753 0.547280 0.690753
1 0.557218 0.619345 0.566990 0.619345 0.566990 0.622807 0.557218 0.622807
1 0.523959 0.559567 0.532582 0.559567 0.532582 0.562215 0.523959 0.562215
1 0.517510 0.635723 0.520912 0.635723 0.520912 0.645799 0.517510 0.645799
1 0.507362 0.633130 0.510789 0.633130 0.510789 0.643321 0.507362 0.643321
1 0.552787 0.564719 0.561328 0.564719 0.561328 0.567812 0.552787 0.567812
1 0.524328 0.578577 0.532679 0.578577 0.532679 0.581112 0.524328 0.581112
1 0.552582 0.544308 0.561119 0.544308 0.561119 0.547735 0.552582 0.547735
1 0.524350 0.612025 0.532834 0.612025 0.532834 0.615624 0.524350 0.615624
1 0.710259 0.755208 0.736748 0.755208 0.736748 0.765516 0.710259 0.765516
1 0.711885 0.799735 0.735566 0.799735 0.735566 0.807925 0.711885 0.807925
1 0.558841 0.754297 0.567649 0.754297 0.567649 0.756716 0.558841 0.756716
1 0.578910 0.763696 0.581029 0.763696 0.581029 0.772852 0.578910 0.772852
1 0.558877 0.764041 0.561359 0.764041 0.561359 0.772761 0.558877 0.772761
1 0.744356 0.799808 0.768260 0.799808 0.768260 0.807828 0.744356 0.807828
1 0.744251 0.756528 0.768115 0.756528 0.768115 0.765674 0.744251 0.765674
1 0.762679 0.638208 0.782434 0.638208 0.782434 0.682396 0.762679 0.682396
1 0.779070 0.763354 0.794636 0.763354 0.794636 0.766787 0.779070 0.766787
1 0.779278 0.792923 0.794280 0.792923 0.794280 0.797055 0.779278 0.797055
1 0.625736 0.556574 0.809692 0.556574 0.809692 0.597788 0.625736 0.597788
1 0.467228 0.569308 0.508293 0.569308 0.508293 0.576739 0.467228 0.576739
1 0.467075 0.557991 0.507182 0.557991 0.507182 0.566112 0.467075 0.566112
1 0.467666 0.546966 0.508264 0.546966 0.508264 0.554948 0.467666 0.554948
1 0.467229 0.535767 0.508029 0.535767 0.508029 0.543778 0.467229 0.543778
1 0.467267 0.524680 0.508462 0.524680 0.508462 0.532725 0.467267 0.532725
1 0.467535 0.513642 0.508485 0.513642 0.508485 0.521553 0.467535 0.521553
1 0.468068 0.613819 0.507453 0.613819 0.507453 0.621250 0.468068 0.621250
1 0.467915 0.602502 0.508022 0.602502 0.508022 0.610623 0.467915 0.610623
1 0.468505 0.591476 0.509104 0.591476 0.509104 0.599459 0.468505 0.599459
1 0.468069 0.580277 0.508869 0.580277 0.508869 0.588289 0.468069 0.588289
1 0.193339 0.613628 0.233136 0.613628 0.233136 0.622324 0.193339 0.622324
1 0.193349 0.602413 0.232684 0.602413 0.232684 0.610458 0.193349 0.610458
1 0.193250 0.591366 0.232606 0.591366 0.232606 0.599564 0.193250 0.599564
1 0.193558 0.580235 0.232574 0.580235 0.232574 0.588228 0.193558 0.588228
1 0.194002 0.569200 0.232470 0.569200 0.232470 0.577140 0.194002 0.577140
1 0.193769 0.558094 0.232322 0.558094 0.232322 0.565961 0.193769 0.565961
1 0.194258 0.546970 0.232588 0.546970 0.232588 0.554910 0.194258 0.554910
1 0.194170 0.535820 0.232426 0.535820 0.232426 0.543738 0.194170 0.543738
1 0.193410 0.524785 0.232017 0.524785 0.232017 0.532671 0.193410 0.532671
1 0.193396 0.513742 0.231989 0.513742 0.231989 0.521710 0.193396 0.521710
1 0.452671 0.630019 0.460159 0.630019 0.460159 0.668087 0.452671 0.668087
1 0.441621 0.629965 0.449151 0.629965 0.449151 0.668816 0.441621 0.668816
1 0.430516 0.629647 0.438370 0.629647 0.438370 0.669337 0.430516 0.669337
1 0.418712 0.629903 0.426939 0.629903 0.426939 0.670426 0.418712 0.670426
1 0.408426 0.629929 0.416097 0.629929 0.416097 0.669566 0.408426 0.669566
1 0.396380 0.629639 0.405468 0.629639 0.405468 0.668262 0.396380 0.668262
1 0.297865 0.630227 0.305395 0.630227 0.305395 0.669078 0.297865 0.669078
1 0.286237 0.630169 0.294091 0.630169 0.294091 0.669859 0.286237 0.669859
1 0.274300 0.630343 0.281876 0.630343 0.281876 0.669903 0.274300 0.669903
1 0.263717 0.629119 0.271034 0.629119 0.271034 0.670089 0.263717 0.670089
1 0.252216 0.629642 0.260405 0.629642 0.260405 0.668784 0.252216 0.668784
1 0.241239 0.629119 0.249427 0.629119 0.249427 0.668262 0.241239 0.668262
1 0.316844 0.629533 0.387390 0.629533 0.387390 0.669635 0.316844 0.669635
1 0.036687 0.927035 0.040241 0.927035 0.040241 0.944599 0.036687 0.944599
1 0.066483 0.926930 0.070456 0.926930 0.070456 0.944076 0.066483 0.944076
1 0.012233 0.361175 0.015342 0.361175 0.015342 0.368609 0.012233 0.368609
1 0.008178 0.384221 0.013990 0.384221 0.013990 0.414973 0.008178 0.414973
1 0.016896 0.384356 0.022709 0.384356 0.022709 0.415108 0.016896 0.415108
1 0.025209 0.384154 0.031022 0.384154 0.031022 0.414905 0.025209 0.414905
1 0.033928 0.384289 0.039740 0.384289 0.039740 0.415040 0.033928 0.415040
1 0.068126 0.384356 0.074682 0.384356 0.074682 0.415175 0.068126 0.415175
1 0.059407 0.384221 0.065220 0.384221 0.065220 0.414973 0.059407 0.414973
1 0.051094 0.384424 0.056907 0.384424 0.056907 0.415175 0.051094 0.415175
1 0.042376 0.384289 0.048188 0.384289 0.048188 0.415040 0.042376 0.415040
1 0.091573 0.430968 0.120532 0.430968 0.120532 0.438795 0.091573 0.438795
1 0.091573 0.440787 0.120176 0.440787 0.120176 0.447831 0.091573 0.447831
1 0.091502 0.448899 0.120105 0.448899 0.120105 0.455943 0.091502 0.455943
1 0.091786 0.457579 0.121030 0.457579 0.121030 0.464765 0.091786 0.464765
1 0.091573 0.466117 0.120816 0.466117 0.120816 0.473304 0.091573 0.473304
1 0.091786 0.474584 0.121030 0.474584 0.121030 0.481771 0.091786 0.481771
1 0.091359 0.482838 0.121172 0.482838 0.121172 0.490167 0.091359 0.490167
1 0.091217 0.491519 0.121030 0.491519 0.121030 0.498847 0.091217 0.498847
1 0.091217 0.500057 0.121030 0.500057 0.121030 0.507386 0.091217 0.507386
1 0.091075 0.508737 0.120887 0.508737 0.120887 0.516066 0.091075 0.516066
1 0.091359 0.516920 0.121172 0.516920 0.121172 0.524249 0.091359 0.524249
1 0.091217 0.525601 0.121030 0.525601 0.121030 0.532929 0.091217 0.532929
1 0.091217 0.534139 0.121030 0.534139 0.121030 0.541467 0.091217 0.541467
1 0.091075 0.542819 0.120887 0.542819 0.120887 0.550148 0.091075 0.550148
1 0.091288 0.551429 0.121101 0.551429 0.121101 0.558757 0.091288 0.558757
1 0.091075 0.560180 0.120887 0.560180 0.120887 0.567509 0.091075 0.567509
1 0.067807 0.584748 0.075550 0.584748 0.075550 0.613653 0.067807 0.613653
1 0.058904 0.584361 0.066646 0.584361 0.066646 0.613266 0.058904 0.613266
1 0.050193 0.583974 0.057936 0.583974 0.057936 0.612879 0.050193 0.612879
1 0.041612 0.583780 0.049355 0.583780 0.049355 0.612686 0.041612 0.612686
1 0.032902 0.584554 0.040644 0.584554 0.040644 0.613460 0.032902 0.613460
1 0.024708 0.584296 0.031740 0.584296 0.031740 0.613911 0.024708 0.613911
1 0.016320 0.584232 0.023224 0.584232 0.023224 0.613782 0.016320 0.613782
1 0.007481 0.583780 0.014707 0.583780 0.014707 0.613589 0.007481 0.613589
1 0.055477 0.990594 0.072643 0.990594 0.072643 0.995396 0.055477 0.995396
1 0.151622 0.980277 0.159715 0.980277 0.159715 0.984101 0.151622 0.984101
