0 0.263466 0.512295 0.600117 0.512295 0.600117 0.847615 0.263466 0.847615
0 0.019127 0.431379 0.033324 0.431379 0.033324 0.457128 0.019127 0.457128
0 0.069053 0.381142 0.083108 0.381142 0.083108 0.408725 0.069053 0.408725
0 0.237934 0.328176 0.252111 0.328176 0.252111 0.355544 0.237934 0.355544
0 0.044963 0.456888 0.058408 0.456888 0.058408 0.482497 0.044963 0.482497
0 0.076448 0.497627 0.090836 0.497627 0.090836 0.523305 0.076448 0.523305
0 0.140951 0.277940 0.168573 0.277940 0.168573 0.292144 0.140951 0.292144
0 0.102101 0.457083 0.115195 0.457083 0.115195 0.482527 0.102101 0.482527
0 0.059859 0.430051 0.085670 0.430051 0.085670 0.444382 0.059859 0.444382
0 0.082859 0.164860 0.108378 0.164860 0.108378 0.177988 0.082859 0.177988
0 0.152295 0.373297 0.166575 0.373297 0.166575 0.399005 0.152295 0.399005
0 0.073855 0.456256 0.088259 0.456256 0.088259 0.483799 0.073855 0.483799
0 0.151147 0.447034 0.165305 0.447034 0.165305 0.472649 0.151147 0.472649
0 0.103882 0.501474 0.113403 0.501474 0.113403 0.517903 0.103882 0.517903
0 0.200383 0.453487 0.214456 0.453487 0.214456 0.479128 0.200383 0.479128
0 0.125067 0.362127 0.139183 0.362127 0.139183 0.389438 0.125067 0.389438
0 0.351277 0.411794 0.367892 0.411794 0.367892 0.420949 0.351277 0.420949
0 0.166395 0.330493 0.180559 0.330493 0.180559 0.356174 0.166395 0.356174
0 0.268514 0.437649 0.276583 0.437649 0.276583 0.453445 0.268514 0.453445
0 0.248654 0.448236 0.256405 0.448236 0.256405 0.464023 0.248654 0.464023
0 0.123607 0.457151 0.137651 0.457151 0.137651 0.483036 0.123607 0.483036
0 0.238462 0.376731 0.252681 0.376731 0.252681 0.402498 0.238462 0.402498
0 0.170690 0.486371 0.179517 0.486371 0.179517 0.502471 0.170690 0.502471
0 0.099867 0.413195 0.114148 0.413195 0.114148 0.440750 0.099867 0.440750
0 0.185394 0.020057 0.193595 0.020057 0.193595 0.036021 0.185394 0.036021
0 0.108273 0.317717 0.122509 0.317717 0.122509 0.345203 0.108273 0.345203
0 0.344711 0.359652 0.353887 0.359652 0.353887 0.376198 0.344711 0.376198
0 0.101404 0.359249 0.115510 0.359249 0.115510 0.386542 0.101404 0.386542
0 0.286963 0.444362 0.303914 0.444362 0.303914 0.453339 0.286963 0.453339
0 0.216417 0.376214 0.230605 0.376214 0.230605 0.402002 0.216417 0.402002
0 0.363534 0.339760 0.396999 0.339760 0.396999 0.358251 0.363534 0.358251
0 0.195238 0.376727 0.208231 0.376727 0.208231 0.402202 0.195238 0.402202
0 0.230532 0.447507 0.239400 0.447507 0.239400 0.464036 0.230532 0.464036
0 0.295580 0.411136 0.303679 0.411136 0.303679 0.426961 0.295580 0.426961
0 0.311467 0.388256 0.327295 0.388256 0.327295 0.396045 0.311467 0.396045
0 0.286516 0.232018 0.296171 0.232018 0.296171 0.248541 0.286516 0.248541
0 0.269985 0.233036 0.278048 0.233036 0.278048 0.248432 0.269985 0.248432
0 0.271090 0.188354 0.279199 0.188354 0.279199 0.204206 0.271090 0.204206
0 0.296030 0.339508 0.328049 0.339508 0.328049 0.356584 0.296030 0.356584
0 0.086183 0.130759 0.101655 0.130759 0.101655 0.138607 0.086183 0.138607
0 0.240459 0.160176 0.249892 0.160176 0.249892 0.177172 0.240459 0.177172
0 0.345570 0.328406 0.353448 0.328406 0.353448 0.344120 0.345570 0.344120
0 0.278740 0.410941 0.288499 0.410941 0.288499 0.427166 0.278740 0.427166
0 0.192857 0.493758 0.208805 0.493758 0.208805 0.501930 0.192857 0.501930
0 0.231332 0.425509 0.248064 0.425509 0.248064 0.434882 0.231332 0.434882
0 0.192776 0.513992 0.208761 0.513992 0.208761 0.521984 0.192776 0.521984
0 0.509513 0.134630 0.526753 0.134630 0.526753 0.144579 0.509513 0.144579
0 0.058717 0.609990 0.083849 0.609990 0.083849 0.623238 0.058717 0.623238
0 0.283348 0.915918 0.304441 0.915918 0.304441 0.947953 0.283348 0.947953
0 0.055590 0.545519 0.069806 0.545519 0.069806 0.571166 0.055590 0.571166
0 0.174773 0.699334 0.190517 0.699334 0.190517 0.707540 0.174773 0.707540
0 0.059960 0.867888 0.085644 0.867888 0.085644 0.882646 0.059960 0.882646
0 0.083116 0.963740 0.108826 0.963740 0.108826 0.977920 0.083116 0.977920
0 0.031697 0.558803 0.045556 0.558803 0.045556 0.586005 0.031697 0.586005
0 0.124314 0.965618 0.149461 0.965618 0.149461 0.978991 0.124314 0.978991
0 0.048704 0.648853 0.062813 0.648853 0.062813 0.676420 0.048704 0.676420
0 0.074387 0.686652 0.099722 0.686652 0.099722 0.700059 0.074387 0.700059
0 0.427750 0.945035 0.443442 0.945035 0.443442 0.952934 0.427750 0.952934
0 0.161568 0.562893 0.175475 0.562893 0.175475 0.588568 0.161568 0.588568
0 0.039309 0.927176 0.060825 0.927176 0.060825 0.960453 0.039309 0.960453
0 0.198815 0.765102 0.215857 0.765102 0.215857 0.774071 0.198815 0.774071
0 0.198107 0.739395 0.206065 0.739395 0.206065 0.755164 0.198107 0.755164
0 0.168177 0.963852 0.193603 0.963852 0.193603 0.977414 0.168177 0.977414
0 0.113075 0.936418 0.138303 0.936418 0.138303 0.950091 0.113075 0.950091
0 0.063638 0.587379 0.089001 0.587379 0.089001 0.600752 0.063638 0.600752
0 0.031648 0.820202 0.057103 0.820202 0.057103 0.833495 0.031648 0.833495
0 0.149118 0.726943 0.164756 0.726943 0.164756 0.735043 0.149118 0.735043
0 0.143722 0.803571 0.156371 0.803571 0.156371 0.827999 0.143722 0.827999
0 0.109598 0.593681 0.135543 0.593681 0.135543 0.608046 0.109598 0.608046
0 0.230513 0.894938 0.246403 0.894938 0.246403 0.903051 0.230513 0.903051
0 0.072743 0.933991 0.098426 0.933991 0.098426 0.947361 0.072743 0.947361
0 0.071935 0.896472 0.085044 0.896472 0.085044 0.922097 0.071935 0.922097
0 0.116292 0.730980 0.129485 0.730980 0.129485 0.756482 0.116292 0.756482
0 0.121028 0.697238 0.137577 0.697238 0.137577 0.706777 0.121028 0.706777
0 0.181269 0.715634 0.197037 0.715634 0.197037 0.723507 0.181269 0.723507
0 0.320843 0.907849 0.336623 0.907849 0.336623 0.915694 0.320843 0.915694
0 0.230207 0.870737 0.246303 0.870737 0.246303 0.878797 0.230207 0.878797
0 0.001622 0.791607 0.014932 0.791607 0.014932 0.816993 0.001622 0.816993
0 0.120749 0.634422 0.136319 0.634422 0.136319 0.642453 0.120749 0.642453
0 0.197860 0.638407 0.212197 0.638407 0.212197 0.664277 0.197860 0.664277
0 0.427587 0.922894 0.443387 0.922894 0.443387 0.931004 0.427587 0.931004
0 0.108586 0.570733 0.136089 0.570733 0.136089 0.585060 0.108586 0.585060
0 0.400296 0.896879 0.408323 0.896879 0.408323 0.912685 0.400296 0.912685
0 0.354625 0.938025 0.362799 0.938025 0.362799 0.953822 0.354625 0.953822
0 0.120175 0.616794 0.136939 0.616794 0.136939 0.626423 0.120175 0.626423
0 0.460364 0.929545 0.475997 0.929545 0.475997 0.937560 0.460364 0.937560
0 0.188536 0.872049 0.204364 0.872049 0.204364 0.880107 0.188536 0.880107
0 0.148204 0.775559 0.164355 0.775559 0.164355 0.783850 0.148204 0.783850
0 0.189688 0.782464 0.205627 0.782464 0.205627 0.790552 0.189688 0.790552
0 0.401042 0.937767 0.408935 0.937767 0.408935 0.953524 0.401042 0.953524
0 0.377497 0.938172 0.385540 0.938172 0.385540 0.953956 0.377497 0.953956
0 0.354495 0.897364 0.362467 0.897364 0.362467 0.913067 0.354495 0.913067
0 0.377646 0.896971 0.385445 0.896971 0.385445 0.912752 0.377646 0.912752
0 0.188491 0.895278 0.204251 0.895278 0.204251 0.903268 0.188491 0.903268
0 0.453735 0.909855 0.469631 0.909855 0.469631 0.917957 0.453735 0.917957
0 0.263252 0.913744 0.272486 0.913744 0.272486 0.930403 0.263252 0.930403
0 0.188534 0.849348 0.204295 0.849348 0.204295 0.857538 0.188534 0.857538
0 0.182701 0.532875 0.190870 0.532875 0.190870 0.548629 0.182701 0.548629
0 0.189270 0.822880 0.204782 0.822880 0.204782 0.831064 0.189270 0.831064
0 0.165530 0.528815 0.174838 0.528815 0.174838 0.545471 0.165530 0.545471
0 0.327692 0.943426 0.343301 0.943426 0.343301 0.951647 0.327692 0.951647
0 0.455853 0.951248 0.463961 0.951248 0.463961 0.967010 0.455853 0.967010
0 0.230184 0.852070 0.246093 0.852070 0.246093 0.860254 0.230184 0.860254
0 0.732724 0.267589 0.753973 0.267589 0.753973 0.300870 0.732724 0.300870
0 0.765109 0.267851 0.786051 0.267851 0.786051 0.301022 0.765109 0.301022
0 0.595397 0.104028 0.604847 0.104028 0.604847 0.120628 0.595397 0.120628
0 0.543748 0.064432 0.551720 0.064432 0.551720 0.079883 0.543748 0.079883
0 0.544096 0.097395 0.552181 0.097395 0.552181 0.113219 0.544096 0.113219
0 0.800252 0.269036 0.813004 0.269036 0.813004 0.294731 0.800252 0.294731
0 0.580983 0.265427 0.598070 0.265427 0.598070 0.274272 0.580983 0.274272
0 0.572326 0.049961 0.580328 0.049961 0.580328 0.066010 0.572326 0.066010
0 0.576685 0.103568 0.585843 0.103568 0.585843 0.120419 0.576685 0.120419
0 0.710900 0.135718 0.780689 0.135718 0.780689 0.190015 0.710900 0.190015
0 0.578079 0.238595 0.586950 0.238595 0.586950 0.255430 0.578079 0.255430
0 0.540297 0.137407 0.557407 0.137407 0.557407 0.146847 0.540297 0.146847
0 0.566986 0.192512 0.576026 0.192512 0.576026 0.209703 0.566986 0.209703
0 0.732498 0.514503 0.742299 0.514503 0.742299 0.531517 0.732498 0.531517
0 0.681404 0.604657 0.689667 0.604657 0.689667 0.620405 0.681404 0.620405
0 0.584639 0.929416 0.600341 0.929416 0.600341 0.937348 0.584639 0.937348
0 0.752118 0.558737 0.766402 0.558737 0.766402 0.584506 0.752118 0.584506
0 0.617614 0.867246 0.632895 0.867246 0.632895 0.875201 0.617614 0.875201
0 0.625870 0.932350 0.642472 0.932350 0.642472 0.941152 0.625870 0.941152
0 0.613531 0.850250 0.628952 0.850250 0.628952 0.858301 0.613531 0.858301
0 0.698695 0.527483 0.707842 0.527483 0.707842 0.543567 0.698695 0.543567
0 0.738381 0.655897 0.764315 0.655897 0.764315 0.671171 0.738381 0.671171
0 0.700039 0.604981 0.708172 0.604981 0.708172 0.620749 0.700039 0.620749
0 0.648827 0.740238 0.658811 0.740238 0.658811 0.757401 0.648827 0.757401
0 0.734047 0.608862 0.743605 0.608862 0.743605 0.625535 0.734047 0.625535
0 0.552127 0.896741 0.560152 0.896741 0.560152 0.912354 0.552127 0.912354
0 0.649868 0.696235 0.658005 0.696235 0.658005 0.712080 0.649868 0.712080
0 0.671723 0.736963 0.710825 0.736963 0.710825 0.788610 0.671723 0.788610
0 0.717093 0.604175 0.726810 0.604175 0.726810 0.620855 0.717093 0.620855
0 0.618495 0.956568 0.626484 0.956568 0.626484 0.971945 0.618495 0.971945
0 0.768395 0.774647 0.776449 0.774647 0.776449 0.790271 0.768395 0.790271
0 0.553568 0.972552 0.569702 0.972552 0.569702 0.981536 0.553568 0.981536
0 0.768229 0.733616 0.776410 0.733616 0.776410 0.749376 0.768229 0.749376
0 0.721633 0.687520 0.738338 0.687520 0.738338 0.696458 0.721633 0.696458
0 0.593989 0.901756 0.610753 0.901756 0.610753 0.911129 0.593989 0.911129
0 0.557223 0.951403 0.573469 0.951403 0.573469 0.960369 0.557223 0.960369
0 0.594726 0.884805 0.610553 0.884805 0.610553 0.893009 0.594726 0.893009
1 0.108428 0.163178 0.111874 0.163178 0.111874 0.179751 0.108428 0.179751
1 0.078172 0.163108 0.082530 0.163108 0.082530 0.180112 0.078172 0.180112
1 0.239944 0.177045 0.250123 0.177045 0.250123 0.180459 0.239944 0.180459
1 0.240333 0.156595 0.249915 0.156595 0.249915 0.160228 0.240333 0.160228
1 0.185136 0.036248 0.194026 0.036248 0.194026 0.038834 0.185136 0.038834
1 0.101798 0.130221 0.104508 0.130221 0.104508 0.139070 0.101798 0.139070
1 0.083283 0.130224 0.086377 0.130224 0.086377 0.138918 0.083283 0.138918
1 0.185336 0.017483 0.193746 0.017483 0.193746 0.019879 0.185336 0.019879
1 0.164811 0.327010 0.181250 0.327010 0.181250 0.330434 0.164811 0.330434
1 0.044827 0.453411 0.059753 0.453411 0.059753 0.456265 0.044827 0.456265
1 0.018989 0.427624 0.034080 0.427624 0.034080 0.431156 0.018989 0.431156
1 0.165128 0.356494 0.181251 0.356494 0.181251 0.359902 0.165128 0.359902
1 0.230378 0.464158 0.239538 0.464158 0.239538 0.466863 0.230378 0.466863
1 0.236763 0.324611 0.253518 0.324611 0.253518 0.327858 0.236763 0.327858
1 0.100895 0.453660 0.116043 0.453660 0.116043 0.456342 0.100895 0.456342
1 0.248766 0.464270 0.256448 0.464270 0.256448 0.466781 0.248766 0.466781
1 0.068154 0.377933 0.083532 0.377933 0.083532 0.380662 0.068154 0.380662
1 0.075922 0.494056 0.091403 0.494056 0.091403 0.497020 0.075922 0.497020
1 0.073455 0.452491 0.088706 0.452491 0.088706 0.455546 0.073455 0.455546
1 0.215901 0.402484 0.231009 0.402484 0.231009 0.405032 0.215901 0.405032
1 0.215950 0.373387 0.231104 0.373387 0.231104 0.375950 0.215950 0.375950
1 0.248253 0.425060 0.251205 0.425060 0.251205 0.435186 0.248253 0.435186
1 0.150784 0.472933 0.165513 0.472933 0.165513 0.475632 0.150784 0.475632
1 0.236360 0.355745 0.254031 0.355745 0.254031 0.358700 0.236360 0.358700
1 0.248332 0.445309 0.256337 0.445309 0.256337 0.447747 0.248332 0.447747
1 0.150511 0.443881 0.165479 0.443881 0.165479 0.446515 0.150511 0.446515
1 0.123110 0.454094 0.138327 0.454094 0.138327 0.456646 0.123110 0.456646
1 0.124279 0.389831 0.139676 0.389831 0.139676 0.392428 0.124279 0.392428
1 0.168598 0.276876 0.171879 0.276876 0.171879 0.293541 0.168598 0.293541
1 0.200037 0.479403 0.214875 0.479403 0.214875 0.482256 0.200037 0.482256
1 0.238178 0.402868 0.253079 0.402868 0.253079 0.405534 0.238178 0.405534
1 0.237820 0.373640 0.253261 0.373640 0.253261 0.376331 0.237820 0.376331
1 0.073712 0.483929 0.088578 0.483929 0.088578 0.486553 0.073712 0.486553
1 0.100254 0.355898 0.116187 0.355898 0.116187 0.358690 0.100254 0.358690
1 0.230434 0.444843 0.239165 0.444843 0.239165 0.447109 0.230434 0.447109
1 0.099316 0.410132 0.114409 0.410132 0.114409 0.412796 0.099316 0.412796
1 0.151746 0.370218 0.167540 0.370218 0.167540 0.372859 0.151746 0.372859
1 0.018971 0.457610 0.033800 0.457610 0.033800 0.461444 0.018971 0.461444
1 0.193799 0.373560 0.209256 0.373560 0.209256 0.376180 0.193799 0.376180
1 0.193733 0.402638 0.209184 0.402638 0.209184 0.405198 0.193733 0.405198
1 0.227832 0.425378 0.230987 0.425378 0.230987 0.435275 0.227832 0.435275
1 0.171063 0.502645 0.179716 0.502645 0.179716 0.506158 0.171063 0.506158
1 0.107082 0.314844 0.123220 0.314844 0.123220 0.317338 0.107082 0.317338
1 0.106682 0.345444 0.123834 0.345444 0.123834 0.348569 0.106682 0.348569
1 0.103701 0.497670 0.113193 0.497670 0.113193 0.501310 0.103701 0.501310
1 0.170799 0.483465 0.179596 0.483465 0.179596 0.486251 0.170799 0.486251
1 0.100501 0.386968 0.116190 0.386968 0.116190 0.389865 0.100501 0.389865
1 0.190369 0.493712 0.192706 0.493712 0.192706 0.501849 0.190369 0.501849
1 0.209049 0.493722 0.211113 0.493722 0.211113 0.501756 0.209049 0.501756
1 0.044370 0.482963 0.059271 0.482963 0.059271 0.485818 0.044370 0.485818
1 0.200043 0.450186 0.215165 0.450186 0.215165 0.452878 0.200043 0.452878
1 0.124482 0.358776 0.140534 0.358776 0.140534 0.361707 0.124482 0.361707
1 0.137447 0.276872 0.140863 0.276872 0.140863 0.294317 0.137447 0.294317
1 0.099149 0.441012 0.114327 0.441012 0.114327 0.443547 0.099149 0.443547
1 0.068287 0.408866 0.083687 0.408866 0.083687 0.411479 0.068287 0.411479
1 0.151953 0.399538 0.167140 0.399538 0.167140 0.402506 0.151953 0.402506
1 0.101080 0.482967 0.115941 0.482967 0.115941 0.485753 0.101080 0.485753
1 0.123474 0.483180 0.137962 0.483180 0.137962 0.485875 0.123474 0.485875
1 0.230953 0.504348 0.233625 0.504348 0.233625 0.507964 0.230953 0.507964
1 0.250058 0.504707 0.252077 0.504707 0.252077 0.508067 0.250058 0.508067
1 0.233086 0.571450 0.261300 0.571450 0.261300 0.577886 0.233086 0.577886
1 0.233451 0.733760 0.261366 0.733760 0.261366 0.740086 0.233451 0.740086
1 0.100018 0.685647 0.104171 0.685647 0.104171 0.700839 0.100018 0.700839
1 0.233240 0.562931 0.261463 0.562931 0.261463 0.569349 0.233240 0.569349
1 0.233419 0.537154 0.261349 0.537154 0.261349 0.543506 0.233419 0.543506
1 0.059021 0.586356 0.063105 0.586356 0.063105 0.601868 0.059021 0.601868
1 0.053792 0.608799 0.058223 0.608799 0.058223 0.624389 0.053792 0.624389
1 0.233426 0.528532 0.261245 0.528532 0.261245 0.534936 0.233426 0.534936
1 0.233759 0.665459 0.261671 0.665459 0.261671 0.671782 0.233759 0.671782
1 0.233757 0.656919 0.261675 0.656919 0.261675 0.663283 0.233757 0.663283
1 0.233727 0.673976 0.261659 0.673976 0.261659 0.680342 0.233727 0.680342
1 0.233622 0.648337 0.261586 0.648337 0.261586 0.654692 0.233622 0.654692
1 0.233059 0.639774 0.261547 0.639774 0.261547 0.646122 0.233059 0.646122
1 0.232980 0.631327 0.261591 0.631327 0.261591 0.637617 0.232980 0.637617
1 0.115014 0.726363 0.130913 0.726363 0.130913 0.730909 0.115014 0.730909
1 0.233276 0.622720 0.261651 0.622720 0.261651 0.629098 0.233276 0.629098
1 0.233613 0.554395 0.261413 0.554395 0.261413 0.560768 0.233613 0.560768
1 0.233731 0.682541 0.261691 0.682541 0.261691 0.688934 0.233731 0.688934
1 0.232844 0.614153 0.261598 0.614153 0.261598 0.620519 0.232844 0.620519
1 0.089384 0.586009 0.093796 0.586009 0.093796 0.601366 0.089384 0.601366
1 0.232696 0.605646 0.261545 0.605646 0.261545 0.612013 0.232696 0.612013
1 0.233243 0.742266 0.261910 0.742266 0.261910 0.748568 0.233243 0.748568
1 0.160830 0.559017 0.176434 0.559017 0.176434 0.562931 0.160830 0.562931
1 0.233639 0.691006 0.261759 0.691006 0.261759 0.697458 0.233639 0.697458
1 0.232986 0.725179 0.261598 0.725179 0.261598 0.731567 0.232986 0.731567
1 0.136040 0.593042 0.140264 0.593042 0.140264 0.608358 0.136040 0.608358
1 0.232947 0.580071 0.261335 0.580071 0.261335 0.586359 0.232947 0.586359
1 0.232642 0.597130 0.261507 0.597130 0.261507 0.603481 0.232642 0.603481
1 0.233392 0.699485 0.261783 0.699485 0.261783 0.705997 0.233392 0.705997
1 0.233389 0.545862 0.261251 0.545862 0.261251 0.552224 0.233389 0.552224
1 0.232713 0.588516 0.261512 0.588516 0.261512 0.595010 0.232713 0.595010
1 0.084185 0.608397 0.088368 0.608397 0.088368 0.623778 0.084185 0.623778
1 0.233570 0.708037 0.261794 0.708037 0.261794 0.714595 0.233570 0.714595
1 0.069662 0.685916 0.073964 0.685916 0.073964 0.700986 0.069662 0.700986
1 0.197412 0.664674 0.213173 0.664674 0.213173 0.668872 0.197412 0.668872
1 0.031504 0.586482 0.045942 0.586482 0.045942 0.589298 0.031504 0.589298
1 0.160963 0.588668 0.176178 0.588668 0.176178 0.592672 0.160963 0.592672
1 0.233508 0.716504 0.261794 0.716504 0.261794 0.723146 0.233508 0.723146
1 0.048295 0.676575 0.063466 0.676575 0.063466 0.679259 0.048295 0.679259
1 0.197346 0.634502 0.212921 0.634502 0.212921 0.638304 0.197346 0.638304
1 0.118217 0.696714 0.120495 0.696714 0.120495 0.706962 0.118217 0.706962
1 0.117270 0.616320 0.119676 0.616320 0.119676 0.626633 0.117270 0.626633
1 0.103699 0.517778 0.114339 0.517778 0.114339 0.521040 0.103699 0.521040
1 0.197393 0.715837 0.199410 0.715837 0.199410 0.723499 0.197393 0.723499
1 0.165698 0.545419 0.174869 0.545419 0.174869 0.548000 0.165698 0.548000
1 0.136244 0.570755 0.139322 0.570755 0.139322 0.586133 0.136244 0.586133
1 0.197908 0.735782 0.206040 0.735782 0.206040 0.739304 0.197908 0.739304
1 0.165151 0.726890 0.167370 0.726890 0.167370 0.734745 0.165151 0.734745
1 0.182553 0.530367 0.191129 0.530367 0.191129 0.532878 0.182553 0.532878
1 0.118264 0.634285 0.120425 0.634285 0.120425 0.642619 0.118264 0.642619
1 0.208816 0.513993 0.211020 0.513993 0.211020 0.521953 0.208816 0.521953
1 0.172218 0.699452 0.174360 0.699452 0.174360 0.707409 0.172218 0.707409
1 0.190006 0.513928 0.192721 0.513928 0.192721 0.521577 0.190006 0.521577
1 0.136767 0.634409 0.138861 0.634409 0.138861 0.642444 0.136767 0.642444
1 0.182472 0.548862 0.190804 0.548862 0.190804 0.551027 0.182472 0.551027
1 0.191104 0.699212 0.193078 0.699212 0.193078 0.707557 0.191104 0.707557
1 0.054965 0.542468 0.069600 0.542468 0.069600 0.545040 0.054965 0.545040
1 0.232938 0.750900 0.261859 0.750900 0.261859 0.757195 0.232938 0.757195
1 0.165266 0.526329 0.175249 0.526329 0.175249 0.529057 0.165266 0.529057
1 0.147015 0.726887 0.149045 0.726887 0.149045 0.734846 0.147015 0.734846
1 0.104593 0.593362 0.109011 0.593362 0.109011 0.608527 0.104593 0.608527
1 0.104854 0.570446 0.108068 0.570446 0.108068 0.585331 0.104854 0.585331
1 0.031350 0.555258 0.045575 0.555258 0.045575 0.558082 0.031350 0.558082
1 0.138174 0.696849 0.140723 0.696849 0.140723 0.707525 0.138174 0.707525
1 0.048086 0.645510 0.063255 0.645510 0.063255 0.648316 0.048086 0.648316
1 0.055441 0.571986 0.069978 0.571986 0.069978 0.574900 0.055441 0.574900
1 0.076579 0.523596 0.091211 0.523596 0.091211 0.526325 0.076579 0.526325
1 0.137413 0.616759 0.139523 0.616759 0.139523 0.627070 0.137413 0.627070
1 0.179062 0.715604 0.181112 0.715604 0.181112 0.723486 0.179062 0.723486
1 0.037814 0.916957 0.062443 0.916957 0.062443 0.926704 0.037814 0.926704
1 0.037683 0.961137 0.061439 0.961137 0.061439 0.969170 0.037683 0.969170
1 0.233284 0.776446 0.261866 0.776446 0.261866 0.782891 0.233284 0.782891
1 0.233671 0.827771 0.261923 0.827771 0.261923 0.833845 0.233671 0.833845
1 0.142272 0.827729 0.158109 0.827729 0.158109 0.831726 0.142272 0.831726
1 0.070284 0.891947 0.086450 0.891947 0.086450 0.896357 0.070284 0.896357
1 0.233347 0.767934 0.261902 0.767934 0.261902 0.774330 0.233347 0.774330
1 0.233092 0.819132 0.261966 0.819132 0.261966 0.825483 0.233092 0.825483
1 0.233392 0.759389 0.261855 0.759389 0.261855 0.765787 0.233392 0.765787
1 0.067874 0.932833 0.072389 0.932833 0.072389 0.948626 0.067874 0.948626
1 0.109355 0.962816 0.113673 0.962816 0.113673 0.978384 0.109355 0.978384
1 0.233072 0.810608 0.261838 0.810608 0.261838 0.817005 0.233072 0.817005
1 0.086010 0.867679 0.089997 0.867679 0.089997 0.882754 0.086010 0.882754
1 0.027022 0.818358 0.031245 0.818358 0.031245 0.833961 0.027022 0.833961
1 0.149854 0.964579 0.154109 0.964579 0.154109 0.980167 0.149854 0.980167
1 0.232997 0.802069 0.261867 0.802069 0.261867 0.808476 0.232997 0.808476
1 0.057497 0.818534 0.061759 0.818534 0.061759 0.833997 0.057497 0.833997
1 0.119317 0.964294 0.123992 0.964294 0.123992 0.980237 0.119317 0.980237
1 0.114477 0.756339 0.130873 0.756339 0.130873 0.760743 0.114477 0.760743
1 0.232854 0.793518 0.261858 0.793518 0.261858 0.799954 0.232854 0.799954
1 0.098509 0.932976 0.102563 0.932976 0.102563 0.948472 0.098509 0.948472
1 0.069982 0.922308 0.086304 0.922308 0.086304 0.926230 0.069982 0.926230
1 0.142519 0.798716 0.158073 0.798716 0.158073 0.802963 0.142519 0.802963
1 0.108443 0.934953 0.112713 0.934953 0.112713 0.950957 0.108443 0.950957
1 0.193899 0.962838 0.198301 0.962838 0.198301 0.978632 0.193899 0.978632
1 0.233314 0.785025 0.261785 0.785025 0.261785 0.791394 0.233314 0.791394
1 0.163739 0.962883 0.168151 0.962883 0.168151 0.978133 0.163739 0.978133
1 0.198345 0.755178 0.206041 0.755178 0.206041 0.758733 0.198345 0.758733
1 0.055425 0.867175 0.059854 0.867175 0.059854 0.882619 0.055425 0.882619
1 0.138534 0.935574 0.142800 0.935574 0.142800 0.951093 0.138534 0.951093
1 0.078605 0.963392 0.083072 0.963392 0.083072 0.978765 0.078605 0.978765
1 0.246575 0.870720 0.248733 0.870720 0.248733 0.879160 0.246575 0.879160
1 0.216069 0.765341 0.218295 0.765341 0.218295 0.774161 0.216069 0.774161
1 0.246697 0.894728 0.248926 0.894728 0.248926 0.902876 0.246697 0.902876
1 0.164650 0.775451 0.166747 0.775451 0.166747 0.783580 0.164650 0.783580
1 0.186794 0.822825 0.188937 0.822825 0.188937 0.830956 0.186794 0.830956
1 0.145834 0.775637 0.147939 0.775637 0.147939 0.783547 0.145834 0.783547
1 0.204777 0.871862 0.206848 0.871862 0.206848 0.879955 0.204777 0.879955
1 0.186338 0.871982 0.188471 0.871982 0.188471 0.880118 0.186338 0.880118
1 0.204616 0.849102 0.206648 0.849102 0.206648 0.857115 0.204616 0.857115
1 0.246445 0.851950 0.248824 0.851950 0.248824 0.860447 0.246445 0.860447
1 0.186318 0.849084 0.188340 0.849084 0.188340 0.857131 0.186318 0.857131
1 0.206245 0.782400 0.208355 0.782400 0.208355 0.790678 0.206245 0.790678
1 0.205304 0.822693 0.207406 0.822693 0.207406 0.830947 0.205304 0.830947
1 0.186030 0.895394 0.188216 0.895394 0.188216 0.903778 0.186030 0.903778
1 0.204807 0.895226 0.206845 0.895226 0.206845 0.903238 0.204807 0.903238
1 0.000456 0.788576 0.016288 0.788576 0.016288 0.791412 0.000456 0.791412
1 0.227851 0.870661 0.229942 0.870661 0.229942 0.878923 0.227851 0.878923
1 0.227950 0.852267 0.229975 0.852267 0.229975 0.860422 0.227950 0.860422
1 0.196589 0.765639 0.198831 0.765639 0.198831 0.773673 0.196589 0.773673
1 0.228036 0.894653 0.230162 0.894653 0.230162 0.903122 0.228036 0.903122
1 0.000553 0.817472 0.015877 0.817472 0.015877 0.820615 0.000553 0.820615
1 0.187176 0.782286 0.189383 0.782286 0.189383 0.790686 0.187176 0.790686
1 0.270804 0.185073 0.279358 0.185073 0.279358 0.188225 0.270804 0.188225
1 0.286587 0.248792 0.295901 0.248792 0.295901 0.252198 0.286587 0.252198
1 0.269705 0.229947 0.278226 0.229947 0.278226 0.232995 0.269705 0.232995
1 0.269834 0.248603 0.278198 0.248603 0.278198 0.250986 0.269834 0.250986
1 0.286493 0.229703 0.295730 0.229703 0.295730 0.231954 0.286493 0.231954
1 0.270568 0.204685 0.279435 0.204685 0.279435 0.207587 0.270568 0.207587
1 0.506139 0.134583 0.509262 0.134583 0.509262 0.144702 0.506139 0.144702
1 0.296774 0.323699 0.304344 0.323699 0.304344 0.339395 0.296774 0.339395
1 0.307934 0.324047 0.315578 0.324047 0.315578 0.339283 0.307934 0.339283
1 0.387496 0.358220 0.394594 0.358220 0.394594 0.373011 0.387496 0.373011
1 0.376090 0.358473 0.384007 0.358473 0.384007 0.373021 0.376090 0.373021
1 0.296704 0.356921 0.304579 0.356921 0.304579 0.372833 0.296704 0.372833
1 0.319186 0.324535 0.326854 0.324535 0.326854 0.339179 0.319186 0.339179
1 0.319286 0.356809 0.326680 0.356809 0.326680 0.372407 0.319286 0.372407
1 0.475756 0.482041 0.481824 0.482041 0.481824 0.510899 0.475756 0.510899
1 0.365071 0.325595 0.372788 0.325595 0.372788 0.339706 0.365071 0.339706
1 0.484323 0.482151 0.490360 0.482151 0.490360 0.510970 0.484323 0.510970
1 0.365198 0.358079 0.373056 0.358079 0.373056 0.372810 0.365198 0.372810
1 0.387106 0.324877 0.394355 0.324877 0.394355 0.339295 0.387106 0.339295
1 0.467230 0.482005 0.473303 0.482005 0.473303 0.510901 0.467230 0.510901
1 0.492828 0.482180 0.498920 0.482180 0.498920 0.510916 0.492828 0.510916
1 0.458640 0.482216 0.464568 0.482216 0.464568 0.510715 0.458640 0.510715
1 0.501397 0.482196 0.507506 0.482196 0.507506 0.511017 0.501397 0.511017
1 0.330416 0.482693 0.336363 0.482693 0.336363 0.511177 0.330416 0.511177
1 0.346156 0.344544 0.353323 0.344544 0.353323 0.348192 0.346156 0.348192
1 0.279325 0.427742 0.287984 0.427742 0.287984 0.431189 0.279325 0.431189
1 0.338919 0.482708 0.344948 0.482708 0.344948 0.511146 0.338919 0.511146
1 0.321865 0.482299 0.327912 0.482299 0.327912 0.511183 0.321865 0.511183
1 0.345480 0.376378 0.353370 0.376378 0.353370 0.379658 0.345480 0.379658
1 0.345856 0.324430 0.353149 0.324430 0.353149 0.328105 0.345856 0.328105
1 0.450065 0.482661 0.456038 0.482661 0.456038 0.510745 0.450065 0.510745
1 0.268716 0.453782 0.276620 0.453782 0.276620 0.456283 0.268716 0.456283
1 0.296116 0.427284 0.303719 0.427284 0.303719 0.431169 0.296116 0.431169
1 0.345028 0.355803 0.353309 0.355803 0.353309 0.359435 0.345028 0.359435
1 0.313314 0.482089 0.319314 0.482089 0.319314 0.511192 0.313314 0.511192
1 0.268790 0.434708 0.276382 0.434708 0.276382 0.437272 0.268790 0.437272
1 0.424439 0.481672 0.430454 0.481672 0.430454 0.510718 0.424439 0.510718
1 0.304784 0.482030 0.310692 0.482030 0.310692 0.511187 0.304784 0.511187
1 0.347470 0.482344 0.353492 0.482344 0.353492 0.510894 0.347470 0.510894
1 0.304153 0.444275 0.306664 0.444275 0.306664 0.453078 0.304153 0.453078
1 0.296285 0.482766 0.302172 0.482766 0.302172 0.511255 0.296285 0.511255
1 0.295927 0.407312 0.303235 0.407312 0.303235 0.410685 0.295927 0.410685
1 0.415865 0.482061 0.421983 0.482061 0.421983 0.510713 0.415865 0.510713
1 0.287700 0.482921 0.293696 0.482921 0.293696 0.511306 0.287700 0.511306
1 0.279427 0.407220 0.287534 0.407220 0.287534 0.410580 0.279427 0.410580
1 0.441556 0.482628 0.447496 0.482628 0.447496 0.510775 0.441556 0.510775
1 0.279244 0.483032 0.285052 0.483032 0.285052 0.511237 0.279244 0.511237
1 0.364592 0.482857 0.370628 0.482857 0.370628 0.510806 0.364592 0.510806
1 0.348537 0.411287 0.351027 0.411287 0.351027 0.420649 0.348537 0.420649
1 0.407339 0.482567 0.413438 0.482567 0.413438 0.510632 0.407339 0.510632
1 0.284188 0.444715 0.286709 0.444715 0.286709 0.453128 0.284188 0.453128
1 0.308874 0.388157 0.311494 0.388157 0.311494 0.396308 0.308874 0.396308
1 0.373080 0.482293 0.379150 0.482293 0.379150 0.510825 0.373080 0.510825
1 0.327539 0.388105 0.330041 0.388105 0.330041 0.396591 0.327539 0.396591
1 0.433078 0.481816 0.438950 0.481816 0.438950 0.510734 0.433078 0.510734
1 0.368666 0.411661 0.371102 0.411661 0.371102 0.420465 0.368666 0.420465
1 0.398821 0.482189 0.404899 0.482189 0.404899 0.510625 0.398821 0.510625
1 0.356000 0.482549 0.361992 0.482549 0.361992 0.510800 0.356000 0.510800
1 0.381628 0.482266 0.387550 0.482266 0.387550 0.510789 0.381628 0.510789
1 0.390290 0.481936 0.396185 0.481936 0.396185 0.510934 0.390290 0.510934
1 0.441867 0.850714 0.447894 0.850714 0.447894 0.880480 0.441867 0.880480
1 0.476118 0.850644 0.482058 0.850644 0.482058 0.879381 0.476118 0.879381
1 0.467604 0.850634 0.473523 0.850634 0.473523 0.879407 0.467604 0.879407
1 0.450489 0.850709 0.456455 0.850709 0.456455 0.880252 0.450489 0.880252
1 0.279676 0.851045 0.285541 0.851045 0.285541 0.880489 0.279676 0.880489
1 0.459088 0.850657 0.465015 0.850657 0.465015 0.879610 0.459088 0.879610
1 0.433427 0.850689 0.439363 0.850689 0.439363 0.880488 0.433427 0.880488
1 0.484617 0.850596 0.490585 0.850596 0.490585 0.879508 0.484617 0.879508
1 0.288112 0.850966 0.294141 0.850966 0.294141 0.880512 0.288112 0.880512
1 0.296725 0.850858 0.302696 0.850858 0.302696 0.880415 0.296725 0.880415
1 0.281935 0.948413 0.306647 0.948413 0.306647 0.957681 0.281935 0.957681
1 0.305303 0.850761 0.311253 0.850761 0.311253 0.880424 0.305303 0.880424
1 0.313792 0.850715 0.319784 0.850715 0.319784 0.880686 0.313792 0.880686
1 0.493231 0.850602 0.499138 0.850602 0.499138 0.880264 0.493231 0.880264
1 0.322314 0.850714 0.328384 0.850714 0.328384 0.880774 0.322314 0.880774
1 0.424858 0.850626 0.430933 0.850626 0.430933 0.880527 0.424858 0.880527
1 0.365065 0.850878 0.370918 0.850878 0.370918 0.880482 0.365065 0.880482
1 0.281907 0.905651 0.306535 0.905651 0.306535 0.915568 0.281907 0.915568
1 0.373604 0.850898 0.379458 0.850898 0.379458 0.880349 0.373604 0.880349
1 0.330875 0.850676 0.336888 0.850676 0.336888 0.880756 0.330875 0.880756
1 0.356551 0.850901 0.362427 0.850901 0.362427 0.880449 0.356551 0.880449
1 0.407840 0.850865 0.413779 0.850865 0.413779 0.880344 0.407840 0.880344
1 0.339382 0.850719 0.345423 0.850719 0.345423 0.880733 0.339382 0.880733
1 0.382146 0.850765 0.388057 0.850765 0.388057 0.880092 0.382146 0.880092
1 0.501793 0.850687 0.507676 0.850687 0.507676 0.880354 0.501793 0.880354
1 0.416391 0.850970 0.422269 0.850970 0.422269 0.880387 0.416391 0.880387
1 0.263064 0.930643 0.273159 0.930643 0.273159 0.933617 0.263064 0.933617
1 0.390661 0.850560 0.396618 0.850560 0.396618 0.879309 0.390661 0.879309
1 0.399295 0.850932 0.405198 0.850932 0.405198 0.880120 0.399295 0.880120
1 0.400151 0.912915 0.408685 0.912915 0.408685 0.915832 0.400151 0.915832
1 0.377384 0.913019 0.385727 0.913019 0.385727 0.915820 0.377384 0.915820
1 0.443708 0.945229 0.445662 0.945229 0.445662 0.952836 0.443708 0.952836
1 0.354346 0.894325 0.362488 0.894325 0.362488 0.897209 0.354346 0.897209
1 0.400217 0.893947 0.408459 0.893947 0.408459 0.896765 0.400217 0.896765
1 0.401067 0.953745 0.409232 0.953745 0.409232 0.956420 0.401067 0.956420
1 0.354229 0.913244 0.362593 0.913244 0.362593 0.915948 0.354229 0.915948
1 0.470236 0.909655 0.472544 0.909655 0.472544 0.918506 0.470236 0.918506
1 0.400902 0.934833 0.408896 0.934833 0.408896 0.937559 0.400902 0.937559
1 0.347937 0.850542 0.353946 0.850542 0.353946 0.880887 0.347937 0.880887
1 0.336812 0.907834 0.340064 0.907834 0.340064 0.915875 0.336812 0.915875
1 0.377488 0.954235 0.385559 0.954235 0.385559 0.956546 0.377488 0.956546
1 0.377638 0.893994 0.385717 0.893994 0.385717 0.896898 0.377638 0.896898
1 0.377415 0.935077 0.385740 0.935077 0.385740 0.937992 0.377415 0.937992
1 0.354594 0.954118 0.363035 0.954118 0.363035 0.957552 0.354594 0.957552
1 0.455657 0.948148 0.463896 0.948148 0.463896 0.951095 0.455657 0.951095
1 0.354760 0.935207 0.362702 0.935207 0.362702 0.937973 0.354760 0.937973
1 0.476292 0.929521 0.478585 0.929521 0.478585 0.937838 0.476292 0.937838
1 0.263305 0.910555 0.272149 0.910555 0.272149 0.913687 0.263305 0.913687
1 0.443619 0.922723 0.446083 0.922723 0.446083 0.931555 0.443619 0.931555
1 0.455729 0.967233 0.463995 0.967233 0.463995 0.969999 0.455729 0.969999
1 0.343582 0.943460 0.345788 0.943460 0.345788 0.951204 0.343582 0.951204
1 0.325355 0.943464 0.327467 0.943464 0.327467 0.951605 0.325355 0.951605
1 0.451158 0.909928 0.453459 0.909928 0.453459 0.918013 0.451158 0.918013
1 0.425484 0.945088 0.427577 0.945088 0.427577 0.952887 0.425484 0.952887
1 0.689767 0.139860 0.710440 0.139860 0.710440 0.183727 0.689767 0.183727
1 0.595283 0.100027 0.604979 0.100027 0.604979 0.103433 0.595283 0.103433
1 0.567117 0.209697 0.576374 0.209697 0.576374 0.212182 0.567117 0.212182
1 0.576112 0.099674 0.585829 0.099674 0.585829 0.103132 0.576112 0.103132
1 0.572183 0.066422 0.580767 0.066422 0.580767 0.069453 0.572183 0.069453
1 0.557746 0.137338 0.561184 0.137338 0.561184 0.147540 0.557746 0.147540
1 0.536976 0.137058 0.540294 0.137058 0.540294 0.147117 0.536976 0.147117
1 0.526780 0.134598 0.530101 0.134598 0.530101 0.144951 0.526780 0.144951
1 0.576377 0.120794 0.586188 0.120794 0.586188 0.124265 0.576377 0.124265
1 0.571793 0.045941 0.580509 0.045941 0.580509 0.049308 0.571793 0.049308
1 0.595340 0.121012 0.604933 0.121012 0.604933 0.124333 0.595340 0.124333
1 0.543856 0.113640 0.552455 0.113640 0.552455 0.116936 0.543856 0.116936
1 0.543577 0.093671 0.552350 0.093671 0.552350 0.096998 0.543577 0.096998
1 0.578282 0.255694 0.586854 0.255694 0.586854 0.258124 0.578282 0.258124
1 0.566599 0.189494 0.575937 0.189494 0.575937 0.192218 0.566599 0.192218
1 0.543664 0.080168 0.551990 0.080168 0.551990 0.082562 0.543664 0.082562
1 0.543364 0.061183 0.551871 0.061183 0.551871 0.063743 0.543364 0.063743
1 0.578151 0.235958 0.586639 0.235958 0.586639 0.238418 0.578151 0.238418
1 0.729926 0.256570 0.756186 0.256570 0.756186 0.267115 0.729926 0.267115
1 0.731075 0.301210 0.755110 0.301210 0.755110 0.309502 0.731075 0.309502
1 0.527192 0.481850 0.533179 0.481850 0.533179 0.510963 0.527192 0.510963
1 0.518585 0.481717 0.524637 0.481717 0.524637 0.511026 0.518585 0.511026
1 0.535675 0.482411 0.541720 0.482411 0.541720 0.510983 0.535675 0.510983
1 0.509984 0.481728 0.516000 0.481728 0.516000 0.510956 0.509984 0.510956
1 0.561414 0.481896 0.567401 0.481896 0.567401 0.510628 0.561414 0.510628
1 0.569990 0.482840 0.575929 0.482840 0.575929 0.510647 0.569990 0.510647
1 0.544174 0.481896 0.550277 0.481896 0.550277 0.510683 0.544174 0.510683
1 0.578591 0.483284 0.584414 0.483284 0.584414 0.510708 0.578591 0.510708
1 0.552729 0.481630 0.558836 0.481630 0.558836 0.510549 0.552729 0.510549
1 0.578266 0.265558 0.580785 0.265558 0.580785 0.274138 0.578266 0.274138
1 0.598304 0.265143 0.600437 0.265143 0.600437 0.274314 0.598304 0.274314
1 0.602069 0.579708 0.629844 0.579708 0.629844 0.585979 0.602069 0.585979
1 0.601853 0.639519 0.630007 0.639519 0.630007 0.645717 0.601853 0.645717
1 0.601887 0.648067 0.630241 0.648067 0.630241 0.654297 0.601887 0.654297
1 0.602029 0.656633 0.629964 0.656633 0.629964 0.662850 0.602029 0.662850
1 0.601742 0.622422 0.630311 0.622422 0.630311 0.628701 0.601742 0.628701
1 0.601688 0.613906 0.630480 0.613906 0.630480 0.620166 0.601688 0.620166
1 0.601797 0.631004 0.629975 0.631004 0.629975 0.637187 0.601797 0.637187
1 0.601972 0.665169 0.630045 0.665169 0.630045 0.671340 0.601972 0.671340
1 0.601851 0.673648 0.630457 0.673648 0.630457 0.679849 0.601851 0.679849
1 0.602100 0.571153 0.630087 0.571153 0.630087 0.577438 0.602100 0.577438
1 0.601815 0.682173 0.630691 0.682173 0.630691 0.688420 0.601815 0.688420
1 0.602094 0.588253 0.630033 0.588253 0.630033 0.594522 0.602094 0.594522
1 0.602187 0.562718 0.629793 0.562718 0.629793 0.568882 0.602187 0.568882
1 0.601673 0.605339 0.630503 0.605339 0.630503 0.611599 0.601673 0.611599
1 0.601855 0.536927 0.629833 0.536927 0.629833 0.543048 0.601855 0.543048
1 0.601926 0.690801 0.630842 0.690801 0.630842 0.696937 0.601926 0.696937
1 0.601970 0.545493 0.629939 0.545493 0.629939 0.551687 0.601970 0.551687
1 0.601826 0.699275 0.630887 0.699275 0.630887 0.705478 0.601826 0.705478
1 0.681679 0.728917 0.699220 0.728917 0.699220 0.736754 0.681679 0.736754
1 0.601943 0.733429 0.629832 0.733429 0.629832 0.739680 0.601943 0.739680
1 0.601738 0.707800 0.630879 0.707800 0.630879 0.714075 0.601738 0.714075
1 0.601845 0.741973 0.629935 0.741973 0.629935 0.748062 0.601845 0.748062
1 0.602263 0.554170 0.630038 0.554170 0.630038 0.560417 0.602263 0.560417
1 0.601812 0.716336 0.630854 0.716336 0.630854 0.722622 0.601812 0.722622
1 0.601681 0.596808 0.630497 0.596808 0.630497 0.603081 0.601681 0.603081
1 0.681174 0.601330 0.689739 0.601330 0.689739 0.603947 0.681174 0.603947
1 0.698588 0.543765 0.707990 0.543765 0.707990 0.546348 0.698588 0.546348
1 0.649940 0.692670 0.657992 0.692670 0.657992 0.695891 0.649940 0.695891
1 0.734379 0.625975 0.743540 0.625975 0.743540 0.628722 0.734379 0.628722
1 0.601856 0.528093 0.630777 0.528093 0.630777 0.534525 0.601856 0.534525
1 0.699547 0.601645 0.707950 0.601645 0.707950 0.604347 0.699547 0.604347
1 0.601866 0.724790 0.630281 0.724790 0.630281 0.731118 0.601866 0.731118
1 0.734346 0.606035 0.743449 0.606035 0.743449 0.608495 0.734346 0.608495
1 0.717284 0.601423 0.726366 0.601423 0.726366 0.603819 0.717284 0.603819
1 0.734669 0.655875 0.737852 0.655875 0.737852 0.672041 0.734669 0.672041
1 0.717069 0.621177 0.726660 0.621177 0.726660 0.623975 0.717069 0.623975
1 0.732929 0.511371 0.741973 0.511371 0.741973 0.514311 0.732929 0.514311
1 0.718365 0.687178 0.721354 0.687178 0.721354 0.697106 0.718365 0.697106
1 0.700183 0.621076 0.708249 0.621076 0.708249 0.623514 0.700183 0.623514
1 0.649924 0.712340 0.658095 0.712340 0.658095 0.715172 0.649924 0.715172
1 0.698450 0.524270 0.707724 0.524270 0.707724 0.527009 0.698450 0.527009
1 0.738701 0.687525 0.741759 0.687525 0.741759 0.696770 0.738701 0.696770
1 0.681471 0.621125 0.689669 0.621125 0.689669 0.623928 0.681471 0.623928
1 0.649244 0.737036 0.658670 0.737036 0.658670 0.740357 0.649244 0.740357
1 0.732892 0.531704 0.742233 0.531704 0.742233 0.534573 0.732892 0.534573
1 0.601778 0.750560 0.630359 0.750560 0.630359 0.756603 0.601778 0.756603
1 0.751496 0.554871 0.767012 0.554871 0.767012 0.558275 0.751496 0.558275
1 0.751973 0.584724 0.767414 0.584724 0.767414 0.588242 0.751973 0.588242
1 0.681551 0.789029 0.699294 0.789029 0.699294 0.797039 0.681551 0.797039
1 0.518854 0.850556 0.524788 0.850556 0.524788 0.879389 0.518854 0.879389
1 0.510352 0.850577 0.516282 0.850577 0.516282 0.879490 0.510352 0.879490
1 0.527392 0.850682 0.533365 0.850682 0.533365 0.879683 0.527392 0.879683
1 0.601797 0.827346 0.630031 0.827346 0.630031 0.833536 0.601797 0.833536
1 0.570145 0.850868 0.576062 0.850868 0.576062 0.880373 0.570145 0.880373
1 0.561596 0.850804 0.567479 0.850804 0.567479 0.880238 0.561596 0.880238
1 0.601740 0.818849 0.630213 0.818849 0.630213 0.825159 0.601740 0.825159
1 0.535938 0.850600 0.541902 0.850600 0.541902 0.879330 0.535938 0.879330
1 0.602407 0.784705 0.630233 0.784705 0.630233 0.790916 0.602407 0.790916
1 0.601788 0.810338 0.629972 0.810338 0.629972 0.816620 0.601788 0.816620
1 0.602289 0.793273 0.630031 0.793273 0.630031 0.799468 0.602289 0.799468
1 0.602236 0.776160 0.630307 0.776160 0.630307 0.782410 0.602236 0.782410
1 0.578786 0.850754 0.584862 0.850754 0.584862 0.880185 0.578786 0.880185
1 0.544377 0.850544 0.550410 0.850544 0.550410 0.879312 0.544377 0.879312
1 0.609387 0.849925 0.613667 0.849925 0.613667 0.858189 0.609387 0.858189
1 0.601925 0.801816 0.629955 0.801816 0.629955 0.808088 0.601925 0.808088
1 0.602063 0.767662 0.630012 0.767662 0.630012 0.773826 0.602063 0.773826
1 0.551919 0.893575 0.560165 0.893575 0.560165 0.896620 0.551919 0.896620
1 0.553061 0.850762 0.558952 0.850762 0.558952 0.880034 0.553061 0.880034
1 0.629214 0.850074 0.633667 0.850074 0.633667 0.858147 0.629214 0.858147
1 0.642858 0.932263 0.644896 0.932263 0.644896 0.940896 0.642858 0.940896
1 0.618334 0.972049 0.626546 0.972049 0.626546 0.975532 0.618334 0.975532
1 0.649660 0.757501 0.658783 0.757501 0.658783 0.760141 0.649660 0.760141
1 0.614942 0.867139 0.617559 0.867139 0.617559 0.875256 0.614942 0.875256
1 0.618100 0.952991 0.626646 0.952991 0.626646 0.956094 0.618100 0.956094
1 0.551655 0.912644 0.560525 0.912644 0.560525 0.916010 0.551655 0.916010
1 0.623518 0.932739 0.625642 0.932739 0.625642 0.940921 0.623518 0.940921
1 0.600603 0.929630 0.602543 0.929630 0.602543 0.937386 0.600603 0.937386
1 0.633239 0.867081 0.635293 0.867081 0.635293 0.875269 0.633239 0.875269
1 0.553947 0.951338 0.556804 0.951338 0.556804 0.960286 0.553947 0.960286
1 0.610979 0.901974 0.613344 0.901974 0.613344 0.911076 0.610979 0.911076
1 0.582623 0.929588 0.584502 0.929588 0.584502 0.937396 0.582623 0.937396
1 0.570108 0.972540 0.572717 0.972540 0.572717 0.981463 0.570108 0.981463
1 0.573562 0.951601 0.575555 0.951601 0.575555 0.959977 0.573562 0.959977
1 0.591496 0.902037 0.593737 0.902037 0.593737 0.910526 0.591496 0.910526
1 0.592367 0.884915 0.594496 0.884915 0.594496 0.893223 0.592367 0.893223
1 0.602123 0.759075 0.630190 0.759075 0.630190 0.765284 0.602123 0.765284
1 0.550949 0.972926 0.553127 0.972926 0.553127 0.981277 0.550949 0.981277
1 0.610780 0.884577 0.613365 0.884577 0.613365 0.893323 0.610780 0.893323
1 0.780995 0.139860 0.801686 0.139860 0.801686 0.183822 0.780995 0.183822
1 0.763828 0.258081 0.787516 0.258081 0.787516 0.267233 0.763828 0.267233
1 0.763682 0.301548 0.787891 0.301548 0.787891 0.309459 0.763682 0.309459
1 0.798845 0.294637 0.813777 0.294637 0.813777 0.298650 0.798845 0.298650
1 0.798577 0.264936 0.814273 0.264936 0.814273 0.268259 0.798577 0.268259
1 0.764716 0.655442 0.767728 0.655442 0.767728 0.672212 0.764716 0.672212
1 0.768253 0.730297 0.776330 0.730297 0.776330 0.733300 0.768253 0.733300
1 0.768240 0.749796 0.776387 0.749796 0.776387 0.752633 0.768240 0.752633
1 0.768673 0.771684 0.776079 0.771684 0.776079 0.774122 0.768673 0.774122
1 0.768798 0.790807 0.776075 0.790807 0.776075 0.793665 0.768798 0.793665
1 0.318278 0.907626 0.320697 0.907626 0.320697 0.915459 0.318278 0.915459
1 0.457441 0.929501 0.460190 0.929501 0.460190 0.937580 0.457441 0.937580
1 0.425060 0.922977 0.427404 0.922977 0.427404 0.930972 0.425060 0.930972
1 0.650035 0.061862 0.826680 0.061862 0.826680 0.098593 0.650035 0.098593
1 0.486559 0.004370 0.528319 0.004370 0.528319 0.012625 0.486559 0.012625
1 0.487045 0.015539 0.528805 0.015539 0.528805 0.023794 0.487045 0.023794
1 0.487166 0.026343 0.528926 0.026343 0.528926 0.034598 0.487166 0.034598
1 0.487652 0.037512 0.529412 0.037512 0.529412 0.045767 0.487652 0.045767
1 0.486923 0.048437 0.528684 0.048437 0.528684 0.056692 0.486923 0.056692
1 0.487409 0.059606 0.529169 0.059606 0.529169 0.067861 0.487409 0.067861
1 0.487530 0.070410 0.529291 0.070410 0.529291 0.078665 0.487530 0.078665
1 0.488016 0.081579 0.529776 0.081579 0.529776 0.089834 0.488016 0.089834
1 0.487409 0.092869 0.529169 0.092869 0.529169 0.101124 0.487409 0.101124
1 0.487530 0.103673 0.529291 0.103673 0.529291 0.111928 0.487530 0.111928
1 0.488016 0.114842 0.529776 0.114842 0.529776 0.123096 0.488016 0.123096
1 0.471384 0.130866 0.480368 0.130866 0.480368 0.172991 0.471384 0.172991
1 0.460216 0.130745 0.469199 0.130745 0.469199 0.172869 0.460216 0.172869
1 0.448926 0.130380 0.457909 0.130380 0.457909 0.172505 0.448926 0.172505
1 0.437757 0.130259 0.446741 0.130259 0.446741 0.172384 0.437757 0.172384
1 0.425860 0.130380 0.434844 0.130380 0.434844 0.172505 0.425860 0.172505
1 0.414692 0.130259 0.423675 0.130259 0.423675 0.172384 0.414692 0.172384
1 0.334327 0.132444 0.405587 0.132444 0.405587 0.170441 0.334327 0.170441
1 0.316247 0.130156 0.326475 0.130156 0.326475 0.171881 0.316247 0.171881
1 0.304662 0.130065 0.313803 0.130065 0.313803 0.172062 0.304662 0.172062
1 0.293529 0.130065 0.302670 0.130065 0.302670 0.172062 0.293529 0.172062
1 0.282034 0.130337 0.291175 0.130337 0.291175 0.172334 0.282034 0.172334
1 0.270901 0.130337 0.280043 0.130337 0.280043 0.172334 0.270901 0.172334
1 0.260311 0.130156 0.269453 0.130156 0.269453 0.172153 0.260311 0.172153
1 0.212521 0.115674 0.252437 0.115674 0.252437 0.123729 0.212521 0.123729
1 0.210982 0.104088 0.252618 0.104088 0.252618 0.112506 0.210982 0.112506
1 0.210711 0.093227 0.252346 0.093227 0.252346 0.101644 0.210711 0.101644
1 0.210077 0.060009 0.251712 0.060009 0.251712 0.068427 0.210077 0.068427
1 0.210439 0.071323 0.252075 0.071323 0.252075 0.079741 0.210439 0.079741
1 0.211978 0.082003 0.251894 0.082003 0.251894 0.090059 0.211978 0.090059
1 0.210439 0.037653 0.252075 0.037653 0.252075 0.046070 0.210439 0.046070
1 0.210801 0.048967 0.252437 0.048967 0.252437 0.057384 0.210801 0.057384
1 0.210711 0.026701 0.252346 0.026701 0.252346 0.035118 0.210711 0.035118
1 0.211435 0.015658 0.253070 0.015658 0.253070 0.024076 0.211435 0.024076
1 0.211073 0.004345 0.252708 0.004345 0.252708 0.012762 0.211073 0.012762
1 0.109855 0.001684 0.140701 0.001684 0.140701 0.009019 0.109855 0.009019
1 0.109915 0.010102 0.140761 0.010102 0.140761 0.017437 0.109915 0.017437
1 0.109855 0.027238 0.140701 0.027238 0.140701 0.034574 0.109855 0.034574
1 0.109795 0.018820 0.140641 0.018820 0.140641 0.026156 0.109795 0.026156
1 0.110035 0.036318 0.140881 0.036318 0.140881 0.043653 0.110035 0.043653
1 0.110095 0.044736 0.140941 0.044736 0.140941 0.052071 0.110095 0.052071
1 0.109975 0.053454 0.140821 0.053454 0.140821 0.060790 0.109975 0.060790
1 0.110035 0.061872 0.140881 0.061872 0.140881 0.069208 0.110035 0.069208
1 0.086946 0.086224 0.094402 0.086224 0.094402 0.114906 0.086946 0.114906
1 0.078408 0.086284 0.085202 0.086284 0.085202 0.115086 0.078408 0.115086
1 0.069629 0.085924 0.077085 0.085924 0.077085 0.114605 0.069629 0.114605
1 0.061091 0.085984 0.067885 0.085984 0.067885 0.114785 0.061091 0.114785
1 0.052733 0.086284 0.060189 0.086284 0.060189 0.114966 0.052733 0.114966
1 0.044194 0.086345 0.050989 0.086345 0.050989 0.115146 0.044194 0.115146
1 0.001860 0.086070 0.008592 0.086070 0.008592 0.115521 0.001860 0.115521
1 0.010269 0.086182 0.017446 0.086182 0.017446 0.115306 0.010269 0.115306
1 0.018842 0.086225 0.025637 0.086225 0.025637 0.115027 0.018842 0.115027
1 0.026908 0.086036 0.034207 0.086036 0.034207 0.115263 0.026908 0.115263
1 0.035858 0.086354 0.042653 0.086354 0.042653 0.115156 0.035858 0.115156
1 0.002886 0.698633 0.011905 0.698633 0.011905 0.722534 0.002886 0.722534
1 0.019301 0.870902 0.021646 0.870902 0.021646 0.887317 0.019301 0.887317
1 0.022097 0.898771 0.025705 0.898771 0.025705 0.915547 0.022097 0.915547
