0 0.020559 0.705080 0.098415 0.705080 0.098415 0.761702 0.020559 0.761702
0 0.333292 0.048100 0.365831 0.048100 0.365831 0.069846 0.333292 0.069846
0 0.784772 0.734825 0.962125 0.734825 0.962125 0.909710 0.784772 0.909710
0 0.746402 0.201686 0.771949 0.201686 0.771949 0.216202 0.746402 0.216202
0 0.635514 0.853275 0.657722 0.853275 0.657722 0.885966 0.635514 0.885966
0 0.385630 0.164155 0.410929 0.164155 0.410929 0.178016 0.385630 0.178016
0 0.474179 0.192007 0.495703 0.192007 0.495703 0.225409 0.474179 0.225409
0 0.284641 0.224909 0.305431 0.224909 0.305431 0.258295 0.284641 0.258295
0 0.015119 0.629730 0.040179 0.629730 0.040179 0.641923 0.015119 0.641923
0 0.772884 0.224706 0.800245 0.224706 0.800245 0.238747 0.772884 0.238747
0 0.070076 0.609037 0.091314 0.609037 0.091314 0.642460 0.070076 0.642460
0 0.557226 0.716769 0.592052 0.716769 0.592052 0.738106 0.557226 0.738106
0 0.667584 0.853230 0.688788 0.853230 0.688788 0.886011 0.667584 0.886011
0 0.068169 0.237767 0.082307 0.237767 0.082307 0.265422 0.068169 0.265422
0 0.045741 0.237947 0.059997 0.237947 0.059997 0.265515 0.045741 0.265515
0 0.906443 0.945001 0.938370 0.945001 0.938370 0.965791 0.906443 0.965791
0 0.619938 0.726343 0.654431 0.726343 0.654431 0.748618 0.619938 0.748618
0 0.837570 0.641384 0.851732 0.641384 0.851732 0.668740 0.837570 0.668740
0 0.896410 0.529135 0.910274 0.529135 0.910274 0.556336 0.896410 0.556336
0 0.635677 0.966678 0.667702 0.966678 0.667702 0.988377 0.635677 0.988377
0 0.055008 0.019587 0.080945 0.019587 0.080945 0.034046 0.055008 0.034046
0 0.411311 0.291739 0.437009 0.291739 0.437009 0.306020 0.411311 0.306020
0 0.503089 0.431102 0.517671 0.431102 0.517671 0.456320 0.503089 0.456320
0 0.554956 0.356803 0.580607 0.356803 0.580607 0.370430 0.554956 0.370430
0 0.552647 0.327647 0.560627 0.327647 0.560627 0.343666 0.552647 0.343666
0 0.202125 0.227721 0.224003 0.227721 0.224003 0.260801 0.202125 0.260801
0 0.428079 0.340501 0.453776 0.340501 0.453776 0.354943 0.428079 0.354943
0 0.505201 0.047873 0.530250 0.047873 0.530250 0.060704 0.505201 0.060704
0 0.022306 0.237718 0.036396 0.237718 0.036396 0.265331 0.022306 0.265331
0 0.333286 0.241183 0.359025 0.241183 0.359025 0.254595 0.333286 0.254595
0 0.379226 0.740460 0.391862 0.740460 0.391862 0.765590 0.379226 0.765590
0 0.512145 0.274776 0.537514 0.274776 0.537514 0.288591 0.512145 0.288591
0 0.408546 0.013359 0.420825 0.013359 0.420825 0.038095 0.408546 0.038095
1 0.862217 0.716825 0.887909 0.716825 0.887909 0.735968 0.862217 0.735968
0 0.524651 0.314101 0.539119 0.314101 0.539119 0.339513 0.524651 0.339513
0 0.356117 0.952856 0.390027 0.952856 0.390027 0.974020 0.356117 0.974020
0 0.338342 0.029239 0.353920 0.029239 0.353920 0.036969 0.338342 0.036969
0 0.142269 0.747734 0.154927 0.747734 0.154927 0.773038 0.142269 0.773038
0 0.400077 0.190773 0.413590 0.190773 0.413590 0.216560 0.400077 0.216560
0 0.281260 0.164016 0.294685 0.164016 0.294685 0.189694 0.281260 0.189694
0 0.879561 0.366266 0.911028 0.366266 0.911028 0.386026 0.879561 0.386026
0 0.435092 0.390566 0.460793 0.390566 0.460793 0.404642 0.435092 0.404642
1 0.068312 0.642952 0.092174 0.642952 0.092174 0.651680 0.068312 0.651680
0 0.180087 0.280822 0.192883 0.280822 0.192883 0.306019 0.180087 0.306019
0 0.074999 0.289875 0.088524 0.289875 0.088524 0.315244 0.074999 0.315244
0 0.371043 0.708225 0.388323 0.708225 0.388323 0.717838 0.371043 0.717838
0 0.352027 0.165155 0.365244 0.165155 0.365244 0.190262 0.352027 0.190262
0 0.751231 0.610922 0.760815 0.610922 0.760815 0.627750 0.751231 0.627750
0 0.565074 0.684998 0.581008 0.684998 0.581008 0.693073 0.565074 0.693073
0 0.018933 0.607743 0.036239 0.607743 0.036239 0.616557 0.018933 0.616557
0 0.102687 0.601497 0.128592 0.601497 0.128592 0.616399 0.102687 0.616399
0 0.415683 0.488617 0.423544 0.488617 0.423544 0.504517 0.415683 0.504517
0 0.000712 0.771703 0.010269 0.771703 0.010269 0.788724 0.000712 0.788724
0 0.115405 0.733343 0.123361 0.733343 0.123361 0.749339 0.115405 0.749339
0 0.376074 0.008853 0.384196 0.008853 0.384196 0.024433 0.376074 0.024433
0 0.822350 0.562562 0.839137 0.562562 0.839137 0.572187 0.822350 0.572187
0 0.700755 0.509976 0.708675 0.509976 0.708675 0.525738 0.700755 0.525738
1 0.337796 0.693070 0.356293 0.693070 0.356293 0.703853 0.337796 0.703853
0 0.544920 0.391336 0.562091 0.391336 0.562091 0.400561 0.544920 0.400561
0 0.579521 0.395485 0.595463 0.395485 0.595463 0.403521 0.579521 0.403521
1 0.020871 0.668804 0.032495 0.668804 0.032495 0.699423 0.020871 0.699423
0 0.451739 0.688742 0.468081 0.688742 0.468081 0.697690 0.451739 0.697690
0 0.474944 0.376300 0.483904 0.376300 0.483904 0.392355 0.474944 0.392355
1 0.336969 0.744205 0.356285 0.744205 0.356285 0.754650 0.336969 0.754650
1 0.665529 0.842799 0.691750 0.842799 0.691750 0.852731 0.665529 0.852731
0 0.257767 0.010233 0.274684 0.010233 0.274684 0.019863 0.257767 0.019863
1 0.282944 0.215997 0.306502 0.215997 0.306502 0.224541 0.282944 0.224541
0 0.416517 0.599325 0.424129 0.599325 0.424129 0.615148 0.416517 0.615148
0 0.153751 0.784454 0.170336 0.784454 0.170336 0.794189 0.153751 0.794189
1 0.610218 0.724961 0.619412 0.724961 0.619412 0.750910 0.610218 0.750910
0 0.591104 0.782482 0.599102 0.782482 0.599102 0.798362 0.591104 0.798362
0 0.229400 0.024695 0.246220 0.024695 0.246220 0.034229 0.229400 0.034229
1 0.282356 0.258831 0.306652 0.258831 0.306652 0.266961 0.282356 0.266961
1 0.087422 0.669993 0.097342 0.669993 0.097342 0.698935 0.087422 0.698935
1 0.938817 0.942659 0.949230 0.942659 0.949230 0.967442 0.938817 0.967442
1 0.044160 0.669585 0.054135 0.669585 0.054135 0.698640 0.044160 0.698640
1 0.878070 0.351598 0.890801 0.351598 0.890801 0.366220 0.878070 0.366220
1 0.633782 0.842842 0.660092 0.842842 0.660092 0.852905 0.633782 0.852905
1 0.201291 0.261338 0.225131 0.261338 0.225131 0.270600 0.201291 0.270600
1 0.473325 0.225882 0.497028 0.225882 0.497028 0.234013 0.473325 0.234013
0 0.520821 0.208205 0.530264 0.208205 0.530264 0.225058 0.520821 0.225058
0 0.614511 0.405368 0.622267 0.405368 0.622267 0.421415 0.614511 0.421415
1 0.337133 0.727068 0.355235 0.727068 0.355235 0.737593 0.337133 0.737593
1 0.322498 0.045782 0.333259 0.045782 0.333259 0.071539 0.322498 0.071539
0 0.537881 0.204604 0.547190 0.204604 0.547190 0.221316 0.537881 0.221316
1 0.896061 0.942630 0.906141 0.942630 0.906141 0.968641 0.896061 0.968641
1 0.226041 0.693178 0.245445 0.693178 0.245445 0.703715 0.226041 0.703715
0 0.367562 0.781981 0.383147 0.781981 0.383147 0.789950 0.367562 0.789950
1 0.068433 0.600821 0.092013 0.600821 0.092013 0.608808 0.068433 0.608808
1 0.347406 0.951455 0.355924 0.951455 0.355924 0.975267 0.347406 0.975267
0 0.695097 0.549469 0.710708 0.549469 0.710708 0.557545 0.695097 0.557545
1 0.654766 0.725038 0.663313 0.725038 0.663313 0.750910 0.654766 0.750910
0 0.645114 0.383980 0.652978 0.383980 0.652978 0.400005 0.645114 0.400005
1 0.200977 0.218417 0.224718 0.218417 0.224718 0.227225 0.200977 0.227225
1 0.065719 0.670002 0.075636 0.670002 0.075636 0.698550 0.065719 0.698550
0 0.576734 0.008762 0.584751 0.008762 0.584751 0.024733 0.576734 0.024733
0 0.503567 0.344209 0.513065 0.344209 0.513065 0.361029 0.503567 0.361029
1 0.592256 0.715929 0.600156 0.715929 0.600156 0.739265 0.592256 0.739265
1 0.337202 0.710226 0.355271 0.710226 0.355271 0.720621 0.337202 0.720621
0 0.476300 0.344082 0.485904 0.344082 0.485904 0.361080 0.476300 0.361080
1 0.390383 0.951546 0.398516 0.951546 0.398516 0.975492 0.390383 0.975492
0 0.675609 0.785242 0.683729 0.785242 0.683729 0.800981 0.675609 0.800981
1 0.065364 0.762929 0.075899 0.762929 0.075899 0.796523 0.065364 0.796523
1 0.547936 0.714542 0.556744 0.714542 0.556744 0.741089 0.547936 0.741089
1 0.862483 0.909949 0.887429 0.909949 0.887429 0.928071 0.862483 0.928071
0 0.338006 0.011042 0.353978 0.011042 0.353978 0.019237 0.338006 0.019237
1 0.635358 0.886223 0.659510 0.886223 0.659510 0.895192 0.635358 0.895192
1 0.043960 0.763116 0.054125 0.763116 0.054125 0.795730 0.043960 0.795730
0 0.711355 0.471607 0.718961 0.471607 0.718961 0.487658 0.711355 0.487658
1 0.472538 0.182842 0.498224 0.182842 0.498224 0.191485 0.472538 0.191485
0 0.397726 0.058081 0.413629 0.058081 0.413629 0.066176 0.397726 0.066176
1 0.226706 0.743885 0.245752 0.743885 0.245752 0.755199 0.226706 0.755199
1 0.022131 0.762791 0.032539 0.762791 0.032539 0.793472 0.022131 0.793472
1 0.901642 0.352788 0.911721 0.352788 0.911721 0.366102 0.901642 0.366102
1 0.665871 0.886287 0.690470 0.886287 0.690470 0.895220 0.665871 0.895220
0 0.487853 0.686532 0.504175 0.686532 0.504175 0.695276 0.487853 0.695276
0 0.371938 0.490977 0.379818 0.490977 0.379818 0.506937 0.371938 0.506937
1 0.366035 0.046021 0.375301 0.046021 0.375301 0.071291 0.366035 0.071291
1 0.337317 0.761157 0.355490 0.761157 0.355490 0.774267 0.337317 0.774267
1 0.227051 0.760190 0.245532 0.760190 0.245532 0.772114 0.227051 0.772114
1 0.625745 0.966044 0.635131 0.966044 0.635131 0.989807 0.625745 0.989807
1 0.087144 0.762978 0.097252 0.762978 0.097252 0.792945 0.087144 0.792945
1 0.227409 0.727261 0.245842 0.727261 0.245842 0.737924 0.227409 0.737924
1 0.668255 0.966064 0.676715 0.966064 0.676715 0.990739 0.668255 0.990739
0 0.547633 0.750852 0.555624 0.750852 0.555624 0.766863 0.547633 0.766863
1 0.890658 0.385998 0.900891 0.385998 0.900891 0.399120 0.890658 0.399120
0 0.418721 0.524436 0.426445 0.524436 0.426445 0.540291 0.418721 0.540291
0 0.285215 0.558884 0.294277 0.558884 0.294277 0.575161 0.285215 0.575161
1 0.524182 0.310208 0.540181 0.310208 0.540181 0.313956 0.524182 0.313956
1 0.140735 0.743789 0.156252 0.743789 0.156252 0.747548 0.140735 0.747548
1 0.406905 0.038169 0.422917 0.038169 0.422917 0.042689 0.406905 0.042689
1 0.377740 0.765666 0.393096 0.765666 0.393096 0.770030 0.377740 0.770030
1 0.502081 0.427003 0.518341 0.427003 0.518341 0.430902 0.502081 0.430902
1 0.407014 0.008314 0.422591 0.008314 0.422591 0.013261 0.407014 0.013261
1 0.839256 0.562693 0.842942 0.562693 0.842942 0.572087 0.839256 0.572087
1 0.350746 0.160591 0.366380 0.160591 0.366380 0.165028 0.350746 0.165028
1 0.178616 0.306072 0.194781 0.306072 0.194781 0.309932 0.178616 0.309932
1 0.067433 0.233546 0.083050 0.233546 0.083050 0.237516 0.067433 0.237516
1 0.437180 0.291238 0.440680 0.291238 0.440680 0.306494 0.437180 0.306494
1 0.836313 0.668767 0.853359 0.668767 0.853359 0.672053 0.836313 0.672053
1 0.580770 0.356043 0.584929 0.356043 0.584929 0.371695 0.580770 0.371695
1 0.836830 0.637412 0.853195 0.637412 0.853195 0.641459 0.836830 0.641459
1 0.644797 0.380105 0.653184 0.380105 0.653184 0.383898 0.644797 0.383898
1 0.500795 0.046183 0.505216 0.046183 0.505216 0.062109 0.500795 0.062109
1 0.279856 0.159600 0.296114 0.159600 0.296114 0.163970 0.279856 0.163970
1 0.483659 0.686489 0.487769 0.686489 0.487769 0.695452 0.483659 0.695452
1 0.045134 0.233629 0.060896 0.233629 0.060896 0.237698 0.045134 0.237698
1 0.645048 0.400097 0.653174 0.400097 0.653174 0.403600 0.645048 0.403600
1 0.073921 0.315386 0.089998 0.315386 0.089998 0.319552 0.073921 0.319552
1 0.561239 0.684872 0.565006 0.684872 0.565006 0.693200 0.561239 0.693200
1 0.045086 0.265461 0.060784 0.265461 0.060784 0.268774 0.045086 0.268774
1 0.507654 0.274263 0.512105 0.274263 0.512105 0.289738 0.507654 0.289738
1 0.383188 0.781835 0.387237 0.781835 0.387237 0.790358 0.383188 0.790358
1 0.711185 0.487627 0.719307 0.487627 0.719307 0.491229 0.711185 0.491229
1 0.178654 0.276389 0.194626 0.276389 0.194626 0.280610 0.178654 0.280610
1 0.021527 0.233857 0.037081 0.233857 0.037081 0.237633 0.021527 0.237633
1 0.547491 0.747128 0.555885 0.747128 0.555885 0.750798 0.547491 0.750798
1 0.772202 0.200976 0.776204 0.200976 0.776204 0.216686 0.772202 0.216686
1 0.359183 0.240054 0.363131 0.240054 0.363131 0.255768 0.359183 0.255768
1 0.502463 0.456579 0.518168 0.456579 0.518168 0.460500 0.502463 0.460500
1 0.675253 0.801118 0.684095 0.801118 0.684095 0.804575 0.675253 0.804575
1 0.415319 0.504590 0.423991 0.504590 0.423991 0.507839 0.415319 0.507839
1 0.274755 0.010014 0.278423 0.010014 0.278423 0.019684 0.274755 0.019684
1 0.399419 0.186838 0.414931 0.186838 0.414931 0.190662 0.399419 0.190662
1 0.393742 0.058185 0.397633 0.058185 0.397633 0.066248 0.393742 0.066248
1 0.364016 0.781992 0.367381 0.781992 0.367381 0.790348 0.364016 0.790348
1 0.894900 0.556400 0.911853 0.556400 0.911853 0.560134 0.894900 0.560134
1 0.590745 0.778777 0.599437 0.778777 0.599437 0.782318 0.590745 0.782318
1 0.710729 0.549152 0.714553 0.549152 0.714553 0.558254 0.710729 0.558254
1 0.581062 0.684724 0.584997 0.684724 0.584997 0.693337 0.581062 0.693337
1 0.411103 0.163602 0.415302 0.163602 0.415302 0.179347 0.411103 0.179347
1 0.354007 0.010877 0.357979 0.010877 0.357979 0.018946 0.354007 0.018946
1 0.334487 0.029236 0.338399 0.029236 0.338399 0.037051 0.334487 0.037051
1 0.415676 0.485034 0.423788 0.485034 0.423788 0.488486 0.415676 0.488486
1 0.576534 0.024864 0.584946 0.024864 0.584946 0.028515 0.576534 0.028515
1 0.353990 0.029269 0.357886 0.029269 0.357886 0.037160 0.353990 0.037160
1 0.413673 0.057718 0.417380 0.057718 0.417380 0.066089 0.413673 0.066089
1 0.073894 0.285717 0.089401 0.285717 0.089401 0.289618 0.073894 0.289618
1 0.381559 0.163663 0.385495 0.163663 0.385495 0.179313 0.381559 0.179313
1 0.128666 0.600885 0.132387 0.600885 0.132387 0.617275 0.128666 0.617275
1 0.537675 0.274297 0.541399 0.274297 0.541399 0.289484 0.537675 0.289484
1 0.430852 0.389949 0.434804 0.389949 0.434804 0.405202 0.430852 0.405202
1 0.140817 0.773373 0.156525 0.773373 0.156525 0.777723 0.140817 0.777723
1 0.460941 0.390071 0.464663 0.390071 0.464663 0.405229 0.460941 0.405229
1 0.350832 0.190347 0.366361 0.190347 0.366361 0.194209 0.350832 0.194209
1 0.115217 0.749398 0.123440 0.749398 0.123440 0.753327 0.115217 0.753327
1 0.530460 0.045534 0.534671 0.045534 0.534671 0.061707 0.530460 0.061707
1 0.538120 0.221375 0.547218 0.221375 0.547218 0.225016 0.538120 0.225016
1 0.021018 0.265353 0.037446 0.265353 0.037446 0.268697 0.021018 0.268697
1 0.691373 0.549367 0.694946 0.549367 0.694946 0.557925 0.691373 0.557925
1 0.461767 0.362935 0.465120 0.362935 0.465120 0.378204 0.461767 0.378204
1 0.590740 0.798514 0.599284 0.798514 0.599284 0.801911 0.590740 0.801911
1 0.371940 0.507168 0.380070 0.507168 0.380070 0.510732 0.371940 0.510732
1 0.375914 0.005160 0.384352 0.005160 0.384352 0.008811 0.375914 0.008811
1 0.552389 0.343776 0.560846 0.343776 0.560846 0.347026 0.552389 0.347026
1 0.551002 0.356055 0.554926 0.356055 0.554926 0.371341 0.551002 0.371341
1 0.081044 0.019091 0.085342 0.019091 0.085342 0.034613 0.081044 0.034613
1 0.418630 0.521080 0.426600 0.521080 0.426600 0.524384 0.418630 0.524384
1 0.407341 0.291090 0.411213 0.291090 0.411213 0.307031 0.407341 0.307031
1 0.547409 0.766998 0.555867 0.766998 0.555867 0.770003 0.547409 0.770003
1 0.418512 0.540412 0.426588 0.540412 0.426588 0.543850 0.418512 0.543850
1 0.614154 0.421396 0.622729 0.421396 0.622729 0.424937 0.614154 0.424937
1 0.750872 0.627782 0.760916 0.627782 0.760916 0.631753 0.750872 0.631753
1 0.524459 0.339548 0.539872 0.339548 0.539872 0.343452 0.524459 0.343452
1 0.541202 0.391694 0.544808 0.391694 0.544808 0.400299 0.541202 0.400299
1 0.115374 0.730082 0.123338 0.730082 0.123338 0.733250 0.115374 0.733250
1 0.150194 0.784371 0.153522 0.784371 0.153522 0.794557 0.150194 0.794557
1 0.700397 0.525864 0.708746 0.525864 0.708746 0.529313 0.700397 0.529313
1 0.742921 0.201061 0.746275 0.201061 0.746275 0.216625 0.742921 0.216625
1 0.453905 0.339698 0.457660 0.339698 0.457660 0.355251 0.453905 0.355251
1 0.562166 0.391424 0.566055 0.391424 0.566055 0.400554 0.562166 0.400554
1 0.011149 0.627759 0.015008 0.627759 0.015008 0.644132 0.011149 0.644132
1 0.675394 0.781645 0.684090 0.781645 0.684090 0.785197 0.675394 0.785197
1 0.711002 0.467829 0.719258 0.467829 0.719258 0.471585 0.711002 0.471585
1 0.329120 0.240293 0.333054 0.240293 0.333054 0.255490 0.329120 0.255490
1 0.503876 0.340709 0.513099 0.340709 0.513099 0.343965 0.503876 0.343965
1 0.375789 0.024523 0.384157 0.024523 0.384157 0.028103 0.375789 0.028103
1 0.800425 0.223561 0.803713 0.223561 0.803713 0.240027 0.800425 0.240027
1 0.424463 0.339781 0.428020 0.339781 0.428020 0.354960 0.424463 0.354960
1 0.504225 0.686178 0.507492 0.686178 0.507492 0.695555 0.504225 0.695555
1 0.475313 0.372547 0.483714 0.372547 0.483714 0.376114 0.475313 0.376114
1 0.468133 0.688707 0.472060 0.688707 0.472060 0.697857 0.468133 0.697857
0 0.434148 0.363480 0.461433 0.363480 0.461433 0.377562 0.434148 0.377562
1 0.040286 0.627887 0.043913 0.627887 0.043913 0.643154 0.040286 0.643154
1 0.036338 0.607431 0.039514 0.607431 0.039514 0.616893 0.036338 0.616893
1 0.437763 0.254652 0.440893 0.254652 0.440893 0.270811 0.437763 0.270811
1 0.371919 0.487297 0.379889 0.487297 0.379889 0.490931 0.371919 0.490931
1 0.552430 0.323983 0.560810 0.323983 0.560810 0.327694 0.552430 0.327694
1 0.067241 0.265413 0.083175 0.265413 0.083175 0.268853 0.067241 0.268853
1 0.614212 0.401544 0.622805 0.401544 0.622805 0.405252 0.614212 0.405252
1 0.388329 0.708321 0.391712 0.708321 0.391712 0.717777 0.388329 0.717777
1 0.447648 0.688941 0.451728 0.688941 0.451728 0.698063 0.447648 0.698063
1 0.254381 0.010151 0.257703 0.010151 0.257703 0.019500 0.254381 0.019500
1 0.575629 0.395372 0.579368 0.395372 0.579368 0.403726 0.575629 0.403726
1 0.246340 0.024868 0.249926 0.024868 0.249926 0.034091 0.246340 0.034091
1 0.595481 0.395593 0.598950 0.395593 0.598950 0.403563 0.595481 0.403563
1 0.051493 0.018984 0.054960 0.018984 0.054960 0.034331 0.051493 0.034331
1 0.099167 0.601164 0.102610 0.601164 0.102610 0.616591 0.099167 0.616591
1 0.576664 0.004956 0.585066 0.004956 0.585066 0.008731 0.576664 0.008731
1 0.279773 0.189834 0.296188 0.189834 0.296188 0.193628 0.279773 0.193628
1 0.225950 0.024817 0.229407 0.024817 0.229407 0.034032 0.225950 0.034032
1 0.520753 0.204797 0.529871 0.204797 0.529871 0.208310 0.520753 0.208310
1 0.476564 0.340673 0.485424 0.340673 0.485424 0.343938 0.476564 0.343938
1 0.769623 0.224088 0.772813 0.224088 0.772813 0.239926 0.769623 0.239926
1 0.015470 0.607377 0.018771 0.607377 0.018771 0.616776 0.015470 0.616776
1 0.430788 0.362894 0.434133 0.362894 0.434133 0.378145 0.430788 0.378145
1 0.477064 0.361078 0.485885 0.361078 0.485885 0.364228 0.477064 0.364228
1 0.000359 0.767220 0.010454 0.767220 0.010454 0.771665 0.000359 0.771665
1 0.000512 0.788937 0.010341 0.788937 0.010341 0.793045 0.000512 0.793045
1 0.367904 0.708471 0.371030 0.708471 0.371030 0.717168 0.367904 0.717168
1 0.227060 0.710321 0.245757 0.710321 0.245757 0.720130 0.227060 0.720130
0 0.434145 0.363500 0.461387 0.363500 0.461387 0.377592 0.434145 0.377592
1 0.474753 0.392478 0.484107 0.392478 0.484107 0.395869 0.474753 0.395869
0 0.246179 0.690036 0.336015 0.690036 0.336015 0.774575 0.246179 0.774575
1 0.407134 0.254499 0.410134 0.254499 0.410134 0.270520 0.407134 0.270520
1 0.378191 0.736494 0.393143 0.736494 0.393143 0.740368 0.378191 0.740368
1 0.416344 0.595539 0.424615 0.595539 0.424615 0.599186 0.416344 0.599186
1 0.895607 0.525175 0.911499 0.525175 0.911499 0.529081 0.895607 0.529081
1 0.700684 0.506335 0.708687 0.506335 0.708687 0.509983 0.700684 0.509983
1 0.503592 0.361123 0.513196 0.361123 0.513196 0.364309 0.503592 0.364309
0 0.410179 0.255405 0.437682 0.255405 0.437682 0.269660 0.410179 0.269660
1 0.398657 0.216624 0.414801 0.216624 0.414801 0.220596 0.398657 0.220596
1 0.520730 0.225096 0.530205 0.225096 0.530205 0.228620 0.520730 0.228620
1 0.750945 0.607213 0.760569 0.607213 0.760569 0.610898 0.750945 0.610898
1 0.334564 0.011023 0.338056 0.011023 0.338056 0.019339 0.334564 0.019339
1 0.818854 0.562516 0.822225 0.562516 0.822225 0.572115 0.818854 0.572115
0 0.410091 0.255353 0.437744 0.255353 0.437744 0.269685 0.410091 0.269685
1 0.537757 0.200110 0.546855 0.200110 0.546855 0.203751 0.537757 0.203751
1 0.416418 0.615917 0.424689 0.615917 0.424689 0.619565 0.416418 0.619565
1 0.170493 0.784396 0.173747 0.784396 0.173747 0.794335 0.170493 0.794335
1 0.285489 0.555481 0.293618 0.555481 0.293618 0.558694 0.285489 0.558694
1 0.286007 0.575234 0.293578 0.575234 0.293578 0.577881 0.286007 0.577881
1 0.435518 0.015342 0.443899 0.015342 0.443899 0.019059 0.435518 0.019059
