0 0.423903 0.322955 0.524912 0.322955 0.524912 0.426812 0.423903 0.426812
0 0.488003 0.506219 0.661463 0.506219 0.661463 0.680047 0.488003 0.680047
0 0.764280 0.624137 0.784852 0.624137 0.784852 0.657301 0.764280 0.657301
0 0.646671 0.708127 0.667760 0.708127 0.667760 0.740948 0.646671 0.740948
0 0.035639 0.333715 0.060089 0.333715 0.060089 0.345706 0.035639 0.345706
0 0.306170 0.113720 0.330596 0.113720 0.330596 0.126386 0.306170 0.126386
0 0.794440 0.624012 0.815619 0.624012 0.815619 0.657320 0.794440 0.657320
0 0.362118 0.951252 0.383470 0.951252 0.383470 0.984768 0.362118 0.984768
0 0.209110 0.674197 0.233739 0.674197 0.233739 0.686539 0.209110 0.686539
1 0.524763 0.322128 0.588218 0.322128 0.588218 0.349484 0.524763 0.349484
0 0.689439 0.779607 0.703775 0.779607 0.703775 0.805279 0.689439 0.805279
0 0.859577 0.758531 0.893204 0.758531 0.893204 0.779816 0.859577 0.779816
0 0.035790 0.294670 0.060409 0.294670 0.060409 0.306870 0.035790 0.306870
0 0.027129 0.863663 0.051714 0.863663 0.051714 0.876076 0.027129 0.876076
0 0.756143 0.727448 0.782420 0.727448 0.782420 0.741782 0.756143 0.741782
1 0.392581 0.328505 0.423781 0.328505 0.423781 0.421602 0.392581 0.421602
0 0.216772 0.953708 0.241425 0.953708 0.241425 0.965713 0.216772 0.965713
0 0.306425 0.419277 0.331111 0.419277 0.331111 0.431930 0.306425 0.431930
0 0.035663 0.460978 0.060175 0.460978 0.060175 0.473517 0.035663 0.473517
0 0.172981 0.035777 0.197338 0.035777 0.197338 0.048505 0.172981 0.048505
0 0.036154 0.418496 0.060596 0.418496 0.060596 0.431334 0.036154 0.431334
0 0.306057 0.291791 0.330783 0.291791 0.330783 0.304667 0.306057 0.304667
0 0.035911 0.197845 0.060331 0.197845 0.060331 0.210524 0.035911 0.210524
0 0.035729 0.377712 0.060237 0.377712 0.060237 0.390079 0.035729 0.390079
0 0.713510 0.922773 0.727731 0.922773 0.727731 0.948289 0.713510 0.948289
0 0.160507 0.326576 0.173217 0.326576 0.173217 0.351157 0.160507 0.351157
0 0.860568 0.724602 0.894069 0.724602 0.894069 0.745395 0.860568 0.745395
0 0.304527 0.461259 0.328969 0.461259 0.328969 0.473903 0.304527 0.473903
0 0.304340 0.547339 0.329008 0.547339 0.329008 0.559600 0.304340 0.559600
0 0.160414 0.463270 0.172430 0.463270 0.172430 0.487761 0.160414 0.487761
0 0.035871 0.249366 0.060464 0.249366 0.060464 0.261522 0.035871 0.261522
0 0.189340 0.159837 0.201538 0.159837 0.201538 0.184291 0.189340 0.184291
0 0.031918 0.018541 0.056329 0.018541 0.056329 0.031282 0.031918 0.031282
0 0.032261 0.077514 0.056619 0.077514 0.056619 0.090435 0.032261 0.090435
0 0.306034 0.377469 0.330508 0.377469 0.330508 0.390376 0.306034 0.390376
0 0.035392 0.588962 0.059823 0.588962 0.059823 0.601429 0.035392 0.601429
0 0.191684 0.327204 0.204033 0.327204 0.204033 0.351608 0.191684 0.351608
0 0.160860 0.416186 0.172724 0.416186 0.172724 0.440346 0.160860 0.440346
0 0.035118 0.546459 0.059777 0.546459 0.059777 0.559171 0.035118 0.559171
0 0.604575 0.396386 0.618054 0.396386 0.618054 0.422019 0.604575 0.422019
0 0.216756 0.865784 0.241335 0.865784 0.241335 0.878420 0.216756 0.878420
0 0.306293 0.139403 0.331019 0.139403 0.331019 0.151433 0.306293 0.151433
0 0.305918 0.184120 0.318063 0.184120 0.318063 0.208651 0.305918 0.208651
0 0.304470 0.640183 0.329276 0.640183 0.329276 0.653217 0.304470 0.653217
0 0.604696 0.316464 0.618159 0.316464 0.618159 0.342165 0.604696 0.342165
0 0.160596 0.238689 0.172732 0.238689 0.172732 0.262899 0.160596 0.262899
0 0.159992 0.645773 0.172886 0.645773 0.172886 0.670095 0.159992 0.670095
0 0.602482 0.751131 0.616617 0.751131 0.616617 0.776581 0.602482 0.776581
0 0.035695 0.503850 0.060297 0.503850 0.060297 0.515964 0.035695 0.515964
0 0.305944 0.332522 0.330880 0.332522 0.330880 0.345412 0.305944 0.345412
0 0.306129 0.019386 0.330843 0.019386 0.330843 0.032074 0.306129 0.032074
0 0.159931 0.594000 0.172925 0.594000 0.172925 0.618424 0.159931 0.618424
0 0.190527 0.238403 0.203408 0.238403 0.203408 0.262759 0.190527 0.262759
0 0.856620 0.793709 0.882497 0.793709 0.882497 0.808450 0.856620 0.808450
0 0.160913 0.286434 0.173257 0.286434 0.173257 0.310904 0.160913 0.310904
0 0.191106 0.416230 0.203191 0.416230 0.203191 0.440391 0.191106 0.440391
0 0.160268 0.374655 0.172631 0.374655 0.172631 0.399150 0.160268 0.399150
0 0.577824 0.751049 0.590864 0.751049 0.590864 0.776283 0.577824 0.776283
0 0.034292 0.139923 0.058807 0.139923 0.058807 0.152173 0.034292 0.152173
0 0.304298 0.503755 0.329025 0.503755 0.329025 0.516467 0.304298 0.516467
0 0.304378 0.589202 0.329128 0.589202 0.329128 0.601582 0.304378 0.601582
0 0.160127 0.552090 0.172497 0.552090 0.172497 0.576527 0.160127 0.576527
0 0.192263 0.063609 0.204286 0.063609 0.204286 0.088077 0.192263 0.088077
0 0.169058 0.010696 0.193779 0.010696 0.193779 0.022819 0.169058 0.022819
0 0.191706 0.463436 0.203722 0.463436 0.203722 0.487783 0.191706 0.487783
0 0.190402 0.286007 0.203441 0.286007 0.203441 0.310754 0.190402 0.310754
0 0.191101 0.374784 0.203821 0.374784 0.203821 0.399178 0.191101 0.399178
0 0.161031 0.504456 0.173064 0.504456 0.173064 0.528863 0.161031 0.528863
0 0.160544 0.189023 0.173269 0.189023 0.173269 0.213521 0.160544 0.213521
0 0.304377 0.250296 0.329080 0.250296 0.329080 0.262441 0.304377 0.262441
0 0.191037 0.552073 0.203928 0.552073 0.203928 0.576352 0.191037 0.576352
0 0.855334 0.694886 0.881533 0.694886 0.881533 0.709721 0.855334 0.709721
0 0.609393 0.790274 0.636854 0.790274 0.636854 0.804514 0.609393 0.804514
0 0.190979 0.594343 0.203669 0.594343 0.203669 0.618529 0.190979 0.618529
0 0.331072 0.206095 0.342917 0.206095 0.342917 0.231019 0.331072 0.231019
0 0.035390 0.641123 0.060091 0.641123 0.060091 0.653030 0.035390 0.653030
0 0.166165 0.104843 0.190761 0.104843 0.190761 0.116946 0.166165 0.116946
0 0.191013 0.504532 0.203386 0.504532 0.203386 0.528931 0.191013 0.528931
1 0.563632 0.681257 0.588775 0.681257 0.588775 0.700540 0.563632 0.700540
0 0.167884 0.131913 0.192381 0.131913 0.192381 0.144138 0.167884 0.144138
1 0.793701 0.657805 0.817318 0.657805 0.817318 0.665831 0.793701 0.665831
0 0.960452 0.735272 0.976327 0.735272 0.976327 0.743524 0.960452 0.743524
1 0.563276 0.488576 0.589006 0.488576 0.589006 0.506062 0.563276 0.506062
1 0.763016 0.614705 0.786638 0.614705 0.786638 0.623527 0.763016 0.623527
1 0.763016 0.657833 0.786502 0.657833 0.786502 0.665831 0.763016 0.665831
1 0.645507 0.741311 0.669103 0.741311 0.669103 0.750130 0.645507 0.750130
1 0.793550 0.614630 0.817149 0.614630 0.817149 0.623522 0.793550 0.623522
0 0.960651 0.752402 0.976474 0.752402 0.976474 0.760519 0.960651 0.760519
1 0.849954 0.755314 0.859360 0.755314 0.859360 0.781683 0.849954 0.781683
1 0.361038 0.940941 0.385328 0.940941 0.385328 0.950986 0.361038 0.950986
1 0.850035 0.721409 0.860425 0.721409 0.860425 0.747622 0.850035 0.747622
0 0.561846 0.384142 0.578390 0.384142 0.578390 0.393341 0.561846 0.393341
1 0.524815 0.400369 0.588084 0.400369 0.588084 0.428245 0.524815 0.428245
1 0.525012 0.367784 0.539596 0.367784 0.539596 0.383609 0.525012 0.383609
1 0.893425 0.756911 0.902157 0.756911 0.902157 0.780522 0.893425 0.780522
1 0.360550 0.985007 0.384796 0.985007 0.384796 0.993508 0.360550 0.993508
1 0.159049 0.263073 0.174806 0.263073 0.174806 0.267780 0.159049 0.267780
1 0.189512 0.263012 0.205481 0.263012 0.205481 0.267624 0.189512 0.267624
1 0.894299 0.723442 0.902315 0.723442 0.902315 0.746450 0.894299 0.746450
1 0.645686 0.699191 0.669059 0.699191 0.669059 0.707620 0.645686 0.707620
1 0.158796 0.529038 0.174669 0.529038 0.174669 0.533376 0.158796 0.533376
1 0.603417 0.392084 0.619211 0.392084 0.619211 0.396049 0.603417 0.396049
1 0.188645 0.399416 0.205193 0.399416 0.205193 0.403707 0.188645 0.403707
1 0.158920 0.399395 0.175205 0.399395 0.175205 0.403803 0.158920 0.403803
1 0.189764 0.458520 0.205117 0.458520 0.205117 0.463192 0.189764 0.463192
1 0.158980 0.618741 0.174531 0.618741 0.174531 0.623519 0.158980 0.623519
1 0.189782 0.547282 0.204911 0.547282 0.204911 0.551829 0.189782 0.551829
1 0.158926 0.547276 0.174278 0.547276 0.174278 0.551878 0.158926 0.551878
1 0.329101 0.231135 0.345312 0.231135 0.345312 0.235256 0.329101 0.235256
1 0.159145 0.281627 0.174500 0.281627 0.174500 0.286326 0.159145 0.286326
1 0.189872 0.058774 0.205239 0.058774 0.205239 0.063577 0.189872 0.063577
1 0.189830 0.370129 0.205232 0.370129 0.205232 0.374733 0.189830 0.374733
1 0.158993 0.184286 0.174446 0.184286 0.174446 0.188924 0.158993 0.188924
1 0.189350 0.088186 0.205408 0.088186 0.205408 0.092555 0.189350 0.092555
1 0.299269 0.502494 0.304108 0.502494 0.304108 0.517592 0.299269 0.517592
1 0.158735 0.351358 0.174663 0.351358 0.174663 0.356158 0.158735 0.356158
1 0.162504 0.129803 0.167756 0.129803 0.167756 0.145286 0.162504 0.145286
1 0.188618 0.322470 0.205590 0.322470 0.205590 0.327084 0.188618 0.327084
1 0.188623 0.411345 0.205196 0.411345 0.205196 0.415911 0.188623 0.415911
1 0.603043 0.422306 0.619069 0.422306 0.619069 0.426180 0.603043 0.426180
1 0.329290 0.502499 0.333753 0.502499 0.333753 0.518097 0.329290 0.518097
1 0.159040 0.411359 0.175496 0.411359 0.175496 0.415919 0.159040 0.415919
1 0.158977 0.370187 0.174344 0.370187 0.174344 0.374586 0.158977 0.374586
1 0.211914 0.864443 0.216618 0.864443 0.216618 0.880029 0.211914 0.880029
1 0.782540 0.726318 0.786546 0.726318 0.786546 0.742346 0.782540 0.742346
1 0.601423 0.746641 0.617430 0.746641 0.617430 0.750873 0.601423 0.750873
1 0.167420 0.034494 0.172822 0.034494 0.172822 0.049980 0.167420 0.049980
1 0.688651 0.775398 0.704472 0.775398 0.704472 0.779606 0.688651 0.779606
1 0.189630 0.281531 0.205237 0.281531 0.205237 0.285789 0.189630 0.285789
1 0.576267 0.746828 0.591909 0.746828 0.591909 0.750838 0.576267 0.750838
1 0.189576 0.351796 0.205425 0.351796 0.205425 0.356225 0.189576 0.356225
1 0.188412 0.576518 0.205099 0.576518 0.205099 0.580883 0.188412 0.580883
1 0.300903 0.137275 0.306157 0.137275 0.306157 0.152991 0.300903 0.152991
1 0.192434 0.129890 0.197012 0.129890 0.197012 0.145379 0.192434 0.145379
1 0.301543 0.111645 0.305928 0.111645 0.305928 0.127684 0.301543 0.127684
1 0.299490 0.459771 0.304359 0.459771 0.304359 0.475477 0.299490 0.475477
1 0.301020 0.375648 0.305842 0.375648 0.305842 0.391140 0.301020 0.391140
1 0.329469 0.201273 0.344700 0.201273 0.344700 0.206031 0.329469 0.206031
1 0.712557 0.918230 0.727989 0.918230 0.727989 0.922621 0.712557 0.922621
1 0.159240 0.487893 0.175209 0.487893 0.175209 0.492349 0.159240 0.492349
1 0.211996 0.952057 0.216645 0.952057 0.216645 0.967870 0.211996 0.967870
1 0.188932 0.487909 0.205153 0.487909 0.205153 0.492235 0.188932 0.492235
1 0.158991 0.458752 0.174349 0.458752 0.174349 0.463132 0.158991 0.463132
1 0.299885 0.247933 0.304168 0.247933 0.304168 0.263445 0.299885 0.263445
1 0.241683 0.952168 0.246342 0.952168 0.246342 0.967405 0.241683 0.967405
1 0.159015 0.640972 0.174567 0.640972 0.174567 0.645419 0.159015 0.645419
1 0.159038 0.440451 0.174544 0.440451 0.174544 0.444991 0.159038 0.444991
1 0.189389 0.440552 0.205296 0.440552 0.205296 0.445082 0.189389 0.445082
1 0.241420 0.864314 0.246297 0.864314 0.246297 0.880056 0.241420 0.880056
1 0.159273 0.213841 0.175002 0.213841 0.175002 0.218311 0.159273 0.218311
1 0.688344 0.805303 0.704625 0.805303 0.704625 0.809323 0.688344 0.809323
1 0.159108 0.576767 0.175177 0.576767 0.175177 0.580923 0.159108 0.580923
1 0.189356 0.529085 0.205434 0.529085 0.205434 0.533489 0.189356 0.533489
1 0.191003 0.103366 0.195116 0.103366 0.195116 0.118847 0.191003 0.118847
1 0.159244 0.311128 0.175289 0.311128 0.175289 0.315133 0.159244 0.315133
1 0.059973 0.587669 0.064361 0.587669 0.064361 0.602635 0.059973 0.602635
1 0.031442 0.247359 0.035653 0.247359 0.035653 0.263111 0.031442 0.263111
1 0.161505 0.103226 0.165955 0.103226 0.165955 0.118914 0.161505 0.118914
1 0.575725 0.776276 0.592572 0.776276 0.592572 0.780433 0.575725 0.780433
1 0.164240 0.008766 0.168956 0.008766 0.168956 0.024467 0.164240 0.024467
1 0.976607 0.752458 0.980501 0.752458 0.980501 0.760972 0.976607 0.760972
1 0.301454 0.418094 0.306242 0.418094 0.306242 0.433656 0.301454 0.433656
1 0.189137 0.234036 0.205772 0.234036 0.205772 0.238290 0.189137 0.238290
1 0.331209 0.137446 0.335777 0.137446 0.335777 0.153131 0.331209 0.153131
1 0.029659 0.138187 0.033903 0.138187 0.033903 0.154008 0.029659 0.154008
1 0.031008 0.587911 0.035185 0.587911 0.035185 0.603072 0.031008 0.603072
1 0.851510 0.694044 0.855296 0.694044 0.855296 0.710017 0.851510 0.710017
1 0.301614 0.290350 0.305854 0.290350 0.305854 0.306065 0.301614 0.306065
1 0.030969 0.502785 0.035412 0.502785 0.035412 0.517902 0.030969 0.517902
1 0.188607 0.590029 0.205261 0.590029 0.205261 0.594123 0.188607 0.594123
1 0.186250 0.155448 0.202747 0.155448 0.202747 0.159731 0.186250 0.159731
1 0.188489 0.499866 0.205322 0.499866 0.205322 0.504347 0.188489 0.504347
1 0.158830 0.589922 0.175394 0.589922 0.175394 0.593787 0.158830 0.593787
1 0.031344 0.417381 0.035867 0.417381 0.035867 0.433028 0.031344 0.433028
1 0.188517 0.310930 0.205432 0.310930 0.205432 0.315127 0.188517 0.315127
1 0.031259 0.375563 0.035542 0.375563 0.035542 0.391421 0.031259 0.391421
1 0.329287 0.587707 0.333285 0.587707 0.333285 0.603412 0.329287 0.603412
1 0.603157 0.312064 0.619458 0.312064 0.619458 0.316253 0.603157 0.316253
1 0.051900 0.862631 0.056073 0.862631 0.056073 0.877885 0.051900 0.877885
1 0.031081 0.459415 0.035388 0.459415 0.035388 0.474729 0.031081 0.474729
1 0.301033 0.331320 0.305710 0.331320 0.305710 0.347064 0.301033 0.347064
1 0.193994 0.008927 0.198313 0.008927 0.198313 0.024606 0.193994 0.024606
1 0.158549 0.234192 0.174986 0.234192 0.174986 0.238600 0.158549 0.238600
1 0.712533 0.948383 0.728205 0.948383 0.728205 0.952011 0.712533 0.952011
1 0.976527 0.735245 0.980373 0.735245 0.980373 0.743993 0.976527 0.743993
1 0.300116 0.587547 0.304257 0.587547 0.304257 0.602908 0.300116 0.602908
1 0.882616 0.792959 0.886821 0.792959 0.886821 0.809008 0.882616 0.809008
1 0.300024 0.638759 0.304390 0.638759 0.304390 0.654466 0.300024 0.654466
1 0.603685 0.342427 0.619546 0.342427 0.619546 0.346046 0.603685 0.346046
1 0.956852 0.752391 0.960570 0.752391 0.960570 0.760312 0.956852 0.760312
1 0.187413 0.184475 0.202702 0.184475 0.202702 0.189215 0.187413 0.189215
1 0.189530 0.618886 0.205129 0.618886 0.205129 0.623565 0.189530 0.623565
1 0.031390 0.195977 0.035721 0.195977 0.035721 0.211983 0.031390 0.211983
1 0.159068 0.499999 0.175696 0.499999 0.175696 0.504242 0.159068 0.504242
1 0.329260 0.247955 0.333387 0.247955 0.333387 0.263727 0.329260 0.263727
1 0.303832 0.179396 0.319277 0.179396 0.319277 0.184134 0.303832 0.184134
1 0.331000 0.111544 0.335589 0.111544 0.335589 0.127668 0.331000 0.127668
1 0.233802 0.671640 0.237943 0.671640 0.237943 0.687973 0.233802 0.687973
1 0.059951 0.545597 0.064359 0.545597 0.064359 0.560025 0.059951 0.560025
1 0.300018 0.545328 0.304166 0.545328 0.304166 0.560539 0.300018 0.560539
1 0.030838 0.545228 0.034923 0.545228 0.034923 0.560496 0.030838 0.560496
1 0.028007 0.017134 0.031726 0.017134 0.031726 0.032998 0.028007 0.032998
1 0.059088 0.137947 0.062869 0.137947 0.062869 0.153771 0.059088 0.153771
1 0.031516 0.292061 0.035590 0.292061 0.035590 0.308195 0.031516 0.308195
1 0.881588 0.693883 0.885231 0.693883 0.885231 0.709624 0.881588 0.709624
1 0.304133 0.208902 0.319281 0.208902 0.319281 0.213373 0.304133 0.213373
1 0.602000 0.776713 0.617500 0.776713 0.617500 0.780449 0.602000 0.780449
1 0.028200 0.075877 0.032011 0.075877 0.032011 0.091804 0.028200 0.091804
1 0.197562 0.034429 0.202122 0.034429 0.202122 0.050159 0.197562 0.050159
1 0.329269 0.545041 0.333299 0.545041 0.333299 0.560833 0.329269 0.560833
1 0.331075 0.018276 0.335098 0.018276 0.335098 0.033739 0.331075 0.033739
1 0.031428 0.331406 0.035409 0.331406 0.035409 0.347121 0.031428 0.347121
1 0.329494 0.638676 0.333325 0.638676 0.333325 0.654614 0.329494 0.654614
1 0.330849 0.375719 0.334992 0.375719 0.334992 0.391324 0.330849 0.391324
1 0.636936 0.789225 0.640245 0.789225 0.640245 0.805261 0.636936 0.805261
1 0.056845 0.075911 0.060417 0.075911 0.060417 0.091653 0.056845 0.091653
1 0.031445 0.639448 0.035207 0.639448 0.035207 0.655102 0.031445 0.655102
1 0.204792 0.672106 0.208847 0.672106 0.208847 0.687761 0.204792 0.687761
1 0.578475 0.384151 0.581880 0.384151 0.581880 0.393047 0.578475 0.393047
1 0.159436 0.322336 0.175519 0.322336 0.175519 0.326368 0.159436 0.326368
1 0.060292 0.331364 0.064298 0.331364 0.064298 0.346825 0.060292 0.346825
1 0.301986 0.018264 0.305884 0.018264 0.305884 0.033467 0.301986 0.033467
1 0.331055 0.290299 0.334921 0.290299 0.334921 0.306282 0.331055 0.306282
1 0.331154 0.331242 0.335047 0.331242 0.335047 0.347066 0.331154 0.347066
1 0.558383 0.384193 0.561720 0.384193 0.561720 0.392849 0.558383 0.392849
1 0.331566 0.418061 0.334973 0.418061 0.334973 0.434023 0.331566 0.434023
1 0.853074 0.792477 0.856622 0.792477 0.856622 0.808656 0.853074 0.808656
1 0.060176 0.639519 0.064047 0.639519 0.064047 0.654601 0.060176 0.654601
1 0.957200 0.735200 0.960341 0.735200 0.960341 0.743240 0.957200 0.743240
1 0.023017 0.862538 0.026787 0.862538 0.026787 0.878068 0.023017 0.878068
1 0.159098 0.670412 0.174298 0.670412 0.174298 0.674559 0.159098 0.674559
1 0.329241 0.459787 0.333260 0.459787 0.333260 0.475555 0.329241 0.475555
1 0.752197 0.726676 0.756045 0.726676 0.756045 0.742356 0.752197 0.742356
1 0.060304 0.376038 0.064217 0.376038 0.064217 0.390663 0.060304 0.390663
1 0.606084 0.789760 0.609154 0.789760 0.609154 0.805087 0.606084 0.805087
1 0.060353 0.459668 0.064445 0.459668 0.064445 0.474148 0.060353 0.474148
1 0.056473 0.017078 0.060429 0.017078 0.060429 0.032813 0.056473 0.032813
1 0.060347 0.195968 0.064356 0.195968 0.064356 0.211221 0.060347 0.211221
1 0.060385 0.502990 0.064497 0.502990 0.064497 0.517327 0.060385 0.517327
1 0.969179 0.415847 0.995062 0.415847 0.995062 0.433415 0.969179 0.433415
1 0.969313 0.607622 0.995464 0.607622 0.995464 0.627604 0.969313 0.627604
