0 0.424794 0.274945 0.524672 0.274945 0.524672 0.380313 0.424794 0.380313
0 0.488261 0.458158 0.660982 0.458158 0.660982 0.631453 0.488261 0.631453
0 0.210082 0.625502 0.234937 0.625502 0.234937 0.637577 0.210082 0.637577
0 0.722049 0.681696 0.743607 0.681696 0.743607 0.714858 0.722049 0.714858
0 0.870582 0.963232 0.884486 0.963232 0.884486 0.991137 0.870582 0.991137
1 0.393859 0.280051 0.424217 0.280051 0.424217 0.372714 0.393859 0.372714
0 0.758137 0.473701 0.779360 0.473701 0.779360 0.506354 0.758137 0.506354
0 0.161601 0.190565 0.173602 0.190565 0.173602 0.214646 0.161601 0.214646
1 0.526020 0.351493 0.589455 0.351493 0.589455 0.379638 0.526020 0.379638
0 0.161433 0.456083 0.173628 0.456083 0.173628 0.480377 0.161433 0.480377
0 0.036548 0.244975 0.061142 0.244975 0.061142 0.257777 0.036548 0.257777
0 0.848641 0.962836 0.862822 0.962836 0.862822 0.990267 0.848641 0.990267
0 0.168152 0.083794 0.192778 0.083794 0.192778 0.095684 0.168152 0.095684
0 0.036716 0.370097 0.061147 0.370097 0.061147 0.382852 0.036716 0.382852
0 0.796855 0.471096 0.846176 0.471096 0.846176 0.495415 0.796855 0.495415
0 0.036634 0.284863 0.060870 0.284863 0.060870 0.297651 0.036634 0.297651
0 0.161028 0.546128 0.173662 0.546128 0.173662 0.570363 0.161028 0.570363
0 0.306747 0.328818 0.331351 0.328818 0.331351 0.341574 0.306747 0.341574
0 0.860776 0.708900 0.894308 0.708900 0.894308 0.730214 0.860776 0.730214
0 0.704641 0.977182 0.730122 0.977182 0.730122 0.989561 0.704641 0.989561
0 0.161705 0.503384 0.174097 0.503384 0.174097 0.527929 0.161705 0.527929
0 0.036703 0.592375 0.061119 0.592375 0.061119 0.605182 0.036703 0.605182
0 0.192486 0.503177 0.204989 0.503177 0.204989 0.527660 0.192486 0.527660
0 0.192067 0.455294 0.204720 0.455294 0.204720 0.479427 0.192067 0.479427
0 0.306996 0.090203 0.331360 0.090203 0.331360 0.102726 0.306996 0.102726
0 0.714448 0.874111 0.728950 0.874111 0.728950 0.899627 0.714448 0.899627
0 0.161592 0.237741 0.174066 0.237741 0.174066 0.262309 0.161592 0.262309
0 0.363250 0.902994 0.384647 0.902994 0.384647 0.935941 0.363250 0.935941
0 0.192460 0.545987 0.204615 0.545987 0.204615 0.570281 0.192460 0.570281
0 0.161811 0.414840 0.173992 0.414840 0.173992 0.439268 0.161811 0.439268
0 0.858403 0.744853 0.884446 0.744853 0.884446 0.759471 0.858403 0.759471
0 0.824997 0.963514 0.839281 0.963514 0.839281 0.991282 0.824997 0.991282
0 0.305358 0.412371 0.329951 0.412371 0.329951 0.425427 0.305358 0.425427
0 0.036719 0.329015 0.061216 0.329015 0.061216 0.341188 0.036719 0.341188
0 0.861138 0.675428 0.894760 0.675428 0.894760 0.696473 0.861138 0.696473
0 0.305272 0.498195 0.329903 0.498195 0.329903 0.511017 0.305272 0.511017
0 0.647366 0.660375 0.668466 0.660375 0.668466 0.693473 0.647366 0.693473
0 0.191657 0.237874 0.204633 0.237874 0.204633 0.262475 0.191657 0.262475
0 0.033407 0.029682 0.057593 0.029682 0.057593 0.041699 0.033407 0.041699
0 0.191452 0.190449 0.204207 0.190449 0.204207 0.214850 0.191452 0.214850
0 0.036771 0.540827 0.061189 0.540827 0.061189 0.553239 0.036771 0.553239
0 0.036938 0.200665 0.061412 0.200665 0.061412 0.213256 0.036938 0.213256
0 0.305319 0.540554 0.329822 0.540554 0.329822 0.553190 0.305319 0.553190
0 0.689950 0.731306 0.704401 0.731306 0.704401 0.756917 0.689950 0.756917
0 0.757350 0.678144 0.783435 0.678144 0.783435 0.692757 0.757350 0.692757
0 0.578994 0.702430 0.591501 0.702430 0.591501 0.727391 0.578994 0.727391
0 0.036603 0.497462 0.061293 0.497462 0.061293 0.510195 0.036603 0.510195
0 0.307196 0.243605 0.331909 0.243605 0.331909 0.256572 0.307196 0.256572
0 0.036437 0.149167 0.060797 0.149167 0.060797 0.161871 0.036437 0.161871
0 0.028062 0.815993 0.052593 0.815993 0.052593 0.828831 0.028062 0.828831
0 0.610661 0.741302 0.638013 0.741302 0.638013 0.755340 0.610661 0.755340
0 0.166557 0.056441 0.191130 0.056441 0.191130 0.068559 0.166557 0.068559
0 0.036870 0.412433 0.061491 0.412433 0.061491 0.424966 0.036870 0.424966
0 0.306191 0.136026 0.318970 0.136026 0.318970 0.160379 0.306191 0.160379
0 0.603170 0.702555 0.617406 0.702555 0.617406 0.728153 0.603170 0.728153
0 0.305301 0.455615 0.329864 0.455615 0.329864 0.468492 0.305301 0.468492
1 0.525235 0.273557 0.589363 0.273557 0.589363 0.301480 0.525235 0.301480
0 0.192157 0.326266 0.204865 0.326266 0.204865 0.350560 0.192157 0.350560
0 0.160695 0.278577 0.173654 0.278577 0.173654 0.302941 0.160695 0.302941
0 0.161259 0.367488 0.173411 0.367488 0.173411 0.391755 0.161259 0.391755
0 0.161001 0.325875 0.173776 0.325875 0.173776 0.350430 0.161001 0.350430
0 0.192466 0.278834 0.204535 0.278834 0.204535 0.302855 0.192466 0.302855
0 0.189495 0.112118 0.201458 0.112118 0.201458 0.136379 0.189495 0.136379
0 0.605159 0.267824 0.618815 0.267824 0.618815 0.293708 0.605159 0.293708
0 0.161699 0.597251 0.174456 0.597251 0.174456 0.621717 0.161699 0.621717
0 0.305235 0.591988 0.329918 0.591988 0.329918 0.604288 0.305235 0.604288
0 0.305106 0.201731 0.329869 0.201731 0.329869 0.213716 0.305106 0.213716
0 0.332173 0.157183 0.344206 0.157183 0.344206 0.181793 0.332173 0.181793
0 0.217953 0.816976 0.242222 0.816976 0.242222 0.829518 0.217953 0.829518
0 0.773325 0.528618 0.799230 0.528618 0.799230 0.543330 0.773325 0.543330
0 0.161131 0.140676 0.173934 0.140676 0.173934 0.165150 0.161131 0.165150
0 0.306410 0.370902 0.331205 0.370902 0.331205 0.383558 0.306410 0.383558
0 0.036413 0.455222 0.061212 0.455222 0.061212 0.467531 0.036413 0.467531
0 0.191819 0.015069 0.204287 0.015069 0.204287 0.039411 0.191819 0.039411
0 0.191756 0.367525 0.203842 0.367525 0.203842 0.391664 0.191756 0.391664
0 0.192183 0.414878 0.204797 0.414878 0.204797 0.439171 0.192183 0.439171
0 0.306453 0.284669 0.331332 0.284669 0.331332 0.297588 0.306453 0.297588
0 0.856432 0.645958 0.882382 0.645958 0.882382 0.660849 0.856432 0.660849
0 0.035145 0.092340 0.059746 0.092340 0.059746 0.104180 0.035145 0.104180
0 0.605251 0.347693 0.618869 0.347693 0.618869 0.373480 0.605251 0.373480
0 0.217759 0.905335 0.242174 0.905335 0.242174 0.917952 0.217759 0.917952
1 0.646678 0.693794 0.670024 0.693794 0.670024 0.701339 0.646678 0.701339
0 0.307344 0.065017 0.331986 0.065017 0.331986 0.077222 0.307344 0.077222
1 0.756293 0.463232 0.781939 0.463232 0.781939 0.473227 0.756293 0.473227
0 0.961358 0.685925 0.977480 0.685925 0.977480 0.694250 0.961358 0.694250
1 0.564621 0.439956 0.590336 0.439956 0.590336 0.457794 0.564621 0.457794
1 0.817640 0.495758 0.843031 0.495758 0.843031 0.511412 0.817640 0.511412
0 0.838950 0.527436 0.848142 0.527436 0.848142 0.543319 0.838950 0.543319
1 0.720370 0.715073 0.746379 0.715073 0.746379 0.724452 0.720370 0.724452
1 0.565155 0.632641 0.589859 0.632641 0.589859 0.651666 0.565155 0.651666
1 0.757587 0.506516 0.781148 0.506516 0.781148 0.515625 0.757587 0.515625
1 0.646721 0.650299 0.670220 0.650299 0.670220 0.659729 0.646721 0.659729
1 0.815452 0.454403 0.828691 0.454403 0.828691 0.470261 0.815452 0.470261
1 0.800779 0.455676 0.810563 0.455676 0.810563 0.470628 0.800779 0.470628
1 0.721805 0.672404 0.745177 0.672404 0.745177 0.681291 0.721805 0.681291
1 0.851070 0.672444 0.861028 0.672444 0.861028 0.698796 0.851070 0.698796
0 0.832218 0.432139 0.848732 0.432139 0.848732 0.441566 0.832218 0.441566
1 0.361799 0.936347 0.386286 0.936347 0.386286 0.945046 0.361799 0.945046
1 0.894928 0.674232 0.903593 0.674232 0.903593 0.697709 0.894928 0.697709
1 0.851203 0.706235 0.860613 0.706235 0.860613 0.732750 0.851203 0.732750
0 0.961598 0.703358 0.977694 0.703358 0.977694 0.711361 0.961598 0.711361
1 0.800780 0.495480 0.810847 0.495480 0.810847 0.511054 0.800780 0.511054
1 0.525759 0.318183 0.539790 0.318183 0.539790 0.334403 0.525759 0.334403
1 0.160034 0.165442 0.175767 0.165442 0.175767 0.169796 0.160034 0.169796
1 0.362564 0.892220 0.386596 0.892220 0.386596 0.902815 0.362564 0.902815
1 0.833047 0.455619 0.843206 0.455619 0.843206 0.470646 0.833047 0.470646
0 0.562696 0.335256 0.579376 0.335256 0.579376 0.344600 0.562696 0.344600
1 0.894355 0.708008 0.903563 0.708008 0.903563 0.731454 0.894355 0.731454
1 0.159791 0.391915 0.175562 0.391915 0.175562 0.396363 0.159791 0.396363
1 0.190792 0.321383 0.206124 0.321383 0.206124 0.326001 0.190792 0.326001
1 0.190045 0.039568 0.206046 0.039568 0.206046 0.044056 0.190045 0.044056
1 0.160095 0.528118 0.176444 0.528118 0.176444 0.532361 0.160095 0.532361
1 0.159778 0.321291 0.175104 0.321291 0.175104 0.325667 0.159778 0.325667
1 0.602619 0.728246 0.618567 0.728246 0.618567 0.732274 0.602619 0.732274
1 0.190267 0.391854 0.206204 0.391854 0.206204 0.396269 0.190267 0.396269
1 0.160136 0.262523 0.176589 0.262523 0.176589 0.266796 0.160136 0.266796
1 0.190651 0.010026 0.205944 0.010026 0.205944 0.014954 0.190651 0.014954
1 0.302744 0.063212 0.307068 0.063212 0.307068 0.079423 0.302744 0.079423
1 0.189947 0.185641 0.206400 0.185641 0.206400 0.190271 0.189947 0.190271
1 0.189463 0.527817 0.206171 0.527817 0.206171 0.532346 0.189463 0.532346
1 0.212888 0.815548 0.217777 0.815548 0.217777 0.831110 0.212888 0.831110
1 0.190923 0.498540 0.206159 0.498540 0.206159 0.502986 0.190923 0.502986
1 0.577032 0.727489 0.593661 0.727489 0.593661 0.731743 0.577032 0.731743
1 0.190580 0.233179 0.206119 0.233179 0.206119 0.237745 0.190580 0.237745
1 0.190355 0.303095 0.206430 0.303095 0.206430 0.307742 0.190355 0.307742
1 0.190374 0.479707 0.206292 0.479707 0.206292 0.484772 0.190374 0.484772
1 0.159793 0.232992 0.175315 0.232992 0.175315 0.237584 0.159793 0.237584
1 0.160014 0.570593 0.175492 0.570593 0.175492 0.575107 0.160014 0.575107
1 0.160009 0.410091 0.175461 0.410091 0.175461 0.414693 0.160009 0.414693
1 0.577024 0.697994 0.592927 0.697994 0.592927 0.702203 0.577024 0.702203
1 0.242373 0.903664 0.247478 0.903664 0.247478 0.919394 0.242373 0.919394
1 0.330240 0.152778 0.345647 0.152778 0.345647 0.157073 0.330240 0.157073
1 0.604140 0.263406 0.620557 0.263406 0.620557 0.267548 0.604140 0.267548
1 0.189719 0.541369 0.206304 0.541369 0.206304 0.545805 0.189719 0.545805
1 0.159369 0.303092 0.175634 0.303092 0.175634 0.307841 0.159369 0.307841
1 0.602502 0.697803 0.618235 0.697803 0.618235 0.702393 0.602502 0.702393
1 0.713380 0.869645 0.728999 0.869645 0.728999 0.874023 0.713380 0.874023
1 0.242479 0.815873 0.247742 0.815873 0.247742 0.831345 0.242479 0.831345
1 0.189633 0.274122 0.206537 0.274122 0.206537 0.278563 0.189633 0.278563
1 0.160109 0.498779 0.175250 0.498779 0.175250 0.503206 0.160109 0.503206
1 0.159819 0.214828 0.175422 0.214828 0.175422 0.219352 0.159819 0.219352
1 0.159740 0.541552 0.176424 0.541552 0.176424 0.545986 0.159740 0.545986
1 0.159970 0.480568 0.175484 0.480568 0.175484 0.485033 0.159970 0.485033
1 0.159644 0.451333 0.176417 0.451333 0.176417 0.455842 0.159644 0.455842
1 0.159901 0.350577 0.176762 0.350577 0.176762 0.355256 0.159901 0.355256
1 0.190820 0.410019 0.206192 0.410019 0.206192 0.414733 0.190820 0.414733
1 0.190243 0.215026 0.205998 0.215026 0.205998 0.219380 0.190243 0.219380
1 0.159586 0.274007 0.176534 0.274007 0.176534 0.278331 0.159586 0.278331
1 0.330061 0.181992 0.345820 0.181992 0.345820 0.186621 0.330061 0.186621
1 0.159780 0.135935 0.175664 0.135935 0.175664 0.140655 0.159780 0.140655
1 0.854232 0.743393 0.858318 0.743393 0.858318 0.759823 0.854232 0.759823
1 0.189424 0.262703 0.206405 0.262703 0.206405 0.266854 0.189424 0.266854
1 0.304940 0.160630 0.320266 0.160630 0.320266 0.164988 0.304940 0.164988
1 0.603644 0.373733 0.619924 0.373733 0.619924 0.377673 0.603644 0.377673
1 0.713726 0.899617 0.729145 0.899617 0.729145 0.903406 0.713726 0.903406
1 0.839305 0.543589 0.848244 0.543589 0.848244 0.547400 0.839305 0.547400
1 0.604645 0.294010 0.619991 0.294010 0.619991 0.297575 0.604645 0.297575
1 0.159666 0.362659 0.176772 0.362659 0.176772 0.367321 0.159666 0.367321
1 0.159963 0.592232 0.175650 0.592232 0.175650 0.596921 0.159963 0.596921
1 0.189644 0.439393 0.206286 0.439393 0.206286 0.443727 0.189644 0.443727
1 0.189364 0.350776 0.205918 0.350776 0.205918 0.355212 0.189364 0.355212
1 0.187912 0.136512 0.203487 0.136512 0.203487 0.141187 0.187912 0.141187
1 0.689318 0.726659 0.705376 0.726659 0.705376 0.731226 0.689318 0.731226
1 0.189683 0.362693 0.206177 0.362693 0.206177 0.367372 0.189683 0.367372
1 0.160315 0.439522 0.176532 0.439522 0.176532 0.443663 0.160315 0.443663
1 0.192861 0.081323 0.197606 0.081323 0.197606 0.096824 0.192861 0.096824
1 0.304784 0.130826 0.320110 0.130826 0.320110 0.135884 0.304784 0.135884
1 0.032482 0.369021 0.036548 0.369021 0.036548 0.384402 0.032482 0.384402
1 0.300668 0.411211 0.305180 0.411211 0.305180 0.427036 0.300668 0.427036
1 0.977527 0.685971 0.981184 0.685971 0.981184 0.694501 0.977527 0.694501
1 0.187247 0.107259 0.203491 0.107259 0.203491 0.111849 0.187247 0.111849
1 0.032401 0.410806 0.036783 0.410806 0.036783 0.426119 0.032401 0.426119
1 0.604091 0.343083 0.620112 0.343083 0.620112 0.347463 0.604091 0.347463
1 0.783668 0.677115 0.787683 0.677115 0.787683 0.693567 0.783668 0.693567
1 0.331762 0.088771 0.336466 0.088771 0.336466 0.104343 0.331762 0.104343
1 0.159366 0.185818 0.175785 0.185818 0.175785 0.190294 0.159366 0.190294
1 0.977742 0.703287 0.981479 0.703287 0.981479 0.711786 0.977742 0.711786
1 0.061123 0.282814 0.065495 0.282814 0.065495 0.298483 0.061123 0.298483
1 0.052804 0.814026 0.057344 0.814026 0.057344 0.830009 0.052804 0.830009
1 0.331800 0.282473 0.335886 0.282473 0.335886 0.298453 0.331800 0.298453
1 0.689124 0.756954 0.705801 0.756954 0.705801 0.760729 0.689124 0.760729
1 0.032479 0.591042 0.036534 0.591042 0.036534 0.606913 0.032479 0.606913
1 0.191415 0.055065 0.195769 0.055065 0.195769 0.070530 0.191415 0.070530
1 0.032009 0.496742 0.036365 0.496742 0.036365 0.512056 0.032009 0.512056
1 0.638036 0.740239 0.641485 0.740239 0.641485 0.756375 0.638036 0.756375
1 0.884491 0.744290 0.888285 0.744290 0.888285 0.759825 0.884491 0.759825
1 0.330096 0.453770 0.334451 0.453770 0.334451 0.469678 0.330096 0.469678
1 0.730439 0.975206 0.734847 0.975206 0.734847 0.991058 0.730439 0.991058
1 0.824226 0.959547 0.840135 0.959547 0.840135 0.963224 0.824226 0.963224
1 0.300624 0.453793 0.305113 0.453793 0.305113 0.469542 0.300624 0.469542
1 0.032347 0.243826 0.036349 0.243826 0.036349 0.259544 0.032347 0.259544
1 0.882504 0.644890 0.886345 0.644890 0.886345 0.660969 0.882504 0.660969
1 0.579412 0.335599 0.582615 0.335599 0.582615 0.344120 0.579412 0.344120
1 0.769443 0.527454 0.773273 0.527454 0.773273 0.543902 0.769443 0.543902
1 0.190736 0.570601 0.205983 0.570601 0.205983 0.575024 0.190736 0.575024
1 0.799336 0.527585 0.803288 0.527585 0.803288 0.543714 0.799336 0.543714
1 0.163545 0.081152 0.168119 0.081152 0.168119 0.096720 0.163545 0.096720
1 0.331775 0.327025 0.336035 0.327025 0.336035 0.342769 0.331775 0.342769
1 0.061024 0.147281 0.065520 0.147281 0.065520 0.162900 0.061024 0.162900
1 0.162325 0.054705 0.166309 0.054705 0.166309 0.070395 0.162325 0.070395
1 0.300962 0.199259 0.304987 0.199259 0.304987 0.214937 0.300962 0.214937
1 0.213249 0.903523 0.217589 0.903523 0.217589 0.918914 0.213249 0.918914
1 0.032372 0.539453 0.036572 0.539453 0.036572 0.554847 0.032372 0.554847
1 0.205960 0.623421 0.210002 0.623421 0.210002 0.638942 0.205960 0.638942
1 0.332302 0.063166 0.336533 0.063166 0.336533 0.079033 0.332302 0.079033
1 0.234898 0.623002 0.238885 0.623002 0.238885 0.639172 0.234898 0.639172
1 0.852611 0.644810 0.856344 0.644810 0.856344 0.661171 0.852611 0.661171
1 0.331574 0.369317 0.335972 0.369317 0.335972 0.385208 0.331574 0.385208
1 0.032312 0.454307 0.036363 0.454307 0.036363 0.469601 0.032312 0.469601
1 0.032624 0.283030 0.036376 0.283030 0.036376 0.298719 0.032624 0.298719
1 0.301844 0.088523 0.306831 0.088523 0.306831 0.104115 0.301844 0.104115
1 0.061374 0.243672 0.065475 0.243672 0.065475 0.259452 0.061374 0.259452
1 0.031002 0.089819 0.034783 0.089819 0.034783 0.105461 0.031002 0.105461
1 0.302154 0.327093 0.306504 0.327093 0.306504 0.342824 0.302154 0.342824
1 0.957879 0.703325 0.961516 0.703325 0.961516 0.711187 0.957879 0.711187
1 0.302205 0.282589 0.306305 0.282589 0.306305 0.298323 0.302205 0.298323
1 0.032661 0.198885 0.036771 0.198885 0.036771 0.214611 0.032661 0.214611
1 0.753494 0.677384 0.757107 0.677384 0.757107 0.693497 0.753494 0.693497
1 0.059871 0.089714 0.063511 0.089714 0.063511 0.105492 0.059871 0.105492
1 0.302591 0.241719 0.306991 0.241719 0.306991 0.257555 0.302591 0.257555
1 0.559384 0.335386 0.562651 0.335386 0.562651 0.343883 0.559384 0.343883
1 0.301334 0.589935 0.305128 0.589935 0.305128 0.605727 0.301334 0.605727
1 0.332284 0.241954 0.335855 0.241954 0.335855 0.257733 0.332284 0.257733
1 0.301076 0.496314 0.305108 0.496314 0.305108 0.511876 0.301076 0.511876
1 0.848710 0.432131 0.851919 0.432131 0.851919 0.441580 0.848710 0.441580
1 0.032412 0.327237 0.036499 0.327237 0.036499 0.342890 0.032412 0.342890
1 0.838925 0.523675 0.847861 0.523675 0.847861 0.527237 0.838925 0.527237
1 0.032233 0.147588 0.036106 0.147588 0.036106 0.163304 0.032233 0.163304
1 0.061382 0.368942 0.065478 0.368942 0.065478 0.383960 0.061382 0.383960
1 0.061485 0.327188 0.065543 0.327188 0.065543 0.342440 0.061485 0.342440
1 0.301433 0.539117 0.305180 0.539117 0.305180 0.554434 0.301433 0.554434
1 0.023838 0.814262 0.027668 0.814262 0.027668 0.829955 0.023838 0.829955
1 0.958197 0.686048 0.961230 0.686048 0.961230 0.694192 0.958197 0.694192
1 0.330297 0.411158 0.334246 0.411158 0.334246 0.427181 0.330297 0.427181
1 0.061622 0.198434 0.065510 0.198434 0.065510 0.214290 0.061622 0.214290
1 0.828764 0.432065 0.832103 0.432065 0.832103 0.441366 0.828764 0.441366
1 0.302302 0.369599 0.306269 0.369599 0.306269 0.384950 0.302302 0.384950
1 0.061581 0.496739 0.065532 0.496739 0.065532 0.511620 0.061581 0.511620
1 0.061719 0.410897 0.065727 0.410897 0.065727 0.425893 0.061719 0.425893
1 0.061379 0.591008 0.065345 0.591008 0.065345 0.606608 0.061379 0.606608
1 0.061403 0.539337 0.065355 0.539337 0.065355 0.554361 0.061403 0.554361
1 0.057997 0.027544 0.061606 0.027544 0.061606 0.043524 0.057997 0.043524
1 0.061470 0.454156 0.065500 0.454156 0.065500 0.468780 0.061470 0.468780
1 0.870043 0.959192 0.885642 0.959192 0.885642 0.963121 0.870043 0.963121
1 0.160178 0.622039 0.175490 0.622039 0.175490 0.625897 0.160178 0.625897
1 0.330026 0.199201 0.334050 0.199201 0.334050 0.214931 0.330026 0.214931
1 0.847785 0.990310 0.865091 0.990310 0.865091 0.994143 0.847785 0.994143
1 0.189624 0.450983 0.205929 0.450983 0.205929 0.455061 0.189624 0.455061
1 0.330126 0.496364 0.334158 0.496364 0.334158 0.512170 0.330126 0.512170
1 0.330150 0.589969 0.334251 0.589969 0.334251 0.606104 0.330150 0.606104
1 0.329934 0.539118 0.334120 0.539118 0.334120 0.554864 0.329934 0.554864
1 0.607087 0.740639 0.610587 0.740639 0.610587 0.756234 0.607087 0.756234
1 0.847456 0.959013 0.863363 0.959013 0.863363 0.962911 0.847456 0.962911
1 0.824101 0.991213 0.840212 0.991213 0.840212 0.994537 0.824101 0.994537
1 0.870526 0.991105 0.885555 0.991105 0.885555 0.994097 0.870526 0.994097
1 0.029062 0.027467 0.032981 0.027467 0.032981 0.043319 0.029062 0.043319
1 0.700067 0.975389 0.704475 0.975389 0.704475 0.991241 0.700067 0.991241
1 0.970690 0.366004 0.996008 0.366004 0.996008 0.387917 0.970690 0.387917
1 0.970245 0.562482 0.996452 0.562482 0.996452 0.578029 0.970245 0.578029
1 0.783391 0.988901 0.806341 0.988901 0.806341 0.996452 0.783391 0.996452
