0 0.204953 0.619510 0.382453 0.619510 0.382453 0.793528 0.204953 0.793528
0 0.385851 0.160223 0.458556 0.160223 0.458556 0.217278 0.385851 0.217278
0 0.657561 0.121564 0.681950 0.121564 0.681950 0.134041 0.657561 0.134041
0 0.704674 0.117100 0.757568 0.117100 0.757568 0.144584 0.704674 0.144584
0 0.034213 0.914120 0.055238 0.914120 0.055238 0.947256 0.034213 0.947256
0 0.729497 0.174626 0.751458 0.174626 0.751458 0.208249 0.729497 0.208249
0 0.173394 0.908091 0.206703 0.908091 0.206703 0.928903 0.173394 0.928903
0 0.359718 0.121722 0.384181 0.121722 0.384181 0.133859 0.359718 0.133859
0 0.070090 0.706353 0.091183 0.706353 0.091183 0.738978 0.070090 0.738978
0 0.172837 0.941510 0.206440 0.941510 0.206440 0.962593 0.172837 0.962593
0 0.404458 0.116297 0.457646 0.116297 0.457646 0.143237 0.404458 0.143237
0 0.546546 0.704020 0.571402 0.704020 0.571402 0.716865 0.546546 0.716865
0 0.793562 0.156762 0.827456 0.156762 0.827456 0.178066 0.793562 0.178066
0 0.442700 0.749830 0.468159 0.749830 0.468159 0.762821 0.442700 0.762821
0 0.070130 0.114166 0.095522 0.114166 0.095522 0.126595 0.070130 0.126595
0 0.016921 0.114690 0.042915 0.114690 0.042915 0.127286 0.016921 0.127286
0 0.728115 0.601297 0.740517 0.601297 0.740517 0.626376 0.728115 0.626376
0 0.561545 0.174656 0.587385 0.174656 0.587385 0.189829 0.561545 0.189829
0 0.001938 0.963736 0.016342 0.963736 0.016342 0.989534 0.001938 0.989534
0 0.561246 0.199222 0.588992 0.199222 0.588992 0.213238 0.561246 0.213238
0 0.775969 0.194341 0.810086 0.194341 0.810086 0.215277 0.775969 0.215277
0 0.522623 0.970329 0.535270 0.970329 0.535270 0.995454 0.522623 0.995454
0 0.451006 0.839155 0.458906 0.839155 0.458906 0.854708 0.451006 0.854708
0 0.085207 0.761065 0.111158 0.761065 0.111158 0.775949 0.085207 0.775949
1 0.282415 0.599358 0.307863 0.599358 0.307863 0.619726 0.282415 0.619726
0 0.069413 0.910695 0.095547 0.910695 0.095547 0.925042 0.069413 0.925042
0 0.606780 0.182667 0.634214 0.182667 0.634214 0.197198 0.606780 0.197198
0 0.168479 0.878436 0.194329 0.878436 0.194329 0.893269 0.168479 0.893269
0 0.170514 0.977553 0.196399 0.977553 0.196399 0.991919 0.170514 0.991919
0 0.490135 0.966559 0.498329 0.966559 0.498329 0.982089 0.490135 0.982089
0 0.864160 0.788256 0.877919 0.788256 0.877919 0.813981 0.864160 0.813981
0 0.838466 0.788260 0.851844 0.788260 0.851844 0.813634 0.838466 0.813634
1 0.458834 0.165661 0.478631 0.165661 0.478631 0.209886 0.458834 0.209886
1 0.810290 0.192024 0.818097 0.192024 0.818097 0.216839 0.810290 0.216839
1 0.368653 0.167754 0.385635 0.167754 0.385635 0.209249 0.368653 0.209249
1 0.767130 0.193162 0.775785 0.193162 0.775785 0.216970 0.767130 0.216970
1 0.129470 0.728485 0.154813 0.728485 0.154813 0.744061 0.129470 0.744061
0 0.449030 0.915795 0.464841 0.915795 0.464841 0.923967 0.449030 0.923967
0 0.587281 0.780918 0.595499 0.780918 0.595499 0.797027 0.587281 0.797027
0 0.694159 0.720333 0.710127 0.720333 0.710127 0.728222 0.694159 0.728222
0 0.721072 0.681773 0.738028 0.681773 0.738028 0.691095 0.721072 0.691095
0 0.684791 0.782557 0.692892 0.782557 0.692892 0.798440 0.684791 0.798440
1 0.805297 0.671750 0.824447 0.671750 0.824447 0.697333 0.805297 0.697333
0 0.959286 0.120012 0.983685 0.120012 0.983685 0.132530 0.959286 0.132530
0 0.433597 0.025345 0.449439 0.025345 0.449439 0.033389 0.433597 0.033389
1 0.032500 0.947659 0.058063 0.947659 0.058063 0.956975 0.032500 0.956975
0 0.721079 0.700383 0.737902 0.700383 0.737902 0.709711 0.721079 0.709711
1 0.394351 0.115575 0.404390 0.115575 0.404390 0.144647 0.394351 0.144647
0 0.108867 0.703482 0.157975 0.703482 0.157975 0.728078 0.108867 0.728078
0 0.804707 0.831076 0.814280 0.831076 0.814280 0.847844 0.804707 0.847844
0 0.697415 0.204997 0.714190 0.204997 0.714190 0.214425 0.697415 0.214425
1 0.966579 0.671850 0.983925 0.671850 0.983925 0.697084 0.966579 0.697084
0 0.493267 0.767767 0.509313 0.767767 0.509313 0.775820 0.493267 0.775820
1 0.457779 0.115542 0.469015 0.115542 0.469015 0.144614 0.457779 0.144614
0 0.767575 0.773621 0.777043 0.773621 0.777043 0.790482 0.767575 0.790482
1 0.727406 0.208564 0.753207 0.208564 0.753207 0.217605 0.727406 0.217605
1 0.282645 0.794556 0.307932 0.794556 0.307932 0.810956 0.282645 0.810956
0 0.344320 0.982240 0.361518 0.982240 0.361518 0.991985 0.344320 0.991985
1 0.693960 0.116133 0.704565 0.116133 0.704565 0.145094 0.693960 0.145094
0 0.853936 0.857179 0.870625 0.857179 0.870625 0.866568 0.853936 0.866568
1 0.127302 0.687005 0.140514 0.687005 0.140514 0.703253 0.127302 0.703253
0 0.150714 0.760115 0.159810 0.760115 0.159810 0.776051 0.150714 0.776051
0 0.334669 0.891456 0.351756 0.891456 0.351756 0.900837 0.334669 0.900837
1 0.162941 0.905025 0.173096 0.905025 0.173096 0.931267 0.162941 0.931267
0 0.273754 0.935973 0.289755 0.935973 0.289755 0.944038 0.273754 0.944038
0 0.144146 0.664744 0.160486 0.664744 0.160486 0.674199 0.144146 0.674199
0 0.743550 0.084474 0.759096 0.084474 0.759096 0.092363 0.743550 0.092363
0 0.445914 0.882124 0.461667 0.882124 0.461667 0.890456 0.445914 0.890456
1 0.728932 0.165195 0.752748 0.165195 0.752748 0.174466 0.728932 0.174466
0 0.466975 0.838721 0.475170 0.838721 0.475170 0.854468 0.466975 0.854468
0 0.445879 0.086688 0.461420 0.086688 0.461420 0.094821 0.445879 0.094821
0 0.273398 0.918701 0.289578 0.918701 0.289578 0.926797 0.273398 0.926797
0 0.743232 0.846804 0.753018 0.846804 0.753018 0.863423 0.743232 0.863423
1 0.033655 0.904904 0.057144 0.904904 0.057144 0.913851 0.033655 0.913851
0 0.691137 0.966381 0.699103 0.966381 0.699103 0.982208 0.691137 0.982208
0 0.727371 0.847518 0.735459 0.847518 0.735459 0.863375 0.727371 0.863375
0 0.791378 0.734155 0.799546 0.734155 0.799546 0.750184 0.791378 0.750184
0 0.689109 0.857791 0.704873 0.857791 0.704873 0.865781 0.689109 0.865781
0 0.452864 0.986804 0.468309 0.986804 0.468309 0.994822 0.452864 0.994822
1 0.069397 0.739018 0.093050 0.739018 0.093050 0.748280 0.069397 0.748280
1 0.068031 0.695933 0.093693 0.695933 0.093693 0.705976 0.068031 0.705976
0 0.549614 0.957729 0.557739 0.957729 0.557739 0.973928 0.549614 0.973928
0 0.689647 0.920610 0.697802 0.920610 0.697802 0.936691 0.689647 0.936691
0 0.372439 0.967848 0.389154 0.967848 0.389154 0.977503 0.372439 0.977503
1 0.162986 0.938739 0.172741 0.938739 0.172741 0.965155 0.162986 0.965155
1 0.757883 0.116576 0.768382 0.116576 0.768382 0.145210 0.757883 0.145210
0 0.130534 0.030493 0.146501 0.030493 0.146501 0.038322 0.130534 0.038322
0 0.452739 0.949940 0.468173 0.949940 0.468173 0.958080 0.452739 0.958080
1 0.827806 0.155377 0.837101 0.155377 0.837101 0.179398 0.827806 0.179398
0 0.483744 0.833572 0.491447 0.833572 0.491447 0.849646 0.483744 0.849646
0 0.448743 0.898822 0.464820 0.898822 0.464820 0.907019 0.448743 0.907019
0 0.731503 0.027257 0.747586 0.027257 0.747586 0.035110 0.731503 0.035110
0 0.452247 0.968349 0.468061 0.968349 0.468061 0.976423 0.452247 0.976423
0 0.573753 0.913444 0.581774 0.913444 0.581774 0.929694 0.573753 0.929694
0 0.133121 0.063045 0.148704 0.063045 0.148704 0.070972 0.133121 0.070972
0 0.788683 0.831761 0.796848 0.831761 0.796848 0.847550 0.788683 0.847550
0 0.706252 0.032045 0.714387 0.032045 0.714387 0.047640 0.706252 0.047640
0 0.547650 0.222469 0.563653 0.222469 0.563653 0.230396 0.547650 0.230396
1 0.112651 0.728283 0.122677 0.728283 0.122677 0.743472 0.112651 0.743472
0 0.452558 0.932816 0.468121 0.932816 0.468121 0.940981 0.452558 0.940981
1 0.206966 0.907192 0.215647 0.907192 0.215647 0.930255 0.206966 0.930255
1 0.206466 0.940560 0.215687 0.940560 0.215687 0.964232 0.206466 0.964232
1 0.112764 0.688199 0.122588 0.688199 0.122588 0.703099 0.112764 0.703099
1 0.145045 0.688287 0.155001 0.688287 0.155001 0.703209 0.145045 0.703209
1 0.785882 0.155557 0.793474 0.155557 0.793474 0.179242 0.785882 0.179242
0 0.405515 0.033726 0.413335 0.033726 0.413335 0.049294 0.405515 0.049294
1 0.521464 0.965692 0.536930 0.965692 0.536930 0.970301 0.521464 0.970301
1 0.838000 0.813988 0.853027 0.813988 0.853027 0.818358 0.838000 0.818358
1 0.726396 0.626470 0.742471 0.626470 0.742471 0.630436 0.726396 0.630436
1 0.489952 0.963141 0.498594 0.963141 0.498594 0.966476 0.489952 0.966476
1 0.448665 0.949814 0.452719 0.949814 0.452719 0.958037 0.448665 0.958037
1 0.384219 0.119205 0.388790 0.119205 0.388790 0.134795 0.384219 0.134795
1 0.862939 0.814202 0.878348 0.814202 0.878348 0.818721 0.862939 0.818721
1 0.587372 0.174160 0.591436 0.174160 0.591436 0.190742 0.587372 0.190742
1 0.571501 0.702127 0.575964 0.702127 0.575964 0.718122 0.571501 0.718122
1 0.549569 0.974107 0.557980 0.974107 0.557980 0.977670 0.549569 0.977670
1 0.726563 0.596559 0.742178 0.596559 0.742178 0.601090 0.726563 0.601090
1 0.449514 0.025156 0.453737 0.025156 0.453737 0.033455 0.449514 0.033455
1 0.448332 0.932884 0.452384 0.932884 0.452384 0.940722 0.448332 0.940722
1 0.759223 0.083947 0.763191 0.083947 0.763191 0.092443 0.759223 0.092443
1 0.355283 0.119963 0.359611 0.119963 0.359611 0.134982 0.355283 0.134982
1 0.509349 0.767224 0.513161 0.767224 0.513161 0.776227 0.509349 0.776227
1 0.983927 0.118432 0.988233 0.118432 0.988233 0.134278 0.983927 0.134278
1 0.148909 0.062800 0.153019 0.062800 0.153019 0.071276 0.148909 0.071276
1 0.954569 0.118802 0.959164 0.118802 0.959164 0.134346 0.954569 0.134346
1 0.691015 0.962296 0.699550 0.962296 0.699550 0.966302 0.691015 0.966302
1 0.126950 0.030140 0.130526 0.030140 0.130526 0.038491 0.126950 0.038491
1 0.804976 0.847932 0.814194 0.847932 0.814194 0.851560 0.804976 0.851560
1 0.461473 0.086511 0.465413 0.086511 0.465413 0.094936 0.461473 0.094936
1 0.465002 0.898720 0.468805 0.898720 0.468805 0.907179 0.465002 0.907179
1 0.468202 0.949694 0.472310 0.949694 0.472310 0.958362 0.468202 0.958362
1 0.468261 0.932706 0.472235 0.932706 0.472235 0.941307 0.468261 0.941307
1 0.001044 0.959058 0.016968 0.959058 0.016968 0.963694 0.001044 0.963694
1 0.586974 0.797246 0.595776 0.797246 0.595776 0.801203 0.586974 0.801203
1 0.001306 0.989528 0.016699 0.989528 0.016699 0.993326 0.001306 0.993326
1 0.461714 0.882001 0.465450 0.882001 0.465450 0.890389 0.461714 0.890389
1 0.289711 0.936237 0.293478 0.936237 0.293478 0.944307 0.289711 0.944307
1 0.445319 0.915696 0.449006 0.915696 0.449006 0.923893 0.445319 0.923893
1 0.727199 0.863456 0.735647 0.863456 0.735647 0.866845 0.727199 0.866845
1 0.448505 0.968409 0.452156 0.968409 0.452156 0.976226 0.448505 0.976226
1 0.445008 0.898807 0.448652 0.898807 0.448652 0.906863 0.445008 0.906863
1 0.837516 0.783716 0.852578 0.783716 0.852578 0.787886 0.837516 0.787886
1 0.563730 0.222181 0.567569 0.222181 0.567569 0.230680 0.563730 0.230680
1 0.289644 0.918712 0.293377 0.918712 0.293377 0.927341 0.289644 0.927341
1 0.557881 0.174171 0.561479 0.174171 0.561479 0.190273 0.557881 0.190273
1 0.450959 0.854733 0.459193 0.854733 0.459193 0.858338 0.450959 0.858338
1 0.549623 0.953557 0.558083 0.953557 0.558083 0.957643 0.549623 0.957643
1 0.653640 0.119340 0.657526 0.119340 0.657526 0.135317 0.653640 0.135317
1 0.405195 0.030044 0.413391 0.030044 0.413391 0.033771 0.405195 0.033771
1 0.543914 0.222236 0.547589 0.222236 0.547589 0.230460 0.543914 0.230460
1 0.706220 0.028250 0.714334 0.028250 0.714334 0.032080 0.706220 0.032080
1 0.081373 0.760215 0.085146 0.760215 0.085146 0.776133 0.081373 0.776133
1 0.468178 0.968456 0.472189 0.968456 0.472189 0.976203 0.468178 0.976203
1 0.739453 0.084429 0.743396 0.084429 0.743396 0.092518 0.739453 0.092518
1 0.804541 0.826991 0.814177 0.826991 0.814177 0.831010 0.804541 0.831010
1 0.788360 0.847609 0.797028 0.847609 0.797028 0.851489 0.788360 0.851489
1 0.767518 0.790509 0.777323 0.790509 0.777323 0.794091 0.767518 0.794091
1 0.129602 0.062358 0.132979 0.062358 0.132979 0.071310 0.129602 0.071310
1 0.466925 0.834801 0.475442 0.834801 0.475442 0.838657 0.466925 0.838657
1 0.166660 0.976628 0.170448 0.976628 0.170448 0.992273 0.166660 0.992273
1 0.194388 0.877585 0.198207 0.877585 0.198207 0.893413 0.194388 0.893413
1 0.747729 0.026692 0.751405 0.026692 0.751405 0.035340 0.747729 0.035340
1 0.727831 0.026960 0.731401 0.026960 0.731401 0.035451 0.727831 0.035451
1 0.684452 0.778195 0.693132 0.778195 0.693132 0.782477 0.684452 0.782477
1 0.448995 0.986949 0.452792 0.986949 0.452792 0.994970 0.448995 0.994970
1 0.542719 0.702588 0.546346 0.702588 0.546346 0.718037 0.542719 0.718037
1 0.863646 0.783765 0.878451 0.783765 0.878451 0.787973 0.863646 0.787973
1 0.682093 0.118700 0.686598 0.118700 0.686598 0.134843 0.682093 0.134843
1 0.430144 0.025178 0.433540 0.025178 0.433540 0.033670 0.430144 0.033670
1 0.489232 0.767125 0.493169 0.767125 0.493169 0.776338 0.489232 0.776338
1 0.483543 0.829728 0.491762 0.829728 0.491762 0.833439 0.483543 0.833439
1 0.150881 0.776392 0.160219 0.776392 0.160219 0.780074 0.150881 0.780074
1 0.441831 0.086403 0.445653 0.086403 0.445653 0.094924 0.441831 0.094924
1 0.791164 0.730046 0.799821 0.730046 0.799821 0.734093 0.791164 0.734093
1 0.466991 0.854435 0.475331 0.854435 0.475331 0.858156 0.466991 0.858156
1 0.269887 0.935953 0.273621 0.935953 0.273621 0.943853 0.269887 0.943853
0 0.825294 0.617091 0.966363 0.617091 0.966363 0.757632 0.825294 0.757632
1 0.690240 0.719773 0.694073 0.719773 0.694073 0.728646 0.690240 0.728646
1 0.689601 0.936804 0.698270 0.936804 0.698270 0.940122 0.689601 0.940122
1 0.710164 0.719695 0.714151 0.719695 0.714151 0.728699 0.710164 0.728699
1 0.573544 0.929995 0.582325 0.929995 0.582325 0.931932 0.573544 0.931932
1 0.767517 0.770196 0.776651 0.770196 0.776651 0.773538 0.767517 0.773538
1 0.464991 0.915600 0.468595 0.915600 0.468595 0.924284 0.464991 0.924284
1 0.361503 0.982156 0.365046 0.982156 0.365046 0.992066 0.361503 0.992066
1 0.573498 0.910701 0.581912 0.910701 0.581912 0.913394 0.573498 0.913394
1 0.065981 0.112068 0.070000 0.112068 0.070000 0.127761 0.065981 0.127761
1 0.468421 0.986908 0.472267 0.986908 0.472267 0.994997 0.468421 0.994997
1 0.788504 0.827527 0.797066 0.827527 0.797066 0.831767 0.788504 0.831767
1 0.557777 0.198121 0.561199 0.198121 0.561199 0.213732 0.557777 0.213732
1 0.196389 0.977256 0.200218 0.977256 0.200218 0.992216 0.196389 0.992216
1 0.689274 0.916321 0.697870 0.916321 0.697870 0.920611 0.689274 0.920611
1 0.111116 0.760426 0.115002 0.760426 0.115002 0.775922 0.111116 0.775922
1 0.441739 0.881957 0.445760 0.881957 0.445760 0.890337 0.441739 0.890337
1 0.065585 0.910006 0.069227 0.910006 0.069227 0.925898 0.065585 0.925898
1 0.043191 0.113564 0.046675 0.113564 0.046675 0.129097 0.043191 0.129097
1 0.634185 0.181557 0.637527 0.181557 0.637527 0.198436 0.634185 0.198436
1 0.588980 0.197946 0.592216 0.197946 0.592216 0.214417 0.588980 0.214417
1 0.468358 0.748790 0.472205 0.748790 0.472205 0.764268 0.468358 0.764268
1 0.714245 0.204804 0.717226 0.204804 0.717226 0.214334 0.714245 0.214334
1 0.738011 0.700426 0.741427 0.700426 0.741427 0.709816 0.738011 0.709816
1 0.738141 0.681780 0.741570 0.681780 0.741570 0.691394 0.738141 0.691394
1 0.351867 0.891331 0.355093 0.891331 0.355093 0.900829 0.351867 0.900829
1 0.164815 0.877601 0.168426 0.877601 0.168426 0.893423 0.164815 0.893423
1 0.270319 0.918752 0.273391 0.918752 0.273391 0.926831 0.270319 0.926831
1 0.140567 0.664410 0.143998 0.664410 0.143998 0.674067 0.140567 0.674067
1 0.331376 0.891110 0.334617 0.891110 0.334617 0.900672 0.331376 0.900672
1 0.726910 0.843863 0.735769 0.843863 0.735769 0.847446 0.726910 0.847446
1 0.450714 0.835419 0.459285 0.835419 0.459285 0.839003 0.450714 0.839003
1 0.012883 0.113590 0.016809 0.113590 0.016809 0.129116 0.012883 0.129116
1 0.685132 0.857391 0.689002 0.857391 0.689002 0.865941 0.685132 0.865941
1 0.870672 0.857285 0.873971 0.857285 0.873971 0.866443 0.870672 0.866443
1 0.587035 0.776782 0.595782 0.776782 0.595782 0.780827 0.587035 0.780827
1 0.160486 0.664742 0.164022 0.664742 0.164022 0.674159 0.160486 0.674159
1 0.490100 0.982215 0.498701 0.982215 0.498701 0.985623 0.490100 0.985623
1 0.369088 0.968066 0.372453 0.968066 0.372453 0.977435 0.369088 0.977435
1 0.150731 0.756329 0.159732 0.756329 0.159732 0.760044 0.150731 0.760044
1 0.791325 0.750349 0.799884 0.750349 0.799884 0.753548 0.791325 0.753548
1 0.743185 0.863468 0.752658 0.863468 0.752658 0.867036 0.743185 0.867036
1 0.706284 0.047748 0.714353 0.047748 0.714353 0.051169 0.706284 0.051169
1 0.743822 0.843284 0.752990 0.843284 0.752990 0.846862 0.743822 0.846862
1 0.439056 0.748341 0.442520 0.748341 0.442520 0.763654 0.439056 0.763654
1 0.095615 0.112239 0.099634 0.112239 0.099634 0.127931 0.095615 0.127931
1 0.146497 0.030080 0.150073 0.030080 0.150073 0.038431 0.146497 0.038431
1 0.603412 0.181499 0.606754 0.181499 0.606754 0.198378 0.603412 0.198378
1 0.405612 0.049328 0.413807 0.049328 0.413807 0.053055 0.405612 0.053055
1 0.850600 0.857033 0.853899 0.857033 0.853899 0.866191 0.850600 0.866191
1 0.704985 0.857496 0.708855 0.857496 0.708855 0.866045 0.704985 0.866045
1 0.684766 0.798362 0.693446 0.798362 0.693446 0.802644 0.684766 0.802644
1 0.717634 0.700583 0.721050 0.700583 0.721050 0.709973 0.717634 0.709973
1 0.717450 0.681413 0.720880 0.681413 0.720880 0.691028 0.717450 0.691028
1 0.521653 0.995391 0.537120 0.995391 0.537120 1.000000 0.521653 1.000000
1 0.389190 0.967781 0.392555 0.967781 0.392555 0.977149 0.389190 0.977149
1 0.340688 0.982108 0.344231 0.982108 0.344231 0.992018 0.340688 0.992018
1 0.095645 0.910283 0.099287 0.910283 0.099287 0.926175 0.095645 0.926175
1 0.694150 0.204977 0.697131 0.204977 0.697131 0.214506 0.694150 0.214506
1 0.690659 0.982290 0.699923 0.982290 0.699923 0.985030 0.690659 0.985030
1 0.958829 0.009113 0.988877 0.009113 0.988877 0.018554 0.958829 0.018554
1 0.958419 0.023070 0.988467 0.023070 0.988467 0.032511 0.958419 0.032511
1 0.958583 0.050573 0.988631 0.050573 0.988631 0.060014 0.958583 0.060014
1 0.958993 0.036862 0.989041 0.036862 0.989041 0.046304 0.958993 0.046304
1 0.959076 0.064283 0.989124 0.064283 0.989124 0.073725 0.959076 0.073725
1 0.939043 0.084479 0.949963 0.084479 0.949963 0.112721 0.939043 0.112721
1 0.925087 0.084151 0.936006 0.084151 0.936006 0.112393 0.925087 0.112393
1 0.911623 0.084479 0.922542 0.084479 0.922542 0.112721 0.911623 0.112721
1 0.897666 0.084151 0.908585 0.084151 0.908585 0.112393 0.897666 0.112393
1 0.884284 0.084397 0.895203 0.084397 0.895203 0.112639 0.884284 0.112639
1 0.870327 0.084069 0.881246 0.084069 0.881246 0.112311 0.870327 0.112311
1 0.857109 0.084233 0.868028 0.084233 0.868028 0.112475 0.857109 0.112475
1 0.843152 0.083905 0.854071 0.083905 0.854071 0.112147 0.843152 0.112147
1 0.829770 0.084151 0.840689 0.084151 0.840689 0.112393 0.829770 0.112393
1 0.815813 0.083823 0.826733 0.083823 0.826733 0.112065 0.815813 0.112065
1 0.802349 0.084151 0.813268 0.084151 0.813268 0.112393 0.802349 0.112393
1 0.762860 0.009277 0.793154 0.009277 0.793154 0.019457 0.762860 0.019457
1 0.762778 0.022659 0.793072 0.022659 0.793072 0.032839 0.762778 0.032839
1 0.762532 0.049670 0.792826 0.049670 0.792826 0.059850 0.762532 0.059850
1 0.762614 0.036288 0.792908 0.036288 0.792908 0.046468 0.762614 0.046468
1 0.762778 0.064037 0.793072 0.064037 0.793072 0.074217 0.762778 0.074217
1 0.661714 0.009934 0.690038 0.009934 0.690038 0.018636 0.661714 0.018636
1 0.661632 0.023398 0.689956 0.023398 0.689956 0.032101 0.661632 0.032101
1 0.662125 0.037273 0.690449 0.037273 0.690449 0.045975 0.662125 0.045975
1 0.662043 0.050737 0.690367 0.050737 0.690367 0.059439 0.662043 0.059439
1 0.662371 0.064612 0.690695 0.064612 0.690695 0.073314 0.662371 0.073314
1 0.641600 0.084069 0.651616 0.084069 0.651616 0.112886 0.641600 0.112886
1 0.627460 0.083670 0.637868 0.083670 0.637868 0.111786 0.627460 0.111786
1 0.613875 0.083670 0.624351 0.083670 0.624351 0.112056 0.613875 0.112056
1 0.599818 0.083197 0.610834 0.083197 0.610834 0.112191 0.599818 0.112191
1 0.586841 0.083873 0.597520 0.083873 0.597520 0.112732 0.586841 0.112732
1 0.572851 0.084076 0.583935 0.084076 0.583935 0.112259 0.572851 0.112259
1 0.518310 0.084008 0.529394 0.084008 0.529394 0.112191 0.518310 0.112191
1 0.532300 0.083806 0.542979 0.083806 0.542979 0.112664 0.532300 0.112664
1 0.545277 0.083130 0.556293 0.083130 0.556293 0.112124 0.545277 0.112124
1 0.559334 0.083603 0.569810 0.083603 0.569810 0.111989 0.559334 0.111989
1 0.504455 0.083941 0.515539 0.083941 0.515539 0.112124 0.504455 0.112124
1 0.465729 0.063733 0.495669 0.063733 0.495669 0.074884 0.465729 0.074884
1 0.465729 0.049675 0.495669 0.049675 0.495669 0.060827 0.465729 0.060827
1 0.465661 0.036631 0.495602 0.036631 0.495602 0.047783 0.465661 0.047783
1 0.465661 0.022573 0.495602 0.022573 0.495602 0.033725 0.465661 0.033725
1 0.465121 0.008448 0.495061 0.008448 0.495061 0.019600 0.465121 0.019600
1 0.362526 0.010814 0.390709 0.010814 0.390709 0.021154 0.362526 0.021154
1 0.362797 0.024398 0.390980 0.024398 0.390980 0.034739 0.362797 0.034739
1 0.362729 0.051703 0.390912 0.051703 0.390912 0.062043 0.362729 0.062043
1 0.362459 0.038118 0.390642 0.038118 0.390642 0.048459 0.362459 0.048459
1 0.362662 0.065422 0.390845 0.065422 0.390845 0.075763 0.362662 0.075763
1 0.341710 0.085563 0.351983 0.085563 0.351983 0.114760 0.341710 0.114760
1 0.327720 0.085495 0.337993 0.085495 0.337993 0.114692 0.327720 0.114692
1 0.300213 0.085225 0.310486 0.085225 0.310486 0.114422 0.300213 0.114422
1 0.314203 0.085292 0.324476 0.085292 0.324476 0.114489 0.314203 0.114489
1 0.287575 0.085225 0.297848 0.085225 0.297848 0.114422 0.287575 0.114422
1 0.273584 0.085157 0.283857 0.085157 0.283857 0.114354 0.273584 0.114354
1 0.260067 0.084954 0.270340 0.084954 0.270340 0.114151 0.260067 0.114151
1 0.246077 0.084887 0.256350 0.084887 0.256350 0.114084 0.246077 0.114084
1 0.231884 0.085225 0.242157 0.085225 0.242157 0.114422 0.231884 0.114422
1 0.218367 0.085022 0.228640 0.085022 0.228640 0.114219 0.218367 0.114219
1 0.204377 0.084954 0.214650 0.084954 0.214650 0.114151 0.204377 0.114151
1 0.165313 0.065693 0.195051 0.065693 0.195051 0.076979 0.165313 0.076979
1 0.165719 0.051230 0.195456 0.051230 0.195456 0.062516 0.165719 0.062516
1 0.165516 0.037645 0.195253 0.037645 0.195253 0.048932 0.165516 0.048932
1 0.165651 0.023858 0.195389 0.023858 0.195389 0.035144 0.165651 0.035144
1 0.165448 0.010273 0.195186 0.010273 0.195186 0.021560 0.165448 0.021560
1 0.094889 0.047850 0.105838 0.047850 0.105838 0.084008 0.094889 0.084008
1 0.080764 0.048594 0.091713 0.048594 0.091713 0.084752 0.080764 0.084752
1 0.067315 0.047512 0.078264 0.047512 0.078264 0.083670 0.067315 0.083670
1 0.053189 0.048256 0.064138 0.048256 0.064138 0.084414 0.053189 0.084414
1 0.039875 0.048053 0.050824 0.048053 0.050824 0.084211 0.039875 0.084211
1 0.025750 0.048796 0.036699 0.048796 0.036699 0.084954 0.025750 0.084954
1 0.012300 0.048526 0.023249 0.048526 0.023249 0.084684 0.012300 0.084684
1 0.053329 0.143359 0.065675 0.143359 0.065675 0.197779 0.053329 0.197779
