0 0.213289 0.095371 0.571575 0.095371 0.571575 0.449013 0.213289 0.449013
0 0.323770 0.659153 0.488730 0.659153 0.488730 0.823429 0.323770 0.823429
0 0.031890 0.270406 0.046601 0.270406 0.046601 0.297950 0.031890 0.297950
0 0.154427 0.251818 0.170125 0.251818 0.170125 0.260161 0.154427 0.260161
0 0.043552 0.379893 0.059614 0.379893 0.059614 0.388257 0.043552 0.388257
0 0.458985 0.046042 0.476583 0.046042 0.476583 0.055045 0.458985 0.055045
0 0.190899 0.331818 0.199967 0.331818 0.199967 0.349220 0.190899 0.349220
0 0.154454 0.291414 0.170275 0.291414 0.170275 0.299679 0.154454 0.299679
0 0.190550 0.371792 0.199862 0.371792 0.199862 0.389324 0.190550 0.389324
0 0.127741 0.405200 0.135763 0.405200 0.135763 0.421226 0.127741 0.421226
0 0.143995 0.269103 0.159838 0.269103 0.159838 0.277544 0.143995 0.277544
0 0.044939 0.183053 0.061043 0.183053 0.061043 0.191689 0.044939 0.191689
0 0.044878 0.200523 0.061006 0.200523 0.061006 0.208861 0.044878 0.208861
0 0.110751 0.385149 0.119020 0.385149 0.119020 0.401133 0.110751 0.401133
0 0.196364 0.101791 0.205596 0.101791 0.205596 0.117958 0.196364 0.117958
0 0.184519 0.566059 0.212253 0.566059 0.212253 0.580751 0.184519 0.580751
0 0.304809 0.837615 0.321141 0.837615 0.321141 0.846043 0.304809 0.846043
0 0.454180 0.905737 0.478558 0.905737 0.478558 0.918327 0.454180 0.918327
0 0.377431 0.919528 0.391986 0.919528 0.391986 0.945135 0.377431 0.945135
0 0.228743 0.565913 0.256681 0.565913 0.256681 0.580668 0.228743 0.580668
0 0.308590 0.894812 0.317776 0.894812 0.317776 0.911510 0.308590 0.911510
0 0.301998 0.864666 0.328027 0.864666 0.328027 0.879038 0.301998 0.879038
0 0.380089 0.887820 0.405381 0.887820 0.405381 0.900717 0.380089 0.900717
0 0.195797 0.617277 0.211296 0.617277 0.211296 0.625379 0.195797 0.625379
0 0.257945 0.793728 0.272567 0.793728 0.272567 0.819568 0.257945 0.819568
0 0.331553 0.912583 0.345758 0.912583 0.345758 0.938081 0.331553 0.938081
0 0.249048 0.935796 0.273595 0.935796 0.273595 0.948478 0.249048 0.948478
0 0.456734 0.505287 0.500102 0.505287 0.500102 0.558969 0.456734 0.558969
0 0.450751 0.931235 0.483338 0.931235 0.483338 0.951327 0.450751 0.951327
0 0.009066 0.656412 0.026554 0.656412 0.026554 0.666110 0.009066 0.666110
0 0.354503 0.905774 0.368578 0.905774 0.368578 0.931514 0.354503 0.931514
0 0.272746 0.565839 0.300959 0.565839 0.300959 0.580642 0.272746 0.580642
0 0.151284 0.897559 0.223535 0.897559 0.223535 0.959093 0.151284 0.959093
0 0.290283 0.931288 0.316212 0.931288 0.316212 0.946169 0.290283 0.946169
0 0.093281 0.647586 0.119643 0.647586 0.119643 0.662539 0.093281 0.662539
0 0.053933 0.629982 0.063406 0.629982 0.063406 0.646947 0.053933 0.646947
0 0.070726 0.630421 0.079944 0.630421 0.079944 0.647121 0.070726 0.647121
0 0.342473 0.884889 0.358653 0.884889 0.358653 0.893377 0.342473 0.893377
0 0.259143 0.741347 0.267370 0.741347 0.267370 0.757680 0.259143 0.757680
0 0.280945 0.618943 0.296752 0.618943 0.296752 0.627202 0.280945 0.627202
0 0.134035 0.561213 0.150055 0.561213 0.150055 0.569409 0.134035 0.569409
0 0.236140 0.618690 0.252001 0.618690 0.252001 0.627066 0.236140 0.627066
0 0.616624 0.299935 0.669860 0.299935 0.669860 0.381393 0.616624 0.381393
0 0.498092 0.043875 0.515588 0.043875 0.515588 0.053092 0.498092 0.053092
0 0.763489 0.354261 0.773786 0.354261 0.773786 0.371437 0.763489 0.371437
0 0.788235 0.504616 0.798637 0.504616 0.798637 0.521750 0.788235 0.521750
0 0.684534 0.301714 0.692657 0.301714 0.692657 0.317705 0.684534 0.317705
0 0.684537 0.356394 0.692834 0.356394 0.692834 0.372549 0.684537 0.372549
0 0.788177 0.855447 0.814283 0.855447 0.814283 0.870506 0.788177 0.870506
0 0.710467 0.654264 0.735013 0.654264 0.735013 0.667323 0.710467 0.667323
0 0.509406 0.863128 0.534030 0.863128 0.534030 0.875539 0.509406 0.875539
0 0.556584 0.926296 0.583043 0.926296 0.583043 0.940334 0.556584 0.940334
0 0.505017 0.902257 0.531200 0.902257 0.531200 0.916538 0.505017 0.916538
0 0.662845 0.880049 0.690951 0.880049 0.690951 0.894866 0.662845 0.894866
0 0.550633 0.854547 0.575789 0.854547 0.575789 0.867131 0.550633 0.867131
0 0.722152 0.853558 0.748241 0.853558 0.748241 0.869467 0.722152 0.869467
0 0.583715 0.607823 0.675024 0.607823 0.675024 0.711186 0.583715 0.711186
0 0.662910 0.932652 0.690993 0.932652 0.690993 0.947458 0.662910 0.947458
0 0.632139 0.891592 0.647623 0.891592 0.647623 0.917553 0.632139 0.917553
0 0.728066 0.886903 0.800773 0.886903 0.800773 0.942849 0.728066 0.942849
0 0.572919 0.530287 0.598596 0.530287 0.598596 0.581651 0.572919 0.581651
0 0.590043 0.730171 0.681654 0.730171 0.681654 0.834740 0.590043 0.834740
0 0.638032 0.579122 0.654033 0.579122 0.654033 0.587518 0.638032 0.587518
0 0.517235 0.531000 0.525445 0.531000 0.525445 0.546777 0.517235 0.546777
0 0.549284 0.901996 0.575297 0.901996 0.575297 0.917189 0.549284 0.917189
0 0.622904 0.930770 0.649000 0.930770 0.649000 0.945975 0.622904 0.945975
0 0.630600 0.850253 0.655449 0.850253 0.655449 0.863205 0.630600 0.863205
0 0.496949 0.833268 0.505043 0.833268 0.505043 0.848982 0.496949 0.848982
0 0.753951 0.685671 0.763615 0.685671 0.763615 0.702658 0.753951 0.702658
0 0.528889 0.575895 0.537283 0.575895 0.537283 0.591710 0.528889 0.591710
1 0.150339 0.251553 0.154507 0.251553 0.154507 0.259864 0.150339 0.259864
1 0.061250 0.183229 0.064675 0.183229 0.064675 0.191790 0.061250 0.191790
1 0.170210 0.251959 0.173611 0.251959 0.173611 0.260045 0.170210 0.260045
1 0.196218 0.118070 0.205746 0.118070 0.205746 0.121662 0.196218 0.121662
1 0.061174 0.200741 0.064465 0.200741 0.064465 0.208824 0.061174 0.208824
1 0.040991 0.200375 0.044834 0.200375 0.044834 0.209141 0.040991 0.209141
1 0.041563 0.183075 0.044869 0.183075 0.044869 0.191859 0.041563 0.191859
1 0.196679 0.098066 0.205720 0.098066 0.205720 0.101880 0.196679 0.101880
1 0.030699 0.297975 0.047240 0.297975 0.047240 0.301617 0.030699 0.301617
1 0.039422 0.379662 0.043651 0.379662 0.043651 0.388462 0.039422 0.388462
1 0.190825 0.349105 0.199806 0.349105 0.199806 0.352693 0.190825 0.352693
1 0.031008 0.266965 0.047216 0.266965 0.047216 0.270363 0.031008 0.270363
1 0.059587 0.379930 0.063118 0.379930 0.063118 0.388193 0.059587 0.388193
1 0.159885 0.269348 0.163105 0.269348 0.163105 0.277518 0.159885 0.277518
1 0.191000 0.328304 0.199705 0.328304 0.199705 0.331671 0.191000 0.331671
1 0.170324 0.291295 0.173586 0.291295 0.173586 0.299385 0.170324 0.299385
1 0.127498 0.401600 0.135653 0.401600 0.135653 0.405369 0.127498 0.405369
1 0.190991 0.368548 0.199413 0.368548 0.199413 0.371994 0.190991 0.371994
1 0.140931 0.269401 0.144282 0.269401 0.144282 0.277397 0.140931 0.277397
1 0.151351 0.291341 0.154549 0.291341 0.154549 0.299390 0.151351 0.299390
1 0.190935 0.389345 0.199351 0.389345 0.199351 0.392598 0.190935 0.392598
1 0.110499 0.381434 0.118918 0.381434 0.118918 0.385126 0.110499 0.385126
1 0.110348 0.400976 0.118896 0.400976 0.118896 0.404124 0.110348 0.404124
1 0.191516 0.617045 0.195937 0.617045 0.195937 0.625207 0.191516 0.625207
1 0.053212 0.646829 0.063984 0.646829 0.063984 0.650716 0.053212 0.650716
1 0.070335 0.626529 0.080175 0.626529 0.080175 0.630444 0.070335 0.630444
1 0.090045 0.647097 0.093605 0.647097 0.093605 0.663100 0.090045 0.663100
1 0.211452 0.617147 0.215710 0.617147 0.215710 0.625420 0.211452 0.625420
1 0.025979 0.656532 0.029743 0.656532 0.029743 0.666172 0.025979 0.666172
1 0.053394 0.626321 0.063016 0.626321 0.063016 0.629969 0.053394 0.629969
1 0.232060 0.618829 0.236284 0.618829 0.236284 0.627344 0.232060 0.627344
1 0.225640 0.565549 0.228854 0.565549 0.228854 0.581490 0.225640 0.581490
1 0.070671 0.647220 0.079939 0.647220 0.079939 0.650471 0.070671 0.650471
1 0.005396 0.656459 0.009195 0.656459 0.009195 0.666413 0.005396 0.666413
1 0.119405 0.647550 0.123419 0.647550 0.123419 0.663063 0.119405 0.663063
1 0.181647 0.565400 0.184698 0.565400 0.184698 0.581676 0.181647 0.581676
1 0.131415 0.560832 0.134439 0.560832 0.134439 0.569554 0.131415 0.569554
1 0.150009 0.560999 0.153244 0.560999 0.153244 0.569389 0.150009 0.569389
1 0.256744 0.565730 0.259687 0.565730 0.259687 0.581357 0.256744 0.581357
1 0.212447 0.565765 0.215057 0.565765 0.215057 0.581114 0.212447 0.581114
1 0.132236 0.824475 0.159479 0.824475 0.159479 0.886179 0.132236 0.886179
1 0.178001 0.824618 0.193284 0.824618 0.193284 0.840256 0.178001 0.840256
1 0.210681 0.824475 0.238899 0.824475 0.238899 0.887499 0.210681 0.887499
1 0.223388 0.904802 0.241038 0.904802 0.241038 0.948867 0.223388 0.948867
1 0.130908 0.904886 0.149391 0.904886 0.149391 0.949006 0.130908 0.949006
1 0.245605 0.934017 0.249317 0.934017 0.249317 0.949567 0.245605 0.949567
1 0.476509 0.046564 0.479708 0.046564 0.479708 0.054891 0.476509 0.054891
1 0.379355 0.462440 0.433468 0.462440 0.433468 0.474196 0.379355 0.474196
1 0.451107 0.493165 0.504845 0.493165 0.504845 0.505348 0.451107 0.505348
1 0.291044 0.672612 0.321840 0.672612 0.321840 0.680081 0.291044 0.680081
1 0.292331 0.682631 0.322028 0.682631 0.322028 0.688679 0.292331 0.688679
1 0.292741 0.699678 0.322244 0.699678 0.322244 0.705838 0.292741 0.705838
1 0.292096 0.691175 0.322121 0.691175 0.322121 0.697215 0.292096 0.697215
1 0.338676 0.626592 0.344241 0.626592 0.344241 0.657587 0.338676 0.657587
1 0.347086 0.626682 0.352825 0.626682 0.352825 0.657586 0.347086 0.657586
1 0.292674 0.708203 0.322197 0.708203 0.322197 0.714315 0.292674 0.714315
1 0.355577 0.626476 0.361308 0.626476 0.361308 0.657636 0.355577 0.657636
1 0.380866 0.529112 0.432339 0.529112 0.432339 0.540559 0.380866 0.540559
1 0.364151 0.626358 0.369896 0.626358 0.369896 0.657767 0.364151 0.657767
1 0.458227 0.627027 0.463949 0.627027 0.463949 0.657731 0.458227 0.657731
1 0.466803 0.628091 0.472297 0.628091 0.472297 0.657786 0.466803 0.657786
1 0.291456 0.716742 0.322198 0.716742 0.322198 0.722754 0.291456 0.722754
1 0.449674 0.626529 0.455537 0.626529 0.455537 0.657700 0.449674 0.657700
1 0.424141 0.626893 0.429845 0.626893 0.429845 0.657545 0.424141 0.657545
1 0.432695 0.627925 0.438295 0.627925 0.438295 0.657460 0.432695 0.657460
1 0.252164 0.618681 0.256310 0.618681 0.256310 0.626761 0.252164 0.626761
1 0.276468 0.618870 0.281031 0.618870 0.281031 0.627254 0.276468 0.627254
1 0.258858 0.737066 0.267584 0.737066 0.267584 0.741464 0.258858 0.741464
1 0.292623 0.742610 0.322162 0.742610 0.322162 0.748347 0.292623 0.748347
1 0.415483 0.626325 0.421293 0.626325 0.421293 0.657627 0.415483 0.657627
1 0.291382 0.733912 0.322224 0.733912 0.322224 0.739821 0.291382 0.739821
1 0.296620 0.618688 0.300845 0.618688 0.300845 0.627202 0.296620 0.627202
1 0.381319 0.626711 0.386967 0.626711 0.386967 0.657348 0.381319 0.657348
1 0.389823 0.626555 0.395458 0.626555 0.395458 0.657239 0.389823 0.657239
1 0.407020 0.626343 0.412733 0.626343 0.412733 0.657498 0.407020 0.657498
1 0.270115 0.565676 0.273038 0.565676 0.273038 0.581328 0.270115 0.581328
1 0.441187 0.626882 0.446889 0.626882 0.446889 0.657392 0.441187 0.657392
1 0.291315 0.725444 0.322076 0.725444 0.322076 0.731273 0.291315 0.731273
1 0.398354 0.626472 0.404067 0.626472 0.404067 0.657240 0.398354 0.657240
1 0.372759 0.626733 0.378402 0.626733 0.378402 0.657488 0.372759 0.657488
1 0.300700 0.565244 0.303801 0.565244 0.303801 0.581525 0.300700 0.581525
1 0.347341 0.825301 0.352982 0.825301 0.352982 0.854181 0.347341 0.854181
1 0.458378 0.825190 0.464180 0.825190 0.464180 0.854868 0.458378 0.854868
1 0.467169 0.825074 0.473344 0.825074 0.473344 0.853992 0.467169 0.853992
1 0.449925 0.825015 0.455677 0.825015 0.455677 0.855203 0.449925 0.855203
1 0.291726 0.793731 0.322437 0.793731 0.322437 0.799851 0.291726 0.799851
1 0.339121 0.825128 0.344491 0.825128 0.344491 0.854451 0.339121 0.854451
1 0.355870 0.825229 0.361547 0.825229 0.361547 0.854589 0.355870 0.854589
1 0.292814 0.802362 0.322261 0.802362 0.322261 0.808121 0.292814 0.808121
1 0.441403 0.824824 0.447269 0.824824 0.447269 0.855151 0.441403 0.855151
1 0.298169 0.863637 0.302027 0.863637 0.302027 0.879679 0.298169 0.879679
1 0.256947 0.790222 0.272852 0.790222 0.272852 0.793796 0.256947 0.793796
1 0.478512 0.903295 0.483396 0.903295 0.483396 0.919360 0.478512 0.919360
1 0.273737 0.934212 0.278383 0.934212 0.278383 0.949911 0.273737 0.949911
1 0.353320 0.901295 0.369513 0.901295 0.369513 0.905518 0.353320 0.905518
1 0.449708 0.903027 0.454246 0.903027 0.454246 0.919952 0.449708 0.919952
1 0.330592 0.938466 0.346522 0.938466 0.346522 0.942600 0.330592 0.942600
1 0.441791 0.927969 0.450578 0.927969 0.450578 0.953714 0.441791 0.953714
1 0.256837 0.819975 0.273483 0.819975 0.273483 0.823605 0.256837 0.823605
1 0.327770 0.863737 0.331384 0.863737 0.331384 0.879923 0.327770 0.879923
1 0.376261 0.945290 0.392818 0.945290 0.392818 0.949180 0.376261 0.949180
1 0.496787 0.828893 0.504788 0.828893 0.504788 0.833209 0.496787 0.833209
1 0.307947 0.911536 0.317884 0.911536 0.317884 0.915094 0.307947 0.915094
1 0.405358 0.886037 0.409448 0.886037 0.409448 0.901998 0.405358 0.901998
1 0.364327 0.824957 0.370140 0.824957 0.370140 0.854643 0.364327 0.854643
1 0.376374 0.915233 0.392554 0.915233 0.392554 0.919189 0.376374 0.919189
1 0.308090 0.890930 0.318200 0.890930 0.318200 0.894699 0.308090 0.894699
1 0.316010 0.930433 0.319986 0.930433 0.319986 0.946309 0.316010 0.946309
1 0.321066 0.837026 0.324637 0.837026 0.324637 0.845504 0.321066 0.845504
1 0.258609 0.757639 0.267645 0.757639 0.267645 0.761273 0.258609 0.761273
1 0.376201 0.886076 0.380329 0.886076 0.380329 0.901902 0.376201 0.901902
1 0.483246 0.927092 0.493186 0.927092 0.493186 0.953351 0.483246 0.953351
1 0.330184 0.908349 0.346510 0.908349 0.346510 0.912445 0.330184 0.912445
1 0.501365 0.901216 0.505209 0.901216 0.505209 0.918206 0.501365 0.918206
1 0.415699 0.824833 0.421467 0.824833 0.421467 0.855047 0.415699 0.855047
1 0.407238 0.824728 0.412939 0.824728 0.412939 0.855069 0.407238 0.855069
1 0.390093 0.824704 0.395883 0.824704 0.395883 0.854910 0.390093 0.854910
1 0.339330 0.885147 0.342798 0.885147 0.342798 0.893677 0.339330 0.893677
1 0.398666 0.824709 0.404501 0.824709 0.404501 0.855142 0.398666 0.855142
1 0.286408 0.930998 0.290268 0.930998 0.290268 0.947116 0.286408 0.947116
1 0.424324 0.824790 0.430038 0.824790 0.430038 0.854922 0.424324 0.854922
1 0.291188 0.776575 0.322462 0.776575 0.322462 0.782551 0.291188 0.782551
1 0.290867 0.768023 0.322639 0.768023 0.322639 0.773992 0.290867 0.773992
1 0.290917 0.759545 0.322838 0.759545 0.322838 0.765518 0.290917 0.765518
1 0.381630 0.824859 0.387315 0.824859 0.387315 0.854897 0.381630 0.854897
1 0.301404 0.837401 0.305054 0.837401 0.305054 0.845780 0.301404 0.845780
1 0.291306 0.751091 0.322740 0.751091 0.322740 0.756860 0.291306 0.756860
1 0.373112 0.824864 0.378748 0.824864 0.378748 0.854206 0.373112 0.854206
1 0.432789 0.824792 0.438556 0.824792 0.438556 0.854846 0.432789 0.854846
1 0.293016 0.785139 0.322477 0.785139 0.322477 0.791117 0.293016 0.791117
1 0.353497 0.931584 0.369313 0.931584 0.369313 0.935420 0.353497 0.935420
1 0.358800 0.884878 0.362175 0.884878 0.362175 0.893523 0.358800 0.893523
1 0.494623 0.044212 0.498087 0.044212 0.498087 0.053029 0.494623 0.053029
1 0.515702 0.044404 0.518682 0.044404 0.518682 0.053173 0.515702 0.053173
1 0.623819 0.382564 0.664611 0.382564 0.664611 0.393972 0.623819 0.393972
1 0.623322 0.287873 0.664495 0.287873 0.664495 0.298701 0.623322 0.298701
1 0.684144 0.297628 0.692471 0.297628 0.692471 0.301678 0.684144 0.301678
1 0.684400 0.372448 0.692737 0.372448 0.692737 0.376292 0.684400 0.376292
1 0.683846 0.317809 0.692744 0.317809 0.692744 0.321281 0.683846 0.321281
1 0.684133 0.352635 0.692447 0.352635 0.692447 0.356309 0.684133 0.356309
1 0.571856 0.581835 0.597897 0.581835 0.597897 0.592247 0.571856 0.592247
1 0.492119 0.699499 0.519141 0.699499 0.519141 0.705567 0.492119 0.705567
1 0.492186 0.691036 0.518539 0.691036 0.518539 0.697118 0.492186 0.697118
1 0.492036 0.708117 0.519532 0.708117 0.519532 0.714283 0.492036 0.714283
1 0.492245 0.674081 0.518551 0.674081 0.518551 0.680012 0.492245 0.680012
1 0.492207 0.682553 0.518432 0.682553 0.518432 0.688584 0.492207 0.688584
1 0.674989 0.651489 0.694172 0.651489 0.694172 0.664946 0.674989 0.664946
1 0.492044 0.716681 0.519483 0.716681 0.519483 0.722812 0.492044 0.722812
1 0.706176 0.652268 0.710291 0.652268 0.710291 0.668527 0.706176 0.668527
1 0.735100 0.651663 0.739699 0.651663 0.739699 0.668572 0.735100 0.668572
1 0.571271 0.518519 0.598663 0.518519 0.598663 0.530125 0.571271 0.530125
1 0.492174 0.733689 0.518505 0.733689 0.518505 0.739835 0.492174 0.739835
1 0.516742 0.546876 0.525400 0.546876 0.525400 0.550793 0.516742 0.550793
1 0.516923 0.527291 0.525590 0.527291 0.525590 0.530985 0.516923 0.530985
1 0.634254 0.578842 0.638254 0.578842 0.638254 0.587718 0.634254 0.587718
1 0.492141 0.725297 0.519177 0.725297 0.519177 0.731260 0.492141 0.731260
1 0.528898 0.572495 0.537153 0.572495 0.537153 0.576024 0.528898 0.576024
1 0.654054 0.578993 0.657646 0.578993 0.657646 0.587800 0.654054 0.587800
1 0.528930 0.591775 0.537198 0.591775 0.537198 0.595102 0.528930 0.595102
1 0.675325 0.684065 0.738459 0.684065 0.738459 0.711626 0.675325 0.711626
1 0.711183 0.894243 0.727049 0.894243 0.727049 0.935197 0.711183 0.935197
1 0.682051 0.774607 0.700327 0.774607 0.700327 0.787620 0.682051 0.787620
1 0.492205 0.802133 0.519618 0.802133 0.519618 0.808876 0.492205 0.808876
1 0.649264 0.930423 0.652725 0.930423 0.652725 0.947027 0.649264 0.947027
1 0.691022 0.879272 0.694300 0.879272 0.694300 0.895097 0.691022 0.895097
1 0.575356 0.901276 0.579307 0.901276 0.579307 0.917595 0.575356 0.917595
1 0.534038 0.860415 0.538241 0.860415 0.538241 0.876639 0.534038 0.876639
1 0.690819 0.932190 0.694318 0.932190 0.694318 0.947946 0.690819 0.947946
1 0.552609 0.925566 0.556699 0.925566 0.556699 0.941060 0.552609 0.941060
1 0.492203 0.793513 0.519444 0.793513 0.519444 0.799622 0.492203 0.799622
1 0.626333 0.849265 0.630445 0.849265 0.630445 0.864225 0.626333 0.864225
1 0.575645 0.852691 0.578855 0.852691 0.578855 0.867798 0.575645 0.867798
1 0.718085 0.852719 0.722098 0.852719 0.722098 0.869910 0.718085 0.869910
1 0.504400 0.860770 0.509350 0.860770 0.509350 0.876993 0.504400 0.876993
1 0.631537 0.917831 0.648190 0.917831 0.648190 0.921679 0.631537 0.921679
1 0.582964 0.925008 0.586790 0.925008 0.586790 0.940990 0.582964 0.940990
1 0.659874 0.879388 0.662991 0.879388 0.662991 0.895751 0.659874 0.895751
1 0.492336 0.776465 0.519513 0.776465 0.519513 0.782637 0.492336 0.782637
1 0.619111 0.930151 0.622736 0.930151 0.622736 0.946563 0.619111 0.946563
1 0.492266 0.767913 0.519490 0.767913 0.519490 0.774094 0.492266 0.774094
1 0.492328 0.785039 0.519380 0.785039 0.519380 0.791065 0.492328 0.791065
1 0.492256 0.759481 0.519473 0.759481 0.519473 0.765548 0.492256 0.765548
1 0.631707 0.887460 0.647946 0.887460 0.647946 0.891771 0.631707 0.891771
1 0.545473 0.901521 0.549057 0.901521 0.549057 0.917868 0.545473 0.917868
1 0.655289 0.849091 0.659075 0.849091 0.659075 0.864195 0.655289 0.864195
1 0.546304 0.852531 0.550408 0.852531 0.550408 0.868145 0.546304 0.868145
1 0.659717 0.932123 0.662737 0.932123 0.662737 0.947950 0.659717 0.947950
1 0.492336 0.750760 0.519216 0.750760 0.519216 0.756831 0.492336 0.756831
1 0.492315 0.742231 0.518539 0.742231 0.518539 0.748312 0.492315 0.748312
1 0.496369 0.849013 0.505162 0.849013 0.505162 0.852238 0.496369 0.852238
1 0.531325 0.901833 0.535075 0.901833 0.535075 0.917462 0.531325 0.917462
1 0.763398 0.371447 0.773126 0.371447 0.773126 0.374291 0.763398 0.374291
1 0.763579 0.350579 0.773783 0.350579 0.773783 0.354188 0.763579 0.354188
1 0.788850 0.500603 0.798309 0.500603 0.798309 0.504789 0.788850 0.504789
1 0.754342 0.682508 0.762565 0.682508 0.762565 0.685594 0.754342 0.685594
1 0.754343 0.702793 0.762986 0.702793 0.762986 0.706301 0.754343 0.706301
1 0.788670 0.521880 0.798111 0.521880 0.798111 0.525233 0.788670 0.525233
1 0.801345 0.892468 0.821351 0.892468 0.821351 0.936531 0.801345 0.936531
1 0.814401 0.855228 0.819758 0.855228 0.819758 0.871029 0.814401 0.871029
1 0.748107 0.853108 0.752287 0.853108 0.752287 0.870016 0.748107 0.870016
1 0.784332 0.855021 0.788205 0.855021 0.788205 0.871400 0.784332 0.871400
1 0.675684 0.605750 0.738104 0.605750 0.738104 0.633003 0.675684 0.633003
1 0.451129 0.559331 0.504868 0.559331 0.504868 0.571514 0.451129 0.571514
1 0.543334 0.611439 0.583151 0.611439 0.583151 0.705237 0.543334 0.705237
1 0.549886 0.734511 0.589805 0.734511 0.589805 0.828654 0.549886 0.828654
1 0.137578 0.691566 0.231814 0.691566 0.231814 0.725538 0.137578 0.725538
1 0.127476 0.421527 0.135915 0.421527 0.135915 0.425673 0.127476 0.425673
1 0.455285 0.046189 0.458987 0.046189 0.458987 0.055221 0.455285 0.055221
0 0.133441 0.725507 0.236616 0.725507 0.236616 0.823835 0.133441 0.823835
1 0.681708 0.728626 0.745871 0.728626 0.745871 0.757284 0.681708 0.757284
1 0.681654 0.807618 0.745290 0.807618 0.745290 0.834577 0.681654 0.834577
0 0.385271 0.474296 0.428261 0.474296 0.428261 0.528749 0.385271 0.528749
1 0.013585 0.007164 0.017234 0.007164 0.017234 0.023452 0.013585 0.023452
0 0.011625 0.036226 0.028521 0.036226 0.028521 0.044877 0.011625 0.044877
1 0.028791 0.036631 0.031765 0.036631 0.031765 0.044944 0.028791 0.044944
1 0.008110 0.036361 0.011152 0.036361 0.011152 0.044944 0.008110 0.044944
1 0.022704 0.199752 0.026973 0.199752 0.026973 0.216425 0.022704 0.216425
1 0.012635 0.403622 0.022704 0.403622 0.022704 0.435198 0.012635 0.435198
1 0.025926 0.403945 0.035994 0.403945 0.035994 0.435520 0.025926 0.435520
1 0.053232 0.404025 0.063301 0.404025 0.063301 0.435601 0.053232 0.435601
1 0.039861 0.404025 0.049929 0.404025 0.049929 0.435601 0.039861 0.435601
1 0.066684 0.403622 0.076752 0.403622 0.076752 0.435198 0.066684 0.435198
1 0.093990 0.403703 0.104059 0.403703 0.104059 0.435278 0.093990 0.435278
1 0.080619 0.403703 0.090688 0.403703 0.090688 0.435278 0.080619 0.435278
1 0.108972 0.438742 0.138373 0.438742 0.138373 0.449052 0.108972 0.449052
1 0.108972 0.452677 0.138373 0.452677 0.138373 0.462987 0.108972 0.462987
1 0.109053 0.479822 0.138453 0.479822 0.138453 0.490133 0.109053 0.490133
1 0.108892 0.466129 0.138292 0.466129 0.138292 0.476439 0.108892 0.476439
1 0.109214 0.534596 0.138614 0.534596 0.138614 0.544906 0.109214 0.544906
1 0.109133 0.493516 0.138534 0.493516 0.138534 0.503826 0.109133 0.503826
1 0.109133 0.507451 0.138534 0.507451 0.138534 0.517761 0.109133 0.517761
1 0.109053 0.520903 0.138453 0.520903 0.138453 0.531213 0.109053 0.531213
1 0.094347 0.548689 0.103959 0.548689 0.103959 0.577916 0.094347 0.577916
1 0.081178 0.549356 0.090791 0.549356 0.090791 0.578582 0.081178 0.578582
1 0.067232 0.549578 0.076844 0.549578 0.076844 0.578805 0.067232 0.578805
1 0.053563 0.549411 0.063176 0.549411 0.063176 0.578638 0.053563 0.578638
1 0.040172 0.549800 0.049785 0.549800 0.049785 0.579027 0.040172 0.579027
1 0.026226 0.549634 0.035838 0.549634 0.035838 0.578860 0.026226 0.578860
1 0.013113 0.549523 0.022725 0.549523 0.022725 0.578749 0.013113 0.578749
1 0.004278 0.678152 0.013724 0.678152 0.013724 0.718380 0.004278 0.718380
1 0.017947 0.677930 0.027393 0.677930 0.027393 0.718158 0.017947 0.718158
1 0.031782 0.678041 0.041228 0.678041 0.041228 0.718269 0.031782 0.718269
1 0.045451 0.677819 0.054897 0.677819 0.054897 0.718047 0.045451 0.718047
1 0.059120 0.677985 0.068565 0.677985 0.068565 0.718213 0.059120 0.718213
1 0.072955 0.678096 0.082401 0.678096 0.082401 0.718324 0.072955 0.718324
1 0.086623 0.677874 0.096680 0.677874 0.096680 0.718269 0.086623 0.718269
1 0.085901 0.844231 0.097069 0.844231 0.097069 0.881459 0.085901 0.881459
1 0.071955 0.844453 0.083123 0.844453 0.083123 0.881681 0.071955 0.881681
1 0.058286 0.844620 0.069454 0.844620 0.069454 0.881848 0.058286 0.881848
1 0.044784 0.844954 0.055952 0.844954 0.055952 0.882181 0.044784 0.882181
1 0.031171 0.844731 0.042339 0.844731 0.042339 0.881959 0.031171 0.881959
1 0.017669 0.845065 0.028837 0.845065 0.028837 0.882292 0.017669 0.882292
1 0.003723 0.844676 0.014891 0.844676 0.014891 0.881903 0.003723 0.881903
