0 0.246750 0.379971 0.351278 0.379971 0.351278 0.484575 0.246750 0.484575
0 0.658326 0.425211 0.828071 0.425211 0.828071 0.595231 0.658326 0.595231
0 0.247081 0.513482 0.349455 0.513482 0.349455 0.618539 0.247081 0.618539
1 0.525742 0.513076 0.589887 0.513076 0.589887 0.543719 0.525742 0.543719
0 0.422775 0.383998 0.526467 0.383998 0.526467 0.489145 0.422775 0.489145
0 0.423863 0.515480 0.525924 0.515480 0.525924 0.620389 0.423863 0.620389
0 0.292770 0.745297 0.349335 0.745297 0.349335 0.815737 0.292770 0.815737
1 0.183130 0.511870 0.246993 0.511870 0.246993 0.539298 0.183130 0.539298
1 0.181317 0.588888 0.247155 0.588888 0.247155 0.619228 0.181317 0.619228
1 0.527165 0.461512 0.590099 0.461512 0.590099 0.490098 0.527165 0.490098
0 0.432228 0.713278 0.488438 0.713278 0.488438 0.783007 0.432228 0.783007
1 0.526600 0.381605 0.590638 0.381605 0.590638 0.412097 0.526600 0.412097
1 0.183081 0.457745 0.246699 0.457745 0.246699 0.485874 0.183081 0.485874
1 0.182929 0.379168 0.246481 0.379168 0.246481 0.406891 0.182929 0.406891
1 0.526191 0.593683 0.588662 0.593683 0.588662 0.621185 0.526191 0.621185
0 0.736463 0.939976 0.751167 0.939976 0.751167 0.966081 0.736463 0.966081
0 0.955171 0.836892 0.969252 0.836892 0.969252 0.864735 0.955171 0.864735
0 0.955976 0.884975 0.970193 0.884975 0.970193 0.910968 0.955976 0.910968
0 0.799777 0.672955 0.825334 0.672955 0.825334 0.686815 0.799777 0.686815
0 0.493419 0.952612 0.511920 0.952612 0.511920 0.984773 0.493419 0.984773
0 0.517688 0.710472 0.555099 0.710472 0.555099 0.778891 0.517688 0.778891
0 0.869835 0.881754 0.884068 0.881754 0.884068 0.907794 0.869835 0.907794
0 0.155741 0.766476 0.189372 0.766476 0.189372 0.787611 0.155741 0.787611
0 0.167052 0.696290 0.186322 0.696290 0.186322 0.743856 0.167052 0.743856
0 0.917408 0.962246 0.931659 0.962246 0.931659 0.988249 0.917408 0.988249
1 0.352023 0.385177 0.378343 0.385177 0.378343 0.477375 0.352023 0.477375
0 0.842314 0.870934 0.856222 0.870934 0.856222 0.898049 0.842314 0.898049
1 0.393509 0.389129 0.422412 0.389129 0.422412 0.482725 0.393509 0.482725
0 0.777527 0.938734 0.803057 0.938734 0.803057 0.953145 0.777527 0.953145
1 0.392988 0.521150 0.423849 0.521150 0.423849 0.614072 0.392988 0.614072
0 0.912046 0.884809 0.924971 0.884809 0.924971 0.910444 0.912046 0.910444
0 0.786009 0.891221 0.800421 0.891221 0.800421 0.916923 0.786009 0.916923
0 0.868145 0.955110 0.882155 0.955110 0.882155 0.981085 0.868145 0.981085
0 0.825182 0.826434 0.839657 0.826434 0.839657 0.854316 0.825182 0.854316
0 0.818203 0.867361 0.832392 0.867361 0.832392 0.895100 0.818203 0.895100
0 0.883085 0.839332 0.897425 0.839332 0.897425 0.865225 0.883085 0.865225
0 0.762454 0.965466 0.775802 0.965466 0.775802 0.991049 0.762454 0.991049
0 0.791006 0.964068 0.805230 0.964068 0.805230 0.991998 0.791006 0.991998
0 0.817046 0.921521 0.831324 0.921521 0.831324 0.949629 0.817046 0.949629
0 0.858220 0.787151 0.885536 0.787151 0.885536 0.801005 0.858220 0.801005
1 0.186715 0.711536 0.203452 0.711536 0.203452 0.727228 0.186715 0.727228
1 0.437920 0.783007 0.481508 0.783007 0.481508 0.803972 0.437920 0.803972
0 0.933666 0.884875 0.948082 0.884875 0.948082 0.911064 0.933666 0.911064
0 0.840558 0.965323 0.854675 0.965323 0.854675 0.991322 0.840558 0.991322
1 0.301092 0.725254 0.342220 0.725254 0.342220 0.744941 0.301092 0.744941
0 0.819331 0.965368 0.831945 0.965368 0.831945 0.991091 0.819331 0.991091
0 0.141324 0.438872 0.158603 0.438872 0.158603 0.447905 0.141324 0.447905
1 0.521732 0.779565 0.551064 0.779565 0.551064 0.796360 0.521732 0.796360
1 0.299684 0.816562 0.343380 0.816562 0.343380 0.835811 0.299684 0.835811
0 0.155040 0.405200 0.172039 0.405200 0.172039 0.414877 0.155040 0.414877
0 0.599820 0.422590 0.608624 0.422590 0.608624 0.439733 0.599820 0.439733
1 0.439742 0.693441 0.482390 0.693441 0.482390 0.712923 0.439742 0.712923
0 0.957368 0.668768 0.966624 0.668768 0.966624 0.685690 0.957368 0.685690
0 0.566123 0.441754 0.583099 0.441754 0.583099 0.451427 0.566123 0.451427
0 0.141143 0.423103 0.158323 0.423103 0.158323 0.431832 0.141143 0.431832
0 0.985544 0.946236 0.993669 0.946236 0.993669 0.962385 0.985544 0.962385
0 0.532384 0.648817 0.549785 0.648817 0.549785 0.657889 0.532384 0.657889
1 0.522906 0.690962 0.551054 0.690962 0.551054 0.709798 0.522906 0.709798
0 0.540366 0.956771 0.549884 0.956771 0.549884 0.973738 0.540366 0.973738
0 0.948843 0.934239 0.965327 0.934239 0.965327 0.943344 0.948843 0.943344
0 0.803002 0.639197 0.818675 0.639197 0.818675 0.647165 0.803002 0.647165
1 0.189524 0.763535 0.198747 0.763535 0.198747 0.789387 0.189524 0.789387
0 0.987748 0.696752 0.995978 0.696752 0.995978 0.712894 0.987748 0.712894
0 0.965249 0.956408 0.972948 0.956408 0.972948 0.972726 0.965249 0.972726
0 0.902552 0.528786 0.910399 0.528786 0.910399 0.544727 0.902552 0.544727
1 0.150585 0.729569 0.166158 0.729569 0.166158 0.742437 0.150585 0.742437
1 0.146298 0.764825 0.155516 0.764825 0.155516 0.788999 0.146298 0.788999
0 0.532764 0.632452 0.549914 0.632452 0.549914 0.642066 0.532764 0.642066
0 0.732779 0.371138 0.748729 0.371138 0.748729 0.379132 0.732779 0.379132
1 0.151829 0.696730 0.167190 0.696730 0.167190 0.709638 0.151829 0.709638
1 0.827991 0.553969 0.856991 0.553969 0.856991 0.559827 0.827991 0.559827
1 0.827981 0.562397 0.856949 0.562397 0.856949 0.568338 0.827981 0.568338
1 0.827590 0.502595 0.857499 0.502595 0.857499 0.508598 0.827590 0.508598
1 0.827965 0.545269 0.857305 0.545269 0.857305 0.551269 0.827965 0.551269
0 0.986952 0.741465 0.994906 0.741465 0.994906 0.757113 0.986952 0.757113
0 0.947825 0.956528 0.956629 0.956528 0.956629 0.972702 0.947825 0.972702
1 0.827494 0.459937 0.856958 0.459937 0.856958 0.465921 0.827494 0.465921
1 0.827546 0.511161 0.857529 0.511161 0.857529 0.517144 0.827546 0.517144
1 0.629829 0.451388 0.658539 0.451388 0.658539 0.457477 0.629829 0.457477
1 0.628720 0.545290 0.658606 0.545290 0.658606 0.551533 0.628720 0.551533
1 0.827401 0.468340 0.857342 0.468340 0.857342 0.474299 0.827401 0.474299
1 0.349521 0.518574 0.378509 0.518574 0.378509 0.611215 0.349521 0.611215
1 0.630007 0.502626 0.658846 0.502626 0.658846 0.508814 0.630007 0.508814
1 0.827596 0.451486 0.856907 0.451486 0.856907 0.457333 0.827596 0.457333
1 0.628614 0.553898 0.658573 0.553898 0.658573 0.560035 0.628614 0.560035
1 0.629624 0.511272 0.658950 0.511272 0.658950 0.517298 0.629624 0.517298
1 0.630423 0.494184 0.658732 0.494184 0.658732 0.500203 0.630423 0.500203
1 0.827662 0.519577 0.857654 0.519577 0.857654 0.525604 0.827662 0.525604
1 0.827748 0.441656 0.856830 0.441656 0.856830 0.448941 0.827748 0.448941
1 0.629543 0.459985 0.658487 0.459985 0.658487 0.466005 0.629543 0.466005
1 0.827969 0.536822 0.857577 0.536822 0.857577 0.542757 0.827969 0.542757
1 0.628364 0.562492 0.658721 0.562492 0.658721 0.568573 0.628364 0.568573
1 0.628826 0.536810 0.658827 0.536810 0.658827 0.542937 0.628826 0.542937
1 0.827563 0.494090 0.857537 0.494090 0.857537 0.499899 0.827563 0.499899
1 0.628824 0.468381 0.658597 0.468381 0.658597 0.474416 0.628824 0.474416
1 0.710786 0.595035 0.716495 0.595035 0.716495 0.623643 0.710786 0.623643
1 0.762060 0.594837 0.767723 0.594837 0.767723 0.623665 0.762060 0.623665
1 0.804356 0.394759 0.811157 0.394759 0.811157 0.425950 0.804356 0.425950
1 0.478090 0.975840 0.493593 0.975840 0.493593 0.982759 0.478090 0.982759
1 0.827884 0.528276 0.857607 0.528276 0.857607 0.534178 0.827884 0.534178
1 0.753592 0.594857 0.759204 0.594857 0.759204 0.623582 0.753592 0.623582
1 0.796281 0.594921 0.801857 0.594921 0.801857 0.623801 0.796281 0.623801
1 0.828288 0.570955 0.856954 0.570955 0.856954 0.577648 0.828288 0.577648
1 0.804771 0.594976 0.811510 0.594976 0.811510 0.623562 0.804771 0.623562
1 0.628604 0.570896 0.658512 0.570896 0.658512 0.578117 0.628604 0.578117
1 0.674957 0.395137 0.682197 0.395137 0.682197 0.426151 0.674957 0.426151
1 0.827706 0.485597 0.857558 0.485597 0.857558 0.491357 0.827706 0.491357
1 0.787706 0.594827 0.793322 0.594827 0.793322 0.623754 0.787706 0.623754
1 0.479203 0.953679 0.493166 0.953679 0.493166 0.960970 0.479203 0.960970
1 0.479204 0.964620 0.493414 0.964620 0.493414 0.972044 0.479204 0.972044
1 0.719380 0.594883 0.724984 0.594883 0.724984 0.623646 0.719380 0.623646
1 0.778837 0.394985 0.784712 0.394985 0.784712 0.426055 0.778837 0.426055
1 0.827557 0.476933 0.857561 0.476933 0.857561 0.482819 0.827557 0.482819
1 0.761757 0.395121 0.767574 0.395121 0.767574 0.426000 0.761757 0.426000
1 0.512766 0.975216 0.526988 0.975216 0.526988 0.983360 0.512766 0.983360
1 0.684928 0.395195 0.690796 0.395195 0.690796 0.425936 0.684928 0.425936
1 0.676924 0.595099 0.682265 0.595099 0.682265 0.623337 0.676924 0.623337
1 0.628911 0.485630 0.658676 0.485630 0.658676 0.491649 0.628911 0.491649
1 0.735591 0.935623 0.751622 0.935623 0.751622 0.939859 0.735591 0.939859
1 0.702400 0.595023 0.707858 0.595023 0.707858 0.623683 0.702400 0.623683
1 0.745150 0.594922 0.750647 0.594922 0.750647 0.623720 0.745150 0.623720
1 0.770605 0.594862 0.776246 0.594862 0.776246 0.623629 0.770605 0.623629
1 0.727945 0.594846 0.733506 0.594846 0.733506 0.623766 0.727945 0.623766
1 0.736352 0.594942 0.742112 0.594942 0.742112 0.623767 0.736352 0.623767
1 0.770260 0.395076 0.776069 0.395076 0.776069 0.426017 0.770260 0.426017
1 0.628968 0.528308 0.658709 0.528308 0.658709 0.534332 0.628968 0.534332
1 0.795991 0.394757 0.801866 0.394757 0.801866 0.425983 0.795991 0.425983
1 0.787421 0.394851 0.793225 0.394851 0.793225 0.426095 0.787421 0.426095
1 0.954419 0.864807 0.971045 0.864807 0.971045 0.868338 0.954419 0.868338
1 0.693811 0.595038 0.699348 0.595038 0.699348 0.622551 0.693811 0.622551
1 0.629904 0.519823 0.658922 0.519823 0.658922 0.525818 0.629904 0.525818
1 0.744652 0.395142 0.750558 0.395142 0.750558 0.426074 0.744652 0.426074
1 0.868412 0.907914 0.884511 0.907914 0.884511 0.911479 0.868412 0.911479
1 0.779067 0.594798 0.784766 0.594798 0.784766 0.623799 0.779067 0.623799
1 0.693504 0.395032 0.699251 0.395032 0.699251 0.426029 0.693504 0.426029
1 0.753224 0.396285 0.759073 0.396285 0.759073 0.426039 0.753224 0.426039
1 0.685321 0.594936 0.690900 0.594936 0.690900 0.623380 0.685321 0.623380
1 0.719144 0.395244 0.724898 0.395244 0.724898 0.426008 0.719144 0.426008
1 0.629711 0.441788 0.658676 0.441788 0.658676 0.449070 0.629711 0.449070
1 0.736127 0.395042 0.742051 0.395042 0.742051 0.425998 0.736127 0.425998
1 0.628718 0.476996 0.658608 0.476996 0.658608 0.483065 0.628718 0.483065
1 0.710523 0.395094 0.716394 0.395094 0.716394 0.426082 0.710523 0.426082
1 0.701999 0.395065 0.707788 0.395065 0.707788 0.426064 0.701999 0.426064
1 0.599450 0.439741 0.608897 0.439741 0.608897 0.443250 0.599450 0.443250
1 0.825410 0.671775 0.829944 0.671775 0.829944 0.687715 0.825410 0.687715
1 0.727628 0.395094 0.733486 0.395094 0.733486 0.425947 0.727628 0.425947
1 0.735933 0.966273 0.751623 0.966273 0.751623 0.969922 0.735933 0.969922
1 0.599672 0.418711 0.608979 0.418711 0.608979 0.422459 0.599672 0.422459
1 0.795645 0.672042 0.799736 0.672042 0.799736 0.687993 0.795645 0.687993
1 0.512181 0.953240 0.526929 0.953240 0.526929 0.960753 0.512181 0.960753
1 0.916558 0.957735 0.932890 0.957735 0.932890 0.962015 0.916558 0.962015
1 0.954350 0.911117 0.971133 0.911117 0.971133 0.915129 0.954350 0.915129
1 0.868834 0.877838 0.884486 0.877838 0.884486 0.881745 0.868834 0.881745
1 0.932907 0.911208 0.949249 0.911208 0.949249 0.915356 0.932907 0.915356
1 0.987627 0.692763 0.996210 0.692763 0.996210 0.696716 0.987627 0.696716
1 0.985370 0.943631 0.993795 0.943631 0.993795 0.946058 0.985370 0.946058
1 0.549883 0.632567 0.553180 0.632567 0.553180 0.641803 0.549883 0.641803
1 0.954390 0.832940 0.970308 0.832940 0.970308 0.836766 0.954390 0.836766
1 0.954693 0.881087 0.970708 0.881087 0.970708 0.884956 0.954693 0.884956
1 0.965047 0.972812 0.973193 0.972812 0.973193 0.975040 0.965047 0.975040
1 0.583048 0.441945 0.586248 0.441945 0.586248 0.451023 0.583048 0.451023
1 0.916364 0.988310 0.932522 0.988310 0.932522 0.992513 0.916364 0.992513
1 0.957272 0.665194 0.966947 0.665194 0.966947 0.668781 0.957272 0.668781
1 0.985193 0.962466 0.993852 0.962466 0.993852 0.964878 0.985193 0.964878
1 0.817345 0.961506 0.833609 0.961506 0.833609 0.965328 0.817345 0.965328
1 0.729135 0.371138 0.732812 0.371138 0.732812 0.379205 0.729135 0.379205
1 0.158350 0.423017 0.161678 0.423017 0.161678 0.431746 0.158350 0.431746
1 0.817626 0.863982 0.833589 0.863982 0.833589 0.867386 0.817626 0.867386
1 0.549891 0.648480 0.553354 0.648480 0.553354 0.658028 0.549891 0.658028
1 0.965382 0.953877 0.972868 0.953877 0.972868 0.956228 0.965382 0.956228
1 0.824738 0.822916 0.840555 0.822916 0.840555 0.826525 0.824738 0.826525
1 0.172141 0.405425 0.175110 0.405425 0.175110 0.414469 0.172141 0.414469
1 0.540543 0.952866 0.549917 0.952866 0.549917 0.956689 0.540543 0.956689
1 0.882096 0.835358 0.898045 0.835358 0.898045 0.839339 0.882096 0.839339
1 0.841474 0.867073 0.857169 0.867073 0.857169 0.870354 0.841474 0.870354
1 0.947998 0.953709 0.956432 0.953709 0.956432 0.956478 0.947998 0.956478
1 0.815969 0.949617 0.831921 0.949617 0.831921 0.953057 0.815969 0.953057
1 0.760982 0.961358 0.777181 0.961358 0.777181 0.965254 0.760982 0.965254
1 0.947715 0.972863 0.956564 0.972863 0.956564 0.974956 0.947715 0.974956
1 0.540776 0.973801 0.549821 0.973801 0.549821 0.977228 0.540776 0.977228
1 0.815814 0.918043 0.831518 0.918043 0.831518 0.921466 0.815814 0.921466
1 0.773547 0.938084 0.777470 0.938084 0.777470 0.953668 0.773547 0.953668
1 0.840779 0.898088 0.857841 0.898088 0.857841 0.901891 0.840779 0.901891
1 0.839441 0.961445 0.855386 0.961445 0.855386 0.965301 0.839441 0.965301
1 0.789992 0.961117 0.806412 0.961117 0.806412 0.964129 0.789992 0.964129
1 0.965293 0.934528 0.968963 0.934528 0.968963 0.942764 0.965293 0.942764
1 0.563226 0.441776 0.566138 0.441776 0.566138 0.450823 0.563226 0.450823
1 0.137410 0.422852 0.140952 0.422852 0.140952 0.432028 0.137410 0.432028
1 0.761250 0.991039 0.777359 0.991039 0.777359 0.995278 0.761250 0.995278
1 0.817605 0.895114 0.833861 0.895114 0.833861 0.898472 0.817605 0.898472
1 0.987155 0.738296 0.995140 0.738296 0.995140 0.741345 0.987155 0.741345
1 0.152430 0.405130 0.155028 0.405130 0.155028 0.414683 0.152430 0.414683
1 0.867826 0.981164 0.882722 0.981164 0.882722 0.984595 0.867826 0.984595
1 0.910835 0.910582 0.926732 0.910582 0.926732 0.914463 0.910835 0.914463
1 0.803164 0.937956 0.806872 0.937956 0.806872 0.953355 0.803164 0.953355
1 0.945448 0.934454 0.948676 0.934454 0.948676 0.942887 0.945448 0.942887
1 0.885536 0.785847 0.889250 0.785847 0.889250 0.801442 0.885536 0.801442
1 0.137844 0.438983 0.141250 0.438983 0.141250 0.447651 0.137844 0.447651
1 0.784855 0.886613 0.800881 0.886613 0.800881 0.889447 0.784855 0.889447
1 0.529007 0.632654 0.532709 0.632654 0.532709 0.641952 0.529007 0.641952
1 0.789994 0.991904 0.806523 0.991904 0.806523 0.995416 0.789994 0.995416
1 0.801114 0.639146 0.802983 0.639146 0.802983 0.647273 0.801114 0.647273
1 0.785032 0.917023 0.801362 0.917023 0.801362 0.920240 0.785032 0.920240
1 0.817742 0.991243 0.833807 0.991243 0.833807 0.995094 0.817742 0.995094
1 0.902289 0.525458 0.910585 0.525458 0.910585 0.528676 0.902289 0.528676
1 0.748752 0.371079 0.752399 0.371079 0.752399 0.379207 0.748752 0.379207
1 0.839915 0.991505 0.855471 0.991505 0.855471 0.995265 0.839915 0.995265
1 0.824149 0.854253 0.840725 0.854253 0.840725 0.857540 0.824149 0.857540
1 0.986814 0.757117 0.995306 0.757117 0.995306 0.760115 0.986814 0.760115
1 0.932623 0.881054 0.948927 0.881054 0.948927 0.884946 0.932623 0.884946
1 0.902224 0.544709 0.910635 0.544709 0.910635 0.547465 0.902224 0.547465
1 0.987481 0.712824 0.996152 0.712824 0.996152 0.715994 0.987481 0.715994
1 0.910642 0.880640 0.926594 0.880640 0.926594 0.884703 0.910642 0.884703
1 0.882305 0.865115 0.898476 0.865115 0.898476 0.868983 0.882305 0.868983
1 0.529042 0.648541 0.532271 0.648541 0.532271 0.658210 0.529042 0.658210
1 0.162042 0.500971 0.171273 0.500971 0.171273 0.504425 0.162042 0.504425
1 0.854483 0.785978 0.857733 0.785978 0.857733 0.801941 0.854483 0.801941
1 0.957326 0.685803 0.967000 0.685803 0.967000 0.689390 0.957326 0.689390
0 0.161918 0.504484 0.171640 0.504484 0.171640 0.521197 0.161918 0.521197
1 0.162484 0.521268 0.171355 0.521268 0.171355 0.524083 0.162484 0.524083
1 0.158671 0.439237 0.161999 0.439237 0.161999 0.447967 0.158671 0.447967
1 0.867315 0.951059 0.882212 0.951059 0.882212 0.954490 0.867315 0.954490
1 0.818941 0.639167 0.821061 0.639167 0.821061 0.647370 0.818941 0.647370
1 0.231912 0.424555 0.247160 0.424555 0.247160 0.439945 0.231912 0.439945
1 0.231462 0.556674 0.246711 0.556674 0.246711 0.572063 0.231462 0.572063
1 0.526706 0.428600 0.541954 0.428600 0.541954 0.443989 0.526706 0.443989
1 0.526706 0.559819 0.541954 0.559819 0.541954 0.575209 0.526706 0.575209
1 0.988096 0.364115 0.997874 0.364115 0.997874 0.405016 0.988096 0.405016
1 0.976803 0.363977 0.986581 0.363977 0.986581 0.404878 0.976803 0.404878
1 0.928345 0.413387 0.970317 0.413387 0.970317 0.421819 0.928345 0.421819
1 0.928979 0.424292 0.970951 0.424292 0.970951 0.432724 0.928979 0.432724
1 0.929042 0.435451 0.971015 0.435451 0.971015 0.443883 0.929042 0.443883
1 0.929549 0.468928 0.971522 0.468928 0.971522 0.477360 0.929549 0.477360
1 0.929486 0.457769 0.971459 0.457769 0.971459 0.466201 0.929486 0.466201
1 0.928852 0.446863 0.970825 0.446863 0.970825 0.455296 0.928852 0.455296
1 0.929486 0.480213 0.971459 0.480213 0.971459 0.488646 0.929486 0.488646
1 0.929549 0.502404 0.971522 0.502404 0.971522 0.510837 0.929549 0.510837
1 0.929613 0.491119 0.971585 0.491119 0.971585 0.499551 0.929613 0.499551
1 0.928915 0.513373 0.970888 0.513373 0.970888 0.521806 0.928915 0.521806
1 0.929042 0.524278 0.971015 0.524278 0.971015 0.532711 0.929042 0.532711
1 0.928979 0.535564 0.970951 0.535564 0.970951 0.543997 0.928979 0.543997
1 0.928915 0.546659 0.970888 0.546659 0.970888 0.555092 0.928915 0.555092
1 0.929042 0.557565 0.971015 0.557565 0.971015 0.565997 0.929042 0.565997
1 0.928979 0.568850 0.970951 0.568850 0.970951 0.577283 0.928979 0.577283
1 0.928915 0.580073 0.970888 0.580073 0.970888 0.588505 0.928915 0.588505
1 0.929042 0.590978 0.971015 0.590978 0.971015 0.599411 0.929042 0.599411
1 0.928979 0.602264 0.970951 0.602264 0.970951 0.610696 0.928979 0.610696
1 0.929296 0.613169 0.971268 0.613169 0.971268 0.621602 0.929296 0.621602
1 0.929232 0.624455 0.971205 0.624455 0.971205 0.632887 0.929232 0.632887
1 0.977158 0.638834 0.986490 0.638834 0.986490 0.680922 0.977158 0.680922
1 0.988775 0.639215 0.997917 0.639215 0.997917 0.680732 0.988775 0.680732
1 0.886411 0.991156 0.897838 0.991156 0.897838 0.994203 0.886411 0.994203
0 0.702061 0.964017 0.724439 0.964017 0.724439 0.997536 0.702061 0.997536
1 0.701204 0.954400 0.724629 0.954400 0.724629 0.963732 0.701204 0.963732
1 0.417442 0.980015 0.449151 0.980015 0.449151 0.993822 0.417442 0.993822
1 0.321458 0.981538 0.352215 0.981538 0.352215 0.992965 0.321458 0.992965
1 0.305461 0.979539 0.314317 0.979539 0.314317 0.982871 0.305461 0.982871
0 0.305652 0.983348 0.314888 0.983348 0.314888 0.999345 0.305652 0.999345
