0 0.301361 0.365916 0.328591 0.365916 0.328591 0.418617 0.301361 0.418617
0 0.286586 0.674360 0.360249 0.674360 0.360249 0.730872 0.286586 0.730872
0 0.461568 0.713271 0.489365 0.713271 0.489365 0.727615 0.461568 0.727615
0 0.630871 0.689247 0.652741 0.689247 0.652741 0.722434 0.630871 0.722434
0 0.462563 0.689026 0.488491 0.689026 0.488491 0.704291 0.462563 0.704291
0 0.901348 0.593585 0.927731 0.593585 0.927731 0.646394 0.901348 0.646394
0 0.601204 0.352938 0.628010 0.352938 0.628010 0.405767 0.601204 0.405767
0 0.902099 0.383134 0.928340 0.383134 0.928340 0.435424 0.902099 0.435424
0 0.676768 0.708571 0.710330 0.708571 0.710330 0.729391 0.676768 0.729391
0 0.695907 0.671128 0.729261 0.671128 0.729261 0.692440 0.695907 0.692440
0 0.305762 0.629747 0.358536 0.629747 0.358536 0.656963 0.305762 0.656963
0 0.604861 0.630861 0.657871 0.630861 0.657871 0.657793 0.604861 0.657793
1 0.899830 0.435579 0.929024 0.435579 0.929024 0.446759 0.899830 0.446759
0 0.558636 0.635741 0.583027 0.635741 0.583027 0.648082 0.558636 0.648082
0 0.507164 0.697134 0.534754 0.697134 0.534754 0.711466 0.507164 0.711466
1 0.294701 0.629079 0.305573 0.629079 0.305573 0.658708 0.294701 0.658708
0 0.859641 0.634915 0.884072 0.634915 0.884072 0.647582 0.859641 0.647582
0 0.260457 0.635154 0.284723 0.635154 0.284723 0.647969 0.260457 0.647969
1 0.269033 0.681482 0.286233 0.681482 0.286233 0.723593 0.269033 0.723593
1 0.360394 0.679746 0.379054 0.679746 0.379054 0.724020 0.360394 0.724020
1 0.900184 0.646465 0.928853 0.646465 0.928853 0.657774 0.900184 0.657774
0 0.597961 0.719634 0.614854 0.719634 0.614854 0.728928 0.597961 0.728928
0 0.031682 0.544235 0.047606 0.544235 0.047606 0.552304 0.031682 0.552304
1 0.358925 0.629266 0.369537 0.629266 0.369537 0.658600 0.358925 0.658600
0 0.034276 0.576390 0.050062 0.576390 0.050062 0.584210 0.034276 0.584210
0 0.632845 0.541161 0.648526 0.541161 0.648526 0.549056 0.632845 0.549056
1 0.601275 0.341617 0.629363 0.341617 0.629363 0.352735 0.601275 0.352735
1 0.301062 0.419021 0.329497 0.419021 0.329497 0.429400 0.301062 0.429400
1 0.629563 0.679418 0.653601 0.679418 0.653601 0.689039 0.629563 0.689039
1 0.628218 0.722654 0.654050 0.722654 0.654050 0.731957 0.628218 0.731957
1 0.658104 0.630300 0.669289 0.630300 0.669289 0.659514 0.658104 0.659514
1 0.105189 0.599137 0.115240 0.599137 0.115240 0.626883 0.105189 0.626883
1 0.900201 0.582700 0.928655 0.582700 0.928655 0.593406 0.900201 0.593406
1 0.731705 0.403770 0.740213 0.403770 0.740213 0.432049 0.731705 0.432049
1 0.594566 0.629852 0.604735 0.629852 0.604735 0.659470 0.594566 0.659470
1 0.529160 0.403768 0.537651 0.403768 0.537651 0.431754 0.529160 0.431754
1 0.262736 0.471168 0.290912 0.471168 0.290912 0.479842 0.262736 0.479842
1 0.600560 0.406121 0.629273 0.406121 0.629273 0.416666 0.600560 0.416666
1 0.860644 0.442251 0.888100 0.442251 0.888100 0.451133 0.860644 0.451133
0 0.346587 0.600517 0.362114 0.600517 0.362114 0.608510 0.346587 0.608510
1 0.105426 0.405164 0.115181 0.405164 0.115181 0.433602 0.105426 0.433602
1 0.301103 0.354091 0.329416 0.354091 0.329416 0.365633 0.301103 0.365633
1 0.666055 0.469608 0.694064 0.469608 0.694064 0.478230 0.666055 0.478230
1 0.786287 0.402429 0.794808 0.402429 0.794808 0.432192 0.786287 0.432192
1 0.262863 0.552889 0.290360 0.552889 0.290360 0.561613 0.262863 0.561613
1 0.262718 0.498484 0.290891 0.498484 0.290891 0.507090 0.262718 0.507090
1 0.067569 0.498218 0.096247 0.498218 0.096247 0.507177 0.067569 0.507177
1 0.562749 0.469677 0.590801 0.469677 0.590801 0.478110 0.562749 0.478110
1 0.813668 0.403981 0.821950 0.403981 0.821950 0.432159 0.813668 0.432159
1 0.420100 0.403776 0.428590 0.403776 0.428590 0.431739 0.420100 0.431739
1 0.703123 0.403984 0.712971 0.403984 0.712971 0.432301 0.703123 0.432301
0 0.395487 0.432071 0.562595 0.432071 0.562595 0.597978 0.395487 0.597978
1 0.704198 0.597795 0.713041 0.597795 0.713041 0.625590 0.704198 0.625590
1 0.134111 0.599530 0.142582 0.599530 0.142582 0.627083 0.134111 0.627083
1 0.900236 0.371492 0.928912 0.371492 0.928912 0.382916 0.900236 0.382916
1 0.067389 0.525473 0.096182 0.525473 0.096182 0.534393 0.067389 0.534393
1 0.367240 0.510254 0.395872 0.510254 0.395872 0.519165 0.367240 0.519165
1 0.066520 0.579800 0.096327 0.579800 0.096327 0.589683 0.066520 0.589683
1 0.860698 0.565025 0.888636 0.565025 0.888636 0.573826 0.860698 0.573826
1 0.262807 0.525724 0.290545 0.525724 0.290545 0.534263 0.262807 0.534263
1 0.501802 0.402184 0.510290 0.402184 0.510290 0.431883 0.501802 0.431883
0 0.334667 0.538920 0.350634 0.538920 0.350634 0.546950 0.334667 0.546950
1 0.367311 0.442298 0.396038 0.442298 0.396038 0.450954 0.367311 0.450954
1 0.262590 0.443999 0.290651 0.443999 0.290651 0.452607 0.262590 0.452607
1 0.860483 0.469736 0.888571 0.469736 0.888571 0.478324 0.860483 0.478324
1 0.066802 0.552678 0.096367 0.552678 0.096367 0.561755 0.066802 0.561755
1 0.188438 0.599830 0.197070 0.599830 0.197070 0.628293 0.188438 0.628293
1 0.474571 0.403687 0.483117 0.403687 0.483117 0.431944 0.474571 0.431944
1 0.731625 0.598191 0.740159 0.598191 0.740159 0.625451 0.731625 0.625451
1 0.860662 0.496646 0.888515 0.496646 0.888515 0.505677 0.860662 0.505677
1 0.860709 0.455939 0.888605 0.455939 0.888605 0.464629 0.860709 0.464629
1 0.860749 0.510316 0.888620 0.510316 0.888620 0.519143 0.860749 0.519143
1 0.068503 0.471016 0.096253 0.471016 0.096253 0.479731 0.068503 0.479731
1 0.262673 0.457684 0.291049 0.457684 0.291049 0.466199 0.262673 0.466199
1 0.758730 0.402925 0.767541 0.402925 0.767541 0.431932 0.758730 0.431932
0 0.607716 0.546207 0.615624 0.546207 0.615624 0.561836 0.607716 0.561836
1 0.134177 0.405210 0.142520 0.405210 0.142520 0.433458 0.134177 0.433458
0 0.448313 0.737266 0.464213 0.737266 0.464213 0.745407 0.448313 0.745407
1 0.528959 0.597886 0.537576 0.597886 0.537576 0.625413 0.528959 0.625413
1 0.367987 0.469601 0.395858 0.469601 0.395858 0.478155 0.367987 0.478155
1 0.404773 0.402058 0.414967 0.402058 0.414967 0.431857 0.404773 0.431857
1 0.501713 0.597977 0.510224 0.597977 0.510224 0.626522 0.501713 0.626522
1 0.188564 0.403796 0.197131 0.403796 0.197131 0.433398 0.188564 0.433398
1 0.860767 0.524177 0.888255 0.524177 0.888255 0.532863 0.860767 0.532863
1 0.686537 0.669502 0.695607 0.669502 0.695607 0.693504 0.686537 0.693504
1 0.562778 0.537707 0.590992 0.537707 0.590992 0.546266 0.562778 0.546266
1 0.215524 0.599643 0.224216 0.599643 0.224216 0.627114 0.215524 0.627114
1 0.367005 0.482927 0.395840 0.482927 0.395840 0.491698 0.367005 0.491698
1 0.665161 0.442265 0.694032 0.442265 0.694032 0.451018 0.665161 0.451018
1 0.262879 0.579943 0.290941 0.579943 0.290941 0.588853 0.262879 0.588853
1 0.562692 0.442223 0.590409 0.442223 0.590409 0.450997 0.562692 0.450997
1 0.813580 0.598223 0.822074 0.598223 0.822074 0.625475 0.813580 0.625475
1 0.758951 0.598297 0.767526 0.598297 0.767526 0.625884 0.758951 0.625884
1 0.665137 0.510363 0.693943 0.510363 0.693943 0.519352 0.665137 0.519352
1 0.786095 0.598150 0.794657 0.598150 0.794657 0.626678 0.786095 0.626678
1 0.562680 0.564916 0.590908 0.564916 0.590908 0.573811 0.562680 0.573811
1 0.562866 0.455991 0.590914 0.455991 0.590914 0.464458 0.562866 0.464458
1 0.860784 0.537765 0.888741 0.537765 0.888741 0.546417 0.860784 0.546417
1 0.367034 0.496640 0.395801 0.496640 0.395801 0.505452 0.367034 0.505452
1 0.366458 0.455899 0.396030 0.455899 0.396030 0.464481 0.366458 0.464481
1 0.667841 0.707121 0.676535 0.707121 0.676535 0.730935 0.667841 0.730935
1 0.262527 0.512114 0.290777 0.512114 0.290777 0.520769 0.262527 0.520769
1 0.860719 0.483048 0.888289 0.483048 0.888289 0.491879 0.860719 0.491879
1 0.420001 0.597682 0.428532 0.597682 0.428532 0.625501 0.420001 0.625501
1 0.067591 0.443913 0.096262 0.443913 0.096262 0.452744 0.067591 0.452744
1 0.366223 0.537642 0.395850 0.537642 0.395850 0.546350 0.366223 0.546350
1 0.665195 0.483155 0.694048 0.483155 0.694048 0.491847 0.665195 0.491847
1 0.067457 0.511834 0.096103 0.511834 0.096103 0.520771 0.067457 0.520771
1 0.474426 0.597936 0.483230 0.597936 0.483230 0.625395 0.474426 0.625395
1 0.840742 0.403881 0.849111 0.403881 0.849111 0.432264 0.840742 0.432264
0 0.908580 0.546107 0.916703 0.546107 0.916703 0.562085 0.908580 0.562085
1 0.366668 0.523986 0.395733 0.523986 0.395733 0.532763 0.366668 0.532763
1 0.562730 0.496840 0.590717 0.496840 0.590717 0.505350 0.562730 0.505350
1 0.562974 0.482996 0.590449 0.482996 0.590449 0.491638 0.562974 0.491638
1 0.262615 0.484784 0.290568 0.484784 0.290568 0.493407 0.262615 0.493407
1 0.665935 0.564699 0.694189 0.564699 0.694189 0.573946 0.665935 0.573946
1 0.860490 0.578457 0.888367 0.578457 0.888367 0.587363 0.860490 0.587363
1 0.229193 0.599485 0.237749 0.599485 0.237749 0.627253 0.229193 0.627253
1 0.367715 0.564689 0.396009 0.564689 0.396009 0.573630 0.367715 0.573630
0 0.644468 0.598126 0.659801 0.598126 0.659801 0.606329 0.644468 0.606329
1 0.262709 0.539332 0.290902 0.539332 0.290902 0.548005 0.262709 0.548005
1 0.562773 0.510435 0.590806 0.510435 0.590806 0.519123 0.562773 0.519123
1 0.161239 0.599708 0.169640 0.599708 0.169640 0.627766 0.161239 0.627766
1 0.447313 0.597775 0.455897 0.597775 0.455897 0.626009 0.447313 0.626009
1 0.827191 0.403885 0.835639 0.403885 0.835639 0.432058 0.827191 0.432058
1 0.665249 0.578164 0.694271 0.578164 0.694271 0.588156 0.665249 0.588156
1 0.262932 0.566408 0.291132 0.566408 0.291132 0.575428 0.262932 0.575428
1 0.729322 0.669555 0.737620 0.669555 0.737620 0.693231 0.729322 0.693231
1 0.367117 0.578205 0.396240 0.578205 0.396240 0.588324 0.367117 0.588324
1 0.710648 0.706372 0.718888 0.706372 0.718888 0.730768 0.710648 0.730768
1 0.860569 0.551246 0.888097 0.551246 0.888097 0.560129 0.860569 0.560129
1 0.068171 0.566045 0.096210 0.566045 0.096210 0.575530 0.068171 0.575530
1 0.066998 0.457530 0.096160 0.457530 0.096160 0.466180 0.066998 0.466180
1 0.664909 0.496799 0.693951 0.496799 0.693951 0.505513 0.664909 0.505513
1 0.433491 0.597814 0.442154 0.597814 0.442154 0.625386 0.433491 0.625386
1 0.562537 0.578316 0.590741 0.578316 0.590741 0.587263 0.562537 0.587263
1 0.161291 0.404254 0.169726 0.404254 0.169726 0.433264 0.161291 0.433264
1 0.664167 0.537646 0.693982 0.537646 0.693982 0.546588 0.664167 0.546588
1 0.562800 0.524055 0.590664 0.524055 0.590664 0.532596 0.562800 0.532596
1 0.447406 0.402613 0.455925 0.402613 0.455925 0.431664 0.447406 0.431664
1 0.664946 0.524154 0.693858 0.524154 0.693858 0.532873 0.664946 0.532873
1 0.664279 0.455861 0.694055 0.455861 0.694055 0.464767 0.664279 0.464767
1 0.067595 0.484545 0.096093 0.484545 0.096093 0.493418 0.067595 0.493418
1 0.562756 0.551155 0.590513 0.551155 0.590513 0.559954 0.562756 0.559954
0 0.305523 0.547521 0.313644 0.547521 0.313644 0.562962 0.305523 0.562962
1 0.718112 0.403754 0.726648 0.403754 0.726648 0.432009 0.718112 0.432009
1 0.488066 0.597931 0.496658 0.597931 0.496658 0.626650 0.488066 0.626650
1 0.215773 0.405179 0.224259 0.405179 0.224259 0.433364 0.215773 0.433364
1 0.174725 0.599674 0.183530 0.599674 0.183530 0.626976 0.174725 0.626976
1 0.366277 0.551095 0.395962 0.551095 0.395962 0.560062 0.366277 0.560062
1 0.664069 0.551206 0.694126 0.551206 0.694126 0.560109 0.664069 0.560109
1 0.488118 0.401974 0.496866 0.401974 0.496866 0.431862 0.488118 0.431862
1 0.066715 0.539001 0.096095 0.539001 0.096095 0.548101 0.066715 0.548101
1 0.772657 0.403747 0.781019 0.403747 0.781019 0.432054 0.772657 0.432054
1 0.120548 0.405169 0.128869 0.405169 0.128869 0.433388 0.120548 0.433388
1 0.229365 0.405419 0.237885 0.405419 0.237885 0.433439 0.229365 0.433439
1 0.120375 0.599448 0.128839 0.599448 0.128839 0.627113 0.120375 0.627113
1 0.202056 0.403797 0.210609 0.403797 0.210609 0.433372 0.202056 0.433372
1 0.242838 0.599619 0.251299 0.599619 0.251299 0.628343 0.242838 0.628343
1 0.433674 0.403716 0.442187 0.403716 0.442187 0.431827 0.433674 0.431827
1 0.542725 0.403581 0.551114 0.403581 0.551114 0.431835 0.542725 0.431835
1 0.827014 0.598128 0.835604 0.598128 0.835604 0.625518 0.827014 0.625518
1 0.460858 0.598052 0.469321 0.598052 0.469321 0.625997 0.460858 0.625997
1 0.542469 0.597953 0.551076 0.597953 0.551076 0.626527 0.542469 0.626527
1 0.799862 0.402254 0.808292 0.402254 0.808292 0.431908 0.799862 0.431908
1 0.243040 0.405413 0.251507 0.405413 0.251507 0.433668 0.243040 0.433668
1 0.515327 0.597993 0.524016 0.597993 0.524016 0.625399 0.515327 0.625399
1 0.840514 0.597822 0.849293 0.597822 0.849293 0.626011 0.840514 0.626011
1 0.201983 0.599673 0.210658 0.599673 0.210658 0.628261 0.201983 0.628261
1 0.718079 0.598081 0.726759 0.598081 0.726759 0.625532 0.718079 0.625532
1 0.174976 0.405164 0.183412 0.405164 0.183412 0.433394 0.174976 0.433394
1 0.406225 0.597541 0.414932 0.597541 0.414932 0.625433 0.406225 0.625433
1 0.745522 0.403026 0.753906 0.403026 0.753906 0.431898 0.745522 0.431898
1 0.515583 0.403673 0.523929 0.403673 0.523929 0.431978 0.515583 0.431978
1 0.147682 0.599618 0.156246 0.599618 0.156246 0.627468 0.147682 0.627468
1 0.745420 0.598384 0.753943 0.598384 0.753943 0.625940 0.745420 0.625940
1 0.799870 0.598371 0.808269 0.598371 0.808269 0.626718 0.799870 0.626718
1 0.147794 0.404354 0.156166 0.404354 0.156166 0.433500 0.147794 0.433500
1 0.772569 0.598537 0.781156 0.598537 0.781156 0.625507 0.772569 0.625507
1 0.460920 0.402558 0.469547 0.402558 0.469547 0.431748 0.460920 0.431748
1 0.583044 0.633031 0.587275 0.633031 0.587275 0.649227 0.583044 0.649227
1 0.255797 0.633601 0.260389 0.633601 0.260389 0.649605 0.255797 0.649605
1 0.884157 0.632827 0.888595 0.632827 0.888595 0.648462 0.884157 0.648462
1 0.284825 0.633259 0.289444 0.633259 0.289444 0.649325 0.284825 0.649325
1 0.554234 0.633894 0.558586 0.633894 0.558586 0.649648 0.554234 0.649648
1 0.648636 0.540906 0.652628 0.540906 0.652628 0.549424 0.648636 0.549424
1 0.342512 0.600226 0.346486 0.600226 0.346486 0.608749 0.342512 0.608749
1 0.350743 0.538869 0.354502 0.538869 0.354502 0.547124 0.350743 0.547124
1 0.659993 0.598175 0.664291 0.598175 0.664291 0.606517 0.659993 0.606517
1 0.050151 0.576027 0.054106 0.576027 0.054106 0.584979 0.050151 0.584979
1 0.047758 0.544208 0.051074 0.544208 0.051074 0.552346 0.047758 0.552346
1 0.362084 0.600719 0.366037 0.600719 0.366037 0.608558 0.362084 0.608558
1 0.607530 0.541897 0.615698 0.541897 0.615698 0.546132 0.607530 0.546132
1 0.458515 0.688210 0.462632 0.688210 0.462632 0.705165 0.458515 0.705165
1 0.330966 0.538819 0.334652 0.538819 0.334652 0.547358 0.330966 0.547358
1 0.640595 0.598051 0.644409 0.598051 0.644409 0.606477 0.640595 0.606477
1 0.305397 0.563008 0.313797 0.563008 0.313797 0.566851 0.305397 0.566851
1 0.464286 0.737025 0.467888 0.737025 0.467888 0.745464 0.464286 0.745464
1 0.855486 0.633127 0.859652 0.633127 0.859652 0.648854 0.855486 0.648854
1 0.908760 0.562054 0.916831 0.562054 0.916831 0.565634 0.908760 0.565634
1 0.305506 0.543561 0.313700 0.543561 0.313700 0.547553 0.305506 0.547553
1 0.488442 0.688752 0.491943 0.688752 0.491943 0.704913 0.488442 0.704913
1 0.908407 0.542362 0.916908 0.542362 0.916908 0.546006 0.908407 0.546006
1 0.030669 0.575908 0.034240 0.575908 0.034240 0.584347 0.030669 0.584347
1 0.444728 0.736974 0.448208 0.736974 0.448208 0.745403 0.444728 0.745403
1 0.489184 0.712154 0.492578 0.712154 0.492578 0.728588 0.489184 0.728588
1 0.628801 0.540364 0.632680 0.540364 0.632680 0.549518 0.628801 0.549518
1 0.027983 0.543940 0.031641 0.543940 0.031641 0.552478 0.027983 0.552478
1 0.614870 0.719425 0.618178 0.719425 0.618178 0.728640 0.614870 0.728640
1 0.534807 0.696245 0.538032 0.696245 0.538032 0.712382 0.534807 0.712382
1 0.458134 0.712692 0.461508 0.712692 0.461508 0.728236 0.458134 0.728236
1 0.594454 0.719654 0.597814 0.719654 0.597814 0.728985 0.594454 0.728985
1 0.503848 0.696317 0.507191 0.696317 0.507191 0.712109 0.503848 0.712109
1 0.607670 0.561826 0.615662 0.561826 0.615662 0.565157 0.607670 0.565157
0 0.096742 0.433496 0.262882 0.433496 0.262882 0.599770 0.096742 0.599770
0 0.694037 0.433346 0.860395 0.433346 0.860395 0.597933 0.694037 0.597933
