0 0.229428 0.256084 0.242011 0.256084 0.242011 0.280530 0.229428 0.280530
0 0.147962 0.040139 0.175696 0.040139 0.175696 0.054631 0.147962 0.054631
0 0.169265 0.417554 0.194482 0.417554 0.194482 0.430670 0.169265 0.430670
0 0.196915 0.389212 0.224571 0.389212 0.224571 0.403661 0.196915 0.403661
0 0.194731 0.048077 0.220324 0.048077 0.220324 0.061430 0.194731 0.061430
0 0.156592 0.386870 0.183666 0.386870 0.183666 0.401188 0.156592 0.401188
0 0.144797 0.321783 0.170193 0.321783 0.170193 0.335403 0.144797 0.335403
0 0.116747 0.272733 0.142609 0.272733 0.142609 0.287043 0.116747 0.287043
0 0.134342 0.103488 0.147553 0.103488 0.147553 0.128993 0.134342 0.128993
0 0.195146 0.025091 0.220693 0.025091 0.220693 0.038500 0.195146 0.038500
0 0.156241 0.349118 0.170713 0.349118 0.170713 0.374917 0.156241 0.374917
0 0.200955 0.183566 0.215005 0.183566 0.215005 0.210874 0.200955 0.210874
0 0.440399 0.350206 0.448408 0.350206 0.448408 0.366132 0.440399 0.366132
0 0.080752 0.353042 0.106157 0.353042 0.106157 0.366587 0.080752 0.366587
0 0.117735 0.012627 0.131087 0.012627 0.131087 0.038186 0.117735 0.038186
0 0.486217 0.350250 0.493995 0.350250 0.493995 0.365770 0.486217 0.365770
0 0.284107 0.218237 0.300891 0.218237 0.300891 0.228052 0.284107 0.228052
0 0.368353 0.369019 0.389397 0.369019 0.389397 0.401196 0.368353 0.401196
0 0.208247 0.418283 0.235571 0.418283 0.235571 0.432666 0.208247 0.432666
0 0.039329 0.124897 0.064915 0.124897 0.064915 0.138300 0.039329 0.138300
0 0.054252 0.153407 0.087616 0.153407 0.087616 0.174774 0.054252 0.174774
0 0.292037 0.489073 0.324942 0.489073 0.324942 0.509642 0.292037 0.509642
0 0.440166 0.391071 0.448303 0.391071 0.448303 0.406959 0.440166 0.406959
0 0.259581 0.152953 0.275687 0.152953 0.275687 0.161203 0.259581 0.161203
0 0.283368 0.092323 0.297665 0.092323 0.297665 0.117863 0.283368 0.117863
0 0.143081 0.062479 0.170484 0.062479 0.170484 0.076986 0.143081 0.076986
0 0.123966 0.380338 0.145492 0.380338 0.145492 0.413784 0.123966 0.413784
0 0.349057 0.366937 0.358004 0.366937 0.358004 0.383547 0.349057 0.383547
0 0.077365 0.325944 0.102788 0.325944 0.102788 0.339204 0.077365 0.339204
0 0.158536 0.139248 0.185971 0.139248 0.185971 0.153786 0.158536 0.153786
0 0.086479 0.244191 0.100666 0.244191 0.100666 0.271473 0.086479 0.271473
0 0.273746 0.302203 0.289508 0.302203 0.289508 0.310498 0.273746 0.310498
0 0.205919 0.087519 0.221908 0.087519 0.221908 0.095777 0.205919 0.095777
0 0.252239 0.416590 0.279702 0.416590 0.279702 0.431045 0.252239 0.431045
0 0.413024 0.396631 0.428604 0.396631 0.428604 0.404797 0.413024 0.404797
0 0.056275 0.203718 0.069175 0.203718 0.069175 0.229494 0.056275 0.229494
0 0.273821 0.324886 0.289483 0.324886 0.289483 0.333024 0.273821 0.333024
0 0.206616 0.150259 0.222784 0.150259 0.222784 0.159250 0.206616 0.159250
0 0.247717 0.016567 0.260973 0.016567 0.260973 0.041846 0.247717 0.041846
0 0.275391 0.235595 0.291152 0.235595 0.291152 0.243642 0.275391 0.243642
0 0.283724 0.192098 0.291926 0.192098 0.291926 0.208141 0.283724 0.208141
0 0.315400 0.305176 0.331106 0.305176 0.331106 0.313527 0.315400 0.313527
0 0.273765 0.349223 0.289484 0.349223 0.289484 0.357123 0.273765 0.357123
0 0.233163 0.228721 0.249271 0.228721 0.249271 0.236999 0.233163 0.236999
0 0.463676 0.350484 0.471486 0.350484 0.471486 0.366237 0.463676 0.366237
0 0.462901 0.390991 0.471037 0.390991 0.471037 0.406895 0.462901 0.406895
0 0.266261 0.169162 0.282200 0.169162 0.282200 0.177434 0.266261 0.177434
0 0.315636 0.347901 0.331266 0.347901 0.331266 0.355965 0.315636 0.355965
0 0.315688 0.323871 0.331724 0.323871 0.331724 0.332104 0.315688 0.332104
0 0.274538 0.275085 0.290437 0.275085 0.290437 0.283359 0.274538 0.283359
0 0.234079 0.179530 0.250059 0.179530 0.250059 0.188026 0.234079 0.188026
0 0.406205 0.360726 0.421914 0.360726 0.421914 0.368654 0.406205 0.368654
0 0.205634 0.069753 0.221973 0.069753 0.221973 0.079636 0.205634 0.079636
0 0.061342 0.712284 0.087913 0.712284 0.087913 0.725858 0.061342 0.725858
0 0.219745 0.801610 0.235158 0.801610 0.235158 0.809782 0.219745 0.809782
0 0.008735 0.675891 0.042188 0.675891 0.042188 0.697068 0.008735 0.697068
0 0.007891 0.646033 0.033680 0.646033 0.033680 0.659435 0.007891 0.659435
0 0.108746 0.890443 0.124760 0.890443 0.124760 0.898719 0.108746 0.898719
0 0.255773 0.882675 0.265783 0.882675 0.265783 0.899863 0.255773 0.899863
0 0.008793 0.710583 0.042242 0.710583 0.042242 0.731245 0.008793 0.731245
0 0.231920 0.497635 0.266723 0.497635 0.266723 0.519325 0.231920 0.519325
0 0.010928 0.517444 0.036598 0.517444 0.036598 0.530620 0.010928 0.530620
0 0.051760 0.518527 0.079493 0.518527 0.079493 0.532997 0.051760 0.532997
0 0.110263 0.711098 0.126104 0.711098 0.126104 0.719476 0.110263 0.719476
0 0.098580 0.781928 0.111610 0.781928 0.111610 0.807746 0.098580 0.807746
0 0.175681 0.895043 0.183920 0.895043 0.183920 0.911024 0.175681 0.911024
0 0.193359 0.915717 0.201304 0.915717 0.201304 0.931591 0.193359 0.931591
0 0.110067 0.693668 0.125942 0.693668 0.125942 0.702073 0.110067 0.702073
0 0.256421 0.843207 0.265538 0.843207 0.265538 0.859685 0.256421 0.859685
0 0.104300 0.479076 0.117367 0.479076 0.117367 0.504541 0.104300 0.504541
0 0.219491 0.762110 0.234999 0.762110 0.234999 0.770243 0.219491 0.770243
0 0.209094 0.779625 0.224703 0.779625 0.224703 0.788125 0.209094 0.788125
0 0.077524 0.547090 0.093557 0.547090 0.093557 0.555882 0.077524 0.555882
0 0.261359 0.612375 0.271155 0.612375 0.271155 0.629370 0.261359 0.629370
0 0.755441 0.188950 0.797912 0.188950 0.797912 0.241928 0.755441 0.241928
0 0.539294 0.363224 0.555245 0.363224 0.555245 0.371576 0.539294 0.371576
0 0.670080 0.382509 0.685994 0.382509 0.685994 0.390562 0.670080 0.390562
0 0.485954 0.390874 0.494081 0.390874 0.494081 0.406805 0.485954 0.406805
0 0.637199 0.350405 0.644932 0.350405 0.644932 0.365963 0.637199 0.365963
0 0.823246 0.110081 0.849025 0.110081 0.849025 0.124071 0.823246 0.124071
0 0.853830 0.186544 0.862024 0.186544 0.862024 0.202197 0.853830 0.202197
0 0.853933 0.227564 0.861833 0.227564 0.861833 0.243289 0.853933 0.243289
0 0.735187 0.149121 0.743239 0.149121 0.743239 0.165087 0.735187 0.165087
0 0.838734 0.011979 0.852140 0.011979 0.852140 0.037598 0.838734 0.037598
0 0.513035 0.398435 0.528894 0.398435 0.528894 0.406426 0.513035 0.406426
0 0.734634 0.193376 0.744067 0.193376 0.744067 0.209927 0.734634 0.209927
0 0.679559 0.355171 0.696649 0.355171 0.696649 0.364210 0.679559 0.364210
0 0.785622 0.058245 0.793742 0.058245 0.793742 0.074240 0.785622 0.074240
0 0.703205 0.320239 0.718759 0.320239 0.718759 0.328437 0.703205 0.328437
0 0.512898 0.375670 0.528880 0.375670 0.528880 0.384095 0.512898 0.384095
0 0.545359 0.382595 0.561484 0.382595 0.561484 0.390664 0.545359 0.390664
0 0.541350 0.404742 0.549463 0.404742 0.549463 0.420616 0.541350 0.420616
0 0.819855 0.062181 0.828896 0.062181 0.828896 0.079362 0.819855 0.079362
0 0.807041 0.140921 0.822790 0.140921 0.822790 0.149391 0.807041 0.149391
0 0.680314 0.338179 0.696149 0.338179 0.696149 0.346499 0.680314 0.346499
0 0.642595 0.404414 0.658743 0.404414 0.658743 0.413656 0.642595 0.413656
0 0.698968 0.303540 0.714580 0.303540 0.714580 0.311892 0.698968 0.311892
0 0.802791 0.057319 0.811924 0.057319 0.811924 0.074636 0.802791 0.074636
0 0.766243 0.058044 0.774435 0.058044 0.774435 0.073944 0.766243 0.073944
0 0.639124 0.425712 0.656138 0.425712 0.656138 0.434687 0.639124 0.434687
0 0.563573 0.555114 0.580635 0.555114 0.580635 0.564384 0.563573 0.564384
0 0.749332 0.813142 0.757486 0.813142 0.757486 0.828921 0.749332 0.828921
0 0.829291 0.865194 0.838902 0.865194 0.838902 0.882030 0.829291 0.882030
0 0.749930 0.867473 0.757850 0.867473 0.757850 0.883253 0.749930 0.883253
0 0.524730 0.557381 0.541218 0.557381 0.541218 0.565819 0.524730 0.565819
0 0.684995 0.811036 0.736225 0.811036 0.736225 0.891946 0.684995 0.891946
1 0.044204 0.151659 0.054154 0.151659 0.054154 0.177435 0.044204 0.177435
1 0.087928 0.152126 0.096839 0.152126 0.096839 0.176076 0.087928 0.176076
1 0.055372 0.199451 0.070384 0.199451 0.070384 0.203518 0.055372 0.203518
1 0.055356 0.229251 0.070401 0.229251 0.070401 0.233856 0.055356 0.233856
1 0.190964 0.046773 0.194761 0.046773 0.194761 0.062611 0.190964 0.062611
1 0.220997 0.023470 0.225318 0.023470 0.225318 0.039308 0.220997 0.039308
1 0.116121 0.008402 0.131854 0.008402 0.131854 0.012302 0.116121 0.012302
1 0.191093 0.023740 0.195003 0.023740 0.195003 0.039785 0.191093 0.039785
1 0.085824 0.240003 0.101007 0.240003 0.101007 0.244084 0.085824 0.244084
1 0.133052 0.099330 0.148446 0.099330 0.148446 0.103252 0.133052 0.103252
1 0.175523 0.038919 0.178646 0.038919 0.178646 0.055458 0.175523 0.055458
1 0.220438 0.045976 0.225029 0.045976 0.225029 0.062286 0.220438 0.062286
1 0.144401 0.039025 0.147887 0.039025 0.147887 0.055311 0.144401 0.055311
1 0.221836 0.087336 0.225789 0.087336 0.225789 0.095876 0.221836 0.095876
1 0.155354 0.139020 0.158505 0.139020 0.158505 0.154072 0.155354 0.154072
1 0.200230 0.179249 0.216147 0.179249 0.216147 0.183462 0.200230 0.183462
1 0.138561 0.061551 0.142700 0.061551 0.142700 0.078104 0.138561 0.078104
1 0.222016 0.070373 0.225630 0.070373 0.225630 0.079022 0.222016 0.079022
1 0.035027 0.123401 0.039344 0.123401 0.039344 0.139602 0.035027 0.139602
1 0.222552 0.150560 0.226481 0.150560 0.226481 0.159109 0.222552 0.159109
1 0.250019 0.179358 0.253711 0.179358 0.253711 0.187872 0.250019 0.187872
1 0.255888 0.152793 0.259640 0.152793 0.259640 0.160726 0.255888 0.160726
1 0.229996 0.179789 0.234072 0.179789 0.234072 0.188161 0.229996 0.188161
1 0.202078 0.087316 0.206050 0.087316 0.206050 0.095710 0.202078 0.095710
1 0.245837 0.042170 0.261864 0.042170 0.261864 0.046140 0.245837 0.046140
1 0.246304 0.011376 0.262087 0.011376 0.262087 0.016098 0.246304 0.016098
1 0.116274 0.038319 0.132071 0.038319 0.132071 0.042588 0.116274 0.042588
1 0.064570 0.123792 0.068368 0.123792 0.068368 0.139647 0.064570 0.139647
1 0.203160 0.150801 0.206701 0.150801 0.206701 0.159215 0.203160 0.159215
1 0.133128 0.129079 0.149320 0.129079 0.149320 0.133556 0.133128 0.133556
1 0.229658 0.229073 0.233252 0.229073 0.233252 0.236861 0.229658 0.236861
1 0.227575 0.251763 0.243776 0.251763 0.243776 0.255887 0.227575 0.255887
1 0.202295 0.070211 0.205804 0.070211 0.205804 0.079503 0.202295 0.079503
1 0.186058 0.138969 0.189176 0.138969 0.189176 0.154484 0.186058 0.154484
1 0.170309 0.061183 0.173807 0.061183 0.173807 0.077499 0.170309 0.077499
1 0.199585 0.210931 0.216167 0.210931 0.216167 0.214661 0.199585 0.214661
1 0.122986 0.371010 0.147592 0.371010 0.147592 0.379789 0.122986 0.379789
1 0.164146 0.415907 0.168850 0.415907 0.168850 0.432652 0.164146 0.432652
1 0.224454 0.388084 0.227634 0.388084 0.227634 0.404996 0.224454 0.404996
1 0.122891 0.413987 0.146805 0.413987 0.146805 0.422579 0.122891 0.422579
1 0.106280 0.351990 0.110631 0.351990 0.110631 0.367938 0.106280 0.367938
1 0.102811 0.324054 0.107353 0.324054 0.107353 0.340774 0.102811 0.340774
1 0.076304 0.351404 0.080688 0.351404 0.080688 0.368411 0.076304 0.368411
1 0.192985 0.388070 0.196747 0.388070 0.196747 0.404376 0.192985 0.404376
1 0.103351 0.475166 0.119249 0.475166 0.119249 0.478974 0.103351 0.478974
1 0.140286 0.319419 0.144555 0.319419 0.144555 0.336565 0.140286 0.336565
1 0.184011 0.386002 0.187373 0.386002 0.187373 0.402351 0.184011 0.402351
1 0.204436 0.417485 0.208252 0.417485 0.208252 0.433365 0.204436 0.433365
1 0.154843 0.344804 0.172001 0.344804 0.172001 0.348844 0.154843 0.348844
1 0.170279 0.319705 0.175027 0.319705 0.175027 0.336702 0.170279 0.336702
1 0.142801 0.271052 0.147217 0.271052 0.147217 0.287928 0.142801 0.287928
1 0.152672 0.385474 0.156238 0.385474 0.156238 0.402100 0.152672 0.402100
1 0.073232 0.324355 0.077122 0.324355 0.077122 0.340783 0.073232 0.340783
1 0.085844 0.271406 0.100888 0.271406 0.100888 0.274752 0.085844 0.274752
1 0.154870 0.375042 0.171957 0.375042 0.171957 0.379727 0.154870 0.379727
1 0.227964 0.280745 0.243513 0.280745 0.243513 0.285395 0.227964 0.285395
1 0.112092 0.271169 0.116314 0.271169 0.116314 0.288165 0.112092 0.288165
1 0.194618 0.416056 0.198880 0.416056 0.198880 0.431932 0.194618 0.431932
1 0.235714 0.417560 0.238985 0.417560 0.238985 0.433655 0.235714 0.433655
1 0.223510 0.496876 0.231853 0.496876 0.231853 0.521654 0.223510 0.521654
1 0.042491 0.674497 0.051188 0.674497 0.051188 0.698347 0.042491 0.698347
1 0.042530 0.708471 0.051364 0.708471 0.051364 0.732798 0.042530 0.732798
1 0.000090 0.673437 0.008494 0.673437 0.008494 0.699743 0.000090 0.699743
1 0.006247 0.515556 0.011063 0.515556 0.011063 0.531948 0.006247 0.531948
1 0.000020 0.707317 0.008456 0.707317 0.008456 0.734152 0.000020 0.734152
1 0.036761 0.516035 0.040948 0.516035 0.040948 0.531828 0.036761 0.531828
1 0.033457 0.644358 0.037522 0.644358 0.037522 0.660001 0.033457 0.660001
1 0.103213 0.504716 0.119151 0.504716 0.119151 0.508827 0.103213 0.508827
1 0.106884 0.711018 0.110288 0.711018 0.110288 0.719329 0.106884 0.719329
1 0.126085 0.693836 0.129082 0.693836 0.129082 0.702029 0.126085 0.702029
1 0.126087 0.711135 0.128948 0.711135 0.128948 0.719036 0.126087 0.719036
1 0.106678 0.693722 0.110050 0.693722 0.110050 0.701891 0.106678 0.701891
1 0.004074 0.644039 0.007663 0.644039 0.007663 0.660809 0.004074 0.660809
1 0.073865 0.547009 0.077432 0.547009 0.077432 0.556134 0.073865 0.556134
1 0.079459 0.517434 0.082182 0.517434 0.082182 0.533984 0.079459 0.533984
1 0.088231 0.710708 0.092226 0.710708 0.092226 0.726721 0.088231 0.726721
1 0.058457 0.710549 0.060968 0.710549 0.060968 0.727091 0.058457 0.727091
1 0.093735 0.547054 0.097504 0.547054 0.097504 0.556386 0.093735 0.556386
1 0.048374 0.517378 0.051684 0.517378 0.051684 0.534092 0.048374 0.534092
1 0.096121 0.807762 0.112481 0.807762 0.112481 0.811605 0.096121 0.811605
1 0.096215 0.777996 0.113024 0.777996 0.113024 0.781783 0.096215 0.781783
1 0.216501 0.801514 0.219837 0.801514 0.219837 0.809895 0.216501 0.809895
1 0.224848 0.779835 0.227576 0.779835 0.227576 0.788072 0.224848 0.788072
1 0.124832 0.890449 0.128468 0.890449 0.128468 0.898927 0.124832 0.898927
1 0.193148 0.912452 0.201213 0.912452 0.201213 0.915779 0.193148 0.915779
1 0.216600 0.762247 0.219504 0.762247 0.219504 0.770330 0.216600 0.770330
1 0.175482 0.910908 0.183743 0.910908 0.183743 0.913722 0.175482 0.913722
1 0.193166 0.931681 0.201139 0.931681 0.201139 0.934612 0.193166 0.934612
1 0.206288 0.779633 0.209234 0.779633 0.209234 0.787985 0.206288 0.787985
1 0.105472 0.890269 0.108806 0.890269 0.108806 0.898918 0.105472 0.898918
1 0.175683 0.892213 0.183701 0.892213 0.183701 0.895050 0.175683 0.895050
1 0.235170 0.762233 0.238080 0.762233 0.238080 0.770618 0.235170 0.770618
1 0.235350 0.801560 0.238302 0.801560 0.238302 0.810125 0.235350 0.810125
1 0.005746 0.997523 0.012199 0.997523 0.012199 0.999964 0.005746 0.999964
1 0.282631 0.117848 0.298973 0.117848 0.298973 0.121581 0.282631 0.121581
1 0.271480 0.235809 0.275468 0.235809 0.275468 0.243406 0.271480 0.243406
1 0.290821 0.235435 0.294717 0.235435 0.294717 0.243377 0.290821 0.243377
1 0.300662 0.219002 0.304554 0.219002 0.304554 0.227633 0.300662 0.227633
1 0.275592 0.152848 0.279474 0.152848 0.279474 0.160640 0.275592 0.160640
1 0.283238 0.207749 0.291643 0.207749 0.291643 0.212118 0.283238 0.212118
1 0.280527 0.218475 0.284329 0.218475 0.284329 0.227670 0.280527 0.227670
1 0.283665 0.188320 0.291591 0.188320 0.291591 0.192197 0.283665 0.192197
1 0.282305 0.168918 0.286179 0.168918 0.286179 0.177071 0.282305 0.177071
1 0.262683 0.169208 0.266290 0.169208 0.266290 0.176899 0.262683 0.176899
1 0.249294 0.229056 0.253050 0.229056 0.253050 0.236569 0.249294 0.236569
1 0.282347 0.088008 0.298905 0.088008 0.298905 0.092054 0.282347 0.092054
1 0.366565 0.359183 0.392059 0.359183 0.392059 0.368945 0.366565 0.368945
1 0.367113 0.401242 0.392056 0.401242 0.392056 0.411128 0.367113 0.411128
1 0.325576 0.486881 0.335620 0.486881 0.335620 0.513364 0.325576 0.513364
1 0.269967 0.324976 0.274019 0.324976 0.274019 0.332976 0.269967 0.332976
1 0.311628 0.305415 0.315489 0.305415 0.315489 0.313196 0.311628 0.313196
1 0.409208 0.396328 0.413398 0.396328 0.413398 0.404797 0.409208 0.404797
1 0.348956 0.363540 0.357791 0.363540 0.357791 0.367136 0.348956 0.367136
1 0.440161 0.366148 0.448313 0.366148 0.448313 0.369930 0.440161 0.369930
1 0.486031 0.365720 0.494064 0.365720 0.494064 0.369096 0.486031 0.369096
1 0.331136 0.347704 0.335110 0.347704 0.335110 0.355891 0.331136 0.355891
1 0.289417 0.325054 0.293235 0.325054 0.293235 0.332850 0.289417 0.332850
1 0.331217 0.304955 0.334795 0.304955 0.334795 0.312996 0.331217 0.312996
1 0.249053 0.415409 0.252340 0.415409 0.252340 0.432021 0.249053 0.432021
1 0.440106 0.406817 0.448142 0.406817 0.448142 0.410605 0.440106 0.410605
1 0.463629 0.346522 0.471416 0.346522 0.471416 0.350432 0.463629 0.350432
1 0.421766 0.360622 0.425897 0.360622 0.425897 0.368364 0.421766 0.368364
1 0.279836 0.415770 0.282924 0.415770 0.282924 0.432050 0.279836 0.432050
1 0.289512 0.302428 0.293170 0.302428 0.293170 0.310297 0.289512 0.310297
1 0.331612 0.324137 0.335315 0.324137 0.335315 0.331604 0.331612 0.331604
1 0.402164 0.360662 0.406341 0.360662 0.406341 0.368588 0.402164 0.368588
1 0.485952 0.347310 0.494170 0.347310 0.494170 0.350181 0.485952 0.350181
1 0.270276 0.302308 0.274073 0.302308 0.274073 0.310208 0.270276 0.310208
1 0.270061 0.349106 0.273877 0.349106 0.273877 0.356952 0.270061 0.356952
1 0.311549 0.347714 0.315492 0.347714 0.315492 0.355651 0.311549 0.355651
1 0.270740 0.275033 0.274809 0.275033 0.274809 0.283215 0.270740 0.283215
1 0.290338 0.275300 0.293967 0.275300 0.293967 0.283156 0.290338 0.283156
1 0.485951 0.387326 0.494129 0.387326 0.494129 0.390653 0.485951 0.390653
1 0.440201 0.346991 0.448378 0.346991 0.448378 0.350168 0.440201 0.350168
1 0.485814 0.406782 0.493981 0.406782 0.493981 0.410106 0.485814 0.410106
1 0.311808 0.323844 0.315679 0.323844 0.315679 0.331819 0.311808 0.331819
1 0.463386 0.366248 0.471277 0.366248 0.471277 0.369737 0.463386 0.369737
1 0.463052 0.387360 0.470984 0.387360 0.470984 0.390879 0.463052 0.390879
1 0.439996 0.387203 0.448218 0.387203 0.448218 0.391032 0.439996 0.391032
1 0.428550 0.396420 0.432377 0.396420 0.432377 0.404455 0.428550 0.404455
1 0.349069 0.383547 0.357634 0.383547 0.357634 0.386672 0.349069 0.386672
1 0.462883 0.406825 0.471093 0.406825 0.471093 0.410603 0.462883 0.410603
1 0.289284 0.349159 0.292793 0.349159 0.292793 0.356607 0.289284 0.356607
1 0.283054 0.488640 0.291442 0.488640 0.291442 0.511854 0.283054 0.511854
1 0.266985 0.497010 0.274937 0.497010 0.274937 0.520683 0.266985 0.520683
1 0.256317 0.839221 0.265616 0.839221 0.265616 0.843174 0.256317 0.843174
1 0.256487 0.859617 0.265421 0.859617 0.265421 0.863050 0.256487 0.863050
1 0.256077 0.878871 0.265271 0.878871 0.265271 0.882569 0.256077 0.882569
1 0.255936 0.899882 0.265616 0.899882 0.265616 0.903898 0.255936 0.903898
1 0.735187 0.165111 0.742977 0.165111 0.742977 0.168315 0.735187 0.168315
1 0.735150 0.189493 0.743758 0.189493 0.743758 0.193309 0.735150 0.193309
1 0.734910 0.209642 0.743828 0.209642 0.743828 0.213505 0.734910 0.213505
1 0.735357 0.145420 0.743242 0.145420 0.743242 0.149117 0.735357 0.149117
1 0.528795 0.375901 0.532976 0.375901 0.532976 0.383964 0.528795 0.383964
1 0.676706 0.338477 0.680359 0.338477 0.680359 0.346316 0.676706 0.346316
1 0.509124 0.375725 0.513045 0.375725 0.513045 0.383707 0.509124 0.383707
1 0.541550 0.382969 0.545376 0.382969 0.545376 0.390717 0.541550 0.390717
1 0.675650 0.355386 0.679680 0.355386 0.679680 0.363698 0.675650 0.363698
1 0.696249 0.338217 0.699637 0.338217 0.699637 0.346148 0.696249 0.346148
1 0.535442 0.363322 0.539336 0.363322 0.539336 0.371108 0.535442 0.371108
1 0.696674 0.355341 0.700360 0.355341 0.700360 0.363860 0.696674 0.363860
1 0.638684 0.404913 0.642545 0.404913 0.642545 0.413179 0.638684 0.413179
1 0.694947 0.303336 0.698858 0.303336 0.698858 0.311347 0.694947 0.311347
1 0.665936 0.382636 0.669955 0.382636 0.669955 0.390575 0.665936 0.390575
1 0.555141 0.363275 0.559372 0.363275 0.559372 0.371114 0.555141 0.371114
1 0.714414 0.303286 0.718587 0.303286 0.718587 0.311586 0.714414 0.311586
1 0.637241 0.366105 0.644844 0.366105 0.644844 0.369695 0.637241 0.369695
1 0.699482 0.320350 0.703305 0.320350 0.703305 0.328139 0.699482 0.328139
1 0.718776 0.319967 0.722282 0.319967 0.722282 0.328033 0.718776 0.328033
1 0.637235 0.346624 0.645321 0.346624 0.645321 0.350291 0.637235 0.350291
1 0.509666 0.398385 0.513008 0.398385 0.513008 0.406543 0.509666 0.406543
1 0.541272 0.420742 0.549381 0.420742 0.549381 0.424094 0.541272 0.424094
1 0.658890 0.404915 0.662610 0.404915 0.662610 0.413158 0.658890 0.413158
1 0.541034 0.401166 0.549065 0.401166 0.549065 0.404739 0.541034 0.404739
1 0.561482 0.382361 0.565156 0.382361 0.565156 0.390491 0.561482 0.390491
1 0.528844 0.397938 0.532389 0.397938 0.532389 0.406241 0.528844 0.406241
1 0.685934 0.382354 0.689448 0.382354 0.689448 0.390430 0.685934 0.390430
1 0.635353 0.425873 0.638928 0.425873 0.638928 0.434510 0.635353 0.434510
1 0.655987 0.426118 0.659314 0.426118 0.659314 0.434555 0.655987 0.434555
1 0.560586 0.555063 0.563334 0.555063 0.563334 0.564467 0.560586 0.564467
1 0.521201 0.556487 0.524592 0.556487 0.524592 0.566199 0.521201 0.566199
1 0.541343 0.557180 0.544203 0.557180 0.544203 0.565831 0.541343 0.565831
1 0.580638 0.555265 0.583585 0.555265 0.583585 0.564272 0.580638 0.564272
1 0.688918 0.892653 0.729732 0.892653 0.729732 0.905024 0.688918 0.905024
1 0.689267 0.798639 0.729913 0.798639 0.729913 0.809196 0.689267 0.809196
1 0.766974 0.181922 0.784964 0.181922 0.784964 0.188632 0.766974 0.188632
1 0.767165 0.242558 0.784864 0.242558 0.784864 0.250316 0.767165 0.250316
1 0.837118 0.007611 0.853287 0.007611 0.853287 0.011770 0.837118 0.011770
1 0.849202 0.108694 0.853380 0.108694 0.853380 0.124742 0.849202 0.124742
1 0.819710 0.109217 0.823261 0.109217 0.823261 0.124897 0.819710 0.124897
1 0.837577 0.037614 0.852908 0.037614 0.852908 0.041691 0.837577 0.041691
1 0.853875 0.243401 0.862047 0.243401 0.862047 0.247564 0.853875 0.247564
1 0.785574 0.054273 0.793517 0.054273 0.793517 0.058044 0.785574 0.058044
1 0.853864 0.223247 0.861799 0.223247 0.861799 0.227492 0.853864 0.227492
1 0.766409 0.053951 0.774468 0.053951 0.774468 0.057882 0.766409 0.057882
1 0.785662 0.074281 0.793660 0.074281 0.793660 0.077462 0.785662 0.077462
1 0.823179 0.140899 0.826632 0.140899 0.826632 0.149115 0.823179 0.149115
1 0.853729 0.202205 0.862022 0.202205 0.862022 0.206065 0.853729 0.206065
1 0.853819 0.182314 0.862050 0.182314 0.862050 0.186371 0.853819 0.186371
1 0.804200 0.140754 0.807091 0.140754 0.807091 0.148949 0.804200 0.148949
1 0.819870 0.058526 0.828747 0.058526 0.828747 0.061966 0.819870 0.061966
1 0.819794 0.079283 0.828946 0.079283 0.828946 0.082363 0.819794 0.082363
1 0.766307 0.073971 0.774457 0.073971 0.774457 0.077527 0.766307 0.077527
1 0.803028 0.074443 0.812090 0.074443 0.812090 0.077728 0.803028 0.077728
1 0.802776 0.053831 0.811350 0.053831 0.811350 0.057214 0.802776 0.057214
1 0.829306 0.860762 0.838251 0.860762 0.838251 0.865263 0.829306 0.865263
1 0.748988 0.828748 0.757767 0.828748 0.757767 0.832256 0.748988 0.832256
1 0.829262 0.881199 0.838180 0.881199 0.838180 0.884665 0.829262 0.884665
1 0.749765 0.864037 0.757863 0.864037 0.757863 0.867495 0.749765 0.867495
1 0.749815 0.883476 0.757860 0.883476 0.757860 0.887220 0.749815 0.887220
1 0.749381 0.810006 0.757470 0.810006 0.757470 0.813090 0.749381 0.813090
1 0.261335 0.608756 0.270738 0.608756 0.270738 0.611998 0.261335 0.611998
1 0.261660 0.629669 0.271062 0.629669 0.271062 0.632911 0.261660 0.632911
0 0.277268 0.603969 0.637673 0.603969 0.637673 0.963025 0.277268 0.963025
1 0.444188 0.973361 0.498594 0.973361 0.498594 0.984679 0.444188 0.984679
1 0.173469 0.977246 0.204001 0.977246 0.204001 0.986166 0.173469 0.986166
1 0.173012 0.963524 0.203544 0.963524 0.203544 0.972444 0.173012 0.972444
1 0.173583 0.949802 0.204115 0.949802 0.204115 0.958721 0.173583 0.958721
1 0.159404 0.916411 0.170039 0.916411 0.170039 0.944770 0.159404 0.944770
1 0.146139 0.914239 0.156659 0.914239 0.156659 0.944999 0.146139 0.944999
1 0.132074 0.914353 0.142594 0.914353 0.142594 0.945114 0.132074 0.945114
1 0.118695 0.913667 0.129215 0.913667 0.129215 0.944427 0.118695 0.944427
1 0.104972 0.914239 0.115493 0.914239 0.115493 0.944999 0.104972 0.944999
1 0.090793 0.914582 0.101313 0.914582 0.101313 0.945342 0.090793 0.945342
1 0.077185 0.914239 0.087705 0.914239 0.087705 0.944999 0.077185 0.944999
1 0.063463 0.914353 0.073983 0.914353 0.073983 0.945114 0.063463 0.945114
1 0.030530 0.949459 0.059918 0.949459 0.059918 0.959179 0.030530 0.959179
1 0.030644 0.963295 0.060032 0.963295 0.060032 0.973015 0.030644 0.973015
1 0.031330 0.977132 0.060718 0.977132 0.060718 0.986852 0.031330 0.986852
1 0.139392 0.025041 0.157002 0.025041 0.157002 0.028700 0.139392 0.028700
1 0.317683 0.006597 0.347239 0.006597 0.347239 0.013609 0.317683 0.013609
1 0.317567 0.015174 0.347123 0.015174 0.347123 0.022186 0.317567 0.022186
1 0.317336 0.032560 0.346891 0.032560 0.346891 0.039572 0.317336 0.039572
1 0.317451 0.023925 0.347007 0.023925 0.347007 0.030937 0.317451 0.030937
1 0.317741 0.066346 0.347297 0.066346 0.347297 0.073358 0.317741 0.073358
1 0.317509 0.057885 0.347065 0.057885 0.347065 0.064897 0.317509 0.064897
1 0.317625 0.049250 0.347181 0.049250 0.347181 0.056262 0.317625 0.056262
1 0.317683 0.041021 0.347239 0.041021 0.347239 0.048033 0.317683 0.048033
1 0.317915 0.075096 0.347471 0.075096 0.347471 0.082109 0.317915 0.082109
1 0.318205 0.083442 0.347760 0.083442 0.347760 0.090454 0.318205 0.090454
1 0.317799 0.100827 0.347355 0.100827 0.347355 0.107839 0.317799 0.107839
1 0.317915 0.092134 0.347471 0.092134 0.347471 0.099146 0.317915 0.099146
1 0.317973 0.134903 0.347528 0.134903 0.347528 0.141915 0.317973 0.141915
1 0.317857 0.126500 0.347413 0.126500 0.347413 0.133512 0.317857 0.133512
1 0.317973 0.118039 0.347528 0.118039 0.347528 0.125051 0.317973 0.125051
1 0.318263 0.109752 0.347818 0.109752 0.347818 0.116764 0.318263 0.116764
1 0.317683 0.142958 0.347239 0.142958 0.347239 0.149970 0.317683 0.149970
1 0.318147 0.151883 0.347702 0.151883 0.347702 0.158895 0.318147 0.158895
1 0.317857 0.160228 0.347413 0.160228 0.347413 0.167240 0.317857 0.167240
1 0.317741 0.168689 0.347297 0.168689 0.347297 0.175701 0.317741 0.175701
1 0.317741 0.177555 0.347297 0.177555 0.347297 0.184568 0.317741 0.184568
1 0.318089 0.185785 0.347644 0.185785 0.347644 0.192797 0.318089 0.192797
1 0.317973 0.194246 0.347528 0.194246 0.347528 0.201258 0.317973 0.201258
1 0.318205 0.203112 0.347760 0.203112 0.347760 0.210124 0.318205 0.210124
1 0.317683 0.211747 0.347239 0.211747 0.347239 0.218759 0.317683 0.218759
1 0.318031 0.219976 0.347586 0.219976 0.347586 0.226988 0.318031 0.226988
1 0.317915 0.228437 0.347471 0.228437 0.347471 0.235449 0.317915 0.235449
1 0.318147 0.237304 0.347702 0.237304 0.347702 0.244316 0.318147 0.244316
1 0.317857 0.245997 0.347413 0.245997 0.347413 0.253009 0.317857 0.253009
1 0.317741 0.254458 0.347297 0.254458 0.347297 0.261470 0.317741 0.261470
1 0.317973 0.263324 0.347528 0.263324 0.347528 0.270336 0.317973 0.270336
1 0.317741 0.271669 0.347297 0.271669 0.347297 0.278682 0.317741 0.278682
1 0.317973 0.280536 0.347528 0.280536 0.347528 0.287548 0.317973 0.287548
1 0.364045 0.303485 0.371173 0.303485 0.371173 0.334200 0.364045 0.334200
1 0.373027 0.303543 0.380155 0.303543 0.380155 0.334257 0.373027 0.334257
1 0.389891 0.303717 0.397019 0.303717 0.397019 0.334431 0.389891 0.334431
1 0.381372 0.303601 0.388500 0.303601 0.388500 0.334315 0.381372 0.334315
1 0.407335 0.304007 0.414463 0.304007 0.414463 0.334721 0.407335 0.334721
1 0.398816 0.303891 0.405944 0.303891 0.405944 0.334605 0.398816 0.334605
1 0.415564 0.303775 0.422692 0.303775 0.422692 0.334489 0.415564 0.334489
1 0.424489 0.303949 0.431617 0.303949 0.431617 0.334663 0.424489 0.334663
1 0.433008 0.304065 0.440136 0.304065 0.440136 0.334779 0.433008 0.334779
1 0.467083 0.303659 0.474211 0.303659 0.474211 0.334373 0.467083 0.334373
1 0.458564 0.303543 0.465692 0.303543 0.465692 0.334257 0.458564 0.334257
1 0.449640 0.303369 0.456768 0.303369 0.456768 0.334084 0.449640 0.334084
1 0.441411 0.303601 0.448539 0.303601 0.448539 0.334315 0.441411 0.334315
1 0.475660 0.303624 0.482788 0.303624 0.482788 0.334338 0.475660 0.334338
1 0.492408 0.303508 0.499536 0.303508 0.499536 0.334222 0.492408 0.334222
1 0.501333 0.303682 0.508461 0.303682 0.508461 0.334396 0.501333 0.334396
1 0.509852 0.303798 0.516980 0.303798 0.516980 0.334512 0.509852 0.334512
1 0.543928 0.303392 0.551056 0.303392 0.551056 0.334107 0.543928 0.334107
1 0.535409 0.303276 0.542537 0.303276 0.542537 0.333991 0.535409 0.333991
1 0.526484 0.303102 0.533612 0.303102 0.533612 0.333817 0.526484 0.333817
1 0.518255 0.303334 0.525383 0.303334 0.525383 0.334049 0.518255 0.334049
1 0.484179 0.303740 0.491307 0.303740 0.491307 0.334454 0.484179 0.334454
1 0.552408 0.303156 0.559536 0.303156 0.559536 0.333871 0.552408 0.333871
1 0.560637 0.302924 0.567765 0.302924 0.567765 0.333639 0.560637 0.333639
1 0.569562 0.303098 0.576690 0.303098 0.576690 0.333813 0.569562 0.333813
1 0.578081 0.303214 0.585209 0.303214 0.585209 0.333929 0.578081 0.333929
1 0.637848 0.303392 0.644976 0.303392 0.644976 0.334107 0.637848 0.334107
1 0.629329 0.303276 0.636457 0.303276 0.636457 0.333991 0.629329 0.333991
1 0.620405 0.303102 0.627533 0.303102 0.627533 0.333817 0.620405 0.333817
1 0.612176 0.303334 0.619304 0.303334 0.619304 0.334049 0.612176 0.334049
1 0.603695 0.303570 0.610823 0.303570 0.610823 0.334284 0.603695 0.334284
1 0.595176 0.303454 0.602304 0.303454 0.602304 0.334169 0.595176 0.334169
1 0.586252 0.303280 0.593380 0.303280 0.593380 0.333995 0.586252 0.333995
1 0.663997 0.303303 0.671125 0.303303 0.671125 0.334018 0.663997 0.334018
1 0.655478 0.303187 0.662606 0.303187 0.662606 0.333902 0.655478 0.333902
1 0.646553 0.303013 0.653681 0.303013 0.653681 0.333728 0.646553 0.333728
1 0.686418 0.005938 0.716747 0.005938 0.716747 0.013853 0.686418 0.013853
1 0.686241 0.014654 0.716569 0.014654 0.716569 0.022569 0.686241 0.022569
1 0.686152 0.031997 0.716569 0.031997 0.716569 0.039379 0.686152 0.039379
1 0.686330 0.023281 0.716747 0.023281 0.716747 0.030485 0.686330 0.030485
1 0.686241 0.040624 0.716658 0.040624 0.716658 0.047828 0.686241 0.047828
1 0.686152 0.048896 0.716569 0.048896 0.716569 0.056278 0.686152 0.056278
1 0.686507 0.057434 0.716925 0.057434 0.716925 0.064638 0.686507 0.064638
1 0.686507 0.065616 0.716925 0.065616 0.716925 0.072998 0.686507 0.072998
1 0.686330 0.074333 0.716747 0.074333 0.716747 0.081715 0.686330 0.081715
1 0.686685 0.082871 0.717103 0.082871 0.717103 0.090075 0.686685 0.090075
1 0.686685 0.091053 0.717103 0.091053 0.717103 0.098435 0.686685 0.098435
1 0.686241 0.099947 0.716658 0.099947 0.716658 0.107329 0.686241 0.107329
1 0.686063 0.108663 0.716480 0.108663 0.716480 0.116046 0.686063 0.116046
1 0.686418 0.117202 0.716836 0.117202 0.716836 0.124406 0.686418 0.124406
1 0.686320 0.125582 0.716737 0.125582 0.716737 0.132964 0.686320 0.132964
1 0.686142 0.134654 0.716559 0.134654 0.716559 0.142036 0.686142 0.142036
1 0.685964 0.143370 0.716381 0.143370 0.716381 0.150752 0.685964 0.150752
1 0.686320 0.151908 0.716737 0.151908 0.716737 0.159112 0.686320 0.159112
1 0.686320 0.160091 0.716737 0.160091 0.716737 0.167473 0.686320 0.167473
1 0.687012 0.168801 0.717429 0.168801 0.717429 0.176183 0.687012 0.176183
1 0.686834 0.177378 0.717252 0.177378 0.717252 0.184760 0.686834 0.184760
1 0.686953 0.185995 0.717370 0.185995 0.717370 0.193377 0.686953 0.193377
1 0.687111 0.194534 0.717528 0.194534 0.717528 0.201738 0.687111 0.201738
1 0.687111 0.202123 0.717528 0.202123 0.717528 0.209505 0.687111 0.209505
1 0.687131 0.210509 0.717548 0.210509 0.717548 0.217891 0.687131 0.217891
1 0.687250 0.219126 0.717667 0.219126 0.717667 0.226508 0.687250 0.226508
1 0.687407 0.227566 0.717825 0.227566 0.717825 0.234770 0.687407 0.234770
1 0.687309 0.236045 0.717726 0.236045 0.717726 0.243427 0.687309 0.243427
1 0.687012 0.245170 0.717429 0.245170 0.717429 0.252374 0.687012 0.252374
1 0.686913 0.253649 0.717331 0.253649 0.717331 0.261031 0.686913 0.261031
1 0.686715 0.261983 0.717133 0.261983 0.717133 0.269187 0.686715 0.269187
1 0.686715 0.270857 0.717133 0.270857 0.717133 0.278239 0.686715 0.278239
1 0.686616 0.279461 0.717034 0.279461 0.717034 0.286844 0.686616 0.286844
