0 0.031077 0.126691 0.204317 0.126691 0.204317 0.300094 0.031077 0.300094
0 0.651102 0.124226 0.790485 0.124226 0.790485 0.265353 0.651102 0.265353
0 0.819016 0.835235 0.849900 0.835235 0.849900 0.854872 0.819016 0.854872
0 0.272024 0.513882 0.303899 0.513882 0.303899 0.534356 0.272024 0.534356
0 0.268021 0.258991 0.292661 0.258991 0.292661 0.271718 0.268021 0.271718
0 0.412786 0.658745 0.434799 0.658745 0.434799 0.692178 0.412786 0.692178
0 0.662638 0.296077 0.677372 0.296077 0.677372 0.323252 0.662638 0.323252
0 0.367260 0.808504 0.392597 0.808504 0.392597 0.821865 0.367260 0.821865
0 0.141007 0.693814 0.162460 0.693814 0.162460 0.727110 0.141007 0.727110
0 0.006984 0.705507 0.021373 0.705507 0.021373 0.731504 0.006984 0.731504
0 0.451711 0.743390 0.476968 0.743390 0.476968 0.756656 0.451711 0.756656
0 0.014732 0.756159 0.028117 0.756159 0.028117 0.781759 0.014732 0.781759
0 0.223131 0.691392 0.243847 0.691392 0.243847 0.724573 0.223131 0.724573
0 0.346939 0.479176 0.359628 0.479176 0.359628 0.504164 0.346939 0.504164
0 0.220197 0.631055 0.233496 0.631055 0.233496 0.656300 0.220197 0.656300
0 0.553014 0.110212 0.565427 0.110212 0.565427 0.134935 0.553014 0.134935
0 0.373846 0.858378 0.401075 0.858378 0.401075 0.872393 0.373846 0.872393
0 0.464423 0.781846 0.478630 0.781846 0.478630 0.807426 0.464423 0.807426
0 0.685582 0.669572 0.712816 0.669572 0.712816 0.683656 0.685582 0.683656
0 0.688536 0.296308 0.702518 0.296308 0.702518 0.323380 0.688536 0.323380
0 0.349655 0.722803 0.375627 0.722803 0.375627 0.736828 0.349655 0.736828
0 0.371888 0.213266 0.396679 0.213266 0.396679 0.225925 0.371888 0.225925
0 0.291196 0.631766 0.304162 0.631766 0.304162 0.657076 0.291196 0.657076
0 0.118742 0.747391 0.131888 0.747391 0.131888 0.772588 0.118742 0.772588
0 0.272574 0.709402 0.298011 0.709402 0.298011 0.722442 0.272574 0.722442
0 0.373342 0.830678 0.399007 0.830678 0.399007 0.844999 0.373342 0.844999
0 0.273301 0.408189 0.288983 0.408189 0.288983 0.416037 0.273301 0.416037
0 0.441667 0.897960 0.456266 0.897960 0.456266 0.923592 0.441667 0.923592
0 0.325436 0.631916 0.350701 0.631916 0.350701 0.645542 0.325436 0.645542
0 0.493709 0.824294 0.519724 0.824294 0.519724 0.838340 0.493709 0.838340
0 0.339425 0.658402 0.352574 0.658402 0.352574 0.683756 0.339425 0.683756
0 0.713659 0.693307 0.738992 0.693307 0.738992 0.706382 0.713659 0.706382
0 0.650413 0.939775 0.658315 0.939775 0.658315 0.955531 0.650413 0.955531
1 0.630578 0.181625 0.648451 0.181625 0.648451 0.206888 0.630578 0.206888
0 0.509886 0.292675 0.517860 0.292675 0.517860 0.308290 0.509886 0.308290
0 0.336780 0.525378 0.352384 0.525378 0.352384 0.533359 0.336780 0.533359
1 0.791113 0.181983 0.809270 0.181983 0.809270 0.206984 0.791113 0.206984
0 0.583593 0.851886 0.591647 0.851886 0.591647 0.867915 0.583593 0.867915
0 0.629735 0.340912 0.639293 0.340912 0.639293 0.357640 0.629735 0.357640
0 0.277545 0.458709 0.292724 0.458709 0.292724 0.466165 0.277545 0.466165
1 0.140033 0.685051 0.163472 0.685051 0.163472 0.693286 0.140033 0.693286
0 0.638865 0.977818 0.646723 0.977818 0.646723 0.993530 0.638865 0.993530
0 0.552220 0.357133 0.560101 0.357133 0.560101 0.372646 0.552220 0.372646
1 0.411435 0.650064 0.437121 0.650064 0.437121 0.658201 0.411435 0.658201
0 0.444808 0.514879 0.469562 0.514879 0.469562 0.527071 0.444808 0.527071
0 0.412398 0.289798 0.420379 0.289798 0.420379 0.305420 0.412398 0.305420
0 0.196537 0.476800 0.213346 0.476800 0.213346 0.486377 0.196537 0.486377
1 0.412445 0.692541 0.435781 0.692541 0.435781 0.700840 0.412445 0.700840
1 0.262004 0.513131 0.271725 0.513131 0.271725 0.537684 0.262004 0.537684
0 0.158977 0.399969 0.175898 0.399969 0.175898 0.409276 0.158977 0.409276
0 0.310798 0.958976 0.319125 0.958976 0.319125 0.974771 0.310798 0.974771
0 0.277581 0.477872 0.292938 0.477872 0.292938 0.485918 0.277581 0.485918
1 0.108337 0.108674 0.133348 0.108674 0.133348 0.125946 0.108337 0.125946
0 0.349814 0.759916 0.377109 0.759916 0.377109 0.773592 0.349814 0.773592
1 0.221380 0.725053 0.245106 0.725053 0.245106 0.733629 0.221380 0.733629
1 0.108116 0.301030 0.132695 0.301030 0.132695 0.319476 0.108116 0.319476
1 0.817718 0.819429 0.829809 0.819429 0.829809 0.834685 0.817718 0.834685
0 0.098578 0.428247 0.114022 0.428247 0.114022 0.436207 0.098578 0.436207
0 0.546089 0.191470 0.563130 0.191470 0.563130 0.200394 0.546089 0.200394
1 0.304140 0.513220 0.314061 0.513220 0.314061 0.537588 0.304140 0.537588
0 0.592986 0.283036 0.601724 0.283036 0.601724 0.300020 0.592986 0.300020
0 0.568736 0.356414 0.578320 0.356414 0.578320 0.372952 0.568736 0.372952
0 0.277062 0.442433 0.292474 0.442433 0.292474 0.450223 0.277062 0.450223
0 0.519597 0.228915 0.535016 0.228915 0.535016 0.236704 0.519597 0.236704
0 0.168383 0.491427 0.185230 0.491427 0.185230 0.501070 0.168383 0.501070
0 0.270616 0.390219 0.286111 0.390219 0.286111 0.398193 0.270616 0.398193
0 0.415381 0.811631 0.424698 0.811631 0.424698 0.828366 0.415381 0.828366
0 0.476771 0.671939 0.486017 0.671939 0.486017 0.688748 0.476771 0.688748
0 0.516445 0.475964 0.524323 0.475964 0.524323 0.491785 0.516445 0.491785
0 0.274251 0.424807 0.289750 0.424807 0.289750 0.432756 0.274251 0.432756
0 0.318830 0.277277 0.334451 0.277277 0.334451 0.285346 0.318830 0.285346
0 0.459851 0.675621 0.469238 0.675621 0.469238 0.692305 0.459851 0.692305
0 0.484205 0.859201 0.501101 0.859201 0.501101 0.867926 0.484205 0.867926
0 0.518335 0.863094 0.534136 0.863094 0.534136 0.871196 0.518335 0.871196
0 0.315106 0.475554 0.323137 0.475554 0.323137 0.491102 0.315106 0.491102
0 0.413569 0.843379 0.422832 0.843379 0.422832 0.860148 0.413569 0.860148
0 0.514767 0.429806 0.522680 0.429806 0.522680 0.445384 0.514767 0.445384
0 0.399152 0.422731 0.406998 0.422731 0.406998 0.438391 0.399152 0.438391
0 0.277038 0.496402 0.292517 0.496402 0.292517 0.504054 0.277038 0.504054
0 0.354700 0.956118 0.362505 0.956118 0.362505 0.972239 0.354700 0.972239
0 0.514134 0.367111 0.529501 0.367111 0.529501 0.375098 0.514134 0.375098
0 0.553358 0.873316 0.561182 0.873316 0.561182 0.889188 0.553358 0.889188
0 0.491567 0.795072 0.499525 0.795072 0.499525 0.810918 0.491567 0.810918
0 0.679002 0.366568 0.695343 0.366568 0.695343 0.376061 0.679002 0.376061
0 0.098556 0.445385 0.114199 0.445385 0.114199 0.453051 0.098556 0.453051
0 0.308370 0.342791 0.316236 0.342791 0.316236 0.358245 0.308370 0.358245
0 0.374814 0.467383 0.382734 0.467383 0.382734 0.482881 0.374814 0.482881
0 0.616577 0.243920 0.624389 0.243920 0.624389 0.259611 0.616577 0.259611
1 0.840695 0.820454 0.850347 0.820454 0.850347 0.835134 0.840695 0.835134
0 0.613209 0.341254 0.621251 0.341254 0.621251 0.356662 0.613209 0.356662
1 0.140014 0.727551 0.164239 0.727551 0.164239 0.737302 0.140014 0.737302
0 0.292633 0.348128 0.300456 0.348128 0.300456 0.363661 0.292633 0.363661
1 0.221864 0.682779 0.245053 0.682779 0.245053 0.690934 0.221864 0.690934
1 0.829520 0.854820 0.839495 0.854820 0.839495 0.866389 0.829520 0.866389
1 0.345990 0.474702 0.361313 0.474702 0.361313 0.479151 0.345990 0.479151
1 0.345914 0.504252 0.361627 0.504252 0.361627 0.508747 0.345914 0.508747
1 0.006326 0.700947 0.021637 0.700947 0.021637 0.705465 0.006326 0.705465
1 0.369459 0.857638 0.373696 0.857638 0.373696 0.873049 0.369459 0.873049
1 0.739095 0.691752 0.742761 0.691752 0.742761 0.707264 0.739095 0.707264
1 0.612986 0.356674 0.621398 0.356674 0.621398 0.360519 0.612986 0.360519
1 0.446973 0.741955 0.451582 0.741955 0.451582 0.757260 0.446973 0.757260
1 0.290085 0.627076 0.305377 0.627076 0.305377 0.631676 0.290085 0.631676
1 0.412351 0.305503 0.420633 0.305503 0.420633 0.309281 0.412351 0.309281
1 0.012989 0.781834 0.029046 0.781834 0.029046 0.785991 0.012989 0.785991
1 0.552103 0.372660 0.560368 0.372660 0.560368 0.376306 0.552103 0.376306
1 0.399100 0.830195 0.403275 0.830195 0.403275 0.845346 0.399100 0.845346
1 0.362953 0.806893 0.367273 0.806893 0.367273 0.822461 0.362953 0.822461
1 0.491343 0.791566 0.499771 0.791566 0.499771 0.795029 0.491343 0.795029
1 0.638767 0.974016 0.646795 0.974016 0.646795 0.977874 0.638767 0.977874
1 0.293011 0.477810 0.297003 0.477810 0.297003 0.485857 0.293011 0.485857
1 0.440291 0.513466 0.444806 0.513466 0.444806 0.527734 0.440291 0.527734
1 0.013475 0.752239 0.028931 0.752239 0.028931 0.756073 0.013475 0.756073
1 0.352347 0.525429 0.356013 0.525429 0.356013 0.533270 0.352347 0.533270
1 0.117890 0.743314 0.132805 0.743314 0.132805 0.747345 0.117890 0.747345
1 0.681748 0.668349 0.685488 0.668349 0.685488 0.683994 0.681748 0.683994
1 0.709031 0.691474 0.713597 0.691474 0.713597 0.707203 0.709031 0.707203
1 0.514436 0.445527 0.522856 0.445527 0.522856 0.449400 0.514436 0.449400
1 0.273685 0.458324 0.277591 0.458324 0.277591 0.466388 0.273685 0.466388
1 0.292489 0.442091 0.296021 0.442091 0.296021 0.450122 0.292489 0.450122
1 0.292519 0.363662 0.300298 0.363662 0.300298 0.367224 0.292519 0.367224
1 0.551815 0.106077 0.567530 0.106077 0.567530 0.110043 0.551815 0.110043
1 0.398885 0.438572 0.407069 0.438572 0.407069 0.442218 0.398885 0.442218
1 0.114127 0.427982 0.117701 0.427982 0.117701 0.436425 0.114127 0.436425
1 0.463815 0.777799 0.478916 0.777799 0.478916 0.781801 0.463815 0.781801
1 0.338497 0.683824 0.353912 0.683824 0.353912 0.687697 0.338497 0.687697
1 0.469569 0.513417 0.473441 0.513417 0.473441 0.528023 0.469569 0.528023
1 0.552111 0.135004 0.567621 0.135004 0.567621 0.139106 0.552111 0.139106
1 0.006565 0.731469 0.021588 0.731469 0.021588 0.734817 0.006565 0.734817
1 0.662520 0.291795 0.677972 0.291795 0.677972 0.295956 0.662520 0.295956
1 0.269913 0.407988 0.273363 0.407988 0.273363 0.415969 0.269913 0.415969
1 0.509649 0.308381 0.518023 0.308381 0.518023 0.311969 0.509649 0.311969
1 0.442784 0.828622 0.451840 0.828622 0.451840 0.832304 0.442784 0.832304
1 0.297956 0.707572 0.301812 0.707572 0.301812 0.722777 0.297956 0.722777
1 0.292636 0.496463 0.296497 0.496463 0.296497 0.504101 0.292636 0.504101
1 0.662192 0.323209 0.677923 0.323209 0.677923 0.327199 0.662192 0.327199
1 0.273341 0.496502 0.276952 0.496502 0.276952 0.503942 0.273341 0.503942
1 0.268207 0.708026 0.272494 0.708026 0.272494 0.722790 0.268207 0.722790
1 0.519784 0.823483 0.523482 0.823483 0.523482 0.838785 0.519784 0.838785
1 0.459937 0.692367 0.469188 0.692367 0.469188 0.695722 0.459937 0.695722
1 0.592975 0.299927 0.601889 0.299927 0.601889 0.303178 0.592975 0.303178
1 0.289960 0.656999 0.305110 0.656999 0.305110 0.660887 0.289960 0.660887
1 0.354552 0.972230 0.362636 0.972230 0.362636 0.975546 0.354552 0.975546
1 0.375686 0.722021 0.379461 0.722021 0.379461 0.737463 0.375686 0.737463
1 0.583549 0.847862 0.591567 0.847862 0.591567 0.851814 0.583549 0.851814
1 0.274076 0.477792 0.277517 0.477792 0.277517 0.485737 0.274076 0.485737
1 0.553305 0.889177 0.561653 0.889177 0.561653 0.892947 0.553305 0.892947
1 0.292819 0.458586 0.296490 0.458586 0.296490 0.466418 0.292819 0.466418
1 0.333229 0.525214 0.336729 0.525214 0.336729 0.533414 0.333229 0.533414
1 0.398943 0.418775 0.407121 0.418775 0.407121 0.422808 0.398943 0.422808
1 0.273639 0.442210 0.276994 0.442210 0.276994 0.450200 0.273639 0.450200
1 0.320992 0.630563 0.325512 0.630563 0.325512 0.646279 0.320992 0.646279
1 0.713019 0.668987 0.716557 0.668987 0.716557 0.684226 0.713019 0.684226
1 0.413813 0.860150 0.423106 0.860150 0.423106 0.863581 0.413813 0.863581
1 0.542386 0.191617 0.546009 0.191617 0.546009 0.200243 0.542386 0.200243
1 0.314940 0.472187 0.323281 0.472187 0.323281 0.475487 0.314940 0.475487
1 0.491206 0.810972 0.500169 0.810972 0.500169 0.815135 0.491206 0.815135
1 0.392653 0.807319 0.396681 0.807319 0.396681 0.822897 0.392653 0.822897
1 0.308207 0.338985 0.316345 0.338985 0.316345 0.342722 0.308207 0.342722
1 0.286135 0.390391 0.289878 0.390391 0.289878 0.398180 0.286135 0.398180
1 0.695212 0.366865 0.698684 0.366865 0.698684 0.375570 0.695212 0.375570
1 0.270417 0.424645 0.274186 0.424645 0.274186 0.432705 0.270417 0.432705
1 0.289730 0.424774 0.293090 0.424774 0.293090 0.432764 0.289730 0.432764
1 0.551777 0.353378 0.560502 0.353378 0.560502 0.357125 0.551777 0.357125
1 0.583559 0.867979 0.591679 0.867979 0.591679 0.871105 0.583559 0.871105
1 0.629963 0.337241 0.639007 0.337241 0.639007 0.340919 0.629963 0.340919
1 0.345841 0.722152 0.349696 0.722152 0.349696 0.737211 0.345841 0.737211
1 0.476957 0.688787 0.486032 0.688787 0.486032 0.691968 0.476957 0.691968
1 0.374620 0.482959 0.383082 0.482959 0.383082 0.486867 0.374620 0.486867
0 0.545832 0.210336 0.562726 0.210336 0.562726 0.219152 0.545832 0.219152
1 0.315250 0.277184 0.318859 0.277184 0.318859 0.285393 0.315250 0.285393
1 0.440928 0.923612 0.456919 0.923612 0.456919 0.927690 0.440928 0.927690
1 0.563171 0.191608 0.566736 0.191608 0.566736 0.200376 0.563171 0.200376
1 0.412331 0.286111 0.420428 0.286111 0.420428 0.289746 0.412331 0.289746
1 0.688079 0.323426 0.703513 0.323426 0.703513 0.327365 0.688079 0.327365
1 0.477046 0.741910 0.480439 0.741910 0.480439 0.756993 0.477046 0.756993
1 0.510602 0.366939 0.514204 0.366939 0.514204 0.375106 0.510602 0.375106
1 0.094779 0.428121 0.098579 0.428121 0.098579 0.436270 0.094779 0.436270
1 0.369519 0.829959 0.373309 0.829959 0.373309 0.845294 0.369519 0.845294
1 0.289028 0.407699 0.292469 0.407699 0.292469 0.416065 0.289028 0.416065
1 0.094834 0.445220 0.098467 0.445220 0.098467 0.453222 0.094834 0.453222
1 0.292844 0.257931 0.296981 0.257931 0.296981 0.272793 0.292844 0.272793
1 0.529526 0.367091 0.533796 0.367091 0.533796 0.375333 0.529526 0.375333
1 0.114207 0.445201 0.117496 0.445201 0.117496 0.452983 0.114207 0.452983
1 0.292401 0.344381 0.300677 0.344381 0.300677 0.348069 0.292401 0.348069
1 0.218799 0.656368 0.234744 0.656368 0.234744 0.660235 0.218799 0.660235
1 0.374576 0.463751 0.382942 0.463751 0.382942 0.467405 0.374576 0.467405
1 0.562802 0.210561 0.566129 0.210561 0.566129 0.219370 0.562802 0.219370
1 0.514345 0.863150 0.518275 0.863150 0.518275 0.871012 0.514345 0.871012
1 0.516201 0.491783 0.524474 0.491783 0.524474 0.495175 0.516201 0.495175
1 0.514547 0.426116 0.522753 0.426116 0.522753 0.429791 0.514547 0.429791
1 0.501222 0.859381 0.504965 0.859381 0.504965 0.867991 0.501222 0.867991
1 0.315020 0.491111 0.323269 0.491111 0.323269 0.494524 0.315020 0.494524
1 0.675648 0.366808 0.678949 0.366808 0.678949 0.375728 0.675648 0.375728
1 0.688207 0.292296 0.703139 0.292296 0.703139 0.296174 0.688207 0.296174
1 0.185299 0.491851 0.188635 0.491851 0.188635 0.500885 0.185299 0.500885
1 0.308307 0.358218 0.316342 0.358218 0.316342 0.361836 0.308307 0.361836
1 0.477070 0.668437 0.485734 0.668437 0.485734 0.671968 0.477070 0.671968
1 0.354639 0.952348 0.362535 0.952348 0.362535 0.956125 0.354639 0.956125
1 0.516352 0.472340 0.524569 0.472340 0.524569 0.475960 0.516352 0.475960
0 0.442954 0.811625 0.451885 0.811625 0.451885 0.828596 0.442954 0.828596
1 0.440957 0.894306 0.456906 0.894306 0.456906 0.897871 0.440957 0.897871
1 0.464311 0.807436 0.478896 0.807436 0.478896 0.811078 0.464311 0.811078
1 0.509503 0.288311 0.518056 0.288311 0.518056 0.292610 0.509503 0.292610
1 0.480526 0.859430 0.484116 0.859430 0.484116 0.867768 0.480526 0.867768
1 0.650267 0.936300 0.658253 0.936300 0.658253 0.939841 0.650267 0.939841
1 0.542643 0.210371 0.545711 0.210371 0.545711 0.218941 0.542643 0.218941
1 0.650317 0.955701 0.658504 0.955701 0.658504 0.959083 0.650317 0.959083
1 0.460180 0.672100 0.469263 0.672100 0.469263 0.675612 0.460180 0.675612
1 0.350677 0.630680 0.354352 0.630680 0.354352 0.646177 0.350677 0.646177
1 0.164915 0.491636 0.168333 0.491636 0.168333 0.500661 0.164915 0.500661
1 0.569397 0.352670 0.577955 0.352670 0.577955 0.356545 0.569397 0.356545
1 0.415653 0.828449 0.424487 0.828449 0.424487 0.831737 0.415653 0.831737
1 0.263863 0.257545 0.267802 0.257545 0.267802 0.272363 0.263863 0.272363
1 0.213375 0.477058 0.216804 0.477058 0.216804 0.485674 0.213375 0.485674
1 0.413673 0.840422 0.422332 0.840422 0.422332 0.843474 0.413673 0.843474
1 0.117878 0.772798 0.132969 0.772798 0.132969 0.776704 0.117878 0.776704
1 0.515999 0.228997 0.519544 0.228997 0.519544 0.236899 0.515999 0.236899
1 0.535019 0.228748 0.538591 0.228748 0.538591 0.237167 0.535019 0.237167
1 0.266958 0.390219 0.270584 0.390219 0.270584 0.397971 0.266958 0.397971
1 0.442787 0.808111 0.452055 0.808111 0.452055 0.811459 0.442787 0.811459
1 0.175918 0.399943 0.179058 0.399943 0.179058 0.409193 0.175918 0.409193
1 0.345784 0.758649 0.349795 0.758649 0.349795 0.774339 0.345784 0.774339
1 0.553251 0.869618 0.561289 0.869618 0.561289 0.873320 0.553251 0.873320
1 0.534262 0.863439 0.537604 0.863439 0.537604 0.871274 0.534262 0.871274
1 0.638721 0.993592 0.646782 0.993592 0.646782 0.997120 0.638721 0.997120
1 0.489816 0.824171 0.493663 0.824171 0.493663 0.838467 0.489816 0.838467
1 0.415522 0.808343 0.424792 0.808343 0.424792 0.811529 0.415522 0.811529
1 0.155878 0.399702 0.158960 0.399702 0.158960 0.408976 0.155878 0.408976
1 0.367834 0.211947 0.371772 0.211947 0.371772 0.226893 0.367834 0.226893
1 0.396731 0.211425 0.400624 0.211425 0.400624 0.226931 0.396731 0.226931
1 0.310745 0.954963 0.318977 0.954963 0.318977 0.958773 0.310745 0.958773
1 0.193046 0.477093 0.196524 0.477093 0.196524 0.485976 0.193046 0.485976
1 0.616447 0.259595 0.624882 0.259595 0.624882 0.263108 0.616447 0.263108
1 0.219149 0.626784 0.235055 0.626784 0.235055 0.630977 0.219149 0.630977
1 0.613170 0.337658 0.621537 0.337658 0.621537 0.341239 0.613170 0.341239
1 0.377125 0.758807 0.380525 0.758807 0.380525 0.774116 0.377125 0.774116
1 0.338417 0.654290 0.353258 0.654290 0.353258 0.658367 0.338417 0.658367
1 0.616382 0.240011 0.624811 0.240011 0.624811 0.243912 0.616382 0.243912
1 0.401061 0.857861 0.404902 0.857861 0.404902 0.872632 0.401061 0.872632
1 0.568592 0.372917 0.577844 0.372917 0.577844 0.376391 0.568592 0.376391
1 0.334476 0.276842 0.338066 0.276842 0.338066 0.285413 0.334476 0.285413
1 0.310627 0.974997 0.319723 0.974997 0.319723 0.978711 0.310627 0.978711
1 0.356738 0.987982 0.365642 0.987982 0.365642 0.991830 0.356738 0.991830
1 0.022207 0.485911 0.027044 0.485911 0.027044 0.500532 0.022207 0.500532
1 0.031221 0.449083 0.040016 0.449083 0.040016 0.472059 0.031221 0.472059
1 0.032321 0.415003 0.039906 0.415003 0.039906 0.438529 0.032321 0.438529
1 0.020338 0.386310 0.024186 0.386310 0.024186 0.401261 0.020338 0.401261
