0 0.194133 0.146948 0.403058 0.146948 0.403058 0.262374 0.194133 0.262374
0 0.449647 0.755374 0.549564 0.755374 0.549564 0.857774 0.449647 0.857774
0 0.656053 0.175678 0.825359 0.175678 0.825359 0.293074 0.656053 0.293074
0 0.714903 0.398971 0.766626 0.398971 0.766626 0.439085 0.714903 0.439085
0 0.220019 0.894237 0.232074 0.894237 0.232074 0.918362 0.220019 0.918362
0 0.334555 0.391396 0.359135 0.391396 0.359135 0.403647 0.334555 0.403647
0 0.188466 0.894318 0.200887 0.894318 0.200887 0.918295 0.188466 0.918295
0 0.219807 0.668670 0.232330 0.668670 0.232330 0.693381 0.219807 0.693381
0 0.789847 0.094850 0.815320 0.094850 0.815320 0.107250 0.789847 0.107250
0 0.633385 0.827601 0.646256 0.827601 0.646256 0.852599 0.633385 0.852599
0 0.217128 0.591002 0.229666 0.591002 0.229666 0.615510 0.217128 0.615510
0 0.358615 0.637239 0.371423 0.637239 0.371423 0.661723 0.358615 0.661723
0 0.219544 0.805452 0.231708 0.805452 0.231708 0.829969 0.219544 0.829969
0 0.219013 0.758440 0.231395 0.758440 0.231395 0.783056 0.219013 0.783056
0 0.188423 0.805478 0.200966 0.805478 0.200966 0.829874 0.188423 0.829874
0 0.649665 0.359424 0.675571 0.359424 0.675571 0.372970 0.649665 0.372970
0 0.188499 0.934701 0.200895 0.934701 0.200895 0.959394 0.188499 0.959394
0 0.733030 0.363453 0.759117 0.363453 0.759117 0.376160 0.733030 0.376160
0 0.188527 0.669088 0.201397 0.669088 0.201397 0.693980 0.188527 0.693980
0 0.219734 0.493194 0.232400 0.493194 0.232400 0.517888 0.219734 0.517888
0 0.219153 0.934833 0.231305 0.934833 0.231305 0.959354 0.219153 0.959354
0 0.219201 0.716917 0.231802 0.716917 0.231802 0.741380 0.219201 0.741380
0 0.061736 0.570950 0.086694 0.570950 0.086694 0.583219 0.061736 0.583219
0 0.219885 0.846107 0.232555 0.846107 0.232555 0.870595 0.219885 0.870595
0 0.194046 0.536178 0.218493 0.536178 0.218493 0.548774 0.194046 0.548774
0 0.195465 0.563085 0.220140 0.563085 0.220140 0.575130 0.195465 0.575130
0 0.060586 0.508227 0.085539 0.508227 0.085539 0.520345 0.060586 0.520345
0 0.188571 0.619554 0.201346 0.619554 0.201346 0.644116 0.188571 0.644116
0 0.334719 0.723220 0.359358 0.723220 0.359358 0.735966 0.334719 0.735966
0 0.063592 0.891677 0.088062 0.891677 0.088062 0.904093 0.063592 0.904093
0 0.633304 0.747273 0.646192 0.747273 0.646192 0.773122 0.633304 0.773122
0 0.060574 0.387465 0.085263 0.387465 0.085263 0.399389 0.060574 0.399389
0 0.334406 0.614963 0.346441 0.614963 0.346441 0.639486 0.334406 0.639486
0 0.334090 0.808638 0.358714 0.808638 0.358714 0.821151 0.334090 0.821151
0 0.334547 0.544032 0.359225 0.544032 0.359225 0.556422 0.334547 0.556422
0 0.063118 0.934509 0.087814 0.934509 0.087814 0.947035 0.063118 0.947035
0 0.333997 0.451115 0.358764 0.451115 0.358764 0.462821 0.333997 0.462821
0 0.159368 0.347121 0.184145 0.347121 0.184145 0.359396 0.159368 0.359396
0 0.197187 0.441721 0.221940 0.441721 0.221940 0.453649 0.197187 0.453649
0 0.334479 0.570189 0.358868 0.570189 0.358868 0.582225 0.334479 0.582225
0 0.063672 0.808218 0.088190 0.808218 0.088190 0.820440 0.063672 0.820440
0 0.060617 0.449422 0.085366 0.449422 0.085366 0.461625 0.060617 0.461625
0 0.063598 0.628761 0.088156 0.628761 0.088156 0.641229 0.063598 0.641229
0 0.237177 0.355058 0.262070 0.355058 0.262070 0.367698 0.237177 0.367698
0 0.063098 0.679503 0.087628 0.679503 0.087628 0.691707 0.063098 0.691707
0 0.785572 0.362209 0.811053 0.362209 0.811053 0.374887 0.785572 0.374887
0 0.188985 0.846606 0.201186 0.846606 0.201186 0.870854 0.188985 0.870854
0 0.332407 0.681580 0.357049 0.681580 0.357049 0.693486 0.332407 0.693486
0 0.201074 0.466784 0.225888 0.466784 0.225888 0.478697 0.201074 0.478697
0 0.063406 0.849123 0.088186 0.849123 0.088186 0.861633 0.063406 0.861633
0 0.332164 0.892724 0.357027 0.892724 0.357027 0.905227 0.332164 0.905227
0 0.332247 0.978428 0.357167 0.978428 0.357167 0.990422 0.332247 0.990422
0 0.271683 0.326315 0.287596 0.326315 0.287596 0.334295 0.271683 0.334295
0 0.333917 0.850335 0.358655 0.850335 0.358655 0.862980 0.333917 0.862980
0 0.063377 0.764379 0.087851 0.764379 0.087851 0.776640 0.063377 0.776640
0 0.331795 0.935483 0.356479 0.935483 0.356479 0.947922 0.331795 0.947922
0 0.334974 0.763889 0.360086 0.763889 0.360086 0.776416 0.334974 0.776416
0 0.189810 0.717317 0.201690 0.717317 0.201690 0.741513 0.189810 0.741513
0 0.064050 0.724916 0.088461 0.724916 0.088461 0.736937 0.064050 0.736937
0 0.849417 0.310494 0.865017 0.310494 0.865017 0.318620 0.849417 0.318620
0 0.062835 0.978292 0.087563 0.978292 0.087563 0.990590 0.062835 0.990590
1 0.368354 0.266592 0.379117 0.266592 0.379117 0.303791 0.368354 0.303791
0 0.188808 0.758472 0.201319 0.758472 0.201319 0.783149 0.188808 0.783149
1 0.674531 0.293327 0.683487 0.293327 0.683487 0.332608 0.674531 0.332608
1 0.783271 0.293512 0.792796 0.293512 0.792796 0.330943 0.783271 0.330943
1 0.660308 0.293204 0.669844 0.293204 0.669844 0.331593 0.660308 0.331593
1 0.742447 0.293450 0.751529 0.293450 0.751529 0.331398 0.742447 0.331398
0 0.589902 0.815871 0.606603 0.815871 0.606603 0.824635 0.589902 0.824635
1 0.303809 0.266183 0.314654 0.266183 0.314654 0.303448 0.303809 0.303448
1 0.769725 0.293389 0.778655 0.293389 0.778655 0.330887 0.769725 0.330887
1 0.687893 0.293327 0.696993 0.293327 0.696993 0.330892 0.687893 0.330892
1 0.715232 0.293450 0.724160 0.293450 0.724160 0.331565 0.715232 0.331565
1 0.390310 0.266592 0.402174 0.266592 0.402174 0.303441 0.390310 0.303441
1 0.796879 0.293389 0.806027 0.293389 0.806027 0.332005 0.796879 0.332005
1 0.756055 0.293512 0.765308 0.293512 0.765308 0.330862 0.756055 0.330862
0 0.658807 0.080238 0.675411 0.080238 0.675411 0.088854 0.658807 0.088854
1 0.217497 0.265964 0.228350 0.265964 0.228350 0.304547 0.217497 0.304547
1 0.810740 0.131371 0.820419 0.131371 0.820419 0.170667 0.810740 0.170667
1 0.239292 0.266102 0.250035 0.266102 0.250035 0.304612 0.239292 0.304612
1 0.282629 0.265821 0.293114 0.265821 0.293114 0.303302 0.282629 0.303302
0 0.693621 0.347716 0.709675 0.347716 0.709675 0.355747 0.693621 0.355747
1 0.347270 0.266592 0.357232 0.266592 0.357232 0.305804 0.347270 0.305804
1 0.770351 0.131507 0.778572 0.131507 0.778572 0.170949 0.770351 0.170949
1 0.728224 0.293450 0.738076 0.293450 0.738076 0.331565 0.728224 0.331565
1 0.195205 0.266158 0.206664 0.266158 0.206664 0.305583 0.195205 0.305583
0 0.429958 0.175735 0.439210 0.175735 0.439210 0.192800 0.429958 0.192800
0 0.846972 0.278023 0.862721 0.278023 0.862721 0.286117 0.846972 0.286117
1 0.217985 0.105518 0.228166 0.105518 0.228166 0.146450 0.217985 0.146450
1 0.261050 0.266586 0.270701 0.266586 0.270701 0.304175 0.261050 0.304175
1 0.348041 0.105172 0.358264 0.105172 0.358264 0.146564 0.348041 0.146564
1 0.217249 0.918649 0.232974 0.918649 0.232974 0.922549 0.217249 0.922549
1 0.184132 0.344940 0.188978 0.344940 0.188978 0.360144 0.184132 0.360144
1 0.058011 0.847855 0.063359 0.847855 0.063359 0.863077 0.058011 0.863077
1 0.057894 0.933087 0.063047 0.933087 0.063047 0.948361 0.057894 0.948361
1 0.390569 0.104123 0.403154 0.104123 0.403154 0.146450 0.390569 0.146450
1 0.328760 0.721340 0.334392 0.721340 0.334392 0.737006 0.328760 0.737006
1 0.369003 0.105801 0.379710 0.105801 0.379710 0.146361 0.369003 0.146361
1 0.216912 0.741578 0.233021 0.741578 0.233021 0.745587 0.216912 0.745587
1 0.085454 0.385455 0.090252 0.385455 0.090252 0.400967 0.085454 0.400967
1 0.187938 0.533992 0.193980 0.533992 0.193980 0.549427 0.187938 0.549427
1 0.217688 0.518078 0.233863 0.518078 0.233863 0.522635 0.217688 0.522635
1 0.187285 0.870966 0.203073 0.870966 0.203073 0.875061 0.187285 0.875061
1 0.357588 0.632104 0.373136 0.632104 0.373136 0.637176 0.357588 0.637176
1 0.358568 0.849308 0.363510 0.849308 0.363510 0.864480 0.358568 0.864480
1 0.359859 0.542577 0.362933 0.542577 0.362933 0.558060 0.359859 0.558060
1 0.222007 0.439497 0.227076 0.439497 0.227076 0.455602 0.222007 0.455602
1 0.359022 0.568252 0.362793 0.568252 0.362793 0.583808 0.359022 0.583808
1 0.085450 0.448072 0.090204 0.448072 0.090204 0.463645 0.085450 0.463645
1 0.187512 0.918519 0.203339 0.918519 0.203339 0.922406 0.187512 0.922406
1 0.326967 0.890954 0.332060 0.890954 0.332060 0.906498 0.326967 0.906498
1 0.058619 0.806133 0.063486 0.806133 0.063486 0.821764 0.058619 0.821764
1 0.261974 0.353374 0.266728 0.353374 0.266728 0.368538 0.261974 0.368538
1 0.632456 0.773354 0.647392 0.773354 0.647392 0.776872 0.632456 0.776872
1 0.217915 0.870743 0.233389 0.870743 0.233389 0.874666 0.217915 0.874666
1 0.810425 0.293512 0.821009 0.293512 0.821009 0.331226 0.810425 0.331226
1 0.328740 0.389519 0.334502 0.389519 0.334502 0.404777 0.328740 0.404777
1 0.359043 0.807305 0.363608 0.807305 0.363608 0.822859 0.359043 0.822859
1 0.225996 0.465193 0.230603 0.465193 0.230603 0.480462 0.225996 0.480462
1 0.215318 0.586137 0.230861 0.586137 0.230861 0.590996 0.215318 0.590996
1 0.187436 0.644255 0.203509 0.644255 0.203509 0.648627 0.187436 0.648627
1 0.217617 0.712188 0.233248 0.712188 0.233248 0.716705 0.217617 0.716705
1 0.217733 0.800559 0.233260 0.800559 0.233260 0.805250 0.217733 0.805250
1 0.326808 0.976321 0.332126 0.976321 0.332126 0.991489 0.326808 0.991489
1 0.217738 0.889261 0.233319 0.889261 0.233319 0.894076 0.217738 0.894076
1 0.359045 0.449179 0.362905 0.449179 0.362905 0.464399 0.359045 0.464399
1 0.329804 0.568420 0.334242 0.568420 0.334242 0.583495 0.329804 0.583495
1 0.058401 0.762203 0.062754 0.762203 0.062754 0.777617 0.058401 0.777617
1 0.186982 0.800700 0.202446 0.800700 0.202446 0.805224 0.186982 0.805224
1 0.190348 0.560311 0.195310 0.560311 0.195310 0.576155 0.190348 0.576155
1 0.085608 0.507011 0.090558 0.507011 0.090558 0.522079 0.085608 0.522079
1 0.327738 0.678075 0.332217 0.678075 0.332217 0.694170 0.327738 0.694170
1 0.326651 0.933437 0.331759 0.933437 0.331759 0.948963 0.326651 0.948963
1 0.217624 0.753476 0.233248 0.753476 0.233248 0.758045 0.217624 0.758045
1 0.058680 0.677875 0.063064 0.677875 0.063064 0.692798 0.058680 0.692798
1 0.058553 0.626693 0.063562 0.626693 0.063562 0.642055 0.058553 0.642055
1 0.328753 0.806614 0.333996 0.806614 0.333996 0.822328 0.328753 0.822328
1 0.058925 0.723061 0.063861 0.723061 0.063861 0.737929 0.058925 0.737929
1 0.055000 0.447867 0.060429 0.447867 0.060429 0.463453 0.055000 0.463453
1 0.781924 0.359119 0.785034 0.359119 0.785034 0.374953 0.781924 0.374953
1 0.360010 0.762900 0.363888 0.762900 0.363888 0.777427 0.360010 0.777427
1 0.086674 0.569019 0.091424 0.569019 0.091424 0.584637 0.086674 0.584637
1 0.218809 0.535164 0.223198 0.535164 0.223198 0.549560 0.218809 0.549560
1 0.088107 0.761940 0.092815 0.761940 0.092815 0.777705 0.088107 0.777705
1 0.187127 0.693787 0.202903 0.693787 0.202903 0.698079 0.187127 0.698079
1 0.058170 0.890004 0.063381 0.890004 0.063381 0.904921 0.058170 0.904921
1 0.215003 0.615438 0.231066 0.615438 0.231066 0.620264 0.215003 0.620264
1 0.797656 0.131084 0.806063 0.131084 0.806063 0.170949 0.797656 0.170949
1 0.057510 0.976109 0.062712 0.976109 0.062712 0.991261 0.057510 0.991261
1 0.187082 0.889146 0.202132 0.889146 0.202132 0.893868 0.187082 0.893868
1 0.329042 0.849127 0.333657 0.849127 0.333657 0.864174 0.329042 0.864174
1 0.332039 0.639652 0.347801 0.639652 0.347801 0.643634 0.332039 0.643634
1 0.088167 0.806039 0.092791 0.806039 0.092791 0.821615 0.088167 0.821615
1 0.187127 0.712026 0.202667 0.712026 0.202667 0.717065 0.187127 0.717065
1 0.217781 0.959531 0.233334 0.959531 0.233334 0.963682 0.217781 0.963682
1 0.195497 0.465480 0.200898 0.465480 0.200898 0.480069 0.195497 0.480069
1 0.217640 0.664450 0.233138 0.664450 0.233138 0.668688 0.217640 0.668688
1 0.187430 0.664394 0.202148 0.664394 0.202148 0.669157 0.187430 0.669157
1 0.217848 0.693762 0.233547 0.693762 0.233547 0.698035 0.217848 0.698035
1 0.282644 0.106061 0.293242 0.106061 0.293242 0.146178 0.282644 0.146178
1 0.356583 0.934001 0.361505 0.934001 0.361505 0.948825 0.356583 0.948825
1 0.217469 0.930184 0.232520 0.930184 0.232520 0.934540 0.217469 0.934540
1 0.359293 0.390572 0.363864 0.390572 0.363864 0.404726 0.359293 0.404726
1 0.187093 0.614539 0.203008 0.614539 0.203008 0.619385 0.187093 0.619385
1 0.332452 0.610533 0.347587 0.610533 0.347587 0.614699 0.332452 0.614699
1 0.054899 0.385834 0.060392 0.385834 0.060392 0.400984 0.054899 0.400984
1 0.811410 0.359441 0.814313 0.359441 0.814313 0.375055 0.811410 0.375055
1 0.632156 0.853016 0.647248 0.853016 0.647248 0.856937 0.632156 0.856937
1 0.702157 0.131073 0.710548 0.131073 0.710548 0.170667 0.702157 0.170667
1 0.154266 0.344970 0.159499 0.344970 0.159499 0.359761 0.154266 0.359761
1 0.325389 0.266719 0.335681 0.266719 0.335681 0.303911 0.325389 0.303911
1 0.187100 0.930240 0.202532 0.930240 0.202532 0.934628 0.187100 0.934628
1 0.187681 0.753755 0.202547 0.753755 0.202547 0.758332 0.187681 0.758332
1 0.688404 0.130791 0.697130 0.130791 0.697130 0.170761 0.688404 0.170761
1 0.631980 0.823493 0.646904 0.823493 0.646904 0.827167 0.631980 0.827167
1 0.187872 0.841797 0.202024 0.841797 0.202024 0.846289 0.187872 0.846289
1 0.218065 0.489343 0.233603 0.489343 0.233603 0.493110 0.218065 0.493110
1 0.329792 0.448808 0.333559 0.448808 0.333559 0.463953 0.329792 0.463953
1 0.304531 0.105584 0.314673 0.105584 0.314673 0.146379 0.304531 0.146379
1 0.261547 0.105027 0.272018 0.105027 0.272018 0.146450 0.261547 0.146450
1 0.192048 0.439740 0.197043 0.439740 0.197043 0.454873 0.192048 0.454873
1 0.675745 0.358833 0.679540 0.358833 0.679540 0.373148 0.675745 0.373148
1 0.328800 0.762258 0.334843 0.762258 0.334843 0.777422 0.328800 0.777422
1 0.054806 0.506625 0.060556 0.506625 0.060556 0.522369 0.054806 0.522369
1 0.756712 0.131167 0.765061 0.131167 0.765061 0.170761 0.756712 0.170761
1 0.357654 0.661912 0.373687 0.661912 0.373687 0.665907 0.357654 0.665907
1 0.088355 0.723117 0.093043 0.723117 0.093043 0.738010 0.088355 0.738010
1 0.187196 0.959439 0.202687 0.959439 0.202687 0.963460 0.187196 0.963460
1 0.088271 0.847638 0.093167 0.847638 0.093167 0.863233 0.088271 0.863233
1 0.088324 0.626269 0.093074 0.626269 0.093074 0.642194 0.088324 0.642194
1 0.715708 0.131260 0.724340 0.131260 0.724340 0.170855 0.715708 0.170855
1 0.195244 0.105915 0.207285 0.105915 0.207285 0.146032 0.195244 0.146032
1 0.220130 0.561303 0.224658 0.561303 0.224658 0.576110 0.220130 0.576110
1 0.359377 0.721968 0.363908 0.721968 0.363908 0.737106 0.359377 0.737106
1 0.759212 0.361184 0.761858 0.361184 0.761858 0.376669 0.759212 0.376669
1 0.645857 0.358565 0.649409 0.358565 0.649409 0.373451 0.645857 0.373451
1 0.239336 0.104614 0.249883 0.104614 0.249883 0.146589 0.239336 0.146589
1 0.329441 0.542542 0.334016 0.542542 0.334016 0.559199 0.329441 0.559199
1 0.188407 0.741656 0.202920 0.741656 0.202920 0.745698 0.188407 0.745698
1 0.729407 0.131354 0.737851 0.131354 0.737851 0.170761 0.729407 0.170761
1 0.632170 0.743860 0.647302 0.743860 0.647302 0.747044 0.632170 0.747044
1 0.088146 0.889782 0.092727 0.889782 0.092727 0.905075 0.088146 0.905075
1 0.326104 0.105618 0.336103 0.105618 0.336103 0.146354 0.326104 0.146354
1 0.701685 0.293512 0.710854 0.293512 0.710854 0.331237 0.701685 0.331237
1 0.660632 0.131448 0.669827 0.131448 0.669827 0.170855 0.660632 0.170855
1 0.729081 0.360861 0.732750 0.360861 0.732750 0.376749 0.729081 0.376749
1 0.357276 0.678783 0.360867 0.678783 0.360867 0.694804 0.357276 0.694804
1 0.216722 0.842049 0.233439 0.842049 0.233439 0.845839 0.216722 0.845839
1 0.055115 0.568965 0.061490 0.568965 0.061490 0.584625 0.055115 0.584625
1 0.186920 0.783333 0.202758 0.783333 0.202758 0.787736 0.186920 0.787736
1 0.783972 0.130085 0.792740 0.130085 0.792740 0.170667 0.783972 0.170667
1 0.231556 0.353387 0.236795 0.353387 0.236795 0.369038 0.231556 0.369038
1 0.655711 0.078833 0.658733 0.078833 0.658733 0.089300 0.655711 0.089300
1 0.429960 0.172478 0.439298 0.172478 0.439298 0.175413 0.429960 0.175413
1 0.429693 0.193157 0.439032 0.193157 0.439032 0.196092 0.429693 0.196092
1 0.287664 0.324872 0.291221 0.324872 0.291221 0.334750 0.287664 0.334750
1 0.268034 0.325040 0.271592 0.325040 0.271592 0.334917 0.268034 0.334917
1 0.088090 0.677559 0.092474 0.677559 0.092474 0.692482 0.088090 0.692482
1 0.088544 0.933306 0.093697 0.933306 0.093697 0.948580 0.088544 0.948580
1 0.088763 0.975779 0.093916 0.975779 0.093916 0.991053 0.088763 0.991053
1 0.357885 0.890975 0.362827 0.890975 0.362827 0.906147 0.357885 0.906147
1 0.550273 0.754013 0.616370 0.754013 0.616370 0.780805 0.550273 0.780805
1 0.549930 0.831693 0.616194 0.831693 0.616194 0.859535 0.549930 0.859535
1 0.550301 0.799396 0.564779 0.799396 0.564779 0.815358 0.550301 0.815358
1 0.586978 0.815634 0.589792 0.815634 0.589792 0.824923 0.586978 0.824923
1 0.606744 0.815899 0.610172 0.815899 0.610172 0.824993 0.606744 0.824993
1 0.709903 0.346664 0.713084 0.346664 0.713084 0.356765 0.709903 0.356765
1 0.689813 0.346664 0.693440 0.346664 0.693440 0.356207 0.689813 0.356207
1 0.674330 0.131072 0.683525 0.131072 0.683525 0.170480 0.674330 0.170480
1 0.743012 0.131354 0.751456 0.131354 0.751456 0.170761 0.743012 0.170761
1 0.676043 0.079313 0.679065 0.079313 0.679065 0.089781 0.676043 0.089781
1 0.785191 0.092169 0.789350 0.092169 0.789350 0.108917 0.785191 0.108917
1 0.815841 0.092060 0.820876 0.092060 0.820876 0.108480 0.815841 0.108480
1 0.703954 0.391068 0.714145 0.391068 0.714145 0.443675 0.703954 0.443675
1 0.767302 0.390793 0.781349 0.390793 0.781349 0.444501 0.767302 0.444501
1 0.865455 0.310085 0.869009 0.310085 0.869009 0.319285 0.865455 0.319285
1 0.845276 0.309980 0.848831 0.309980 0.848831 0.319181 0.845276 0.319181
1 0.842872 0.277570 0.846426 0.277570 0.846426 0.286770 0.842872 0.286770
1 0.863050 0.277047 0.866605 0.277047 0.866605 0.286247 0.863050 0.286247
1 0.217377 0.783588 0.233464 0.783588 0.233464 0.786411 0.217377 0.786411
1 0.187034 0.830203 0.202515 0.830203 0.202515 0.833857 0.187034 0.833857
1 0.216412 0.830107 0.233522 0.830107 0.233522 0.834209 0.216412 0.834209
1 0.421388 0.760135 0.448604 0.760135 0.448604 0.853323 0.421388 0.853323
1 0.357080 0.976321 0.362398 0.976321 0.362398 0.991489 0.357080 0.991489
1 0.919739 0.138713 0.931207 0.138713 0.931207 0.166859 0.919739 0.166859
1 0.933813 0.139011 0.945280 0.139011 0.945280 0.167157 0.933813 0.167157
1 0.947439 0.139160 0.958906 0.139160 0.958906 0.167306 0.947439 0.167306
1 0.974469 0.139606 0.985936 0.139606 0.985936 0.167753 0.974469 0.167753
1 0.960693 0.139309 0.972160 0.139309 0.972160 0.167455 0.960693 0.167455
1 0.920559 0.334844 0.930164 0.334844 0.930164 0.360831 0.920559 0.360831
1 0.934706 0.335291 0.944312 0.335291 0.944312 0.361278 0.934706 0.361278
1 0.948333 0.334919 0.957938 0.334919 0.957938 0.360906 0.948333 0.360906
1 0.962034 0.335366 0.971639 0.335366 0.971639 0.361353 0.962034 0.361353
1 0.975660 0.335440 0.985266 0.335440 0.985266 0.361427 0.975660 0.361427
1 0.989212 0.334993 0.998818 0.334993 0.998818 0.360980 0.989212 0.360980
1 0.881541 0.313251 0.910581 0.313251 0.910581 0.324047 0.881541 0.324047
1 0.882881 0.299475 0.911251 0.299475 0.911251 0.309751 0.882881 0.309751
1 0.881839 0.285551 0.910208 0.285551 0.910208 0.295827 0.881839 0.295827
1 0.881839 0.271924 0.910208 0.271924 0.910208 0.282200 0.881839 0.282200
1 0.882211 0.258224 0.910581 0.258224 0.910581 0.268499 0.882211 0.268499
1 0.882285 0.244746 0.910655 0.244746 0.910655 0.255022 0.882285 0.255022
1 0.882509 0.230971 0.910879 0.230971 0.910879 0.241246 0.882509 0.241246
1 0.882285 0.217419 0.910655 0.217419 0.910655 0.227694 0.882285 0.227694
1 0.882434 0.203643 0.910804 0.203643 0.910804 0.213919 0.882434 0.213919
1 0.881913 0.190240 0.910283 0.190240 0.910283 0.200516 0.881913 0.200516
1 0.882434 0.176465 0.910804 0.176465 0.910804 0.186740 0.882434 0.186740
1 0.591797 0.919961 0.617814 0.919961 0.617814 0.937530 0.591797 0.937530
1 0.218473 0.977746 0.232925 0.977746 0.232925 0.982729 0.218473 0.982729
1 0.186679 0.977547 0.202825 0.977547 0.202825 0.982331 0.186679 0.982331
