0 0.423920 0.100935 0.523982 0.100935 0.523982 0.204297 0.423920 0.204297
0 0.487418 0.280351 0.665875 0.280351 0.665875 0.455727 0.487418 0.455727
0 0.859098 0.571818 0.886943 0.571818 0.886943 0.586155 0.859098 0.586155
1 0.395303 0.106435 0.423558 0.106435 0.423558 0.198869 0.395303 0.198869
0 0.758448 0.505686 0.786072 0.505686 0.786072 0.519990 0.758448 0.519990
1 0.524779 0.178154 0.590364 0.178154 0.590364 0.205070 0.524779 0.205070
0 0.766665 0.401121 0.787198 0.401121 0.787198 0.434143 0.766665 0.434143
0 0.607199 0.174807 0.620151 0.174807 0.620151 0.199905 0.607199 0.199905
0 0.861795 0.535538 0.895333 0.535538 0.895333 0.556623 0.861795 0.556623
1 0.524797 0.100058 0.590295 0.100058 0.590295 0.127290 0.524797 0.127290
0 0.862870 0.501986 0.896185 0.501986 0.896185 0.522787 0.862870 0.522787
0 0.038612 0.418845 0.063190 0.418845 0.063190 0.431349 0.038612 0.431349
0 0.714433 0.700809 0.728797 0.700809 0.728797 0.726173 0.714433 0.726173
0 0.364008 0.728436 0.384490 0.728436 0.384490 0.761834 0.364008 0.761834
0 0.218412 0.731475 0.243225 0.731475 0.243225 0.743477 0.218412 0.743477
0 0.648639 0.485023 0.669697 0.485023 0.669697 0.517945 0.648639 0.517945
0 0.774612 0.943269 0.788805 0.943269 0.788805 0.968981 0.774612 0.968981
0 0.796521 0.401042 0.817631 0.401042 0.817631 0.434390 0.796521 0.434390
0 0.307262 0.239194 0.331768 0.239194 0.331768 0.251782 0.307262 0.251782
0 0.029085 0.642239 0.053960 0.642239 0.053960 0.654423 0.029085 0.654423
0 0.163295 0.104772 0.176067 0.104772 0.176067 0.129203 0.163295 0.129203
0 0.038659 0.197007 0.062973 0.197007 0.062973 0.209045 0.038659 0.209045
0 0.306048 0.853229 0.330663 0.853229 0.330663 0.865551 0.306048 0.865551
0 0.879210 0.841958 0.892528 0.841958 0.892528 0.867369 0.879210 0.867369
0 0.038241 0.110743 0.062655 0.110743 0.062655 0.123407 0.038241 0.123407
0 0.579794 0.529533 0.592630 0.529533 0.592630 0.554583 0.579794 0.554583
0 0.038753 0.071940 0.063021 0.071940 0.063021 0.084281 0.038753 0.084281
0 0.193454 0.372086 0.205727 0.372086 0.205727 0.396198 0.193454 0.396198
0 0.607449 0.094065 0.620565 0.094065 0.620565 0.119484 0.607449 0.119484
0 0.163474 0.329554 0.176235 0.329554 0.176235 0.354015 0.163474 0.354015
0 0.195552 0.896110 0.207580 0.896110 0.207580 0.920466 0.195552 0.920466
0 0.857160 0.473157 0.884732 0.473157 0.884732 0.487416 0.857160 0.487416
0 0.218492 0.643632 0.243354 0.643632 0.243354 0.656405 0.218492 0.656405
0 0.309652 0.111448 0.334204 0.111448 0.334204 0.124194 0.309652 0.124194
0 0.306235 0.281881 0.330922 0.281881 0.330922 0.294724 0.306235 0.294724
0 0.611168 0.568574 0.637293 0.568574 0.637293 0.582571 0.611168 0.582571
0 0.164779 0.846967 0.176765 0.846967 0.176765 0.871414 0.164779 0.871414
0 0.305249 0.964491 0.317944 0.964491 0.317944 0.989164 0.305249 0.989164
0 0.036011 0.977480 0.060566 0.977480 0.060566 0.990267 0.036011 0.990267
0 0.825129 0.790607 0.839590 0.790607 0.839590 0.816574 0.825129 0.816574
0 0.306163 0.896505 0.330716 0.896505 0.330716 0.908793 0.306163 0.908793
0 0.194322 0.105161 0.206132 0.105161 0.206132 0.129351 0.194322 0.129351
0 0.306228 0.366939 0.330920 0.366939 0.330920 0.379091 0.306228 0.379091
0 0.194421 0.193182 0.206851 0.193182 0.206851 0.217345 0.194421 0.217345
0 0.164893 0.887771 0.177258 0.887771 0.177258 0.912139 0.164893 0.912139
0 0.211302 0.451313 0.236079 0.451313 0.236079 0.463964 0.211302 0.463964
0 0.308998 0.069532 0.333452 0.069532 0.333452 0.082350 0.308998 0.082350
0 0.691654 0.557512 0.706257 0.557512 0.706257 0.584837 0.691654 0.584837
0 0.871469 0.791244 0.885744 0.791244 0.885744 0.817187 0.871469 0.817187
0 0.162923 0.152280 0.175687 0.152280 0.175687 0.176705 0.162923 0.176705
0 0.163789 0.193283 0.175949 0.193283 0.175949 0.217564 0.163789 0.217564
0 0.193993 0.329306 0.206282 0.329306 0.206282 0.353745 0.193993 0.353745
0 0.036735 0.892326 0.061281 0.892326 0.061281 0.905526 0.036735 0.905526
0 0.037707 0.844049 0.062072 0.844049 0.062072 0.856092 0.037707 0.856092
0 0.038225 0.026534 0.062644 0.026534 0.062644 0.038699 0.038225 0.038699
0 0.307364 0.027460 0.331968 0.027460 0.331968 0.039714 0.307364 0.039714
0 0.038238 0.281359 0.062535 0.281359 0.062535 0.293913 0.038238 0.293913
0 0.195285 0.064119 0.208195 0.064119 0.208195 0.088711 0.195285 0.088711
0 0.305846 0.936237 0.330783 0.936237 0.330783 0.948970 0.305846 0.948970
0 0.854758 0.842508 0.867978 0.842508 0.867978 0.867893 0.854758 0.867893
0 0.194536 0.240317 0.206868 0.240317 0.206868 0.264669 0.194536 0.264669
0 0.162987 0.372031 0.175009 0.372031 0.175009 0.396365 0.162987 0.396365
0 0.605232 0.528633 0.618527 0.528633 0.618527 0.554435 0.605232 0.554435
0 0.194034 0.152606 0.206150 0.152606 0.206150 0.176831 0.194034 0.176831
0 0.163220 0.241202 0.175804 0.241202 0.175804 0.265540 0.163220 0.265540
0 0.983393 0.832766 0.996375 0.832766 0.996375 0.858138 0.983393 0.858138
0 0.308327 0.154629 0.332897 0.154629 0.332897 0.167196 0.308327 0.167196
0 0.194005 0.281480 0.206670 0.281480 0.206670 0.305778 0.194005 0.305778
0 0.306317 0.417730 0.331072 0.417730 0.331072 0.429976 0.306317 0.429976
1 0.896345 0.501266 0.904220 0.501266 0.904220 0.523965 0.896345 0.523965
0 0.038459 0.155125 0.062968 0.155125 0.062968 0.167164 0.038459 0.167164
0 0.194833 0.946477 0.207371 0.946477 0.207371 0.970649 0.194833 0.970649
0 0.038140 0.238569 0.062433 0.238569 0.062433 0.250774 0.038140 0.250774
1 0.895434 0.534725 0.904180 0.534725 0.904180 0.557822 0.895434 0.557822
0 0.037447 0.936400 0.061888 0.936400 0.061888 0.948761 0.037447 0.948761
0 0.308656 0.197814 0.333168 0.197814 0.333168 0.210579 0.308656 0.210579
0 0.164684 0.063990 0.176697 0.063990 0.176697 0.088315 0.164684 0.088315
0 0.162652 0.928600 0.174510 0.928600 0.174510 0.952966 0.162652 0.952966
0 0.163814 0.016239 0.176311 0.016239 0.176311 0.040401 0.163814 0.040401
0 0.307287 0.324215 0.331744 0.324215 0.331744 0.336385 0.307287 0.336385
0 0.564228 0.161962 0.581075 0.161962 0.581075 0.170754 0.564228 0.170754
0 0.038033 0.324307 0.062498 0.324307 0.062498 0.336487 0.038033 0.336487
0 0.038067 0.367143 0.062348 0.367143 0.062348 0.379313 0.038067 0.379313
0 0.195575 0.845308 0.207586 0.845308 0.207586 0.869580 0.195575 0.869580
0 0.194542 0.015976 0.207005 0.015976 0.207005 0.040186 0.194542 0.040186
0 0.162307 0.422224 0.175098 0.422224 0.175098 0.446574 0.162307 0.446574
1 0.795717 0.392355 0.818895 0.392355 0.818895 0.400735 0.795717 0.400735
0 0.962993 0.513743 0.978400 0.513743 0.978400 0.521812 0.962993 0.521812
0 0.163502 0.281658 0.175502 0.281658 0.175502 0.306070 0.163502 0.306070
1 0.852308 0.533347 0.861646 0.533347 0.861646 0.559343 0.852308 0.559343
1 0.647478 0.518289 0.670648 0.518289 0.670648 0.527320 0.647478 0.527320
0 0.180214 0.986773 0.204895 0.986773 0.204895 0.998631 0.180214 0.998631
1 0.765286 0.434490 0.788456 0.434490 0.788456 0.443096 0.765286 0.443096
1 0.765311 0.392208 0.788601 0.392208 0.788601 0.400667 0.765311 0.400667
1 0.566273 0.266775 0.591337 0.266775 0.591337 0.280454 0.566273 0.280454
1 0.852298 0.499329 0.862728 0.499329 0.862728 0.525459 0.852298 0.525459
1 0.795600 0.434712 0.819040 0.434712 0.819040 0.443097 0.795600 0.443097
1 0.566175 0.455880 0.591276 0.455880 0.591276 0.477684 0.566175 0.477684
1 0.524471 0.145158 0.539664 0.145158 0.539664 0.161443 0.524471 0.161443
1 0.362952 0.718750 0.387150 0.718750 0.387150 0.728164 0.362952 0.728164
1 0.161819 0.040574 0.177258 0.040574 0.177258 0.044912 0.161819 0.044912
1 0.192413 0.235738 0.207534 0.235738 0.207534 0.240134 0.192413 0.240134
0 0.962993 0.530894 0.978659 0.530894 0.978659 0.538729 0.962993 0.538729
1 0.192332 0.040400 0.208091 0.040400 0.208091 0.044905 0.192332 0.044905
1 0.362552 0.762113 0.386350 0.762113 0.386350 0.770621 0.362552 0.770621
1 0.192722 0.059067 0.208150 0.059067 0.208150 0.063949 0.192722 0.063949
1 0.243388 0.641954 0.247775 0.641954 0.247775 0.657416 0.243388 0.657416
1 0.647683 0.476618 0.670983 0.476618 0.670983 0.484788 0.647683 0.484788
1 0.161588 0.324470 0.176676 0.324470 0.176676 0.329363 0.161588 0.329363
1 0.303485 0.959606 0.318931 0.959606 0.318931 0.964563 0.303485 0.964563
1 0.161778 0.099916 0.177910 0.099916 0.177910 0.104709 0.161778 0.104709
1 0.161962 0.059141 0.177164 0.059141 0.177164 0.063767 0.161962 0.063767
1 0.160692 0.923777 0.175907 0.923777 0.175907 0.928385 0.160692 0.928385
1 0.161666 0.236005 0.176799 0.236005 0.176799 0.241044 0.161666 0.241044
1 0.161552 0.176866 0.178106 0.176866 0.178106 0.180795 0.161552 0.180795
1 0.191417 0.188310 0.207976 0.188310 0.207976 0.192994 0.191417 0.192994
1 0.824862 0.786295 0.840514 0.786295 0.840514 0.790501 0.824862 0.790501
1 0.605963 0.169936 0.621736 0.169936 0.621736 0.174410 0.605963 0.174410
1 0.161675 0.188383 0.177850 0.188383 0.177850 0.193084 0.161675 0.193084
1 0.213599 0.642058 0.218454 0.642058 0.218454 0.657558 0.213599 0.657558
1 0.192767 0.891679 0.208603 0.891679 0.208603 0.895897 0.192767 0.895897
1 0.191956 0.305962 0.207571 0.305962 0.207571 0.310178 0.191956 0.310178
1 0.191527 0.176944 0.207728 0.176944 0.207728 0.180836 0.191527 0.180836
1 0.161435 0.306287 0.176730 0.306287 0.176730 0.310360 0.161435 0.310360
1 0.161590 0.129311 0.177163 0.129311 0.177163 0.133451 0.161590 0.133451
1 0.578221 0.524349 0.594146 0.524349 0.594146 0.529257 0.578221 0.529257
1 0.161648 0.147413 0.177086 0.147413 0.177086 0.152149 0.161648 0.152149
1 0.193082 0.840563 0.208646 0.840563 0.208646 0.845045 0.193082 0.845045
1 0.161468 0.217688 0.177161 0.217688 0.177161 0.222062 0.161468 0.222062
1 0.192103 0.970958 0.207702 0.970958 0.207702 0.975423 0.192103 0.975423
1 0.690466 0.553203 0.707113 0.553203 0.707113 0.557395 0.690466 0.557395
1 0.192407 0.324448 0.207398 0.324448 0.207398 0.329073 0.192407 0.329073
1 0.191872 0.099854 0.208196 0.099854 0.208196 0.104885 0.191872 0.104885
1 0.192228 0.147556 0.207733 0.147556 0.207733 0.152403 0.192228 0.152403
1 0.304058 0.068120 0.308759 0.068120 0.308759 0.083579 0.304058 0.083579
1 0.603846 0.524106 0.619448 0.524106 0.619448 0.528390 0.603846 0.528390
1 0.303473 0.989366 0.319214 0.989366 0.319214 0.993298 0.303473 0.993298
1 0.162682 0.883157 0.178164 0.883157 0.178164 0.887622 0.162682 0.887622
1 0.300778 0.934807 0.305778 0.934807 0.305778 0.950461 0.300778 0.950461
1 0.162561 0.871524 0.177921 0.871524 0.177921 0.875419 0.162561 0.875419
1 0.637426 0.567050 0.641537 0.567050 0.641537 0.583051 0.637426 0.583051
1 0.033382 0.365282 0.037814 0.365282 0.037814 0.380297 0.033382 0.380297
1 0.162381 0.842233 0.178080 0.842233 0.178080 0.846787 0.162381 0.846787
1 0.192135 0.129422 0.207696 0.129422 0.207696 0.133369 0.192135 0.133369
1 0.243270 0.729723 0.247737 0.729723 0.247737 0.745002 0.243270 0.745002
1 0.191923 0.942003 0.207662 0.942003 0.207662 0.946168 0.191923 0.946168
1 0.302550 0.025761 0.307230 0.025761 0.307230 0.040924 0.302550 0.040924
1 0.033326 0.322841 0.037868 0.322841 0.037868 0.337458 0.033326 0.337458
1 0.714174 0.696199 0.729456 0.696199 0.729456 0.700554 0.714174 0.700554
1 0.161368 0.367250 0.177452 0.367250 0.177452 0.371792 0.161368 0.371792
1 0.191575 0.367256 0.207346 0.367256 0.207346 0.371722 0.191575 0.371722
1 0.033767 0.194802 0.038347 0.194802 0.038347 0.209916 0.033767 0.209916
1 0.605374 0.199982 0.621456 0.199982 0.621456 0.203892 0.605374 0.203892
1 0.606202 0.119601 0.621815 0.119601 0.621815 0.123671 0.606202 0.123671
1 0.033489 0.237036 0.037908 0.237036 0.037908 0.251520 0.033489 0.251520
1 0.161386 0.277046 0.177796 0.277046 0.177796 0.281553 0.161386 0.281553
1 0.162502 0.088402 0.178202 0.088402 0.178202 0.092397 0.162502 0.092397
1 0.161719 0.011454 0.177437 0.011454 0.177437 0.016170 0.161719 0.016170
1 0.192993 0.920649 0.208725 0.920649 0.208725 0.925030 0.192993 0.925030
1 0.033374 0.416944 0.038362 0.416944 0.038362 0.432381 0.033374 0.432381
1 0.033906 0.153069 0.038277 0.153069 0.038277 0.168341 0.033906 0.168341
1 0.192093 0.088828 0.208501 0.088828 0.208501 0.092635 0.192093 0.092635
1 0.162049 0.354193 0.177785 0.354193 0.177785 0.357855 0.162049 0.357855
1 0.302057 0.322522 0.307048 0.322522 0.307048 0.337662 0.302057 0.337662
1 0.303846 0.195894 0.308392 0.195894 0.308392 0.211219 0.303846 0.211219
1 0.174864 0.985102 0.180213 0.985102 0.180213 0.999610 0.174864 0.999610
1 0.191708 0.264930 0.207613 0.264930 0.207613 0.269230 0.191708 0.269230
1 0.213811 0.729666 0.218307 0.729666 0.218307 0.744701 0.213811 0.744701
1 0.774331 0.969096 0.789518 0.969096 0.789518 0.972917 0.774331 0.972917
1 0.774710 0.939046 0.789792 0.939046 0.789792 0.943186 0.774710 0.943186
1 0.877157 0.867519 0.893636 0.867519 0.893636 0.871496 0.877157 0.871496
1 0.333149 0.153296 0.337248 0.153296 0.337248 0.168872 0.333149 0.168872
1 0.193060 0.869724 0.208550 0.869724 0.208550 0.874037 0.193060 0.874037
1 0.033421 0.280090 0.038011 0.280090 0.038011 0.294868 0.033421 0.294868
1 0.853698 0.867941 0.869166 0.867941 0.869166 0.871544 0.853698 0.871544
1 0.192063 0.217526 0.207758 0.217526 0.207758 0.221682 0.192063 0.221682
1 0.304282 0.108982 0.309316 0.108982 0.309316 0.124743 0.304282 0.124743
1 0.161907 0.265701 0.177851 0.265701 0.177851 0.269459 0.161907 0.269459
1 0.303848 0.153144 0.308044 0.153144 0.308044 0.168740 0.303848 0.168740
1 0.162321 0.912264 0.177965 0.912264 0.177965 0.916356 0.162321 0.916356
1 0.302116 0.416324 0.306224 0.416324 0.306224 0.431485 0.302116 0.431485
1 0.192436 0.011417 0.208203 0.011417 0.208203 0.015839 0.192436 0.015839
1 0.854140 0.838499 0.869113 0.838499 0.869113 0.842501 0.854140 0.842501
1 0.191396 0.276973 0.207654 0.276973 0.207654 0.281206 0.191396 0.281206
1 0.161326 0.417797 0.176975 0.417797 0.176975 0.421818 0.161326 0.421818
1 0.033790 0.024474 0.037891 0.024474 0.037891 0.039847 0.033790 0.039847
1 0.024310 0.640052 0.028905 0.640052 0.028905 0.655339 0.024310 0.655339
1 0.302071 0.365153 0.306076 0.365153 0.306076 0.380253 0.302071 0.380253
1 0.301814 0.279922 0.305967 0.279922 0.305967 0.295260 0.301814 0.295260
1 0.034054 0.069783 0.038487 0.069783 0.038487 0.085100 0.034054 0.085100
1 0.301671 0.893985 0.305908 0.893985 0.305908 0.909584 0.301671 0.909584
1 0.160800 0.953255 0.175806 0.953255 0.175806 0.957394 0.160800 0.957394
1 0.191018 0.353939 0.207387 0.353939 0.207387 0.357770 0.191018 0.357770
1 0.160857 0.446877 0.176467 0.446877 0.176467 0.451031 0.160857 0.451031
1 0.978701 0.530776 0.982277 0.530776 0.982277 0.538677 0.978701 0.538677
1 0.824710 0.816596 0.839998 0.816596 0.839998 0.820416 0.824710 0.820416
1 0.301929 0.237541 0.306964 0.237541 0.306964 0.252821 0.301929 0.252821
1 0.855329 0.570803 0.859065 0.570803 0.859065 0.586660 0.855329 0.586660
1 0.301690 0.851361 0.305804 0.851361 0.305804 0.866957 0.301690 0.866957
1 0.033853 0.108779 0.038046 0.108779 0.038046 0.124301 0.033853 0.124301
1 0.982123 0.828788 0.997987 0.828788 0.997987 0.832924 0.982123 0.832924
1 0.754455 0.504594 0.758304 0.504594 0.758304 0.520705 0.754455 0.520705
1 0.062828 0.280179 0.066484 0.280179 0.066484 0.294468 0.062828 0.294468
1 0.853447 0.471816 0.857195 0.471816 0.857195 0.487903 0.853447 0.487903
1 0.605753 0.089962 0.621975 0.089962 0.621975 0.094030 0.605753 0.094030
1 0.871083 0.817076 0.886378 0.817076 0.886378 0.820454 0.871083 0.820454
1 0.331207 0.279932 0.335169 0.279932 0.335169 0.295535 0.331207 0.295535
1 0.207160 0.449605 0.211107 0.449605 0.211107 0.464777 0.207160 0.464777
1 0.062711 0.236890 0.066500 0.236890 0.066500 0.251208 0.062711 0.251208
1 0.714297 0.726236 0.729924 0.726236 0.729924 0.729834 0.714297 0.729834
1 0.870935 0.786863 0.886495 0.786863 0.886495 0.791148 0.870935 0.791148
1 0.032858 0.934584 0.037005 0.934584 0.037005 0.950145 0.032858 0.950145
1 0.063156 0.152826 0.066652 0.152826 0.066652 0.168290 0.063156 0.168290
1 0.603433 0.554579 0.619544 0.554579 0.619544 0.558150 0.603433 0.558150
1 0.062280 0.841757 0.065865 0.841757 0.065865 0.856886 0.062280 0.856886
1 0.578730 0.554642 0.593866 0.554642 0.593866 0.557935 0.578730 0.557935
1 0.978522 0.513684 0.982276 0.513684 0.982276 0.521866 0.978522 0.521866
1 0.060725 0.977007 0.065158 0.977007 0.065158 0.992227 0.060725 0.992227
1 0.331216 0.365099 0.334956 0.365099 0.334956 0.380695 0.331216 0.380695
1 0.032774 0.891765 0.036554 0.891765 0.036554 0.907513 0.032774 0.907513
1 0.062852 0.108944 0.066399 0.108944 0.066399 0.124119 0.062852 0.124119
1 0.054073 0.640152 0.057929 0.640152 0.057929 0.655533 0.054073 0.655533
1 0.982226 0.858340 0.997560 0.858340 0.997560 0.862302 0.982226 0.862302
1 0.062999 0.024265 0.066549 0.024265 0.066549 0.039518 0.062999 0.039518
1 0.062731 0.322955 0.066354 0.322955 0.066354 0.336996 0.062731 0.336996
1 0.333367 0.195818 0.336933 0.195818 0.336933 0.211321 0.333367 0.211321
1 0.062646 0.365387 0.066038 0.365387 0.066038 0.379761 0.062646 0.379761
1 0.331070 0.934697 0.334670 0.934697 0.334670 0.950417 0.331070 0.950417
1 0.332297 0.025653 0.335685 0.025653 0.335685 0.041089 0.332297 0.041089
1 0.332126 0.237502 0.335232 0.237502 0.335232 0.252929 0.332126 0.252929
1 0.581208 0.162054 0.584375 0.162054 0.584375 0.170759 0.581208 0.170759
1 0.332098 0.322527 0.335227 0.322527 0.335227 0.337936 0.332098 0.337936
1 0.331326 0.416132 0.334822 0.416132 0.334822 0.431678 0.331326 0.431678
1 0.061451 0.891664 0.065303 0.891664 0.065303 0.906848 0.061451 0.906848
1 0.063202 0.069764 0.066343 0.069764 0.066343 0.084837 0.063202 0.084837
1 0.236061 0.449179 0.239752 0.449179 0.239752 0.465243 0.236061 0.465243
1 0.884648 0.472252 0.887826 0.472252 0.887826 0.487686 0.884648 0.487686
1 0.063197 0.194727 0.066726 0.194727 0.066726 0.209659 0.063197 0.209659
1 0.330890 0.851532 0.334532 0.851532 0.334532 0.867172 0.330890 0.867172
1 0.062085 0.934477 0.065385 0.934477 0.065385 0.949454 0.062085 0.949454
1 0.786283 0.504536 0.789399 0.504536 0.789399 0.520328 0.786283 0.520328
1 0.032429 0.977028 0.035729 0.977028 0.035729 0.992525 0.032429 0.992525
1 0.333752 0.068115 0.337115 0.068115 0.337115 0.083716 0.333752 0.083716
1 0.330937 0.894061 0.334075 0.894061 0.334075 0.909673 0.330937 0.909673
1 0.063291 0.417088 0.066137 0.417088 0.066137 0.431817 0.063291 0.431817
1 0.877647 0.837916 0.893450 0.837916 0.893450 0.841742 0.877647 0.841742
1 0.204953 0.984926 0.209293 0.984926 0.209293 0.999494 0.204953 0.999494
1 0.334378 0.109330 0.337462 0.109330 0.337462 0.124740 0.334378 0.124740
1 0.032867 0.841823 0.036966 0.841823 0.036966 0.857306 0.032867 0.857306
1 0.191689 0.396504 0.207272 0.396504 0.207272 0.400635 0.191689 0.400635
1 0.161496 0.396659 0.176354 0.396659 0.176354 0.400638 0.161496 0.400638
1 0.887016 0.571225 0.890731 0.571225 0.890731 0.587065 0.887016 0.587065
1 0.959191 0.513668 0.963059 0.513668 0.963059 0.521841 0.959191 0.521841
1 0.560543 0.161931 0.563710 0.161931 0.563710 0.170636 0.560543 0.170636
1 0.606498 0.567458 0.610608 0.567458 0.610608 0.583460 0.606498 0.583460
1 0.690739 0.585221 0.707386 0.585221 0.707386 0.589413 0.690739 0.589413
1 0.959041 0.530736 0.962616 0.530736 0.962616 0.538636 0.959041 0.538636
1 0.971766 0.386215 0.997779 0.386215 0.997779 0.405550 0.971766 0.405550
1 0.972165 0.194254 0.997680 0.194254 0.997680 0.211496 0.972165 0.211496
1 0.332013 0.008391 0.347833 0.008391 0.347833 0.011981 0.332013 0.011981
