0 0.660138 0.111864 0.681141 0.111864 0.681141 0.145240 0.660138 0.145240
0 0.645807 0.052183 0.665749 0.052183 0.665749 0.085383 0.645807 0.085383
0 0.627796 0.111645 0.648682 0.111645 0.648682 0.144910 0.627796 0.144910
0 0.657501 0.169384 0.677462 0.169384 0.677462 0.202334 0.657501 0.202334
0 0.650007 0.283287 0.670437 0.283287 0.670437 0.316649 0.650007 0.316649
0 0.682421 0.266575 0.703828 0.266575 0.703828 0.300347 0.682421 0.300347
0 0.651049 0.340274 0.671917 0.340274 0.671917 0.373636 0.651049 0.373636
0 0.593233 0.112414 0.614056 0.112414 0.614056 0.145954 0.593233 0.145954
0 0.184926 0.472514 0.197131 0.472514 0.197131 0.496684 0.184926 0.496684
0 0.150723 0.038965 0.163479 0.038965 0.163479 0.063795 0.150723 0.063795
0 0.183790 0.596894 0.196605 0.596894 0.196605 0.621416 0.183790 0.621416
0 0.026811 0.516889 0.051789 0.516889 0.051789 0.529057 0.026811 0.529057
0 0.184675 0.515573 0.196844 0.515573 0.196844 0.539823 0.184675 0.539823
0 0.184499 0.679137 0.196846 0.679137 0.196846 0.703263 0.184499 0.703263
0 0.184702 0.379579 0.197378 0.379579 0.197378 0.404225 0.184702 0.404225
0 0.183897 0.718313 0.196267 0.718313 0.196267 0.742999 0.183897 0.742999
0 0.184502 0.637859 0.197495 0.637859 0.197495 0.662592 0.184502 0.662592
0 0.295626 0.071487 0.308184 0.071487 0.308184 0.096277 0.295626 0.096277
0 0.714146 0.339740 0.734872 0.339740 0.734872 0.373059 0.714146 0.373059
0 0.296066 0.030789 0.308163 0.030789 0.308163 0.055076 0.296066 0.055076
0 0.619414 0.396687 0.640225 0.396687 0.640225 0.430121 0.619414 0.430121
0 0.170409 0.012455 0.194948 0.012455 0.194948 0.024527 0.170409 0.024527
0 0.150971 0.127639 0.162998 0.127639 0.162998 0.151940 0.150971 0.151940
0 0.296602 0.184068 0.321408 0.184068 0.321408 0.197052 0.296602 0.197052
0 0.183310 0.430028 0.196080 0.430028 0.196080 0.454478 0.183310 0.454478
0 0.151408 0.168031 0.163383 0.168031 0.163383 0.192500 0.151408 0.192500
0 0.863524 0.187680 0.884225 0.187680 0.884225 0.220835 0.863524 0.220835
0 0.528024 0.363094 0.547204 0.363094 0.547204 0.391683 0.528024 0.391683
0 0.185708 0.168580 0.197883 0.168580 0.197883 0.193115 0.185708 0.193115
0 0.186302 0.081761 0.198032 0.081761 0.198032 0.106109 0.186302 0.106109
0 0.814215 0.285422 0.891927 0.285422 0.891927 0.342730 0.814215 0.342730
0 0.935473 0.326076 0.948109 0.326076 0.948109 0.351172 0.935473 0.351172
0 0.150601 0.284806 0.162778 0.284806 0.162778 0.309161 0.150601 0.309161
0 0.150929 0.082964 0.163254 0.082964 0.163254 0.108159 0.150929 0.108159
0 0.588592 0.339690 0.609967 0.339690 0.609967 0.373274 0.588592 0.373274
0 0.296079 0.112906 0.308235 0.112906 0.308235 0.137035 0.296079 0.137035
0 0.156977 0.516371 0.169586 0.516371 0.169586 0.540824 0.156977 0.540824
0 0.697283 0.064279 0.731393 0.064279 0.731393 0.084249 0.697283 0.084249
0 0.152998 0.424495 0.165136 0.424495 0.165136 0.448632 0.152998 0.448632
0 0.895685 0.179624 0.923385 0.179624 0.923385 0.193910 0.895685 0.193910
0 0.808344 0.207223 0.832884 0.207223 0.832884 0.219749 0.808344 0.219749
0 0.150720 0.338573 0.162885 0.338573 0.162885 0.362733 0.150720 0.362733
0 0.150689 0.469109 0.162770 0.469109 0.162770 0.493570 0.150689 0.493570
0 0.026605 0.386865 0.051603 0.386865 0.051603 0.399341 0.026605 0.399341
0 0.027442 0.176214 0.051992 0.176214 0.051992 0.188496 0.027442 0.188496
0 0.558383 0.359627 0.579659 0.359627 0.579659 0.392799 0.558383 0.392799
0 0.150007 0.380131 0.162685 0.380131 0.162685 0.404143 0.150007 0.404143
0 0.620391 0.340290 0.641344 0.340290 0.641344 0.373611 0.620391 0.373611
0 0.150461 0.242877 0.162669 0.242877 0.162669 0.267684 0.150461 0.267684
0 0.157150 0.649919 0.169482 0.649919 0.169482 0.674626 0.157150 0.674626
0 0.684288 0.340368 0.704948 0.340368 0.704948 0.373437 0.684288 0.373437
0 0.359286 0.152485 0.383970 0.152485 0.383970 0.164555 0.359286 0.164555
0 0.562372 0.114637 0.581880 0.114637 0.581880 0.143296 0.562372 0.143296
0 0.295689 0.473875 0.320398 0.473875 0.320398 0.486212 0.295689 0.486212
0 0.697678 0.100358 0.731921 0.100358 0.731921 0.120145 0.697678 0.120145
0 0.184715 0.040698 0.197496 0.040698 0.197496 0.065294 0.184715 0.065294
0 0.389671 0.620791 0.415791 0.620791 0.415791 0.634726 0.389671 0.634726
0 0.026630 0.558927 0.051359 0.558927 0.051359 0.571096 0.026630 0.571096
0 0.699372 0.134763 0.733100 0.134763 0.733100 0.154780 0.699372 0.154780
0 0.027506 0.218358 0.052007 0.218358 0.052007 0.230721 0.027506 0.230721
0 0.696614 0.169797 0.731078 0.169797 0.731078 0.189977 0.696614 0.189977
0 0.185773 0.127594 0.197536 0.127594 0.197536 0.152007 0.185773 0.152007
0 0.027278 0.089613 0.051958 0.089613 0.051958 0.101864 0.027278 0.101864
0 0.185265 0.556883 0.197349 0.556883 0.197349 0.581245 0.185265 0.581245
0 0.026826 0.429734 0.051626 0.429734 0.051626 0.441927 0.026826 0.441927
0 0.295711 0.515365 0.320456 0.515365 0.320456 0.527484 0.295711 0.527484
0 0.157820 0.608191 0.170639 0.608191 0.170639 0.632563 0.157820 0.632563
0 0.793939 0.348451 0.803071 0.348451 0.803071 0.365849 0.793939 0.365849
0 0.328778 0.072138 0.342737 0.072138 0.342737 0.098116 0.328778 0.098116
0 0.295708 0.557816 0.320274 0.557816 0.320274 0.570122 0.295708 0.570122
0 0.151561 0.210812 0.176387 0.210812 0.176387 0.222865 0.151561 0.222865
0 0.298330 0.221860 0.322803 0.221860 0.322803 0.234372 0.298330 0.234372
0 0.027049 0.346351 0.051750 0.346351 0.051750 0.358535 0.027049 0.358535
0 0.294902 0.780621 0.319669 0.780621 0.319669 0.793034 0.294902 0.793034
0 0.713039 0.282637 0.734742 0.282637 0.734742 0.316366 0.713039 0.316366
0 0.298532 0.253559 0.323194 0.253559 0.323194 0.266528 0.298532 0.266528
0 0.177787 0.807650 0.202465 0.807650 0.202465 0.820232 0.177787 0.820232
0 0.295354 0.685219 0.320091 0.685219 0.320091 0.697745 0.295354 0.697745
0 0.026362 0.643233 0.050958 0.643233 0.050958 0.655359 0.026362 0.655359
0 0.185311 0.243789 0.197757 0.243789 0.197757 0.268647 0.185311 0.268647
0 0.295872 0.638282 0.320807 0.638282 0.320807 0.651074 0.295872 0.651074
0 0.027701 0.046969 0.052051 0.046969 0.052051 0.059269 0.027701 0.059269
0 0.027460 0.304258 0.052068 0.304258 0.052068 0.316935 0.027460 0.316935
0 0.027700 0.132008 0.052115 0.132008 0.052115 0.144086 0.027700 0.144086
0 0.027443 0.261034 0.051747 0.261034 0.051747 0.273629 0.027443 0.273629
0 0.157830 0.557592 0.169844 0.557592 0.169844 0.581716 0.157830 0.581716
0 0.294929 0.388469 0.319733 0.388469 0.319733 0.400805 0.294929 0.400805
0 0.027379 0.002615 0.052045 0.002615 0.052045 0.015568 0.027379 0.015568
0 0.027091 0.473991 0.051762 0.473991 0.051762 0.486267 0.027091 0.486267
0 0.026663 0.599582 0.051098 0.599582 0.051098 0.611664 0.026663 0.611664
0 0.908562 0.311159 0.916514 0.311159 0.916514 0.327285 0.908562 0.327285
0 0.295461 0.599906 0.320408 0.599906 0.320408 0.612102 0.295461 0.612102
0 0.298406 0.291217 0.322689 0.291217 0.322689 0.303507 0.298406 0.303507
0 0.302930 0.737135 0.327858 0.737135 0.327858 0.749330 0.302930 0.749330
1 0.559995 0.143579 0.583369 0.143579 0.583369 0.153625 0.559995 0.153625
0 0.619618 0.282456 0.641404 0.282456 0.641404 0.315896 0.619618 0.315896
0 0.947349 0.362399 0.962917 0.362399 0.962917 0.371411 0.947349 0.371411
1 0.658060 0.145299 0.680886 0.145299 0.680886 0.152992 0.658060 0.152992
0 0.811999 0.185824 0.829042 0.185824 0.829042 0.194131 0.811999 0.194131
1 0.711651 0.316891 0.734923 0.316891 0.734923 0.324889 0.711651 0.324889
1 0.880097 0.343646 0.890211 0.343646 0.890211 0.370496 0.880097 0.370496
1 0.618739 0.315780 0.641622 0.315780 0.641622 0.324653 0.618739 0.324653
1 0.648831 0.316874 0.672359 0.316874 0.672359 0.325007 0.648831 0.325007
1 0.814405 0.343488 0.825668 0.343488 0.825668 0.370544 0.814405 0.370544
1 0.713619 0.372995 0.737133 0.372995 0.737133 0.382039 0.713619 0.382039
1 0.731893 0.097926 0.741143 0.097926 0.741143 0.121506 0.731893 0.121506
1 0.525467 0.392460 0.548843 0.392460 0.548843 0.402423 0.525467 0.402423
1 0.624953 0.145006 0.648947 0.145006 0.648947 0.153907 0.624953 0.153907
1 0.655645 0.202665 0.679752 0.202665 0.679752 0.211812 0.655645 0.211812
1 0.731732 0.062651 0.740940 0.062651 0.740940 0.085591 0.731732 0.085591
1 0.618304 0.430481 0.641539 0.430481 0.641539 0.438624 0.618304 0.438624
1 0.836969 0.344088 0.847107 0.344088 0.847107 0.373183 0.836969 0.373183
1 0.861757 0.221180 0.886078 0.221180 0.886078 0.229189 0.861757 0.229189
1 0.591662 0.146064 0.614886 0.146064 0.614886 0.153472 0.591662 0.153472
1 0.858401 0.344028 0.868875 0.344028 0.868875 0.373505 0.858401 0.373505
1 0.858763 0.247510 0.868685 0.247510 0.868685 0.279000 0.858763 0.279000
1 0.814637 0.246223 0.825871 0.246223 0.825871 0.279055 0.814637 0.279055
1 0.649024 0.274062 0.672654 0.274062 0.672654 0.282554 0.649024 0.282554
1 0.712060 0.274019 0.734999 0.274019 0.734999 0.282115 0.712060 0.282115
1 0.648847 0.430684 0.672294 0.430684 0.672294 0.438928 0.648847 0.438928
1 0.591475 0.103058 0.614575 0.103058 0.614575 0.111630 0.591475 0.111630
1 0.731271 0.167804 0.740803 0.167804 0.740803 0.191034 0.731271 0.191034
0 0.184989 0.284426 0.197485 0.284426 0.197485 0.309016 0.184989 0.309016
1 0.681627 0.257851 0.704749 0.257851 0.704749 0.265918 0.681627 0.265918
1 0.681614 0.431614 0.704511 0.431614 0.704511 0.439612 0.681614 0.439612
1 0.689911 0.062178 0.697014 0.062178 0.697014 0.085491 0.689911 0.085491
1 0.557604 0.393036 0.582053 0.393036 0.582053 0.401451 0.557604 0.401451
1 0.649283 0.373826 0.672458 0.373826 0.672458 0.382148 0.649283 0.382148
1 0.643943 0.085504 0.667259 0.085504 0.667259 0.094005 0.643943 0.094005
1 0.733553 0.132520 0.740854 0.132520 0.740854 0.155515 0.733553 0.155515
1 0.559869 0.102494 0.582773 0.102494 0.582773 0.113916 0.559869 0.113916
1 0.182265 0.309127 0.198788 0.309127 0.198788 0.313126 0.182265 0.313126
1 0.319952 0.386315 0.323550 0.386315 0.323550 0.401572 0.319952 0.401572
1 0.712091 0.432022 0.735476 0.432022 0.735476 0.439932 0.712091 0.439932
1 0.293209 0.288192 0.298138 0.288192 0.298138 0.303927 0.293209 0.303927
1 0.690362 0.098149 0.697109 0.098149 0.697109 0.121032 0.690362 0.121032
1 0.022567 0.385429 0.026393 0.385429 0.026393 0.400758 0.022567 0.400758
1 0.291212 0.182852 0.296343 0.182852 0.296343 0.198802 0.291212 0.198802
1 0.880426 0.247429 0.890649 0.247429 0.890649 0.278936 0.880426 0.278936
1 0.689987 0.168465 0.696464 0.168465 0.696464 0.190679 0.689987 0.190679
1 0.837383 0.247674 0.847080 0.247674 0.847080 0.279105 0.837383 0.279105
1 0.148791 0.238006 0.164514 0.238006 0.164514 0.242856 0.148791 0.242856
1 0.354640 0.256603 0.368873 0.256603 0.368873 0.269169 0.354640 0.269169
1 0.183164 0.152181 0.199001 0.152181 0.199001 0.156076 0.183164 0.156076
1 0.176188 0.208721 0.181082 0.208721 0.181082 0.223506 0.176188 0.223506
1 0.689739 0.132479 0.698898 0.132479 0.698898 0.155558 0.689739 0.155558
1 0.319826 0.778919 0.323873 0.778919 0.323873 0.794877 0.319826 0.794877
0 0.750237 0.348928 0.758603 0.348928 0.758603 0.364889 0.750237 0.364889
1 0.183060 0.238168 0.198819 0.238168 0.198819 0.243574 0.183060 0.243574
1 0.022731 0.044090 0.027418 0.044090 0.027418 0.060273 0.022731 0.060273
1 0.022731 0.129773 0.027468 0.129773 0.027468 0.145179 0.022731 0.145179
1 0.182730 0.496944 0.198367 0.496944 0.198367 0.501117 0.182730 0.501117
1 0.181748 0.621647 0.197986 0.621647 0.197986 0.625716 0.181748 0.625716
1 0.150362 0.448906 0.165944 0.448906 0.165944 0.452949 0.150362 0.452949
1 0.182352 0.703620 0.198028 0.703620 0.198028 0.707703 0.182352 0.707703
1 0.293778 0.066837 0.309429 0.066837 0.309429 0.071199 0.293778 0.071199
1 0.320780 0.512945 0.323926 0.512945 0.323926 0.529175 0.320780 0.529175
1 0.618358 0.373853 0.641791 0.373853 0.641791 0.381946 0.618358 0.381946
1 0.202560 0.806072 0.207452 0.806072 0.207452 0.821724 0.202560 0.821724
1 0.022567 0.344102 0.026702 0.344102 0.026702 0.359644 0.022567 0.359644
1 0.618308 0.273911 0.641149 0.273911 0.641149 0.281603 0.618308 0.281603
1 0.148671 0.362914 0.164429 0.362914 0.164429 0.366794 0.148671 0.366794
1 0.292788 0.250818 0.298268 0.250818 0.298268 0.266752 0.292788 0.266752
1 0.525566 0.351248 0.548660 0.351248 0.548660 0.362451 0.525566 0.362451
1 0.182614 0.581505 0.198592 0.581505 0.198592 0.585287 0.182614 0.585287
1 0.181431 0.425876 0.198576 0.425876 0.198576 0.429886 0.181431 0.429886
1 0.656168 0.161233 0.679377 0.161233 0.679377 0.168398 0.656168 0.168398
1 0.022813 0.174373 0.027223 0.174373 0.027223 0.189481 0.022813 0.189481
1 0.294675 0.025816 0.309507 0.025816 0.309507 0.030585 0.294675 0.030585
1 0.644041 0.043859 0.667537 0.043859 0.667537 0.051205 0.644041 0.051205
1 0.320214 0.683427 0.323988 0.683427 0.323988 0.699265 0.320214 0.699265
1 0.051468 0.598319 0.056343 0.598319 0.056343 0.613120 0.051468 0.613120
1 0.323412 0.250887 0.326192 0.250887 0.326192 0.266795 0.323412 0.266795
1 0.183264 0.106413 0.198948 0.106413 0.198948 0.110459 0.183264 0.110459
1 0.022895 0.087463 0.027007 0.087463 0.027007 0.102668 0.022895 0.102668
1 0.293094 0.220106 0.298054 0.220106 0.298054 0.236048 0.293094 0.236048
1 0.155998 0.581934 0.170754 0.581934 0.170754 0.585839 0.155998 0.585839
1 0.588228 0.373455 0.611132 0.373455 0.611132 0.382067 0.588228 0.382067
1 0.051350 0.641320 0.055056 0.641320 0.055056 0.655571 0.051350 0.655571
1 0.149046 0.163522 0.164591 0.163522 0.164591 0.167928 0.149046 0.167928
1 0.149474 0.078855 0.164592 0.078855 0.164592 0.082801 0.149474 0.082801
1 0.291060 0.778919 0.294762 0.778919 0.294762 0.794302 0.291060 0.794302
1 0.328048 0.734939 0.331071 0.734939 0.331071 0.750384 0.328048 0.750384
1 0.294294 0.107539 0.309147 0.107539 0.309147 0.112546 0.294294 0.112546
1 0.022731 0.216192 0.027121 0.216192 0.027121 0.232037 0.022731 0.232037
1 0.181186 0.540119 0.198043 0.540119 0.198043 0.544068 0.181186 0.544068
1 0.022976 0.259156 0.027238 0.259156 0.027238 0.274165 0.022976 0.274165
1 0.148995 0.152059 0.164574 0.152059 0.164574 0.156082 0.148995 0.156082
0 0.369262 0.256270 0.387782 0.256270 0.387782 0.303599 0.369262 0.303599
1 0.683442 0.373796 0.705890 0.373796 0.705890 0.381518 0.683442 0.381518
1 0.294697 0.137349 0.311170 0.137349 0.311170 0.141509 0.294697 0.141509
1 0.022322 0.557367 0.026272 0.557367 0.026272 0.572731 0.022322 0.572731
1 0.354501 0.150611 0.358915 0.150611 0.358915 0.165696 0.354501 0.165696
1 0.557818 0.350899 0.580517 0.350899 0.580517 0.358983 0.557818 0.358983
1 0.149300 0.034318 0.164807 0.034318 0.164807 0.038830 0.149300 0.038830
1 0.148574 0.465198 0.164409 0.465198 0.164409 0.468840 0.148574 0.468840
1 0.588246 0.331055 0.610444 0.331055 0.610444 0.339157 0.588246 0.339157
1 0.149439 0.279461 0.164075 0.279461 0.164075 0.284613 0.149439 0.284613
1 0.658150 0.103086 0.680835 0.103086 0.680835 0.111463 0.658150 0.111463
1 0.052024 0.514664 0.055465 0.514664 0.055465 0.529870 0.052024 0.529870
1 0.156374 0.632859 0.171789 0.632859 0.171789 0.637037 0.156374 0.637037
1 0.294536 0.055562 0.310239 0.055562 0.310239 0.059621 0.294536 0.059621
1 0.148460 0.375199 0.164037 0.375199 0.164037 0.379790 0.148460 0.379790
1 0.022895 0.302365 0.027167 0.302365 0.027167 0.317126 0.022895 0.317126
1 0.183345 0.076696 0.199261 0.076696 0.199261 0.081627 0.183345 0.081627
1 0.022485 0.428148 0.026566 0.428148 0.026566 0.443276 0.022485 0.443276
1 0.051719 0.557805 0.055384 0.557805 0.055384 0.572098 0.051719 0.572098
1 0.165078 0.010063 0.170293 0.010063 0.170293 0.025874 0.165078 0.025874
1 0.625914 0.103370 0.648364 0.103370 0.648364 0.110857 0.625914 0.110857
1 0.182130 0.633465 0.198223 0.633465 0.198223 0.637458 0.182130 0.637458
1 0.618358 0.387745 0.641426 0.387745 0.641426 0.396137 0.618358 0.396137
1 0.290968 0.598415 0.295290 0.598415 0.295290 0.613946 0.290968 0.613946
1 0.155061 0.674768 0.170650 0.674768 0.170650 0.678893 0.155061 0.678893
1 0.149367 0.309351 0.164135 0.309351 0.164135 0.313054 0.149367 0.313054
1 0.022125 0.001972 0.027156 0.001972 0.027156 0.017512 0.022125 0.017512
1 0.155297 0.511876 0.170477 0.511876 0.170477 0.516146 0.155297 0.516146
1 0.290974 0.683545 0.295236 0.683545 0.295236 0.699327 0.290974 0.699327
1 0.320669 0.555729 0.324533 0.555729 0.324533 0.571572 0.320669 0.571572
1 0.195279 0.010324 0.199820 0.010324 0.199820 0.025656 0.195279 0.025656
1 0.182590 0.374684 0.198610 0.374684 0.198610 0.379315 0.182590 0.379315
1 0.793749 0.343681 0.803863 0.343681 0.803863 0.348230 0.793749 0.348230
1 0.182325 0.674308 0.197695 0.674308 0.197695 0.678685 0.182325 0.678685
1 0.183004 0.163705 0.199011 0.163705 0.199011 0.168421 0.183004 0.168421
1 0.051779 0.428297 0.055465 0.428297 0.055465 0.442469 0.051779 0.442469
1 0.182101 0.715312 0.197805 0.715312 0.197805 0.719741 0.182101 0.719741
1 0.052377 0.216460 0.055465 0.216460 0.055465 0.231495 0.052377 0.231495
1 0.182575 0.268462 0.199182 0.268462 0.199182 0.272251 0.182575 0.272251
1 0.052415 0.173895 0.056120 0.173895 0.056120 0.190004 0.052415 0.190004
1 0.155080 0.553009 0.172113 0.553009 0.172113 0.557247 0.155080 0.557247
1 0.052057 0.385604 0.055056 0.385604 0.055056 0.400405 0.052057 0.400405
1 0.320415 0.598463 0.324257 0.598463 0.324257 0.614037 0.320415 0.614037
1 0.182287 0.744793 0.198136 0.744793 0.198136 0.748766 0.182287 0.748766
1 0.052125 0.344433 0.055711 0.344433 0.055711 0.359569 0.052125 0.359569
1 0.291034 0.636798 0.295665 0.636798 0.295665 0.652328 0.291034 0.652328
1 0.182861 0.510771 0.198100 0.510771 0.198100 0.515280 0.182861 0.515280
1 0.052384 0.087007 0.055793 0.087007 0.055793 0.102849 0.052384 0.102849
1 0.291356 0.513001 0.295547 0.513001 0.295547 0.528382 0.291356 0.528382
1 0.172470 0.806056 0.177607 0.806056 0.177607 0.821420 0.172470 0.821420
1 0.149938 0.192717 0.164927 0.192717 0.164927 0.197177 0.149938 0.197177
1 0.182698 0.592128 0.197678 0.592128 0.197678 0.596516 0.182698 0.596516
1 0.183331 0.279106 0.198400 0.279106 0.198400 0.284021 0.183331 0.284021
1 0.328280 0.098306 0.343698 0.098306 0.343698 0.102350 0.328280 0.102350
1 0.803852 0.205327 0.808130 0.205327 0.808130 0.221344 0.803852 0.221344
1 0.681823 0.300493 0.705134 0.300493 0.705134 0.308094 0.681823 0.308094
1 0.908665 0.307714 0.916598 0.307714 0.916598 0.311029 0.908665 0.311029
1 0.052238 0.301746 0.055465 0.301746 0.055465 0.317423 0.052238 0.317423
0 0.649652 0.397177 0.671444 0.397177 0.671444 0.430640 0.649652 0.430640
1 0.648974 0.331078 0.672418 0.331078 0.672418 0.339738 0.648974 0.339738
1 0.051938 0.472268 0.054892 0.472268 0.054892 0.486661 0.051938 0.486661
1 0.832856 0.205540 0.837262 0.205540 0.837262 0.220003 0.832856 0.220003
1 0.156304 0.603430 0.171412 0.603430 0.171412 0.607914 0.156304 0.607914
1 0.146109 0.208478 0.151728 0.208478 0.151728 0.223386 0.146109 0.223386
1 0.022485 0.471930 0.026831 0.471930 0.026831 0.487280 0.022485 0.487280
1 0.022076 0.514731 0.026462 0.514731 0.026462 0.530004 0.022076 0.530004
1 0.934344 0.351527 0.949540 0.351527 0.949540 0.355312 0.934344 0.355312
1 0.298745 0.734785 0.302808 0.734785 0.302808 0.750479 0.298745 0.750479
1 0.154998 0.645770 0.170833 0.645770 0.170833 0.649739 0.154998 0.649739
1 0.148536 0.334236 0.164257 0.334236 0.164257 0.338464 0.148536 0.338464
1 0.149830 0.123101 0.164011 0.123101 0.164011 0.127513 0.149830 0.127513
1 0.052036 0.259424 0.055547 0.259424 0.055547 0.274459 0.052036 0.274459
1 0.149386 0.108015 0.165356 0.108015 0.165356 0.112129 0.149386 0.112129
1 0.294547 0.096471 0.310628 0.096471 0.310628 0.100324 0.294547 0.100324
1 0.150047 0.420107 0.165825 0.420107 0.165825 0.424210 0.150047 0.424210
1 0.183571 0.065201 0.199341 0.065201 0.199341 0.069214 0.183571 0.069214
1 0.712806 0.389592 0.735249 0.389592 0.735249 0.397853 0.712806 0.397853
1 0.052268 0.044237 0.055629 0.044237 0.055629 0.059475 0.052268 0.059475
1 0.149429 0.064105 0.164312 0.064105 0.164312 0.068032 0.149429 0.068032
0 0.682441 0.397550 0.704197 0.397550 0.704197 0.430874 0.682441 0.430874
1 0.182507 0.467534 0.197634 0.467534 0.197634 0.472114 0.182507 0.472114
1 0.385715 0.619667 0.389452 0.619667 0.389452 0.635608 0.385715 0.635608
1 0.182432 0.662855 0.198479 0.662855 0.198479 0.666582 0.182432 0.666582
1 0.321073 0.636716 0.324053 0.636716 0.324053 0.652335 0.321073 0.652335
1 0.384331 0.150983 0.388357 0.150983 0.388357 0.165214 0.384331 0.165214
1 0.291249 0.555619 0.295600 0.555619 0.295600 0.571138 0.291249 0.571138
1 0.052248 0.002108 0.056590 0.002108 0.056590 0.016457 0.052248 0.016457
1 0.322923 0.288369 0.325996 0.288369 0.325996 0.304091 0.322923 0.304091
1 0.321744 0.182723 0.324438 0.182723 0.324438 0.198375 0.321744 0.198375
1 0.021912 0.640922 0.026184 0.640922 0.026184 0.655738 0.021912 0.655738
1 0.683407 0.331182 0.705969 0.331182 0.705969 0.339484 0.683407 0.339484
1 0.749685 0.364727 0.758613 0.364727 0.758613 0.367461 0.749685 0.367461
1 0.052365 0.129896 0.055547 0.129896 0.055547 0.144503 0.052365 0.144503
1 0.328383 0.067929 0.343545 0.067929 0.343545 0.071813 0.328383 0.071813
1 0.149331 0.267593 0.165099 0.267593 0.165099 0.271908 0.149331 0.271908
1 0.148239 0.493657 0.164284 0.493657 0.164284 0.498484 0.148239 0.498484
1 0.713631 0.330949 0.736927 0.330949 0.736927 0.339020 0.713631 0.339020
1 0.681760 0.389367 0.704616 0.389367 0.704616 0.397014 0.681760 0.397014
1 0.181636 0.552313 0.198561 0.552313 0.198561 0.556777 0.181636 0.556777
1 0.323067 0.220375 0.325935 0.220375 0.325935 0.236134 0.323067 0.236134
1 0.648941 0.388528 0.672305 0.388528 0.672305 0.396860 0.648941 0.396860
1 0.828671 0.185298 0.832346 0.185298 0.832346 0.194452 0.828671 0.194452
1 0.183176 0.035938 0.198929 0.035938 0.198929 0.040729 0.183176 0.040729
1 0.809434 0.185353 0.812189 0.185353 0.812189 0.194252 0.809434 0.194252
1 0.619081 0.331296 0.641739 0.331296 0.641739 0.339606 0.619081 0.339606
1 0.290261 0.472076 0.295505 0.472076 0.295505 0.488051 0.290261 0.488051
1 0.021340 0.598204 0.026132 0.598204 0.026132 0.613436 0.021340 0.613436
1 0.182749 0.454655 0.198067 0.454655 0.198067 0.459025 0.182749 0.459025
1 0.181636 0.404312 0.198739 0.404312 0.198739 0.408077 0.181636 0.408077
1 0.148264 0.404366 0.165350 0.404366 0.165350 0.407995 0.148264 0.407995
1 0.183225 0.193380 0.198861 0.193380 0.198861 0.197606 0.183225 0.197606
1 0.183802 0.123640 0.198115 0.123640 0.198115 0.126996 0.183802 0.126996
1 0.416040 0.619935 0.419334 0.619935 0.419334 0.635717 0.416040 0.635717
1 0.321304 0.472362 0.324220 0.472362 0.324220 0.488192 0.321304 0.488192
1 0.290554 0.386067 0.294648 0.386067 0.294648 0.401820 0.290554 0.401820
1 0.354342 0.289143 0.368575 0.289143 0.368575 0.301709 0.354342 0.301709
1 0.388308 0.271924 0.404615 0.271924 0.404615 0.286891 0.388308 0.286891
0 0.713003 0.398111 0.733729 0.398111 0.733729 0.431430 0.713003 0.431430
1 0.750055 0.345805 0.758982 0.345805 0.758982 0.348539 0.750055 0.348539
1 0.793628 0.366396 0.803743 0.366396 0.803743 0.370945 0.793628 0.370945
1 0.861891 0.178622 0.885404 0.178622 0.885404 0.187193 0.861891 0.187193
1 0.943491 0.361990 0.947052 0.361990 0.947052 0.371811 0.943491 0.371811
1 0.963076 0.361818 0.966636 0.361818 0.966636 0.371639 0.963076 0.371639
1 0.934631 0.321835 0.949827 0.321835 0.949827 0.325620 0.934631 0.325620
1 0.908495 0.327511 0.916428 0.327511 0.916428 0.330826 0.908495 0.330826
1 0.892522 0.177919 0.895398 0.177919 0.895398 0.195226 0.892522 0.195226
1 0.923622 0.178398 0.926498 0.178398 0.926498 0.195705 0.923622 0.195705
1 0.155343 0.541036 0.171979 0.541036 0.171979 0.545316 0.155343 0.545316
1 0.294620 0.014452 0.310467 0.014452 0.310467 0.017940 0.294620 0.017940
