0 0.162414 0.868228 0.220118 0.868228 0.220118 0.946901 0.162414 0.946901
0 0.029555 0.895250 0.095563 0.895250 0.095563 0.946479 0.029555 0.946479
0 0.166496 0.161373 0.219105 0.161373 0.219105 0.229745 0.166496 0.229745
0 0.287488 0.566237 0.346251 0.566237 0.346251 0.646999 0.287488 0.646999
0 0.304816 0.131226 0.356439 0.131226 0.356439 0.198416 0.304816 0.198416
0 0.389147 0.126300 0.426781 0.126300 0.426781 0.195460 0.389147 0.195460
0 0.027096 0.669423 0.060350 0.669423 0.060350 0.690648 0.027096 0.690648
0 0.284721 0.706958 0.317721 0.706958 0.317721 0.727662 0.284721 0.727662
0 0.213189 0.494225 0.246387 0.494225 0.246387 0.515614 0.213189 0.515614
0 0.340117 0.516790 0.354795 0.516790 0.354795 0.542759 0.340117 0.542759
0 0.282466 0.770237 0.316288 0.770237 0.316288 0.791518 0.282466 0.791518
0 0.628237 0.847313 0.649875 0.847313 0.649875 0.880822 0.628237 0.880822
0 0.795898 0.957918 0.828597 0.957918 0.828597 0.979385 0.795898 0.979385
0 0.092283 0.815447 0.114361 0.815447 0.114361 0.848490 0.092283 0.848490
0 0.872248 0.838580 0.892819 0.838580 0.892819 0.869880 0.872248 0.869880
0 0.668423 0.418522 0.682584 0.418522 0.682584 0.443980 0.668423 0.443980
0 0.591047 0.712125 0.605490 0.712125 0.605490 0.737619 0.591047 0.737619
0 0.175816 0.679511 0.196772 0.679511 0.196772 0.713063 0.175816 0.713063
0 0.026347 0.181476 0.059188 0.181476 0.059188 0.202128 0.026347 0.202128
0 0.112791 0.660232 0.134252 0.660232 0.134252 0.693795 0.112791 0.693795
0 0.559160 0.619696 0.592426 0.619696 0.592426 0.641075 0.559160 0.641075
0 0.143325 0.815598 0.165295 0.815598 0.165295 0.848480 0.143325 0.848480
0 0.027834 0.703096 0.061788 0.703096 0.061788 0.724429 0.027834 0.724429
0 0.735066 0.965477 0.768323 0.965477 0.768323 0.987673 0.735066 0.987673
0 0.406110 0.824772 0.439854 0.824772 0.439854 0.845995 0.406110 0.845995
0 0.753863 0.252353 0.767807 0.252353 0.767807 0.277453 0.753863 0.277453
0 0.406088 0.792833 0.439389 0.792833 0.439389 0.813653 0.406088 0.813653
0 0.739271 0.294880 0.753856 0.294880 0.753856 0.320327 0.739271 0.320327
0 0.028658 0.611584 0.075624 0.611584 0.075624 0.632752 0.028658 0.632752
0 0.175742 0.816021 0.197190 0.816021 0.197190 0.849471 0.175742 0.849471
0 0.661081 0.817420 0.674539 0.817420 0.674539 0.843486 0.661081 0.843486
0 0.393056 0.537021 0.407694 0.537021 0.407694 0.562816 0.393056 0.562816
0 0.144907 0.678600 0.165531 0.678600 0.165531 0.711929 0.144907 0.711929
1 0.256568 0.567430 0.286399 0.567430 0.286399 0.579617 0.256568 0.579617
1 0.005941 0.897870 0.029274 0.897870 0.029274 0.942398 0.005941 0.942398
0 0.572289 0.374731 0.593932 0.374731 0.593932 0.408616 0.572289 0.408616
0 0.607666 0.945876 0.620428 0.945876 0.620428 0.971637 0.607666 0.971637
0 0.606736 0.352150 0.619989 0.352150 0.619989 0.377421 0.606736 0.377421
1 0.170043 0.230139 0.213601 0.230139 0.213601 0.250992 0.170043 0.250992
0 0.826448 0.251374 0.839200 0.251374 0.839200 0.277160 0.826448 0.277160
0 0.646939 0.466138 0.661545 0.466138 0.661545 0.492076 0.646939 0.492076
1 0.308362 0.198613 0.351472 0.198613 0.351472 0.220651 0.308362 0.220651
0 0.790010 0.560388 0.803137 0.560388 0.803137 0.585892 0.790010 0.585892
0 0.660663 0.377479 0.674751 0.377479 0.674751 0.403735 0.660663 0.403735
0 0.230323 0.573185 0.242263 0.573185 0.242263 0.597614 0.230323 0.597614
0 0.752368 0.483613 0.766873 0.483613 0.766873 0.510080 0.752368 0.510080
0 0.581718 0.792297 0.607492 0.792297 0.607492 0.807173 0.581718 0.807173
0 0.712455 0.886952 0.738261 0.886952 0.738261 0.900851 0.712455 0.900851
0 0.737713 0.367870 0.751755 0.367870 0.751755 0.394288 0.737713 0.394288
0 0.665095 0.606293 0.690644 0.606293 0.690644 0.621602 0.665095 0.621602
1 0.221428 0.913876 0.250235 0.913876 0.250235 0.924391 0.221428 0.924391
0 0.561331 0.670814 0.573988 0.670814 0.573988 0.696428 0.561331 0.696428
1 0.257874 0.632692 0.285975 0.632692 0.285975 0.644759 0.257874 0.644759
0 0.701649 0.855974 0.727543 0.855974 0.727543 0.871348 0.701649 0.871348
0 0.656614 0.303056 0.670017 0.303056 0.670017 0.328754 0.656614 0.328754
0 0.687010 0.335538 0.700589 0.335538 0.700589 0.361563 0.687010 0.361563
1 0.095703 0.898768 0.117587 0.898768 0.117587 0.942571 0.095703 0.942571
0 0.370970 0.675748 0.397366 0.675748 0.397366 0.690426 0.370970 0.690426
0 0.300805 0.664364 0.325445 0.664364 0.325445 0.677107 0.300805 0.677107
0 0.648912 0.529979 0.674588 0.529979 0.674588 0.544091 0.648912 0.544091
0 0.620749 0.739853 0.646565 0.739853 0.646565 0.753681 0.620749 0.753681
0 0.648743 0.787990 0.674475 0.787990 0.674475 0.803128 0.648743 0.803128
0 0.544673 0.591216 0.569516 0.591216 0.569516 0.604218 0.544673 0.604218
1 0.171990 0.141154 0.212405 0.141154 0.212405 0.161373 0.171990 0.161373
1 0.352180 0.589927 0.380744 0.589927 0.380744 0.602112 0.352180 0.602112
0 0.623547 0.480443 0.637114 0.480443 0.637114 0.506081 0.623547 0.506081
1 0.127128 0.890704 0.156569 0.890704 0.156569 0.901946 0.127128 0.901946
0 0.729430 0.200401 0.754650 0.200401 0.754650 0.213430 0.729430 0.213430
0 0.257451 0.743127 0.281427 0.743127 0.281427 0.755467 0.257451 0.755467
0 0.136938 0.592509 0.163222 0.592509 0.163222 0.606698 0.136938 0.606698
0 0.756897 0.884695 0.782689 0.884695 0.782689 0.898968 0.756897 0.898968
0 0.263382 0.909715 0.296777 0.909715 0.296777 0.927788 0.263382 0.927788
0 0.217771 0.831277 0.242735 0.831277 0.242735 0.844183 0.217771 0.844183
0 0.704769 0.651804 0.719396 0.651804 0.719396 0.677441 0.704769 0.677441
1 0.310686 0.110054 0.352104 0.110054 0.352104 0.130832 0.310686 0.130832
0 0.695655 0.241168 0.709198 0.241168 0.709198 0.266095 0.695655 0.266095
0 0.037756 0.110095 0.057689 0.110095 0.057689 0.156810 0.037756 0.156810
1 0.316687 0.768869 0.325889 0.768869 0.325889 0.792320 0.316687 0.792320
0 0.734180 0.724268 0.746753 0.724268 0.746753 0.748914 0.734180 0.748914
0 0.787312 0.374564 0.801345 0.374564 0.801345 0.400271 0.787312 0.400271
0 0.671767 0.086820 0.696846 0.086820 0.696846 0.099590 0.671767 0.099590
1 0.174454 0.805769 0.200357 0.805769 0.200357 0.815788 0.174454 0.815788
0 0.639684 0.570740 0.653022 0.570740 0.653022 0.596115 0.639684 0.596115
0 0.107037 0.713935 0.132905 0.713935 0.132905 0.728017 0.107037 0.728017
1 0.125438 0.912669 0.156808 0.912669 0.156808 0.923674 0.125438 0.923674
1 0.220942 0.892268 0.250082 0.892268 0.250082 0.902825 0.220942 0.902825
0 0.033337 0.821556 0.050664 0.821556 0.050664 0.866193 0.033337 0.866193
0 0.584847 0.820103 0.610188 0.820103 0.610188 0.833416 0.584847 0.833416
0 0.825810 0.298470 0.840395 0.298470 0.840395 0.324500 0.825810 0.324500
0 0.389507 0.644417 0.399921 0.644417 0.399921 0.661244 0.389507 0.661244
0 0.631357 0.377708 0.645700 0.377708 0.645700 0.403532 0.631357 0.403532
1 0.029229 0.632570 0.042353 0.632570 0.042353 0.648801 0.029229 0.648801
0 0.701061 0.514151 0.726276 0.514151 0.726276 0.528758 0.701061 0.528758
1 0.258287 0.611148 0.286156 0.611148 0.286156 0.622545 0.258287 0.622545
0 0.655644 0.506950 0.681416 0.506950 0.681416 0.521560 0.655644 0.521560
1 0.057923 0.126438 0.074214 0.126438 0.074214 0.141996 0.057923 0.141996
0 0.672779 0.885028 0.697875 0.885028 0.697875 0.898007 0.672779 0.898007
1 0.141770 0.805072 0.168033 0.805072 0.168033 0.815318 0.141770 0.815318
1 0.127131 0.933307 0.156819 0.933307 0.156819 0.945126 0.127131 0.945126
0 0.071902 0.548049 0.085895 0.548049 0.085895 0.573919 0.071902 0.573919
1 0.392497 0.195460 0.421708 0.195460 0.421708 0.213375 0.392497 0.213375
0 0.700879 0.492281 0.726940 0.492281 0.726940 0.506135 0.700879 0.506135
1 0.060671 0.668173 0.070368 0.668173 0.070368 0.691837 0.060671 0.691837
1 0.221307 0.935242 0.249886 0.935242 0.249886 0.945828 0.221307 0.945828
1 0.627049 0.881043 0.650045 0.881043 0.650045 0.889551 0.627049 0.889551
1 0.870696 0.870104 0.895691 0.870104 0.895691 0.879961 0.870696 0.879961
0 0.712929 0.284163 0.725858 0.284163 0.725858 0.309763 0.712929 0.309763
0 0.803578 0.298487 0.818472 0.298487 0.818472 0.325054 0.803578 0.325054
1 0.627035 0.838821 0.650835 0.838821 0.650835 0.846968 0.627035 0.846968
1 0.090630 0.805398 0.116757 0.805398 0.116757 0.815324 0.090630 0.815324
1 0.352700 0.568471 0.381815 0.568471 0.381815 0.580258 0.352700 0.580258
1 0.059251 0.178050 0.069236 0.178050 0.069236 0.204601 0.059251 0.204601
0 0.347002 0.789116 0.372413 0.789116 0.372413 0.803401 0.347002 0.803401
0 0.646968 0.351293 0.672373 0.351293 0.672373 0.364470 0.646968 0.364470
1 0.352634 0.611318 0.381391 0.611318 0.381391 0.623578 0.352634 0.623578
1 0.393505 0.108551 0.421264 0.108551 0.421264 0.125906 0.393505 0.125906
0 0.158811 0.621453 0.176412 0.621453 0.176412 0.654113 0.158811 0.654113
1 0.317924 0.705805 0.325893 0.705805 0.325893 0.728900 0.317924 0.728900
1 0.352216 0.632973 0.381606 0.632973 0.381606 0.645009 0.352216 0.645009
1 0.176545 0.631361 0.190039 0.631361 0.190039 0.641965 0.176545 0.641965
1 0.174757 0.713253 0.197989 0.713253 0.197989 0.721080 0.174757 0.721080
1 0.220942 0.870537 0.249934 0.870537 0.249934 0.880747 0.220942 0.880747
0 0.661263 0.854360 0.687035 0.854360 0.687035 0.868865 0.661263 0.868865
0 0.785231 0.435593 0.800717 0.435593 0.800717 0.443571 0.785231 0.443571
1 0.258244 0.589303 0.286466 0.589303 0.286466 0.601025 0.258244 0.601025
1 0.549598 0.619016 0.559304 0.619016 0.559304 0.644003 0.549598 0.644003
0 0.738401 0.696802 0.754219 0.696802 0.754219 0.704544 0.738401 0.704544
0 0.898403 0.311105 0.914464 0.311105 0.914464 0.318542 0.898403 0.318542
1 0.275455 0.705060 0.284271 0.705060 0.284271 0.728841 0.275455 0.728841
0 0.779296 0.743728 0.794595 0.743728 0.794595 0.751716 0.779296 0.751716
0 0.882902 0.262627 0.915727 0.262627 0.915727 0.280135 0.882902 0.280135
0 0.688756 0.281104 0.702223 0.281104 0.702223 0.306561 0.688756 0.306561
1 0.061636 0.632993 0.074469 0.632993 0.074469 0.648155 0.061636 0.648155
0 0.785442 0.415116 0.800990 0.415116 0.800990 0.422948 0.785442 0.422948
0 0.882702 0.333720 0.890395 0.333720 0.890395 0.349221 0.882702 0.349221
0 0.778415 0.769948 0.794181 0.769948 0.794181 0.778199 0.778415 0.778199
1 0.143868 0.712072 0.167364 0.712072 0.167364 0.721310 0.143868 0.721310
0 0.710203 0.378416 0.724508 0.378416 0.724508 0.404512 0.710203 0.404512
1 0.141555 0.849043 0.167242 0.849043 0.167242 0.858752 0.141555 0.858752
0 0.828347 0.082385 0.837785 0.082385 0.837785 0.099789 0.828347 0.099789
0 0.938113 0.334662 0.954698 0.334662 0.954698 0.343799 0.938113 0.343799
0 0.764923 0.620000 0.780789 0.620000 0.780789 0.628227 0.764923 0.628227
1 0.051230 0.836246 0.066996 0.836246 0.066996 0.849603 0.051230 0.849603
1 0.174243 0.849976 0.198840 0.849976 0.198840 0.858547 0.174243 0.858547
0 0.873952 0.366565 0.890510 0.366565 0.890510 0.375566 0.873952 0.375566
1 0.090347 0.848581 0.116898 0.848581 0.116898 0.858994 0.090347 0.858994
1 0.786630 0.956635 0.795798 0.956635 0.795798 0.980141 0.786630 0.980141
0 0.674435 0.052351 0.690057 0.052351 0.690057 0.059700 0.674435 0.059700
0 0.966792 0.860025 0.974621 0.860025 0.974621 0.875910 0.966792 0.875910
0 0.943416 0.819408 0.951114 0.819408 0.951114 0.835128 0.943416 0.835128
0 0.852234 0.835146 0.861387 0.835146 0.861387 0.851970 0.852234 0.851970
0 0.711699 0.618760 0.728040 0.618760 0.728040 0.626918 0.711699 0.626918
0 0.951704 0.263096 0.983968 0.263096 0.983968 0.281883 0.951704 0.281883
0 0.865854 0.333457 0.875230 0.333457 0.875230 0.349826 0.865854 0.349826
0 0.966840 0.819360 0.974416 0.819360 0.974416 0.835124 0.966840 0.835124
1 0.439648 0.790366 0.449864 0.790366 0.449864 0.816617 0.439648 0.816617
1 0.592566 0.619270 0.602169 0.619270 0.602169 0.642881 0.592566 0.642881
0 0.739271 0.647377 0.755175 0.647377 0.755175 0.655687 0.739271 0.655687
1 0.704628 0.677552 0.720497 0.677552 0.720497 0.682239 0.704628 0.682239
0 0.874789 0.154178 0.883061 0.154178 0.883061 0.171464 0.874789 0.171464
0 0.220630 0.982839 0.237375 0.982839 0.237375 0.992603 0.220630 0.992603
1 0.174977 0.670999 0.197935 0.670999 0.197935 0.678721 0.174977 0.678721
0 0.857690 0.155153 0.866009 0.155153 0.866009 0.171319 0.857690 0.171319
1 0.828529 0.955265 0.839186 0.955265 0.839186 0.981529 0.828529 0.981529
0 0.696025 0.422322 0.705299 0.422322 0.705299 0.438990 0.696025 0.438990
0 0.780939 0.298364 0.795165 0.298364 0.795165 0.324193 0.780939 0.324193
0 0.299483 0.853874 0.316342 0.853874 0.316342 0.863576 0.299483 0.863576
0 0.787942 0.660184 0.795992 0.660184 0.795992 0.676373 0.787942 0.676373
0 0.916418 0.864924 0.932195 0.864924 0.932195 0.872983 0.916418 0.872983
1 0.043835 0.596687 0.059662 0.596687 0.059662 0.611584 0.043835 0.611584
1 0.963088 0.281968 0.970406 0.281968 0.970406 0.295191 0.963088 0.295191
0 0.771709 0.637207 0.787875 0.637207 0.787875 0.645248 0.771709 0.645248
0 0.514410 0.983984 0.539907 0.983984 0.539907 0.996563 0.514410 0.996563
0 0.711701 0.555129 0.727400 0.555129 0.727400 0.563208 0.711701 0.563208
1 0.016127 0.852576 0.032772 0.852576 0.032772 0.866381 0.016127 0.866381
1 0.125926 0.868498 0.156662 0.868498 0.156662 0.880161 0.125926 0.880161
0 0.909768 0.829312 0.925208 0.829312 0.925208 0.836996 0.909768 0.836996
1 0.397173 0.823720 0.405426 0.823720 0.405426 0.847401 0.397173 0.847401
0 0.931399 0.282990 0.940783 0.282990 0.940783 0.299127 0.931399 0.299127
1 0.884263 0.246403 0.891558 0.246403 0.891558 0.262245 0.884263 0.262245
0 0.943318 0.860017 0.951280 0.860017 0.951280 0.876221 0.943318 0.876221
1 0.440200 0.823891 0.447402 0.823891 0.447402 0.847349 0.440200 0.847349
1 0.023087 0.111095 0.037651 0.111095 0.037651 0.124605 0.023087 0.124605
1 0.274668 0.768222 0.282131 0.768222 0.282131 0.791878 0.274668 0.791878
0 0.300288 0.871486 0.317660 0.871486 0.317660 0.879618 0.300288 0.879618
1 0.870625 0.827473 0.896018 0.827473 0.896018 0.838290 0.870625 0.838290
0 0.688110 0.377739 0.702414 0.377739 0.702414 0.404428 0.688110 0.404428
1 0.906126 0.280455 0.913899 0.280455 0.913899 0.295082 0.906126 0.295082
1 0.397632 0.791429 0.406177 0.791429 0.406177 0.815071 0.397632 0.815071
0 0.819758 0.773373 0.835842 0.773373 0.835842 0.781724 0.819758 0.781724
1 0.016565 0.820842 0.032960 0.820842 0.032960 0.833233 0.016565 0.833233
1 0.111230 0.693820 0.134953 0.693820 0.134953 0.702357 0.111230 0.702357
0 0.859007 0.110931 0.867126 0.110931 0.867126 0.127064 0.859007 0.127064
0 0.779873 0.703497 0.795574 0.703497 0.795574 0.711467 0.779873 0.711467
0 0.252017 0.972891 0.260972 0.972891 0.260972 0.989832 0.252017 0.989832
1 0.287061 0.895167 0.297307 0.895167 0.297307 0.909715 0.287061 0.909715
0 0.932519 0.251094 0.941063 0.251094 0.941063 0.267084 0.932519 0.267084
1 0.754670 0.198978 0.759631 0.198978 0.759631 0.215317 0.754670 0.215317
0 0.711488 0.538406 0.727911 0.538406 0.727911 0.547149 0.711488 0.547149
1 0.061729 0.702253 0.069886 0.702253 0.069886 0.726060 0.061729 0.726060
0 0.269267 0.851810 0.285878 0.851810 0.285878 0.861543 0.269267 0.861543
1 0.264785 0.895489 0.274723 0.895489 0.274723 0.909519 0.264785 0.909519
0 0.774449 0.453967 0.782168 0.453967 0.782168 0.469701 0.774449 0.469701
1 0.246401 0.493805 0.255719 0.493805 0.255719 0.517022 0.246401 0.517022
1 0.143873 0.670215 0.167638 0.670215 0.167638 0.678345 0.143873 0.678345
1 0.571727 0.366878 0.594147 0.366878 0.594147 0.374414 0.571727 0.374414
1 0.019063 0.701992 0.027783 0.701992 0.027783 0.725731 0.019063 0.725731
0 0.403955 0.066120 0.419659 0.066120 0.419659 0.074588 0.403955 0.074588
0 0.777976 0.793316 0.793576 0.793316 0.793576 0.801222 0.777976 0.801222
1 0.906352 0.247789 0.913616 0.247789 0.913616 0.262436 0.906352 0.262436
0 0.789306 0.686579 0.805118 0.686579 0.805118 0.695280 0.789306 0.695280
1 0.768541 0.964729 0.777712 0.964729 0.777712 0.988584 0.768541 0.988584
1 0.974112 0.281925 0.981348 0.281925 0.981348 0.296029 0.974112 0.296029
0 0.819188 0.815971 0.835030 0.815971 0.835030 0.824079 0.819188 0.824079
1 0.884342 0.280303 0.891444 0.280303 0.891444 0.293667 0.884342 0.293667
1 0.953084 0.248960 0.959992 0.248960 0.959992 0.263283 0.953084 0.263283
0 0.835062 0.370425 0.843010 0.370425 0.843010 0.386142 0.835062 0.386142
1 0.622841 0.506365 0.637638 0.506365 0.637638 0.510297 0.622841 0.510297
1 0.953072 0.281937 0.959438 0.281937 0.959438 0.295504 0.953072 0.295504
1 0.726695 0.964702 0.735173 0.964702 0.735173 0.988385 0.726695 0.988385
1 0.228733 0.568463 0.243627 0.568463 0.243627 0.572946 0.228733 0.572946
0 0.818644 0.348581 0.834215 0.348581 0.834215 0.356316 0.818644 0.356316
1 0.646674 0.738473 0.651616 0.738473 0.651616 0.755023 0.646674 0.755023
1 0.242807 0.830508 0.247746 0.830508 0.247746 0.845150 0.242807 0.845150
0 0.777548 0.817001 0.793360 0.817001 0.793360 0.824893 0.777548 0.824893
1 0.021546 0.144239 0.037599 0.144239 0.037599 0.157239 0.021546 0.157239
1 0.560272 0.666456 0.574512 0.666456 0.574512 0.670629 0.560272 0.670629
1 0.739381 0.290729 0.753885 0.290729 0.753885 0.294711 0.739381 0.294711
1 0.681361 0.506379 0.684252 0.506379 0.684252 0.523305 0.681361 0.523305
1 0.674501 0.787317 0.678847 0.787317 0.678847 0.804044 0.674501 0.804044
1 0.419616 0.066161 0.423927 0.066161 0.423927 0.074189 0.419616 0.074189
1 0.399645 0.066057 0.403972 0.066057 0.403972 0.074248 0.399645 0.074248
1 0.017083 0.179123 0.026122 0.179123 0.026122 0.203333 0.017083 0.203333
1 0.018940 0.667714 0.026983 0.667714 0.026983 0.691524 0.018940 0.691524
1 0.111634 0.651205 0.135325 0.651205 0.135325 0.660304 0.111634 0.660304
1 0.213046 0.829934 0.217603 0.829934 0.217603 0.845741 0.213046 0.845741
1 0.251992 0.970190 0.260986 0.970190 0.260986 0.972814 0.251992 0.972814
1 0.251945 0.989852 0.260903 0.989852 0.260903 0.993123 0.251945 0.993123
1 0.237410 0.983653 0.241067 0.983653 0.241067 0.992380 0.237410 0.992380
1 0.217277 0.983350 0.220575 0.983350 0.220575 0.992091 0.217277 0.992091
1 0.275537 0.927966 0.285696 0.927966 0.285696 0.942015 0.275537 0.942015
1 0.286015 0.852625 0.289190 0.852625 0.289190 0.861350 0.286015 0.861350
1 0.266075 0.852390 0.269249 0.852390 0.269249 0.861115 0.266075 0.861115
1 0.296318 0.854552 0.299493 0.854552 0.299493 0.863277 0.296318 0.863277
1 0.316393 0.854636 0.319670 0.854636 0.319670 0.863208 0.316393 0.863208
1 0.297131 0.871721 0.300205 0.871721 0.300205 0.879636 0.297131 0.879636
1 0.317777 0.871721 0.320876 0.871721 0.320876 0.879585 0.317777 0.879585
1 0.227928 0.597793 0.244094 0.597793 0.244094 0.602156 0.227928 0.602156
1 0.340433 0.542716 0.354797 0.542716 0.354797 0.546980 0.340433 0.546980
1 0.340076 0.512378 0.354759 0.512378 0.354759 0.516804 0.340076 0.516804
1 0.392339 0.562869 0.408496 0.562869 0.408496 0.567148 0.392339 0.567148
1 0.392518 0.532801 0.408206 0.532801 0.408206 0.537040 0.392518 0.537040
1 0.281602 0.741150 0.286318 0.741150 0.286318 0.757886 0.281602 0.757886
1 0.252980 0.741050 0.257135 0.741050 0.257135 0.757318 0.252980 0.757318
1 0.342984 0.787211 0.346976 0.787211 0.346976 0.804859 0.342984 0.804859
1 0.372504 0.787893 0.376537 0.787893 0.376537 0.804944 0.372504 0.804944
1 0.367862 0.675777 0.370930 0.675777 0.370930 0.690468 0.367862 0.690468
1 0.397593 0.675965 0.400419 0.675965 0.400419 0.690361 0.397593 0.690361
1 0.325447 0.664401 0.329708 0.664401 0.329708 0.677018 0.325447 0.677018
1 0.297023 0.663711 0.300671 0.663711 0.300671 0.676905 0.297023 0.676905
1 0.390210 0.661257 0.399088 0.661257 0.399088 0.664926 0.390210 0.664926
1 0.390079 0.640904 0.398985 0.640904 0.398985 0.644213 0.390079 0.644213
1 0.671031 0.052341 0.674369 0.052341 0.674369 0.059529 0.671031 0.059529
1 0.690172 0.052542 0.694250 0.052542 0.694250 0.059871 0.690172 0.059871
1 0.666417 0.085368 0.671596 0.085368 0.671596 0.100350 0.666417 0.100350
1 0.696944 0.085496 0.701807 0.085496 0.701807 0.100274 0.696944 0.100274
1 0.828848 0.099778 0.837339 0.099778 0.837339 0.103321 0.828848 0.103321
1 0.828463 0.079456 0.837524 0.079456 0.837524 0.082216 0.828463 0.082216
1 0.859076 0.107380 0.866875 0.107380 0.866875 0.110779 0.859076 0.110779
1 0.859179 0.127064 0.866977 0.127064 0.866977 0.130462 0.859179 0.130462
1 0.857887 0.151750 0.865685 0.151750 0.865685 0.155148 0.857887 0.155148
1 0.857928 0.171453 0.865871 0.171453 0.865871 0.175103 0.857928 0.175103
1 0.875000 0.171587 0.882943 0.171587 0.882943 0.175237 0.875000 0.175237
1 0.875042 0.150629 0.882984 0.150629 0.882984 0.154279 0.875042 0.154279
1 0.974865 0.248083 0.981919 0.248083 0.981919 0.263018 0.974865 0.263018
1 0.895629 0.247207 0.902593 0.247207 0.902593 0.262542 0.895629 0.262542
1 0.932415 0.247545 0.940467 0.247545 0.940467 0.250969 0.932415 0.250969
1 0.932812 0.267192 0.940864 0.267192 0.940864 0.270617 0.932812 0.270617
1 0.931737 0.279037 0.940498 0.279037 0.940498 0.282894 0.931737 0.282894
1 0.931653 0.299093 0.940783 0.299093 0.940783 0.302652 0.931653 0.302652
1 0.954784 0.335542 0.958100 0.335542 0.958100 0.343686 0.954784 0.343686
1 0.934699 0.335114 0.938015 0.335114 0.938015 0.343259 0.934699 0.343259
1 0.914655 0.311316 0.917970 0.311316 0.917970 0.319460 0.914655 0.319460
1 0.894754 0.310709 0.898407 0.310709 0.898407 0.319152 0.894754 0.319152
1 0.882962 0.349329 0.890518 0.349329 0.890518 0.353606 0.882962 0.353606
1 0.882619 0.329605 0.890460 0.329605 0.890460 0.333597 0.882619 0.333597
1 0.866197 0.349957 0.874550 0.349957 0.874550 0.353559 0.866197 0.353559
1 0.865869 0.329723 0.874222 0.329723 0.874222 0.333324 0.865869 0.333324
1 0.834314 0.348008 0.838595 0.348008 0.838595 0.356576 0.834314 0.356576
1 0.814872 0.348084 0.818564 0.348084 0.818564 0.356530 0.814872 0.356530
1 0.802734 0.324915 0.818888 0.324915 0.818888 0.328746 0.802734 0.328746
1 0.824144 0.324634 0.840949 0.324634 0.840949 0.328284 0.824144 0.328284
1 0.824694 0.294630 0.841133 0.294630 0.841133 0.298470 0.824694 0.298470
1 0.803008 0.294879 0.819123 0.294879 0.819123 0.298435 0.803008 0.298435
1 0.780609 0.294654 0.797164 0.294654 0.797164 0.298202 0.780609 0.298202
1 0.780168 0.324144 0.796567 0.324144 0.796567 0.327843 0.780168 0.327843
0 0.855610 0.360094 0.863559 0.360094 0.863559 0.375811 0.855610 0.375811
1 0.855368 0.356485 0.863494 0.356485 0.863494 0.360022 0.855368 0.360022
1 0.855349 0.375760 0.863475 0.375760 0.863475 0.379297 0.855349 0.379297
1 0.835006 0.386193 0.843132 0.386193 0.843132 0.389731 0.835006 0.389731
1 0.834963 0.366900 0.842548 0.366900 0.842548 0.370292 0.834963 0.370292
1 0.817243 0.386224 0.825369 0.386224 0.825369 0.389762 0.817243 0.389762
1 0.817882 0.367045 0.826008 0.367045 0.826008 0.370583 0.817882 0.370583
0 0.817331 0.370552 0.825279 0.370552 0.825279 0.386269 0.817331 0.386269
1 0.786707 0.371024 0.802307 0.371024 0.802307 0.374427 0.786707 0.374427
1 0.785027 0.400421 0.802194 0.400421 0.802194 0.405316 0.785027 0.405316
1 0.801049 0.415305 0.805052 0.415305 0.805052 0.422832 0.801049 0.422832
1 0.781217 0.414677 0.785326 0.414677 0.785326 0.423093 0.781217 0.423093
1 0.800791 0.436060 0.804793 0.436060 0.804793 0.443587 0.800791 0.443587
1 0.781128 0.435596 0.785130 0.435596 0.785130 0.443123 0.781128 0.443123
1 0.823867 0.277041 0.840307 0.277041 0.840307 0.280881 0.823867 0.280881
1 0.824171 0.246645 0.840578 0.246645 0.840578 0.251251 0.824171 0.251251
1 0.753774 0.247817 0.768809 0.247817 0.768809 0.252377 0.753774 0.252377
1 0.753474 0.277533 0.767934 0.277533 0.767934 0.282129 0.753474 0.282129
1 0.694788 0.266152 0.710689 0.266152 0.710689 0.269438 0.694788 0.269438
1 0.694961 0.236037 0.710689 0.236037 0.710689 0.241045 0.694961 0.241045
1 0.724587 0.198780 0.729161 0.198780 0.729161 0.216021 0.724587 0.216021
1 0.738584 0.320599 0.754639 0.320599 0.754639 0.324667 0.738584 0.324667
1 0.712192 0.309895 0.727285 0.309895 0.727285 0.314152 0.712192 0.314152
1 0.711897 0.279819 0.727430 0.279819 0.727430 0.284009 0.711897 0.284009
1 0.688455 0.306530 0.703658 0.306530 0.703658 0.310669 0.688455 0.310669
1 0.688511 0.276932 0.702461 0.276932 0.702461 0.281044 0.688511 0.281044
1 0.656587 0.298957 0.670537 0.298957 0.670537 0.303069 0.656587 0.303069
1 0.655990 0.328672 0.670312 0.328672 0.670312 0.332710 0.655990 0.332710
1 0.686202 0.331217 0.701735 0.331217 0.701735 0.335504 0.686202 0.335504
1 0.672472 0.350612 0.676325 0.350612 0.676325 0.366226 0.672472 0.366226
1 0.685957 0.361121 0.701136 0.361121 0.701136 0.364534 0.685957 0.364534
1 0.642535 0.350372 0.646866 0.350372 0.646866 0.365886 0.642535 0.365886
1 0.659944 0.374207 0.676165 0.374207 0.676165 0.377474 0.659944 0.377474
1 0.660321 0.403835 0.675922 0.403835 0.675922 0.407331 0.660321 0.407331
1 0.631017 0.403678 0.646568 0.403678 0.646568 0.407353 0.631017 0.407353
1 0.631069 0.373489 0.646786 0.373489 0.646786 0.377570 0.631069 0.377570
1 0.606463 0.377505 0.620780 0.377505 0.620780 0.381477 0.606463 0.381477
1 0.605473 0.348382 0.621301 0.348382 0.621301 0.351999 0.605473 0.351999
1 0.687113 0.374369 0.703334 0.374369 0.703334 0.377636 0.687113 0.377636
1 0.687817 0.404586 0.703085 0.404586 0.703085 0.408033 0.687817 0.408033
1 0.709062 0.404493 0.725430 0.404493 0.725430 0.408159 0.709062 0.408159
1 0.709346 0.374258 0.725640 0.374258 0.725640 0.378268 0.709346 0.378268
1 0.737863 0.394354 0.752107 0.394354 0.752107 0.398008 0.737863 0.398008
1 0.736911 0.363995 0.753042 0.363995 0.753042 0.367831 0.736911 0.367831
1 0.667800 0.414109 0.683752 0.414109 0.683752 0.418467 0.667800 0.418467
1 0.667703 0.443873 0.683660 0.443873 0.683660 0.448004 0.667703 0.448004
1 0.695455 0.439029 0.705446 0.439029 0.705446 0.442867 0.695455 0.442867
1 0.696328 0.418803 0.704917 0.418803 0.704917 0.422246 0.696328 0.422246
1 0.645710 0.492074 0.661922 0.492074 0.661922 0.495789 0.645710 0.495789
1 0.645546 0.462930 0.661632 0.462930 0.661632 0.466229 0.645546 0.466229
1 0.622144 0.476437 0.637882 0.476437 0.637882 0.480270 0.622144 0.480270
1 0.674417 0.528560 0.678686 0.528560 0.678686 0.545059 0.674417 0.545059
1 0.651260 0.506251 0.655566 0.506251 0.655566 0.522977 0.651260 0.522977
1 0.644349 0.529491 0.648788 0.529491 0.648788 0.545104 0.644349 0.545104
1 0.697017 0.514252 0.700956 0.514252 0.700956 0.530308 0.697017 0.530308
1 0.726470 0.514278 0.730409 0.514278 0.730409 0.530334 0.726470 0.530334
1 0.726886 0.491328 0.730826 0.491328 0.730826 0.507384 0.726886 0.507384
1 0.696926 0.491225 0.700865 0.491225 0.700865 0.507282 0.696926 0.507282
1 0.751907 0.510090 0.768396 0.510090 0.768396 0.513680 0.751907 0.513680
1 0.752179 0.479533 0.768581 0.479533 0.768581 0.483634 0.752179 0.483634
1 0.774304 0.450071 0.782252 0.450071 0.782252 0.453874 0.774304 0.453874
1 0.774267 0.469664 0.782112 0.469664 0.782112 0.473448 0.774267 0.473448
1 0.727949 0.538359 0.731734 0.538359 0.731734 0.547196 0.727949 0.547196
1 0.708010 0.538366 0.711368 0.538366 0.711368 0.547110 0.708010 0.547110
1 0.727427 0.555106 0.731450 0.555106 0.731450 0.563518 0.727427 0.563518
1 0.707564 0.554953 0.711587 0.554953 0.711587 0.563365 0.707564 0.563365
1 0.788636 0.556508 0.805010 0.556508 0.805010 0.560329 0.788636 0.560329
1 0.788066 0.585823 0.804440 0.585823 0.804440 0.589644 0.788066 0.589644
1 0.780883 0.620616 0.784631 0.620616 0.784631 0.628381 0.780883 0.628381
1 0.761442 0.620417 0.764918 0.620417 0.764918 0.628012 0.761442 0.628012
1 0.787984 0.637180 0.791618 0.637180 0.791618 0.645374 0.787984 0.645374
1 0.767980 0.636836 0.771614 0.636836 0.771614 0.645030 0.767980 0.645030
1 0.788926 0.656394 0.795614 0.656394 0.795614 0.660095 0.788926 0.660095
1 0.805185 0.687464 0.808889 0.687464 0.808889 0.695420 0.805185 0.695420
1 0.787320 0.675860 0.795732 0.675860 0.795732 0.680150 0.787320 0.680150
1 0.785490 0.686460 0.789177 0.686460 0.789177 0.695117 0.785490 0.695117
1 0.795622 0.703325 0.799401 0.703325 0.799401 0.711567 0.795622 0.711567
1 0.776022 0.703474 0.779818 0.703474 0.779818 0.711457 0.776022 0.711457
1 0.794674 0.743781 0.798453 0.743781 0.798453 0.752023 0.794674 0.752023
1 0.775179 0.743622 0.779226 0.743622 0.779226 0.751767 0.775179 0.751767
1 0.732890 0.749035 0.747715 0.749035 0.747715 0.753241 0.732890 0.753241
1 0.732148 0.719915 0.748290 0.719915 0.748290 0.724115 0.732148 0.724115
1 0.754232 0.697557 0.757765 0.697557 0.757765 0.703889 0.754232 0.703889
1 0.734252 0.697015 0.738355 0.697015 0.738355 0.704359 0.734252 0.704359
1 0.775002 0.770035 0.778321 0.770035 0.778321 0.777564 0.775002 0.777564
1 0.794273 0.770430 0.797592 0.770430 0.797592 0.777959 0.794273 0.777959
1 0.793675 0.793502 0.796993 0.793502 0.796993 0.801031 0.793675 0.801031
1 0.773854 0.793292 0.777940 0.793292 0.777940 0.801049 0.773854 0.801049
1 0.793463 0.817203 0.797003 0.817203 0.797003 0.824667 0.793463 0.824667
1 0.774047 0.817228 0.777587 0.817228 0.777587 0.824693 0.774047 0.824693
1 0.815630 0.773447 0.819780 0.773447 0.819780 0.781339 0.815630 0.781339
1 0.835917 0.773512 0.839232 0.773512 0.839232 0.781762 0.835917 0.781762
1 0.835251 0.792760 0.839193 0.792760 0.839193 0.800598 0.835251 0.800598
0 0.819169 0.792351 0.835253 0.792351 0.835253 0.800702 0.819169 0.800702
1 0.815369 0.792674 0.819114 0.792674 0.819114 0.800240 0.815369 0.800240
1 0.835111 0.816004 0.838983 0.816004 0.838983 0.824346 0.835111 0.824346
1 0.815399 0.816013 0.819084 0.816013 0.819084 0.823954 0.815399 0.823954
1 0.852847 0.852046 0.861189 0.852046 0.861189 0.854736 0.852847 0.854736
1 0.852730 0.832405 0.860596 0.832405 0.860596 0.835048 0.852730 0.835048
1 0.782841 0.884414 0.786275 0.884414 0.786275 0.900115 0.782841 0.900115
1 0.753075 0.883296 0.756843 0.883296 0.756843 0.899722 0.753075 0.899722
1 0.738417 0.886825 0.741893 0.886825 0.741893 0.901644 0.738417 0.901644
1 0.708958 0.884893 0.712291 0.884893 0.712291 0.901425 0.708958 0.901425
1 0.727586 0.855770 0.730919 0.855770 0.730919 0.872303 0.727586 0.872303
1 0.696974 0.855786 0.701516 0.855786 0.701516 0.871525 0.696974 0.871525
1 0.687045 0.854331 0.691092 0.854331 0.691092 0.869194 0.687045 0.869194
1 0.656933 0.853123 0.661050 0.853123 0.661050 0.869384 0.656933 0.869384
1 0.697853 0.885062 0.701908 0.885062 0.701908 0.899046 0.697853 0.899046
1 0.667691 0.883108 0.672877 0.883108 0.672877 0.899995 0.667691 0.899995
1 0.644674 0.786765 0.649020 0.786765 0.649020 0.803492 0.644674 0.803492
1 0.659005 0.812409 0.676473 0.812409 0.676473 0.817173 0.659005 0.817173
1 0.658354 0.843457 0.676818 0.843457 0.676818 0.847905 0.658354 0.847905
1 0.610297 0.819393 0.614526 0.819393 0.614526 0.835151 0.610297 0.835151
1 0.580471 0.818059 0.584665 0.818059 0.584665 0.834785 0.580471 0.834785
1 0.577402 0.791018 0.581596 0.791018 0.581596 0.807745 0.577402 0.807745
1 0.607573 0.791282 0.611766 0.791282 0.611766 0.808009 0.607573 0.808009
1 0.616885 0.738209 0.620753 0.738209 0.620753 0.754787 0.616885 0.754787
1 0.591275 0.737716 0.605503 0.737716 0.605503 0.741758 0.591275 0.741758
1 0.591333 0.707343 0.605416 0.707343 0.605416 0.712125 0.591333 0.712125
1 0.560698 0.696386 0.574939 0.696386 0.574939 0.700559 0.560698 0.700559
1 0.569621 0.591308 0.573665 0.591308 0.573665 0.606431 0.569621 0.606431
1 0.540680 0.590796 0.544724 0.590796 0.544724 0.605918 0.540680 0.605918
1 0.638787 0.596162 0.654903 0.596162 0.654903 0.600629 0.638787 0.600629
1 0.638453 0.566841 0.654664 0.566841 0.654664 0.570706 0.638453 0.570706
1 0.606585 0.941997 0.622415 0.941997 0.622415 0.945912 0.606585 0.945912
1 0.606183 0.971737 0.622013 0.971737 0.622013 0.975652 0.606183 0.975652
1 0.540020 0.982793 0.543308 0.982793 0.543308 0.998080 0.540020 0.998080
1 0.510296 0.982844 0.514325 0.982844 0.514325 0.998025 0.510296 0.998025
1 0.705018 0.647238 0.720251 0.647238 0.720251 0.651781 0.705018 0.651781
1 0.735047 0.647711 0.739051 0.647711 0.739051 0.656050 0.735047 0.656050
1 0.755210 0.647450 0.758942 0.647450 0.758942 0.655855 0.755210 0.655855
1 0.925353 0.829347 0.929206 0.829347 0.929206 0.837304 0.925353 0.837304
1 0.905847 0.829213 0.909701 0.829213 0.909701 0.837170 0.905847 0.837170
1 0.932309 0.864810 0.936130 0.864810 0.936130 0.872642 0.932309 0.872642
1 0.912616 0.865248 0.916470 0.865248 0.916470 0.873204 0.912616 0.873204
1 0.943388 0.876383 0.951242 0.876383 0.951242 0.879984 0.943388 0.879984
1 0.943370 0.856337 0.951223 0.856337 0.951223 0.859937 0.943370 0.859937
1 0.966445 0.875978 0.974469 0.875978 0.974469 0.879901 0.966445 0.879901
1 0.966861 0.856801 0.974634 0.856801 0.974634 0.859937 0.966861 0.859937
1 0.989207 0.876681 0.997349 0.876681 0.997349 0.880395 0.989207 0.880395
0 0.989554 0.860728 0.997383 0.860728 0.997383 0.876614 0.989554 0.876614
1 0.989471 0.857391 0.997395 0.857391 0.997395 0.860641 0.989471 0.860641
0 0.990269 0.819799 0.998097 0.819799 0.998097 0.835685 0.990269 0.835685
1 0.990273 0.835753 0.997999 0.835753 0.997999 0.839157 0.990273 0.839157
1 0.990112 0.816861 0.998110 0.816861 0.998110 0.819712 0.990112 0.819712
1 0.966801 0.835201 0.974454 0.835201 0.974454 0.838727 0.966801 0.838727
1 0.966874 0.815829 0.974527 0.815829 0.974527 0.819355 0.966874 0.819355
1 0.943276 0.835218 0.951437 0.835218 0.951437 0.838850 0.943276 0.838850
1 0.943539 0.815781 0.951104 0.815781 0.951104 0.819445 0.943539 0.819445
1 0.690729 0.606210 0.694331 0.606210 0.694331 0.621701 0.690729 0.621701
1 0.661376 0.606192 0.664977 0.606192 0.664977 0.621683 0.661376 0.621683
1 0.708530 0.618699 0.711629 0.618699 0.711629 0.626895 0.708530 0.626895
1 0.728048 0.618801 0.731506 0.618801 0.731506 0.626895 0.728048 0.626895
1 0.204234 0.493374 0.212918 0.493374 0.212918 0.517267 0.204234 0.517267
1 0.163414 0.591505 0.166764 0.591505 0.166764 0.608109 0.163414 0.608109
1 0.133540 0.591068 0.136809 0.591068 0.136809 0.607359 0.133540 0.607359
1 0.070880 0.573977 0.087378 0.573977 0.087378 0.578982 0.070880 0.578982
1 0.071871 0.544988 0.086687 0.544988 0.086687 0.548011 0.071871 0.548011
1 0.133051 0.713222 0.137270 0.713222 0.137270 0.729260 0.133051 0.729260
1 0.102800 0.712766 0.107039 0.712766 0.107039 0.729013 0.102800 0.729013
1 0.890549 0.367155 0.894579 0.367155 0.894579 0.375824 0.890549 0.375824
1 0.870269 0.366887 0.873980 0.366887 0.873980 0.375430 0.870269 0.375430
1 0.144323 0.620922 0.158714 0.620922 0.158714 0.630966 0.144323 0.630966
1 0.143999 0.643132 0.158390 0.643132 0.158390 0.653176 0.143999 0.653176
1 0.762367 0.424203 0.771891 0.424203 0.771891 0.426913 0.762367 0.426913
1 0.052551 0.003825 0.116736 0.003825 0.116736 0.036358 0.052551 0.036358
1 0.398351 0.007505 0.461504 0.007505 0.461504 0.040480 0.398351 0.040480
1 0.547838 0.005361 0.554986 0.005361 0.554986 0.036039 0.547838 0.036039
1 0.556178 0.005262 0.563326 0.005262 0.563326 0.035940 0.556178 0.035940
1 0.573155 0.005262 0.580303 0.005262 0.580303 0.035940 0.573155 0.035940
1 0.564815 0.005361 0.571964 0.005361 0.571964 0.036039 0.564815 0.036039
1 0.607209 0.005063 0.614357 0.005063 0.614357 0.035742 0.607209 0.035742
1 0.598869 0.005163 0.606017 0.005163 0.606017 0.035841 0.598869 0.035841
1 0.590231 0.005063 0.597380 0.005063 0.597380 0.035742 0.590231 0.035742
1 0.581892 0.005163 0.589040 0.005163 0.589040 0.035841 0.581892 0.035841
1 0.616442 0.005659 0.623590 0.005659 0.623590 0.036337 0.616442 0.036337
1 0.624782 0.005560 0.631930 0.005560 0.631930 0.036238 0.624782 0.036238
1 0.641759 0.005560 0.648907 0.005560 0.648907 0.036238 0.641759 0.036238
1 0.633419 0.005659 0.640567 0.005659 0.640567 0.036337 0.633419 0.036337
1 0.675813 0.005262 0.683755 0.005262 0.683755 0.036635 0.675813 0.036635
1 0.667473 0.005461 0.674621 0.005461 0.674621 0.036139 0.667473 0.036139
1 0.658835 0.005361 0.665984 0.005361 0.665984 0.036039 0.658835 0.036039
1 0.650496 0.005461 0.657644 0.005461 0.657644 0.036139 0.650496 0.036139
1 0.801206 0.003872 0.840422 0.003872 0.840422 0.013403 0.801206 0.013403
1 0.801305 0.015389 0.840521 0.015389 0.840521 0.024920 0.801305 0.024920
1 0.801801 0.037628 0.841018 0.037628 0.841018 0.047159 0.801801 0.047159
1 0.801702 0.026111 0.840918 0.026111 0.840918 0.035642 0.801702 0.035642
1 0.849159 0.055002 0.857399 0.055002 0.857399 0.095013 0.849159 0.095013
1 0.860775 0.055201 0.869015 0.055201 0.869015 0.095211 0.860775 0.095211
1 0.883411 0.055399 0.891652 0.055399 0.891652 0.095410 0.883411 0.095410
1 0.871795 0.055201 0.880036 0.055201 0.880036 0.095211 0.871795 0.095211
1 0.905253 0.055598 0.913494 0.055598 0.913494 0.095609 0.905253 0.095609
1 0.893637 0.055399 0.901878 0.055399 0.901878 0.095410 0.893637 0.095410
1 0.922826 0.057484 0.994508 0.057484 0.994508 0.094516 0.922826 0.094516
1 0.290207 0.990109 0.307236 0.990109 0.307236 0.994753 0.290207 0.994753
1 0.988301 0.774810 0.995515 0.774810 0.995515 0.803247 0.988301 0.803247
1 0.979205 0.775019 0.986419 0.775019 0.986419 0.803456 0.979205 0.803456
1 0.970527 0.774496 0.977741 0.774496 0.977741 0.802934 0.970527 0.802934
1 0.961536 0.774705 0.968750 0.774705 0.968750 0.803143 0.961536 0.803143
1 0.953590 0.774287 0.960804 0.774287 0.960804 0.802725 0.953590 0.802725
1 0.945435 0.774182 0.952649 0.774182 0.952649 0.802620 0.945435 0.802620
1 0.936444 0.774182 0.943658 0.774182 0.943658 0.802620 0.936444 0.802620
1 0.928185 0.774078 0.935399 0.774078 0.935399 0.802515 0.928185 0.802515
1 0.919193 0.774810 0.926407 0.774810 0.926407 0.803247 0.919193 0.803247
1 0.910620 0.774705 0.917834 0.774705 0.917834 0.803143 0.910620 0.803143
1 0.902361 0.774705 0.909575 0.774705 0.909575 0.803143 0.902361 0.803143
1 0.893892 0.774078 0.901106 0.774078 0.901106 0.802515 0.893892 0.802515
1 0.885319 0.773973 0.892533 0.773973 0.892533 0.802411 0.885319 0.802411
1 0.877060 0.773973 0.884274 0.773973 0.884274 0.802411 0.877060 0.802411
1 0.868173 0.774287 0.875387 0.774287 0.875387 0.802725 0.868173 0.802725
1 0.822485 0.749300 0.851654 0.749300 0.851654 0.756932 0.822485 0.756932
1 0.821962 0.740936 0.852177 0.740936 0.852177 0.747418 0.821962 0.747418
1 0.821544 0.732362 0.852386 0.732362 0.852386 0.739995 0.821544 0.739995
1 0.821334 0.723789 0.852177 0.723789 0.852177 0.731421 0.821334 0.731421
1 0.821439 0.706539 0.852281 0.706539 0.852281 0.714171 0.821439 0.714171
1 0.821648 0.715112 0.852490 0.715112 0.852490 0.722744 0.821648 0.722744
1 0.821753 0.697756 0.852595 0.697756 0.852595 0.705389 0.821753 0.705389
1 0.821544 0.689183 0.852386 0.689183 0.852386 0.696815 0.821544 0.696815
1 0.821544 0.680506 0.852386 0.680506 0.852386 0.688138 0.821544 0.688138
1 0.821334 0.671933 0.852177 0.671933 0.852177 0.679565 0.821334 0.679565
1 0.821962 0.663569 0.852804 0.663569 0.852804 0.671201 0.821962 0.671201
1 0.821753 0.654995 0.852595 0.654995 0.852595 0.662628 0.821753 0.662628
1 0.822694 0.646527 0.853536 0.646527 0.853536 0.654159 0.822694 0.654159
1 0.822380 0.637954 0.853222 0.637954 0.853222 0.645586 0.822380 0.645586
1 0.822903 0.629485 0.853745 0.629485 0.853745 0.637117 0.822903 0.637117
1 0.822589 0.620912 0.853431 0.620912 0.853431 0.628544 0.822589 0.628544
1 0.823007 0.612548 0.853850 0.612548 0.853850 0.620180 0.823007 0.620180
1 0.822694 0.603975 0.853536 0.603975 0.853536 0.611607 0.822694 0.611607
1 0.822903 0.594984 0.853745 0.594984 0.853745 0.602616 0.822903 0.602616
1 0.823321 0.586620 0.854163 0.586620 0.854163 0.594252 0.823321 0.594252
1 0.823007 0.578047 0.853850 0.578047 0.853850 0.585679 0.823007 0.585679
1 0.823216 0.552536 0.854059 0.552536 0.854059 0.560169 0.823216 0.560169
1 0.823530 0.560796 0.854372 0.560796 0.854372 0.568428 0.823530 0.568428
1 0.823112 0.569055 0.853954 0.569055 0.853954 0.576687 0.823112 0.576687
1 0.823112 0.543650 0.853954 0.543650 0.853954 0.551282 0.823112 0.551282
1 0.823530 0.535390 0.854372 0.535390 0.854372 0.543022 0.823530 0.543022
1 0.823216 0.527235 0.854059 0.527235 0.854059 0.534867 0.823216 0.534867
1 0.823216 0.517930 0.854059 0.517930 0.854059 0.525562 0.823216 0.525562
1 0.822903 0.509671 0.853745 0.509671 0.853745 0.517303 0.822903 0.517303
1 0.823112 0.501411 0.853954 0.501411 0.853954 0.509044 0.823112 0.509044
1 0.822798 0.493152 0.853640 0.493152 0.853640 0.500784 0.822798 0.500784
1 0.823007 0.450600 0.853850 0.450600 0.853850 0.458232 0.823007 0.458232
1 0.823321 0.458860 0.854163 0.458860 0.854163 0.466492 0.823321 0.466492
1 0.823425 0.475378 0.854268 0.475378 0.854268 0.483011 0.823425 0.483011
1 0.823112 0.467119 0.853954 0.467119 0.853954 0.474751 0.823112 0.474751
1 0.823635 0.484474 0.854477 0.484474 0.854477 0.492106 0.823635 0.492106
