0 0.251340 0.385719 0.351040 0.385719 0.351040 0.487390 0.251340 0.487390
0 0.251360 0.517801 0.351425 0.517801 0.351425 0.617866 0.251360 0.617866
0 0.427072 0.522110 0.529052 0.522110 0.529052 0.624090 0.427072 0.624090
0 0.437253 0.719015 0.487377 0.719015 0.487377 0.785171 0.437253 0.785171
0 0.521284 0.714040 0.558509 0.714040 0.558509 0.782407 0.521284 0.782407
0 0.298307 0.749237 0.350826 0.749237 0.350826 0.817420 0.298307 0.817420
1 0.530489 0.388530 0.595876 0.388530 0.595876 0.417041 0.530489 0.417041
0 0.428748 0.389009 0.530489 0.389009 0.530489 0.491947 0.428748 0.491947
0 0.886137 0.839705 0.899762 0.839705 0.899762 0.865412 0.886137 0.865412
0 0.935436 0.886281 0.950479 0.886281 0.950479 0.912271 0.935436 0.912271
0 0.913434 0.886201 0.927612 0.886201 0.927612 0.911964 0.913434 0.911964
0 0.842204 0.966314 0.856773 0.966314 0.856773 0.992141 0.842204 0.992141
0 0.919148 0.962971 0.933508 0.962971 0.933508 0.988279 0.919148 0.988279
0 0.739062 0.940323 0.752194 0.940323 0.752194 0.965559 0.739062 0.965559
0 0.788920 0.890196 0.802673 0.890196 0.802673 0.916303 0.788920 0.916303
0 0.792314 0.965110 0.807526 0.965110 0.807526 0.991671 0.792314 0.991671
0 0.819329 0.923793 0.832402 0.923793 0.832402 0.949735 0.819329 0.949735
0 0.869925 0.956002 0.884198 0.956002 0.884198 0.982246 0.869925 0.982246
0 0.957811 0.886231 0.972703 0.886231 0.972703 0.911929 0.957811 0.911929
0 0.871576 0.882348 0.886098 0.882348 0.886098 0.908005 0.871576 0.908005
0 0.989740 0.742887 0.997705 0.742887 0.997705 0.758663 0.989740 0.758663
0 0.763279 0.965185 0.778422 0.965185 0.778422 0.991195 0.763279 0.991195
0 0.828196 0.827532 0.841374 0.827532 0.841374 0.853265 0.828196 0.853265
0 0.157927 0.768877 0.191508 0.768877 0.191508 0.790127 0.157927 0.790127
0 0.803298 0.674537 0.829069 0.674537 0.829069 0.687521 0.803298 0.687521
0 0.906854 0.529836 0.914759 0.529836 0.914759 0.545651 0.906854 0.545651
0 0.820347 0.965958 0.835022 0.965958 0.835022 0.991972 0.820347 0.991972
0 0.845104 0.871368 0.858181 0.871368 0.858181 0.897540 0.845104 0.897540
0 0.778444 0.939281 0.804645 0.939281 0.804645 0.952590 0.778444 0.952590
0 0.861105 0.788415 0.887147 0.788415 0.887147 0.801562 0.861105 0.801562
0 0.958244 0.839012 0.971379 0.839012 0.971379 0.864644 0.958244 0.864644
0 0.820891 0.869049 0.834432 0.869049 0.834432 0.894640 0.820891 0.894640
0 0.987412 0.947615 0.995524 0.947615 0.995524 0.963490 0.987412 0.963490
0 0.966731 0.957613 0.974784 0.957613 0.974784 0.973512 0.966731 0.973512
0 0.949157 0.957986 0.958367 0.957986 0.958367 0.973978 0.949157 0.973978
1 0.832956 0.442619 0.861505 0.442619 0.861505 0.449166 0.832956 0.449166
1 0.191585 0.765870 0.201134 0.765870 0.201134 0.792270 0.191585 0.792270
0 0.960526 0.670041 0.970119 0.670041 0.970119 0.687367 0.960526 0.687367
1 0.832734 0.571305 0.860783 0.571305 0.860783 0.578151 0.832734 0.578151
1 0.832252 0.562818 0.860679 0.562818 0.860679 0.568888 0.832252 0.568888
1 0.833161 0.468910 0.861678 0.468910 0.861678 0.474895 0.833161 0.474895
1 0.832182 0.554327 0.860959 0.554327 0.860959 0.560341 0.832182 0.560341
1 0.303511 0.728829 0.344377 0.728829 0.344377 0.749053 0.303511 0.749053
1 0.149024 0.767248 0.157819 0.767248 0.157819 0.790869 0.149024 0.790869
1 0.155079 0.699013 0.169841 0.699013 0.169841 0.712219 0.155079 0.712219
1 0.800970 0.395889 0.806459 0.395889 0.806459 0.424898 0.800970 0.424898
1 0.529637 0.598109 0.592334 0.598109 0.592334 0.625705 0.529637 0.625705
1 0.439833 0.785171 0.483767 0.785171 0.483767 0.808679 0.439833 0.808679
1 0.442097 0.698067 0.484797 0.698067 0.484797 0.718647 0.442097 0.718647
1 0.707196 0.395357 0.712673 0.395357 0.712673 0.424796 0.707196 0.424796
0 0.951117 0.936406 0.967261 0.936406 0.967261 0.944653 0.951117 0.944653
0 0.570443 0.447500 0.587122 0.447500 0.587122 0.456589 0.570443 0.456589
1 0.832956 0.460013 0.861537 0.460013 0.861537 0.466502 0.832956 0.466502
1 0.832627 0.511548 0.862008 0.511548 0.862008 0.517541 0.832627 0.517541
1 0.832516 0.520125 0.861968 0.520125 0.861968 0.526257 0.832516 0.526257
1 0.705767 0.593553 0.711464 0.593553 0.711464 0.623383 0.705767 0.623383
1 0.529438 0.518475 0.594023 0.518475 0.594023 0.548774 0.529438 0.548774
1 0.741036 0.394680 0.746877 0.394680 0.746877 0.424710 0.741036 0.424710
0 0.145089 0.425148 0.161904 0.425148 0.161904 0.434317 0.145089 0.434317
1 0.832855 0.451642 0.861576 0.451642 0.861576 0.457718 0.832855 0.457718
0 0.535460 0.653924 0.551815 0.653924 0.551815 0.663322 0.535460 0.663322
1 0.749655 0.395503 0.755558 0.395503 0.755558 0.424495 0.749655 0.424495
1 0.690037 0.395411 0.695590 0.395411 0.695590 0.424819 0.690037 0.424819
1 0.732738 0.395361 0.738207 0.395361 0.738207 0.424703 0.732738 0.424703
1 0.697221 0.593665 0.703044 0.593665 0.703044 0.622217 0.697221 0.622217
1 0.680369 0.395378 0.686900 0.395378 0.686900 0.424566 0.680369 0.424566
1 0.832427 0.485994 0.862466 0.485994 0.862466 0.491924 0.832427 0.491924
1 0.748500 0.593800 0.754157 0.593800 0.754157 0.624138 0.748500 0.624138
1 0.832120 0.537352 0.861756 0.537352 0.861756 0.543002 0.832120 0.543002
1 0.832189 0.545743 0.861380 0.545743 0.861380 0.551648 0.832189 0.551648
0 0.738369 0.371140 0.754380 0.371140 0.754380 0.378996 0.738369 0.378996
1 0.832490 0.494575 0.862119 0.494575 0.862119 0.500325 0.832490 0.500325
1 0.688670 0.593738 0.694715 0.593738 0.694715 0.623307 0.688670 0.623307
1 0.723935 0.395304 0.729669 0.395304 0.729669 0.424502 0.723935 0.424502
1 0.524601 0.782776 0.553389 0.782776 0.553389 0.801283 0.524601 0.801283
0 0.170049 0.698008 0.188477 0.698008 0.188477 0.744262 0.170049 0.744262
1 0.832252 0.528543 0.862169 0.528543 0.862169 0.534553 0.832252 0.534553
1 0.782627 0.594224 0.788412 0.594224 0.788412 0.624537 0.782627 0.624537
1 0.783840 0.395666 0.789320 0.395666 0.789320 0.424997 0.783840 0.424997
1 0.791104 0.594014 0.796821 0.594014 0.796821 0.624539 0.791104 0.624539
1 0.832583 0.502990 0.862118 0.502990 0.862118 0.509131 0.832583 0.509131
1 0.739969 0.593929 0.745692 0.593929 0.745692 0.623992 0.739969 0.623992
1 0.775457 0.395665 0.780958 0.395665 0.780958 0.424817 0.775457 0.424817
1 0.809542 0.396051 0.816201 0.396051 0.816201 0.424797 0.809542 0.424797
1 0.799537 0.594159 0.805498 0.594159 0.805498 0.624494 0.799537 0.624494
1 0.756936 0.593790 0.762727 0.593790 0.762727 0.624282 0.756936 0.624282
1 0.792339 0.395811 0.797913 0.395811 0.797913 0.424839 0.792339 0.424839
1 0.884385 0.835401 0.900489 0.835401 0.900489 0.839630 0.884385 0.839630
1 0.817967 0.918737 0.833496 0.918737 0.833496 0.923034 0.817967 0.923034
1 0.808513 0.594222 0.815537 0.594222 0.815537 0.624435 0.808513 0.624435
1 0.714415 0.593619 0.720133 0.593619 0.720133 0.623522 0.714415 0.623522
1 0.188661 0.714593 0.206089 0.714593 0.206089 0.729538 0.188661 0.729538
1 0.787097 0.886412 0.803524 0.886412 0.803524 0.890428 0.787097 0.890428
0 0.806576 0.639853 0.822265 0.639853 0.822265 0.647813 0.806576 0.647813
1 0.820029 0.864275 0.835708 0.864275 0.835708 0.869055 0.820029 0.869055
1 0.736977 0.965878 0.753653 0.965878 0.753653 0.969814 0.736977 0.969814
0 0.535777 0.637278 0.552270 0.637278 0.552270 0.646644 0.535777 0.646644
1 0.715766 0.395328 0.720996 0.395328 0.720996 0.424797 0.715766 0.424797
1 0.531207 0.467290 0.594053 0.467290 0.594053 0.494892 0.531207 0.494892
1 0.804449 0.937950 0.808173 0.937950 0.808173 0.953771 0.804449 0.953771
1 0.774068 0.594213 0.779846 0.594213 0.779846 0.624708 0.774068 0.624708
1 0.790976 0.991584 0.808452 0.991584 0.808452 0.995557 0.790976 0.995557
1 0.840709 0.992344 0.857979 0.992344 0.857979 0.996861 0.840709 0.996861
1 0.917297 0.988363 0.934855 0.988363 0.934855 0.992779 0.917297 0.992779
1 0.765734 0.594183 0.771341 0.594183 0.771341 0.624424 0.765734 0.624424
1 0.763043 0.961286 0.778612 0.961286 0.778612 0.965151 0.763043 0.965151
1 0.723070 0.593841 0.728605 0.593841 0.728605 0.623644 0.723070 0.623644
1 0.737677 0.935427 0.753024 0.935427 0.753024 0.939911 0.737677 0.939911
1 0.819044 0.992177 0.835686 0.992177 0.835686 0.996130 0.819044 0.996130
1 0.761895 0.991025 0.778844 0.991025 0.778844 0.995970 0.761895 0.995970
0 0.160128 0.407936 0.176126 0.407936 0.176126 0.417126 0.160128 0.417126
1 0.934343 0.882216 0.950711 0.882216 0.950711 0.886194 0.934343 0.886194
1 0.301808 0.817236 0.345268 0.817236 0.345268 0.839246 0.301808 0.839246
1 0.843004 0.868312 0.859569 0.868312 0.859569 0.871752 0.843004 0.871752
1 0.680751 0.593703 0.686006 0.593703 0.686006 0.623558 0.680751 0.623558
1 0.820078 0.894741 0.835244 0.894741 0.835244 0.898342 0.820078 0.898342
1 0.887225 0.786595 0.891968 0.786595 0.891968 0.802587 0.887225 0.802587
0 0.146055 0.440788 0.161844 0.440788 0.161844 0.449736 0.146055 0.449736
1 0.956703 0.834776 0.972601 0.834776 0.972601 0.839101 0.956703 0.839101
0 0.603713 0.428651 0.612495 0.428651 0.612495 0.444617 0.603713 0.444617
1 0.841399 0.961979 0.856859 0.961979 0.856859 0.965888 0.841399 0.965888
1 0.843435 0.898113 0.859529 0.898113 0.859529 0.901916 0.843435 0.901916
1 0.791866 0.961320 0.808086 0.961320 0.808086 0.965181 0.791866 0.965181
1 0.868981 0.951476 0.884683 0.951476 0.884683 0.955774 0.868981 0.955774
1 0.826562 0.823415 0.842704 0.823415 0.842704 0.827989 0.826562 0.827989
0 0.166398 0.507522 0.175654 0.507522 0.175654 0.523422 0.166398 0.523422
1 0.989612 0.758448 0.998337 0.758448 0.998337 0.761428 0.989612 0.761428
1 0.884518 0.865504 0.900538 0.865504 0.900538 0.869649 0.884518 0.869649
1 0.957251 0.911993 0.973485 0.911993 0.973485 0.916539 0.957251 0.916539
1 0.966834 0.973556 0.975000 0.973556 0.975000 0.977336 0.966834 0.977336
1 0.758226 0.396762 0.764346 0.396762 0.764346 0.424495 0.758226 0.424495
1 0.819691 0.961824 0.835495 0.961824 0.835495 0.965683 0.819691 0.965683
1 0.871088 0.877981 0.886591 0.877981 0.886591 0.881939 0.871088 0.881939
0 0.664679 0.424961 0.831798 0.424961 0.831798 0.593233 0.664679 0.593233
1 0.912782 0.882199 0.928154 0.882199 0.928154 0.885934 0.912782 0.885934
1 0.817351 0.949641 0.834015 0.949641 0.834015 0.953153 0.817351 0.953153
1 0.698427 0.395359 0.704153 0.395359 0.704153 0.424708 0.698427 0.424708
1 0.832789 0.477339 0.862072 0.477339 0.862072 0.483483 0.832789 0.483483
1 0.786497 0.916716 0.803243 0.916716 0.803243 0.920459 0.786497 0.920459
1 0.153241 0.731685 0.169806 0.731685 0.169806 0.744903 0.153241 0.744903
1 0.966675 0.954231 0.974481 0.954231 0.974481 0.957636 0.966675 0.957636
1 0.949104 0.974042 0.958361 0.974042 0.958361 0.977500 0.949104 0.977500
1 0.826298 0.853891 0.843373 0.853891 0.843373 0.857317 0.826298 0.857317
1 0.949467 0.953893 0.957860 0.953893 0.957860 0.957932 0.949467 0.957932
1 0.956325 0.864731 0.972240 0.864731 0.972240 0.868976 0.956325 0.868976
1 0.774830 0.937782 0.778457 0.937782 0.778457 0.953917 0.774830 0.953917
1 0.960739 0.667444 0.970000 0.667444 0.970000 0.669863 0.960739 0.669863
1 0.867918 0.982215 0.884434 0.982215 0.884434 0.986038 0.867918 0.986038
1 0.918477 0.958666 0.934411 0.958666 0.934411 0.962915 0.918477 0.962915
1 0.956960 0.882131 0.973286 0.882131 0.973286 0.885993 0.956960 0.885993
1 0.960619 0.687395 0.970158 0.687395 0.970158 0.690821 0.960619 0.690821
1 0.551771 0.653912 0.555537 0.653912 0.555537 0.662054 0.551771 0.662054
1 0.829202 0.672739 0.832961 0.672739 0.832961 0.688679 0.829202 0.688679
1 0.398084 0.392996 0.428333 0.392996 0.428333 0.487465 0.398084 0.487465
1 0.156894 0.408459 0.160043 0.408459 0.160043 0.416814 0.156894 0.416814
1 0.989646 0.739552 0.997880 0.739552 0.997880 0.742776 0.989646 0.742776
1 0.603689 0.444575 0.612879 0.444575 0.612879 0.448097 0.603689 0.448097
1 0.986982 0.944041 0.995495 0.944041 0.995495 0.947547 0.986982 0.947547
1 0.587188 0.447836 0.590850 0.447836 0.590850 0.456518 0.587188 0.456518
1 0.731619 0.594061 0.737381 0.594061 0.737381 0.623868 0.731619 0.623868
1 0.166601 0.503281 0.174894 0.503281 0.174894 0.507468 0.166601 0.507468
1 0.552364 0.637272 0.555519 0.637272 0.555519 0.646816 0.552364 0.646816
1 0.698366 0.395270 0.704125 0.395270 0.704125 0.424832 0.698366 0.424832
1 0.870667 0.908313 0.886895 0.908313 0.886895 0.912436 0.870667 0.912436
1 0.798841 0.672336 0.803200 0.672336 0.803200 0.688886 0.798841 0.688886
1 0.396996 0.524934 0.426017 0.524934 0.426017 0.618945 0.396996 0.618945
1 0.934518 0.912460 0.950943 0.912460 0.950943 0.916511 0.934518 0.916511
1 0.167214 0.523156 0.175451 0.523156 0.175451 0.526470 0.167214 0.526470
1 0.912401 0.911868 0.927982 0.911868 0.927982 0.915894 0.912401 0.915894
1 0.176155 0.408531 0.179190 0.408531 0.179190 0.416417 0.176155 0.416417
1 0.162027 0.425691 0.165716 0.425691 0.165716 0.433976 0.162027 0.433976
1 0.141775 0.425579 0.145180 0.425579 0.145180 0.433864 0.141775 0.433864
1 0.161912 0.441356 0.165601 0.441356 0.165601 0.449640 0.161912 0.449640
1 0.142345 0.441195 0.146034 0.441195 0.146034 0.449480 0.142345 0.449480
1 0.187891 0.382434 0.251340 0.382434 0.251340 0.409363 0.187891 0.409363
1 0.187520 0.460843 0.251340 0.460843 0.251340 0.490148 0.187520 0.490148
1 0.187260 0.514481 0.251599 0.514481 0.251599 0.541501 0.187260 0.541501
1 0.184865 0.590868 0.251599 0.590868 0.251599 0.621936 0.184865 0.621936
1 0.351828 0.388871 0.383371 0.388871 0.383371 0.482833 0.351828 0.482833
1 0.351904 0.521392 0.382962 0.521392 0.382962 0.615130 0.351904 0.615130
1 0.525493 0.695647 0.553533 0.695647 0.553533 0.714040 0.525493 0.714040
1 0.532654 0.638028 0.535694 0.638028 0.535694 0.646275 0.532654 0.646275
1 0.532266 0.654051 0.535486 0.654051 0.535486 0.663018 0.532266 0.663018
1 0.734221 0.371107 0.738320 0.371107 0.738320 0.379124 0.734221 0.379124
1 0.754431 0.371158 0.758094 0.371158 0.758094 0.378996 0.754431 0.378996
1 0.766796 0.395503 0.772599 0.395503 0.772599 0.424603 0.766796 0.424603
1 0.822377 0.639776 0.826186 0.639776 0.826186 0.647888 0.822377 0.647888
1 0.802764 0.639706 0.806574 0.639706 0.806574 0.647818 0.802764 0.647818
1 0.856607 0.786344 0.860939 0.786344 0.860939 0.802171 0.856607 0.802171
1 0.967298 0.936443 0.970513 0.936443 0.970513 0.944034 0.967298 0.944034
1 0.946681 0.936091 0.951116 0.936091 0.951116 0.944150 0.946681 0.944150
1 0.987425 0.963586 0.995494 0.963586 0.995494 0.967100 0.987425 0.967100
1 0.603832 0.424218 0.612539 0.424218 0.612539 0.428571 0.603832 0.428571
1 0.567178 0.447384 0.570475 0.447384 0.570475 0.456278 0.567178 0.456278
1 0.906612 0.545721 0.914825 0.545721 0.914825 0.549368 0.906612 0.549368
1 0.906798 0.526133 0.914738 0.526133 0.914738 0.529723 0.906798 0.529723
1 0.234648 0.426751 0.249545 0.426751 0.249545 0.443485 0.234648 0.443485
1 0.235461 0.559704 0.250358 0.559704 0.250358 0.576438 0.235461 0.576438
1 0.531047 0.432037 0.545944 0.432037 0.545944 0.448770 0.531047 0.448770
1 0.529827 0.563363 0.544724 0.563363 0.544724 0.580097 0.529827 0.580097
1 0.983136 0.367839 0.992187 0.367839 0.992187 0.407030 0.983136 0.407030
1 0.933807 0.414181 0.975533 0.414181 0.975533 0.423413 0.933807 0.423413
1 0.934079 0.425676 0.975804 0.425676 0.975804 0.434908 0.934079 0.434908
1 0.934079 0.437171 0.975804 0.437171 0.975804 0.446403 0.934079 0.446403
1 0.934350 0.447489 0.976076 0.447489 0.976076 0.456721 0.934350 0.456721
1 0.933626 0.458984 0.975352 0.458984 0.975352 0.468216 0.933626 0.468216
1 0.933898 0.469483 0.975623 0.469483 0.975623 0.478715 0.933898 0.478715
1 0.933898 0.480978 0.975623 0.480978 0.975623 0.490210 0.933898 0.490210
1 0.934079 0.492202 0.975804 0.492202 0.975804 0.501434 0.934079 0.501434
1 0.934079 0.503334 0.975804 0.503334 0.975804 0.512567 0.934079 0.512567
1 0.934079 0.514829 0.975804 0.514829 0.975804 0.524062 0.934079 0.524062
1 0.934260 0.526053 0.975985 0.526053 0.975985 0.535285 0.934260 0.535285
1 0.933626 0.537005 0.975352 0.537005 0.975352 0.546237 0.933626 0.546237
1 0.933807 0.547776 0.975533 0.547776 0.975533 0.557008 0.933807 0.557008
1 0.933807 0.558999 0.975533 0.558999 0.975533 0.568231 0.933807 0.568231
1 0.933807 0.570494 0.975533 0.570494 0.975533 0.579726 0.933807 0.579726
1 0.933988 0.581627 0.975714 0.581627 0.975714 0.590859 0.933988 0.590859
1 0.933355 0.603802 0.975080 0.603802 0.975080 0.613034 0.933355 0.613034
1 0.933717 0.614302 0.975442 0.614302 0.975442 0.623534 0.933717 0.623534
1 0.933717 0.625163 0.975442 0.625163 0.975442 0.634395 0.933717 0.634395
1 0.933355 0.592579 0.975080 0.592579 0.975080 0.601811 0.933355 0.601811
1 0.981025 0.643265 0.991027 0.643265 0.991027 0.681968 0.981025 0.681968
1 0.991077 0.695705 0.998894 0.695705 0.998894 0.698218 0.991077 0.698218
1 0.991706 0.714759 0.998545 0.714759 0.998545 0.717551 0.991706 0.717551
0 0.991147 0.698706 0.999034 0.698706 0.999034 0.714620 0.991147 0.714620
1 0.889735 0.992055 0.897901 0.992055 0.897901 0.995754 0.889735 0.995754
0 0.704988 0.962601 0.725577 0.962601 0.725577 0.996312 0.704988 0.996312
0 0.702545 0.953877 0.726485 0.953877 0.726485 0.962112 0.702545 0.962112
