0 0.266789 0.511676 0.599781 0.511676 0.599781 0.847885 0.266789 0.847885
0 0.711388 0.138093 0.778725 0.138093 0.778725 0.189322 0.711388 0.189322
0 0.283111 0.913061 0.304006 0.913061 0.304006 0.944335 0.283111 0.944335
0 0.039161 0.922049 0.060655 0.922049 0.060655 0.955656 0.039161 0.955656
0 0.763105 0.267855 0.783862 0.267855 0.783862 0.300885 0.763105 0.300885
0 0.670186 0.734582 0.712014 0.734582 0.712014 0.788448 0.670186 0.788448
0 0.361469 0.337665 0.395475 0.337665 0.395475 0.355932 0.361469 0.355932
0 0.292810 0.336548 0.326860 0.336548 0.326860 0.354616 0.292810 0.354616
0 0.082495 0.161194 0.107835 0.161194 0.107835 0.174656 0.082495 0.174656
0 0.071923 0.929060 0.097609 0.929060 0.097609 0.943202 0.071923 0.943202
0 0.106850 0.315674 0.120204 0.315674 0.120204 0.340772 0.106850 0.340772
0 0.111685 0.589077 0.137275 0.589077 0.137275 0.603678 0.111685 0.603678
0 0.167954 0.959591 0.193635 0.959591 0.193635 0.973807 0.167954 0.973807
0 0.140199 0.275353 0.165948 0.275353 0.165948 0.288322 0.140199 0.288322
0 0.116287 0.726406 0.130576 0.726406 0.130576 0.752114 0.116287 0.752114
0 0.163317 0.558368 0.177887 0.558368 0.177887 0.584243 0.163317 0.584243
0 0.075654 0.681391 0.101212 0.681391 0.101212 0.696007 0.075654 0.696007
0 0.754026 0.558442 0.768521 0.558442 0.768521 0.584205 0.754026 0.584205
0 0.145226 0.799115 0.158009 0.799115 0.158009 0.823347 0.145226 0.823347
0 0.059725 0.863118 0.085395 0.863118 0.085395 0.877596 0.059725 0.877596
0 0.112192 0.567201 0.137575 0.567201 0.137575 0.580591 0.112192 0.580591
0 0.059730 0.604958 0.085652 0.604958 0.085652 0.619156 0.059730 0.619156
0 0.121095 0.453327 0.135010 0.453327 0.135010 0.479085 0.121095 0.479085
0 0.058122 0.540972 0.072455 0.540972 0.072455 0.566589 0.058122 0.566589
0 0.057918 0.426355 0.083070 0.426355 0.083070 0.439435 0.057918 0.439435
0 0.150327 0.369462 0.164832 0.369462 0.164832 0.395143 0.150327 0.395143
0 0.112450 0.931191 0.138271 0.931191 0.138271 0.945463 0.112450 0.945463
0 0.097908 0.410584 0.111519 0.410584 0.111519 0.436364 0.097908 0.436364
0 0.797699 0.270427 0.810012 0.270427 0.810012 0.295053 0.797699 0.295053
0 0.237032 0.373331 0.251246 0.373331 0.251246 0.398951 0.237032 0.398951
0 0.730569 0.267099 0.751570 0.267099 0.751570 0.300532 0.730569 0.300532
0 0.165129 0.326954 0.178449 0.326954 0.178449 0.352232 0.165129 0.352232
0 0.072045 0.892152 0.085270 0.892152 0.085270 0.918010 0.072045 0.918010
0 0.050692 0.645317 0.063752 0.645317 0.063752 0.670720 0.050692 0.670720
0 0.200818 0.635324 0.213961 0.635324 0.213961 0.660543 0.200818 0.660543
1 0.689001 0.140612 0.711124 0.140612 0.711124 0.184041 0.689001 0.184041
0 0.123547 0.961119 0.149196 0.961119 0.149196 0.975653 0.123547 0.975653
0 0.192385 0.373208 0.206174 0.373208 0.206174 0.398703 0.192385 0.398703
0 0.214407 0.373544 0.228900 0.373544 0.228900 0.399205 0.214407 0.399205
0 0.197917 0.449829 0.212664 0.449829 0.212664 0.475229 0.197917 0.475229
0 0.190179 0.818607 0.205533 0.818607 0.205533 0.826294 0.190179 0.826294
0 0.032063 0.814804 0.057415 0.814804 0.057415 0.827663 0.032063 0.827663
0 0.455040 0.949172 0.463030 0.949172 0.463030 0.965182 0.455040 0.965182
0 0.084075 0.959374 0.109382 0.959374 0.109382 0.972695 0.084075 0.972695
0 0.042592 0.452482 0.056666 0.452482 0.056666 0.477922 0.042592 0.477922
0 0.002262 0.786499 0.016316 0.786499 0.016316 0.812237 0.002262 0.812237
0 0.400331 0.935069 0.407831 0.935069 0.407831 0.950862 0.400331 0.950862
0 0.034153 0.554949 0.047805 0.554949 0.047805 0.580812 0.034153 0.580812
0 0.079771 0.493122 0.093843 0.493122 0.093843 0.518748 0.079771 0.518748
0 0.017777 0.426947 0.030999 0.426947 0.030999 0.452325 0.017777 0.452325
0 0.148394 0.442976 0.162842 0.442976 0.162842 0.469036 0.148394 0.469036
0 0.739149 0.655492 0.765103 0.655492 0.765103 0.671386 0.739149 0.671386
0 0.427183 0.919779 0.443058 0.919779 0.443058 0.927690 0.427183 0.927690
0 0.327456 0.939489 0.343189 0.939489 0.343189 0.947504 0.327456 0.947504
0 0.584442 0.927828 0.600109 0.927828 0.600109 0.935551 0.584442 0.935551
0 0.237054 0.326255 0.250141 0.326255 0.250141 0.351629 0.237054 0.351629
0 0.067561 0.377319 0.081290 0.377319 0.081290 0.403140 0.067561 0.403140
0 0.099933 0.356066 0.113381 0.356066 0.113381 0.381426 0.099933 0.381426
0 0.576736 0.103257 0.585001 0.103257 0.585001 0.119194 0.576736 0.119194
1 0.602829 0.732478 0.630654 0.732478 0.630654 0.739071 0.602829 0.739071
0 0.066334 0.581975 0.091940 0.581975 0.091940 0.596465 0.066334 0.596465
1 0.602355 0.826238 0.630179 0.826238 0.630179 0.833092 0.602355 0.833092
0 0.099468 0.453073 0.113544 0.453073 0.113544 0.478701 0.099468 0.478701
0 0.683171 0.603964 0.691205 0.603964 0.691205 0.619947 0.683171 0.619947
1 0.235057 0.713362 0.263106 0.713362 0.263106 0.719734 0.235057 0.719734
0 0.734496 0.514037 0.743959 0.514037 0.743959 0.531501 0.734496 0.531501
1 0.234088 0.755746 0.263257 0.755746 0.263257 0.762241 0.234088 0.762241
0 0.768791 0.733132 0.776936 0.733132 0.776936 0.748890 0.768791 0.748890
0 0.195802 0.510131 0.211808 0.510131 0.211808 0.518007 0.195802 0.518007
0 0.239660 0.157291 0.248802 0.157291 0.248802 0.174302 0.239660 0.174302
0 0.618518 0.865538 0.633783 0.865538 0.633783 0.873617 0.618518 0.873617
1 0.602642 0.740910 0.630777 0.740910 0.630777 0.747425 0.602642 0.747425
0 0.124151 0.359209 0.136999 0.359209 0.136999 0.384829 0.124151 0.384829
0 0.595049 0.103696 0.604135 0.103696 0.604135 0.120173 0.595049 0.120173
0 0.700690 0.527080 0.709633 0.527080 0.709633 0.543998 0.700690 0.543998
0 0.185363 0.528444 0.192956 0.528444 0.192956 0.544237 0.185363 0.544237
0 0.702069 0.604227 0.709568 0.604227 0.709568 0.619875 0.702069 0.619875
0 0.185791 0.016509 0.193563 0.016509 0.193563 0.032381 0.185791 0.032381
1 0.281764 0.944753 0.305688 0.944753 0.305688 0.954358 0.281764 0.954358
1 0.603386 0.638642 0.631145 0.638642 0.631145 0.645212 0.603386 0.645212
1 0.233772 0.806968 0.262501 0.806968 0.262501 0.813722 0.233772 0.813722
0 0.539912 0.136602 0.557007 0.136602 0.557007 0.145818 0.539912 0.145818
1 0.235424 0.619544 0.264013 0.619544 0.264013 0.625948 0.235424 0.625948
0 0.071918 0.452631 0.085990 0.452631 0.085990 0.478243 0.071918 0.478243
0 0.544398 0.096331 0.551795 0.096331 0.551795 0.112254 0.544398 0.112254
0 0.651049 0.695033 0.658834 0.695033 0.658834 0.710659 0.651049 0.710659
0 0.228019 0.444691 0.236567 0.444691 0.236567 0.460677 0.228019 0.460677
0 0.236595 0.501053 0.253053 0.501053 0.253053 0.509572 0.236595 0.509572
0 0.572530 0.049019 0.580441 0.049019 0.580441 0.064803 0.572530 0.064803
1 0.603979 0.553100 0.632251 0.553100 0.632251 0.559522 0.603979 0.559522
1 0.603716 0.595823 0.631821 0.595823 0.631821 0.602275 0.603716 0.602275
1 0.234756 0.670536 0.263308 0.670536 0.263308 0.677379 0.234756 0.677379
0 0.348900 0.409432 0.365564 0.409432 0.365564 0.418859 0.348900 0.418859
0 0.377734 0.894220 0.385396 0.894220 0.385396 0.909709 0.377734 0.909709
0 0.354530 0.894063 0.362321 0.894063 0.362321 0.909862 0.354530 0.909862
1 0.233903 0.764107 0.262904 0.764107 0.262904 0.770913 0.233903 0.770913
0 0.085809 0.126819 0.100999 0.126819 0.100999 0.134452 0.085809 0.134452
0 0.625760 0.931212 0.642361 0.931212 0.642361 0.940680 0.625760 0.940680
1 0.762014 0.258970 0.785339 0.258970 0.785339 0.267621 0.762014 0.267621
1 0.281750 0.902890 0.306575 0.902890 0.306575 0.912635 0.281750 0.912635
0 0.719122 0.604529 0.727664 0.604529 0.727664 0.620338 0.719122 0.620338
0 0.453858 0.907609 0.469433 0.907609 0.469433 0.915778 0.453858 0.915778
1 0.037709 0.955593 0.061263 0.955593 0.061263 0.964139 0.037709 0.964139
0 0.342749 0.357188 0.352148 0.357188 0.352148 0.374160 0.342749 0.374160
0 0.263409 0.909729 0.271993 0.909729 0.271993 0.926594 0.263409 0.926594
0 0.122508 0.630037 0.138278 0.630037 0.138278 0.637836 0.122508 0.637836
0 0.576410 0.237922 0.585282 0.237922 0.585282 0.254694 0.576410 0.254694
0 0.618585 0.955464 0.626294 0.955464 0.626294 0.970766 0.618585 0.970766
0 0.649874 0.738732 0.659346 0.738732 0.659346 0.755476 0.649874 0.755476
0 0.459875 0.927129 0.475874 0.927129 0.475874 0.934858 0.459875 0.934858
0 0.149264 0.771173 0.165125 0.771173 0.165125 0.779091 0.149264 0.779091
0 0.377602 0.934787 0.385584 0.934787 0.385584 0.950666 0.377602 0.950666
1 0.603256 0.647139 0.631636 0.647139 0.631636 0.653381 0.603256 0.653381
1 0.235087 0.576650 0.264266 0.576650 0.264266 0.583341 0.235087 0.583341
0 0.544288 0.063649 0.551893 0.063649 0.551893 0.079005 0.544288 0.079005
1 0.778990 0.141261 0.800967 0.141261 0.800967 0.184720 0.778990 0.184720
0 0.189167 0.844693 0.204919 0.844693 0.204919 0.852609 0.189167 0.852609
0 0.614386 0.848553 0.629543 0.848553 0.629543 0.856623 0.614386 0.856623
0 0.196132 0.489857 0.211920 0.489857 0.211920 0.497448 0.196132 0.497448
0 0.268813 0.230322 0.276660 0.230322 0.276660 0.245700 0.268813 0.245700
0 0.150263 0.722112 0.166148 0.722112 0.166148 0.730273 0.150263 0.730273
1 0.603090 0.689746 0.631260 0.689746 0.631260 0.696650 0.603090 0.696650
0 0.509507 0.134004 0.526192 0.134004 0.526192 0.142633 0.509507 0.142633
0 0.320548 0.904018 0.335989 0.904018 0.335989 0.911555 0.320548 0.911555
0 0.293840 0.408114 0.301643 0.408114 0.301643 0.423970 0.293840 0.423970
0 0.230111 0.890756 0.246086 0.890756 0.246086 0.898524 0.230111 0.898524
1 0.234020 0.627912 0.263560 0.627912 0.263560 0.634671 0.234020 0.634671
1 0.602390 0.783400 0.630654 0.783400 0.630654 0.790239 0.602390 0.790239
0 0.551996 0.894882 0.559549 0.894882 0.559549 0.910647 0.551996 0.910647
0 0.594462 0.900511 0.610511 0.900511 0.610511 0.909342 0.594462 0.909342
0 0.427488 0.942475 0.443093 0.942475 0.443093 0.950254 0.427488 0.950254
0 0.230034 0.867180 0.245963 0.867180 0.245963 0.875098 0.230034 0.875098
0 0.199106 0.734853 0.206710 0.734853 0.206710 0.750734 0.199106 0.750734
0 0.769235 0.773781 0.777024 0.773781 0.777024 0.789592 0.769235 0.789592
0 0.182813 0.711680 0.198613 0.711680 0.198613 0.719678 0.182813 0.719678
0 0.188586 0.867871 0.204352 0.867871 0.204352 0.875679 0.188586 0.875679
0 0.122782 0.693316 0.139115 0.693316 0.139115 0.701781 0.122782 0.701781
1 0.682562 0.728244 0.700502 0.728244 0.700502 0.734498 0.682562 0.734498
1 0.235237 0.568260 0.264366 0.568260 0.264366 0.574819 0.235237 0.574819
0 0.266343 0.434765 0.274236 0.434765 0.274236 0.450349 0.266343 0.450349
0 0.401138 0.894149 0.408811 0.894149 0.408811 0.910015 0.401138 0.910015
1 0.603725 0.604552 0.631538 0.604552 0.631538 0.611545 0.603725 0.611545
0 0.565542 0.192527 0.574792 0.192527 0.574792 0.208721 0.565542 0.208721
1 0.294944 0.354856 0.302009 0.354856 0.302009 0.369110 0.294944 0.369110
0 0.354477 0.934903 0.362163 0.934903 0.362163 0.950669 0.354477 0.950669
1 0.235622 0.533779 0.264417 0.533779 0.264417 0.540381 0.235622 0.540381
0 0.277285 0.407864 0.285726 0.407864 0.285726 0.423955 0.277285 0.423955
1 0.602878 0.724044 0.630777 0.724044 0.630777 0.730226 0.602878 0.730226
1 0.728597 0.256766 0.753965 0.256766 0.753965 0.266604 0.728597 0.266604
0 0.190899 0.778174 0.206415 0.778174 0.206415 0.786059 0.190899 0.786059
1 0.603953 0.544746 0.631882 0.544746 0.631882 0.551291 0.603953 0.551291
0 0.722548 0.687408 0.739175 0.687408 0.739175 0.696101 0.722548 0.696101
1 0.235786 0.525453 0.264568 0.525453 0.264568 0.531910 0.235786 0.531910
0 0.557235 0.949778 0.573288 0.949778 0.573288 0.958769 0.557235 0.958769
1 0.234731 0.704748 0.263156 0.704748 0.263156 0.711465 0.234731 0.711465
1 0.233800 0.815601 0.262501 0.815601 0.262501 0.822395 0.233800 0.822395
0 0.270342 0.185548 0.278227 0.185548 0.278227 0.201511 0.270342 0.201511
0 0.286173 0.229997 0.294138 0.229997 0.294138 0.246162 0.286173 0.246162
0 0.594874 0.883160 0.610435 0.883160 0.610435 0.891190 0.594874 0.891190
1 0.681938 0.788698 0.699950 0.788698 0.699950 0.796176 0.681938 0.796176
0 0.188402 0.891554 0.204141 0.891554 0.204141 0.899222 0.188402 0.899222
0 0.343749 0.325700 0.351648 0.325700 0.351648 0.341488 0.343749 0.341488
0 0.245613 0.444966 0.253494 0.444966 0.253494 0.460453 0.245613 0.460453
0 0.284688 0.441584 0.301565 0.441584 0.301565 0.450442 0.284688 0.450442
0 0.230694 0.848291 0.246542 0.848291 0.246542 0.856096 0.230694 0.856096
1 0.729447 0.301045 0.752668 0.301045 0.752668 0.309777 0.729447 0.309777
1 0.233848 0.721832 0.263106 0.721832 0.263106 0.728155 0.233848 0.728155
0 0.175440 0.694823 0.191434 0.694823 0.191434 0.702773 0.175440 0.702773
1 0.235075 0.661672 0.263408 0.661672 0.263408 0.668656 0.235075 0.668656
1 0.234977 0.610744 0.263913 0.610744 0.263913 0.617225 0.234977 0.617225
1 0.602608 0.775021 0.630531 0.775021 0.630531 0.781947 0.602608 0.781947
1 0.761728 0.301338 0.785636 0.301338 0.785636 0.309639 0.761728 0.309639
0 0.736175 0.609446 0.745219 0.609446 0.745219 0.625457 0.736175 0.625457
1 0.602437 0.817863 0.630715 0.817863 0.630715 0.824392 0.602437 0.824392
1 0.602260 0.792164 0.630183 0.792164 0.630183 0.798988 0.602260 0.798988
0 0.309547 0.385489 0.325177 0.385489 0.325177 0.393366 0.309547 0.393366
1 0.234761 0.678820 0.263257 0.678820 0.263257 0.685699 0.234761 0.685699
1 0.603481 0.629934 0.631145 0.629934 0.631145 0.636673 0.603481 0.636673
1 0.037744 0.913141 0.061810 0.913141 0.061810 0.921857 0.037744 0.921857
1 0.233864 0.798209 0.262753 0.798209 0.262753 0.805050 0.233864 0.805050
1 0.603016 0.698842 0.631391 0.698842 0.631391 0.704979 0.603016 0.704979
1 0.603151 0.655495 0.630783 0.655495 0.630783 0.662678 0.603151 0.662678
1 0.603886 0.561684 0.631452 0.561684 0.631452 0.568613 0.603886 0.568613
1 0.236265 0.321744 0.251134 0.321744 0.251134 0.325933 0.236265 0.325933
1 0.234071 0.747431 0.263055 0.747431 0.263055 0.754022 0.234071 0.754022
0 0.106718 0.496936 0.116112 0.496936 0.116112 0.513883 0.106718 0.513883
0 0.553242 0.971245 0.569412 0.971245 0.569412 0.979836 0.553242 0.979836
1 0.602714 0.766646 0.630715 0.766646 0.630715 0.773163 0.602714 0.773163
1 0.603759 0.587577 0.631944 0.587577 0.631944 0.593982 0.603759 0.593982
1 0.233793 0.772758 0.262803 0.772758 0.262803 0.779384 0.233793 0.779384
1 0.363885 0.323813 0.370386 0.323813 0.370386 0.337457 0.363885 0.337457
1 0.603599 0.613029 0.631391 0.613029 0.631391 0.619351 0.603599 0.619351
1 0.235023 0.542362 0.264114 0.542362 0.264114 0.549154 0.235023 0.549154
1 0.317715 0.322456 0.324310 0.322456 0.324310 0.336849 0.317715 0.336849
1 0.603970 0.570269 0.631514 0.570269 0.631514 0.576967 0.603970 0.576967
1 0.295701 0.321755 0.302154 0.321755 0.302154 0.336692 0.295701 0.336692
0 0.229792 0.422776 0.245852 0.422776 0.245852 0.430961 0.229792 0.430961
1 0.234849 0.585008 0.263839 0.585008 0.263839 0.592454 0.234849 0.592454
1 0.602481 0.749494 0.630777 0.749494 0.630777 0.755963 0.602481 0.755963
1 0.386257 0.324008 0.392378 0.324008 0.392378 0.337482 0.386257 0.337482
1 0.347964 0.849340 0.353845 0.849340 0.353845 0.877565 0.347964 0.877565
1 0.234219 0.824517 0.262148 0.824517 0.262148 0.830664 0.234219 0.830664
1 0.234665 0.636561 0.263711 0.636561 0.263711 0.642840 0.234665 0.642840
1 0.602477 0.758002 0.630408 0.758002 0.630408 0.764440 0.602477 0.764440
0 0.200128 0.761479 0.216276 0.761479 0.216276 0.770209 0.200128 0.770209
1 0.235009 0.653208 0.263358 0.653208 0.263358 0.660286 0.235009 0.660286
0 0.579394 0.265466 0.595597 0.265466 0.595597 0.273412 0.579394 0.273412
1 0.306427 0.322596 0.312790 0.322596 0.312790 0.336682 0.306427 0.336682
1 0.317724 0.355341 0.324315 0.355341 0.324315 0.369831 0.317724 0.369831
1 0.233757 0.789714 0.262753 0.789714 0.262753 0.796478 0.233757 0.796478
1 0.484602 0.849985 0.490390 0.849985 0.490390 0.876817 0.484602 0.876817
1 0.603079 0.707154 0.631514 0.707154 0.631514 0.713211 0.603079 0.713211
1 0.385829 0.356198 0.392471 0.356198 0.392471 0.370909 0.385829 0.370909
1 0.234869 0.602253 0.264064 0.602253 0.264064 0.608905 0.234869 0.608905
1 0.235395 0.644946 0.263761 0.644946 0.263761 0.651613 0.235395 0.651613
1 0.296604 0.848964 0.302608 0.848964 0.302608 0.876718 0.296604 0.876718
1 0.602299 0.800814 0.630031 0.800814 0.630031 0.807825 0.602299 0.807825
1 0.527367 0.850293 0.533275 0.850293 0.533275 0.877766 0.527367 0.877766
1 0.234640 0.730293 0.263156 0.730293 0.263156 0.736777 0.234640 0.736777
1 0.390683 0.849502 0.396456 0.849502 0.396456 0.877064 0.390683 0.877064
1 0.233777 0.781101 0.262652 0.781101 0.262652 0.787855 0.233777 0.787855
1 0.234638 0.687062 0.263131 0.687062 0.263131 0.694778 0.234638 0.694778
1 0.233939 0.738976 0.263156 0.738976 0.263156 0.745349 0.233939 0.745349
1 0.603047 0.680979 0.631391 0.680979 0.631391 0.687719 0.603047 0.687719
1 0.234837 0.593584 0.264013 0.593584 0.264013 0.600333 0.234837 0.600333
1 0.602833 0.715641 0.632128 0.715641 0.632128 0.721749 0.602833 0.721749
1 0.544554 0.850405 0.550442 0.850405 0.550442 0.877518 0.544554 0.877518
1 0.365050 0.849317 0.370736 0.849317 0.370736 0.877515 0.365050 0.877515
1 0.602295 0.809314 0.630469 0.809314 0.630469 0.815792 0.602295 0.815792
1 0.603914 0.578833 0.631636 0.578833 0.631636 0.585383 0.603914 0.585383
1 0.235467 0.559792 0.264144 0.559792 0.264144 0.566701 0.235467 0.566701
1 0.459045 0.849806 0.464875 0.849806 0.464875 0.877067 0.459045 0.877067
1 0.603503 0.664192 0.630961 0.664192 0.630961 0.670458 0.603503 0.670458
1 0.234467 0.696042 0.262904 0.696042 0.262904 0.702641 0.234467 0.702641
1 0.501796 0.850100 0.507453 0.850100 0.507453 0.878020 0.501796 0.878020
1 0.433417 0.849771 0.439127 0.849771 0.439127 0.877758 0.433417 0.877758
1 0.235920 0.551156 0.264467 0.551156 0.264467 0.557625 0.235920 0.557625
1 0.603536 0.621638 0.631575 0.621638 0.631575 0.628197 0.603536 0.628197
1 0.100988 0.126874 0.105379 0.126874 0.105379 0.134221 0.100988 0.134221
1 0.081916 0.126793 0.085758 0.126793 0.085758 0.134221 0.081916 0.134221
1 0.107897 0.161235 0.111548 0.161235 0.111548 0.174727 0.107897 0.174727
1 0.078717 0.160188 0.082454 0.160188 0.082454 0.175102 0.078717 0.175102
1 0.239703 0.154278 0.248770 0.154278 0.248770 0.157249 0.239703 0.157249
1 0.239626 0.174308 0.248719 0.174308 0.248719 0.177510 0.239626 0.177510
1 0.363385 0.356396 0.370608 0.356396 0.370608 0.369930 0.363385 0.369930
1 0.374408 0.356562 0.381631 0.356562 0.381631 0.370096 0.374408 0.370096
1 0.279550 0.849204 0.285554 0.849204 0.285554 0.876958 0.279550 0.876958
1 0.288362 0.849293 0.294244 0.849293 0.294244 0.877167 0.288362 0.877167
1 0.305272 0.849297 0.310886 0.849297 0.310886 0.877017 0.305272 0.877017
1 0.313882 0.849236 0.319497 0.849236 0.319497 0.876956 0.313882 0.876956
1 0.322415 0.849297 0.328130 0.849297 0.328130 0.877518 0.322415 0.877518
1 0.331026 0.849487 0.336451 0.849487 0.336451 0.877167 0.331026 0.877167
1 0.339458 0.849498 0.345223 0.849498 0.345223 0.877669 0.339458 0.877669
1 0.356424 0.849480 0.362166 0.849480 0.362166 0.877518 0.356424 0.877518
1 0.373745 0.849447 0.379431 0.849447 0.379431 0.877645 0.373745 0.877645
1 0.382406 0.849487 0.387730 0.849487 0.387730 0.877518 0.382406 0.877518
1 0.399259 0.849598 0.405024 0.849598 0.405024 0.877619 0.399259 0.877619
1 0.407981 0.849698 0.413746 0.849698 0.413746 0.877719 0.407981 0.877719
1 0.416202 0.849748 0.421967 0.849748 0.421967 0.877769 0.416202 0.877769
1 0.424813 0.849787 0.430577 0.849787 0.430577 0.877808 0.424813 0.877808
1 0.442078 0.849961 0.447788 0.849961 0.447788 0.877947 0.442078 0.877947
1 0.450589 0.849748 0.456300 0.849748 0.456300 0.877735 0.450589 0.877735
1 0.467705 0.849995 0.473296 0.849995 0.473296 0.876967 0.467705 0.876967
1 0.476454 0.850049 0.482046 0.850049 0.482046 0.877021 0.476454 0.877021
1 0.493163 0.850225 0.499051 0.850225 0.499051 0.877871 0.493163 0.877871
1 0.510190 0.850149 0.516098 0.850149 0.516098 0.877518 0.510190 0.877518
1 0.518650 0.850188 0.524558 0.850188 0.524558 0.877557 0.518650 0.877557
1 0.535978 0.850483 0.541820 0.850483 0.541820 0.877167 0.535978 0.877167
1 0.553065 0.850545 0.558412 0.850545 0.558412 0.878621 0.553065 0.878621
1 0.561820 0.850701 0.567167 0.850701 0.567167 0.878777 0.561820 0.878777
1 0.570342 0.850851 0.575688 0.850851 0.575688 0.878927 0.570342 0.878927
1 0.578602 0.850589 0.584327 0.850589 0.584327 0.878721 0.578602 0.878721
1 0.603333 0.672912 0.631821 0.672912 0.631821 0.678873 0.603333 0.678873
1 0.603871 0.536310 0.631800 0.536310 0.631800 0.542855 0.603871 0.542855
1 0.604157 0.527873 0.632435 0.527873 0.632435 0.534030 0.604157 0.534030
1 0.166021 0.273863 0.169593 0.273863 0.169593 0.289283 0.166021 0.289283
1 0.135363 0.273311 0.140101 0.273311 0.140101 0.288919 0.135363 0.288919
1 0.105813 0.309969 0.121616 0.309969 0.121616 0.315610 0.105813 0.315610
1 0.105458 0.340819 0.121111 0.340819 0.121111 0.343970 0.105458 0.343970
1 0.099780 0.351966 0.114122 0.351966 0.114122 0.356095 0.099780 0.356095
1 0.099078 0.381432 0.114354 0.381432 0.114354 0.385057 0.099078 0.385057
1 0.122797 0.384806 0.137961 0.384806 0.137961 0.388320 0.122797 0.388320
1 0.123053 0.355605 0.138217 0.355605 0.138217 0.359119 0.123053 0.359119
1 0.149978 0.395160 0.165142 0.395160 0.165142 0.398674 0.149978 0.398674
1 0.150061 0.364522 0.165034 0.364522 0.165034 0.369331 0.150061 0.369331
1 0.191289 0.398777 0.206785 0.398777 0.206785 0.402302 0.191289 0.402302
1 0.192027 0.368038 0.206487 0.368038 0.206487 0.373060 0.192027 0.373060
1 0.213582 0.399289 0.229528 0.399289 0.229528 0.402805 0.213582 0.402805
1 0.213917 0.368693 0.229696 0.368693 0.229696 0.373381 0.213917 0.373381
1 0.236149 0.399077 0.251902 0.399077 0.251902 0.402741 0.236149 0.402741
1 0.235775 0.368664 0.251731 0.368664 0.251731 0.373251 0.235775 0.373251
1 0.163687 0.352329 0.178795 0.352329 0.178795 0.356350 0.163687 0.356350
1 0.164049 0.322949 0.179157 0.322949 0.179157 0.326970 0.164049 0.326970
1 0.065757 0.373337 0.081608 0.373337 0.081608 0.377222 0.065757 0.377222
1 0.065974 0.403300 0.081824 0.403300 0.081824 0.407185 0.065974 0.407185
1 0.071632 0.447931 0.086774 0.447931 0.086774 0.452519 0.071632 0.452519
1 0.052791 0.424885 0.057650 0.424885 0.057650 0.440642 0.052791 0.440642
1 0.082640 0.424611 0.086441 0.424611 0.086441 0.440335 0.082640 0.440335
1 0.071694 0.478271 0.086378 0.478271 0.086378 0.482104 0.071694 0.482104
1 0.042440 0.477918 0.057197 0.477918 0.057197 0.482373 0.042440 0.482373
1 0.041902 0.448351 0.057262 0.448351 0.057262 0.452481 0.041902 0.452481
1 0.016634 0.452377 0.031455 0.452377 0.031455 0.456506 0.016634 0.456506
1 0.016301 0.422100 0.031506 0.422100 0.031506 0.426844 0.016301 0.426844
1 0.078878 0.488587 0.094450 0.488587 0.094450 0.492973 0.078878 0.492973
1 0.078874 0.518965 0.094578 0.518965 0.094578 0.522147 0.078874 0.522147
1 0.107513 0.493480 0.116112 0.493480 0.116112 0.496952 0.107513 0.496952
1 0.107223 0.513883 0.115822 0.513883 0.115822 0.517355 0.107223 0.517355
1 0.098297 0.478757 0.113869 0.478757 0.113869 0.483143 0.098297 0.483143
1 0.098278 0.447926 0.114114 0.447926 0.114114 0.453074 0.098278 0.453074
1 0.120332 0.448147 0.136167 0.448147 0.136167 0.453294 0.120332 0.453294
1 0.120271 0.479078 0.135995 0.479078 0.135995 0.483888 0.120271 0.483888
1 0.096619 0.436354 0.112449 0.436354 0.112449 0.439858 0.096619 0.439858
1 0.096668 0.405820 0.112422 0.405820 0.112422 0.410557 0.096668 0.410557
1 0.057210 0.537343 0.072863 0.537343 0.072863 0.540837 0.057210 0.540837
1 0.056514 0.566725 0.072168 0.566725 0.072168 0.570219 0.056514 0.570219
1 0.032902 0.580806 0.048321 0.580806 0.048321 0.584628 0.032902 0.584628
1 0.033258 0.550960 0.048677 0.550960 0.048677 0.554782 0.033258 0.554782
1 0.091829 0.581824 0.095410 0.581824 0.095410 0.597708 0.091829 0.597708
1 0.061970 0.581404 0.066202 0.581404 0.066202 0.597386 0.061970 0.597386
1 0.085782 0.604296 0.090014 0.604296 0.090014 0.620278 0.085782 0.620278
1 0.055416 0.604106 0.059660 0.604106 0.059660 0.619776 0.055416 0.619776
1 0.107964 0.588803 0.111546 0.588803 0.111546 0.604687 0.107964 0.604687
1 0.137418 0.589010 0.140999 0.589010 0.140999 0.604894 0.137418 0.604894
1 0.137700 0.565948 0.141282 0.565948 0.141282 0.581832 0.137700 0.581832
1 0.108508 0.565700 0.112090 0.565700 0.112090 0.581584 0.108508 0.581584
1 0.138297 0.630140 0.141342 0.630140 0.141342 0.637910 0.138297 0.637910
1 0.118904 0.630174 0.122439 0.630174 0.122439 0.637731 0.118904 0.637731
1 0.049364 0.641230 0.065803 0.641230 0.065803 0.645286 0.049364 0.645286
1 0.049447 0.670784 0.065458 0.670784 0.065458 0.675165 0.049447 0.675165
1 0.101174 0.681278 0.105067 0.681278 0.105067 0.696668 0.101174 0.696668
1 0.071490 0.679958 0.075576 0.679958 0.075576 0.696877 0.071490 0.696877
1 0.119228 0.693205 0.122746 0.693205 0.122746 0.701921 0.119228 0.701921
1 0.139079 0.693282 0.142642 0.693282 0.142642 0.701294 0.139079 0.701294
1 0.116025 0.721434 0.131366 0.721434 0.131366 0.726389 0.116025 0.726389
1 0.116086 0.752097 0.131546 0.752097 0.131546 0.756632 0.116086 0.756632
1 0.146630 0.722411 0.150178 0.722411 0.150178 0.730210 0.146630 0.730210
1 0.166293 0.722089 0.169880 0.722089 0.169880 0.730432 0.166293 0.730432
1 0.165129 0.771521 0.168509 0.771521 0.168509 0.778654 0.165129 0.778654
1 0.145117 0.771030 0.149206 0.771030 0.149206 0.779124 0.145117 0.779124
1 0.143295 0.794669 0.159093 0.794669 0.159093 0.799103 0.143295 0.799103
1 0.143167 0.823409 0.158965 0.823409 0.158965 0.827690 0.143167 0.827690
1 0.187099 0.778354 0.190824 0.778354 0.190824 0.786004 0.187099 0.786004
1 0.206493 0.778209 0.210371 0.778209 0.210371 0.786039 0.206493 0.786039
1 0.216295 0.761845 0.220102 0.761845 0.220102 0.770060 0.216295 0.770060
1 0.196278 0.761436 0.200080 0.761436 0.200080 0.770060 0.196278 0.770060
1 0.198976 0.750740 0.206777 0.750740 0.206777 0.754145 0.198976 0.754145
1 0.199044 0.731189 0.206713 0.731189 0.206713 0.734853 0.199044 0.734853
1 0.198613 0.711975 0.202254 0.711975 0.202254 0.719416 0.198613 0.719416
1 0.178842 0.711706 0.182684 0.711706 0.182684 0.719314 0.178842 0.719314
1 0.191499 0.694970 0.195133 0.694970 0.195133 0.702894 0.191499 0.702894
1 0.171775 0.694816 0.175410 0.694816 0.175410 0.702741 0.171775 0.702741
1 0.205651 0.818550 0.209449 0.818550 0.209449 0.826264 0.205651 0.826264
1 0.185471 0.817979 0.189653 0.817979 0.189653 0.825601 0.185471 0.825601
1 0.204922 0.844787 0.208585 0.844787 0.208585 0.852500 0.204922 0.852500
1 0.185067 0.844738 0.189088 0.844738 0.189088 0.852433 0.185067 0.852433
1 0.204345 0.868012 0.208008 0.868012 0.208008 0.875724 0.204345 0.875724
1 0.184862 0.867777 0.188550 0.867777 0.188550 0.875794 0.184862 0.875794
1 0.204134 0.892005 0.207797 0.892005 0.207797 0.899717 0.204134 0.899717
1 0.184688 0.891431 0.188351 0.891431 0.188351 0.899143 0.184688 0.899143
1 0.226526 0.848434 0.230719 0.848434 0.230719 0.856000 0.226526 0.856000
1 0.246564 0.848754 0.250205 0.848754 0.250205 0.855943 0.246564 0.855943
1 0.246005 0.867349 0.250000 0.867349 0.250000 0.875307 0.246005 0.875307
1 0.226434 0.867469 0.229995 0.867469 0.229995 0.875051 0.226434 0.875051
1 0.226213 0.890384 0.230097 0.890384 0.230097 0.898591 0.226213 0.898591
1 0.246132 0.890702 0.250077 0.890702 0.250077 0.899001 0.246132 0.899001
1 0.263968 0.906738 0.271875 0.906738 0.271875 0.909759 0.263968 0.909759
1 0.263499 0.926588 0.271849 0.926588 0.271849 0.929329 0.263499 0.929329
1 0.138302 0.931277 0.142085 0.931277 0.142085 0.946801 0.138302 0.946801
1 0.108701 0.930088 0.112437 0.930088 0.112437 0.945388 0.108701 0.945388
1 0.097659 0.928706 0.101396 0.928706 0.101396 0.944006 0.097659 0.944006
1 0.068082 0.928279 0.071792 0.928279 0.071792 0.943665 0.068082 0.943665
1 0.080221 0.958243 0.083957 0.958243 0.083957 0.973542 0.080221 0.973542
1 0.109511 0.959262 0.112896 0.959262 0.112896 0.973906 0.109511 0.973906
1 0.055858 0.862404 0.059655 0.862404 0.059655 0.878568 0.055858 0.878568
1 0.085501 0.862541 0.089298 0.862541 0.089298 0.878705 0.085501 0.878705
1 0.069695 0.888012 0.087173 0.888012 0.087173 0.892161 0.069695 0.892161
1 0.069645 0.918064 0.086928 0.918064 0.086928 0.922127 0.069645 0.922127
1 0.119526 0.959869 0.123450 0.959869 0.123450 0.975598 0.119526 0.975598
1 0.149289 0.960028 0.152980 0.960028 0.152980 0.976232 0.149289 0.976232
1 0.164064 0.957840 0.167914 0.957840 0.167914 0.974489 0.164064 0.974489
1 0.193666 0.958826 0.197017 0.958826 0.197017 0.975172 0.193666 0.975172
1 0.001790 0.812225 0.016562 0.812225 0.016562 0.815273 0.001790 0.815273
1 0.001438 0.783081 0.016658 0.783081 0.016658 0.786481 0.001438 0.786481
1 0.028497 0.812909 0.032115 0.812909 0.032115 0.829640 0.028497 0.829640
1 0.057386 0.813021 0.061254 0.813021 0.061254 0.829955 0.057386 0.829955
1 0.323559 0.939951 0.327352 0.939951 0.327352 0.947379 0.323559 0.947379
1 0.343307 0.939708 0.346553 0.939708 0.346553 0.947584 0.343307 0.947584
1 0.354631 0.950647 0.361885 0.950647 0.361885 0.954329 0.354631 0.954329
1 0.354687 0.931250 0.361942 0.931250 0.361942 0.934932 0.354687 0.934932
1 0.335985 0.904283 0.339778 0.904283 0.339778 0.911712 0.335985 0.911712
1 0.316672 0.904155 0.320464 0.904155 0.320464 0.911583 0.316672 0.911583
1 0.354369 0.909897 0.362218 0.909897 0.362218 0.913704 0.354369 0.913704
1 0.354098 0.890164 0.362551 0.890164 0.362551 0.894032 0.354098 0.894032
1 0.377105 0.909802 0.385549 0.909802 0.385549 0.913719 0.377105 0.913719
1 0.377604 0.890157 0.385518 0.890157 0.385518 0.894208 0.377604 0.894208
1 0.400311 0.910138 0.408756 0.910138 0.408756 0.914056 0.400311 0.914056
1 0.400589 0.891624 0.408832 0.891624 0.408832 0.894051 0.400589 0.894051
1 0.400056 0.950976 0.408145 0.950976 0.408145 0.955046 0.400056 0.955046
1 0.400256 0.931327 0.408094 0.931327 0.408094 0.935041 0.400256 0.935041
1 0.377345 0.950739 0.385670 0.950739 0.385670 0.954732 0.377345 0.954732
1 0.377449 0.930935 0.385801 0.930935 0.385801 0.934701 0.377449 0.934701
1 0.423648 0.919904 0.427075 0.919904 0.427075 0.927843 0.423648 0.927843
1 0.443161 0.919826 0.446798 0.919826 0.446798 0.928023 0.443161 0.928023
1 0.443110 0.942341 0.447003 0.942341 0.447003 0.950282 0.443110 0.950282
1 0.423694 0.942469 0.427408 0.942469 0.427408 0.950384 0.423694 0.950384
1 0.455897 0.926946 0.459790 0.926946 0.459790 0.934887 0.455897 0.934887
1 0.475874 0.927031 0.479616 0.927031 0.479616 0.934911 0.475874 0.934911
1 0.455161 0.946110 0.463040 0.946110 0.463040 0.949115 0.455161 0.949115
1 0.455001 0.965166 0.463166 0.965166 0.463166 0.968648 0.455001 0.968648
1 0.469476 0.907938 0.473682 0.907938 0.473682 0.915727 0.469476 0.915727
1 0.449740 0.907747 0.453672 0.907747 0.453672 0.915454 0.449740 0.915454
1 0.147877 0.437890 0.163377 0.437890 0.163377 0.442945 0.147877 0.442945
1 0.147365 0.469137 0.163258 0.469137 0.163258 0.472350 0.147365 0.472350
1 0.196327 0.475128 0.212971 0.475128 0.212971 0.479253 0.196327 0.479253
1 0.196971 0.445410 0.213649 0.445410 0.213649 0.449688 0.196971 0.449688
1 0.212020 0.489882 0.215446 0.489882 0.215446 0.497490 0.212020 0.497490
1 0.192476 0.489754 0.196055 0.489754 0.196055 0.497336 0.192476 0.497336
1 0.211874 0.510216 0.215446 0.510216 0.215446 0.517956 0.211874 0.517956
1 0.191794 0.509955 0.195716 0.509955 0.195716 0.517924 0.191794 0.517924
1 0.233016 0.500898 0.236578 0.500898 0.236578 0.509375 0.233016 0.509375
1 0.253125 0.500897 0.256687 0.500897 0.256687 0.509374 0.253125 0.509374
1 0.185027 0.544264 0.192956 0.544264 0.192956 0.548258 0.185027 0.548258
1 0.185297 0.524436 0.193135 0.524436 0.193135 0.528432 0.185297 0.528432
1 0.162879 0.553668 0.177887 0.553668 0.177887 0.558315 0.162879 0.558315
1 0.162774 0.584320 0.178891 0.584320 0.178891 0.588445 0.162774 0.588445
1 0.198339 0.630715 0.215688 0.630715 0.215688 0.635367 0.198339 0.635367
1 0.199226 0.660565 0.215138 0.660565 0.215138 0.664114 0.199226 0.664114
1 0.245805 0.423236 0.249590 0.423236 0.249590 0.430743 0.245805 0.430743
1 0.225229 0.422654 0.229744 0.422654 0.229744 0.430868 0.225229 0.430868
1 0.276488 0.424023 0.285861 0.424023 0.285861 0.428484 0.276488 0.428484
1 0.276691 0.404226 0.285553 0.404226 0.285553 0.407889 0.276691 0.407889
1 0.292956 0.403943 0.301829 0.403943 0.301829 0.408115 0.292956 0.408115
1 0.293220 0.424059 0.302406 0.424059 0.302406 0.427615 0.293220 0.427615
1 0.266097 0.431098 0.274384 0.431098 0.274384 0.434739 0.266097 0.434739
1 0.265922 0.450357 0.274411 0.450357 0.274411 0.454047 0.265922 0.454047
1 0.280840 0.441952 0.284663 0.441952 0.284663 0.450317 0.280840 0.450317
1 0.301770 0.441946 0.305593 0.441946 0.305593 0.450312 0.301770 0.450312
1 0.227872 0.460742 0.236655 0.460742 0.236655 0.464524 0.227872 0.464524
1 0.245238 0.460542 0.253919 0.460542 0.253919 0.464267 0.245238 0.464267
1 0.228487 0.440763 0.236808 0.440763 0.236808 0.444595 0.228487 0.444595
1 0.245415 0.441265 0.253539 0.441265 0.253539 0.444878 0.245415 0.444878
1 0.325298 0.385554 0.329416 0.385554 0.329416 0.393472 0.325298 0.393472
1 0.305351 0.385275 0.309469 0.385275 0.309469 0.393193 0.305351 0.393193
1 0.345334 0.409860 0.348829 0.409860 0.348829 0.418595 0.345334 0.418595
1 0.365622 0.410122 0.369032 0.410122 0.369032 0.418186 0.365622 0.418186
1 0.551804 0.910682 0.559902 0.910682 0.559902 0.915055 0.551804 0.915055
1 0.551952 0.890766 0.559951 0.890766 0.559951 0.894790 0.551952 0.894790
1 0.573372 0.950837 0.576522 0.950837 0.576522 0.958213 0.573372 0.958213
1 0.553177 0.949801 0.557188 0.949801 0.557188 0.958701 0.553177 0.958701
1 0.549187 0.970783 0.553197 0.970783 0.553197 0.979683 0.549187 0.979683
1 0.569539 0.971427 0.573137 0.971427 0.573137 0.979912 0.569539 0.979912
1 0.600266 0.927815 0.603106 0.927815 0.603106 0.935948 0.600266 0.935948
1 0.580555 0.927701 0.584404 0.927701 0.584404 0.935550 0.580555 0.935550
1 0.610666 0.900485 0.614794 0.900485 0.614794 0.909388 0.610666 0.909388
1 0.590920 0.900635 0.594402 0.900635 0.594402 0.909040 0.590920 0.909040
1 0.610566 0.883525 0.614247 0.883525 0.614247 0.891582 0.610566 0.891582
1 0.591104 0.883460 0.594785 0.883460 0.594785 0.891518 0.591104 0.891518
1 0.614348 0.865541 0.618510 0.865541 0.618510 0.873559 0.614348 0.873559
1 0.609983 0.848400 0.614320 0.848400 0.614320 0.856713 0.609983 0.856713
1 0.629599 0.848457 0.633755 0.848457 0.633755 0.856813 0.629599 0.856813
1 0.633836 0.865685 0.637582 0.865685 0.637582 0.873689 0.633836 0.873689
1 0.622175 0.931335 0.625665 0.931335 0.625665 0.940686 0.622175 0.940686
1 0.642440 0.931438 0.645854 0.931438 0.645854 0.940540 0.642440 0.940540
1 0.618209 0.951129 0.626639 0.951129 0.626639 0.955379 0.618209 0.955379
1 0.617825 0.970801 0.626460 0.970801 0.626460 0.974667 0.617825 0.974667
1 0.270307 0.182253 0.278227 0.182253 0.278227 0.185502 0.270307 0.185502
1 0.270050 0.201541 0.278279 0.201541 0.278279 0.204790 0.270050 0.204790
1 0.268716 0.226136 0.276969 0.226136 0.276969 0.230286 0.268716 0.230286
1 0.268327 0.245692 0.276983 0.245692 0.276983 0.249575 0.268327 0.249575
1 0.285250 0.246292 0.294490 0.246292 0.294490 0.250005 0.285250 0.250005
1 0.285772 0.227045 0.294490 0.227045 0.294490 0.229987 0.285772 0.229987
1 0.342489 0.374228 0.352161 0.374228 0.352161 0.377157 0.342489 0.377157
1 0.342617 0.354197 0.352289 0.354197 0.352289 0.357127 0.342617 0.357127
1 0.543799 0.059605 0.552253 0.059605 0.552253 0.063590 0.543799 0.063590
1 0.572283 0.044945 0.580737 0.044945 0.580737 0.048929 0.572283 0.048929
1 0.572470 0.064800 0.580924 0.064800 0.580924 0.068784 0.572470 0.068784
1 0.543887 0.079060 0.552341 0.079060 0.552341 0.083044 0.543887 0.083044
1 0.543913 0.092277 0.551691 0.092277 0.551691 0.096286 0.543913 0.096286
1 0.543990 0.112308 0.551767 0.112308 0.551767 0.116317 0.543990 0.116317
1 0.526231 0.134321 0.529720 0.134321 0.529720 0.142388 0.526231 0.142388
1 0.505921 0.134062 0.509447 0.134062 0.509447 0.142605 0.505921 0.142605
1 0.536424 0.137059 0.539914 0.137059 0.539914 0.145127 0.536424 0.145127
1 0.557014 0.137220 0.560504 0.137220 0.560504 0.145287 0.557014 0.145287
1 0.576639 0.099949 0.585161 0.099949 0.585161 0.103148 0.576639 0.103148
1 0.594851 0.100461 0.604124 0.100461 0.604124 0.103637 0.594851 0.103637
1 0.594903 0.120133 0.604175 0.120133 0.604175 0.123309 0.594903 0.123309
1 0.565539 0.188311 0.574650 0.188311 0.574650 0.192492 0.565539 0.192492
1 0.575897 0.118776 0.585118 0.118776 0.585118 0.122746 0.575897 0.122746
1 0.565597 0.208777 0.574785 0.208777 0.574785 0.212164 0.565597 0.212164
1 0.576496 0.234456 0.585685 0.234456 0.585685 0.237843 0.576496 0.237843
1 0.576236 0.254799 0.585424 0.254799 0.585424 0.258187 0.576236 0.258187
1 0.575080 0.265585 0.579221 0.265585 0.579221 0.273385 0.575080 0.273385
1 0.595639 0.265633 0.599780 0.265633 0.599780 0.273433 0.595639 0.273433
1 0.797397 0.265660 0.811127 0.265660 0.811127 0.270506 0.797397 0.270506
1 0.797223 0.294794 0.810954 0.294794 0.810954 0.299640 0.797223 0.299640
1 0.700624 0.522950 0.709804 0.522950 0.709804 0.527046 0.700624 0.527046
1 0.700605 0.544054 0.709705 0.544054 0.709705 0.547133 0.700605 0.547133
1 0.734827 0.531488 0.744204 0.531488 0.744204 0.535091 0.734827 0.535091
1 0.734629 0.510364 0.744006 0.510364 0.744006 0.513967 0.734629 0.513967
1 0.753782 0.554737 0.768718 0.554737 0.768718 0.558314 0.753782 0.558314
1 0.753681 0.584284 0.768617 0.584284 0.768617 0.587861 0.753681 0.587861
1 0.736047 0.605965 0.744753 0.605965 0.744753 0.609353 0.736047 0.609353
1 0.736230 0.625559 0.744936 0.625559 0.744936 0.628948 0.736230 0.628948
1 0.719033 0.620394 0.727739 0.620394 0.727739 0.623783 0.719033 0.623783
1 0.719133 0.600521 0.727765 0.600521 0.727765 0.604521 0.719133 0.604521
1 0.702222 0.600674 0.709589 0.600674 0.709589 0.604113 0.702222 0.604113
1 0.702121 0.619880 0.709507 0.619880 0.709507 0.623777 0.702121 0.623777
1 0.683098 0.620117 0.691189 0.620117 0.691189 0.623719 0.683098 0.623719
1 0.683175 0.600291 0.691265 0.600291 0.691265 0.603893 0.683175 0.603893
1 0.735508 0.654739 0.739147 0.654739 0.739147 0.671617 0.735508 0.671617
1 0.765230 0.655429 0.769006 0.655429 0.769006 0.671580 0.765230 0.671580
1 0.739229 0.687354 0.742624 0.687354 0.742624 0.696325 0.739229 0.696325
1 0.719112 0.687134 0.722506 0.687134 0.722506 0.696104 0.719112 0.696104
1 0.650932 0.691242 0.659060 0.691242 0.659060 0.694963 0.650932 0.694963
1 0.650784 0.710760 0.658912 0.710760 0.658912 0.714482 0.650784 0.714482
1 0.650104 0.734985 0.658965 0.734985 0.658965 0.738653 0.650104 0.738653
1 0.650411 0.755554 0.659273 0.755554 0.659273 0.759221 0.650411 0.759221
1 0.768883 0.729338 0.777032 0.729338 0.777032 0.732930 0.768883 0.732930
1 0.768630 0.748911 0.776989 0.748911 0.776989 0.752886 0.768630 0.752886
1 0.769243 0.770228 0.777371 0.770228 0.777371 0.773676 0.769243 0.773676
1 0.768885 0.789574 0.777119 0.789574 0.777119 0.794056 0.768885 0.794056
1 0.343657 0.341697 0.351702 0.341697 0.351702 0.344630 0.343657 0.344630
1 0.343758 0.321929 0.351733 0.321929 0.351733 0.325581 0.343758 0.325581
1 0.185788 0.032468 0.193608 0.032468 0.193608 0.036446 0.185788 0.036446
1 0.185635 0.012616 0.193456 0.012616 0.193456 0.016594 0.185635 0.016594
1 0.002903 0.693818 0.012807 0.693818 0.012807 0.717384 0.002903 0.717384
1 0.021858 0.894126 0.025273 0.894126 0.025273 0.909324 0.021858 0.909324
1 0.018955 0.866120 0.023224 0.866120 0.023224 0.881148 0.018955 0.881148
1 0.643568 0.064280 0.827529 0.064280 0.827529 0.100643 0.643568 0.100643
1 0.492461 0.003287 0.529069 0.003287 0.529069 0.011561 0.492461 0.011561
1 0.471515 0.133223 0.480495 0.133223 0.480495 0.170173 0.471515 0.170173
1 0.334167 0.131898 0.404828 0.131898 0.404828 0.168407 0.334167 0.168407
1 0.316207 0.129985 0.325738 0.129985 0.325738 0.170349 0.316207 0.170349
1 0.212128 0.112908 0.253994 0.112908 0.253994 0.121613 0.212128 0.121613
1 0.111295 0.057484 0.141378 0.057484 0.141378 0.065923 0.111295 0.065923
1 0.086701 0.080813 0.094417 0.080813 0.094417 0.111097 0.086701 0.111097
1 0.077567 0.080415 0.085283 0.080415 0.085283 0.110699 0.077567 0.110699
1 0.069029 0.080515 0.076745 0.080515 0.076745 0.110799 0.069029 0.110799
1 0.060391 0.080118 0.068107 0.080118 0.068107 0.110402 0.060391 0.110402
1 0.052719 0.080617 0.059271 0.080617 0.059271 0.110203 0.052719 0.110203
1 0.043811 0.080018 0.051527 0.080018 0.051527 0.110302 0.043811 0.110302
1 0.036139 0.080716 0.042691 0.080716 0.042691 0.110302 0.036139 0.110302
1 0.027132 0.080118 0.034848 0.080118 0.034848 0.110402 0.027132 0.110402
1 0.018268 0.080418 0.024820 0.080418 0.024820 0.110004 0.018268 0.110004
1 0.009261 0.079820 0.016977 0.079820 0.016977 0.110104 0.009261 0.110104
1 0.001589 0.080021 0.008240 0.080021 0.008240 0.110302 0.001589 0.110302
1 0.110898 0.048450 0.141775 0.048450 0.141775 0.056094 0.110898 0.056094
1 0.110997 0.040308 0.141874 0.040308 0.141874 0.047953 0.110997 0.047953
1 0.111692 0.031572 0.142569 0.031572 0.142569 0.039216 0.111692 0.039216
1 0.111792 0.023431 0.142668 0.023431 0.142668 0.031075 0.111792 0.031075
1 0.111394 0.014495 0.142271 0.014495 0.142271 0.022140 0.111394 0.022140
1 0.111494 0.006354 0.142370 0.006354 0.142370 0.013999 0.111494 0.013999
1 0.211675 0.101801 0.253541 0.101801 0.253541 0.110506 0.211675 0.110506
1 0.211448 0.090013 0.253314 0.090013 0.253314 0.098719 0.211448 0.098719
1 0.210995 0.078906 0.252861 0.078906 0.252861 0.087612 0.210995 0.087612
1 0.212015 0.067912 0.253881 0.067912 0.253881 0.076618 0.212015 0.076618
1 0.211448 0.057372 0.253314 0.057372 0.253314 0.066077 0.211448 0.066077
1 0.211108 0.045698 0.252974 0.045698 0.252974 0.054403 0.211108 0.054403
1 0.210655 0.034590 0.252521 0.034590 0.252521 0.043296 0.210655 0.043296
1 0.211108 0.001495 0.252974 0.001495 0.252974 0.010201 0.211108 0.010201
1 0.211335 0.012829 0.253201 0.012829 0.253201 0.021535 0.211335 0.021535
1 0.211562 0.023936 0.253427 0.023936 0.253427 0.032642 0.211562 0.032642
1 0.304306 0.130438 0.313837 0.130438 0.313837 0.170803 0.304306 0.170803
1 0.293085 0.130211 0.302617 0.130211 0.302617 0.170576 0.293085 0.170576
1 0.282205 0.130211 0.291736 0.130211 0.291736 0.170576 0.282205 0.170576
1 0.270984 0.129985 0.280516 0.129985 0.280516 0.170349 0.270984 0.170349
1 0.259650 0.129531 0.269182 0.129531 0.269182 0.169896 0.259650 0.169896
1 0.460294 0.133223 0.469274 0.133223 0.469274 0.170173 0.460294 0.170173
1 0.448960 0.133450 0.457940 0.133450 0.457940 0.170400 0.448960 0.170400
1 0.437739 0.133450 0.446719 0.133450 0.446719 0.170400 0.437739 0.170400
1 0.426519 0.133450 0.435499 0.133450 0.435499 0.170400 0.426519 0.170400
1 0.415298 0.133450 0.424278 0.133450 0.424278 0.170400 0.415298 0.170400
1 0.492234 0.014167 0.528843 0.014167 0.528843 0.022441 0.492234 0.022441
1 0.491667 0.036382 0.528276 0.036382 0.528276 0.044656 0.491667 0.044656
1 0.491894 0.025501 0.528503 0.025501 0.528503 0.033775 0.491894 0.033775
1 0.492914 0.047716 0.529523 0.047716 0.529523 0.055990 0.492914 0.055990
1 0.492687 0.058597 0.529296 0.058597 0.529296 0.066870 0.492687 0.066870
1 0.492347 0.069931 0.528956 0.069931 0.528956 0.078204 0.492347 0.078204
1 0.492121 0.080811 0.528729 0.080811 0.528729 0.089085 0.492121 0.089085
1 0.491667 0.092485 0.528276 0.092485 0.528276 0.100759 0.491667 0.100759
1 0.491327 0.103819 0.527936 0.103819 0.527936 0.112093 0.491327 0.112093
1 0.491101 0.114700 0.527709 0.114700 0.527709 0.122973 0.491101 0.122973
