0 0.215062 0.495904 0.248452 0.495904 0.248452 0.516938 0.215062 0.516938
0 0.026099 0.182924 0.059492 0.182924 0.059492 0.203977 0.026099 0.203977
0 0.389122 0.128721 0.425094 0.128721 0.425094 0.196041 0.389122 0.196041
0 0.166787 0.163696 0.217281 0.163696 0.217281 0.229647 0.166787 0.229647
0 0.306197 0.132118 0.357427 0.132118 0.357427 0.198683 0.306197 0.198683
0 0.039343 0.113054 0.057328 0.113054 0.057328 0.158970 0.039343 0.158970
0 0.404985 0.067199 0.421054 0.067199 0.421054 0.076395 0.404985 0.076395
0 0.404732 0.051220 0.420949 0.051220 0.420949 0.060157 0.404732 0.060157
0 0.340530 0.518180 0.355303 0.518180 0.355303 0.543781 0.340530 0.543781
0 0.218013 0.832981 0.243538 0.832981 0.243538 0.845359 0.218013 0.845359
0 0.406952 0.827039 0.440518 0.827039 0.440518 0.847861 0.406952 0.847861
0 0.264007 0.911328 0.299097 0.911328 0.299097 0.929905 0.264007 0.929905
0 0.107681 0.715485 0.133408 0.715485 0.133408 0.729701 0.107681 0.729701
0 0.283924 0.707945 0.317304 0.707945 0.317304 0.729096 0.283924 0.729096
0 0.301842 0.666773 0.327037 0.666773 0.327037 0.679297 0.301842 0.679297
0 0.285012 0.771320 0.318555 0.771320 0.318555 0.792283 0.285012 0.792283
0 0.406798 0.794240 0.440115 0.794240 0.440115 0.815819 0.406798 0.815819
0 0.230797 0.574668 0.243004 0.574668 0.243004 0.599080 0.230797 0.599080
0 0.093394 0.817043 0.114803 0.817043 0.114803 0.849875 0.093394 0.849875
0 0.113549 0.661141 0.134204 0.661141 0.134204 0.694050 0.113549 0.694050
0 0.258226 0.744578 0.282706 0.744578 0.282706 0.756978 0.258226 0.756978
0 0.072943 0.549592 0.087165 0.549592 0.087165 0.574920 0.072943 0.574920
0 0.177290 0.817441 0.198154 0.817441 0.198154 0.850605 0.177290 0.850605
0 0.144516 0.817225 0.165385 0.817225 0.165385 0.850374 0.144516 0.850374
0 0.138187 0.593328 0.164096 0.593328 0.164096 0.607546 0.138187 0.607546
0 0.393831 0.538973 0.407998 0.538973 0.407998 0.564729 0.393831 0.564729
0 0.027759 0.705379 0.061459 0.705379 0.061459 0.726432 0.027759 0.726432
0 0.176906 0.680826 0.197935 0.680826 0.197935 0.713955 0.176906 0.713955
0 0.145789 0.680958 0.166467 0.680958 0.166467 0.713813 0.145789 0.713813
0 0.390211 0.645363 0.400018 0.645363 0.400018 0.662437 0.390211 0.662437
0 0.029125 0.615811 0.075313 0.615811 0.075313 0.634069 0.029125 0.634069
0 0.347635 0.789815 0.373406 0.789815 0.373406 0.804317 0.347635 0.804317
0 0.158497 0.622614 0.176627 0.622614 0.176627 0.655916 0.158497 0.655916
0 0.028303 0.670575 0.062007 0.670575 0.062007 0.691819 0.028303 0.691819
0 0.034024 0.822353 0.052274 0.822353 0.052274 0.868100 0.034024 0.868100
0 0.030547 0.896689 0.096738 0.896689 0.096738 0.948145 0.030547 0.948145
0 0.300713 0.855232 0.317520 0.855232 0.317520 0.864497 0.300713 0.864497
0 0.372402 0.677016 0.397886 0.677016 0.397886 0.691695 0.372402 0.691695
0 0.162665 0.870015 0.220078 0.870015 0.220078 0.948773 0.162665 0.948773
0 0.269641 0.853422 0.286473 0.853422 0.286473 0.862715 0.269641 0.862715
0 0.288291 0.567475 0.345710 0.567475 0.345710 0.647758 0.288291 0.647758
0 0.221025 0.984609 0.238233 0.984609 0.238233 0.994197 0.221025 0.994197
0 0.301215 0.872871 0.317312 0.872871 0.317312 0.881740 0.301215 0.881740
0 0.252175 0.974968 0.261504 0.974968 0.261504 0.991170 0.252175 0.991170
0 0.736934 0.370022 0.751299 0.370022 0.751299 0.395921 0.736934 0.395921
0 0.802532 0.300445 0.817009 0.300445 0.817009 0.326278 0.802532 0.326278
0 0.606320 0.353846 0.619487 0.353846 0.619487 0.379445 0.606320 0.379445
0 0.656218 0.304498 0.669475 0.304498 0.669475 0.330043 0.656218 0.330043
0 0.646613 0.468053 0.661382 0.468053 0.661382 0.493794 0.646613 0.493794
0 0.826057 0.300160 0.840423 0.300160 0.840423 0.325994 0.826057 0.325994
0 0.826022 0.427681 0.842021 0.427681 0.842021 0.436362 0.826022 0.436362
0 0.784723 0.437111 0.800488 0.437111 0.800488 0.445148 0.784723 0.445148
0 0.834361 0.371643 0.842243 0.371643 0.842243 0.387316 0.834361 0.387316
0 0.881614 0.263663 0.915196 0.263663 0.915196 0.282009 0.881614 0.282009
0 0.858627 0.112681 0.866620 0.112681 0.866620 0.128353 0.858627 0.128353
0 0.623694 0.481737 0.636800 0.481737 0.636800 0.507220 0.623694 0.507220
0 0.932491 0.252912 0.940276 0.252912 0.940276 0.268568 0.932491 0.268568
0 0.688748 0.283031 0.701735 0.283031 0.701735 0.308343 0.688748 0.308343
0 0.751981 0.486043 0.766462 0.486043 0.766462 0.511642 0.751981 0.511642
0 0.687242 0.379626 0.701626 0.379626 0.701626 0.405265 0.687242 0.405265
0 0.670795 0.088375 0.696285 0.088375 0.696285 0.101565 0.670795 0.101565
0 0.781121 0.299581 0.795439 0.299581 0.795439 0.325020 0.781121 0.325020
0 0.686428 0.337442 0.699626 0.337442 0.699626 0.363140 0.686428 0.363140
0 0.739068 0.296261 0.753564 0.296261 0.753564 0.322100 0.739068 0.322100
0 0.754022 0.253834 0.767394 0.253834 0.767394 0.279325 0.754022 0.279325
0 0.660364 0.379338 0.674417 0.379338 0.674417 0.404962 0.660364 0.404962
0 0.695730 0.241847 0.709152 0.241847 0.709152 0.267056 0.695730 0.267056
0 0.931219 0.284249 0.940398 0.284249 0.940398 0.300733 0.931219 0.300733
0 0.786535 0.376505 0.800796 0.376505 0.800796 0.402570 0.786535 0.402570
0 0.700200 0.493737 0.725969 0.493737 0.725969 0.507205 0.700200 0.507205
0 0.882338 0.335236 0.890300 0.335236 0.890300 0.350927 0.882338 0.350927
0 0.709902 0.379956 0.724376 0.379956 0.724376 0.406033 0.709902 0.406033
0 0.825263 0.252433 0.838492 0.252433 0.838492 0.277881 0.825263 0.277881
0 0.857777 0.156913 0.865696 0.156913 0.865696 0.172249 0.857777 0.172249
0 0.729097 0.201669 0.754553 0.201669 0.754553 0.214516 0.729097 0.214516
0 0.646651 0.353347 0.672257 0.353347 0.672257 0.366598 0.646651 0.366598
0 0.854837 0.361467 0.862697 0.361467 0.862697 0.377269 0.854837 0.377269
0 0.816686 0.371422 0.824961 0.371422 0.824961 0.387022 0.816686 0.387022
0 0.712335 0.286320 0.725315 0.286320 0.725315 0.311820 0.712335 0.311820
0 0.950241 0.264556 0.984149 0.264556 0.984149 0.282975 0.950241 0.282975
0 0.898201 0.312522 0.914122 0.312522 0.914122 0.320413 0.898201 0.320413
0 0.654624 0.509384 0.680525 0.509384 0.680525 0.524038 0.654624 0.524038
0 0.674579 0.053797 0.689897 0.053797 0.689897 0.061690 0.674579 0.061690
0 0.756888 0.452183 0.765805 0.452183 0.765805 0.468043 0.756888 0.468043
0 0.873754 0.368150 0.890644 0.368150 0.890644 0.377039 0.873754 0.377039
0 0.695526 0.423813 0.705033 0.423813 0.705033 0.440564 0.695526 0.440564
0 0.818629 0.349675 0.834597 0.349675 0.834597 0.358252 0.818629 0.358252
0 0.937482 0.336606 0.954121 0.336606 0.954121 0.345712 0.937482 0.345712
0 0.864934 0.335407 0.874609 0.335407 0.874609 0.351396 0.864934 0.351396
0 0.774088 0.455644 0.782117 0.455644 0.782117 0.471343 0.774088 0.471343
0 0.700534 0.516279 0.726764 0.516279 0.726764 0.530852 0.700534 0.530852
0 0.874482 0.156804 0.882721 0.156804 0.882721 0.172873 0.874482 0.172873
0 0.648962 0.789826 0.674892 0.789826 0.674892 0.804690 0.648962 0.804690
0 0.649095 0.531632 0.674899 0.531632 0.674899 0.545930 0.649095 0.545930
0 0.660960 0.855523 0.686693 0.855523 0.686693 0.869757 0.660960 0.869757
0 0.621072 0.742286 0.646425 0.742286 0.646425 0.755454 0.621072 0.755454
0 0.916231 0.866996 0.931907 0.866996 0.931907 0.875128 0.916231 0.875128
0 0.701576 0.858944 0.727182 0.858944 0.727182 0.873217 0.701576 0.873217
0 0.777148 0.818633 0.792826 0.818633 0.792826 0.826562 0.777148 0.826562
0 0.734948 0.966800 0.768296 0.966800 0.768296 0.988502 0.734948 0.988502
0 0.705019 0.653321 0.719075 0.653321 0.719075 0.678998 0.705019 0.678998
0 0.663995 0.608974 0.689697 0.608974 0.689697 0.623228 0.663995 0.623228
0 0.639680 0.571949 0.652676 0.571949 0.652676 0.597273 0.639680 0.597273
0 0.607514 0.947702 0.620539 0.947702 0.620539 0.973154 0.607514 0.973154
0 0.764962 0.621800 0.780640 0.621800 0.780640 0.629921 0.764962 0.629921
0 0.711656 0.887896 0.737435 0.887896 0.737435 0.902249 0.711656 0.902249
0 0.788231 0.662163 0.796083 0.662163 0.796083 0.677761 0.788231 0.677761
0 0.777322 0.794502 0.793047 0.794502 0.793047 0.802340 0.777322 0.802340
0 0.871842 0.840018 0.893271 0.840018 0.893271 0.872042 0.871842 0.872042
0 0.739321 0.648772 0.755188 0.648772 0.755188 0.656996 0.739321 0.656996
0 0.777536 0.771487 0.793249 0.771487 0.793249 0.779629 0.777536 0.779629
0 0.819023 0.818017 0.834806 0.818017 0.834806 0.825978 0.819023 0.825978
0 0.789178 0.562487 0.802376 0.562487 0.802376 0.587643 0.789178 0.587643
0 0.818909 0.793781 0.834766 0.793781 0.834766 0.801758 0.818909 0.801758
0 0.965687 0.862138 0.973599 0.862138 0.973599 0.877924 0.965687 0.877924
0 0.795396 0.959661 0.828486 0.959661 0.828486 0.980132 0.795396 0.980132
0 0.672658 0.886472 0.698089 0.886472 0.698089 0.899579 0.672658 0.899579
0 0.711971 0.556478 0.727500 0.556478 0.727500 0.564485 0.711971 0.564485
0 0.989828 0.821104 0.997745 0.821104 0.997745 0.836853 0.989828 0.836853
0 0.581179 0.794401 0.607038 0.794401 0.607038 0.808377 0.581179 0.808377
0 0.584891 0.821520 0.610414 0.821520 0.610414 0.834922 0.584891 0.834922
0 0.756506 0.886377 0.782304 0.886377 0.782304 0.900817 0.756506 0.900817
0 0.989476 0.861993 0.997500 0.861993 0.997500 0.877640 0.989476 0.877640
0 0.771623 0.638541 0.787358 0.638541 0.787358 0.646352 0.771623 0.646352
0 0.733339 0.725596 0.745901 0.725596 0.745901 0.749903 0.733339 0.749903
0 0.628256 0.848962 0.649871 0.848962 0.649871 0.882038 0.628256 0.882038
0 0.966414 0.821068 0.974188 0.821068 0.974188 0.836846 0.966414 0.836846
0 0.909449 0.831324 0.925095 0.831324 0.925095 0.839285 0.909449 0.839285
0 0.661049 0.818559 0.674051 0.818559 0.674051 0.844201 0.661049 0.844201
0 0.851929 0.837073 0.860627 0.837073 0.860627 0.853760 0.851929 0.853760
0 0.711699 0.619993 0.727518 0.619993 0.727518 0.628831 0.711699 0.628831
0 0.943362 0.820973 0.951036 0.820973 0.951036 0.836664 0.943362 0.836664
0 0.738122 0.697976 0.754085 0.697976 0.754085 0.706077 0.738122 0.706077
0 0.778831 0.744566 0.794245 0.744566 0.794245 0.752723 0.778831 0.752723
0 0.779080 0.704866 0.794946 0.704866 0.794946 0.712941 0.779080 0.712941
0 0.942910 0.861841 0.950802 0.861841 0.950802 0.877670 0.942910 0.877670
0 0.819377 0.775031 0.835100 0.775031 0.835100 0.782851 0.819377 0.782851
0 0.789037 0.688228 0.804904 0.688228 0.804904 0.696786 0.789037 0.696786
0 0.711280 0.539271 0.727490 0.539271 0.727490 0.548716 0.711280 0.548716
1 0.017762 0.180462 0.026388 0.180462 0.026388 0.204484 0.017762 0.204484
1 0.057409 0.127776 0.074606 0.127776 0.074606 0.143263 0.057409 0.143263
1 0.059612 0.179303 0.069593 0.179303 0.069593 0.205957 0.059612 0.205957
1 0.023635 0.112384 0.039155 0.112384 0.039155 0.125568 0.023635 0.125568
1 0.021786 0.145048 0.039008 0.145048 0.039008 0.158544 0.021786 0.158544
1 0.172548 0.142157 0.213159 0.142157 0.213159 0.163549 0.172548 0.163549
1 0.170173 0.229941 0.213834 0.229941 0.213834 0.252938 0.170173 0.252938
1 0.248424 0.494805 0.256582 0.494805 0.256582 0.518205 0.248424 0.518205
1 0.205479 0.494366 0.215145 0.494366 0.215145 0.517981 0.205479 0.517981
1 0.044472 0.598048 0.060189 0.598048 0.060189 0.615403 0.044472 0.615403
1 0.175086 0.713926 0.199032 0.713926 0.199032 0.722526 0.175086 0.722526
1 0.144451 0.714022 0.168040 0.714022 0.168040 0.722364 0.144451 0.722364
1 0.144614 0.671444 0.168264 0.671444 0.168264 0.680292 0.144614 0.680292
1 0.112015 0.694364 0.135749 0.694364 0.135749 0.703688 0.112015 0.703688
1 0.175283 0.671899 0.198958 0.671899 0.198958 0.679871 0.175283 0.679871
1 0.029942 0.634205 0.043082 0.634205 0.043082 0.649411 0.029942 0.649411
1 0.062233 0.634614 0.075182 0.634614 0.075182 0.649460 0.062233 0.649460
1 0.019633 0.703038 0.027717 0.703038 0.027717 0.726995 0.019633 0.726995
1 0.062093 0.669146 0.071027 0.669146 0.071027 0.693231 0.062093 0.693231
1 0.112529 0.652580 0.135892 0.652580 0.135892 0.660624 0.112529 0.660624
1 0.176622 0.632601 0.190648 0.632601 0.190648 0.643175 0.176622 0.643175
1 0.071316 0.574948 0.087778 0.574948 0.087778 0.580116 0.071316 0.580116
1 0.061449 0.702954 0.070666 0.702954 0.070666 0.727733 0.061449 0.727733
1 0.133616 0.714216 0.137862 0.714216 0.137862 0.730611 0.133616 0.730611
1 0.103563 0.714051 0.107571 0.714051 0.107571 0.730391 0.103563 0.730391
1 0.229199 0.569468 0.244547 0.569468 0.244547 0.574215 0.229199 0.574215
1 0.019952 0.669141 0.028153 0.669141 0.028153 0.692771 0.019952 0.692771
1 0.134580 0.591721 0.138053 0.591721 0.138053 0.608699 0.134580 0.608699
1 0.072771 0.546062 0.087380 0.546062 0.087380 0.549219 0.072771 0.549219
1 0.228647 0.598879 0.244836 0.598879 0.244836 0.603356 0.228647 0.603356
1 0.164479 0.592495 0.167602 0.592495 0.167602 0.609097 0.164479 0.609097
1 0.253682 0.742346 0.258221 0.742346 0.258221 0.758745 0.253682 0.758745
1 0.257270 0.568509 0.286477 0.568509 0.286477 0.580817 0.257270 0.580817
1 0.096862 0.900047 0.118379 0.900047 0.118379 0.943880 0.096862 0.943880
1 0.090437 0.849709 0.117134 0.849709 0.117134 0.860013 0.090437 0.860013
1 0.126598 0.869479 0.156786 0.869479 0.156786 0.881616 0.126598 0.881616
1 0.127731 0.891378 0.157513 0.891378 0.157513 0.902991 0.127731 0.902991
1 0.127644 0.934708 0.157071 0.934708 0.157071 0.946418 0.127644 0.946418
1 0.174346 0.850694 0.199956 0.850694 0.199956 0.860233 0.174346 0.860233
1 0.052299 0.837447 0.067692 0.837447 0.067692 0.851143 0.052299 0.851143
1 0.141752 0.850183 0.168332 0.850183 0.168332 0.860087 0.141752 0.860087
1 0.017144 0.821736 0.033589 0.821736 0.033589 0.834996 0.017144 0.834996
1 0.017123 0.853965 0.033589 0.853965 0.033589 0.867739 0.017123 0.867739
1 0.125983 0.912989 0.156924 0.912989 0.156924 0.924778 0.125983 0.924778
1 0.221256 0.893128 0.250894 0.893128 0.250894 0.904191 0.221256 0.904191
1 0.221550 0.913884 0.250992 0.913884 0.250992 0.925956 0.221550 0.925956
1 0.220667 0.936555 0.250603 0.936555 0.250603 0.947640 0.220667 0.947640
1 0.174614 0.806886 0.200832 0.806886 0.200832 0.817078 0.174614 0.817078
1 0.214025 0.830967 0.218445 0.830967 0.218445 0.846949 0.214025 0.846949
1 0.006206 0.899327 0.030028 0.899327 0.030028 0.943621 0.006206 0.943621
1 0.142106 0.806411 0.168598 0.806411 0.168598 0.816963 0.142106 0.816963
1 0.090695 0.806227 0.117303 0.806227 0.117303 0.816725 0.090695 0.816725
1 0.221844 0.871340 0.251024 0.871340 0.251024 0.882341 0.221844 0.882341
1 0.217533 0.984972 0.221170 0.984972 0.221170 0.993643 0.217533 0.993643
1 0.237787 0.985010 0.241309 0.985010 0.241309 0.993771 0.237787 0.993771
1 0.243505 0.831334 0.248754 0.831334 0.248754 0.846439 0.243505 0.846439
1 0.252631 0.991046 0.260977 0.991046 0.260977 0.994456 0.252631 0.994456
1 0.252264 0.971051 0.261569 0.971051 0.261569 0.975018 0.252264 0.975018
1 0.394411 0.109512 0.422643 0.109512 0.422643 0.128074 0.394411 0.128074
1 0.392647 0.196155 0.422004 0.196155 0.422004 0.214708 0.392647 0.214708
1 0.311111 0.111438 0.353214 0.111438 0.353214 0.131444 0.311111 0.131444
1 0.400382 0.067145 0.405334 0.067145 0.405334 0.075608 0.400382 0.075608
1 0.308388 0.199020 0.352001 0.199020 0.352001 0.222061 0.308388 0.222061
1 0.400651 0.051605 0.404900 0.051605 0.404900 0.059439 0.400651 0.059439
1 0.317691 0.706549 0.326752 0.706549 0.326752 0.730445 0.317691 0.730445
1 0.352349 0.612464 0.382460 0.612464 0.382460 0.625129 0.352349 0.625129
1 0.276025 0.706360 0.283980 0.706360 0.283980 0.730307 0.276025 0.730307
1 0.258290 0.590496 0.286623 0.590496 0.286623 0.602559 0.258290 0.602559
1 0.258762 0.612363 0.286623 0.612363 0.286623 0.624091 0.258762 0.624091
1 0.352085 0.634072 0.382252 0.634072 0.382252 0.646746 0.352085 0.646746
1 0.352621 0.569650 0.382527 0.569650 0.382527 0.581630 0.352621 0.581630
1 0.352608 0.590970 0.382072 0.590970 0.382072 0.603388 0.352608 0.603388
1 0.340703 0.543543 0.355417 0.543543 0.355417 0.547899 0.340703 0.547899
1 0.258026 0.633651 0.286323 0.633651 0.286323 0.645970 0.258026 0.645970
1 0.340439 0.513342 0.355199 0.513342 0.355199 0.517984 0.340439 0.517984
1 0.393166 0.533957 0.408731 0.533957 0.408731 0.538545 0.393166 0.538545
1 0.392993 0.564431 0.408922 0.564431 0.408922 0.568736 0.392993 0.568736
1 0.368460 0.676064 0.372000 0.676064 0.372000 0.691990 0.368460 0.691990
1 0.390499 0.641859 0.399822 0.641859 0.399822 0.645109 0.390499 0.645109
1 0.297718 0.664773 0.301799 0.664773 0.301799 0.679329 0.297718 0.679329
1 0.327023 0.665944 0.331325 0.665944 0.331325 0.679130 0.327023 0.679130
1 0.398122 0.676683 0.401560 0.676683 0.401560 0.692320 0.398122 0.692320
1 0.390798 0.662052 0.399535 0.662052 0.399535 0.665827 0.390798 0.665827
1 0.282443 0.742799 0.287095 0.742799 0.287095 0.759216 0.282443 0.759216
1 0.318699 0.769919 0.326547 0.769919 0.326547 0.793868 0.318699 0.793868
1 0.440228 0.791315 0.450364 0.791315 0.450364 0.817949 0.440228 0.817949
1 0.398181 0.792373 0.406760 0.792373 0.406760 0.816739 0.398181 0.816739
1 0.397939 0.825053 0.406626 0.825053 0.406626 0.848942 0.397939 0.848942
1 0.275525 0.769444 0.284619 0.769444 0.284619 0.793480 0.275525 0.793480
1 0.265601 0.896185 0.275466 0.896185 0.275466 0.911047 0.265601 0.911047
1 0.373177 0.788556 0.377449 0.788556 0.377449 0.805951 0.373177 0.805951
1 0.440902 0.824866 0.448660 0.824866 0.448660 0.849143 0.440902 0.849143
1 0.287580 0.896744 0.297805 0.896744 0.297805 0.911213 0.287580 0.911213
1 0.276293 0.929508 0.286533 0.929508 0.286533 0.942771 0.276293 0.942771
1 0.343431 0.788088 0.347845 0.788088 0.347845 0.805993 0.343431 0.805993
1 0.286530 0.853857 0.289982 0.853857 0.289982 0.862335 0.286530 0.862335
1 0.266078 0.853578 0.269703 0.853578 0.269703 0.862373 0.266078 0.862373
1 0.297413 0.855536 0.300653 0.855536 0.300653 0.864263 0.297413 0.864263
1 0.317402 0.855929 0.320262 0.855929 0.320262 0.864405 0.317402 0.864405
1 0.297580 0.873044 0.300974 0.873044 0.300974 0.881107 0.297580 0.881107
1 0.317422 0.873221 0.320874 0.873221 0.320874 0.881400 0.317422 0.881400
1 0.694576 0.237019 0.710159 0.237019 0.710159 0.241845 0.694576 0.241845
1 0.724196 0.199804 0.729008 0.199804 0.729008 0.217246 0.724196 0.217246
1 0.667021 0.087265 0.671127 0.087265 0.671127 0.101527 0.667021 0.101527
1 0.689878 0.053830 0.694151 0.053830 0.694151 0.061594 0.689878 0.061594
1 0.695969 0.087242 0.701305 0.087242 0.701305 0.101558 0.695969 0.101558
1 0.670427 0.053526 0.674543 0.053526 0.674543 0.061181 0.670427 0.061181
1 0.752122 0.249319 0.768160 0.249319 0.768160 0.253991 0.752122 0.253991
1 0.654984 0.300443 0.670352 0.300443 0.670352 0.304277 0.654984 0.304277
1 0.736257 0.364925 0.752540 0.364925 0.752540 0.369794 0.736257 0.369794
1 0.687429 0.308222 0.702732 0.308222 0.702732 0.311925 0.687429 0.311925
1 0.605105 0.349285 0.620900 0.349285 0.620900 0.353477 0.605105 0.353477
1 0.687759 0.278517 0.703063 0.278517 0.703063 0.282877 0.687759 0.282877
1 0.645528 0.464148 0.661612 0.464148 0.661612 0.468033 0.645528 0.468033
1 0.694739 0.267114 0.709577 0.267114 0.709577 0.271510 0.694739 0.271510
1 0.711303 0.311763 0.726470 0.311763 0.726470 0.315826 0.711303 0.315826
1 0.686398 0.405378 0.702178 0.405378 0.702178 0.409613 0.686398 0.409613
1 0.621857 0.477621 0.638066 0.477621 0.638066 0.481582 0.621857 0.481582
1 0.645564 0.493771 0.661930 0.493771 0.661930 0.497298 0.645564 0.497298
1 0.685402 0.332587 0.701116 0.332587 0.701116 0.337093 0.685402 0.337093
1 0.605245 0.379236 0.620192 0.379236 0.620192 0.383115 0.605245 0.383115
1 0.654731 0.329980 0.670469 0.329980 0.670469 0.333695 0.654731 0.333695
1 0.709149 0.375262 0.725109 0.375262 0.725109 0.379927 0.709149 0.379927
1 0.708869 0.406015 0.724901 0.406015 0.724901 0.409836 0.708869 0.409836
1 0.659263 0.405046 0.675023 0.405046 0.675023 0.408730 0.659263 0.408730
1 0.736382 0.395626 0.751976 0.395626 0.751976 0.399901 0.736382 0.399901
1 0.641805 0.351536 0.646686 0.351536 0.646686 0.367796 0.641805 0.367796
1 0.738621 0.291812 0.754288 0.291812 0.754288 0.296234 0.738621 0.296234
1 0.685433 0.362758 0.700565 0.362758 0.700565 0.366053 0.685433 0.366053
1 0.725809 0.492519 0.730515 0.492519 0.730515 0.508866 0.725809 0.508866
1 0.671922 0.351615 0.676102 0.351615 0.676102 0.367472 0.671922 0.367472
1 0.695415 0.440182 0.704769 0.440182 0.704769 0.444024 0.695415 0.444024
1 0.711187 0.282239 0.726734 0.282239 0.726734 0.286197 0.711187 0.286197
1 0.738236 0.322092 0.754070 0.322092 0.754070 0.325877 0.738236 0.325877
1 0.696142 0.420465 0.704742 0.420465 0.704742 0.423805 0.696142 0.423805
1 0.696709 0.492170 0.700387 0.492170 0.700387 0.508464 0.696709 0.508464
1 0.686483 0.375110 0.702951 0.375110 0.702951 0.379292 0.686483 0.379292
1 0.659621 0.375298 0.675634 0.375298 0.675634 0.379177 0.659621 0.379177
1 0.751477 0.481083 0.768014 0.481083 0.768014 0.485715 0.751477 0.485715
1 0.752319 0.279366 0.754040 0.279366 0.754040 0.283078 0.752319 0.283078
1 0.732065 0.721067 0.747708 0.721067 0.747708 0.725457 0.732065 0.725457
1 0.638448 0.597327 0.654326 0.597327 0.654326 0.601971 0.638448 0.601971
1 0.644608 0.530531 0.649041 0.530531 0.649041 0.546626 0.644608 0.546626
1 0.622131 0.507525 0.637546 0.507525 0.637546 0.511708 0.622131 0.511708
1 0.638311 0.568157 0.654726 0.568157 0.654726 0.571987 0.638311 0.571987
1 0.704771 0.648372 0.720503 0.648372 0.720503 0.653168 0.704771 0.653168
1 0.697032 0.515676 0.700593 0.515676 0.700593 0.531362 0.697032 0.531362
1 0.674858 0.530793 0.678943 0.530793 0.678943 0.547112 0.674858 0.547112
1 0.726266 0.516021 0.730008 0.516021 0.730008 0.531920 0.726266 0.531920
1 0.704300 0.678843 0.720652 0.678843 0.720652 0.683220 0.704300 0.683220
1 0.680471 0.508461 0.684504 0.508461 0.684504 0.524788 0.680471 0.524788
1 0.735052 0.648812 0.739316 0.648812 0.739316 0.656928 0.735052 0.656928
1 0.660913 0.608208 0.664110 0.608208 0.664110 0.623625 0.660913 0.623625
1 0.650638 0.507818 0.654661 0.507818 0.654661 0.524686 0.650638 0.524686
1 0.689727 0.607315 0.694211 0.607315 0.694211 0.624287 0.689727 0.624287
1 0.733996 0.697965 0.738258 0.697965 0.738258 0.705790 0.733996 0.705790
1 0.646463 0.739852 0.651183 0.739852 0.651183 0.756635 0.646463 0.756635
1 0.707947 0.556392 0.711923 0.556392 0.711923 0.564271 0.707947 0.564271
1 0.732008 0.749714 0.747390 0.749714 0.747390 0.754570 0.732008 0.754570
1 0.708014 0.619955 0.711547 0.619955 0.711547 0.628821 0.708014 0.628821
1 0.727478 0.556838 0.730741 0.556838 0.730741 0.564560 0.727478 0.564560
1 0.616438 0.739708 0.620988 0.739708 0.620988 0.756524 0.616438 0.756524
1 0.727503 0.620135 0.731121 0.620135 0.731121 0.628702 0.727503 0.628702
1 0.751316 0.511705 0.767782 0.511705 0.767782 0.515631 0.751316 0.515631
1 0.626269 0.882211 0.649998 0.882211 0.649998 0.891007 0.626269 0.891007
1 0.626866 0.840136 0.650726 0.840136 0.650726 0.848037 0.626866 0.848037
1 0.658240 0.813561 0.676103 0.813561 0.676103 0.818159 0.658240 0.818159
1 0.644279 0.788002 0.648951 0.788002 0.648951 0.805568 0.644279 0.805568
1 0.674618 0.788606 0.678798 0.788606 0.678798 0.805630 0.674618 0.805630
1 0.607102 0.792337 0.611578 0.792337 0.611578 0.809567 0.607102 0.809567
1 0.656739 0.854350 0.661192 0.854350 0.661192 0.870783 0.656739 0.870783
1 0.726083 0.965916 0.735196 0.965916 0.735196 0.990602 0.726083 0.990602
1 0.737516 0.886984 0.741816 0.886984 0.741816 0.902920 0.737516 0.902920
1 0.667453 0.884592 0.672425 0.884592 0.672425 0.901092 0.667453 0.901092
1 0.610198 0.820198 0.614663 0.820198 0.614663 0.837176 0.610198 0.837176
1 0.727045 0.857895 0.730729 0.857895 0.730729 0.874131 0.727045 0.874131
1 0.577172 0.792293 0.581381 0.792293 0.581381 0.809039 0.577172 0.809039
1 0.696684 0.857208 0.701395 0.857208 0.701395 0.873702 0.696684 0.873702
1 0.580155 0.818968 0.584734 0.818968 0.584734 0.835902 0.580155 0.835902
1 0.657982 0.844205 0.676429 0.844205 0.676429 0.849133 0.657982 0.849133
1 0.698315 0.884737 0.702282 0.884737 0.702282 0.901561 0.698315 0.901561
1 0.707444 0.885958 0.711409 0.885958 0.711409 0.902825 0.707444 0.902825
1 0.605424 0.973313 0.622042 0.973313 0.622042 0.977373 0.605424 0.977373
1 0.686916 0.854773 0.691347 0.854773 0.691347 0.871229 0.686916 0.871229
1 0.752576 0.884959 0.756752 0.884959 0.756752 0.901482 0.752576 0.901482
1 0.824005 0.247998 0.839896 0.247998 0.839896 0.252451 0.824005 0.252451
1 0.754484 0.200168 0.759462 0.200168 0.759462 0.216696 0.754484 0.216696
1 0.884029 0.247893 0.891581 0.247893 0.891581 0.263874 0.884029 0.263874
1 0.952454 0.250300 0.959538 0.250300 0.959538 0.264695 0.952454 0.264695
1 0.906119 0.248775 0.913069 0.248775 0.913069 0.263771 0.906119 0.263771
1 0.974745 0.250137 0.981799 0.250137 0.981799 0.265142 0.974745 0.265142
1 0.857683 0.172372 0.865665 0.172372 0.865665 0.175482 0.857683 0.175482
1 0.895197 0.248672 0.902624 0.248672 0.902624 0.263663 0.895197 0.263663
1 0.858705 0.128225 0.866680 0.128225 0.866680 0.131031 0.858705 0.131031
1 0.858495 0.108952 0.866585 0.108952 0.866585 0.112526 0.858495 0.112526
1 0.874381 0.171910 0.882459 0.171910 0.882459 0.175960 0.874381 0.175960
1 0.857957 0.153404 0.865321 0.153404 0.865321 0.156572 0.857957 0.156572
1 0.874425 0.153877 0.882213 0.153877 0.882213 0.158386 0.874425 0.158386
1 0.932304 0.248818 0.940353 0.248818 0.940353 0.252785 0.932304 0.252785
1 0.883717 0.281946 0.891388 0.281946 0.891388 0.295717 0.883717 0.295717
1 0.785090 0.402054 0.802014 0.402054 0.802014 0.406729 0.785090 0.406729
1 0.824030 0.296197 0.841068 0.296197 0.841068 0.300031 0.824030 0.300031
1 0.951908 0.282456 0.959646 0.282456 0.959646 0.296450 0.951908 0.296450
1 0.905745 0.281653 0.913584 0.281653 0.913584 0.296354 0.905745 0.296354
1 0.823448 0.278014 0.839435 0.278014 0.839435 0.282738 0.823448 0.282738
1 0.753643 0.279093 0.767340 0.279093 0.767340 0.283662 0.753643 0.283662
1 0.800423 0.437243 0.804621 0.437243 0.804621 0.444977 0.800423 0.444977
1 0.834282 0.367886 0.842204 0.367886 0.842204 0.371715 0.834282 0.371715
1 0.800492 0.416663 0.804403 0.416663 0.804403 0.424154 0.800492 0.424154
1 0.974170 0.282611 0.981325 0.282611 0.981325 0.297653 0.974170 0.297653
1 0.854668 0.377086 0.862626 0.377086 0.862626 0.380794 0.854668 0.380794
1 0.779908 0.325019 0.796308 0.325019 0.796308 0.329184 0.779908 0.329184
1 0.801733 0.296141 0.818845 0.296141 0.818845 0.300145 0.801733 0.300145
1 0.854710 0.357726 0.862604 0.357726 0.862604 0.361442 0.854710 0.361442
1 0.931210 0.280509 0.940203 0.280509 0.940203 0.284282 0.931210 0.284282
1 0.834159 0.387379 0.842490 0.387379 0.842490 0.391219 0.834159 0.391219
1 0.963214 0.282633 0.970955 0.282633 0.970955 0.297013 0.963214 0.297013
1 0.773832 0.451243 0.782070 0.451243 0.782070 0.455466 0.773832 0.455466
1 0.882274 0.350865 0.890273 0.350865 0.890273 0.355145 0.882274 0.355145
1 0.780230 0.295753 0.796598 0.295753 0.796598 0.299330 0.780230 0.299330
1 0.816378 0.386871 0.825380 0.386871 0.825380 0.390882 0.816378 0.390882
1 0.882092 0.330968 0.890126 0.330968 0.890126 0.335196 0.882092 0.335196
1 0.869860 0.368305 0.873985 0.368305 0.873985 0.376829 0.869860 0.376829
1 0.780861 0.416224 0.785046 0.416224 0.785046 0.424379 0.780861 0.424379
1 0.780642 0.436874 0.784880 0.436874 0.784880 0.444957 0.780642 0.444957
1 0.774083 0.471131 0.782131 0.471131 0.782131 0.475187 0.774083 0.475187
1 0.785637 0.372000 0.801679 0.372000 0.801679 0.375873 0.785637 0.375873
1 0.894169 0.312315 0.898181 0.312315 0.898181 0.320564 0.894169 0.320564
1 0.954002 0.336537 0.957735 0.336537 0.957735 0.345121 0.954002 0.345121
1 0.817405 0.368275 0.824790 0.368275 0.824790 0.371870 0.817405 0.371870
1 0.890524 0.368581 0.894399 0.368581 0.894399 0.376467 0.890524 0.376467
1 0.865334 0.351755 0.873900 0.351755 0.873900 0.355484 0.865334 0.355484
1 0.933558 0.336339 0.937333 0.336339 0.937333 0.345261 0.933558 0.345261
1 0.814906 0.349703 0.818478 0.349703 0.818478 0.358039 0.814906 0.358039
1 0.914118 0.312296 0.917936 0.312296 0.917936 0.320623 0.914118 0.320623
1 0.931242 0.300728 0.940516 0.300728 0.940516 0.304206 0.931242 0.304206
1 0.865264 0.331219 0.874100 0.331219 0.874100 0.335490 0.865264 0.335490
1 0.834123 0.349884 0.838049 0.349884 0.838049 0.357754 0.834123 0.357754
1 0.932406 0.268507 0.940532 0.268507 0.940532 0.271957 0.932406 0.271957
1 0.824170 0.326157 0.840880 0.326157 0.840880 0.329907 0.824170 0.329907
1 0.801680 0.326451 0.818305 0.326451 0.818305 0.330032 0.801680 0.330032
1 0.756728 0.468104 0.765959 0.468104 0.765959 0.471922 0.756728 0.471922
1 0.767436 0.638160 0.771610 0.638160 0.771610 0.646170 0.767436 0.646170
1 0.787491 0.638343 0.791317 0.638343 0.791317 0.646308 0.787491 0.646308
1 0.787560 0.587280 0.803908 0.587280 0.803908 0.591418 0.787560 0.591418
1 0.761173 0.621523 0.764919 0.621523 0.764919 0.629776 0.761173 0.629776
1 0.787660 0.677582 0.795840 0.677582 0.795840 0.681703 0.787660 0.681703
1 0.787874 0.557787 0.804284 0.557787 0.804284 0.562049 0.787874 0.562049
1 0.788501 0.657808 0.796010 0.657808 0.796010 0.661756 0.788501 0.661756
1 0.754048 0.698367 0.757800 0.698367 0.757800 0.705770 0.754048 0.705770
1 0.780643 0.621918 0.784631 0.621918 0.784631 0.630003 0.780643 0.630003
1 0.804915 0.689133 0.808590 0.689133 0.808590 0.696851 0.804915 0.696851
1 0.794321 0.744998 0.798187 0.744998 0.798187 0.752522 0.794321 0.752522
1 0.755083 0.648678 0.758946 0.648678 0.758946 0.656901 0.755083 0.656901
1 0.774772 0.744626 0.779025 0.744626 0.779025 0.752496 0.774772 0.752496
1 0.775312 0.704886 0.779169 0.704886 0.779169 0.712632 0.775312 0.712632
1 0.794859 0.705006 0.799029 0.705006 0.799029 0.712933 0.794859 0.712933
1 0.785180 0.687871 0.789111 0.687871 0.789111 0.696676 0.785180 0.696676
1 0.828648 0.956893 0.838046 0.956893 0.838046 0.982947 0.828648 0.982947
1 0.870149 0.829203 0.895377 0.829203 0.895377 0.839670 0.870149 0.839670
1 0.786178 0.958021 0.794989 0.958021 0.794989 0.981922 0.786178 0.981922
1 0.768603 0.966465 0.777386 0.966465 0.777386 0.990199 0.768603 0.990199
1 0.870035 0.872021 0.895028 0.872021 0.895028 0.881666 0.870035 0.881666
1 0.834932 0.794099 0.839009 0.794099 0.839009 0.801743 0.834932 0.801743
1 0.931833 0.866879 0.935962 0.866879 0.935962 0.874728 0.931833 0.874728
1 0.814951 0.817911 0.818855 0.817911 0.818855 0.825589 0.814951 0.825589
1 0.925247 0.831371 0.929217 0.831371 0.929217 0.839017 0.925247 0.839017
1 0.782295 0.885077 0.786397 0.885077 0.786397 0.901922 0.782295 0.901922
1 0.989258 0.877518 0.997475 0.877518 0.997475 0.881625 0.989258 0.881625
1 0.905531 0.831118 0.909636 0.831118 0.909636 0.838905 0.905531 0.838905
1 0.815133 0.793957 0.818969 0.793957 0.818969 0.801536 0.815133 0.801536
1 0.773155 0.818400 0.776993 0.818400 0.776993 0.826326 0.773155 0.826326
1 0.835459 0.775229 0.839300 0.775229 0.839300 0.782998 0.835459 0.782998
1 0.943188 0.816967 0.951058 0.816967 0.951058 0.820813 0.943188 0.820813
1 0.989705 0.836858 0.997675 0.836858 0.997675 0.840797 0.989705 0.840797
1 0.965837 0.877860 0.973951 0.877860 0.973951 0.881631 0.965837 0.881631
1 0.792835 0.818908 0.796668 0.818908 0.796668 0.826425 0.792835 0.826425
1 0.912577 0.867045 0.916347 0.867045 0.916347 0.875102 0.912577 0.875102
1 0.773841 0.794506 0.777592 0.794506 0.777592 0.802114 0.773841 0.802114
1 0.793254 0.771558 0.797208 0.771558 0.797208 0.779244 0.793254 0.779244
1 0.966239 0.836742 0.974352 0.836742 0.974352 0.840815 0.966239 0.840815
1 0.966225 0.817141 0.974273 0.817141 0.974273 0.820893 0.966225 0.820893
1 0.943154 0.836835 0.951055 0.836835 0.951055 0.840655 0.943154 0.840655
1 0.793170 0.794809 0.797011 0.794809 0.797011 0.802310 0.793170 0.802310
1 0.834826 0.818231 0.838678 0.818231 0.838678 0.825881 0.834826 0.825881
1 0.943048 0.877677 0.950834 0.877677 0.950834 0.881570 0.943048 0.881570
1 0.942863 0.857983 0.950652 0.857983 0.950652 0.861822 0.942863 0.861822
1 0.965334 0.857778 0.973755 0.857778 0.973755 0.861756 0.965334 0.861756
1 0.815280 0.775052 0.819460 0.775052 0.819460 0.782811 0.815280 0.782811
1 0.773816 0.771542 0.777525 0.771542 0.777525 0.779324 0.773816 0.779324
1 0.989586 0.817178 0.997559 0.817178 0.997559 0.820905 0.989586 0.820905
1 0.989332 0.858153 0.997403 0.858153 0.997403 0.861873 0.989332 0.861873
1 0.852058 0.853848 0.860339 0.853848 0.860339 0.856709 0.852058 0.856709
1 0.852858 0.833868 0.860588 0.833868 0.860588 0.836903 0.852858 0.836903
1 0.420821 0.067444 0.425070 0.067444 0.425070 0.075278 0.420821 0.075278
1 0.420945 0.051605 0.425194 0.051605 0.425194 0.059439 0.420945 0.059439
0 0.785074 0.416498 0.800655 0.416498 0.800655 0.424523 0.785074 0.424523
1 0.823471 0.427701 0.825989 0.427701 0.825989 0.435810 0.823471 0.435810
1 0.842083 0.428193 0.845523 0.428193 0.845523 0.435687 0.842083 0.435687
1 0.605517 0.943422 0.622722 0.943422 0.622722 0.947609 0.605517 0.947609
1 0.176622 0.632601 0.190648 0.632601 0.190648 0.643175 0.176622 0.643175
1 0.144164 0.643975 0.158190 0.643975 0.158190 0.654549 0.144164 0.654549
1 0.144349 0.621874 0.158375 0.621874 0.158375 0.632448 0.144349 0.632448
1 0.757195 0.405485 0.764994 0.405485 0.764994 0.409261 0.757195 0.409261
1 0.762532 0.425681 0.771316 0.425681 0.771316 0.428390 0.762532 0.428390
0 0.630599 0.378310 0.644802 0.378310 0.644802 0.405403 0.630599 0.405403
1 0.630353 0.374123 0.645377 0.374123 0.645377 0.378310 0.630353 0.378310
1 0.631010 0.405156 0.644802 0.405156 0.644802 0.409508 0.631010 0.409508
0 0.571160 0.376668 0.592259 0.376668 0.592259 0.410164 0.571160 0.410164
1 0.570667 0.367719 0.593573 0.367719 0.593573 0.375929 0.570667 0.375929
1 0.569901 0.591228 0.574848 0.591228 0.574848 0.606839 0.569901 0.606839
1 0.539889 0.597934 0.544176 0.597934 0.544176 0.613215 0.539889 0.613215
1 0.593097 0.620031 0.602661 0.620031 0.602661 0.643777 0.593097 0.643777
1 0.550552 0.626957 0.559457 0.626957 0.559457 0.650263 0.550552 0.650263
1 0.291580 0.991960 0.309353 0.991960 0.309353 0.996665 0.291580 0.996665
1 0.988362 0.775768 0.994227 0.775768 0.994227 0.804574 0.988362 0.804574
1 0.979565 0.775596 0.985430 0.775596 0.985430 0.804402 0.979565 0.804402
1 0.971372 0.775682 0.977237 0.775682 0.977237 0.804488 0.971372 0.804488
1 0.962575 0.775510 0.968440 0.775510 0.968440 0.804315 0.962575 0.804315
1 0.954209 0.775337 0.960074 0.775337 0.960074 0.804143 0.954209 0.804143
1 0.945412 0.775165 0.951277 0.775165 0.951277 0.803970 0.945412 0.803970
1 0.937219 0.775251 0.943083 0.775251 0.943083 0.804057 0.937219 0.804057
1 0.928422 0.775078 0.934287 0.775078 0.934287 0.803884 0.928422 0.803884
1 0.919970 0.775078 0.925835 0.775078 0.925835 0.803884 0.919970 0.803884
1 0.911173 0.774906 0.917038 0.774906 0.917038 0.803712 0.911173 0.803712
1 0.902980 0.774992 0.908844 0.774992 0.908844 0.803798 0.902980 0.803798
1 0.894183 0.774820 0.900047 0.774820 0.900047 0.803625 0.894183 0.803625
1 0.885817 0.774647 0.891682 0.774647 0.891682 0.803453 0.885817 0.803453
1 0.877020 0.774475 0.882885 0.774475 0.882885 0.803280 0.877020 0.803280
1 0.868827 0.774561 0.874691 0.774561 0.874691 0.803367 0.868827 0.803367
1 0.822427 0.751016 0.851233 0.751016 0.851233 0.757571 0.822427 0.757571
1 0.821823 0.742219 0.851491 0.742219 0.851491 0.748946 0.821823 0.748946
1 0.822513 0.734026 0.851319 0.734026 0.851319 0.740580 0.822513 0.740580
1 0.821909 0.725229 0.851578 0.725229 0.851578 0.731956 0.821909 0.731956
1 0.822427 0.716690 0.851233 0.716690 0.851233 0.723245 0.822427 0.723245
1 0.821823 0.707893 0.851491 0.707893 0.851491 0.714621 0.821823 0.714621
1 0.822513 0.699700 0.851319 0.699700 0.851319 0.706255 0.822513 0.706255
1 0.821909 0.690903 0.851578 0.690903 0.851578 0.697630 0.821909 0.697630
1 0.821909 0.673740 0.851578 0.673740 0.851578 0.680468 0.821909 0.680468
1 0.822513 0.682537 0.851319 0.682537 0.851319 0.689092 0.822513 0.689092
1 0.822686 0.665720 0.852354 0.665720 0.852354 0.672447 0.822686 0.672447
1 0.823375 0.657095 0.852181 0.657095 0.852181 0.663650 0.823375 0.663650
1 0.822772 0.648298 0.852440 0.648298 0.852440 0.655025 0.822772 0.655025
1 0.822599 0.640105 0.852268 0.640105 0.852268 0.646832 0.822599 0.646832
1 0.823289 0.631480 0.852095 0.631480 0.852095 0.638035 0.823289 0.638035
1 0.822686 0.622683 0.852354 0.622683 0.852354 0.629411 0.822686 0.629411
1 0.822427 0.614404 0.852095 0.614404 0.852095 0.621131 0.822427 0.621131
1 0.823117 0.605779 0.851923 0.605779 0.851923 0.612334 0.823117 0.612334
1 0.822513 0.596982 0.852181 0.596982 0.852181 0.603710 0.822513 0.603710
1 0.823117 0.589307 0.852785 0.589307 0.852785 0.596034 0.823117 0.596034
1 0.822772 0.580941 0.852440 0.580941 0.852440 0.587668 0.822772 0.587668
1 0.823462 0.572316 0.852268 0.572316 0.852268 0.578871 0.823462 0.578871
1 0.822858 0.563519 0.852526 0.563519 0.852526 0.570247 0.822858 0.570247
1 0.823117 0.554636 0.852785 0.554636 0.852785 0.561363 0.823117 0.561363
1 0.822772 0.546270 0.852440 0.546270 0.852440 0.552998 0.822772 0.552998
1 0.823462 0.537646 0.852268 0.537646 0.852268 0.544201 0.823462 0.544201
1 0.822858 0.528849 0.852526 0.528849 0.852526 0.535576 0.822858 0.535576
1 0.823289 0.520569 0.852958 0.520569 0.852958 0.527297 0.823289 0.527297
1 0.823548 0.511686 0.853216 0.511686 0.853216 0.518413 0.823548 0.518413
1 0.823203 0.503320 0.852871 0.503320 0.852871 0.510048 0.823203 0.510048
1 0.823893 0.494696 0.852699 0.494696 0.852699 0.501251 0.823893 0.501251
1 0.823289 0.485813 0.852958 0.485813 0.852958 0.492540 0.823289 0.492540
1 0.823375 0.451746 0.853044 0.451746 0.853044 0.458473 0.823375 0.458473
1 0.823979 0.460629 0.852785 0.460629 0.852785 0.467184 0.823979 0.467184
1 0.823289 0.469254 0.852958 0.469254 0.852958 0.475981 0.823289 0.475981
1 0.823634 0.477619 0.853302 0.477619 0.853302 0.484347 0.823634 0.484347
1 0.922916 0.059099 0.993765 0.059099 0.993765 0.096431 0.922916 0.096431
1 0.828223 0.081989 0.836943 0.081989 0.836943 0.084441 0.828223 0.084441
1 0.828087 0.101200 0.836943 0.101200 0.836943 0.103789 0.828087 0.103789
0 0.828223 0.084714 0.837624 0.084714 0.837624 0.100791 0.828223 0.100791
1 0.849750 0.056374 0.857108 0.056374 0.857108 0.096976 0.849750 0.096976
1 0.860787 0.056511 0.868144 0.056511 0.868144 0.097113 0.860787 0.097113
1 0.882859 0.057056 0.890216 0.057056 0.890216 0.097658 0.882859 0.097658
1 0.871823 0.056919 0.879180 0.056919 0.879180 0.097521 0.871823 0.097521
1 0.905340 0.057192 0.912697 0.057192 0.912697 0.097794 0.905340 0.097794
1 0.894304 0.057056 0.901661 0.057056 0.901661 0.097658 0.894304 0.097658
1 0.800701 0.039752 0.842665 0.039752 0.842665 0.047927 0.800701 0.047927
1 0.799747 0.028443 0.841712 0.028443 0.841712 0.036618 0.799747 0.036618
1 0.800156 0.018088 0.842120 0.018088 0.842120 0.026263 0.800156 0.026263
1 0.799202 0.006780 0.841167 0.006780 0.841167 0.014955 0.799202 0.014955
1 0.546336 0.012583 0.554762 0.012583 0.554762 0.043028 0.546336 0.043028
1 0.555548 0.012470 0.562851 0.012470 0.562851 0.043702 0.555548 0.043702
1 0.564086 0.006965 0.571501 0.006965 0.571501 0.036288 0.564086 0.036288
1 0.572625 0.006853 0.580039 0.006853 0.580039 0.036175 0.572625 0.036175
1 0.590038 0.007527 0.597453 0.007527 0.597453 0.036849 0.590038 0.036849
1 0.581500 0.007639 0.588915 0.007639 0.588915 0.036962 0.581500 0.036962
1 0.624528 0.008089 0.631943 0.008089 0.631943 0.037411 0.624528 0.037411
1 0.615990 0.008201 0.623405 0.008201 0.623405 0.037523 0.615990 0.037523
1 0.607115 0.007415 0.614529 0.007415 0.614529 0.036737 0.607115 0.036737
1 0.598576 0.007527 0.605991 0.007527 0.605991 0.036849 0.598576 0.036849
1 0.675421 0.008651 0.682835 0.008651 0.682835 0.037973 0.675421 0.037973
1 0.666882 0.008763 0.674297 0.008763 0.674297 0.038085 0.666882 0.038085
1 0.658007 0.007977 0.665422 0.007977 0.665422 0.037299 0.658007 0.037299
1 0.649469 0.008089 0.656884 0.008089 0.656884 0.037411 0.649469 0.037411
1 0.640931 0.008089 0.648345 0.008089 0.648345 0.037411 0.640931 0.037411
1 0.632392 0.008201 0.639807 0.008201 0.639807 0.037523 0.632392 0.037523
1 0.399388 0.008875 0.461852 0.008875 0.461852 0.041792 0.399388 0.041792
1 0.053027 0.003146 0.115828 0.003146 0.115828 0.037860 0.053027 0.037860
