0 0.253435 0.385125 0.353785 0.385125 0.353785 0.489694 0.253435 0.489694
0 0.166873 0.508663 0.175604 0.508663 0.175604 0.524964 0.166873 0.524964
0 0.146960 0.426818 0.163326 0.426818 0.163326 0.435518 0.146960 0.435518
0 0.146463 0.442243 0.162412 0.442243 0.162412 0.451103 0.146463 0.451103
0 0.432437 0.391454 0.532313 0.391454 0.532313 0.494319 0.432437 0.494319
0 0.251326 0.518623 0.351977 0.518623 0.351977 0.621384 0.251326 0.621384
0 0.158316 0.770591 0.191885 0.770591 0.191885 0.791885 0.158316 0.791885
0 0.438464 0.720833 0.489542 0.720833 0.489542 0.786916 0.438464 0.786916
0 0.298565 0.751092 0.350244 0.751092 0.350244 0.817600 0.298565 0.817600
0 0.171498 0.701017 0.189458 0.701017 0.189458 0.746800 0.171498 0.746800
0 0.430291 0.522321 0.530372 0.522321 0.530372 0.626610 0.430291 0.626610
0 0.521371 0.716589 0.558050 0.716589 0.558050 0.784036 0.521371 0.784036
0 0.571974 0.449111 0.587942 0.449111 0.587942 0.458072 0.571974 0.458072
0 0.738128 0.372915 0.753983 0.372915 0.753983 0.380855 0.738128 0.380855
0 0.604433 0.429854 0.613879 0.429854 0.613879 0.446012 0.604433 0.446012
0 0.827846 0.829751 0.841167 0.829751 0.841167 0.855046 0.827846 0.855046
0 0.844391 0.874202 0.857341 0.874202 0.857341 0.899694 0.844391 0.899694
0 0.842170 0.967908 0.856563 0.967908 0.856563 0.993856 0.842170 0.993856
0 0.913246 0.887597 0.927420 0.887597 0.927420 0.912998 0.913246 0.912998
0 0.886088 0.841614 0.899414 0.841614 0.899414 0.867171 0.886088 0.867171
0 0.861388 0.789517 0.886841 0.789517 0.886841 0.802593 0.861388 0.802593
0 0.806673 0.641577 0.821985 0.641577 0.821985 0.649502 0.806673 0.649502
0 0.779015 0.941231 0.804399 0.941231 0.804399 0.954424 0.779015 0.954424
0 0.918660 0.964329 0.932868 0.964329 0.932868 0.990325 0.918660 0.990325
0 0.989809 0.744727 0.997858 0.744727 0.997858 0.760111 0.989809 0.760111
0 0.819373 0.967477 0.833885 0.967477 0.833885 0.993227 0.819373 0.993227
0 0.762677 0.966848 0.777005 0.966848 0.777005 0.992825 0.762677 0.992825
0 0.802897 0.676236 0.828317 0.676236 0.828317 0.689101 0.802897 0.689101
0 0.820842 0.870845 0.833799 0.870845 0.833799 0.896175 0.820842 0.896175
0 0.906603 0.531408 0.914737 0.531408 0.914737 0.546993 0.906603 0.546993
0 0.986936 0.949289 0.994796 0.949289 0.994796 0.965054 0.986936 0.965054
0 0.957449 0.840382 0.970751 0.840382 0.970751 0.865765 0.957449 0.865765
0 0.958133 0.888125 0.972559 0.888125 0.972559 0.913834 0.958133 0.913834
0 0.871258 0.884000 0.885625 0.884000 0.885625 0.910108 0.871258 0.910108
0 0.869091 0.957779 0.883470 0.957779 0.883470 0.983874 0.869091 0.983874
0 0.738515 0.941677 0.751687 0.941677 0.751687 0.967511 0.738515 0.967511
0 0.788350 0.892217 0.801694 0.892217 0.801694 0.917907 0.788350 0.917907
0 0.818577 0.925182 0.831603 0.925182 0.831603 0.950988 0.818577 0.950988
0 0.792464 0.967091 0.806811 0.967091 0.806811 0.992943 0.792464 0.992943
0 0.934735 0.888194 0.949162 0.888194 0.949162 0.914246 0.934735 0.914246
0 0.990670 0.700501 0.998852 0.700501 0.998852 0.716249 0.990670 0.716249
0 0.966578 0.959494 0.974448 0.959494 0.974448 0.975346 0.966578 0.975346
0 0.950684 0.937482 0.966762 0.937482 0.966762 0.945980 0.950684 0.945980
0 0.948972 0.959307 0.957239 0.959307 0.957239 0.975129 0.948972 0.975129
0 0.536908 0.655077 0.553184 0.655077 0.553184 0.664210 0.536908 0.664210
0 0.536713 0.639059 0.553004 0.639059 0.553004 0.647857 0.536713 0.647857
1 0.089462 0.006825 0.124743 0.006825 0.124743 0.010541 0.089462 0.010541
1 0.021970 0.007058 0.057237 0.007058 0.057237 0.010260 0.021970 0.010260
1 0.238696 0.429414 0.252399 0.429414 0.252399 0.444822 0.238696 0.444822
1 0.188757 0.383451 0.252899 0.383451 0.252899 0.411835 0.188757 0.411835
1 0.188373 0.461835 0.252899 0.461835 0.252899 0.490929 0.188373 0.490929
1 0.158109 0.409429 0.160907 0.409429 0.160907 0.418207 0.158109 0.418207
1 0.176820 0.410170 0.180389 0.410170 0.180389 0.418427 0.176820 0.418427
1 0.163482 0.427051 0.166886 0.427051 0.166886 0.435188 0.163482 0.435188
1 0.162570 0.443156 0.166343 0.443156 0.166343 0.451335 0.162570 0.451335
1 0.143393 0.443026 0.146834 0.443026 0.146834 0.451096 0.143393 0.451096
1 0.143262 0.427172 0.146916 0.427172 0.146916 0.435462 0.143262 0.435462
1 0.167254 0.504567 0.175679 0.504567 0.175679 0.508714 0.167254 0.508714
1 0.189752 0.715738 0.206737 0.715738 0.206737 0.731268 0.189752 0.731268
1 0.155877 0.700328 0.171204 0.700328 0.171204 0.713383 0.155877 0.713383
1 0.153892 0.733104 0.171057 0.733104 0.171057 0.746358 0.153892 0.746358
1 0.236382 0.561115 0.250421 0.561115 0.250421 0.577362 0.236382 0.577362
1 0.188165 0.515758 0.251025 0.515758 0.251025 0.543635 0.188165 0.543635
1 0.185479 0.593023 0.250422 0.593023 0.250422 0.623493 0.185479 0.623493
1 0.149730 0.768566 0.158357 0.768566 0.158357 0.792465 0.149730 0.792465
1 0.191912 0.767587 0.201780 0.767587 0.201780 0.793695 0.191912 0.793695
1 0.398800 0.394814 0.431835 0.394814 0.431835 0.488790 0.398800 0.488790
1 0.354388 0.390851 0.385364 0.390851 0.385364 0.484633 0.354388 0.484633
1 0.443607 0.699434 0.485450 0.699434 0.485450 0.720529 0.443607 0.720529
1 0.304016 0.730096 0.345723 0.730096 0.345723 0.750912 0.304016 0.750912
1 0.397248 0.526272 0.429742 0.526272 0.429742 0.620023 0.397248 0.620023
1 0.352278 0.521938 0.384475 0.521938 0.384475 0.615916 0.352278 0.615916
1 0.302609 0.817825 0.345987 0.817825 0.345987 0.840838 0.302609 0.840838
1 0.441041 0.787067 0.484413 0.787067 0.484413 0.809920 0.441041 0.809920
1 0.532619 0.433320 0.547375 0.433320 0.547375 0.450035 0.532619 0.450035
1 0.532332 0.388495 0.595796 0.388495 0.595796 0.419043 0.532332 0.419043
1 0.532458 0.467868 0.594920 0.467868 0.594920 0.497064 0.532458 0.497064
1 0.604558 0.425588 0.613368 0.425588 0.613368 0.430123 0.604558 0.430123
1 0.604444 0.445884 0.614268 0.445884 0.614268 0.449538 0.604444 0.449538
1 0.568389 0.448782 0.571697 0.448782 0.571697 0.457498 0.568389 0.457498
1 0.733938 0.372745 0.738371 0.372745 0.738371 0.381040 0.733938 0.381040
1 0.588249 0.449661 0.591818 0.449661 0.591818 0.457825 0.588249 0.457825
1 0.530313 0.565931 0.544561 0.565931 0.544561 0.582301 0.530313 0.582301
1 0.526326 0.697248 0.554412 0.697248 0.554412 0.716437 0.526326 0.716437
1 0.531104 0.599715 0.593056 0.599715 0.593056 0.627991 0.531104 0.627991
1 0.530738 0.519943 0.594325 0.519943 0.594325 0.550398 0.530738 0.550398
1 0.553340 0.639296 0.556892 0.639296 0.556892 0.648144 0.553340 0.648144
1 0.533467 0.655428 0.537119 0.655428 0.537119 0.664361 0.533467 0.664361
1 0.553349 0.655449 0.556816 0.655449 0.556816 0.663943 0.553349 0.663943
1 0.533552 0.639585 0.536989 0.639585 0.536989 0.647900 0.533552 0.647900
1 0.525008 0.784339 0.554345 0.784339 0.554345 0.802552 0.525008 0.802552
1 0.737620 0.967176 0.752500 0.967176 0.752500 0.971173 0.737620 0.971173
1 0.737173 0.936665 0.753490 0.936665 0.753490 0.941478 0.737173 0.941478
1 0.754003 0.372999 0.757975 0.372999 0.757975 0.380843 0.754003 0.380843
1 0.799395 0.675168 0.803135 0.675168 0.803135 0.689859 0.799395 0.689859
1 0.802631 0.641542 0.806772 0.641542 0.806772 0.649132 0.802631 0.649132
1 0.828236 0.675321 0.832506 0.675321 0.832506 0.689567 0.828236 0.689567
1 0.906383 0.547135 0.914732 0.547135 0.914732 0.551130 0.906383 0.551130
1 0.990564 0.696802 0.998811 0.696802 0.998811 0.700524 0.990564 0.700524
1 0.989850 0.740796 0.997813 0.740796 0.997813 0.744790 0.989850 0.744790
1 0.990644 0.716164 0.998905 0.716164 0.998905 0.719824 0.990644 0.719824
1 0.821987 0.641625 0.826304 0.641625 0.826304 0.649513 0.821987 0.649513
1 0.906349 0.527511 0.914558 0.527511 0.914558 0.531399 0.906349 0.531399
1 0.826626 0.824583 0.842397 0.824583 0.842397 0.829775 0.826626 0.829775
1 0.957274 0.883123 0.972735 0.883123 0.972735 0.888288 0.957274 0.888288
1 0.956232 0.835759 0.971862 0.835759 0.971862 0.840350 0.956232 0.840350
1 0.870926 0.879202 0.886386 0.879202 0.886386 0.884172 0.870926 0.884172
1 0.817319 0.920443 0.833419 0.920443 0.833419 0.925125 0.817319 0.925125
1 0.786646 0.917851 0.802495 0.917851 0.802495 0.921559 0.786646 0.921559
1 0.826417 0.855047 0.842133 0.855047 0.842133 0.859021 0.826417 0.859021
1 0.956861 0.913831 0.972833 0.913831 0.972833 0.917414 0.956861 0.917414
1 0.856419 0.787996 0.861289 0.787996 0.861289 0.803683 0.856419 0.803683
1 0.841381 0.962733 0.856942 0.962733 0.856942 0.967948 0.841381 0.967948
1 0.870509 0.910021 0.886057 0.910021 0.886057 0.913468 0.870509 0.913468
1 0.912066 0.912998 0.928333 0.912998 0.928333 0.916850 0.912066 0.916850
1 0.818935 0.962353 0.834728 0.962353 0.834728 0.967620 0.818935 0.967620
1 0.868155 0.983871 0.884099 0.983871 0.884099 0.987282 0.868155 0.987282
1 0.966230 0.975215 0.974637 0.975215 0.974637 0.979165 0.966230 0.979165
1 0.843214 0.870215 0.859201 0.870215 0.859201 0.874120 0.843214 0.874120
1 0.912607 0.882472 0.927901 0.882472 0.927901 0.887519 0.912607 0.887519
1 0.786755 0.887992 0.803006 0.887992 0.803006 0.892048 0.786755 0.892048
1 0.884398 0.837808 0.900513 0.837808 0.900513 0.841686 0.884398 0.841686
1 0.817546 0.950955 0.832986 0.950955 0.832986 0.954377 0.817546 0.954377
1 0.934212 0.914213 0.949955 0.914213 0.949955 0.917743 0.934212 0.917743
1 0.773613 0.939338 0.778977 0.939338 0.778977 0.955719 0.773613 0.955719
1 0.868586 0.952556 0.884390 0.952556 0.884390 0.957789 0.868586 0.957789
1 0.917510 0.959850 0.934096 0.959850 0.934096 0.964537 0.917510 0.964537
1 0.792111 0.962699 0.807463 0.962699 0.807463 0.967352 0.792111 0.967352
1 0.819298 0.896191 0.835207 0.896191 0.835207 0.899633 0.819298 0.899633
1 0.949073 0.955458 0.957284 0.955458 0.957284 0.959349 0.949073 0.959349
1 0.934582 0.883178 0.950301 0.883178 0.950301 0.888328 0.934582 0.888328
1 0.966205 0.955535 0.974575 0.955535 0.974575 0.959582 0.966205 0.959582
1 0.948494 0.974931 0.957818 0.974931 0.957818 0.978788 0.948494 0.978788
1 0.762235 0.962764 0.778102 0.962764 0.778102 0.966953 0.762235 0.966953
1 0.986646 0.945556 0.994860 0.945556 0.994860 0.949372 0.986646 0.949372
1 0.966663 0.937898 0.970367 0.937898 0.970367 0.945477 0.966663 0.945477
1 0.986580 0.965054 0.994986 0.965054 0.994986 0.968784 0.986580 0.968784
1 0.917488 0.990217 0.934194 0.990217 0.934194 0.994577 0.917488 0.994577
1 0.886911 0.788177 0.890856 0.788177 0.890856 0.803990 0.886911 0.803990
1 0.946897 0.937541 0.950940 0.937541 0.950940 0.945762 0.946897 0.945762
1 0.819313 0.866412 0.835564 0.866412 0.835564 0.870771 0.819313 0.870771
1 0.841276 0.993902 0.857197 0.993902 0.857197 0.998540 0.841276 0.998540
1 0.818465 0.993065 0.834639 0.993065 0.834639 0.997621 0.818465 0.997621
1 0.989752 0.760225 0.998000 0.760225 0.998000 0.764262 0.989752 0.764262
1 0.803696 0.939237 0.807747 0.939237 0.807747 0.955315 0.803696 0.955315
1 0.791403 0.992901 0.807151 0.992901 0.807151 0.996810 0.791403 0.996810
1 0.885123 0.867127 0.900305 0.867127 0.900305 0.871247 0.885123 0.871247
1 0.761879 0.992721 0.777892 0.992721 0.777892 0.997061 0.761879 0.997061
1 0.843425 0.899661 0.858878 0.899661 0.858878 0.903346 0.843425 0.903346
1 0.955731 0.865918 0.971734 0.865918 0.971734 0.870232 0.955731 0.870232
0 0.160758 0.409407 0.176852 0.409407 0.176852 0.418173 0.160758 0.418173
1 0.166977 0.524819 0.175401 0.524819 0.175401 0.528965 0.166977 0.528965
1 0.702691 0.955410 0.726289 0.955410 0.726289 0.964385 0.702691 0.964385
0 0.703397 0.964688 0.724676 0.964688 0.724676 0.998269 0.703397 0.998269
1 0.981933 0.644705 0.989597 0.644705 0.989597 0.685245 0.981933 0.685245
1 0.960958 0.669723 0.968624 0.669723 0.968624 0.672091 0.960958 0.672091
1 0.960584 0.689479 0.968686 0.689479 0.968686 0.692035 0.960584 0.692035
0 0.960771 0.672403 0.969185 0.672403 0.969185 0.689105 0.960771 0.689105
1 0.933109 0.415824 0.974359 0.415824 0.974359 0.424473 0.933109 0.424473
1 0.933109 0.427800 0.974026 0.427800 0.974026 0.435284 0.933109 0.435284
1 0.933109 0.438944 0.974026 0.438944 0.974026 0.446429 0.933109 0.446429
1 0.933608 0.449755 0.974525 0.449755 0.974525 0.457240 0.933608 0.457240
1 0.933608 0.460899 0.974525 0.460899 0.974525 0.468384 0.933608 0.468384
1 0.932610 0.472542 0.973527 0.472542 0.973527 0.480027 0.932610 0.480027
1 0.932610 0.483686 0.973527 0.483686 0.973527 0.491171 0.932610 0.491171
1 0.933109 0.494498 0.974026 0.494498 0.974026 0.501983 0.933109 0.501983
1 0.933109 0.505642 0.974026 0.505642 0.974026 0.513127 0.933109 0.513127
1 0.932277 0.516620 0.973194 0.516620 0.973194 0.524104 0.932277 0.524104
1 0.932277 0.527764 0.973194 0.527764 0.973194 0.535249 0.932277 0.535249
1 0.932776 0.538575 0.973693 0.538575 0.973693 0.546060 0.932776 0.546060
1 0.932776 0.549719 0.973693 0.549719 0.973693 0.557204 0.932776 0.557204
1 0.931778 0.561362 0.972695 0.561362 0.972695 0.568847 0.931778 0.568847
1 0.931778 0.572506 0.972695 0.572506 0.972695 0.579991 0.931778 0.579991
1 0.932277 0.583318 0.973194 0.583318 0.973194 0.590803 0.932277 0.590803
1 0.932277 0.594462 0.973194 0.594462 0.973194 0.601947 0.932277 0.601947
1 0.932776 0.605939 0.973693 0.605939 0.973693 0.613423 0.932776 0.613423
1 0.933275 0.616750 0.974192 0.616750 0.974192 0.624235 0.933275 0.624235
1 0.933275 0.627894 0.974192 0.627894 0.974192 0.635379 0.933275 0.635379
1 0.981677 0.369418 0.991657 0.369418 0.991657 0.408173 0.981677 0.408173
1 0.833036 0.442380 0.861497 0.442380 0.861497 0.451166 0.833036 0.451166
1 0.832913 0.452651 0.861868 0.452651 0.861868 0.460199 0.832913 0.460199
1 0.833160 0.461437 0.862668 0.461437 0.862668 0.468384 0.833160 0.468384
1 0.833160 0.470346 0.863736 0.470346 0.863736 0.476846 0.833160 0.476846
1 0.833408 0.479256 0.863888 0.479256 0.863888 0.485384 0.833408 0.485384
1 0.833036 0.487670 0.863659 0.487670 0.863659 0.493846 0.833036 0.493846
1 0.833284 0.496209 0.863278 0.496209 0.863278 0.502003 0.833284 0.502003
1 0.833284 0.504747 0.862592 0.504747 0.862592 0.511075 0.833284 0.511075
1 0.833303 0.513028 0.862363 0.513028 0.862363 0.519385 0.833303 0.519385
1 0.832789 0.521823 0.862592 0.521823 0.862592 0.528304 0.832789 0.528304
1 0.832418 0.530238 0.862211 0.530238 0.862211 0.536614 0.832418 0.536614
1 0.832665 0.538242 0.862211 0.538242 0.862211 0.545305 0.832665 0.545305
1 0.832970 0.546704 0.862440 0.546704 0.862440 0.553690 0.832970 0.553690
1 0.832760 0.555671 0.861716 0.555671 0.861716 0.563220 0.832760 0.563220
1 0.832408 0.572824 0.861364 0.572824 0.861364 0.580372 0.832408 0.580372
1 0.832465 0.564086 0.861421 0.564086 0.861421 0.571634 0.832465 0.571634
1 0.807842 0.596520 0.815439 0.596520 0.815439 0.626042 0.807842 0.626042
1 0.799050 0.595869 0.806105 0.595869 0.806105 0.626042 0.799050 0.626042
1 0.790476 0.595434 0.797531 0.595434 0.797531 0.625608 0.790476 0.625608
1 0.782010 0.595434 0.789065 0.595434 0.789065 0.625608 0.782010 0.625608
1 0.773435 0.595000 0.780490 0.595000 0.780490 0.625174 0.773435 0.625174
1 0.764861 0.595326 0.771916 0.595326 0.771916 0.625499 0.764861 0.625499
1 0.756286 0.594892 0.763341 0.594892 0.763341 0.625065 0.756286 0.625065
1 0.747821 0.594892 0.754875 0.594892 0.754875 0.625065 0.747821 0.625065
1 0.739246 0.594458 0.746301 0.594458 0.746301 0.624631 0.739246 0.624631
1 0.697134 0.594241 0.704189 0.594241 0.704189 0.624414 0.697134 0.624414
1 0.705708 0.594675 0.712763 0.594675 0.712763 0.624848 0.705708 0.624848
1 0.714174 0.594675 0.721229 0.594675 0.721229 0.624848 0.714174 0.624848
1 0.722749 0.595109 0.729803 0.595109 0.729803 0.625282 0.722749 0.625282
1 0.731323 0.594783 0.738378 0.594783 0.738378 0.624957 0.731323 0.624957
1 0.688234 0.601730 0.695180 0.601730 0.695180 0.631035 0.688234 0.631035
1 0.679659 0.601187 0.686606 0.601187 0.686606 0.630492 0.679659 0.630492
1 0.634567 0.447382 0.663466 0.447382 0.663466 0.456249 0.634567 0.456249
1 0.634020 0.458110 0.663356 0.458110 0.663356 0.464240 0.634020 0.464240
1 0.634567 0.466539 0.663904 0.466539 0.663904 0.472669 0.634567 0.472669
1 0.633473 0.475296 0.662809 0.475296 0.662809 0.481426 0.633473 0.481426
1 0.634020 0.483834 0.663356 0.483834 0.663356 0.489964 0.634020 0.489964
1 0.633582 0.492810 0.662919 0.492810 0.662919 0.498940 0.633582 0.498940
1 0.634129 0.501239 0.663466 0.501239 0.663466 0.507369 0.634129 0.507369
1 0.634020 0.509230 0.663356 0.509230 0.663356 0.515360 0.634020 0.515360
1 0.634020 0.517878 0.663356 0.517878 0.663356 0.524008 0.634020 0.524008
1 0.633254 0.526526 0.662590 0.526526 0.662590 0.532656 0.633254 0.532656
1 0.632816 0.534954 0.663138 0.534954 0.663138 0.541194 0.632816 0.541194
1 0.632597 0.543383 0.662700 0.543383 0.662700 0.550170 0.632597 0.550170
1 0.632816 0.551593 0.663247 0.551593 0.663247 0.558599 0.632816 0.558599
1 0.633801 0.560460 0.663138 0.560460 0.663138 0.566590 0.633801 0.566590
1 0.633035 0.568669 0.662371 0.568669 0.662371 0.574799 0.633035 0.574799
1 0.632925 0.577646 0.663028 0.577646 0.663028 0.584761 0.632925 0.584761
1 0.679995 0.402940 0.687548 0.402940 0.687548 0.431510 0.679995 0.431510
1 0.698604 0.397029 0.704953 0.397029 0.704953 0.426475 0.698604 0.426475
1 0.706704 0.396481 0.713053 0.396481 0.713053 0.425927 0.706704 0.425927
1 0.723890 0.396372 0.730239 0.396372 0.730239 0.425818 0.723890 0.425818
1 0.715462 0.396919 0.721811 0.396919 0.721811 0.426365 0.715462 0.426365
1 0.732976 0.396919 0.739325 0.396919 0.739325 0.426365 0.732976 0.426365
1 0.741076 0.396372 0.747425 0.396372 0.747425 0.425818 0.741076 0.425818
1 0.749834 0.396810 0.756183 0.396810 0.756183 0.426256 0.749834 0.426256
1 0.758262 0.396262 0.764611 0.396262 0.764611 0.425708 0.758262 0.425708
1 0.809382 0.396262 0.815731 0.396262 0.815731 0.425708 0.809382 0.425708
1 0.800954 0.396810 0.807303 0.396810 0.807303 0.426256 0.800954 0.426256
1 0.792196 0.396372 0.798545 0.396372 0.798545 0.425818 0.792196 0.425818
1 0.784096 0.396919 0.790445 0.396919 0.790445 0.426365 0.784096 0.426365
1 0.775011 0.396372 0.781359 0.396372 0.781359 0.425818 0.775011 0.425818
1 0.766582 0.396919 0.772931 0.396919 0.772931 0.426365 0.766582 0.426365
