0 0.399078 0.696721 0.562756 0.696721 0.562756 0.861424 0.399078 0.861424
0 0.073573 0.471766 0.183891 0.471766 0.183891 0.583830 0.073573 0.583830
0 0.209108 0.759373 0.313822 0.759373 0.313822 0.860656 0.209108 0.860656
0 0.804664 0.927528 0.872608 0.927528 0.872608 0.981362 0.804664 0.981362
0 0.223757 0.936508 0.294652 0.936508 0.294652 0.992035 0.223757 0.992035
0 0.287533 0.131170 0.646061 0.131170 0.646061 0.488815 0.287533 0.488815
0 0.523911 0.968247 0.556728 0.968247 0.556728 0.988238 0.523911 0.988238
0 0.462269 0.513909 0.506392 0.513909 0.506392 0.568148 0.462269 0.568148
0 0.686961 0.338541 0.741472 0.338541 0.741472 0.421656 0.686961 0.421656
0 0.055735 0.640109 0.077060 0.640109 0.077060 0.672974 0.055735 0.672974
0 0.452410 0.956716 0.465252 0.956716 0.465252 0.981998 0.452410 0.981998
0 0.652408 0.645492 0.743340 0.645492 0.743340 0.749744 0.652408 0.749744
0 0.106162 0.307327 0.118954 0.307327 0.118954 0.333010 0.106162 0.333010
0 0.624660 0.891638 0.649923 0.891638 0.649923 0.904585 0.624660 0.904585
0 0.301521 0.017320 0.335873 0.017320 0.335873 0.038070 0.301521 0.038070
0 0.241713 0.023916 0.276486 0.023916 0.276486 0.045924 0.241713 0.045924
0 0.428867 0.942997 0.442951 0.942997 0.442951 0.968485 0.428867 0.968485
0 0.571824 0.871885 0.579877 0.871885 0.579877 0.887133 0.571824 0.887133
0 0.333141 0.830689 0.346152 0.830689 0.346152 0.856187 0.333141 0.856187
0 0.454010 0.925972 0.479111 0.925972 0.479111 0.938403 0.454010 0.938403
0 0.323714 0.972461 0.348225 0.972461 0.348225 0.984747 0.323714 0.984747
0 0.578730 0.941486 0.605418 0.941486 0.605418 0.955104 0.578730 0.955104
0 0.406100 0.950715 0.419519 0.950715 0.419519 0.976055 0.406100 0.976055
0 0.060860 0.043795 0.087902 0.043795 0.087902 0.058513 0.060860 0.058513
0 0.708105 0.930180 0.720873 0.930180 0.720873 0.956230 0.708105 0.956230
0 0.376030 0.901260 0.402278 0.901260 0.402278 0.915574 0.376030 0.915574
0 0.786395 0.693928 0.810628 0.693928 0.810628 0.706402 0.786395 0.706402
0 0.622956 0.941061 0.648847 0.941061 0.648847 0.955117 0.622956 0.955117
0 0.533390 0.544121 0.577857 0.544121 0.577857 0.597518 0.533390 0.597518
0 0.705088 0.889782 0.729549 0.889782 0.729549 0.902254 0.705088 0.902254
0 0.583763 0.901271 0.608437 0.901271 0.608437 0.913570 0.583763 0.913570
0 0.696203 0.971240 0.722662 0.971240 0.722662 0.984937 0.696203 0.984937
0 0.020683 0.042712 0.046892 0.042712 0.046892 0.055638 0.020683 0.055638
0 0.016723 0.524747 0.024932 0.524747 0.024932 0.540421 0.016723 0.540421
0 0.528290 0.943295 0.552958 0.943295 0.552958 0.955703 0.528290 0.955703
0 0.169240 0.683794 0.195641 0.683794 0.195641 0.698480 0.169240 0.698480
0 0.862893 0.897001 0.888780 0.897001 0.888780 0.910363 0.862893 0.910363
0 0.363295 0.968800 0.389035 0.968800 0.389035 0.982959 0.363295 0.982959
0 0.738000 0.972483 0.764012 0.972483 0.764012 0.986784 0.738000 0.986784
0 0.756351 0.397075 0.763997 0.397075 0.763997 0.412775 0.756351 0.412775
0 0.334885 0.777608 0.342826 0.777608 0.342826 0.793512 0.334885 0.793512
0 0.306487 0.603228 0.332048 0.603228 0.332048 0.616776 0.306487 0.616776
0 0.756714 0.342009 0.764681 0.342009 0.764681 0.357549 0.756714 0.357549
0 0.383153 0.931269 0.392138 0.931269 0.392138 0.948313 0.383153 0.948313
0 0.648900 0.568647 0.672150 0.568647 0.672150 0.621066 0.648900 0.621066
0 0.737443 0.919509 0.763906 0.919509 0.763906 0.933947 0.737443 0.933947
0 0.016105 0.169715 0.042771 0.169715 0.042771 0.184448 0.016105 0.184448
1 0.872825 0.932737 0.895845 0.932737 0.895845 0.976940 0.872825 0.976940
1 0.054415 0.673217 0.078374 0.673217 0.078374 0.682125 0.054415 0.682125
1 0.214289 0.725840 0.306247 0.725840 0.306247 0.758775 0.214289 0.758775
0 0.199984 0.441315 0.207847 0.441315 0.207847 0.456857 0.199984 0.456857
0 0.028399 0.598971 0.044212 0.598971 0.044212 0.607597 0.028399 0.607597
0 0.068708 0.236491 0.096560 0.236491 0.096560 0.251078 0.068708 0.251078
0 0.146946 0.665640 0.155859 0.665640 0.155859 0.682434 0.146946 0.682434
0 0.836130 0.394379 0.845206 0.394379 0.845206 0.411898 0.836130 0.411898
0 0.211160 0.596451 0.227208 0.596451 0.227208 0.604617 0.211160 0.604617
1 0.187564 0.475455 0.214923 0.475455 0.214923 0.484535 0.187564 0.484535
1 0.187556 0.557459 0.213819 0.557459 0.213819 0.566368 0.187556 0.566368
0 0.261997 0.603241 0.287680 0.603241 0.287680 0.616380 0.261997 0.616380
0 0.130409 0.666215 0.139045 0.666215 0.139045 0.682398 0.130409 0.682398
0 0.864778 0.545281 0.874867 0.545281 0.874867 0.562052 0.864778 0.562052
0 0.795537 0.893911 0.822560 0.893911 0.822560 0.908103 0.795537 0.908103
0 0.572677 0.083973 0.589294 0.083973 0.589294 0.092667 0.572677 0.092667
1 0.117103 0.586350 0.125138 0.586350 0.125138 0.613143 0.117103 0.613143
1 0.695608 0.422131 0.736081 0.422131 0.736081 0.433480 0.695608 0.433480
1 0.292793 0.015250 0.301681 0.015250 0.301681 0.038665 0.292793 0.038665
0 0.263505 0.369011 0.272627 0.369011 0.272627 0.385652 0.263505 0.385652
0 0.115899 0.415351 0.132009 0.415351 0.132009 0.423752 0.115899 0.423752
1 0.645155 0.621105 0.675922 0.621105 0.675922 0.633903 0.645155 0.633903
0 0.086417 0.071835 0.103735 0.071835 0.103735 0.081079 0.086417 0.081079
1 0.233117 0.022878 0.241784 0.022878 0.241784 0.047438 0.233117 0.047438
0 0.217234 0.305245 0.232830 0.305245 0.232830 0.313472 0.217234 0.313472
1 0.103354 0.585955 0.111788 0.585955 0.111788 0.612661 0.103354 0.612661
1 0.130795 0.586314 0.139168 0.586314 0.139168 0.613239 0.130795 0.613239
1 0.041227 0.542538 0.070387 0.542538 0.070387 0.551752 0.041227 0.551752
1 0.644865 0.556374 0.675383 0.556374 0.675383 0.568010 0.644865 0.568010
1 0.336027 0.014004 0.345579 0.014004 0.345579 0.039741 0.336027 0.039741
1 0.041780 0.515163 0.070212 0.515163 0.070212 0.524308 0.041780 0.524308
1 0.089812 0.586056 0.097982 0.586056 0.097982 0.613318 0.089812 0.613318
1 0.366742 0.761820 0.397033 0.761820 0.397033 0.768019 0.366742 0.768019
1 0.020761 0.673746 0.044121 0.673746 0.044121 0.682210 0.020761 0.682210
1 0.042208 0.556142 0.070306 0.556142 0.070306 0.565435 0.042208 0.565435
1 0.043299 0.487756 0.070416 0.487756 0.070416 0.497236 0.043299 0.497236
1 0.075192 0.586060 0.084686 0.586060 0.084686 0.613498 0.075192 0.613498
1 0.126389 0.441890 0.134425 0.441890 0.134425 0.468678 0.126389 0.468678
1 0.367251 0.719312 0.397134 0.719312 0.397134 0.725268 0.367251 0.725268
0 0.118496 0.236139 0.134285 0.236139 0.134285 0.244338 0.118496 0.244338
1 0.043172 0.501621 0.070288 0.501621 0.070288 0.510775 0.043172 0.510775
1 0.144537 0.586642 0.152290 0.586642 0.152290 0.613513 0.144537 0.613513
1 0.042926 0.528730 0.070314 0.528730 0.070314 0.538180 0.042926 0.538180
1 0.515439 0.965904 0.523767 0.965904 0.523767 0.991406 0.515439 0.991406
1 0.041207 0.570094 0.070533 0.570094 0.070533 0.580386 0.041207 0.580386
1 0.557465 0.965764 0.567190 0.965764 0.567190 0.991521 0.557465 0.991521
0 0.605393 0.614139 0.613509 0.614139 0.613509 0.629734 0.605393 0.629734
1 0.366394 0.804568 0.396681 0.804568 0.396681 0.810663 0.366394 0.810663
0 0.272003 0.653502 0.287492 0.653502 0.287492 0.661539 0.272003 0.661539
1 0.153639 0.441404 0.161809 0.441404 0.161809 0.468613 0.153639 0.468613
0 0.085230 0.692167 0.102417 0.692167 0.102417 0.701217 0.085230 0.701217
0 0.630379 0.965224 0.656289 0.965224 0.656289 0.979315 0.630379 0.979315
1 0.099055 0.440963 0.106856 0.440963 0.106856 0.468610 0.099055 0.468610
0 0.379932 0.874032 0.395703 0.874032 0.395703 0.882151 0.379932 0.882151
0 0.593806 0.569731 0.602151 0.569731 0.602151 0.585246 0.593806 0.585246
1 0.158195 0.586671 0.166249 0.586671 0.166249 0.613908 0.158195 0.613908
1 0.206405 0.860325 0.234657 0.860325 0.234657 0.922753 0.206405 0.922753
1 0.187921 0.488905 0.214563 0.488905 0.214563 0.498186 0.187921 0.498186
1 0.564550 0.754393 0.594643 0.754393 0.594643 0.760501 0.564550 0.760501
1 0.366847 0.753334 0.396963 0.753334 0.396963 0.759509 0.366847 0.759509
1 0.696044 0.327523 0.736254 0.327523 0.736254 0.338999 0.696044 0.338999
1 0.186942 0.570595 0.214434 0.570595 0.214434 0.580037 0.186942 0.580037
1 0.204453 0.940695 0.223592 0.940695 0.223592 0.985259 0.204453 0.985259
1 0.366362 0.813204 0.396688 0.813204 0.396688 0.819270 0.366362 0.819270
0 0.262898 0.408670 0.272158 0.408670 0.272158 0.425649 0.262898 0.425649
1 0.440075 0.664235 0.445978 0.664235 0.445978 0.694728 0.440075 0.694728
0 0.714421 0.618284 0.730046 0.618284 0.730046 0.626483 0.714421 0.626483
1 0.482775 0.664097 0.488653 0.664097 0.488653 0.694833 0.482775 0.694833
1 0.294652 0.941466 0.315493 0.941466 0.315493 0.985684 0.294652 0.985684
1 0.785340 0.933555 0.804664 0.933555 0.804664 0.973981 0.785340 0.973981
1 0.744365 0.644980 0.814966 0.644980 0.814966 0.672338 0.744365 0.672338
1 0.367909 0.736492 0.397277 0.736492 0.397277 0.742236 0.367909 0.742236
1 0.525253 0.664780 0.531584 0.664780 0.531584 0.695192 0.525253 0.695192
0 0.417303 0.922300 0.433280 0.922300 0.433280 0.930240 0.417303 0.930240
1 0.516809 0.665061 0.522920 0.665061 0.522920 0.695074 0.516809 0.695074
1 0.366651 0.830246 0.396589 0.830246 0.396589 0.836297 0.366651 0.836297
1 0.187891 0.516272 0.214969 0.516272 0.214969 0.525458 0.187891 0.525458
1 0.366471 0.795990 0.396736 0.795990 0.396736 0.802171 0.366471 0.802171
1 0.564370 0.762870 0.594632 0.762870 0.594632 0.769073 0.564370 0.769073
1 0.368044 0.744580 0.397148 0.744580 0.397148 0.750544 0.368044 0.750544
1 0.071265 0.440730 0.079793 0.440730 0.079793 0.468743 0.071265 0.468743
1 0.455892 0.862816 0.461792 0.862816 0.461792 0.892017 0.455892 0.892017
1 0.438988 0.862937 0.444956 0.862937 0.444956 0.891740 0.438988 0.891740
1 0.498796 0.863118 0.504627 0.863118 0.504627 0.892641 0.498796 0.892641
1 0.447406 0.862906 0.453261 0.862906 0.453261 0.891281 0.447406 0.891281
1 0.366499 0.787589 0.396878 0.787589 0.396878 0.793475 0.366499 0.793475
1 0.276019 0.023759 0.284392 0.023759 0.284392 0.047007 0.276019 0.047007
1 0.564489 0.797055 0.594967 0.797055 0.594967 0.802981 0.564489 0.802981
1 0.564801 0.720453 0.594348 0.720453 0.594348 0.726180 0.564801 0.726180
1 0.171722 0.586961 0.179821 0.586961 0.179821 0.613765 0.171722 0.613765
1 0.532964 0.863367 0.538888 0.863367 0.538888 0.892447 0.532964 0.892447
1 0.564370 0.771696 0.594150 0.771696 0.594150 0.777475 0.564370 0.777475
1 0.187823 0.543653 0.215291 0.543653 0.215291 0.552766 0.187823 0.552766
1 0.423044 0.664539 0.428940 0.664539 0.428940 0.694573 0.423044 0.694573
0 0.118581 0.219024 0.134292 0.219024 0.134292 0.227279 0.118581 0.227279
0 0.329132 0.693272 0.345916 0.693272 0.345916 0.701368 0.329132 0.701368
1 0.431614 0.664320 0.437337 0.664320 0.437337 0.694610 0.431614 0.694610
1 0.366955 0.709397 0.396895 0.709397 0.396895 0.716204 0.366955 0.716204
1 0.112533 0.441799 0.120891 0.441799 0.120891 0.468637 0.112533 0.468637
1 0.564744 0.745795 0.594955 0.745795 0.594955 0.751773 0.564744 0.751773
1 0.481768 0.863206 0.487748 0.863206 0.487748 0.892999 0.481768 0.892999
1 0.564221 0.814366 0.594975 0.814366 0.594975 0.820005 0.564221 0.820005
1 0.474324 0.664279 0.480144 0.664279 0.480144 0.694709 0.474324 0.694709
1 0.367583 0.821436 0.396779 0.821436 0.396779 0.827619 0.367583 0.827619
1 0.534016 0.664970 0.539836 0.664970 0.539836 0.695108 0.534016 0.695108
0 0.313031 0.655328 0.328497 0.655328 0.328497 0.663127 0.313031 0.663127
1 0.507234 0.863202 0.513191 0.863202 0.513191 0.892827 0.507234 0.892827
1 0.366708 0.779038 0.397059 0.779038 0.397059 0.784831 0.366708 0.784831
1 0.490270 0.863156 0.496001 0.863156 0.496001 0.892955 0.490270 0.892955
1 0.491604 0.664199 0.497242 0.664199 0.497242 0.694770 0.491604 0.694770
1 0.564863 0.728960 0.594418 0.728960 0.594418 0.734646 0.564863 0.734646
0 0.227645 0.327312 0.243335 0.327312 0.243335 0.335364 0.227645 0.335364
1 0.367212 0.727749 0.397242 0.727749 0.397242 0.733568 0.367212 0.733568
1 0.043265 0.474699 0.070310 0.474699 0.070310 0.483482 0.043265 0.483482
1 0.464449 0.862901 0.470486 0.862901 0.470486 0.892765 0.464449 0.892765
1 0.187743 0.502881 0.215258 0.502881 0.215258 0.511625 0.187743 0.511625
1 0.054940 0.630952 0.078563 0.630952 0.078563 0.639390 0.054940 0.639390
1 0.413084 0.862733 0.419176 0.862733 0.419176 0.892126 0.413084 0.892126
1 0.564456 0.788455 0.594691 0.788455 0.594691 0.794392 0.564456 0.794392
0 0.534097 0.085202 0.550460 0.085202 0.550460 0.093780 0.534097 0.093780
1 0.331491 0.856391 0.348215 0.856391 0.348215 0.860740 0.331491 0.860740
1 0.367193 0.838951 0.396349 0.838951 0.396349 0.844769 0.367193 0.844769
1 0.421764 0.862640 0.427680 0.862640 0.427680 0.890616 0.421764 0.890616
1 0.016015 0.040256 0.020852 0.040256 0.020852 0.056891 0.016015 0.056891
1 0.541338 0.863468 0.547568 0.863468 0.547568 0.891733 0.541338 0.891733
1 0.564363 0.831267 0.594592 0.831267 0.594592 0.837124 0.564363 0.837124
1 0.187519 0.530217 0.214834 0.530217 0.214834 0.539170 0.187519 0.539170
1 0.500395 0.664424 0.505723 0.664424 0.505723 0.694816 0.500395 0.694816
1 0.524686 0.863289 0.530531 0.863289 0.530531 0.892680 0.524686 0.892680
1 0.729826 0.887831 0.734842 0.887831 0.734842 0.903431 0.729826 0.903431
1 0.564314 0.822882 0.594564 0.822882 0.594564 0.828585 0.564314 0.828585
1 0.430345 0.862711 0.436235 0.862711 0.436235 0.891738 0.430345 0.891738
1 0.564437 0.779934 0.594196 0.779934 0.594196 0.785882 0.564437 0.785882
1 0.564566 0.840047 0.594673 0.840047 0.594673 0.846553 0.564566 0.846553
1 0.578526 0.898976 0.583779 0.898976 0.583779 0.914779 0.578526 0.914779
1 0.448935 0.664446 0.454534 0.664446 0.454534 0.694601 0.448935 0.694601
1 0.103914 0.332854 0.119883 0.332854 0.119883 0.337005 0.103914 0.337005
1 0.515968 0.863354 0.521679 0.863354 0.521679 0.892645 0.515968 0.892645
1 0.508519 0.665045 0.514317 0.665045 0.514317 0.695040 0.508519 0.695040
1 0.457408 0.664565 0.463090 0.664565 0.463090 0.694687 0.457408 0.694687
1 0.414725 0.664340 0.420399 0.664340 0.420399 0.694529 0.414725 0.694529
1 0.781733 0.691506 0.786232 0.691506 0.786232 0.707893 0.781733 0.707893
1 0.427738 0.938560 0.443881 0.938560 0.443881 0.943020 0.427738 0.943020
1 0.019749 0.630148 0.045053 0.630148 0.045053 0.640107 0.019749 0.640107
1 0.319378 0.970867 0.323711 0.970867 0.323711 0.985712 0.319378 0.985712
1 0.523236 0.941057 0.527966 0.941057 0.527966 0.957154 0.523236 0.957154
1 0.404524 0.945679 0.420463 0.945679 0.420463 0.950234 0.404524 0.950234
1 0.620223 0.890616 0.624567 0.890616 0.624567 0.906106 0.620223 0.906106
0 0.021060 0.639979 0.043501 0.639979 0.043501 0.673427 0.021060 0.673427
1 0.564860 0.737338 0.594786 0.737338 0.594786 0.743120 0.564860 0.743120
1 0.564283 0.805641 0.595249 0.805641 0.595249 0.811533 0.564283 0.811533
1 0.473225 0.863062 0.478976 0.863062 0.478976 0.892826 0.473225 0.892826
1 0.608487 0.899237 0.612842 0.899237 0.612842 0.914414 0.608487 0.914414
1 0.479299 0.923627 0.483973 0.923627 0.483973 0.940310 0.479299 0.940310
0 0.659768 0.768631 0.750550 0.768631 0.750550 0.872408 0.659768 0.872408
1 0.257944 0.601125 0.261952 0.601125 0.261952 0.617612 0.257944 0.617612
1 0.810781 0.691326 0.815377 0.691326 0.815377 0.708330 0.810781 0.708330
1 0.348145 0.971511 0.352766 0.971511 0.352766 0.986060 0.348145 0.986060
1 0.450140 0.923702 0.454037 0.923702 0.454037 0.939907 0.450140 0.939907
1 0.706735 0.956307 0.722315 0.956307 0.722315 0.960237 0.706735 0.960237
1 0.733829 0.918486 0.737769 0.918486 0.737769 0.934091 0.733829 0.934091
1 0.404819 0.976136 0.420394 0.976136 0.420394 0.979982 0.404819 0.979982
1 0.751206 0.767323 0.821244 0.767323 0.821244 0.797396 0.751206 0.797396
0 0.227310 0.288247 0.242945 0.288247 0.242945 0.296512 0.227310 0.296512
1 0.625678 0.772775 0.659957 0.772775 0.659957 0.866193 0.625678 0.866193
1 0.199144 0.457192 0.207953 0.457192 0.207953 0.460297 0.199144 0.460297
1 0.571585 0.887219 0.580006 0.887219 0.580006 0.889977 0.571585 0.889977
1 0.389995 0.967539 0.394138 0.967539 0.394138 0.983909 0.389995 0.983909
1 0.656135 0.964203 0.660680 0.964203 0.660680 0.980431 0.656135 0.980431
1 0.723205 0.969666 0.727032 0.969666 0.727032 0.985956 0.723205 0.985956
0 0.829729 0.725903 0.839158 0.725903 0.839158 0.742469 0.829729 0.742469
1 0.859191 0.895382 0.863155 0.895382 0.863155 0.910570 0.859191 0.910570
1 0.542984 0.665277 0.548381 0.665277 0.548381 0.695152 0.542984 0.695152
1 0.167378 0.442180 0.175272 0.442180 0.175272 0.468488 0.167378 0.468488
1 0.450998 0.952545 0.466199 0.952545 0.466199 0.956564 0.450998 0.956564
1 0.085009 0.440742 0.093482 0.440742 0.093482 0.468476 0.085009 0.468476
1 0.427839 0.968592 0.443432 0.968592 0.443432 0.972958 0.427839 0.972958
1 0.334537 0.793761 0.342976 0.793761 0.342976 0.797111 0.334537 0.797111
1 0.706470 0.926354 0.722189 0.926354 0.722189 0.930119 0.706470 0.930119
1 0.402865 0.901020 0.406515 0.901020 0.406515 0.916978 0.402865 0.916978
1 0.366775 0.770430 0.397112 0.770430 0.397112 0.776512 0.366775 0.776512
1 0.096693 0.235556 0.100829 0.235556 0.100829 0.252165 0.096693 0.252165
1 0.575082 0.939829 0.578958 0.939829 0.578958 0.955911 0.575082 0.955911
1 0.195630 0.683602 0.200434 0.683602 0.200434 0.698870 0.195630 0.698870
1 0.332055 0.602162 0.335662 0.602162 0.335662 0.618166 0.332055 0.618166
1 0.139765 0.441800 0.148029 0.441800 0.148029 0.468377 0.139765 0.468377
1 0.836178 0.411159 0.844690 0.411159 0.844690 0.414820 0.836178 0.414820
1 0.012879 0.168487 0.016388 0.168487 0.016388 0.184434 0.012879 0.184434
0 0.227322 0.288199 0.242894 0.288199 0.242894 0.296430 0.227322 0.296430
1 0.458072 0.568799 0.509046 0.568799 0.509046 0.577829 0.458072 0.577829
1 0.648959 0.940179 0.653632 0.940179 0.653632 0.955821 0.648959 0.955821
1 0.756281 0.393301 0.764083 0.393301 0.764083 0.396985 0.756281 0.396985
1 0.263016 0.404252 0.271788 0.404252 0.271788 0.408629 0.263016 0.408629
1 0.593596 0.585412 0.602269 0.585412 0.602269 0.589084 0.593596 0.589084
1 0.571320 0.867568 0.578911 0.867568 0.578911 0.871636 0.571320 0.871636
1 0.593601 0.565726 0.601650 0.565726 0.601650 0.569649 0.593601 0.569649
1 0.371949 0.900637 0.375947 0.900637 0.375947 0.916703 0.371949 0.916703
1 0.552937 0.941713 0.557504 0.941713 0.557504 0.957129 0.552937 0.957129
1 0.332183 0.826174 0.347460 0.826174 0.347460 0.830482 0.332183 0.830482
1 0.619074 0.649691 0.652408 0.649691 0.652408 0.743084 0.619074 0.743084
1 0.047056 0.041564 0.050543 0.041564 0.050543 0.057166 0.047056 0.057166
1 0.764023 0.918640 0.768390 0.918640 0.768390 0.934500 0.764023 0.934500
1 0.334300 0.774492 0.343468 0.774492 0.343468 0.777619 0.334300 0.777619
1 0.359802 0.967961 0.363442 0.967961 0.363442 0.983787 0.359802 0.983787
1 0.112521 0.415258 0.116245 0.415258 0.116245 0.424078 0.112521 0.424078
1 0.451303 0.982180 0.467378 0.982180 0.467378 0.986964 0.451303 0.986964
1 0.565149 0.711848 0.594076 0.711848 0.594076 0.717603 0.565149 0.717603
1 0.692733 0.969381 0.696603 0.969381 0.696603 0.985743 0.692733 0.985743
1 0.016211 0.540709 0.024802 0.540709 0.024802 0.544121 0.016211 0.544121
1 0.764084 0.972224 0.768712 0.972224 0.768712 0.987255 0.764084 0.987255
1 0.605499 0.941127 0.609401 0.941127 0.609401 0.956020 0.605499 0.956020
1 0.465652 0.664598 0.471410 0.664598 0.471410 0.694658 0.465652 0.694658
1 0.605485 0.629743 0.613122 0.629743 0.613122 0.632906 0.605485 0.632906
1 0.413661 0.921853 0.417306 0.921853 0.417306 0.930794 0.413661 0.930794
1 0.836128 0.391148 0.844614 0.391148 0.844614 0.394869 0.836128 0.394869
1 0.057861 0.042587 0.060707 0.042587 0.060707 0.058904 0.057861 0.058904
1 0.088086 0.043308 0.091350 0.043308 0.091350 0.059284 0.088086 0.059284
1 0.083950 0.072661 0.086322 0.072661 0.086322 0.080535 0.083950 0.080535
1 0.103959 0.073102 0.105900 0.073102 0.105900 0.080585 0.103959 0.080585
1 0.043149 0.168826 0.046658 0.168826 0.046658 0.184772 0.043149 0.184772
1 0.066658 0.234826 0.068673 0.234826 0.068673 0.251738 0.066658 0.251738
1 0.016574 0.521907 0.025165 0.521907 0.025165 0.525319 0.016574 0.525319
1 0.044426 0.599297 0.047406 0.599297 0.047406 0.607337 0.044426 0.607337
1 0.024427 0.598877 0.028195 0.598877 0.028195 0.607475 0.024427 0.607475
1 0.132220 0.415246 0.135945 0.415246 0.135945 0.424066 0.132220 0.424066
1 0.199732 0.437869 0.208541 0.437869 0.208541 0.440973 0.199732 0.440973
1 0.182803 0.417930 0.190980 0.417930 0.190980 0.420313 0.182803 0.420313
0 0.183042 0.420497 0.191672 0.420497 0.191672 0.436558 0.183042 0.436558
1 0.182522 0.436545 0.191331 0.436545 0.191331 0.439650 0.182522 0.439650
1 0.103506 0.303277 0.120745 0.303277 0.120745 0.307262 0.103506 0.307262
1 0.224488 0.288246 0.227202 0.288246 0.227202 0.296479 0.224488 0.296479
1 0.115623 0.235875 0.118336 0.235875 0.118336 0.244108 0.115623 0.244108
1 0.134522 0.218894 0.137236 0.218894 0.137236 0.227127 0.134522 0.227127
1 0.115777 0.218909 0.118491 0.218909 0.118491 0.227142 0.115777 0.227142
1 0.134042 0.235779 0.136756 0.235779 0.136756 0.244012 0.134042 0.244012
1 0.242992 0.288298 0.245705 0.288298 0.245705 0.296531 0.242992 0.296531
1 0.232928 0.305282 0.235642 0.305282 0.235642 0.313515 0.232928 0.313515
1 0.214399 0.305204 0.217112 0.305204 0.217112 0.313437 0.214399 0.313437
1 0.224358 0.327055 0.227612 0.327055 0.227612 0.335522 0.224358 0.335522
1 0.243387 0.327153 0.246467 0.327153 0.246467 0.335420 0.243387 0.335420
1 0.263536 0.385765 0.272601 0.385765 0.272601 0.389519 0.263536 0.389519
1 0.263377 0.365150 0.272479 0.365150 0.272479 0.368964 0.263377 0.368964
1 0.263212 0.425747 0.271984 0.425747 0.271984 0.430125 0.263212 0.430125
1 0.302423 0.601009 0.306231 0.601009 0.306231 0.619338 0.302423 0.619338
1 0.287688 0.600968 0.291402 0.600968 0.291402 0.618933 0.287688 0.618933
1 0.268375 0.653104 0.272038 0.653104 0.272038 0.661579 0.268375 0.661579
1 0.287649 0.653473 0.291313 0.653473 0.291313 0.661948 0.287649 0.661948
1 0.309323 0.654977 0.312987 0.654977 0.312987 0.663452 0.309323 0.663452
1 0.328526 0.655171 0.332190 0.655171 0.332190 0.663646 0.328526 0.663646
1 0.325933 0.692909 0.329106 0.692909 0.329106 0.701455 0.325933 0.701455
1 0.345855 0.693123 0.348925 0.693123 0.348925 0.701632 0.345855 0.701632
1 0.285233 0.860490 0.314786 0.860490 0.314786 0.925380 0.285233 0.925380
1 0.433570 0.922052 0.436162 0.922052 0.436162 0.930527 0.433570 0.930527
1 0.382941 0.928179 0.392546 0.928179 0.392546 0.931096 0.382941 0.931096
1 0.382713 0.948585 0.392190 0.948585 0.392190 0.951446 0.382713 0.951446
1 0.619491 0.940191 0.622897 0.940191 0.622897 0.956397 0.619491 0.956397
1 0.626453 0.963926 0.630331 0.963926 0.630331 0.980431 0.626453 0.980431
1 0.889014 0.895307 0.893182 0.895307 0.893182 0.911978 0.889014 0.911978
1 0.822585 0.893396 0.826741 0.893396 0.826741 0.909705 0.822585 0.909705
1 0.792350 0.892359 0.795444 0.892359 0.795444 0.909268 0.792350 0.909268
1 0.700343 0.887625 0.704965 0.887625 0.704965 0.904025 0.700343 0.904025
1 0.650095 0.890396 0.654211 0.890396 0.654211 0.906808 0.650095 0.906808
1 0.456843 0.500577 0.510658 0.500577 0.510658 0.513345 0.456843 0.513345
1 0.527801 0.531233 0.582308 0.531233 0.582308 0.544154 0.527801 0.544154
1 0.527647 0.598071 0.580516 0.598071 0.580516 0.609176 0.527647 0.609176
1 0.733576 0.971022 0.737403 0.971022 0.737403 0.987313 0.733576 0.987313
1 0.751047 0.844362 0.821085 0.844362 0.821085 0.874435 0.751047 0.874435
1 0.743852 0.723105 0.814549 0.723105 0.814549 0.751025 0.743852 0.751025
1 0.530407 0.084406 0.533924 0.084406 0.533924 0.094136 0.530407 0.094136
1 0.550586 0.085300 0.553033 0.085300 0.553033 0.093608 0.550586 0.093608
1 0.570090 0.084088 0.572536 0.084088 0.572536 0.092396 0.570090 0.092396
1 0.589313 0.084322 0.591760 0.084322 0.591760 0.092630 0.589313 0.092630
1 0.756442 0.412853 0.764111 0.412853 0.764111 0.416189 0.756442 0.416189
1 0.756700 0.357614 0.764653 0.357614 0.764653 0.361113 0.756700 0.361113
1 0.756817 0.339317 0.764627 0.339317 0.764627 0.341876 0.756817 0.341876
1 0.865840 0.542256 0.873725 0.542256 0.873725 0.545274 0.865840 0.545274
1 0.865359 0.562127 0.874029 0.562127 0.874029 0.564869 0.865359 0.564869
1 0.710923 0.618209 0.714378 0.618209 0.714378 0.626486 0.710923 0.626486
1 0.730160 0.618511 0.732595 0.618511 0.732595 0.626551 0.730160 0.626551
1 0.829826 0.742643 0.838939 0.742643 0.838939 0.745487 0.829826 0.745487
1 0.829922 0.723015 0.839035 0.723015 0.839035 0.725859 0.829922 0.725859
1 0.164006 0.683199 0.168810 0.683199 0.168810 0.698467 0.164006 0.698467
1 0.227269 0.596674 0.229975 0.596674 0.229975 0.604255 0.227269 0.604255
1 0.207482 0.596517 0.210954 0.596517 0.210954 0.604356 0.207482 0.604356
1 0.147536 0.682482 0.155809 0.682482 0.155809 0.685609 0.147536 0.685609
1 0.147587 0.662483 0.155912 0.662483 0.155912 0.665550 0.147587 0.665550
1 0.130549 0.663173 0.138873 0.663173 0.138873 0.666240 0.130549 0.666240
1 0.130624 0.682431 0.138555 0.682431 0.138555 0.685357 0.130624 0.685357
1 0.102453 0.693519 0.105891 0.693519 0.105891 0.701204 0.102453 0.701204
1 0.083376 0.692879 0.085246 0.692879 0.085246 0.700487 0.083376 0.700487
1 0.252897 0.860742 0.268377 0.860742 0.268377 0.876591 0.252897 0.876591
1 0.744109 0.691342 0.763133 0.691342 0.763133 0.704336 0.744109 0.704336
1 0.751115 0.814210 0.770119 0.814210 0.770119 0.827170 0.751115 0.827170
1 0.161683 0.714113 0.173267 0.714113 0.173267 0.752617 0.161683 0.752617
1 0.147978 0.713461 0.159562 0.713461 0.159562 0.751964 0.147978 0.751964
1 0.134110 0.713624 0.145694 0.713624 0.145694 0.752127 0.134110 0.752127
1 0.120243 0.713134 0.131826 0.713134 0.131826 0.751638 0.120243 0.751638
1 0.106375 0.712482 0.117958 0.712482 0.117958 0.750985 0.106375 0.750985
1 0.092670 0.712645 0.104254 0.712645 0.104254 0.751149 0.092670 0.751149
1 0.079128 0.712808 0.090712 0.712808 0.090712 0.751312 0.079128 0.751312
1 0.065261 0.712645 0.076844 0.712645 0.076844 0.751149 0.065261 0.751149
1 0.052208 0.712808 0.063792 0.712808 0.063792 0.751312 0.052208 0.751312
1 0.038667 0.711992 0.050251 0.711992 0.050251 0.750496 0.038667 0.750496
1 0.024146 0.712319 0.035730 0.712319 0.035730 0.750822 0.024146 0.750822
1 0.023820 0.876775 0.035078 0.876775 0.035078 0.919358 0.023820 0.919358
1 0.036872 0.876612 0.048130 0.876612 0.048130 0.919194 0.036872 0.919194
1 0.064118 0.876286 0.075376 0.876286 0.075376 0.918868 0.064118 0.918868
1 0.050740 0.876286 0.061997 0.876286 0.061997 0.918868 0.050740 0.918868
1 0.078639 0.876938 0.089896 0.876938 0.089896 0.919521 0.078639 0.919521
1 0.092507 0.876612 0.103764 0.876612 0.103764 0.919194 0.092507 0.919194
1 0.105885 0.876612 0.117143 0.876612 0.117143 0.919194 0.105885 0.919194
1 0.118448 0.877101 0.129705 0.877101 0.129705 0.919684 0.118448 0.919684
1 0.132316 0.876775 0.143573 0.876775 0.143573 0.919358 0.132316 0.919358
1 0.145694 0.876775 0.156952 0.876775 0.156952 0.919358 0.145694 0.919358
1 0.160704 0.877265 0.171961 0.877265 0.171961 0.919847 0.160704 0.919847
1 0.051471 0.199360 0.060050 0.199360 0.060050 0.223283 0.051471 0.223283
1 0.050505 0.233674 0.059929 0.233674 0.059929 0.257477 0.050505 0.257477
0 0.018003 0.199360 0.050867 0.199360 0.050867 0.222317 0.018003 0.222317
0 0.017036 0.234641 0.050021 0.234641 0.050021 0.256752 0.017036 0.256752
1 0.113937 0.030206 0.128436 0.030206 0.128436 0.034435 0.113937 0.034435
0 0.112971 0.004470 0.128436 0.004470 0.128436 0.029360 0.112971 0.029360
