0 0.104458 0.219425 0.120122 0.219425 0.120122 0.227512 0.104458 0.227512
0 0.065204 0.242825 0.119279 0.242825 0.119279 0.285031 0.065204 0.285031
0 0.405926 0.104800 0.415663 0.104800 0.415663 0.121565 0.405926 0.121565
0 0.383933 0.132697 0.392366 0.132697 0.392366 0.148513 0.383933 0.148513
0 0.132033 0.415006 0.148412 0.415006 0.148412 0.424297 0.132033 0.424297
0 0.474641 0.154692 0.482901 0.154692 0.482901 0.170441 0.474641 0.170441
0 0.202399 0.175977 0.219330 0.175977 0.219330 0.185709 0.202399 0.185709
0 0.176218 0.221782 0.185647 0.221782 0.185647 0.238927 0.176218 0.238927
0 0.268064 0.164049 0.277865 0.164049 0.277865 0.181190 0.268064 0.181190
0 0.062078 0.219448 0.077734 0.219448 0.077734 0.227599 0.062078 0.227599
0 0.426406 0.122058 0.442422 0.122058 0.442422 0.130248 0.426406 0.130248
0 0.133695 0.348549 0.150120 0.348549 0.150120 0.357805 0.133695 0.357805
0 0.383257 0.159218 0.400444 0.159218 0.400444 0.168961 0.383257 0.168961
0 0.130385 0.471578 0.139853 0.471578 0.139853 0.487916 0.130385 0.487916
0 0.426395 0.104362 0.442505 0.104362 0.442505 0.113815 0.426395 0.113815
0 0.272529 0.669608 0.282122 0.669608 0.282122 0.686559 0.272529 0.686559
0 0.219175 0.681564 0.229047 0.681564 0.229047 0.698551 0.219175 0.698551
0 0.341982 0.699002 0.359078 0.699002 0.359078 0.708878 0.341982 0.708878
0 0.255560 0.669428 0.264613 0.669428 0.264613 0.685503 0.255560 0.685503
0 0.327206 0.677198 0.342986 0.677198 0.342986 0.686349 0.327206 0.686349
0 0.121916 0.529737 0.137748 0.529737 0.137748 0.538874 0.121916 0.538874
0 0.262350 0.886331 0.278720 0.886331 0.278720 0.895530 0.262350 0.895530
0 0.236798 0.681561 0.246689 0.681561 0.246689 0.698514 0.236798 0.698514
0 0.417048 0.641523 0.426578 0.641523 0.426578 0.657791 0.417048 0.657791
0 0.495705 0.646249 0.511860 0.646249 0.511860 0.655466 0.495705 0.655466
0 0.862210 0.473805 0.887057 0.473805 0.887057 0.486918 0.862210 0.486918
0 0.678162 0.470471 0.704357 0.470471 0.704357 0.485238 0.678162 0.485238
0 0.633956 0.309968 0.649644 0.309968 0.649644 0.318344 0.633956 0.318344
0 0.558825 0.194035 0.574659 0.194035 0.574659 0.202251 0.558825 0.202251
0 0.681483 0.382178 0.697367 0.382178 0.697367 0.390477 0.681483 0.390477
0 0.634117 0.412870 0.649789 0.412870 0.649789 0.421222 0.634117 0.421222
0 0.681897 0.279498 0.697731 0.279498 0.697731 0.287971 0.681897 0.287971
0 0.770516 0.312518 0.796031 0.312518 0.796031 0.325730 0.770516 0.325730
0 0.630479 0.337770 0.646065 0.337770 0.646065 0.346038 0.630479 0.346038
0 0.674670 0.355903 0.690333 0.355903 0.690333 0.364078 0.674670 0.364078
0 0.688805 0.431520 0.714442 0.431520 0.714442 0.445843 0.688805 0.445843
0 0.485169 0.121915 0.493406 0.121915 0.493406 0.137927 0.485169 0.137927
0 0.679581 0.315328 0.693460 0.315328 0.693460 0.340479 0.679581 0.340479
0 0.746576 0.330801 0.759671 0.330801 0.759671 0.356362 0.746576 0.356362
0 0.630762 0.358132 0.646285 0.358132 0.646285 0.366427 0.630762 0.366427
0 0.653960 0.428787 0.670330 0.428787 0.670330 0.438384 0.653960 0.438384
0 0.719264 0.337112 0.728906 0.337112 0.728906 0.353356 0.719264 0.353356
0 0.828811 0.382403 0.845359 0.382403 0.845359 0.391742 0.828811 0.391742
0 0.888813 0.388201 0.904483 0.388201 0.904483 0.396538 0.888813 0.396538
0 0.630154 0.238344 0.646015 0.238344 0.646015 0.246665 0.630154 0.246665
0 0.635724 0.385622 0.651624 0.385622 0.651624 0.393889 0.635724 0.393889
0 0.661377 0.222497 0.670479 0.222497 0.670479 0.238527 0.661377 0.238527
0 0.559776 0.175116 0.575661 0.175116 0.575661 0.183784 0.559776 0.183784
0 0.611331 0.195192 0.627666 0.195192 0.627666 0.204280 0.611331 0.204280
0 0.702287 0.336778 0.711678 0.336778 0.711678 0.353020 0.702287 0.353020
0 0.732985 0.452976 0.749358 0.452976 0.749358 0.462564 0.732985 0.462564
0 0.609698 0.287260 0.619490 0.287260 0.619490 0.304278 0.609698 0.304278
0 0.806934 0.422478 0.815219 0.422478 0.815219 0.438216 0.806934 0.438216
0 0.737971 0.311196 0.754386 0.311196 0.754386 0.320424 0.737971 0.320424
0 0.814080 0.561916 0.828771 0.561916 0.828771 0.589596 0.814080 0.589596
0 0.673069 0.523796 0.699623 0.523796 0.699623 0.538671 0.673069 0.538671
0 0.667305 0.581619 0.695548 0.581619 0.695548 0.596269 0.667305 0.596269
0 0.667337 0.559673 0.695095 0.559673 0.695095 0.574365 0.667337 0.574365
0 0.649422 0.502839 0.657636 0.502839 0.657636 0.518369 0.649422 0.518369
0 0.834381 0.633095 0.850210 0.633095 0.850210 0.641303 0.834381 0.641303
0 0.915412 0.604428 0.928119 0.604428 0.928119 0.629085 0.915412 0.629085
0 0.904926 0.553435 0.917813 0.553435 0.917813 0.577992 0.904926 0.577992
0 0.784200 0.562350 0.800671 0.562350 0.800671 0.571560 0.784200 0.571560
0 0.591579 0.566230 0.607179 0.566230 0.607179 0.574541 0.591579 0.574541
0 0.589772 0.583324 0.605199 0.583324 0.605199 0.591505 0.589772 0.591505
0 0.913503 0.484908 0.938398 0.484908 0.938398 0.498093 0.913503 0.498093
0 0.817047 0.528296 0.825131 0.528296 0.825131 0.544129 0.817047 0.544129
0 0.639059 0.591268 0.654873 0.591268 0.654873 0.600667 0.639059 0.600667
0 0.598500 0.508330 0.606605 0.508330 0.606605 0.524064 0.598500 0.524064
1 0.216104 0.228985 0.221898 0.228985 0.221898 0.257254 0.216104 0.257254
1 0.224618 0.229121 0.230514 0.229121 0.230514 0.257355 0.224618 0.257355
1 0.077731 0.219320 0.081860 0.219320 0.081860 0.227982 0.077731 0.227982
1 0.058042 0.219440 0.061925 0.219440 0.061925 0.227625 0.058042 0.227625
1 0.176485 0.217864 0.185851 0.217864 0.185851 0.221804 0.176485 0.221804
1 0.250241 0.227855 0.256412 0.227855 0.256412 0.257403 0.250241 0.257403
1 0.241686 0.228818 0.247790 0.228818 0.247790 0.257330 0.241686 0.257330
1 0.120281 0.219098 0.124590 0.219098 0.124590 0.228039 0.120281 0.228039
1 0.233119 0.228952 0.239118 0.228952 0.239118 0.257616 0.233119 0.257616
1 0.219171 0.175993 0.222930 0.175993 0.222930 0.185436 0.219171 0.185436
1 0.198812 0.176116 0.202491 0.176116 0.202491 0.185649 0.198812 0.185649
1 0.100584 0.219463 0.104475 0.219463 0.104475 0.227677 0.100584 0.227677
1 0.176285 0.239091 0.185333 0.239091 0.185333 0.242509 0.176285 0.242509
1 0.170102 0.394030 0.198635 0.394030 0.198635 0.399671 0.170102 0.399671
1 0.170546 0.385469 0.198754 0.385469 0.198754 0.391217 0.170546 0.391217
1 0.169982 0.411090 0.198629 0.411090 0.198629 0.416748 0.169982 0.416748
1 0.170014 0.402616 0.198618 0.402616 0.198618 0.408289 0.170014 0.408289
1 0.170158 0.376996 0.198695 0.376996 0.198695 0.382558 0.170158 0.382558
1 0.170553 0.368355 0.198800 0.368355 0.198800 0.374081 0.170553 0.374081
1 0.169946 0.419686 0.198662 0.419686 0.198662 0.425274 0.169946 0.425274
1 0.170008 0.428232 0.198678 0.428232 0.198678 0.433846 0.170008 0.433846
1 0.170356 0.453773 0.198497 0.453773 0.198497 0.459483 0.170356 0.459483
1 0.170821 0.445124 0.198491 0.445124 0.198491 0.450942 0.170821 0.450942
1 0.170710 0.436652 0.198593 0.436652 0.198593 0.442447 0.170710 0.442447
1 0.170963 0.462302 0.198591 0.462302 0.198591 0.468093 0.170963 0.468093
1 0.169884 0.359907 0.198787 0.359907 0.198787 0.365666 0.169884 0.365666
1 0.171020 0.470713 0.198630 0.470713 0.198630 0.476584 0.171020 0.476584
1 0.169494 0.351371 0.198825 0.351371 0.198825 0.357142 0.169494 0.357142
1 0.148376 0.415455 0.152147 0.415455 0.152147 0.424020 0.148376 0.424020
1 0.128055 0.415330 0.132152 0.415330 0.132152 0.424438 0.128055 0.424438
1 0.129601 0.348611 0.133886 0.348611 0.133886 0.357813 0.129601 0.357813
1 0.170996 0.317151 0.198835 0.317151 0.198835 0.322801 0.170996 0.322801
1 0.170997 0.308529 0.198620 0.308529 0.198620 0.314399 0.170997 0.314399
1 0.170125 0.325686 0.199055 0.325686 0.199055 0.331367 0.170125 0.331367
1 0.130640 0.467700 0.140397 0.467700 0.140397 0.471552 0.130640 0.471552
1 0.171003 0.496500 0.198461 0.496500 0.198461 0.502331 0.171003 0.502331
1 0.169838 0.334195 0.198987 0.334195 0.198987 0.339827 0.169838 0.339827
1 0.149856 0.348704 0.153844 0.348704 0.153844 0.357772 0.149856 0.357772
1 0.170361 0.300157 0.198437 0.300157 0.198437 0.305756 0.170361 0.305756
1 0.170961 0.291518 0.198538 0.291518 0.198538 0.297161 0.170961 0.297161
1 0.170883 0.282915 0.198724 0.282915 0.198724 0.288694 0.170883 0.288694
1 0.170414 0.488045 0.198342 0.488045 0.198342 0.493629 0.170414 0.493629
1 0.169739 0.342680 0.198913 0.342680 0.198913 0.348382 0.169739 0.348382
1 0.170896 0.274303 0.199149 0.274303 0.199149 0.280228 0.170896 0.280228
1 0.170312 0.479325 0.198478 0.479325 0.198478 0.485047 0.170312 0.485047
1 0.130433 0.487704 0.139820 0.487704 0.139820 0.491435 0.130433 0.491435
1 0.171172 0.564907 0.199477 0.564907 0.199477 0.570768 0.171172 0.570768
1 0.171349 0.573525 0.199219 0.573525 0.199219 0.579324 0.171349 0.579324
1 0.216270 0.594622 0.222167 0.594622 0.222167 0.625565 0.216270 0.625565
1 0.170427 0.556491 0.199537 0.556491 0.199537 0.562183 0.170427 0.562183
1 0.224832 0.594668 0.230759 0.594668 0.230759 0.625224 0.224832 0.625224
1 0.171334 0.522168 0.199063 0.522168 0.199063 0.527780 0.171334 0.527780
1 0.117465 0.529604 0.121657 0.529604 0.121657 0.539410 0.117465 0.539410
1 0.171415 0.513604 0.198988 0.513604 0.198988 0.519326 0.171415 0.519326
1 0.219680 0.677984 0.229126 0.677984 0.229126 0.681662 0.219680 0.681662
1 0.137797 0.529486 0.142400 0.529486 0.142400 0.539275 0.137797 0.539275
1 0.171287 0.539214 0.199057 0.539214 0.199057 0.544894 0.171287 0.544894
1 0.236694 0.677532 0.246546 0.677532 0.246546 0.681630 0.236694 0.681630
1 0.170455 0.530867 0.199130 0.530867 0.199130 0.536499 0.170455 0.536499
1 0.219631 0.698326 0.229107 0.698326 0.229107 0.701789 0.219631 0.701789
1 0.236677 0.698510 0.246134 0.698510 0.246134 0.701683 0.236677 0.701683
1 0.171141 0.505141 0.198776 0.505141 0.198776 0.510732 0.171141 0.510732
1 0.171400 0.547751 0.199416 0.547751 0.199416 0.553371 0.171400 0.553371
1 0.242100 0.595042 0.247831 0.595042 0.247831 0.625159 0.242100 0.625159
1 0.233579 0.595065 0.239297 0.595065 0.239297 0.625683 0.233579 0.625683
1 0.361232 0.228228 0.366870 0.228228 0.366870 0.258420 0.361232 0.258420
1 0.369712 0.228576 0.375359 0.228576 0.375359 0.258494 0.369712 0.258494
1 0.344118 0.228426 0.349783 0.228426 0.349783 0.258293 0.344118 0.258293
1 0.378361 0.229516 0.384057 0.229516 0.384057 0.258325 0.378361 0.258325
1 0.352647 0.228124 0.358315 0.228124 0.358315 0.258348 0.352647 0.258348
1 0.335581 0.229247 0.341244 0.229247 0.341244 0.258233 0.335581 0.258233
1 0.386859 0.228809 0.392507 0.228809 0.392507 0.258283 0.386859 0.258283
1 0.327073 0.228548 0.332769 0.228548 0.332769 0.258347 0.327073 0.258347
1 0.412452 0.228152 0.418170 0.228152 0.418170 0.258228 0.412452 0.258228
1 0.403924 0.228439 0.409657 0.228439 0.409657 0.258257 0.403924 0.258257
1 0.395295 0.229291 0.400988 0.229291 0.400988 0.258285 0.395295 0.258285
1 0.420936 0.228149 0.426728 0.228149 0.426728 0.258251 0.420936 0.258251
1 0.318493 0.229426 0.324231 0.229426 0.324231 0.258326 0.318493 0.258326
1 0.429443 0.228432 0.435253 0.228432 0.435253 0.258271 0.429443 0.258271
1 0.484820 0.117850 0.493527 0.117850 0.493527 0.122016 0.484820 0.122016
1 0.405687 0.100800 0.415468 0.100800 0.415468 0.104984 0.405687 0.104984
1 0.268110 0.159991 0.277420 0.159991 0.277420 0.163946 0.268110 0.163946
1 0.258790 0.228836 0.264693 0.228836 0.264693 0.257355 0.258790 0.257355
1 0.442294 0.104592 0.446202 0.104592 0.446202 0.113630 0.442294 0.113630
1 0.301391 0.229831 0.307114 0.229831 0.307114 0.258071 0.301391 0.258071
1 0.437977 0.229085 0.443766 0.229085 0.443766 0.258543 0.437977 0.258543
1 0.455111 0.228301 0.460880 0.228301 0.460880 0.258136 0.455111 0.258136
1 0.267478 0.228948 0.273382 0.228948 0.273382 0.257243 0.267478 0.257243
1 0.383856 0.128364 0.392549 0.128364 0.392549 0.132528 0.383856 0.132528
1 0.463669 0.227714 0.469459 0.227714 0.469459 0.258050 0.463669 0.258050
1 0.422436 0.104928 0.426152 0.104928 0.426152 0.114042 0.422436 0.114042
1 0.309957 0.230048 0.315601 0.230048 0.315601 0.258040 0.309957 0.258040
1 0.472195 0.227886 0.477987 0.227886 0.477987 0.258011 0.472195 0.258011
1 0.474365 0.150771 0.483079 0.150771 0.483079 0.154717 0.474365 0.154717
1 0.268064 0.180938 0.277188 0.180938 0.277188 0.184407 0.268064 0.184407
1 0.497878 0.228520 0.503782 0.228520 0.503782 0.257975 0.497878 0.257975
1 0.423097 0.122183 0.426577 0.122183 0.426577 0.130284 0.423097 0.130284
1 0.400407 0.159615 0.404211 0.159615 0.404211 0.169055 0.400407 0.169055
1 0.379382 0.159040 0.383379 0.159040 0.383379 0.168911 0.379382 0.168911
1 0.485033 0.138078 0.493372 0.138078 0.493372 0.142025 0.485033 0.142025
1 0.383791 0.148577 0.392706 0.148577 0.392706 0.152312 0.383791 0.152312
1 0.442431 0.122177 0.446209 0.122177 0.446209 0.130577 0.442431 0.130577
1 0.446564 0.228699 0.452322 0.228699 0.452322 0.258134 0.446564 0.258134
1 0.489284 0.228685 0.495164 0.228685 0.495164 0.257951 0.489284 0.257951
1 0.284701 0.227938 0.290529 0.227938 0.290529 0.257497 0.284701 0.257497
1 0.480635 0.229421 0.486482 0.229421 0.486482 0.257868 0.480635 0.257868
1 0.276128 0.228604 0.281876 0.228604 0.281876 0.257147 0.276128 0.257147
1 0.474433 0.170485 0.482835 0.170485 0.482835 0.174195 0.474433 0.174195
1 0.406089 0.121715 0.415332 0.121715 0.415332 0.125108 0.406089 0.125108
1 0.369921 0.595742 0.375566 0.595742 0.375566 0.625889 0.369921 0.625889
1 0.378433 0.595567 0.384113 0.595567 0.384113 0.625703 0.378433 0.625703
1 0.361448 0.595726 0.367045 0.595726 0.367045 0.626236 0.361448 0.626236
1 0.352875 0.595605 0.358501 0.595605 0.358501 0.625993 0.352875 0.625993
1 0.386968 0.595331 0.392647 0.595331 0.392647 0.625628 0.386968 0.625628
1 0.395508 0.595366 0.401181 0.595366 0.401181 0.625587 0.395508 0.625587
1 0.412565 0.595517 0.418280 0.595517 0.418280 0.625568 0.412565 0.625568
1 0.404066 0.595495 0.409771 0.595495 0.409771 0.625581 0.404066 0.625581
1 0.344336 0.595356 0.350020 0.595356 0.350020 0.625825 0.344336 0.625825
1 0.335797 0.595435 0.341465 0.595435 0.341465 0.625870 0.335797 0.625870
1 0.327299 0.595439 0.333007 0.595439 0.333007 0.626123 0.327299 0.626123
1 0.421039 0.595429 0.426820 0.595429 0.426820 0.625714 0.421039 0.625714
1 0.318735 0.595358 0.324459 0.595358 0.324459 0.626716 0.318735 0.626716
1 0.429571 0.595443 0.435345 0.595443 0.435345 0.626053 0.429571 0.626053
1 0.322969 0.676951 0.327051 0.676951 0.327051 0.686795 0.322969 0.686795
1 0.310218 0.595247 0.316016 0.595247 0.316016 0.627041 0.310218 0.627041
1 0.438013 0.595636 0.443837 0.595636 0.443837 0.626099 0.438013 0.626099
1 0.343094 0.677295 0.347112 0.677295 0.347112 0.686588 0.343094 0.686588
1 0.416995 0.657707 0.426618 0.657707 0.426618 0.661478 0.416995 0.661478
1 0.255612 0.685501 0.264582 0.685501 0.264582 0.689212 0.255612 0.689212
1 0.455290 0.595894 0.460983 0.595894 0.460983 0.626164 0.455290 0.626164
1 0.276239 0.594500 0.282050 0.594500 0.282050 0.625133 0.276239 0.625133
1 0.255265 0.665686 0.264419 0.665686 0.264419 0.669392 0.255265 0.669392
1 0.284795 0.594644 0.290484 0.594644 0.290484 0.625976 0.284795 0.625976
1 0.491704 0.646523 0.495819 0.646523 0.495819 0.655984 0.491704 0.655984
1 0.463867 0.595648 0.469621 0.595648 0.469621 0.625612 0.463867 0.625612
1 0.472404 0.595670 0.478174 0.595670 0.478174 0.625535 0.472404 0.625535
1 0.416698 0.637205 0.426726 0.637205 0.426726 0.641561 0.416698 0.641561
1 0.267614 0.594528 0.273489 0.594528 0.273489 0.624820 0.267614 0.624820
1 0.446813 0.595894 0.452514 0.595894 0.452514 0.625993 0.446813 0.625993
1 0.272596 0.665531 0.282074 0.665531 0.282074 0.669773 0.272596 0.669773
1 0.480909 0.595529 0.486672 0.595529 0.486672 0.626327 0.480909 0.626327
1 0.489430 0.595476 0.495122 0.595476 0.495122 0.626336 0.489430 0.626336
1 0.338526 0.699262 0.341926 0.699262 0.341926 0.709189 0.338526 0.709189
1 0.259147 0.594668 0.264927 0.594668 0.264927 0.624729 0.259147 0.624729
1 0.272759 0.686634 0.281993 0.686634 0.281993 0.689752 0.272759 0.689752
1 0.250587 0.594660 0.256427 0.594660 0.256427 0.624940 0.250587 0.624940
1 0.301579 0.595381 0.307305 0.595381 0.307305 0.626795 0.301579 0.626795
1 0.359152 0.699258 0.362593 0.699258 0.362593 0.709130 0.359152 0.709130
1 0.278703 0.886694 0.282554 0.886694 0.282554 0.895899 0.278703 0.895899
1 0.555761 0.175338 0.559701 0.175338 0.559701 0.183816 0.555761 0.183816
1 0.661546 0.238661 0.670008 0.238661 0.670008 0.242588 0.661546 0.242588
1 0.574639 0.193857 0.578479 0.193857 0.578479 0.202495 0.574639 0.202495
1 0.506427 0.228336 0.512282 0.228336 0.512282 0.258008 0.506427 0.258008
1 0.626197 0.238082 0.630161 0.238082 0.630161 0.246647 0.626197 0.246647
1 0.660871 0.218466 0.670789 0.218466 0.670789 0.222595 0.660871 0.222595
1 0.554640 0.194002 0.558670 0.194002 0.558670 0.202614 0.554640 0.202614
1 0.607596 0.195493 0.611180 0.195493 0.611180 0.204280 0.607596 0.204280
1 0.515005 0.227853 0.520928 0.227853 0.520928 0.258435 0.515005 0.258435
1 0.575932 0.175070 0.579701 0.175070 0.579701 0.184022 0.575932 0.184022
1 0.646107 0.238173 0.650212 0.238173 0.650212 0.247104 0.646107 0.247104
1 0.627856 0.195406 0.631438 0.195406 0.631438 0.204379 0.627856 0.204379
1 0.536478 0.386100 0.566950 0.386100 0.566950 0.391800 0.536478 0.391800
1 0.536469 0.394682 0.567541 0.394682 0.567541 0.400287 0.536469 0.400287
1 0.536511 0.377548 0.566925 0.377548 0.566925 0.383278 0.536511 0.383278
1 0.536675 0.369064 0.567531 0.369064 0.567531 0.374768 0.536675 0.374768
1 0.536453 0.403186 0.566967 0.403186 0.566967 0.408929 0.536453 0.408929
1 0.536379 0.351918 0.567638 0.351918 0.567638 0.357738 0.536379 0.357738
1 0.536603 0.360502 0.567552 0.360502 0.567552 0.366245 0.536603 0.366245
1 0.536531 0.411723 0.566685 0.411723 0.566685 0.417448 0.536531 0.417448
1 0.536534 0.343343 0.567564 0.343343 0.567564 0.349290 0.536534 0.349290
1 0.536605 0.428824 0.567411 0.428824 0.567411 0.434327 0.536605 0.434327
1 0.536680 0.420266 0.566767 0.420266 0.566767 0.425851 0.536680 0.425851
1 0.536431 0.437328 0.567491 0.437328 0.567491 0.443041 0.536431 0.443041
1 0.536513 0.445778 0.566916 0.445778 0.566916 0.451670 0.536513 0.451670
1 0.536620 0.334949 0.567606 0.334949 0.567606 0.340798 0.536620 0.340798
1 0.536331 0.454261 0.566930 0.454261 0.566930 0.460230 0.536331 0.460230
1 0.714581 0.430515 0.718646 0.430515 0.718646 0.446651 0.714581 0.446651
1 0.678580 0.311095 0.694452 0.311095 0.694452 0.314994 0.678580 0.314994
1 0.674538 0.469932 0.678336 0.469932 0.678336 0.486052 0.674538 0.486052
1 0.626358 0.337591 0.630498 0.337591 0.630498 0.345772 0.626358 0.345772
1 0.704448 0.469686 0.708474 0.469686 0.708474 0.485965 0.704448 0.485965
1 0.678348 0.340997 0.694083 0.340997 0.694083 0.344779 0.678348 0.344779
1 0.646478 0.358117 0.650684 0.358117 0.650684 0.366638 0.646478 0.366638
1 0.626656 0.357878 0.630738 0.357878 0.630738 0.366239 0.626656 0.366239
1 0.702459 0.352994 0.711605 0.352994 0.711605 0.356907 0.702459 0.356907
1 0.646353 0.337568 0.650579 0.337568 0.650579 0.346316 0.646353 0.346316
1 0.630049 0.309796 0.634007 0.309796 0.634007 0.318350 0.630049 0.318350
1 0.630249 0.412823 0.634238 0.412823 0.634238 0.421269 0.630249 0.421269
1 0.684995 0.431129 0.688909 0.431129 0.688909 0.446748 0.684995 0.446748
1 0.697757 0.279486 0.701818 0.279486 0.701818 0.288067 0.697757 0.288067
1 0.729246 0.453009 0.733248 0.453009 0.733248 0.462456 0.729246 0.462456
1 0.697297 0.381810 0.701686 0.381810 0.701686 0.390635 0.697297 0.390635
1 0.719458 0.353183 0.728847 0.353183 0.728847 0.356911 0.719458 0.356911
1 0.536615 0.479944 0.566678 0.479944 0.566678 0.485908 0.536615 0.485908
1 0.651423 0.385478 0.655662 0.385478 0.655662 0.394115 0.651423 0.394115
1 0.631596 0.385320 0.635583 0.385320 0.635583 0.393812 0.631596 0.393812
1 0.702489 0.332968 0.711624 0.332968 0.711624 0.336721 0.702489 0.336721
1 0.536524 0.275036 0.567833 0.275036 0.567833 0.280883 0.536524 0.280883
1 0.650002 0.412891 0.654050 0.412891 0.654050 0.421333 0.650002 0.421333
1 0.649714 0.310282 0.653535 0.310282 0.653535 0.318659 0.649714 0.318659
1 0.609649 0.304162 0.619236 0.304162 0.619236 0.307928 0.609649 0.307928
1 0.671130 0.356042 0.674826 0.356042 0.674826 0.363988 0.671130 0.363988
1 0.690548 0.355764 0.694546 0.355764 0.694546 0.364549 0.690548 0.364549
1 0.650294 0.429125 0.654037 0.429125 0.654037 0.438498 0.650294 0.438498
1 0.536623 0.471494 0.566679 0.471494 0.566679 0.477309 0.536623 0.477309
1 0.670497 0.429181 0.674556 0.429181 0.674556 0.438429 0.670497 0.438429
1 0.536659 0.488492 0.566772 0.488492 0.566772 0.494403 0.536659 0.494403
1 0.677985 0.279153 0.681673 0.279153 0.681673 0.287769 0.677985 0.287769
1 0.719079 0.333085 0.728825 0.333085 0.728825 0.336947 0.719079 0.336947
1 0.677653 0.381931 0.681545 0.381931 0.681545 0.390446 0.677653 0.390446
1 0.536454 0.283609 0.567745 0.283609 0.567745 0.289472 0.536454 0.289472
1 0.649287 0.498631 0.657869 0.498631 0.657869 0.502804 0.649287 0.502804
1 0.609596 0.283392 0.619553 0.283392 0.619553 0.287130 0.609596 0.287130
1 0.734118 0.311149 0.738057 0.311149 0.738057 0.320002 0.734118 0.320002
1 0.536831 0.309283 0.567293 0.309283 0.567293 0.314925 0.536831 0.314925
1 0.536726 0.497117 0.567469 0.497117 0.567469 0.502881 0.536726 0.502881
1 0.537185 0.317784 0.567351 0.317784 0.567351 0.323409 0.537185 0.323409
1 0.536572 0.292076 0.566871 0.292076 0.566871 0.297948 0.536572 0.297948
1 0.536406 0.300737 0.567350 0.300737 0.567350 0.306396 0.536406 0.306396
1 0.749401 0.453199 0.753321 0.453199 0.753321 0.462670 0.749401 0.462670
1 0.536400 0.462922 0.566704 0.462922 0.566704 0.468738 0.536400 0.468738
1 0.536899 0.326407 0.567361 0.326407 0.567361 0.332182 0.536899 0.332182
1 0.597788 0.504422 0.608469 0.504422 0.608469 0.508173 0.597788 0.508173
1 0.536591 0.565483 0.567386 0.565483 0.567386 0.571289 0.536591 0.571289
1 0.536416 0.556851 0.566871 0.556851 0.566871 0.562638 0.536416 0.562638
1 0.536749 0.574083 0.567580 0.574083 0.567580 0.579807 0.536749 0.579807
1 0.536868 0.548446 0.566991 0.548446 0.566991 0.554260 0.536868 0.554260
1 0.537086 0.539919 0.567612 0.539919 0.567612 0.545636 0.537086 0.545636
1 0.699223 0.522607 0.703363 0.522607 0.703363 0.539780 0.699223 0.539780
1 0.605564 0.583216 0.609901 0.583216 0.609901 0.591919 0.605564 0.591919
1 0.515106 0.595563 0.520953 0.595563 0.520953 0.625644 0.515106 0.625644
1 0.585820 0.583550 0.589811 0.583550 0.589811 0.591669 0.585820 0.591669
1 0.664121 0.581024 0.667625 0.581024 0.667625 0.597345 0.664121 0.597345
1 0.664313 0.558820 0.667390 0.558820 0.667390 0.574727 0.664313 0.574727
1 0.635365 0.591936 0.639006 0.591936 0.639006 0.600242 0.635365 0.600242
1 0.607332 0.566159 0.611315 0.566159 0.611315 0.574662 0.607332 0.574662
1 0.597979 0.523998 0.606968 0.523998 0.606968 0.528380 0.597979 0.528380
1 0.669217 0.522996 0.673120 0.522996 0.673120 0.539301 0.669217 0.539301
1 0.587446 0.566159 0.591613 0.566159 0.591613 0.574876 0.587446 0.574876
1 0.512063 0.646150 0.515782 0.646150 0.515782 0.655354 0.512063 0.655354
1 0.497954 0.595790 0.503738 0.595790 0.503738 0.625749 0.497954 0.625749
1 0.655319 0.591427 0.658938 0.591427 0.658938 0.600474 0.655319 0.600474
1 0.649047 0.518652 0.658114 0.518652 0.658114 0.522721 0.649047 0.522721
1 0.506496 0.595728 0.512215 0.595728 0.512215 0.625486 0.506496 0.625486
1 0.536959 0.505758 0.567505 0.505758 0.567505 0.511353 0.536959 0.511353
1 0.536922 0.514374 0.567358 0.514374 0.567358 0.519937 0.536922 0.519937
1 0.537304 0.522806 0.566679 0.522806 0.566679 0.528609 0.537304 0.528609
1 0.537420 0.531275 0.567041 0.531275 0.567041 0.536783 0.537420 0.536783
1 0.695381 0.581390 0.698303 0.581390 0.698303 0.596892 0.695381 0.596892
1 0.695060 0.558974 0.698304 0.558974 0.698304 0.574819 0.695060 0.574819
1 0.886930 0.472180 0.890868 0.472180 0.890868 0.487781 0.886930 0.487781
1 0.796417 0.311253 0.800278 0.311253 0.800278 0.327237 0.796417 0.327237
1 0.857783 0.472159 0.862232 0.472159 0.862232 0.487934 0.857783 0.487934
1 0.938481 0.483292 0.942588 0.483292 0.942588 0.499679 0.938481 0.499679
1 0.745316 0.326852 0.761049 0.326852 0.761049 0.330927 0.745316 0.330927
1 0.745340 0.356823 0.761086 0.356823 0.761086 0.360831 0.745340 0.360831
1 0.909056 0.483817 0.913448 0.483817 0.913448 0.499760 0.909056 0.499760
1 0.766471 0.311453 0.770517 0.311453 0.770517 0.326417 0.766471 0.326417
1 0.884541 0.387887 0.888789 0.387887 0.888789 0.396865 0.884541 0.396865
1 0.904568 0.388098 0.909081 0.388098 0.909081 0.397107 0.904568 0.397107
1 0.806417 0.418109 0.815415 0.418109 0.815415 0.422461 0.806417 0.422461
1 0.806913 0.438412 0.815201 0.438412 0.815201 0.442204 0.806913 0.442204
1 0.754007 0.311523 0.758095 0.311523 0.758095 0.320976 0.754007 0.320976
1 0.845354 0.382634 0.848824 0.382634 0.848824 0.391592 0.845354 0.391592
1 0.825037 0.382679 0.829113 0.382679 0.829113 0.392181 0.825037 0.392181
1 0.913588 0.600117 0.928830 0.600117 0.928830 0.604245 0.913588 0.604245
1 0.816727 0.524017 0.825677 0.524017 0.825677 0.528425 0.816727 0.528425
1 0.902500 0.548858 0.918784 0.548858 0.918784 0.553152 0.902500 0.553152
1 0.813330 0.558837 0.829507 0.558837 0.829507 0.561895 0.813330 0.561895
1 0.903085 0.578328 0.918566 0.578328 0.918566 0.582740 0.903085 0.582740
1 0.817195 0.544335 0.825386 0.544335 0.825386 0.547950 0.817195 0.547950
1 0.814033 0.589885 0.829953 0.589885 0.829953 0.593270 0.814033 0.593270
1 0.800492 0.562014 0.804310 0.562014 0.804310 0.571656 0.800492 0.571656
1 0.780219 0.562147 0.784226 0.562147 0.784226 0.571722 0.780219 0.571722
1 0.830207 0.632854 0.834449 0.632854 0.834449 0.641521 0.830207 0.641521
1 0.850176 0.632887 0.854210 0.632887 0.854210 0.641520 0.850176 0.641520
1 0.913831 0.629467 0.928945 0.629467 0.928945 0.633349 0.913831 0.633349
1 0.058372 0.254177 0.065268 0.254177 0.065268 0.271172 0.058372 0.271172
1 0.119207 0.254177 0.126103 0.254177 0.126103 0.271172 0.119207 0.271172
1 0.258601 0.886207 0.262451 0.886207 0.262451 0.895413 0.258601 0.895413
1 0.844650 0.520833 0.851404 0.520833 0.851404 0.542243 0.844650 0.542243
1 0.844522 0.592835 0.851149 0.592835 0.851149 0.614117 0.844522 0.614117
1 0.855609 0.520706 0.862491 0.520706 0.862491 0.542370 0.855609 0.542370
1 0.866824 0.520961 0.873450 0.520961 0.873450 0.542625 0.866824 0.542625
1 0.877783 0.520833 0.884537 0.520833 0.884537 0.542625 0.877783 0.542625
1 0.855609 0.592708 0.862236 0.592708 0.862236 0.613989 0.855609 0.613989
1 0.866696 0.593090 0.873323 0.593090 0.873323 0.614372 0.866696 0.614372
1 0.877783 0.592962 0.884410 0.592962 0.884410 0.614244 0.877783 0.614244
0 0.840827 0.543517 0.889125 0.543517 0.889125 0.591816 0.840827 0.591816
0 0.857986 0.408408 0.906266 0.408408 0.906266 0.456998 0.857986 0.456998
1 0.836562 0.412444 0.857520 0.412444 0.857520 0.418654 0.836562 0.418654
1 0.906266 0.412289 0.930638 0.412289 0.930638 0.418964 0.906266 0.418964
1 0.836562 0.423466 0.857520 0.423466 0.857520 0.429676 0.836562 0.429676
1 0.836407 0.434799 0.857365 0.434799 0.857365 0.441008 0.836407 0.441008
1 0.836407 0.445821 0.857365 0.445821 0.857365 0.452031 0.836407 0.452031
1 0.906421 0.423466 0.930794 0.423466 0.930794 0.430142 0.906421 0.430142
1 0.906421 0.434488 0.930794 0.434488 0.930794 0.441164 0.906421 0.441164
1 0.906576 0.445666 0.930949 0.445666 0.930949 0.452341 0.906576 0.452341
1 0.250978 0.176652 0.260130 0.176652 0.260130 0.179785 0.250978 0.179785
1 0.250425 0.195571 0.259946 0.195571 0.259946 0.198028 0.250425 0.198028
1 0.313878 0.175424 0.321680 0.175424 0.321680 0.178311 0.313878 0.178311
1 0.314308 0.194527 0.321004 0.194527 0.321004 0.197107 0.314308 0.197107
1 0.233790 0.175815 0.242942 0.175815 0.242942 0.178948 0.233790 0.178948
1 0.233014 0.195292 0.242535 0.195292 0.242535 0.197749 0.233014 0.197749
1 0.472617 0.180475 0.482718 0.180475 0.482718 0.183154 0.472617 0.183154
1 0.470999 0.199840 0.481100 0.199840 0.481100 0.202518 0.470999 0.202518
1 0.490866 0.185833 0.500967 0.185833 0.500967 0.188511 0.490866 0.188511
1 0.490196 0.204974 0.500297 0.204974 0.500297 0.207653 0.490196 0.207653
1 0.587075 0.182875 0.596282 0.182875 0.596282 0.186949 0.587075 0.186949
1 0.586796 0.203411 0.595278 0.203411 0.595278 0.206481 0.586796 0.206481
