0 0.021997 0.395704 0.030885 0.395704 0.030885 0.411509 0.021997 0.411509
0 0.498987 0.486672 0.524780 0.486672 0.524780 0.500199 0.498987 0.500199
0 0.049211 0.389450 0.062339 0.389450 0.062339 0.414799 0.049211 0.414799
0 0.005203 0.395340 0.013952 0.395340 0.013952 0.411085 0.005203 0.411085
0 0.109427 0.480931 0.117522 0.480931 0.117522 0.496603 0.109427 0.496603
0 0.160152 0.467041 0.208434 0.467041 0.208434 0.515309 0.160152 0.515309
0 0.072974 0.370934 0.098706 0.370934 0.098706 0.384423 0.072974 0.384423
0 0.445462 0.269435 0.481344 0.269435 0.481344 0.336687 0.445462 0.336687
0 0.040555 0.369943 0.056548 0.369943 0.056548 0.378825 0.040555 0.378825
0 0.035718 0.511496 0.051778 0.511496 0.051778 0.520664 0.035718 0.520664
0 0.191340 0.446695 0.206913 0.446695 0.206913 0.454680 0.191340 0.454680
0 0.131551 0.441171 0.147693 0.441171 0.147693 0.450243 0.131551 0.450243
0 0.511696 0.399931 0.528562 0.399931 0.528562 0.409200 0.511696 0.409200
0 0.453354 0.553504 0.477938 0.553504 0.477938 0.566304 0.453354 0.566304
0 0.164637 0.532302 0.189349 0.532302 0.189349 0.545103 0.164637 0.545103
0 0.216108 0.543364 0.240915 0.543364 0.240915 0.556407 0.216108 0.556407
0 0.207458 0.611857 0.220178 0.611857 0.220178 0.636460 0.207458 0.636460
0 0.116704 0.620337 0.131082 0.620337 0.131082 0.647864 0.116704 0.647864
0 0.217983 0.662739 0.230624 0.662739 0.230624 0.687452 0.217983 0.687452
0 0.142647 0.601530 0.191813 0.601530 0.191813 0.650082 0.142647 0.650082
0 0.136916 0.691561 0.152650 0.691561 0.152650 0.699464 0.136916 0.699464
0 0.508642 0.626607 0.521306 0.626607 0.521306 0.651226 0.508642 0.651226
0 0.086752 0.620966 0.102944 0.620966 0.102944 0.629787 0.086752 0.629787
0 0.119663 0.586924 0.127753 0.586924 0.127753 0.602503 0.119663 0.602503
0 0.522163 0.704907 0.543858 0.704907 0.543858 0.738256 0.522163 0.738256
0 0.540413 0.492201 0.554644 0.492201 0.554644 0.519836 0.540413 0.519836
0 0.539871 0.306913 0.552105 0.306913 0.552105 0.331421 0.539871 0.331421
1 0.208466 0.493041 0.236473 0.493041 0.236473 0.499931 0.208466 0.499931
1 0.208614 0.470684 0.235507 0.470684 0.235507 0.477753 0.208614 0.477753
1 0.134924 0.492485 0.159187 0.492485 0.159187 0.500016 0.134924 0.500016
1 0.135961 0.470357 0.159446 0.470357 0.159446 0.477700 0.135961 0.477700
1 0.208762 0.481640 0.235689 0.481640 0.235689 0.488784 0.208762 0.488784
1 0.134921 0.481232 0.159080 0.481232 0.159080 0.488818 0.134921 0.488818
1 0.048471 0.414889 0.063224 0.414889 0.063224 0.418722 0.048471 0.418722
1 0.047725 0.384554 0.062647 0.384554 0.062647 0.388680 0.047725 0.388680
1 0.108747 0.476613 0.118290 0.476613 0.118290 0.480559 0.108747 0.480559
1 0.021655 0.411953 0.031141 0.411953 0.031141 0.415604 0.021655 0.415604
1 0.098700 0.370030 0.103042 0.370030 0.103042 0.385565 0.098700 0.385565
1 0.148215 0.441168 0.152249 0.441168 0.152249 0.449930 0.148215 0.449930
1 0.004748 0.411492 0.014176 0.411492 0.014176 0.415275 0.004748 0.415275
1 0.127416 0.441156 0.131272 0.441156 0.131272 0.449817 0.127416 0.449817
1 0.135795 0.503207 0.159212 0.503207 0.159212 0.511189 0.135795 0.511189
1 0.069230 0.369675 0.072952 0.369675 0.072952 0.384818 0.069230 0.384818
1 0.208762 0.503850 0.235155 0.503850 0.235155 0.511025 0.208762 0.511025
1 0.004717 0.390855 0.014547 0.390855 0.014547 0.394998 0.004717 0.394998
1 0.056987 0.370592 0.060992 0.370592 0.060992 0.378573 0.056987 0.378573
1 0.035807 0.369530 0.039999 0.369530 0.039999 0.377816 0.035807 0.377816
1 0.207917 0.446397 0.211883 0.446397 0.211883 0.455944 0.207917 0.455944
1 0.109433 0.496640 0.118421 0.496640 0.118421 0.500744 0.109433 0.500744
1 0.021552 0.390980 0.031781 0.390980 0.031781 0.395161 0.021552 0.395161
1 0.186353 0.445703 0.190668 0.445703 0.190668 0.455224 0.186353 0.455224
1 0.146647 0.575111 0.153686 0.575111 0.153686 0.601355 0.146647 0.601355
1 0.180125 0.576089 0.186808 0.576089 0.186808 0.601208 0.180125 0.601208
1 0.157860 0.574816 0.164726 0.574816 0.164726 0.601355 0.157860 0.601355
1 0.146567 0.650821 0.153812 0.650821 0.153812 0.675371 0.146567 0.675371
1 0.180331 0.650523 0.187106 0.650523 0.187106 0.675289 0.180331 0.675289
1 0.157842 0.650761 0.164920 0.650761 0.164920 0.676014 0.157842 0.676014
1 0.189584 0.530231 0.193683 0.530231 0.193683 0.546118 0.189584 0.546118
1 0.169290 0.650523 0.176152 0.650523 0.176152 0.675770 0.169290 0.675770
1 0.215894 0.658093 0.231472 0.658093 0.231472 0.662475 0.215894 0.662475
1 0.160326 0.530374 0.164466 0.530374 0.164466 0.546174 0.160326 0.546174
1 0.205355 0.636630 0.221176 0.636630 0.221176 0.640813 0.205355 0.640813
1 0.215874 0.687426 0.231865 0.687426 0.231865 0.691830 0.215874 0.691830
1 0.168978 0.574404 0.176209 0.574404 0.176209 0.601208 0.168978 0.601208
1 0.205116 0.607074 0.221374 0.607074 0.221374 0.611620 0.205116 0.611620
1 0.241031 0.541613 0.245138 0.541613 0.245138 0.558046 0.241031 0.558046
1 0.116620 0.647950 0.132532 0.647950 0.132532 0.651479 0.116620 0.651479
1 0.211420 0.542102 0.216062 0.542102 0.216062 0.558065 0.211420 0.558065
1 0.102945 0.621098 0.106579 0.621098 0.106579 0.629399 0.102945 0.629399
1 0.133055 0.690583 0.137035 0.690583 0.137035 0.700014 0.133055 0.700014
1 0.119381 0.582882 0.128196 0.582882 0.128196 0.586790 0.119381 0.586790
1 0.083225 0.620912 0.086802 0.620912 0.086802 0.629639 0.083225 0.629639
1 0.115349 0.615033 0.132276 0.615033 0.132276 0.619417 0.115349 0.619417
1 0.031621 0.511524 0.035857 0.511524 0.035857 0.520556 0.031621 0.520556
1 0.119429 0.602626 0.128048 0.602626 0.128048 0.606114 0.119429 0.606114
1 0.153291 0.690914 0.157218 0.690914 0.157218 0.700086 0.153291 0.700086
1 0.051856 0.511505 0.055609 0.511505 0.055609 0.520799 0.051856 0.520799
1 0.450656 0.251555 0.476679 0.251555 0.476679 0.269108 0.450656 0.269108
1 0.494575 0.485575 0.498993 0.485575 0.498993 0.501324 0.494575 0.501324
1 0.449105 0.336854 0.478143 0.336854 0.478143 0.353646 0.449105 0.353646
1 0.477976 0.552110 0.482602 0.552110 0.482602 0.568284 0.477976 0.568284
1 0.448692 0.551937 0.453327 0.551937 0.453327 0.567921 0.448692 0.567921
1 0.538066 0.301993 0.553810 0.301993 0.553810 0.306952 0.538066 0.306952
1 0.539394 0.488699 0.555885 0.488699 0.555885 0.492290 0.539394 0.492290
1 0.538104 0.331613 0.553734 0.331613 0.553734 0.336396 0.538104 0.336396
1 0.524537 0.485301 0.528971 0.485301 0.528971 0.501681 0.524537 0.501681
1 0.507827 0.400228 0.511650 0.400228 0.511650 0.409231 0.507827 0.409231
1 0.528645 0.399892 0.532120 0.399892 0.532120 0.408918 0.528645 0.408918
1 0.519400 0.695251 0.545804 0.695251 0.545804 0.704403 0.519400 0.704403
1 0.520682 0.738435 0.544439 0.738435 0.544439 0.748149 0.520682 0.748149
1 0.507729 0.621891 0.522945 0.621891 0.522945 0.626464 0.507729 0.626464
1 0.507397 0.651377 0.523502 0.651377 0.523502 0.655791 0.507397 0.655791
1 0.539900 0.519761 0.555463 0.519761 0.555463 0.523238 0.539900 0.523238
1 0.017260 0.488659 0.021877 0.488659 0.021877 0.504929 0.017260 0.504929
1 0.006706 0.528455 0.011323 0.528455 0.011323 0.544616 0.006706 0.544616
