0 0.074567 0.370581 0.100113 0.370581 0.100113 0.384026 0.074567 0.384026
0 0.022911 0.395287 0.031608 0.395287 0.031608 0.411141 0.022911 0.411141
0 0.446490 0.266918 0.483600 0.266918 0.483600 0.334127 0.446490 0.334127
0 0.160948 0.465885 0.210189 0.465885 0.210189 0.514792 0.160948 0.514792
0 0.050159 0.388437 0.063256 0.388437 0.063256 0.414202 0.050159 0.414202
0 0.132562 0.440640 0.148599 0.440640 0.148599 0.449707 0.132562 0.449707
0 0.192449 0.446109 0.208013 0.446109 0.208013 0.454152 0.192449 0.454152
0 0.036284 0.511087 0.052404 0.511087 0.052404 0.520120 0.036284 0.520120
0 0.041296 0.369311 0.057671 0.369311 0.057671 0.378109 0.041296 0.378109
0 0.500248 0.486397 0.525778 0.486397 0.525778 0.499833 0.500248 0.499833
0 0.006298 0.394216 0.014956 0.394216 0.014956 0.410291 0.006298 0.410291
0 0.110535 0.480355 0.118622 0.480355 0.118622 0.496096 0.110535 0.496096
0 0.512409 0.399182 0.529176 0.399182 0.529176 0.408821 0.512409 0.408821
0 0.165897 0.531688 0.190509 0.531688 0.190509 0.544595 0.165897 0.544595
0 0.217868 0.661593 0.230548 0.661593 0.230548 0.686246 0.217868 0.686246
0 0.118099 0.619658 0.132225 0.619658 0.132225 0.647278 0.118099 0.647278
0 0.454611 0.552765 0.479326 0.552765 0.479326 0.565749 0.454611 0.565749
0 0.137874 0.690287 0.153753 0.690287 0.153753 0.698591 0.137874 0.698591
0 0.216859 0.543693 0.241832 0.543693 0.241832 0.556663 0.216859 0.556663
0 0.088343 0.620231 0.104374 0.620231 0.104374 0.629251 0.088343 0.629251
0 0.208380 0.610784 0.221111 0.610784 0.221111 0.635403 0.208380 0.635403
0 0.143853 0.601485 0.192545 0.601485 0.192545 0.650137 0.143853 0.650137
0 0.510307 0.625184 0.522699 0.625184 0.522699 0.649812 0.510307 0.649812
0 0.120932 0.586284 0.129072 0.586284 0.129072 0.601872 0.120932 0.601872
0 0.522638 0.705927 0.544513 0.705927 0.544513 0.739287 0.522638 0.739287
0 0.541616 0.491331 0.556069 0.491331 0.556069 0.518901 0.541616 0.518901
0 0.540874 0.307162 0.553420 0.307162 0.553420 0.331552 0.540874 0.331552
1 0.210902 0.469750 0.236651 0.469750 0.236651 0.477057 0.210902 0.477057
1 0.136967 0.469756 0.160446 0.469756 0.160446 0.477108 0.136967 0.477108
1 0.210547 0.491750 0.237396 0.491750 0.237396 0.499352 0.210547 0.499352
1 0.136153 0.491894 0.160398 0.491894 0.160398 0.499540 0.136153 0.499540
1 0.211132 0.480637 0.236218 0.480637 0.236218 0.488028 0.211132 0.488028
1 0.136110 0.480663 0.160171 0.480663 0.160171 0.488236 0.136110 0.488236
1 0.049190 0.414122 0.063925 0.414122 0.063925 0.418023 0.049190 0.418023
1 0.136806 0.502833 0.160269 0.502833 0.160269 0.510544 0.136806 0.510544
1 0.022380 0.411533 0.031902 0.411533 0.031902 0.415078 0.022380 0.415078
1 0.210650 0.502869 0.236341 0.502869 0.236341 0.510311 0.210650 0.510311
1 0.070462 0.369537 0.074561 0.369537 0.074561 0.384617 0.070462 0.384617
1 0.100168 0.369413 0.104167 0.369413 0.104167 0.384920 0.100168 0.384920
1 0.128305 0.440969 0.132257 0.440969 0.132257 0.449517 0.128305 0.449517
1 0.149031 0.440642 0.153042 0.440642 0.153042 0.449560 0.149031 0.449560
1 0.006008 0.390164 0.015237 0.390164 0.015237 0.393869 0.006008 0.393869
1 0.005704 0.410632 0.015536 0.410632 0.015536 0.414662 0.005704 0.414662
1 0.022571 0.390640 0.032399 0.390640 0.032399 0.394730 0.022571 0.394730
1 0.049160 0.383901 0.063754 0.383901 0.063754 0.387911 0.049160 0.387911
1 0.187627 0.445499 0.191776 0.445499 0.191776 0.454738 0.187627 0.454738
1 0.110539 0.496163 0.119565 0.496163 0.119565 0.500359 0.110539 0.500359
1 0.058063 0.370182 0.061960 0.370182 0.061960 0.377799 0.058063 0.377799
1 0.037248 0.369401 0.041191 0.369401 0.041191 0.377507 0.037248 0.377507
1 0.109890 0.475874 0.119526 0.475874 0.119526 0.479897 0.109890 0.479897
1 0.208826 0.446012 0.212855 0.446012 0.212855 0.455544 0.208826 0.455544
1 0.169912 0.573987 0.177065 0.573987 0.177065 0.600896 0.169912 0.600896
1 0.147632 0.574763 0.154698 0.574763 0.154698 0.600920 0.147632 0.600920
1 0.169912 0.650775 0.177038 0.650775 0.177038 0.675252 0.169912 0.675252
1 0.181000 0.575399 0.188174 0.575399 0.188174 0.600947 0.181000 0.600947
1 0.158748 0.574348 0.165911 0.574348 0.165911 0.600767 0.158748 0.600767
1 0.147576 0.650550 0.154764 0.650550 0.154764 0.674531 0.147576 0.674531
1 0.158828 0.650526 0.165890 0.650526 0.165890 0.675469 0.158828 0.675469
1 0.181009 0.650748 0.188148 0.650748 0.188148 0.674280 0.181009 0.674280
1 0.190644 0.529721 0.194798 0.529721 0.194798 0.545563 0.190644 0.545563
1 0.216718 0.657285 0.231997 0.657285 0.231997 0.661371 0.216718 0.661371
1 0.161223 0.529785 0.165717 0.529785 0.165717 0.545954 0.161223 0.545954
1 0.206468 0.606242 0.221967 0.606242 0.221967 0.610623 0.206468 0.610623
1 0.206384 0.635573 0.222050 0.635573 0.222050 0.639929 0.206384 0.639929
1 0.117653 0.647135 0.133430 0.647135 0.133430 0.650670 0.117653 0.650670
1 0.212512 0.541903 0.216847 0.541903 0.216847 0.557529 0.212512 0.557529
1 0.241910 0.541195 0.246183 0.541195 0.246183 0.557560 0.241910 0.557560
1 0.133954 0.689395 0.138011 0.689395 0.138011 0.699230 0.133954 0.699230
1 0.120665 0.582228 0.129310 0.582228 0.129310 0.586210 0.120665 0.586210
1 0.084555 0.620260 0.088427 0.620260 0.088427 0.629401 0.084555 0.629401
1 0.116906 0.614369 0.132462 0.614369 0.132462 0.618682 0.116906 0.618682
1 0.032577 0.511220 0.036391 0.511220 0.036391 0.519712 0.032577 0.519712
1 0.154279 0.689974 0.158428 0.689974 0.158428 0.699315 0.154279 0.699315
1 0.216238 0.686290 0.232712 0.686290 0.232712 0.691145 0.216238 0.691145
1 0.120700 0.602047 0.129562 0.602047 0.129562 0.605376 0.120700 0.605376
1 0.052442 0.511170 0.056694 0.511170 0.056694 0.520185 0.052442 0.520185
1 0.104439 0.620193 0.107793 0.620193 0.107793 0.629064 0.104439 0.629064
1 0.451483 0.250189 0.477764 0.250189 0.477764 0.266685 0.451483 0.266685
1 0.495662 0.484887 0.500248 0.484887 0.500248 0.500520 0.495662 0.500520
1 0.450852 0.334127 0.480072 0.334127 0.480072 0.352711 0.450852 0.352711
1 0.449766 0.551502 0.454526 0.551502 0.454526 0.567303 0.449766 0.567303
1 0.479274 0.551415 0.483998 0.551415 0.483998 0.567160 0.479274 0.567160
1 0.539250 0.301491 0.554757 0.301491 0.554757 0.306978 0.539250 0.306978
1 0.539200 0.331684 0.554662 0.331684 0.554662 0.335872 0.539200 0.335872
1 0.540396 0.487764 0.556770 0.487764 0.556770 0.491181 0.540396 0.491181
1 0.529327 0.399079 0.533103 0.399079 0.533103 0.408580 0.529327 0.408580
1 0.508938 0.399688 0.512486 0.399688 0.512486 0.408500 0.508938 0.408500
1 0.525722 0.484938 0.529787 0.484938 0.529787 0.501330 0.525722 0.501330
1 0.520617 0.694558 0.546753 0.694558 0.546753 0.705510 0.520617 0.705510
1 0.521724 0.739897 0.545378 0.739897 0.545378 0.747358 0.521724 0.747358
1 0.508331 0.650002 0.524578 0.650002 0.524578 0.654815 0.508331 0.654815
1 0.541099 0.518883 0.556524 0.518883 0.556524 0.522084 0.541099 0.522084
1 0.508669 0.620843 0.523820 0.620843 0.523820 0.625146 0.508669 0.625146
1 0.018215 0.488131 0.023177 0.488131 0.023177 0.504895 0.018215 0.504895
1 0.008827 0.527559 0.013387 0.527559 0.013387 0.544591 0.008827 0.544591
1 0.003731 0.580264 0.008291 0.580264 0.008291 0.598369 0.003731 0.598369
