0 0.073856 0.370730 0.099417 0.370730 0.099417 0.384311 0.073856 0.384311
0 0.498862 0.486426 0.524753 0.486426 0.524753 0.499954 0.498862 0.499954
0 0.022135 0.395086 0.030846 0.395086 0.030846 0.411043 0.022135 0.411043
0 0.049080 0.388818 0.062306 0.388818 0.062306 0.414397 0.049080 0.414397
0 0.160265 0.466262 0.209184 0.466262 0.209184 0.514942 0.160265 0.514942
0 0.035611 0.511159 0.051681 0.511159 0.051681 0.520357 0.035611 0.520357
0 0.004746 0.394822 0.013613 0.394822 0.013613 0.410721 0.004746 0.410721
0 0.109666 0.480497 0.117747 0.480497 0.117747 0.496235 0.109666 0.496235
0 0.444648 0.268363 0.481606 0.268363 0.481606 0.336638 0.444648 0.336638
0 0.040601 0.369842 0.056526 0.369842 0.056526 0.378515 0.040601 0.378515
0 0.191505 0.446790 0.207033 0.446790 0.207033 0.454797 0.191505 0.454797
0 0.131547 0.440757 0.147684 0.440757 0.147684 0.449955 0.131547 0.449955
0 0.512171 0.399350 0.529077 0.399350 0.529077 0.408670 0.512171 0.408670
0 0.453244 0.553435 0.477765 0.553435 0.477765 0.566015 0.453244 0.566015
0 0.165207 0.532081 0.189709 0.532081 0.189709 0.544906 0.165207 0.544906
0 0.216597 0.662651 0.229199 0.662651 0.229199 0.687215 0.216597 0.687215
0 0.216047 0.543148 0.240857 0.543148 0.240857 0.556120 0.216047 0.556120
0 0.117469 0.620261 0.131553 0.620261 0.131553 0.647777 0.117469 0.647777
0 0.137217 0.690833 0.152908 0.690833 0.152908 0.698987 0.137217 0.698987
0 0.087499 0.620547 0.103567 0.620547 0.103567 0.629420 0.087499 0.629420
0 0.509091 0.626446 0.521059 0.626446 0.521059 0.650897 0.509091 0.650897
0 0.207564 0.611098 0.220327 0.611098 0.220327 0.635606 0.207564 0.635606
0 0.143509 0.602225 0.191019 0.602225 0.191019 0.650198 0.143509 0.650198
0 0.120111 0.586589 0.128158 0.586589 0.128158 0.602209 0.120111 0.602209
0 0.522100 0.705554 0.543563 0.705554 0.543563 0.738831 0.522100 0.738831
0 0.540801 0.492318 0.555336 0.492318 0.555336 0.519930 0.540801 0.519930
0 0.540238 0.306741 0.552392 0.306741 0.552392 0.331533 0.540238 0.331533
1 0.136091 0.470004 0.160026 0.470004 0.160026 0.477317 0.136091 0.477317
1 0.210334 0.470044 0.235593 0.470044 0.235593 0.477349 0.210334 0.477349
1 0.210460 0.492135 0.236343 0.492135 0.236343 0.499603 0.210460 0.499603
1 0.134961 0.492134 0.159826 0.492134 0.159826 0.499769 0.134961 0.499769
1 0.048226 0.414387 0.063168 0.414387 0.063168 0.418189 0.048226 0.418189
1 0.047671 0.383977 0.062254 0.383977 0.062254 0.388115 0.047671 0.388115
1 0.134941 0.480835 0.159769 0.480835 0.159769 0.488553 0.134941 0.488553
1 0.210786 0.480971 0.235376 0.480971 0.235376 0.488370 0.210786 0.488370
1 0.135906 0.502977 0.159800 0.502977 0.159800 0.510854 0.135906 0.510854
1 0.021330 0.411594 0.031317 0.411594 0.031317 0.415394 0.021330 0.415394
1 0.099459 0.369443 0.103451 0.369443 0.103451 0.384990 0.099459 0.384990
1 0.127301 0.440742 0.131313 0.440742 0.131313 0.449746 0.127301 0.449746
1 0.148087 0.440915 0.152012 0.440915 0.152012 0.449551 0.148087 0.449551
1 0.069605 0.369583 0.073835 0.369583 0.073835 0.384866 0.069605 0.384866
1 0.210207 0.503140 0.235270 0.503140 0.235270 0.510667 0.210207 0.510667
1 0.004364 0.411244 0.014241 0.411244 0.014241 0.415107 0.004364 0.415107
1 0.109095 0.475971 0.118622 0.475971 0.118622 0.480119 0.109095 0.480119
1 0.004409 0.390541 0.013870 0.390541 0.013870 0.394428 0.004409 0.394428
1 0.021829 0.390485 0.031513 0.390485 0.031513 0.394653 0.021829 0.394653
1 0.109618 0.496188 0.118746 0.496188 0.118746 0.500439 0.109618 0.500439
1 0.207879 0.446436 0.211829 0.446436 0.211829 0.455939 0.207879 0.455939
1 0.056874 0.370217 0.060972 0.370217 0.060972 0.378313 0.056874 0.378313
1 0.036284 0.369552 0.040190 0.369552 0.040190 0.377391 0.036284 0.377391
1 0.186561 0.445916 0.190746 0.445916 0.190746 0.455196 0.186561 0.455196
1 0.180275 0.575624 0.187246 0.575624 0.187246 0.601239 0.180275 0.601239
1 0.146827 0.574950 0.153931 0.574950 0.153931 0.601211 0.146827 0.601211
1 0.158039 0.574436 0.165074 0.574436 0.165074 0.601239 0.158039 0.601239
1 0.146869 0.650790 0.153959 0.650790 0.153959 0.674656 0.146869 0.674656
1 0.180216 0.650993 0.187197 0.650993 0.187197 0.674479 0.180216 0.674479
1 0.158088 0.650657 0.165091 0.650657 0.165091 0.675464 0.158088 0.675464
1 0.189962 0.530005 0.193937 0.530005 0.193937 0.545639 0.189962 0.545639
1 0.169045 0.650989 0.176253 0.650989 0.176253 0.675210 0.169045 0.675210
1 0.160378 0.529929 0.164994 0.529929 0.164994 0.546354 0.160378 0.546354
1 0.215610 0.657694 0.231000 0.657694 0.231000 0.662321 0.215610 0.662321
1 0.215258 0.687111 0.231387 0.687111 0.231387 0.691427 0.215258 0.691427
1 0.169032 0.574256 0.176217 0.574256 0.176217 0.600906 0.169032 0.600906
1 0.205381 0.635813 0.220984 0.635813 0.220984 0.640179 0.205381 0.640179
1 0.116819 0.647743 0.132721 0.647743 0.132721 0.651077 0.116819 0.651077
1 0.240953 0.541364 0.245180 0.541364 0.245180 0.557565 0.240953 0.557565
1 0.116138 0.615543 0.132475 0.615543 0.132475 0.619627 0.116138 0.619627
1 0.211585 0.541671 0.215947 0.541671 0.215947 0.557465 0.211585 0.557465
1 0.205662 0.606489 0.221079 0.606489 0.221079 0.610991 0.205662 0.610991
1 0.133312 0.689863 0.137310 0.689863 0.137310 0.699583 0.133312 0.699583
1 0.083690 0.620523 0.087560 0.620523 0.087560 0.629532 0.083690 0.629532
1 0.103564 0.620632 0.106887 0.620632 0.106887 0.629386 0.103564 0.629386
1 0.119736 0.582497 0.128338 0.582497 0.128338 0.586470 0.119736 0.586470
1 0.031584 0.511154 0.035640 0.511154 0.035640 0.520265 0.031584 0.520265
1 0.119805 0.602291 0.128403 0.602291 0.128403 0.605805 0.119805 0.605805
1 0.051777 0.511204 0.055708 0.511204 0.055708 0.520459 0.051777 0.520459
1 0.153472 0.690237 0.157548 0.690237 0.157548 0.699516 0.153472 0.699516
1 0.450251 0.250644 0.477413 0.250644 0.477413 0.267744 0.450251 0.267744
1 0.494649 0.485046 0.498879 0.485046 0.498879 0.500908 0.494649 0.500908
1 0.449574 0.336807 0.478470 0.336807 0.478470 0.353096 0.449574 0.353096
1 0.477780 0.551690 0.482706 0.551690 0.482706 0.567694 0.477780 0.567694
1 0.448930 0.551893 0.453280 0.551893 0.453280 0.567517 0.448930 0.567517
1 0.538322 0.301786 0.553954 0.301786 0.553954 0.306762 0.538322 0.306762
1 0.539574 0.488356 0.556237 0.488356 0.556237 0.492167 0.539574 0.492167
1 0.538379 0.331676 0.553760 0.331676 0.553760 0.335942 0.538379 0.335942
1 0.508349 0.399683 0.512319 0.399683 0.512319 0.408597 0.508349 0.408597
1 0.524588 0.484881 0.529022 0.484881 0.529022 0.501098 0.524588 0.501098
1 0.529243 0.399864 0.532767 0.399864 0.532767 0.408353 0.529243 0.408353
1 0.519528 0.694595 0.545671 0.694595 0.545671 0.705193 0.519528 0.705193
1 0.520903 0.739311 0.544599 0.739311 0.544599 0.747361 0.520903 0.747361
1 0.507281 0.650939 0.523499 0.650939 0.523499 0.655152 0.507281 0.655152
1 0.507710 0.621452 0.523021 0.621452 0.523021 0.626207 0.507710 0.626207
1 0.540089 0.519827 0.555628 0.519827 0.555628 0.523040 0.540089 0.523040
1 0.017812 0.488534 0.021701 0.488534 0.021701 0.503956 0.017812 0.503956
1 0.007888 0.527291 0.011375 0.527291 0.011375 0.542848 0.007888 0.542848
1 0.002524 0.580666 0.006547 0.580666 0.006547 0.597564 0.002524 0.597564
