0 0.200358 0.257770 0.538054 0.257770 0.538054 0.595621 0.200358 0.595621
0 0.104703 0.219216 0.120408 0.219216 0.120408 0.227306 0.104703 0.227306
0 0.472391 0.182092 0.481767 0.182092 0.481767 0.198345 0.472391 0.198345
0 0.314255 0.177709 0.322416 0.177709 0.322416 0.193489 0.314255 0.193489
0 0.474356 0.153547 0.482695 0.153547 0.482695 0.169133 0.474356 0.169133
0 0.484420 0.121060 0.492851 0.121060 0.492851 0.136952 0.484420 0.136952
0 0.132273 0.414944 0.148588 0.414944 0.148588 0.424230 0.132273 0.424230
0 0.066066 0.242653 0.119531 0.242653 0.119531 0.284068 0.066066 0.284068
0 0.426046 0.121446 0.441860 0.121446 0.441860 0.129766 0.426046 0.129766
0 0.062344 0.219325 0.078130 0.219325 0.078130 0.227456 0.062344 0.227456
0 0.405463 0.103584 0.415533 0.103584 0.415533 0.120340 0.405463 0.120340
0 0.176670 0.221415 0.186205 0.221415 0.186205 0.238799 0.176670 0.238799
0 0.266700 0.162937 0.276878 0.162937 0.276878 0.179977 0.266700 0.179977
0 0.201402 0.175640 0.218657 0.175640 0.218657 0.185368 0.201402 0.185368
0 0.352155 0.184968 0.367933 0.184968 0.367933 0.193441 0.352155 0.193441
0 0.383361 0.130982 0.391734 0.130982 0.391734 0.146934 0.383361 0.146934
0 0.134002 0.348445 0.150379 0.348445 0.150379 0.357845 0.134002 0.357845
0 0.425955 0.103689 0.441802 0.103689 0.441802 0.112856 0.425955 0.112856
0 0.250028 0.179085 0.259750 0.179085 0.259750 0.194866 0.250028 0.194866
0 0.130370 0.471414 0.140037 0.471414 0.140037 0.487900 0.130370 0.487900
0 0.232533 0.179139 0.242524 0.179139 0.242524 0.195323 0.232533 0.195323
0 0.383213 0.158004 0.400127 0.158004 0.400127 0.167720 0.383213 0.167720
0 0.272420 0.668540 0.282336 0.668540 0.282336 0.685709 0.272420 0.685709
0 0.219651 0.681146 0.229347 0.681146 0.229347 0.698038 0.219651 0.698038
0 0.255540 0.669119 0.264758 0.669119 0.264758 0.685310 0.255540 0.685310
0 0.122354 0.529734 0.138406 0.529734 0.138406 0.538627 0.122354 0.538627
0 0.236640 0.680651 0.246540 0.680651 0.246540 0.697784 0.236640 0.697784
0 0.262068 0.886210 0.277947 0.886210 0.277947 0.895162 0.262068 0.895162
0 0.496150 0.645072 0.512451 0.645072 0.512451 0.654307 0.496150 0.654307
0 0.417996 0.640180 0.427171 0.640180 0.427171 0.656315 0.417996 0.656315
0 0.327435 0.676105 0.343512 0.676105 0.343512 0.685202 0.327435 0.685202
0 0.857478 0.407423 0.907748 0.407423 0.907748 0.457396 0.857478 0.457396
0 0.862677 0.473884 0.887498 0.473884 0.887498 0.486921 0.862677 0.486921
0 0.634115 0.309476 0.649764 0.309476 0.649764 0.317768 0.634115 0.317768
0 0.771425 0.312536 0.796624 0.312536 0.796624 0.325749 0.771425 0.325749
0 0.634368 0.412012 0.649951 0.412012 0.649951 0.420376 0.634368 0.420376
0 0.679176 0.470361 0.705211 0.470361 0.705211 0.485141 0.679176 0.485141
0 0.689350 0.431574 0.715030 0.431574 0.715030 0.445837 0.689350 0.445837
0 0.680050 0.315459 0.693668 0.315459 0.693668 0.340727 0.680050 0.340727
0 0.746353 0.330525 0.759560 0.330525 0.759560 0.356122 0.746353 0.356122
0 0.828965 0.382217 0.845301 0.382217 0.845301 0.391784 0.828965 0.391784
0 0.661439 0.222406 0.670180 0.222406 0.670180 0.238574 0.661439 0.238574
0 0.630732 0.337698 0.646150 0.337698 0.646150 0.345976 0.630732 0.345976
0 0.558781 0.173836 0.574506 0.173836 0.574506 0.182590 0.558781 0.182590
0 0.559461 0.193189 0.575128 0.193189 0.575128 0.201254 0.559461 0.201254
0 0.675287 0.356097 0.690943 0.356097 0.690943 0.364227 0.675287 0.364227
0 0.682053 0.381509 0.697854 0.381509 0.697854 0.389521 0.682053 0.389521
0 0.611882 0.195178 0.627956 0.195178 0.627956 0.204044 0.611882 0.204044
0 0.719458 0.336794 0.729001 0.336794 0.729001 0.353148 0.719458 0.353148
0 0.655079 0.428789 0.671479 0.428789 0.671479 0.438261 0.655079 0.438261
0 0.491220 0.187506 0.499373 0.187506 0.499373 0.203236 0.491220 0.203236
0 0.888901 0.388574 0.904489 0.388574 0.904489 0.396902 0.888901 0.396902
0 0.631121 0.357793 0.646573 0.357793 0.646573 0.366025 0.631121 0.366025
0 0.732886 0.452970 0.749255 0.452970 0.749255 0.462406 0.732886 0.462406
0 0.682153 0.278905 0.697790 0.278905 0.697790 0.287073 0.682153 0.287073
0 0.702090 0.336665 0.711156 0.336665 0.711156 0.352808 0.702090 0.352808
0 0.636138 0.384753 0.651932 0.384753 0.651932 0.393143 0.636138 0.393143
0 0.609704 0.286918 0.619607 0.286918 0.619607 0.304048 0.609704 0.304048
0 0.630776 0.238093 0.646452 0.238093 0.646452 0.246162 0.630776 0.246162
0 0.737965 0.311380 0.754369 0.311380 0.754369 0.320247 0.737965 0.320247
0 0.807197 0.422370 0.815415 0.422370 0.815415 0.438125 0.807197 0.438125
0 0.914051 0.604482 0.926772 0.604482 0.926772 0.629029 0.914051 0.629029
0 0.839301 0.542653 0.889825 0.542653 0.889825 0.592773 0.839301 0.592773
0 0.814839 0.561852 0.829141 0.561852 0.829141 0.589611 0.814839 0.589611
0 0.668139 0.581951 0.696203 0.581951 0.696203 0.596606 0.668139 0.596606
0 0.668028 0.559650 0.695904 0.559650 0.695904 0.574318 0.668028 0.574318
0 0.673505 0.523150 0.699831 0.523150 0.699831 0.538243 0.673505 0.538243
0 0.650267 0.502856 0.658499 0.502856 0.658499 0.518402 0.650267 0.518402
0 0.913279 0.484899 0.938108 0.484899 0.938108 0.497992 0.913279 0.497992
0 0.834643 0.632732 0.850455 0.632732 0.850455 0.640972 0.834643 0.640972
0 0.904971 0.552826 0.917720 0.552826 0.917720 0.577476 0.904971 0.577476
0 0.784842 0.562283 0.801121 0.562283 0.801121 0.571419 0.784842 0.571419
0 0.592144 0.566275 0.607305 0.566275 0.607305 0.574548 0.592144 0.574548
0 0.599206 0.507804 0.607426 0.507804 0.607426 0.523706 0.599206 0.523706
0 0.817526 0.528261 0.825531 0.528261 0.825531 0.544112 0.817526 0.544112
0 0.639581 0.590921 0.655816 0.590921 0.655816 0.600325 0.639581 0.600325
1 0.058194 0.219144 0.062316 0.219144 0.062316 0.227731 0.058194 0.227731
1 0.078173 0.219179 0.082245 0.219179 0.082245 0.227687 0.078173 0.227687
1 0.216801 0.228535 0.222582 0.228535 0.222582 0.259377 0.216801 0.259377
1 0.233364 0.174941 0.242441 0.174941 0.242441 0.178998 0.233364 0.178998
1 0.233972 0.228663 0.239621 0.228663 0.239621 0.258764 0.233972 0.258764
1 0.250223 0.195319 0.259651 0.195319 0.259651 0.198902 0.250223 0.198902
1 0.225496 0.228823 0.231108 0.228823 0.231108 0.258845 0.225496 0.258845
1 0.120593 0.218900 0.124809 0.218900 0.124809 0.227846 0.120593 0.227846
1 0.242520 0.228475 0.248196 0.228475 0.248196 0.258744 0.242520 0.258744
1 0.176958 0.217588 0.186263 0.217588 0.186263 0.221552 0.176958 0.221552
1 0.197961 0.175918 0.201614 0.175918 0.201614 0.185204 0.197961 0.185204
1 0.218476 0.175743 0.222139 0.175743 0.222139 0.185037 0.218476 0.185037
1 0.100915 0.219225 0.104640 0.219225 0.104640 0.227357 0.100915 0.227357
1 0.176799 0.238887 0.185650 0.238887 0.185650 0.242383 0.176799 0.242383
1 0.233118 0.195286 0.242403 0.195286 0.242403 0.198915 0.233118 0.198915
1 0.170264 0.394494 0.200416 0.394494 0.200416 0.400213 0.170264 0.400213
1 0.170966 0.385997 0.200478 0.385997 0.200478 0.391761 0.170966 0.391761
1 0.170468 0.377452 0.200490 0.377452 0.200490 0.383155 0.170468 0.383155
1 0.171284 0.445724 0.200428 0.445724 0.200428 0.451506 0.171284 0.451506
1 0.171259 0.437175 0.200401 0.437175 0.200401 0.443145 0.171259 0.443145
1 0.170060 0.411601 0.200299 0.411601 0.200299 0.417246 0.170060 0.417246
1 0.170172 0.403048 0.200341 0.403048 0.200341 0.408721 0.170172 0.408721
1 0.170878 0.368793 0.200563 0.368793 0.200563 0.374594 0.170878 0.374594
1 0.169940 0.420052 0.200333 0.420052 0.200333 0.425737 0.169940 0.425737
1 0.170291 0.428662 0.200460 0.428662 0.200460 0.434397 0.170291 0.434397
1 0.170326 0.360258 0.200573 0.360258 0.200573 0.366185 0.170326 0.366185
1 0.170584 0.454253 0.200554 0.454253 0.200554 0.460036 0.170584 0.460036
1 0.169948 0.351795 0.200469 0.351795 0.200469 0.357614 0.169948 0.357614
1 0.171279 0.462669 0.200783 0.462669 0.200783 0.468785 0.171279 0.468785
1 0.169826 0.343203 0.200461 0.343203 0.200461 0.348997 0.169826 0.348997
1 0.148512 0.415764 0.152517 0.415764 0.152517 0.424222 0.148512 0.424222
1 0.129885 0.348659 0.134284 0.348659 0.134284 0.357979 0.129885 0.357979
1 0.169942 0.334679 0.200896 0.334679 0.200896 0.340664 0.169942 0.340664
1 0.171226 0.309010 0.200694 0.309010 0.200694 0.315050 0.171226 0.315050
1 0.128410 0.415145 0.132429 0.415145 0.132429 0.424453 0.128410 0.424453
1 0.150222 0.348626 0.154066 0.348626 0.154066 0.357515 0.150222 0.357515
1 0.171228 0.274588 0.201088 0.274588 0.201088 0.280774 0.171228 0.280774
1 0.171253 0.317577 0.200738 0.317577 0.200738 0.323451 0.171253 0.323451
1 0.130956 0.467548 0.140349 0.467548 0.140349 0.471437 0.130956 0.471437
1 0.171373 0.283421 0.201393 0.283421 0.201393 0.289304 0.171373 0.289304
1 0.170359 0.479821 0.200741 0.479821 0.200741 0.485613 0.170359 0.485613
1 0.170585 0.300497 0.200918 0.300497 0.200918 0.306346 0.170585 0.306346
1 0.170373 0.326170 0.200589 0.326170 0.200589 0.331955 0.170373 0.331955
1 0.171317 0.471235 0.200698 0.471235 0.200698 0.477099 0.171317 0.477099
1 0.170497 0.488380 0.200729 0.488380 0.200729 0.494231 0.170497 0.494231
1 0.171408 0.291932 0.201265 0.291932 0.201265 0.297693 0.171408 0.297693
1 0.130588 0.487643 0.140083 0.487643 0.140083 0.491476 0.130588 0.491476
1 0.171490 0.565270 0.201285 0.565270 0.201285 0.571277 0.171490 0.571277
1 0.171537 0.573780 0.201189 0.573780 0.201189 0.579751 0.171537 0.579751
1 0.170806 0.556716 0.200848 0.556716 0.200848 0.562552 0.170806 0.562552
1 0.171259 0.548176 0.200608 0.548176 0.200608 0.553967 0.171259 0.553967
1 0.171257 0.539665 0.200674 0.539665 0.200674 0.545639 0.171257 0.545639
1 0.117869 0.529452 0.122193 0.529452 0.122193 0.539132 0.117869 0.539132
1 0.138481 0.529472 0.142635 0.529472 0.142635 0.538859 0.138481 0.538859
1 0.219748 0.677339 0.229223 0.677339 0.229223 0.681195 0.219748 0.681195
1 0.171486 0.514013 0.200466 0.514013 0.200466 0.519854 0.171486 0.519854
1 0.171447 0.522544 0.200479 0.522544 0.200479 0.528321 0.171447 0.528321
1 0.219603 0.697824 0.229292 0.697824 0.229292 0.701447 0.219603 0.701447
1 0.171381 0.505491 0.200442 0.505491 0.200442 0.511399 0.171381 0.511399
1 0.237057 0.677015 0.246175 0.677015 0.246175 0.680764 0.237057 0.680764
1 0.234356 0.595320 0.239970 0.595320 0.239970 0.625273 0.234356 0.625273
1 0.236449 0.697621 0.246136 0.697621 0.246136 0.701095 0.236449 0.701095
1 0.242829 0.595349 0.248437 0.595349 0.248437 0.624726 0.242829 0.624726
1 0.225810 0.595336 0.231491 0.595336 0.231491 0.624962 0.225810 0.624962
1 0.170708 0.531217 0.200456 0.531217 0.200456 0.536971 0.170708 0.536971
1 0.171238 0.497044 0.200364 0.497044 0.200364 0.502911 0.171238 0.502911
1 0.217307 0.595379 0.222912 0.595379 0.222912 0.625456 0.217307 0.625456
1 0.353673 0.227171 0.359296 0.227171 0.359296 0.258597 0.353673 0.258597
1 0.345112 0.227376 0.350651 0.227376 0.350651 0.258743 0.345112 0.258743
1 0.336601 0.228072 0.342115 0.228072 0.342115 0.258859 0.336601 0.258859
1 0.319511 0.228381 0.325097 0.228381 0.325097 0.258932 0.319511 0.258932
1 0.311021 0.228577 0.316601 0.228577 0.316601 0.258954 0.311021 0.258954
1 0.362209 0.227217 0.367759 0.227217 0.367759 0.258493 0.362209 0.258493
1 0.328124 0.227582 0.333597 0.227582 0.333597 0.258977 0.328124 0.258977
1 0.370719 0.227479 0.376300 0.227479 0.376300 0.258539 0.370719 0.258539
1 0.302447 0.228427 0.308065 0.228427 0.308065 0.258941 0.302447 0.258941
1 0.387793 0.227419 0.393417 0.227419 0.393417 0.258457 0.387793 0.258457
1 0.379288 0.228015 0.384840 0.228015 0.384840 0.258552 0.379288 0.258552
1 0.396318 0.227886 0.401999 0.227886 0.401999 0.258412 0.396318 0.258412
1 0.404788 0.227083 0.410537 0.227083 0.410537 0.258427 0.404788 0.258427
1 0.383287 0.127122 0.391939 0.127122 0.391939 0.131017 0.383287 0.131017
1 0.413301 0.226910 0.419043 0.226910 0.419043 0.258397 0.413301 0.258397
1 0.293912 0.227538 0.299612 0.227538 0.299612 0.258983 0.293912 0.258983
1 0.266958 0.159346 0.276572 0.159346 0.276572 0.163287 0.266958 0.163287
1 0.441960 0.121196 0.446060 0.121196 0.446060 0.129949 0.441960 0.129949
1 0.441851 0.103542 0.445926 0.103542 0.445926 0.112535 0.441851 0.112535
1 0.250071 0.174770 0.259705 0.174770 0.259705 0.178956 0.250071 0.178956
1 0.422198 0.121494 0.425946 0.121494 0.425946 0.129753 0.422198 0.129753
1 0.314120 0.193595 0.322478 0.193595 0.322478 0.197609 0.314120 0.197609
1 0.314096 0.173458 0.322564 0.173458 0.322564 0.177555 0.314096 0.177555
1 0.439039 0.228155 0.444618 0.228155 0.444618 0.258470 0.439039 0.258470
1 0.368105 0.184416 0.372628 0.184416 0.372628 0.193473 0.368105 0.193473
1 0.422098 0.103723 0.425636 0.103723 0.425636 0.112580 0.422098 0.112580
1 0.266841 0.180150 0.276588 0.180150 0.276588 0.183779 0.266841 0.183779
1 0.484354 0.137173 0.492848 0.137173 0.492848 0.140990 0.484354 0.140990
1 0.484276 0.116667 0.492985 0.116667 0.492985 0.121213 0.484276 0.121213
1 0.405217 0.099577 0.415029 0.099577 0.415029 0.103731 0.405217 0.103731
1 0.383429 0.147140 0.392272 0.147140 0.392272 0.150609 0.383429 0.150609
1 0.276933 0.228627 0.282482 0.228627 0.282482 0.258818 0.276933 0.258818
1 0.430511 0.227297 0.436156 0.227297 0.436156 0.258393 0.430511 0.258393
1 0.268322 0.228814 0.273994 0.228814 0.273994 0.258753 0.268322 0.258753
1 0.379074 0.158239 0.383163 0.158239 0.383163 0.167820 0.379074 0.167820
1 0.348255 0.184750 0.352230 0.184750 0.352230 0.193320 0.348255 0.193320
1 0.474131 0.149506 0.482900 0.149506 0.482900 0.153395 0.474131 0.153395
1 0.447492 0.227192 0.453145 0.227192 0.453145 0.258500 0.447492 0.258500
1 0.491122 0.183819 0.499533 0.183819 0.499533 0.187464 0.491122 0.187464
1 0.481764 0.228306 0.487363 0.228306 0.487363 0.258591 0.481764 0.258591
1 0.474022 0.169171 0.482643 0.169171 0.482643 0.173191 0.474022 0.173191
1 0.471939 0.198397 0.481358 0.198397 0.481358 0.201680 0.471939 0.201680
1 0.455987 0.226898 0.461719 0.226898 0.461719 0.258485 0.455987 0.258485
1 0.400203 0.158512 0.403849 0.158512 0.403849 0.167649 0.400203 0.167649
1 0.490203 0.227583 0.495901 0.227583 0.495901 0.258569 0.490203 0.258569
1 0.251038 0.227953 0.256898 0.227953 0.256898 0.258517 0.251038 0.258517
1 0.285387 0.227684 0.291032 0.227684 0.291032 0.258804 0.285387 0.258804
1 0.259775 0.228680 0.265499 0.228680 0.265499 0.258657 0.259775 0.258657
1 0.473244 0.226805 0.478812 0.226805 0.478812 0.258676 0.473244 0.258676
1 0.464625 0.226449 0.470245 0.226449 0.470245 0.258543 0.464625 0.258543
1 0.471907 0.178125 0.481543 0.178125 0.481543 0.182054 0.471907 0.182054
1 0.421964 0.227135 0.427611 0.227135 0.427611 0.258385 0.421964 0.258385
1 0.498762 0.226898 0.504582 0.226898 0.504582 0.258681 0.498762 0.258681
1 0.405773 0.120447 0.415124 0.120447 0.415124 0.123862 0.405773 0.123862
1 0.491138 0.203287 0.499782 0.203287 0.499782 0.206624 0.491138 0.206624
1 0.345386 0.595435 0.351029 0.595435 0.351029 0.624465 0.345386 0.624465
1 0.336772 0.595383 0.342437 0.595383 0.342437 0.624439 0.336772 0.624439
1 0.353943 0.595418 0.359501 0.595418 0.359501 0.624706 0.353943 0.624706
1 0.388007 0.595229 0.393648 0.595229 0.393648 0.624378 0.388007 0.624378
1 0.362295 0.595373 0.367915 0.595373 0.367915 0.625070 0.362295 0.625070
1 0.328178 0.595338 0.333835 0.595338 0.333835 0.624655 0.328178 0.624655
1 0.396515 0.595148 0.402182 0.595148 0.402182 0.624289 0.396515 0.624289
1 0.370879 0.595283 0.376520 0.595283 0.376520 0.624606 0.370879 0.624606
1 0.379479 0.595341 0.385103 0.595341 0.385103 0.624418 0.379479 0.624418
1 0.311201 0.595442 0.316834 0.595442 0.316834 0.625708 0.311201 0.625708
1 0.319728 0.595418 0.325309 0.595418 0.325309 0.625360 0.319728 0.625360
1 0.302674 0.595414 0.308357 0.595414 0.308357 0.625816 0.302674 0.625816
1 0.405021 0.595024 0.410695 0.595024 0.410695 0.624198 0.405021 0.624198
1 0.294110 0.595559 0.299847 0.595559 0.299847 0.625730 0.294110 0.625730
1 0.499072 0.595876 0.504872 0.595876 0.504872 0.624734 0.499072 0.624734
1 0.492259 0.645502 0.496175 0.645502 0.496175 0.654512 0.492259 0.654512
1 0.272803 0.664902 0.281953 0.664902 0.281953 0.668757 0.272803 0.668757
1 0.255539 0.685135 0.264660 0.685135 0.264660 0.689016 0.255539 0.689016
1 0.464887 0.595563 0.470640 0.595563 0.470640 0.624141 0.464887 0.624141
1 0.268477 0.595667 0.274230 0.595667 0.274230 0.624332 0.268477 0.624332
1 0.473514 0.595432 0.479171 0.595432 0.479171 0.624291 0.473514 0.624291
1 0.255224 0.665565 0.264468 0.665565 0.264468 0.669284 0.255224 0.669284
1 0.272480 0.685606 0.282255 0.685606 0.282255 0.689089 0.272480 0.689089
1 0.251283 0.595510 0.257165 0.595510 0.257165 0.624576 0.251283 0.624576
1 0.259935 0.595473 0.265684 0.595473 0.265684 0.624395 0.259935 0.624395
1 0.417667 0.635990 0.427341 0.635990 0.427341 0.640161 0.417667 0.640161
1 0.418411 0.656407 0.427114 0.656407 0.427114 0.660055 0.418411 0.660055
1 0.285574 0.595904 0.291413 0.595904 0.291413 0.625643 0.285574 0.625643
1 0.413517 0.594914 0.419256 0.594914 0.419256 0.624195 0.413517 0.624195
1 0.343649 0.676359 0.347639 0.676359 0.347639 0.685316 0.343649 0.685316
1 0.456307 0.595524 0.462046 0.595524 0.462046 0.624772 0.456307 0.624772
1 0.323203 0.675591 0.327318 0.675591 0.327318 0.685631 0.323203 0.685631
1 0.447868 0.595608 0.453505 0.595608 0.453505 0.624559 0.447868 0.624559
1 0.277111 0.595693 0.282728 0.595693 0.282728 0.624572 0.277111 0.624572
1 0.439311 0.595318 0.444945 0.595318 0.444945 0.625152 0.439311 0.625152
1 0.430878 0.595232 0.436457 0.595232 0.436457 0.625134 0.430878 0.625134
1 0.422241 0.595263 0.427861 0.595263 0.427861 0.624149 0.422241 0.624149
1 0.482085 0.595636 0.487707 0.595636 0.487707 0.625105 0.482085 0.625105
1 0.490555 0.595847 0.496326 0.595847 0.496326 0.625404 0.490555 0.625404
1 0.278212 0.886532 0.281957 0.886532 0.281957 0.895311 0.278212 0.895311
1 0.258064 0.886009 0.261880 0.886009 0.261880 0.895276 0.258064 0.895276
1 0.507276 0.226890 0.513031 0.226890 0.513031 0.258477 0.507276 0.258477
1 0.515886 0.226842 0.521555 0.226842 0.521555 0.258652 0.515886 0.258652
1 0.574735 0.173660 0.578891 0.173660 0.578891 0.182744 0.574735 0.182744
1 0.661268 0.218197 0.670426 0.218197 0.670426 0.222496 0.661268 0.222496
1 0.661764 0.238722 0.669807 0.238722 0.669807 0.242301 0.661764 0.242301
1 0.554980 0.174007 0.558557 0.174007 0.558557 0.182504 0.554980 0.182504
1 0.608138 0.195687 0.611680 0.195687 0.611680 0.204143 0.608138 0.204143
1 0.555335 0.193041 0.559311 0.193041 0.559311 0.201500 0.555335 0.201500
1 0.626763 0.237785 0.630594 0.237785 0.630594 0.246197 0.626763 0.246197
1 0.575050 0.192943 0.578854 0.192943 0.578854 0.201508 0.575050 0.201508
1 0.646631 0.238151 0.650363 0.238151 0.650363 0.246304 0.646631 0.246304
1 0.628246 0.195227 0.631736 0.195227 0.631736 0.203910 0.628246 0.203910
1 0.539118 0.410899 0.567135 0.410899 0.567135 0.417051 0.539118 0.417051
1 0.539159 0.393921 0.567937 0.393921 0.567937 0.399813 0.539159 0.399813
1 0.539158 0.402398 0.567392 0.402398 0.567392 0.408521 0.539158 0.408521
1 0.538997 0.444969 0.567312 0.444969 0.567312 0.451128 0.538997 0.451128
1 0.539182 0.428010 0.567906 0.428010 0.567906 0.433869 0.539182 0.433869
1 0.539008 0.385303 0.567279 0.385303 0.567279 0.391315 0.539008 0.391315
1 0.539122 0.419393 0.567256 0.419393 0.567256 0.425425 0.539122 0.425425
1 0.539138 0.436552 0.567912 0.436552 0.567912 0.442571 0.539138 0.442571
1 0.538960 0.453486 0.567172 0.453486 0.567172 0.459729 0.538960 0.459729
1 0.538939 0.376667 0.567282 0.376667 0.567282 0.382834 0.538939 0.382834
1 0.538880 0.462076 0.567226 0.462076 0.567226 0.468282 0.538880 0.468282
1 0.539031 0.368149 0.567946 0.368149 0.567946 0.374391 0.539031 0.374391
1 0.539106 0.359653 0.567821 0.359653 0.567821 0.365825 0.539106 0.365825
1 0.538785 0.470538 0.567331 0.470538 0.567331 0.476755 0.538785 0.476755
1 0.715144 0.430409 0.718916 0.430409 0.718916 0.446811 0.715144 0.446811
1 0.538817 0.274053 0.567779 0.274053 0.567779 0.280260 0.538817 0.280260
1 0.678936 0.311232 0.694515 0.311232 0.694515 0.315047 0.678936 0.315047
1 0.705282 0.469255 0.709021 0.469255 0.709021 0.485795 0.705282 0.485795
1 0.630380 0.309444 0.634244 0.309444 0.634244 0.317884 0.630380 0.317884
1 0.626568 0.337418 0.630794 0.337418 0.630794 0.345674 0.626568 0.345674
1 0.678784 0.341031 0.694173 0.341031 0.694173 0.344638 0.678784 0.344638
1 0.646456 0.337461 0.650564 0.337461 0.650564 0.346038 0.646456 0.346038
1 0.702184 0.352852 0.711374 0.352852 0.711374 0.356636 0.702184 0.356636
1 0.630552 0.412314 0.634428 0.412314 0.634428 0.420735 0.630552 0.420735
1 0.539066 0.351084 0.567786 0.351084 0.567786 0.357297 0.539066 0.357297
1 0.646747 0.357676 0.650863 0.357676 0.650863 0.366098 0.646747 0.366098
1 0.675181 0.469738 0.679216 0.469738 0.679216 0.486043 0.675181 0.486043
1 0.702098 0.332677 0.711145 0.332677 0.711145 0.336583 0.702098 0.336583
1 0.627023 0.357619 0.631166 0.357619 0.631166 0.366128 0.627023 0.366128
1 0.719492 0.353129 0.728814 0.353129 0.728814 0.356865 0.719492 0.356865
1 0.651026 0.429073 0.655091 0.429073 0.655091 0.438196 0.651026 0.438196
1 0.671404 0.356085 0.675475 0.356085 0.675475 0.364483 0.671404 0.364483
1 0.685442 0.430707 0.689328 0.430707 0.689328 0.446648 0.685442 0.446648
1 0.729184 0.452836 0.733113 0.452836 0.733113 0.462497 0.729184 0.462497
1 0.539249 0.325483 0.567632 0.325483 0.567632 0.331717 0.539249 0.331717
1 0.539218 0.316892 0.567605 0.316892 0.567605 0.323173 0.539218 0.323173
1 0.539225 0.308414 0.567562 0.308414 0.567562 0.314700 0.539225 0.314700
1 0.719353 0.332869 0.728911 0.332869 0.728911 0.336824 0.719353 0.336824
1 0.649898 0.309556 0.653991 0.309556 0.653991 0.317970 0.649898 0.317970
1 0.697892 0.381543 0.702017 0.381543 0.702017 0.389835 0.697892 0.389835
1 0.538845 0.291312 0.567027 0.291312 0.567027 0.297517 0.538845 0.297517
1 0.650063 0.411879 0.654237 0.411879 0.654237 0.420632 0.650063 0.420632
1 0.651956 0.385039 0.656115 0.385039 0.656115 0.393450 0.651956 0.393450
1 0.671622 0.429243 0.675307 0.429243 0.675307 0.437853 0.671622 0.437853
1 0.697848 0.278935 0.701739 0.278935 0.701739 0.287418 0.697848 0.287418
1 0.691138 0.355992 0.694949 0.355992 0.694949 0.364438 0.691138 0.364438
1 0.734095 0.311407 0.738052 0.311407 0.738052 0.319853 0.734095 0.319853
1 0.538905 0.478990 0.567309 0.478990 0.567309 0.485264 0.538905 0.485264
1 0.678260 0.381427 0.682080 0.381427 0.682080 0.389632 0.678260 0.389632
1 0.632097 0.384837 0.636143 0.384837 0.636143 0.393442 0.632097 0.393442
1 0.539238 0.333851 0.567701 0.333851 0.567701 0.340220 0.539238 0.340220
1 0.609754 0.283215 0.619722 0.283215 0.619722 0.286832 0.609754 0.286832
1 0.609417 0.303936 0.619467 0.303936 0.619467 0.307827 0.609417 0.307827
1 0.538988 0.299848 0.567467 0.299848 0.567467 0.305887 0.538988 0.305887
1 0.539085 0.487766 0.567114 0.487766 0.567114 0.494001 0.539085 0.494001
1 0.649955 0.498493 0.658968 0.498493 0.658968 0.502863 0.649955 0.502863
1 0.538697 0.282822 0.567513 0.282822 0.567513 0.288983 0.538697 0.288983
1 0.678212 0.278809 0.681958 0.278809 0.681958 0.287178 0.678212 0.287178
1 0.539193 0.342274 0.567772 0.342274 0.567772 0.348670 0.539193 0.348670
1 0.598889 0.503754 0.607875 0.503754 0.607875 0.507811 0.598889 0.507811
1 0.507554 0.596551 0.513334 0.596551 0.513334 0.624361 0.507554 0.624361
1 0.539154 0.564517 0.567950 0.564517 0.567950 0.571142 0.539154 0.571142
1 0.516158 0.596425 0.521857 0.596425 0.521857 0.624346 0.516158 0.624346
1 0.539209 0.556002 0.567571 0.556002 0.567571 0.562735 0.539209 0.562735
1 0.539055 0.573200 0.568067 0.573200 0.568067 0.579370 0.539055 0.579370
1 0.539311 0.547344 0.567538 0.547344 0.567538 0.554122 0.539311 0.554122
1 0.539248 0.538972 0.567739 0.538972 0.567739 0.545845 0.539248 0.545845
1 0.699503 0.522399 0.703570 0.522399 0.703570 0.539403 0.699503 0.539403
1 0.664521 0.558356 0.667998 0.558356 0.667998 0.574713 0.664521 0.574713
1 0.539392 0.521703 0.567330 0.521703 0.567330 0.528342 0.539392 0.528342
1 0.539481 0.513066 0.567762 0.513066 0.567762 0.519836 0.539481 0.519836
1 0.605978 0.582810 0.610087 0.582810 0.610087 0.591556 0.605978 0.591556
1 0.636062 0.591511 0.639541 0.591511 0.639541 0.600106 0.636062 0.600106
1 0.586521 0.582714 0.590482 0.582714 0.590482 0.590853 0.586521 0.590853
1 0.664574 0.580724 0.668241 0.580724 0.668241 0.597540 0.664574 0.597540
1 0.539513 0.530453 0.567255 0.530453 0.567255 0.536990 0.539513 0.536990
1 0.598672 0.523586 0.607552 0.523586 0.607552 0.527711 0.598672 0.527711
1 0.607619 0.566078 0.611762 0.566078 0.611762 0.574779 0.607619 0.574779
1 0.539453 0.504648 0.567904 0.504648 0.567904 0.511368 0.539453 0.511368
1 0.588418 0.565984 0.592379 0.565984 0.592379 0.574398 0.588418 0.574398
1 0.649926 0.518511 0.658832 0.518511 0.658832 0.522767 0.649926 0.522767
1 0.539381 0.496291 0.567724 0.496291 0.567724 0.502692 0.539381 0.502692
1 0.655808 0.591304 0.659247 0.591304 0.659247 0.599917 0.655808 0.599917
1 0.512504 0.645098 0.516366 0.645098 0.516366 0.654711 0.512504 0.654711
1 0.696040 0.581275 0.699180 0.581275 0.699180 0.596979 0.696040 0.596979
1 0.669742 0.522804 0.673617 0.522804 0.673617 0.538714 0.669742 0.538714
1 0.695933 0.558788 0.699032 0.558788 0.699032 0.574591 0.695933 0.574591
1 0.887417 0.472213 0.891083 0.472213 0.891083 0.487547 0.887417 0.487547
1 0.796964 0.311139 0.800813 0.311139 0.800813 0.327039 0.796964 0.327039
1 0.857722 0.472266 0.862639 0.472266 0.862639 0.488056 0.857722 0.488056
1 0.938234 0.483330 0.942476 0.483330 0.942476 0.499469 0.938234 0.499469
1 0.766806 0.311170 0.771313 0.311170 0.771313 0.326946 0.766806 0.326946
1 0.745373 0.326537 0.760500 0.326537 0.760500 0.330717 0.745373 0.330717
1 0.749427 0.452916 0.753457 0.452916 0.753457 0.462744 0.749427 0.462744
1 0.909189 0.483567 0.913366 0.483567 0.913366 0.499779 0.909189 0.499779
1 0.845284 0.382549 0.848978 0.382549 0.848978 0.391659 0.845284 0.391659
1 0.745120 0.356659 0.760996 0.356659 0.760996 0.360471 0.745120 0.360471
1 0.824953 0.382542 0.829055 0.382542 0.829055 0.392002 0.824953 0.392002
1 0.884376 0.388145 0.888954 0.388145 0.888954 0.397238 0.884376 0.397238
1 0.806768 0.417824 0.815634 0.417824 0.815634 0.422290 0.806768 0.422290
1 0.904561 0.388360 0.908808 0.388360 0.908808 0.397339 0.904561 0.397339
1 0.753980 0.311438 0.758215 0.311438 0.758215 0.320790 0.753980 0.320790
1 0.806959 0.438250 0.815444 0.438250 0.815444 0.442053 0.806959 0.442053
1 0.817119 0.523920 0.826026 0.523920 0.826026 0.528366 0.817119 0.528366
1 0.903031 0.548600 0.918611 0.548600 0.918611 0.552758 0.903031 0.552758
1 0.903095 0.577840 0.918395 0.577840 0.918395 0.582156 0.903095 0.582156
1 0.813492 0.558598 0.829862 0.558598 0.829862 0.561905 0.813492 0.561905
1 0.830416 0.632318 0.834802 0.632318 0.834802 0.641344 0.830416 0.641344
1 0.814146 0.590144 0.830379 0.590144 0.830379 0.593781 0.814146 0.593781
1 0.817569 0.544284 0.825815 0.544284 0.825815 0.547816 0.817569 0.547816
1 0.780746 0.561991 0.785030 0.561991 0.785030 0.571659 0.780746 0.571659
1 0.912922 0.599834 0.928108 0.599834 0.928108 0.604486 0.912922 0.604486
1 0.801153 0.562025 0.804836 0.562025 0.804836 0.571560 0.801153 0.571560
1 0.850439 0.632401 0.854494 0.632401 0.854494 0.641225 0.850439 0.641225
1 0.912884 0.629487 0.928412 0.629487 0.928412 0.633394 0.912884 0.633394
1 0.058363 0.254163 0.065743 0.254163 0.065743 0.271312 0.058363 0.271312
1 0.119577 0.253946 0.126958 0.253946 0.126958 0.271095 0.119577 0.271095
1 0.844480 0.591903 0.851155 0.591903 0.851155 0.612860 0.844480 0.612860
1 0.855657 0.592058 0.862332 0.592058 0.862332 0.613015 0.855657 0.613015
1 0.866679 0.592524 0.873354 0.592524 0.873354 0.613481 0.866679 0.613481
1 0.877856 0.592679 0.884532 0.592679 0.884532 0.613636 0.877856 0.613636
1 0.844480 0.520337 0.851310 0.520337 0.851310 0.542691 0.844480 0.542691
1 0.855502 0.520492 0.862332 0.520492 0.862332 0.542846 0.855502 0.542846
1 0.866834 0.520492 0.873665 0.520492 0.873665 0.542846 0.866834 0.542846
1 0.877856 0.520647 0.884687 0.520647 0.884687 0.543002 0.877856 0.543002
1 0.837226 0.412335 0.857822 0.412335 0.857822 0.418817 0.837226 0.418817
1 0.837017 0.423313 0.857613 0.423313 0.857613 0.429795 0.837017 0.429795
1 0.837122 0.434709 0.857718 0.434709 0.857718 0.441191 0.837122 0.441191
1 0.836912 0.445686 0.857509 0.445686 0.857509 0.452168 0.836912 0.452168
1 0.907902 0.412230 0.930380 0.412230 0.930380 0.418608 0.907902 0.418608
1 0.907902 0.423313 0.930380 0.423313 0.930380 0.429690 0.907902 0.429690
1 0.907797 0.434395 0.930276 0.434395 0.930276 0.440772 0.907797 0.440772
1 0.907797 0.445477 0.930276 0.445477 0.930276 0.451855 0.907797 0.451855
