0 0.201197 0.259807 0.535775 0.259807 0.535775 0.594961 0.201197 0.594961
0 0.104364 0.220099 0.120078 0.220099 0.120078 0.228006 0.104364 0.228006
0 0.484852 0.121768 0.492970 0.121768 0.492970 0.137507 0.484852 0.137507
0 0.065982 0.242854 0.119086 0.242854 0.119086 0.284459 0.065982 0.284459
0 0.383706 0.132422 0.391787 0.132422 0.391787 0.148125 0.383706 0.148125
0 0.202688 0.176675 0.219302 0.176675 0.219302 0.185935 0.202688 0.185935
0 0.133735 0.349105 0.149696 0.349105 0.149696 0.358109 0.133735 0.358109
0 0.426039 0.122026 0.441806 0.122026 0.441806 0.130136 0.426039 0.130136
0 0.474713 0.155009 0.482503 0.155009 0.482503 0.170416 0.474713 0.170416
0 0.131937 0.415854 0.147850 0.415854 0.147850 0.424723 0.131937 0.424723
0 0.061714 0.220126 0.077392 0.220126 0.077392 0.228186 0.061714 0.228186
0 0.383449 0.159128 0.400147 0.159128 0.400147 0.168373 0.383449 0.168373
0 0.405622 0.104092 0.415147 0.104092 0.415147 0.120541 0.405622 0.120541
0 0.425835 0.104491 0.441839 0.104491 0.441839 0.113375 0.425835 0.113375
0 0.267322 0.164206 0.276910 0.164206 0.276910 0.181265 0.267322 0.181265
0 0.176190 0.222251 0.185079 0.222251 0.185079 0.239265 0.176190 0.239265
0 0.130228 0.472083 0.139891 0.472083 0.139891 0.488153 0.130228 0.488153
0 0.342146 0.698730 0.358859 0.698730 0.358859 0.708203 0.342146 0.708203
0 0.255320 0.670247 0.264388 0.670247 0.264388 0.686087 0.255320 0.686087
0 0.121385 0.530795 0.137454 0.530795 0.137454 0.538960 0.121385 0.538960
0 0.272199 0.669326 0.281656 0.669326 0.281656 0.686305 0.272199 0.686305
0 0.219407 0.682097 0.228676 0.682097 0.228676 0.698931 0.219407 0.698931
0 0.236483 0.681534 0.245915 0.681534 0.245915 0.698502 0.236483 0.698502
0 0.417478 0.641170 0.426443 0.641170 0.426443 0.657159 0.417478 0.657159
0 0.262318 0.887194 0.278251 0.887194 0.278251 0.896183 0.262318 0.896183
0 0.327436 0.676245 0.342848 0.676245 0.342848 0.687011 0.327436 0.687011
0 0.495974 0.644362 0.512165 0.644362 0.512165 0.657363 0.495974 0.657363
0 0.862528 0.474412 0.887072 0.474412 0.887072 0.487267 0.862528 0.487267
0 0.689036 0.432513 0.714538 0.432513 0.714538 0.446191 0.689036 0.446191
0 0.630261 0.338499 0.645695 0.338499 0.645695 0.346577 0.630261 0.346577
0 0.679462 0.316056 0.692806 0.316056 0.692806 0.341498 0.679462 0.341498
0 0.681612 0.280269 0.697178 0.280269 0.697178 0.288157 0.681612 0.288157
0 0.719440 0.337846 0.728073 0.337846 0.728073 0.353629 0.719440 0.353629
0 0.681523 0.382825 0.697078 0.382825 0.697078 0.390911 0.681523 0.390911
0 0.630638 0.359114 0.645959 0.359114 0.645959 0.367109 0.630638 0.367109
0 0.678852 0.471659 0.705070 0.471659 0.705070 0.486218 0.678852 0.486218
0 0.770759 0.313119 0.796150 0.313119 0.796150 0.326503 0.770759 0.326503
0 0.661010 0.223036 0.669945 0.223036 0.669945 0.239006 0.661010 0.239006
0 0.746565 0.331696 0.759748 0.331696 0.759748 0.357249 0.746565 0.357249
0 0.913634 0.486252 0.938395 0.486252 0.938395 0.499159 0.913634 0.499159
0 0.702365 0.337547 0.711204 0.337547 0.711204 0.353588 0.702365 0.353588
0 0.634012 0.413425 0.649431 0.413425 0.649431 0.421397 0.634012 0.421397
0 0.558898 0.193509 0.574728 0.193509 0.574728 0.201506 0.558898 0.201506
0 0.857792 0.409125 0.905205 0.409125 0.905205 0.456489 0.857792 0.456489
0 0.630211 0.239116 0.645650 0.239116 0.645650 0.247091 0.630211 0.247091
0 0.675045 0.357351 0.690493 0.357351 0.690493 0.365465 0.675045 0.365465
0 0.649693 0.503766 0.657707 0.503766 0.657707 0.519177 0.649693 0.519177
0 0.888572 0.389034 0.904092 0.389034 0.904092 0.397058 0.888572 0.397058
0 0.635610 0.386037 0.651390 0.386037 0.651390 0.394282 0.635610 0.394282
0 0.609466 0.287548 0.619149 0.287548 0.619149 0.304454 0.609466 0.304454
0 0.806933 0.423434 0.815005 0.423434 0.815005 0.439120 0.806933 0.439120
0 0.732719 0.453772 0.748609 0.453772 0.748609 0.462905 0.732719 0.462905
0 0.738401 0.311687 0.754616 0.311687 0.754616 0.320579 0.738401 0.320579
0 0.633982 0.311608 0.649423 0.311608 0.649423 0.319466 0.633982 0.319466
0 0.654534 0.429679 0.670641 0.429679 0.670641 0.438772 0.654534 0.438772
0 0.828468 0.383197 0.844536 0.383197 0.844536 0.392583 0.828468 0.392583
0 0.611400 0.195857 0.627407 0.195857 0.627407 0.204072 0.611400 0.204072
0 0.598461 0.508678 0.606577 0.508678 0.606577 0.524124 0.598461 0.524124
0 0.559321 0.174892 0.575391 0.174892 0.575391 0.183365 0.559321 0.183365
0 0.667584 0.560376 0.695330 0.560376 0.695330 0.574863 0.667584 0.574863
0 0.673689 0.524420 0.699740 0.524420 0.699740 0.538932 0.673689 0.538932
0 0.814118 0.562720 0.828272 0.562720 0.828272 0.590035 0.814118 0.590035
0 0.667614 0.582524 0.695354 0.582524 0.695354 0.596847 0.667614 0.596847
0 0.914758 0.605018 0.927403 0.605018 0.927403 0.629688 0.914758 0.629688
0 0.904587 0.554011 0.917273 0.554011 0.917273 0.578636 0.904587 0.578636
0 0.834059 0.633459 0.849751 0.633459 0.849751 0.641462 0.834059 0.641462
0 0.784415 0.562860 0.800644 0.562860 0.800644 0.571840 0.784415 0.571840
0 0.840570 0.543530 0.887577 0.543530 0.887577 0.591002 0.840570 0.591002
0 0.638975 0.592105 0.654801 0.592105 0.654801 0.601134 0.638975 0.601134
0 0.817108 0.529178 0.825079 0.529178 0.825079 0.544677 0.817108 0.544677
1 0.216089 0.229597 0.221968 0.229597 0.221968 0.258086 0.216089 0.258086
1 0.241797 0.229521 0.247683 0.229521 0.247683 0.258073 0.241797 0.258073
1 0.250349 0.229086 0.256227 0.229086 0.256227 0.258140 0.250349 0.258140
1 0.224726 0.229342 0.230575 0.229342 0.230575 0.258399 0.224726 0.258399
1 0.057662 0.219517 0.061734 0.219517 0.061734 0.228414 0.057662 0.228414
1 0.120167 0.219499 0.124280 0.219499 0.124280 0.228424 0.120167 0.228424
1 0.233211 0.229335 0.239078 0.229335 0.239078 0.258458 0.233211 0.258458
1 0.077532 0.219918 0.081935 0.219918 0.081935 0.228449 0.077532 0.228449
1 0.100345 0.219617 0.104290 0.219617 0.104290 0.228223 0.100345 0.228223
1 0.176153 0.239447 0.185257 0.239447 0.185257 0.243052 0.176153 0.243052
1 0.199290 0.176612 0.202644 0.176612 0.202644 0.185621 0.199290 0.185621
1 0.176351 0.218384 0.185374 0.218384 0.185374 0.222212 0.176351 0.222212
1 0.219549 0.176751 0.223123 0.176751 0.223123 0.185726 0.219549 0.185726
1 0.258744 0.229443 0.264881 0.229443 0.264881 0.258148 0.258744 0.258148
1 0.119198 0.254125 0.125827 0.254125 0.125827 0.271764 0.119198 0.271764
1 0.058069 0.254531 0.065867 0.254531 0.065867 0.271928 0.058069 0.271928
1 0.169684 0.360410 0.198582 0.360410 0.198582 0.366373 0.169684 0.366373
1 0.169761 0.377480 0.198645 0.377480 0.198645 0.383444 0.169761 0.383444
1 0.169423 0.351854 0.198507 0.351854 0.198507 0.357846 0.169423 0.357846
1 0.170229 0.368999 0.198698 0.368999 0.198698 0.374917 0.170229 0.374917
1 0.170294 0.386011 0.198684 0.386011 0.198684 0.391994 0.170294 0.391994
1 0.170007 0.403174 0.198744 0.403174 0.198744 0.409082 0.170007 0.409082
1 0.170016 0.394630 0.198722 0.394630 0.198722 0.400563 0.170016 0.400563
1 0.170033 0.411761 0.198767 0.411761 0.198767 0.417663 0.170033 0.417663
1 0.169406 0.343314 0.198485 0.343314 0.198485 0.349303 0.169406 0.349303
1 0.170065 0.420249 0.198758 0.420249 0.198758 0.426174 0.170065 0.426174
1 0.170204 0.428784 0.198678 0.428784 0.198678 0.434722 0.170204 0.434722
1 0.170614 0.437295 0.198702 0.437295 0.198702 0.443274 0.170614 0.443274
1 0.170759 0.309230 0.198526 0.309230 0.198526 0.315127 0.170759 0.315127
1 0.170652 0.445765 0.198776 0.445765 0.198776 0.451857 0.170652 0.451857
1 0.170364 0.300697 0.198712 0.300697 0.198712 0.306657 0.170364 0.306657
1 0.170789 0.317734 0.198458 0.317734 0.198458 0.323636 0.170789 0.323636
1 0.170590 0.292168 0.198569 0.292168 0.198569 0.298083 0.170590 0.298083
1 0.170515 0.283622 0.198362 0.283622 0.198362 0.289489 0.170515 0.289489
1 0.171001 0.471459 0.198749 0.471459 0.198749 0.477435 0.171001 0.477435
1 0.170489 0.454278 0.198887 0.454278 0.198887 0.460390 0.170489 0.460390
1 0.169560 0.334725 0.198510 0.334725 0.198510 0.340816 0.169560 0.340816
1 0.170344 0.488506 0.198666 0.488506 0.198666 0.494441 0.170344 0.494441
1 0.170411 0.480021 0.198559 0.480021 0.198559 0.485887 0.170411 0.485887
1 0.170593 0.275147 0.198392 0.275147 0.198392 0.281045 0.170593 0.281045
1 0.170337 0.326248 0.198298 0.326248 0.198298 0.332133 0.170337 0.332133
1 0.171055 0.462924 0.198715 0.462924 0.198715 0.468912 0.171055 0.468912
1 0.170914 0.497097 0.198953 0.497097 0.198953 0.503103 0.170914 0.503103
1 0.126906 0.415690 0.131388 0.415690 0.131388 0.425247 0.126906 0.425247
1 0.150165 0.348967 0.154367 0.348967 0.154367 0.358218 0.150165 0.358218
1 0.147633 0.416082 0.151753 0.416082 0.151753 0.424792 0.147633 0.424792
1 0.130291 0.468096 0.139950 0.468096 0.139950 0.471656 0.130291 0.471656
1 0.129078 0.348815 0.133482 0.348815 0.133482 0.358222 0.129078 0.358222
1 0.130335 0.488186 0.139934 0.488186 0.139934 0.491790 0.130335 0.491790
1 0.171189 0.505560 0.198962 0.505560 0.198962 0.511682 0.171189 0.511682
1 0.170969 0.573973 0.199021 0.573973 0.199021 0.580140 0.170969 0.580140
1 0.170545 0.556789 0.199001 0.556789 0.199001 0.562870 0.170545 0.562870
1 0.170977 0.565402 0.199096 0.565402 0.199096 0.571502 0.170977 0.571502
1 0.170937 0.548329 0.198962 0.548329 0.198962 0.554344 0.170937 0.554344
1 0.171240 0.514148 0.199003 0.514148 0.199003 0.520199 0.171240 0.520199
1 0.216541 0.596444 0.222257 0.596444 0.222257 0.625926 0.216541 0.625926
1 0.171053 0.539737 0.198982 0.539737 0.198982 0.545873 0.171053 0.545873
1 0.171166 0.522699 0.198814 0.522699 0.198814 0.528688 0.171166 0.528688
1 0.250744 0.596900 0.256388 0.596900 0.256388 0.625600 0.250744 0.625600
1 0.242173 0.596752 0.247851 0.596752 0.247851 0.625594 0.242173 0.625594
1 0.233673 0.596670 0.239307 0.596670 0.239307 0.625860 0.233673 0.625860
1 0.236209 0.698547 0.245981 0.698547 0.245981 0.702078 0.236209 0.702078
1 0.219699 0.699269 0.229195 0.699269 0.229195 0.702732 0.219699 0.702732
1 0.224977 0.596406 0.230783 0.596406 0.230783 0.625596 0.224977 0.625596
1 0.170953 0.531287 0.198770 0.531287 0.198770 0.537247 0.170953 0.537247
1 0.236525 0.677993 0.245748 0.677993 0.245748 0.681496 0.236525 0.681496
1 0.118003 0.530760 0.121360 0.530760 0.121360 0.538417 0.118003 0.538417
1 0.137388 0.530592 0.141450 0.530592 0.141450 0.538866 0.137388 0.538866
1 0.219265 0.678615 0.228988 0.678615 0.228988 0.681993 0.219265 0.681993
1 0.254823 0.666558 0.264654 0.666558 0.264654 0.670042 0.254823 0.670042
1 0.255109 0.686314 0.264356 0.686314 0.264356 0.689917 0.255109 0.689917
1 0.259272 0.596891 0.264943 0.596891 0.264943 0.625452 0.259272 0.625452
1 0.258442 0.886589 0.262542 0.886589 0.262542 0.896264 0.258442 0.896264
1 0.318565 0.229226 0.324716 0.229226 0.324716 0.258300 0.318565 0.258300
1 0.327200 0.228349 0.333231 0.228349 0.333231 0.258260 0.327200 0.258260
1 0.335758 0.229059 0.341734 0.229059 0.341734 0.258337 0.335758 0.258337
1 0.344319 0.228540 0.350282 0.228540 0.350282 0.258384 0.344319 0.258384
1 0.352892 0.228274 0.358793 0.228274 0.358793 0.258411 0.352892 0.258411
1 0.361373 0.228295 0.367353 0.228295 0.367353 0.258348 0.361373 0.258348
1 0.369843 0.228665 0.376000 0.228665 0.376000 0.258320 0.369843 0.258320
1 0.378436 0.229221 0.384524 0.229221 0.384524 0.258341 0.378436 0.258341
1 0.387005 0.228966 0.393091 0.228966 0.393091 0.258307 0.387005 0.258307
1 0.395663 0.229192 0.401581 0.229192 0.401581 0.258351 0.395663 0.258351
1 0.310097 0.229342 0.316121 0.229342 0.316121 0.258334 0.310097 0.258334
1 0.404161 0.228530 0.410064 0.228530 0.410064 0.258313 0.404161 0.258313
1 0.412528 0.228225 0.418668 0.228225 0.418668 0.258252 0.412528 0.258252
1 0.293076 0.228769 0.299067 0.228769 0.299067 0.258070 0.293076 0.258070
1 0.301640 0.229574 0.307617 0.229574 0.307617 0.258180 0.301640 0.258180
1 0.421150 0.228224 0.427225 0.228224 0.427225 0.258219 0.421150 0.258219
1 0.446762 0.228205 0.452823 0.228205 0.452823 0.258238 0.446762 0.258238
1 0.438320 0.229113 0.444297 0.229113 0.444297 0.258233 0.438320 0.258233
1 0.455351 0.227901 0.461310 0.227901 0.461310 0.258120 0.455351 0.258120
1 0.489688 0.228215 0.495499 0.228215 0.495499 0.257984 0.489688 0.257984
1 0.284505 0.228926 0.290546 0.228926 0.290546 0.257946 0.284505 0.257946
1 0.498223 0.228094 0.504045 0.228094 0.504045 0.257962 0.498223 0.257962
1 0.463895 0.227327 0.469967 0.227327 0.469967 0.258311 0.463895 0.258311
1 0.267308 0.229672 0.273453 0.229672 0.273453 0.258263 0.267308 0.258263
1 0.429742 0.228312 0.435811 0.228312 0.435811 0.258556 0.429742 0.258556
1 0.441946 0.104667 0.445869 0.104667 0.445869 0.113336 0.441946 0.113336
1 0.480919 0.229031 0.487099 0.229031 0.487099 0.257937 0.480919 0.257937
1 0.275907 0.229511 0.282022 0.229511 0.282022 0.257908 0.275907 0.257908
1 0.472390 0.227454 0.478453 0.227454 0.478453 0.258139 0.472390 0.258139
1 0.267918 0.160572 0.276879 0.160572 0.276879 0.164156 0.267918 0.164156
1 0.473978 0.150434 0.482904 0.150434 0.482904 0.154453 0.473978 0.154453
1 0.484434 0.117816 0.493250 0.117816 0.493250 0.121580 0.484434 0.121580
1 0.441909 0.121795 0.445907 0.121795 0.445907 0.130310 0.441909 0.130310
1 0.383688 0.148201 0.392066 0.148201 0.392066 0.151643 0.383688 0.151643
1 0.383440 0.127810 0.392171 0.127810 0.392171 0.131803 0.383440 0.131803
1 0.421652 0.104495 0.425401 0.104495 0.425401 0.113068 0.421652 0.113068
1 0.267817 0.181293 0.276734 0.181293 0.276734 0.184650 0.267817 0.184650
1 0.405819 0.100623 0.415162 0.100623 0.415162 0.103966 0.405819 0.103966
1 0.422092 0.122024 0.425816 0.122024 0.425816 0.129453 0.422092 0.129453
1 0.378823 0.159401 0.382883 0.159401 0.382883 0.167566 0.378823 0.167566
1 0.405623 0.121375 0.415257 0.121375 0.415257 0.125406 0.405623 0.125406
1 0.400910 0.159993 0.404811 0.159993 0.404811 0.168422 0.400910 0.168422
1 0.484872 0.137729 0.493376 0.137729 0.493376 0.141811 0.484872 0.141811
1 0.474788 0.170626 0.483075 0.170626 0.483075 0.174262 0.474788 0.174262
1 0.506523 0.227715 0.512666 0.227715 0.512666 0.258138 0.506523 0.258138
1 0.327583 0.596798 0.333354 0.596798 0.333354 0.625618 0.327583 0.625618
1 0.319047 0.596775 0.324814 0.596775 0.324814 0.626049 0.319047 0.626049
1 0.310497 0.596801 0.316298 0.596801 0.316298 0.626235 0.310497 0.626235
1 0.336165 0.596846 0.341875 0.596846 0.341875 0.625475 0.336165 0.625475
1 0.353198 0.596866 0.358943 0.596866 0.358943 0.625620 0.353198 0.625620
1 0.344695 0.596842 0.350370 0.596842 0.350370 0.625463 0.344695 0.625463
1 0.378813 0.596792 0.384567 0.596792 0.384567 0.625334 0.378813 0.625334
1 0.404437 0.596713 0.410189 0.596713 0.410189 0.625242 0.404437 0.625242
1 0.387425 0.596739 0.393116 0.596739 0.393116 0.625216 0.387425 0.625216
1 0.395949 0.596735 0.401621 0.596735 0.401621 0.625226 0.395949 0.625226
1 0.370288 0.596785 0.376028 0.596785 0.376028 0.625543 0.370288 0.625543
1 0.361786 0.596910 0.367538 0.596910 0.367538 0.625994 0.361786 0.625994
1 0.412978 0.596725 0.418748 0.596725 0.418748 0.625237 0.412978 0.625237
1 0.455706 0.596846 0.461337 0.596846 0.461337 0.625777 0.455706 0.625777
1 0.421510 0.596762 0.427286 0.596762 0.427286 0.625316 0.421510 0.625316
1 0.447194 0.596775 0.452801 0.596775 0.452801 0.625511 0.447194 0.625511
1 0.438662 0.596752 0.444343 0.596752 0.444343 0.625792 0.438662 0.625792
1 0.464268 0.596827 0.469934 0.596827 0.469934 0.625251 0.464268 0.625251
1 0.489975 0.596649 0.495583 0.596649 0.495583 0.625904 0.489975 0.625904
1 0.284974 0.596872 0.290678 0.596872 0.290678 0.625812 0.284974 0.625812
1 0.301940 0.596782 0.307768 0.596782 0.307768 0.626296 0.301940 0.626296
1 0.293504 0.596994 0.299183 0.596994 0.299183 0.625998 0.293504 0.625998
1 0.272318 0.666001 0.281383 0.666001 0.281383 0.669309 0.272318 0.669309
1 0.481418 0.596946 0.487040 0.596946 0.487040 0.625634 0.481418 0.625634
1 0.276358 0.596596 0.282047 0.596596 0.282047 0.625189 0.276358 0.625189
1 0.417252 0.657047 0.426810 0.657047 0.426810 0.660767 0.417252 0.660767
1 0.472781 0.596569 0.478457 0.596569 0.478457 0.624820 0.472781 0.624820
1 0.498444 0.596623 0.504107 0.596623 0.504107 0.624998 0.498444 0.624998
1 0.267768 0.596924 0.273455 0.596924 0.273455 0.625315 0.267768 0.625315
1 0.430113 0.596817 0.435788 0.596817 0.435788 0.625743 0.430113 0.625743
1 0.338947 0.699176 0.342229 0.699176 0.342229 0.708088 0.338947 0.708088
1 0.343400 0.677089 0.347586 0.677089 0.347586 0.685987 0.343400 0.685987
1 0.492560 0.646088 0.496758 0.646088 0.496758 0.655087 0.492560 0.655087
1 0.272170 0.686343 0.281569 0.686343 0.281569 0.689903 0.272170 0.689903
1 0.322570 0.677117 0.326620 0.677117 0.326620 0.686258 0.322570 0.686258
1 0.358810 0.699117 0.362641 0.699117 0.362641 0.707987 0.358810 0.707987
1 0.417719 0.637020 0.426962 0.637020 0.426962 0.641024 0.417719 0.641024
1 0.506841 0.596673 0.512714 0.596673 0.512714 0.625083 0.506841 0.625083
1 0.278277 0.887667 0.281989 0.887667 0.281989 0.896090 0.278277 0.896090
1 0.515222 0.227849 0.521150 0.227849 0.521150 0.258230 0.515222 0.258230
1 0.627611 0.195751 0.631459 0.195751 0.631459 0.204324 0.627611 0.204324
1 0.661153 0.239574 0.669717 0.239574 0.669717 0.243387 0.661153 0.243387
1 0.625921 0.238223 0.630001 0.238223 0.630001 0.247239 0.625921 0.247239
1 0.574604 0.192987 0.578673 0.192987 0.578673 0.201704 0.574604 0.201704
1 0.661123 0.219081 0.670284 0.219081 0.670284 0.222788 0.661123 0.222788
1 0.607078 0.195650 0.611284 0.195650 0.611284 0.204591 0.607078 0.204591
1 0.554877 0.193034 0.558607 0.193034 0.558607 0.201713 0.554877 0.201713
1 0.645823 0.238578 0.650412 0.238578 0.650412 0.247585 0.645823 0.247585
1 0.555548 0.175053 0.559111 0.175053 0.559111 0.183401 0.555548 0.183401
1 0.538045 0.385868 0.567141 0.385868 0.567141 0.391883 0.538045 0.391883
1 0.538074 0.377346 0.567162 0.377346 0.567162 0.383346 0.538074 0.383346
1 0.538005 0.360214 0.567514 0.360214 0.567514 0.366257 0.538005 0.366257
1 0.714623 0.431466 0.718721 0.431466 0.718721 0.447058 0.714623 0.447058
1 0.538039 0.411514 0.566852 0.411514 0.566852 0.417489 0.538039 0.417489
1 0.674858 0.470860 0.679226 0.470860 0.679226 0.486631 0.674858 0.486631
1 0.538054 0.403005 0.566966 0.403005 0.566966 0.408995 0.538054 0.408995
1 0.538065 0.368788 0.567668 0.368788 0.567668 0.374843 0.538065 0.374843
1 0.538010 0.351734 0.567405 0.351734 0.567405 0.357768 0.538010 0.357768
1 0.538142 0.420063 0.566950 0.420063 0.566950 0.426089 0.538142 0.426089
1 0.538044 0.394455 0.567485 0.394455 0.567485 0.400508 0.538044 0.400508
1 0.538046 0.343205 0.567383 0.343205 0.567383 0.349275 0.538046 0.349275
1 0.538139 0.428580 0.567506 0.428580 0.567506 0.434719 0.538139 0.434719
1 0.538059 0.437089 0.567535 0.437089 0.567535 0.443219 0.538059 0.443219
1 0.678645 0.311515 0.693919 0.311515 0.693919 0.315749 0.678645 0.315749
1 0.538034 0.445668 0.567149 0.445668 0.567149 0.451790 0.538034 0.451790
1 0.538042 0.479897 0.566590 0.479897 0.566590 0.485806 0.538042 0.485806
1 0.538092 0.471360 0.566566 0.471360 0.566566 0.477311 0.538092 0.477311
1 0.537983 0.488386 0.566715 0.488386 0.566715 0.494449 0.537983 0.494449
1 0.538042 0.454156 0.567046 0.454156 0.567046 0.460324 0.538042 0.460324
1 0.684964 0.431953 0.689009 0.431953 0.689009 0.447092 0.684964 0.447092
1 0.538160 0.283354 0.566960 0.283354 0.566960 0.289290 0.538160 0.289290
1 0.678774 0.341576 0.694064 0.341576 0.694064 0.345687 0.678774 0.345687
1 0.538261 0.274894 0.567011 0.274894 0.567011 0.280837 0.538261 0.280837
1 0.704674 0.470865 0.708804 0.470865 0.708804 0.486550 0.704674 0.486550
1 0.538179 0.291945 0.566699 0.291945 0.566699 0.297850 0.538179 0.297850
1 0.538286 0.300480 0.567096 0.300480 0.567096 0.306407 0.538286 0.306407
1 0.538315 0.308946 0.567269 0.308946 0.567269 0.314934 0.538315 0.314934
1 0.538378 0.317507 0.567272 0.317507 0.567272 0.323520 0.538378 0.323520
1 0.538033 0.334635 0.567359 0.334635 0.567359 0.340726 0.538033 0.340726
1 0.718830 0.354151 0.728449 0.354151 0.728449 0.357874 0.718830 0.357874
1 0.537991 0.496870 0.567348 0.496870 0.567348 0.502976 0.537991 0.502976
1 0.538311 0.326114 0.567257 0.326114 0.567257 0.332057 0.538311 0.332057
1 0.649375 0.499663 0.658061 0.499663 0.658061 0.503620 0.649375 0.503620
1 0.626530 0.358826 0.630664 0.358826 0.630664 0.366942 0.626530 0.366942
1 0.702144 0.354085 0.711613 0.354085 0.711613 0.357754 0.702144 0.357754
1 0.646084 0.359089 0.650276 0.359089 0.650276 0.367154 0.646084 0.367154
1 0.626451 0.338401 0.630346 0.338401 0.630346 0.346316 0.626451 0.346316
1 0.697112 0.382555 0.701417 0.382555 0.701417 0.390849 0.697112 0.390849
1 0.697303 0.280453 0.701562 0.280453 0.701562 0.288464 0.697303 0.288464
1 0.702127 0.333190 0.711623 0.333190 0.711623 0.337184 0.702127 0.337184
1 0.609412 0.304404 0.619023 0.304404 0.619023 0.308149 0.609412 0.308149
1 0.649573 0.311540 0.653952 0.311540 0.653952 0.319746 0.649573 0.319746
1 0.677278 0.382383 0.681499 0.382383 0.681499 0.390785 0.677278 0.390785
1 0.538027 0.462615 0.567049 0.462615 0.567049 0.468833 0.538027 0.468833
1 0.728596 0.454094 0.732604 0.454094 0.732604 0.462720 0.728596 0.462720
1 0.670837 0.356928 0.675027 0.356928 0.675027 0.365115 0.670837 0.365115
1 0.677828 0.279814 0.681551 0.279814 0.681551 0.287880 0.677828 0.287880
1 0.651328 0.386053 0.655633 0.386053 0.655633 0.394235 0.651328 0.394235
1 0.690452 0.357491 0.694563 0.357491 0.694563 0.365532 0.690452 0.365532
1 0.719005 0.333086 0.728611 0.333086 0.728611 0.337247 0.719005 0.337247
1 0.630953 0.385797 0.635340 0.385797 0.635340 0.394110 0.630953 0.394110
1 0.629317 0.413069 0.633651 0.413069 0.633651 0.421791 0.629317 0.421791
1 0.609593 0.284113 0.618920 0.284113 0.618920 0.287491 0.609593 0.287491
1 0.629616 0.311347 0.633794 0.311347 0.633794 0.319554 0.629616 0.319554
1 0.649570 0.413520 0.653609 0.413520 0.653609 0.421761 0.649570 0.421761
1 0.748763 0.453497 0.752807 0.453497 0.752807 0.462892 0.748763 0.462892
1 0.650471 0.429948 0.654567 0.429948 0.654567 0.438609 0.650471 0.438609
1 0.733841 0.311628 0.738132 0.311628 0.738132 0.320040 0.733841 0.320040
1 0.670782 0.430210 0.674562 0.430210 0.674562 0.438488 0.670782 0.438488
1 0.745494 0.357158 0.760570 0.357158 0.760570 0.361219 0.745494 0.361219
1 0.745449 0.326610 0.760768 0.326610 0.760768 0.331149 0.745449 0.331149
1 0.538139 0.505450 0.567486 0.505450 0.567486 0.511483 0.538139 0.511483
1 0.597448 0.504056 0.607920 0.504056 0.607920 0.508272 0.597448 0.508272
1 0.538023 0.565231 0.567472 0.565231 0.567472 0.571377 0.538023 0.571377
1 0.537916 0.573771 0.567535 0.573771 0.567535 0.579943 0.537916 0.579943
1 0.537958 0.556712 0.566997 0.556712 0.566997 0.562769 0.537958 0.562769
1 0.515522 0.596756 0.521104 0.596756 0.521104 0.625094 0.515522 0.625094
1 0.537959 0.548170 0.567036 0.548170 0.567036 0.554274 0.537959 0.554274
1 0.537980 0.539574 0.567457 0.539574 0.567457 0.545765 0.537980 0.545765
1 0.538158 0.522588 0.566834 0.522588 0.566834 0.528633 0.538158 0.528633
1 0.538153 0.513994 0.567588 0.513994 0.567588 0.520000 0.538153 0.520000
1 0.663046 0.559721 0.667338 0.559721 0.667338 0.576022 0.663046 0.576022
1 0.663427 0.581730 0.667506 0.581730 0.667506 0.598000 0.663427 0.598000
1 0.654887 0.592400 0.658614 0.592400 0.658614 0.600815 0.654887 0.600815
1 0.635022 0.592383 0.639056 0.592383 0.639056 0.600808 0.635022 0.600808
1 0.649511 0.519364 0.657964 0.519364 0.657964 0.523130 0.649511 0.523130
1 0.538194 0.531162 0.566706 0.531162 0.566706 0.537162 0.538194 0.537162
1 0.695692 0.581438 0.700424 0.581438 0.700424 0.598109 0.695692 0.598109
1 0.695843 0.559382 0.700203 0.559382 0.700203 0.575769 0.695843 0.575769
1 0.699990 0.523381 0.704301 0.523381 0.704301 0.539896 0.699990 0.539896
1 0.512724 0.646451 0.516864 0.646451 0.516864 0.655321 0.512724 0.655321
1 0.598311 0.524136 0.606463 0.524136 0.606463 0.528115 0.598311 0.528115
1 0.669461 0.523571 0.673803 0.523571 0.673803 0.539777 0.669461 0.539777
1 0.887239 0.472273 0.891060 0.472273 0.891060 0.487950 0.887239 0.487950
1 0.905289 0.412243 0.932974 0.412243 0.932974 0.419818 0.905289 0.419818
1 0.905592 0.445588 0.932335 0.445588 0.932335 0.453275 0.905592 0.453275
1 0.905592 0.434523 0.933355 0.434523 0.933355 0.442071 0.905592 0.442071
1 0.833070 0.412456 0.857242 0.412456 0.857242 0.419518 0.833070 0.419518
1 0.833241 0.445528 0.857242 0.445528 0.857242 0.453166 0.833241 0.453166
1 0.832311 0.434551 0.857546 0.434551 0.857546 0.441798 0.832311 0.441798
1 0.857526 0.472177 0.862288 0.472177 0.862288 0.488482 0.857526 0.488482
1 0.832351 0.423410 0.857394 0.423410 0.857394 0.430886 0.832351 0.430886
1 0.908699 0.484305 0.913532 0.484305 0.913532 0.500228 0.908699 0.500228
1 0.905592 0.423610 0.932507 0.423610 0.932507 0.430811 0.905592 0.430811
1 0.796367 0.311715 0.800459 0.311715 0.800459 0.327546 0.796367 0.327546
1 0.824279 0.383493 0.828319 0.383493 0.828319 0.392292 0.824279 0.392292
1 0.766597 0.312017 0.770669 0.312017 0.770669 0.326845 0.766597 0.326845
1 0.938286 0.483984 0.942448 0.483984 0.942448 0.499844 0.938286 0.499844
1 0.844951 0.383327 0.849068 0.383327 0.849068 0.392264 0.844951 0.392264
1 0.806176 0.418758 0.816029 0.418758 0.816029 0.422898 0.806176 0.422898
1 0.806749 0.439371 0.816041 0.439371 0.816041 0.443224 0.806749 0.443224
1 0.904928 0.388473 0.909119 0.388473 0.909119 0.397991 0.904928 0.397991
1 0.883871 0.388305 0.888014 0.388305 0.888014 0.397414 0.883871 0.397414
1 0.754905 0.312416 0.758922 0.312416 0.758922 0.320183 0.754905 0.320183
1 0.877136 0.518152 0.883918 0.518152 0.883918 0.543045 0.877136 0.543045
1 0.843602 0.517473 0.850725 0.517473 0.850725 0.543348 0.843602 0.543348
1 0.843601 0.591395 0.850846 0.591395 0.850846 0.617433 0.843601 0.617433
1 0.854904 0.517020 0.861941 0.517020 0.861941 0.543348 0.854904 0.543348
1 0.877401 0.591395 0.884224 0.591395 0.884224 0.617380 0.877401 0.617380
1 0.855121 0.591092 0.861967 0.591092 0.861967 0.617943 0.855121 0.617943
1 0.912664 0.600247 0.928392 0.600247 0.928392 0.604715 0.912664 0.604715
1 0.813714 0.590149 0.829357 0.590149 0.829357 0.593854 0.813714 0.593854
1 0.866488 0.591395 0.873229 0.591395 0.873229 0.617769 0.866488 0.617769
1 0.865950 0.516572 0.873157 0.516572 0.873157 0.543196 0.865950 0.543196
1 0.902411 0.578847 0.917861 0.578847 0.917861 0.582988 0.902411 0.582988
1 0.912617 0.629844 0.928621 0.629844 0.928621 0.634004 0.912617 0.634004
1 0.902312 0.549127 0.918276 0.549127 0.918276 0.553865 0.902312 0.553865
1 0.780797 0.562785 0.784510 0.562785 0.784510 0.571858 0.780797 0.571858
1 0.800594 0.562921 0.804082 0.562921 0.804082 0.571590 0.800594 0.571590
1 0.830359 0.632602 0.834190 0.632602 0.834190 0.641809 0.830359 0.641809
1 0.816707 0.525218 0.825460 0.525218 0.825460 0.529014 0.816707 0.529014
1 0.812784 0.557554 0.829229 0.557554 0.829229 0.561947 0.812784 0.561947
1 0.850429 0.633019 0.854508 0.633019 0.854508 0.642075 0.850429 0.642075
1 0.816754 0.544809 0.825270 0.544809 0.825270 0.548335 0.816754 0.548335
1 0.575448 0.175053 0.579751 0.175053 0.579751 0.183385 0.575448 0.183385
1 0.233639 0.176974 0.242556 0.176974 0.242556 0.180331 0.233639 0.180331
1 0.250616 0.176379 0.259533 0.176379 0.259533 0.179735 0.250616 0.179735
1 0.250020 0.196334 0.258937 0.196334 0.258937 0.199691 0.250020 0.199691
1 0.232894 0.196483 0.241811 0.196483 0.241811 0.199840 0.232894 0.199840
1 0.313759 0.174517 0.322676 0.174517 0.322676 0.177874 0.313759 0.177874
1 0.313089 0.194920 0.322006 0.194920 0.322006 0.198276 0.313089 0.198276
1 0.472406 0.178742 0.480692 0.178742 0.480692 0.182378 0.472406 0.182378
1 0.472555 0.199517 0.480841 0.199517 0.480841 0.203153 0.472555 0.203153
1 0.491393 0.184550 0.499680 0.184550 0.499680 0.188186 0.491393 0.188186
1 0.490723 0.204729 0.499009 0.204729 0.499009 0.208365 0.490723 0.208365
1 0.607346 0.566789 0.610862 0.566789 0.610862 0.575139 0.607346 0.575139
1 0.605965 0.583928 0.609480 0.583928 0.609480 0.592278 0.605965 0.592278
1 0.586126 0.583238 0.589642 0.583238 0.589642 0.591588 0.586126 0.591588
1 0.587821 0.566538 0.591337 0.566538 0.591337 0.574888 0.587821 0.574888
