0 0.200283 0.260692 0.538870 0.260692 0.538870 0.595626 0.200283 0.595626
0 0.771256 0.311857 0.796910 0.311857 0.796910 0.325383 0.771256 0.325383
0 0.668176 0.581562 0.695985 0.581562 0.695985 0.596126 0.668176 0.596126
0 0.680058 0.314766 0.693155 0.314766 0.693155 0.340447 0.680058 0.340447
0 0.688748 0.431328 0.714480 0.431328 0.714480 0.445511 0.688748 0.445511
0 0.674464 0.523272 0.700456 0.523272 0.700456 0.538175 0.674464 0.538175
0 0.839539 0.541593 0.890067 0.541593 0.890067 0.591312 0.839539 0.591312
0 0.814880 0.561042 0.829200 0.561042 0.829200 0.588750 0.814880 0.588750
0 0.678861 0.470575 0.704245 0.470575 0.704245 0.484949 0.678861 0.484949
0 0.857137 0.407777 0.907117 0.407777 0.907117 0.456633 0.857137 0.456633
0 0.912969 0.485755 0.937894 0.485755 0.937894 0.498643 0.912969 0.498643
0 0.668046 0.559441 0.696053 0.559441 0.696053 0.573636 0.668046 0.573636
0 0.746654 0.330380 0.759840 0.330380 0.759840 0.355788 0.746654 0.355788
0 0.914604 0.603986 0.927169 0.603986 0.927169 0.628631 0.914604 0.628631
0 0.905130 0.552719 0.917837 0.552719 0.917837 0.577392 0.905130 0.577392
0 0.202722 0.176129 0.219529 0.176129 0.219529 0.185401 0.202722 0.185401
0 0.635617 0.384685 0.651394 0.384685 0.651394 0.392742 0.635617 0.392742
0 0.862203 0.472709 0.886990 0.472709 0.886990 0.485360 0.862203 0.485360
0 0.888792 0.388126 0.904469 0.388126 0.904469 0.396129 0.888792 0.396129
0 0.061553 0.219749 0.077430 0.219749 0.077430 0.227948 0.061553 0.227948
0 0.219393 0.681995 0.228379 0.681995 0.228379 0.698884 0.219393 0.698884
0 0.383041 0.158770 0.400096 0.158770 0.400096 0.168027 0.383041 0.168027
0 0.176547 0.222059 0.185449 0.222059 0.185449 0.239205 0.176547 0.239205
0 0.599028 0.507627 0.607090 0.507627 0.607090 0.523381 0.599028 0.523381
0 0.817622 0.527974 0.825710 0.527974 0.825710 0.543827 0.817622 0.543827
0 0.634111 0.310263 0.649800 0.310263 0.649800 0.318213 0.634111 0.318213
0 0.104436 0.219673 0.120057 0.219673 0.120057 0.227872 0.104436 0.227872
0 0.649900 0.502353 0.657804 0.502353 0.657804 0.518118 0.649900 0.518118
0 0.474748 0.154512 0.482689 0.154512 0.482689 0.170010 0.474748 0.170010
0 0.384054 0.132151 0.392054 0.132151 0.392054 0.148190 0.384054 0.148190
0 0.426403 0.104438 0.442429 0.104438 0.442429 0.113242 0.426403 0.113242
0 0.261874 0.887360 0.277979 0.887360 0.277979 0.896053 0.261874 0.896053
0 0.630540 0.357919 0.646027 0.357919 0.646027 0.365754 0.630540 0.365754
0 0.719817 0.336383 0.728526 0.336383 0.728526 0.352594 0.719817 0.352594
0 0.682018 0.279265 0.697414 0.279265 0.697414 0.287367 0.682018 0.287367
0 0.406054 0.104602 0.415420 0.104602 0.415420 0.121303 0.406054 0.121303
0 0.681934 0.381597 0.697576 0.381597 0.697576 0.389826 0.681934 0.389826
0 0.609738 0.286975 0.619255 0.286975 0.619255 0.303772 0.609738 0.303772
0 0.133978 0.349057 0.149638 0.349057 0.149638 0.358183 0.133978 0.358183
0 0.267435 0.163708 0.276867 0.163708 0.276867 0.180725 0.267435 0.180725
0 0.630793 0.237684 0.646370 0.237684 0.646370 0.245862 0.630793 0.245862
0 0.630784 0.337326 0.646340 0.337326 0.646340 0.345337 0.630784 0.345337
0 0.634122 0.412525 0.649637 0.412525 0.649637 0.420447 0.634122 0.420447
0 0.590405 0.582932 0.605534 0.582932 0.605534 0.590860 0.590405 0.590860
0 0.654685 0.428657 0.670505 0.428657 0.670505 0.438060 0.654685 0.438060
0 0.733315 0.452902 0.749435 0.452902 0.749435 0.461865 0.733315 0.461865
0 0.255294 0.670185 0.263851 0.670185 0.263851 0.686396 0.255294 0.686396
0 0.834861 0.632739 0.850438 0.632739 0.850438 0.640922 0.834861 0.640922
0 0.558914 0.193568 0.574604 0.193568 0.574604 0.201422 0.558914 0.201422
0 0.272384 0.669352 0.281482 0.669352 0.281482 0.686374 0.272384 0.686374
1 0.877350 0.591396 0.884620 0.591396 0.884620 0.616365 0.877350 0.616365
0 0.738463 0.311134 0.754477 0.311134 0.754477 0.319930 0.738463 0.319930
0 0.131233 0.416059 0.147298 0.416059 0.147298 0.424814 0.131233 0.424814
0 0.829127 0.382539 0.845317 0.382539 0.845317 0.391942 0.829127 0.391942
0 0.236481 0.681377 0.245758 0.681377 0.245758 0.698377 0.236481 0.698377
0 0.702367 0.336335 0.711537 0.336335 0.711537 0.352339 0.702367 0.352339
0 0.674856 0.356255 0.690401 0.356255 0.690401 0.364213 0.674856 0.364213
0 0.807375 0.422008 0.815378 0.422008 0.815378 0.437638 0.807375 0.437638
0 0.426668 0.121634 0.442331 0.121634 0.442331 0.129555 0.426668 0.129555
0 0.341559 0.699426 0.358078 0.699426 0.358078 0.708407 0.341559 0.708407
1 0.833637 0.411628 0.857044 0.411628 0.857044 0.418994 0.833637 0.418994
0 0.592039 0.565876 0.607485 0.565876 0.607485 0.573946 0.592039 0.573946
0 0.130370 0.471778 0.139776 0.471778 0.139776 0.487592 0.130370 0.487592
0 0.611789 0.195344 0.627574 0.195344 0.627574 0.203698 0.611789 0.203698
1 0.877496 0.517355 0.884505 0.517355 0.884505 0.541407 0.877496 0.541407
0 0.784676 0.561962 0.801021 0.561962 0.801021 0.570941 0.784676 0.570941
1 0.832743 0.422687 0.856991 0.422687 0.856991 0.429965 0.832743 0.429965
0 0.121643 0.530649 0.138005 0.530649 0.138005 0.538912 0.121643 0.538912
0 0.661587 0.222208 0.670136 0.222208 0.670136 0.238104 0.661587 0.238104
0 0.485153 0.121576 0.493087 0.121576 0.493087 0.137582 0.485153 0.137582
1 0.170819 0.565252 0.199430 0.565252 0.199430 0.571480 0.170819 0.571480
1 0.170838 0.573883 0.199602 0.573883 0.199602 0.580154 0.170838 0.580154
1 0.538694 0.283195 0.566945 0.283195 0.566945 0.289059 0.538694 0.289059
0 0.417637 0.640544 0.426337 0.640544 0.426337 0.656631 0.417637 0.656631
1 0.170500 0.385892 0.199322 0.385892 0.199322 0.392039 0.170500 0.392039
1 0.907592 0.444721 0.932161 0.444721 0.932161 0.452176 0.907592 0.452176
0 0.640116 0.591049 0.655631 0.591049 0.655631 0.599981 0.640116 0.599981
1 0.170667 0.283328 0.199397 0.283328 0.199397 0.289400 0.170667 0.289400
1 0.169913 0.377309 0.199290 0.377309 0.199290 0.383426 0.169913 0.383426
1 0.170327 0.556759 0.199303 0.556759 0.199303 0.562894 0.170327 0.562894
1 0.170240 0.428637 0.199349 0.428637 0.199349 0.434653 0.170240 0.434653
1 0.832649 0.433661 0.856998 0.433661 0.856998 0.441513 0.832649 0.441513
1 0.169565 0.343211 0.199211 0.343211 0.199211 0.349169 0.169565 0.349169
1 0.833915 0.444764 0.857155 0.444764 0.857155 0.452455 0.833915 0.452455
1 0.907639 0.411721 0.932497 0.411721 0.932497 0.418696 0.907639 0.418696
1 0.538710 0.377195 0.566902 0.377195 0.566902 0.382977 0.538710 0.382977
1 0.170121 0.420147 0.199330 0.420147 0.199330 0.426130 0.170121 0.426130
1 0.170118 0.394454 0.199347 0.394454 0.199347 0.400496 0.170118 0.400496
1 0.170933 0.437200 0.199415 0.437200 0.199415 0.443058 0.170933 0.443058
1 0.171051 0.514035 0.199296 0.514035 0.199296 0.520137 0.171051 0.520137
1 0.169665 0.334548 0.199206 0.334548 0.199206 0.340470 0.169665 0.340470
1 0.907571 0.433753 0.933686 0.433753 0.933686 0.440919 0.907571 0.440919
1 0.169789 0.300554 0.199408 0.300554 0.199408 0.306412 0.169789 0.306412
1 0.844060 0.591340 0.851287 0.591340 0.851287 0.616488 0.844060 0.616488
1 0.169715 0.351834 0.199222 0.351834 0.199222 0.357550 0.169715 0.357550
1 0.704252 0.469781 0.708625 0.469781 0.708625 0.485472 0.704252 0.485472
1 0.538672 0.573583 0.567510 0.573583 0.567510 0.579741 0.538672 0.579741
1 0.170450 0.291969 0.199350 0.291969 0.199350 0.297890 0.170450 0.297890
1 0.170507 0.368815 0.199292 0.368815 0.199292 0.374727 0.170507 0.374727
1 0.170325 0.479844 0.199320 0.479844 0.199320 0.485783 0.170325 0.485783
1 0.538620 0.564939 0.567621 0.564939 0.567621 0.571149 0.538620 0.571149
1 0.538629 0.419840 0.567011 0.419840 0.567011 0.425761 0.538629 0.425761
1 0.171084 0.471295 0.199321 0.471295 0.199321 0.477206 0.171084 0.477206
1 0.171098 0.462898 0.199314 0.462898 0.199314 0.468754 0.171098 0.468754
1 0.170297 0.488279 0.199351 0.488279 0.199351 0.494209 0.170297 0.494209
1 0.171123 0.548260 0.199389 0.548260 0.199389 0.554301 0.171123 0.554301
1 0.538588 0.513705 0.567459 0.513705 0.567459 0.519456 0.538588 0.519456
1 0.538732 0.394145 0.567899 0.394145 0.567899 0.400096 0.538732 0.400096
1 0.538656 0.351586 0.567360 0.351586 0.567360 0.357282 0.538656 0.357282
1 0.170096 0.326147 0.199172 0.326147 0.199172 0.331934 0.170096 0.331934
1 0.538607 0.445352 0.567031 0.445352 0.567031 0.451173 0.538607 0.451173
1 0.907721 0.422455 0.932743 0.422455 0.932743 0.429682 0.907721 0.429682
1 0.170516 0.531070 0.199336 0.531070 0.199336 0.537102 0.170516 0.537102
1 0.170984 0.522494 0.199313 0.522494 0.199313 0.528617 0.170984 0.528617
1 0.538891 0.309002 0.567001 0.309002 0.567001 0.314703 0.538891 0.314703
1 0.538963 0.334508 0.567048 0.334508 0.567048 0.340364 0.538963 0.340364
1 0.903345 0.548184 0.918869 0.548184 0.918869 0.552628 0.903345 0.552628
1 0.538922 0.300459 0.567010 0.300459 0.567010 0.306135 0.538922 0.306135
1 0.538694 0.385716 0.567070 0.385716 0.567070 0.391436 0.538694 0.391436
1 0.170197 0.454292 0.199374 0.454292 0.199374 0.460329 0.170197 0.460329
1 0.538624 0.471171 0.567059 0.471171 0.567059 0.476935 0.538624 0.476935
1 0.866396 0.591214 0.873395 0.591214 0.873395 0.617358 0.866396 0.617358
1 0.855101 0.591342 0.862286 0.591342 0.862286 0.617500 0.855101 0.617500
1 0.170466 0.274970 0.199519 0.274970 0.199519 0.280994 0.170466 0.280994
1 0.538721 0.402726 0.567043 0.402726 0.567043 0.408576 0.538721 0.408576
1 0.169916 0.360300 0.199252 0.360300 0.199252 0.366251 0.169916 0.366251
1 0.538704 0.411304 0.566825 0.411304 0.566825 0.417222 0.538704 0.417222
1 0.170960 0.505631 0.199363 0.505631 0.199363 0.511569 0.170960 0.511569
1 0.538784 0.368572 0.567766 0.368572 0.567766 0.374519 0.538784 0.374519
1 0.170887 0.317645 0.199228 0.317645 0.199228 0.323456 0.170887 0.323456
1 0.538647 0.556536 0.567183 0.556536 0.567183 0.562420 0.538647 0.562420
1 0.538531 0.530938 0.567010 0.530938 0.567010 0.536679 0.538531 0.536679
1 0.538825 0.291907 0.566661 0.291907 0.566661 0.297450 0.538825 0.297450
1 0.538501 0.522362 0.566916 0.522362 0.566916 0.527978 0.538501 0.527978
1 0.464499 0.596364 0.469887 0.596364 0.469887 0.624969 0.464499 0.624969
1 0.169865 0.411638 0.199361 0.411638 0.199361 0.417470 0.169865 0.417470
1 0.507281 0.596063 0.512639 0.596063 0.512639 0.624877 0.507281 0.624877
1 0.336024 0.596543 0.341750 0.596543 0.341750 0.624910 0.336024 0.624910
1 0.472880 0.596348 0.478559 0.596348 0.478559 0.625023 0.472880 0.625023
1 0.538619 0.462589 0.566954 0.462589 0.566954 0.468432 0.538619 0.468432
1 0.455888 0.596453 0.461545 0.596453 0.461545 0.625530 0.455888 0.625530
1 0.538713 0.360087 0.567457 0.360087 0.567457 0.365865 0.538713 0.365865
1 0.538458 0.488109 0.567185 0.488109 0.567185 0.493938 0.538458 0.493938
1 0.538621 0.428319 0.567405 0.428319 0.567405 0.434411 0.538621 0.434411
1 0.538601 0.479647 0.567064 0.479647 0.567064 0.485494 0.538601 0.485494
1 0.538811 0.343066 0.567200 0.343066 0.567200 0.348673 0.538811 0.348673
1 0.866587 0.516036 0.873305 0.516036 0.873305 0.541262 0.866587 0.541262
1 0.361757 0.596484 0.367394 0.596484 0.367394 0.626038 0.361757 0.626038
1 0.421713 0.596408 0.427167 0.596408 0.427167 0.625022 0.421713 0.625022
1 0.649865 0.310259 0.653854 0.310259 0.653854 0.318265 0.649865 0.318265
1 0.170975 0.445765 0.199353 0.445765 0.199353 0.451591 0.170975 0.451591
1 0.171087 0.539740 0.199348 0.539740 0.199348 0.545742 0.171087 0.545742
1 0.319060 0.596513 0.324665 0.596513 0.324665 0.625781 0.319060 0.625781
1 0.259169 0.229223 0.265082 0.229223 0.265082 0.258392 0.259169 0.258392
1 0.515947 0.596172 0.521336 0.596172 0.521336 0.625013 0.515947 0.625013
1 0.538619 0.453996 0.567114 0.453996 0.567114 0.459752 0.538619 0.459752
1 0.242149 0.229246 0.247856 0.229246 0.247856 0.258124 0.242149 0.258124
1 0.293275 0.596578 0.299078 0.596578 0.299078 0.625876 0.293275 0.625876
1 0.538916 0.325929 0.566886 0.325929 0.566886 0.331749 0.538916 0.331749
1 0.170932 0.497028 0.199361 0.497028 0.199361 0.503053 0.170932 0.503053
1 0.404364 0.228278 0.410213 0.228278 0.410213 0.258335 0.404364 0.258335
1 0.538592 0.274880 0.567250 0.274880 0.567250 0.280528 0.538592 0.280528
1 0.378936 0.596573 0.384513 0.596573 0.384513 0.625024 0.378936 0.625024
1 0.649737 0.412588 0.653860 0.412588 0.653860 0.420881 0.649737 0.420881
1 0.498650 0.596142 0.504285 0.596142 0.504285 0.624801 0.498650 0.624801
1 0.169971 0.402966 0.199381 0.402966 0.199381 0.408936 0.169971 0.408936
1 0.378873 0.229190 0.384633 0.229190 0.384633 0.258317 0.378873 0.258317
1 0.538921 0.317424 0.567052 0.317424 0.567052 0.323149 0.538921 0.323149
1 0.538652 0.436919 0.567280 0.436919 0.567280 0.442639 0.538652 0.442639
1 0.250682 0.228782 0.256494 0.228782 0.256494 0.258344 0.250682 0.258344
1 0.395900 0.229235 0.401701 0.229235 0.401701 0.258395 0.395900 0.258395
1 0.678988 0.340523 0.694452 0.340523 0.694452 0.344586 0.678988 0.344586
1 0.855428 0.516355 0.862258 0.516355 0.862258 0.541226 0.855428 0.541226
1 0.216690 0.596265 0.222161 0.596265 0.222161 0.625616 0.216690 0.625616
1 0.413221 0.596587 0.418643 0.596587 0.418643 0.624900 0.413221 0.624900
1 0.538456 0.496728 0.567783 0.496728 0.567783 0.502302 0.538456 0.502302
1 0.327566 0.596522 0.333208 0.596522 0.333208 0.625057 0.327566 0.625057
1 0.646145 0.357701 0.650599 0.357701 0.650599 0.366203 0.646145 0.366203
1 0.538362 0.505218 0.567455 0.505218 0.567455 0.510943 0.538362 0.510943
1 0.361735 0.228427 0.367481 0.228427 0.367481 0.258354 0.361735 0.258354
1 0.430046 0.596476 0.435857 0.596476 0.435857 0.625667 0.430046 0.625667
1 0.913418 0.628687 0.928765 0.628687 0.928765 0.633188 0.913418 0.633188
1 0.170649 0.309138 0.199385 0.309138 0.199385 0.314969 0.170649 0.314969
1 0.387379 0.228926 0.393173 0.228926 0.393173 0.258350 0.387379 0.258350
1 0.538465 0.547983 0.567196 0.547983 0.567196 0.553870 0.538465 0.553870
1 0.216521 0.229484 0.222171 0.229484 0.222171 0.258274 0.216521 0.258274
1 0.267757 0.229427 0.273510 0.229427 0.273510 0.258312 0.267757 0.258312
1 0.233764 0.596360 0.239097 0.596360 0.239097 0.625902 0.233764 0.625902
1 0.225067 0.596091 0.230748 0.596091 0.230748 0.625131 0.225067 0.625131
1 0.498301 0.227394 0.504059 0.227394 0.504059 0.258067 0.498301 0.258067
1 0.336055 0.229179 0.341890 0.229179 0.341890 0.258308 0.336055 0.258308
1 0.250649 0.596596 0.256305 0.596596 0.256305 0.625041 0.250649 0.625041
1 0.302037 0.229113 0.307825 0.229113 0.307825 0.258497 0.302037 0.258497
1 0.404532 0.596596 0.410200 0.596596 0.410200 0.624885 0.404532 0.624885
1 0.370369 0.596576 0.375990 0.596576 0.375990 0.625278 0.370369 0.625278
1 0.714591 0.430498 0.718844 0.430498 0.718844 0.446202 0.714591 0.446202
1 0.318989 0.229173 0.324745 0.229173 0.324745 0.258467 0.318989 0.258467
1 0.267796 0.596651 0.273439 0.596651 0.273439 0.624979 0.267796 0.624979
1 0.242094 0.596518 0.247765 0.596518 0.247765 0.625097 0.242094 0.625097
1 0.538510 0.539525 0.567697 0.539525 0.567697 0.545296 0.538510 0.545296
1 0.598921 0.523171 0.607272 0.523171 0.607272 0.527344 0.598921 0.527344
1 0.515538 0.227667 0.521275 0.227667 0.521275 0.257969 0.515538 0.257969
1 0.276376 0.596681 0.282017 0.596681 0.282017 0.625166 0.276376 0.625166
1 0.259150 0.596625 0.264857 0.596625 0.264857 0.625030 0.259150 0.625030
1 0.489681 0.228084 0.495580 0.228084 0.495580 0.258157 0.489681 0.258157
1 0.490032 0.596217 0.495725 0.596217 0.495725 0.625664 0.490032 0.625664
1 0.310444 0.229464 0.316385 0.229464 0.316385 0.258414 0.310444 0.258414
1 0.310484 0.596524 0.316180 0.596524 0.316180 0.625923 0.310484 0.625923
1 0.344677 0.228543 0.350389 0.228543 0.350389 0.258440 0.344677 0.258440
1 0.387335 0.596563 0.393033 0.596563 0.393033 0.624983 0.387335 0.624983
1 0.447080 0.227870 0.452968 0.227870 0.452968 0.258381 0.447080 0.258381
1 0.481335 0.228884 0.487044 0.228884 0.487044 0.258176 0.481335 0.258176
1 0.669999 0.522478 0.674317 0.522478 0.674317 0.539014 0.669999 0.539014
1 0.225228 0.229464 0.230739 0.229464 0.230739 0.258357 0.225228 0.258357
1 0.438796 0.596429 0.444375 0.596429 0.444375 0.625731 0.438796 0.625731
1 0.370419 0.228834 0.376066 0.228834 0.376066 0.258497 0.370419 0.258497
1 0.293369 0.228428 0.299214 0.228428 0.299214 0.258454 0.293369 0.258454
1 0.395961 0.596456 0.401677 0.596456 0.401677 0.624939 0.395961 0.624939
1 0.472706 0.227359 0.478535 0.227359 0.478535 0.258246 0.472706 0.258246
1 0.353224 0.228049 0.358977 0.228049 0.358977 0.258435 0.353224 0.258435
1 0.233664 0.229315 0.239325 0.229315 0.239325 0.258470 0.233664 0.258470
1 0.447389 0.596467 0.452892 0.596467 0.452892 0.625287 0.447389 0.625287
1 0.284843 0.596614 0.290448 0.596614 0.290448 0.625809 0.284843 0.625809
1 0.605654 0.582762 0.609549 0.582762 0.609549 0.591012 0.605654 0.591012
1 0.690564 0.356258 0.694535 0.356258 0.694535 0.364360 0.690564 0.364360
1 0.913608 0.599488 0.928211 0.599488 0.928211 0.603794 0.913608 0.603794
1 0.484767 0.137638 0.493535 0.137638 0.493535 0.141175 0.484767 0.141175
1 0.284807 0.228315 0.290685 0.228315 0.290685 0.258456 0.284807 0.258456
1 0.844094 0.516542 0.851145 0.516542 0.851145 0.541167 0.844094 0.541167
1 0.353176 0.596578 0.358849 0.596578 0.358849 0.625255 0.353176 0.625255
1 0.481637 0.596289 0.487105 0.596289 0.487105 0.625613 0.481637 0.625613
1 0.506986 0.227592 0.512752 0.227592 0.512752 0.257997 0.506986 0.257997
1 0.797076 0.311074 0.800887 0.311074 0.800887 0.326607 0.797076 0.326607
1 0.301990 0.596456 0.307561 0.596456 0.307561 0.625908 0.301990 0.625908
1 0.344785 0.596577 0.350231 0.596577 0.350231 0.624902 0.344785 0.624902
1 0.438648 0.228954 0.444398 0.228954 0.444398 0.258468 0.438648 0.258468
1 0.610035 0.283600 0.619083 0.283600 0.619083 0.286895 0.610035 0.286895
1 0.276321 0.229255 0.282049 0.229255 0.282049 0.258513 0.276321 0.258513
1 0.455767 0.227413 0.461479 0.227413 0.461479 0.258361 0.455767 0.258361
1 0.421505 0.227962 0.427389 0.227962 0.427389 0.258525 0.421505 0.258525
1 0.430038 0.228218 0.435938 0.228218 0.435938 0.258394 0.430038 0.258394
1 0.327620 0.228087 0.333375 0.228087 0.333375 0.258543 0.327620 0.258543
1 0.412960 0.227926 0.418793 0.227926 0.418793 0.258577 0.412960 0.258577
1 0.814333 0.588883 0.830357 0.588883 0.830357 0.592590 0.814333 0.592590
1 0.120195 0.219443 0.124049 0.219443 0.124049 0.228351 0.120195 0.228351
1 0.626753 0.357895 0.630555 0.357895 0.630555 0.365686 0.626753 0.365686
1 0.674870 0.470048 0.678694 0.470048 0.678694 0.485409 0.674870 0.485409
1 0.651544 0.384573 0.655699 0.384573 0.655699 0.392973 0.651544 0.392973
1 0.908749 0.483439 0.912811 0.483439 0.912811 0.499462 0.908749 0.499462
1 0.938088 0.482931 0.942558 0.482931 0.942558 0.499394 0.938088 0.499394
1 0.655724 0.591239 0.659351 0.591239 0.659351 0.599804 0.655724 0.599804
1 0.219435 0.176215 0.222917 0.176215 0.222917 0.185260 0.219435 0.185260
1 0.464308 0.227168 0.470033 0.227168 0.470033 0.258443 0.464308 0.258443
1 0.817526 0.543929 0.826146 0.543929 0.826146 0.547372 0.817526 0.547372
1 0.442539 0.104417 0.446084 0.104417 0.446084 0.113196 0.442539 0.113196
1 0.442365 0.121540 0.445525 0.121540 0.445525 0.129994 0.442365 0.129994
1 0.857786 0.471690 0.862168 0.471690 0.862168 0.487111 0.857786 0.487111
1 0.250179 0.195936 0.258693 0.195936 0.258693 0.199681 0.250179 0.199681
1 0.338378 0.699477 0.341655 0.699477 0.341655 0.708100 0.338378 0.708100
1 0.271977 0.666033 0.281613 0.666033 0.281613 0.669371 0.271977 0.669371
1 0.233353 0.195841 0.242301 0.195841 0.242301 0.199580 0.233353 0.199580
1 0.767049 0.310953 0.771285 0.310953 0.771285 0.326510 0.767049 0.326510
1 0.147338 0.415611 0.151472 0.415611 0.151472 0.425143 0.147338 0.425143
1 0.267723 0.180905 0.276883 0.180905 0.276883 0.184264 0.267723 0.184264
1 0.817365 0.523969 0.825888 0.523969 0.825888 0.527939 0.817365 0.527939
1 0.077522 0.219447 0.081961 0.219447 0.081961 0.228381 0.077522 0.228381
1 0.417442 0.656711 0.426595 0.656711 0.426595 0.660517 0.417442 0.660517
1 0.383634 0.148233 0.392188 0.148233 0.392188 0.151415 0.383634 0.151415
1 0.649715 0.518184 0.658426 0.518184 0.658426 0.522067 0.649715 0.522067
1 0.749445 0.452533 0.753269 0.452533 0.753269 0.461785 0.749445 0.461785
1 0.358205 0.699330 0.362174 0.699330 0.362174 0.708367 0.358205 0.708367
1 0.137976 0.530724 0.141442 0.530724 0.141442 0.538781 0.137976 0.538781
1 0.671062 0.356122 0.674822 0.356122 0.674822 0.364005 0.671062 0.364005
1 0.586751 0.202509 0.595214 0.202509 0.595214 0.205897 0.586751 0.205897
1 0.887087 0.471702 0.891096 0.471702 0.891096 0.486812 0.887087 0.486812
1 0.746103 0.355995 0.760792 0.355995 0.760792 0.359922 0.746103 0.359922
1 0.236348 0.698553 0.245991 0.698553 0.245991 0.701964 0.236348 0.701964
1 0.100328 0.219284 0.104316 0.219284 0.104316 0.227872 0.100328 0.227872
1 0.278057 0.887281 0.281975 0.887281 0.281975 0.896367 0.278057 0.896367
1 0.422982 0.121488 0.426494 0.121488 0.426494 0.129397 0.422982 0.129397
1 0.801109 0.561878 0.804434 0.561878 0.804434 0.570968 0.801109 0.570968
1 0.199413 0.176214 0.202605 0.176214 0.202605 0.185399 0.199413 0.185399
1 0.626916 0.337173 0.630756 0.337173 0.630756 0.345382 0.626916 0.345382
1 0.649513 0.498661 0.658370 0.498661 0.658370 0.502408 0.649513 0.502408
1 0.685009 0.431252 0.688798 0.431252 0.688798 0.446445 0.685009 0.446445
1 0.586563 0.582899 0.590122 0.582899 0.590122 0.591204 0.586563 0.591204
1 0.670444 0.429237 0.674228 0.429237 0.674228 0.437851 0.670444 0.437851
1 0.057478 0.219113 0.061457 0.219113 0.061457 0.228242 0.057478 0.228242
1 0.831030 0.631667 0.834781 0.631667 0.834781 0.641294 0.831030 0.641294
1 0.484924 0.118121 0.493407 0.118121 0.493407 0.121572 0.484924 0.121572
1 0.574663 0.192850 0.578309 0.192850 0.578309 0.202007 0.574663 0.202007
1 0.903135 0.577636 0.918779 0.577636 0.918779 0.581958 0.903135 0.581958
0 0.065497 0.242666 0.119423 0.242666 0.119423 0.284346 0.065497 0.284346
1 0.057858 0.254575 0.064823 0.254575 0.064823 0.271427 0.057858 0.271427
1 0.119985 0.254912 0.125861 0.254912 0.125861 0.272192 0.119985 0.272192
1 0.233696 0.175657 0.242644 0.175657 0.242644 0.179396 0.233696 0.179396
1 0.250231 0.175657 0.259178 0.175657 0.259178 0.179396 0.250231 0.179396
1 0.267655 0.160238 0.276815 0.160238 0.276815 0.163596 0.267655 0.163596
1 0.313742 0.194445 0.322255 0.194445 0.322255 0.198190 0.313742 0.198190
1 0.313945 0.173912 0.322459 0.173912 0.322459 0.177657 0.313945 0.177657
1 0.176635 0.239278 0.185582 0.239278 0.185582 0.243017 0.176635 0.243017
1 0.176770 0.218204 0.185718 0.218204 0.185718 0.221942 0.176770 0.221942
1 0.126800 0.415765 0.130934 0.415765 0.130934 0.425297 0.126800 0.425297
1 0.129448 0.348849 0.133581 0.348849 0.133581 0.358381 0.129448 0.358381
1 0.150164 0.349048 0.154298 0.349048 0.154298 0.358579 0.150164 0.358579
1 0.118119 0.530459 0.121585 0.530459 0.121585 0.538516 0.118119 0.538516
1 0.129993 0.467817 0.139855 0.467817 0.139855 0.471325 0.129993 0.471325
1 0.130324 0.487938 0.140186 0.487938 0.140186 0.491446 0.130324 0.491446
1 0.271977 0.686737 0.281613 0.686737 0.281613 0.690074 0.271977 0.690074
1 0.254933 0.666611 0.264568 0.666611 0.264568 0.669949 0.254933 0.669949
1 0.254644 0.686929 0.264280 0.686929 0.264280 0.690267 0.254644 0.690267
1 0.219400 0.699227 0.229043 0.699227 0.229043 0.702638 0.219400 0.702638
1 0.219015 0.678331 0.228658 0.678331 0.228658 0.681741 0.219015 0.681741
1 0.236156 0.677753 0.245799 0.677753 0.245799 0.681164 0.236156 0.681164
1 0.257669 0.887072 0.261588 0.887072 0.261588 0.896158 0.257669 0.896158
1 0.417581 0.636773 0.426734 0.636773 0.426734 0.640579 0.417581 0.640579
1 0.378651 0.159130 0.382376 0.159130 0.382376 0.167060 0.378651 0.167060
1 0.400786 0.159826 0.404510 0.159826 0.404510 0.167756 0.400786 0.167756
1 0.383765 0.127902 0.392278 0.127902 0.392278 0.131647 0.383765 0.131647
1 0.406448 0.121955 0.415608 0.121955 0.415608 0.125313 0.406448 0.125313
1 0.406031 0.101073 0.415190 0.101073 0.415190 0.104431 0.406031 0.104431
1 0.422354 0.104417 0.425898 0.104417 0.425898 0.113196 0.422354 0.113196
1 0.474187 0.150446 0.482955 0.150446 0.482955 0.153982 0.474187 0.153982
1 0.474883 0.170770 0.483651 0.170770 0.483651 0.174307 0.474883 0.174307
1 0.473012 0.178848 0.481780 0.178848 0.481780 0.182384 0.473012 0.182384
1 0.472449 0.198833 0.481217 0.198833 0.481217 0.202369 0.472449 0.202369
1 0.490745 0.204533 0.499513 0.204533 0.499513 0.208069 0.490745 0.208069
1 0.490675 0.184266 0.499443 0.184266 0.499443 0.187803 0.490675 0.187803
1 0.554819 0.192920 0.558464 0.192920 0.558464 0.202078 0.554819 0.202078
1 0.586891 0.182824 0.595355 0.182824 0.595355 0.186212 0.586891 0.186212
1 0.607685 0.194885 0.611331 0.194885 0.611331 0.204043 0.607685 0.204043
1 0.627928 0.194998 0.631574 0.194998 0.631574 0.204156 0.627928 0.204156
1 0.661737 0.238874 0.670200 0.238874 0.670200 0.242262 0.661737 0.242262
1 0.661814 0.218525 0.670277 0.218525 0.670277 0.221913 0.661814 0.221913
1 0.646529 0.237141 0.650175 0.237141 0.650175 0.246298 0.646529 0.246298
1 0.626891 0.237080 0.630537 0.237080 0.630537 0.246237 0.626891 0.246237
1 0.610095 0.303909 0.619144 0.303909 0.619144 0.307204 0.610095 0.307204
1 0.629922 0.310137 0.633911 0.310137 0.633911 0.318143 0.629922 0.318143
1 0.677919 0.279094 0.681909 0.279094 0.681909 0.287100 0.677919 0.287100
1 0.697862 0.279338 0.701851 0.279338 0.701851 0.287344 0.697862 0.287344
1 0.631235 0.384451 0.635391 0.384451 0.635391 0.392851 0.631235 0.392851
1 0.629527 0.412139 0.633683 0.412139 0.633683 0.420539 0.629527 0.420539
1 0.677547 0.381118 0.681670 0.381118 0.681670 0.389411 0.677547 0.389411
1 0.697734 0.381179 0.701857 0.381179 0.701857 0.389472 0.697734 0.389472
1 0.679232 0.310334 0.694695 0.310334 0.694695 0.314397 0.679232 0.314397
1 0.679232 0.310334 0.694695 0.310334 0.694695 0.314397 0.679232 0.314397
1 0.650684 0.429055 0.654468 0.429055 0.654468 0.437668 0.650684 0.437668
0 0.327163 0.675343 0.342926 0.675343 0.342926 0.687576 0.327163 0.687576
1 0.343263 0.677164 0.347232 0.677164 0.347232 0.686201 0.343263 0.686201
1 0.323067 0.676753 0.327036 0.676753 0.327036 0.685790 0.323067 0.685790
0 0.496333 0.644661 0.512096 0.644661 0.512096 0.656894 0.496333 0.656894
1 0.512433 0.646482 0.516402 0.646482 0.516402 0.655519 0.512433 0.655519
1 0.492237 0.646072 0.496206 0.646072 0.496206 0.655109 0.492237 0.655109
1 0.636287 0.591389 0.639914 0.591389 0.639914 0.599955 0.636287 0.599955
1 0.607763 0.565887 0.611658 0.565887 0.611658 0.574137 0.607763 0.574137
1 0.587874 0.565736 0.591769 0.565736 0.591769 0.573986 0.587874 0.573986
1 0.599072 0.502981 0.607422 0.502981 0.607422 0.507153 0.599072 0.507153
1 0.700737 0.522478 0.705055 0.522478 0.705055 0.539014 0.700737 0.539014
1 0.728953 0.452834 0.732778 0.452834 0.732778 0.462086 0.728953 0.462086
1 0.745199 0.325709 0.759888 0.325709 0.759888 0.329636 0.745199 0.329636
1 0.754968 0.312035 0.758957 0.312035 0.758957 0.320041 0.754968 0.320041
1 0.733873 0.310980 0.737863 0.310980 0.737863 0.318986 0.733873 0.318986
1 0.702530 0.332154 0.712222 0.332154 0.712222 0.336100 0.702530 0.336100
1 0.702114 0.352646 0.711806 0.352646 0.711806 0.356592 0.702114 0.356592
1 0.718937 0.352923 0.728629 0.352923 0.728629 0.356869 0.718937 0.356869
1 0.719629 0.332085 0.729321 0.332085 0.729321 0.336031 0.719629 0.336031
1 0.824825 0.382129 0.828650 0.382129 0.828650 0.391381 0.824825 0.391381
1 0.845610 0.382275 0.849434 0.382275 0.849434 0.391527 0.845610 0.391527
1 0.884105 0.387252 0.887930 0.387252 0.887930 0.396504 0.884105 0.396504
1 0.905475 0.388130 0.909300 0.388130 0.909300 0.397382 0.905475 0.397382
1 0.807198 0.438110 0.816890 0.438110 0.816890 0.442056 0.807198 0.442056
1 0.806704 0.417694 0.816396 0.417694 0.816396 0.421641 0.806704 0.421641
1 0.780924 0.561760 0.784249 0.561760 0.784249 0.570850 0.780924 0.570850
1 0.851097 0.632139 0.854848 0.632139 0.854848 0.641766 0.851097 0.641766
1 0.696693 0.558473 0.701011 0.558473 0.701011 0.575010 0.696693 0.575010
1 0.696423 0.580853 0.700741 0.580853 0.700741 0.597389 0.696423 0.597389
1 0.663528 0.580718 0.667846 0.580718 0.667846 0.597254 0.663528 0.597254
1 0.663528 0.558339 0.667846 0.558339 0.667846 0.574875 0.663528 0.574875
1 0.813565 0.556183 0.829589 0.556183 0.829589 0.559889 0.813565 0.559889
0 0.559173 0.174459 0.575347 0.174459 0.575347 0.183326 0.559173 0.183326
1 0.575675 0.174377 0.579534 0.174377 0.579534 0.183326 0.575675 0.183326
1 0.555479 0.174459 0.559173 0.174459 0.559173 0.182834 0.555479 0.182834
