0 0.760521 0.434401 0.927548 0.434401 0.927548 0.602187 0.760521 0.602187
0 0.357299 0.385785 0.533064 0.385785 0.533064 0.646830 0.357299 0.646830
0 0.230934 0.466885 0.257143 0.466885 0.257143 0.479585 0.230934 0.479585
0 0.271247 0.396944 0.296966 0.396944 0.296966 0.409953 0.271247 0.409953
0 0.250144 0.424185 0.263401 0.424185 0.263401 0.449756 0.250144 0.449756
0 0.278815 0.425536 0.293182 0.425536 0.293182 0.451576 0.278815 0.451576
0 0.168297 0.367673 0.225759 0.367673 0.225759 0.414939 0.168297 0.414939
0 0.227831 0.512901 0.235878 0.512901 0.235878 0.528631 0.227831 0.528631
0 0.083247 0.429927 0.182505 0.429927 0.182505 0.481947 0.083247 0.481947
0 0.044674 0.497606 0.144584 0.497606 0.144584 0.550414 0.044674 0.550414
0 0.170259 0.883366 0.191407 0.883366 0.191407 0.915579 0.170259 0.915579
0 0.342106 0.858293 0.350242 0.858293 0.350242 0.873887 0.342106 0.873887
0 0.277531 0.916108 0.285683 0.916108 0.285683 0.931670 0.277531 0.931670
0 0.402471 0.974633 0.418287 0.974633 0.418287 0.982471 0.402471 0.982471
0 0.222072 0.565613 0.238334 0.565613 0.238334 0.575028 0.222072 0.575028
0 0.506901 0.895691 0.516545 0.895691 0.516545 0.912563 0.506901 0.912563
0 0.311688 0.816243 0.327312 0.816243 0.327312 0.824257 0.311688 0.824257
0 0.410270 0.803975 0.419581 0.803975 0.419581 0.820017 0.410270 0.820017
0 0.595207 0.434403 0.603076 0.434403 0.603076 0.449797 0.595207 0.449797
0 0.974328 0.484250 0.982322 0.484250 0.982322 0.500046 0.974328 0.500046
0 0.555361 0.645820 0.579883 0.645820 0.579883 0.658488 0.555361 0.658488
0 0.752920 0.644150 0.766030 0.644150 0.766030 0.669776 0.752920 0.669776
0 0.940182 0.968750 0.966017 0.968750 0.966017 0.983235 0.940182 0.983235
0 0.539525 0.858821 0.555419 0.858821 0.555419 0.867918 0.539525 0.867918
0 0.607474 0.633922 0.620944 0.633922 0.620944 0.659439 0.607474 0.659439
0 0.611037 0.702537 0.644611 0.702537 0.644611 0.723610 0.611037 0.723610
0 0.642914 0.908182 0.658818 0.908182 0.658818 0.917272 0.642914 0.917272
0 0.567050 0.902235 0.584696 0.902235 0.584696 0.935070 0.567050 0.935070
0 0.717461 0.622065 0.725524 0.622065 0.725524 0.637383 0.717461 0.637383
0 0.557442 0.878832 0.574145 0.878832 0.574145 0.887985 0.557442 0.887985
0 0.629731 0.889507 0.645838 0.889507 0.645838 0.898429 0.629731 0.898429
0 0.858484 0.662340 0.965509 0.662340 0.965509 0.712718 0.858484 0.712718
1 0.183480 0.437400 0.197437 0.437400 0.197437 0.475009 0.183480 0.475009
1 0.067988 0.435841 0.082231 0.435841 0.082231 0.476379 0.067988 0.476379
1 0.226688 0.465559 0.230867 0.465559 0.230867 0.480985 0.226688 0.480985
1 0.249015 0.449802 0.265061 0.449802 0.265061 0.453999 0.249015 0.453999
1 0.249360 0.419271 0.265155 0.419271 0.265155 0.423985 0.249360 0.423985
1 0.256935 0.464744 0.261632 0.464744 0.261632 0.480960 0.256935 0.480960
1 0.226186 0.371504 0.234047 0.371504 0.234047 0.410473 0.226186 0.410473
1 0.161154 0.371599 0.167717 0.371599 0.167717 0.410769 0.161154 0.410769
1 0.144705 0.505497 0.157817 0.505497 0.157817 0.544032 0.144705 0.544032
1 0.227702 0.528610 0.235906 0.528610 0.235906 0.532468 0.227702 0.532468
1 0.227737 0.509074 0.236413 0.509074 0.236413 0.512880 0.227737 0.512880
1 0.028873 0.503876 0.044101 0.503876 0.044101 0.544555 0.028873 0.544555
1 0.238394 0.565774 0.242063 0.565774 0.242063 0.574799 0.238394 0.574799
1 0.218548 0.565659 0.221969 0.565659 0.221969 0.574524 0.218548 0.574524
1 0.168699 0.915694 0.193540 0.915694 0.193540 0.924639 0.168699 0.924639
1 0.168135 0.872246 0.193783 0.872246 0.193783 0.883302 0.168135 0.883302
1 0.267563 0.395327 0.271233 0.395327 0.271233 0.410844 0.267563 0.410844
1 0.277909 0.421046 0.293971 0.421046 0.293971 0.425380 0.277909 0.425380
1 0.297164 0.395142 0.300953 0.395142 0.300953 0.410767 0.297164 0.410767
1 0.310088 0.418519 0.353597 0.418519 0.353597 0.427006 0.310088 0.427006
1 0.310432 0.441102 0.354189 0.441102 0.354189 0.449209 0.310432 0.449209
1 0.310311 0.452090 0.354058 0.452090 0.354058 0.460055 0.310311 0.460055
1 0.309914 0.474272 0.354018 0.474272 0.354018 0.482304 0.309914 0.482304
1 0.310490 0.463238 0.353520 0.463238 0.353520 0.471280 0.310490 0.471280
1 0.309457 0.485402 0.354128 0.485402 0.354128 0.493522 0.309457 0.493522
1 0.309832 0.496403 0.353950 0.496403 0.353950 0.504325 0.309832 0.504325
1 0.278220 0.451616 0.294155 0.451616 0.294155 0.455649 0.278220 0.455649
1 0.310211 0.429950 0.353613 0.429950 0.353613 0.438100 0.310211 0.438100
1 0.384534 0.366074 0.502760 0.366074 0.502760 0.380669 0.384534 0.380669
1 0.309547 0.607169 0.352516 0.607169 0.352516 0.615752 0.309547 0.615752
1 0.309692 0.595998 0.353001 0.595998 0.353001 0.604243 0.309692 0.604243
1 0.309985 0.573904 0.353183 0.573904 0.353183 0.582053 0.309985 0.582053
1 0.309845 0.507479 0.353924 0.507479 0.353924 0.515529 0.309845 0.515529
1 0.310225 0.540672 0.353788 0.540672 0.353788 0.548679 0.310225 0.548679
1 0.309664 0.518499 0.354169 0.518499 0.354169 0.526445 0.309664 0.526445
1 0.310171 0.551803 0.354153 0.551803 0.354153 0.559811 0.310171 0.559811
1 0.309817 0.584882 0.353325 0.584882 0.353325 0.592941 0.309817 0.592941
1 0.309970 0.562721 0.353391 0.562721 0.353391 0.570816 0.309970 0.570816
1 0.309822 0.529620 0.353941 0.529620 0.353941 0.537801 0.309822 0.537801
1 0.341957 0.874019 0.350467 0.874019 0.350467 0.877980 0.341957 0.877980
1 0.277216 0.912177 0.286072 0.912177 0.286072 0.915941 0.277216 0.915941
1 0.418398 0.974157 0.422660 0.974157 0.422660 0.982849 0.418398 0.982849
1 0.410382 0.800102 0.419580 0.800102 0.419580 0.804009 0.410382 0.804009
1 0.341923 0.854081 0.350524 0.854081 0.350524 0.857990 0.341923 0.857990
1 0.327082 0.815932 0.331088 0.815932 0.331088 0.824450 0.327082 0.824450
1 0.410295 0.819973 0.419590 0.819973 0.419590 0.823899 0.410295 0.823899
1 0.277470 0.931761 0.286210 0.931761 0.286210 0.935609 0.277470 0.935609
1 0.398801 0.974307 0.402537 0.974307 0.402537 0.982621 0.398801 0.982621
1 0.307681 0.815969 0.311674 0.815969 0.311674 0.824295 0.307681 0.824295
1 0.506669 0.912374 0.516540 0.912374 0.516540 0.916410 0.506669 0.916410
1 0.731469 0.485002 0.759295 0.485002 0.759295 0.491090 0.731469 0.491090
1 0.731385 0.476458 0.759391 0.476458 0.759391 0.482618 0.731385 0.482618
1 0.732118 0.451107 0.759468 0.451107 0.759468 0.456860 0.732118 0.456860
1 0.731604 0.493543 0.759377 0.493543 0.759377 0.499699 0.731604 0.499699
1 0.536207 0.418424 0.579106 0.418424 0.579106 0.427113 0.536207 0.427113
1 0.731210 0.467872 0.759346 0.467872 0.759346 0.474038 0.731210 0.474038
1 0.731369 0.459427 0.759349 0.459427 0.759349 0.465465 0.731369 0.465465
1 0.535798 0.441248 0.578109 0.441248 0.578109 0.449358 0.535798 0.449358
1 0.535942 0.452237 0.578847 0.452237 0.578847 0.460290 0.535942 0.460290
1 0.536510 0.463485 0.577363 0.463485 0.577363 0.471502 0.536510 0.471502
1 0.535800 0.474409 0.578043 0.474409 0.578043 0.482395 0.535800 0.482395
1 0.536270 0.430219 0.577549 0.430219 0.577549 0.438140 0.536270 0.438140
1 0.731981 0.501988 0.759245 0.501988 0.759245 0.508063 0.731981 0.508063
1 0.535672 0.485569 0.579292 0.485569 0.579292 0.493799 0.535672 0.493799
1 0.594860 0.449930 0.603315 0.449930 0.603315 0.453868 0.594860 0.453868
1 0.595001 0.430505 0.603601 0.430505 0.603601 0.434361 0.595001 0.434361
1 0.535986 0.496670 0.579270 0.496670 0.579270 0.504618 0.535986 0.504618
1 0.644707 0.701718 0.652700 0.701718 0.652700 0.725070 0.644707 0.725070
1 0.602310 0.701838 0.610750 0.701838 0.610750 0.724927 0.602310 0.724927
1 0.551479 0.644206 0.555256 0.644206 0.555256 0.659555 0.551479 0.659555
1 0.606267 0.659551 0.622146 0.659551 0.622146 0.663916 0.606267 0.663916
1 0.535148 0.596191 0.578233 0.596191 0.578233 0.604416 0.535148 0.604416
1 0.535209 0.607456 0.577754 0.607456 0.577754 0.615560 0.535209 0.615560
1 0.732421 0.578752 0.758818 0.578752 0.758818 0.585319 0.732421 0.585319
1 0.606631 0.629669 0.622257 0.629669 0.622257 0.633866 0.606631 0.633866
1 0.731735 0.553088 0.758864 0.553088 0.758864 0.559223 0.731735 0.559223
1 0.535180 0.574136 0.577520 0.574136 0.577520 0.582261 0.535180 0.582261
1 0.535367 0.540860 0.577494 0.540860 0.577494 0.548912 0.535367 0.548912
1 0.731737 0.561603 0.758774 0.561603 0.758774 0.567724 0.731737 0.567724
1 0.535329 0.518714 0.578117 0.518714 0.578117 0.526670 0.535329 0.526670
1 0.535300 0.563016 0.577693 0.563016 0.577693 0.571063 0.535300 0.571063
1 0.731649 0.518994 0.759146 0.518994 0.759146 0.525262 0.731649 0.525262
1 0.535327 0.551955 0.577745 0.551955 0.577745 0.560075 0.535327 0.560075
1 0.535547 0.507689 0.579103 0.507689 0.579103 0.515831 0.535547 0.515831
1 0.731927 0.570143 0.758903 0.570143 0.758903 0.576296 0.731927 0.576296
1 0.731668 0.527489 0.759097 0.527489 0.759097 0.533768 0.731668 0.533768
1 0.732013 0.536019 0.759024 0.536019 0.759024 0.542288 0.732013 0.542288
1 0.731777 0.510564 0.759246 0.510564 0.759246 0.516629 0.731777 0.516629
1 0.535467 0.529712 0.577742 0.529712 0.577742 0.538058 0.535467 0.538058
1 0.535205 0.585053 0.577448 0.585053 0.577448 0.593166 0.535205 0.593166
1 0.731822 0.544642 0.758715 0.544642 0.758715 0.550778 0.731822 0.550778
1 0.579941 0.643856 0.584398 0.643856 0.584398 0.659374 0.579941 0.659374
1 0.717148 0.637791 0.725770 0.637791 0.725770 0.641608 0.717148 0.641608
1 0.717293 0.618186 0.726018 0.618186 0.726018 0.621925 0.717293 0.621925
1 0.751432 0.640000 0.767375 0.640000 0.767375 0.644048 0.751432 0.644048
1 0.751422 0.669886 0.767206 0.669886 0.767206 0.674255 0.751422 0.674255
1 0.383970 0.652171 0.502199 0.652171 0.502199 0.667853 0.383970 0.667853
1 0.584849 0.925617 0.603926 0.925617 0.603926 0.933337 0.584849 0.933337
1 0.584544 0.903509 0.602808 0.903509 0.602808 0.909988 0.584544 0.909988
1 0.584696 0.914639 0.602711 0.914639 0.602711 0.921079 0.584696 0.921079
1 0.549940 0.925345 0.566971 0.925345 0.566971 0.932236 0.549940 0.932236
1 0.549469 0.914517 0.566893 0.914517 0.566893 0.921034 0.549469 0.921034
1 0.550010 0.903191 0.567050 0.903191 0.567050 0.909755 0.550010 0.909755
1 0.574212 0.879083 0.578169 0.879083 0.578169 0.888134 0.574212 0.888134
1 0.554037 0.879063 0.557763 0.879063 0.557763 0.887481 0.554037 0.887481
1 0.507233 0.892320 0.516220 0.892320 0.516220 0.895714 0.507233 0.895714
1 0.536064 0.858634 0.539691 0.858634 0.539691 0.867245 0.536064 0.867245
1 0.639108 0.908607 0.642744 0.908607 0.642744 0.916876 0.639108 0.916876
1 0.659208 0.908153 0.663721 0.908153 0.663721 0.917417 0.659208 0.917417
1 0.625930 0.889588 0.629681 0.889588 0.629681 0.898020 0.625930 0.898020
1 0.555479 0.858872 0.559501 0.858872 0.559501 0.867733 0.555479 0.867733
1 0.646018 0.889545 0.649857 0.889545 0.649857 0.898273 0.646018 0.898273
1 0.879974 0.404379 0.885711 0.404379 0.885711 0.434492 0.879974 0.434492
1 0.888520 0.405439 0.894189 0.405439 0.894189 0.434560 0.888520 0.434560
1 0.871488 0.404128 0.877160 0.404128 0.877160 0.434357 0.871488 0.434357
1 0.896939 0.405813 0.902694 0.405813 0.902694 0.434561 0.896939 0.434561
1 0.862967 0.404404 0.868613 0.404404 0.868613 0.434239 0.862967 0.434239
1 0.854469 0.404897 0.860074 0.404897 0.860074 0.434243 0.854469 0.434243
1 0.845894 0.404214 0.851554 0.404214 0.851554 0.434193 0.845894 0.434193
1 0.828879 0.405160 0.834484 0.405160 0.834484 0.434097 0.828879 0.434097
1 0.837383 0.404296 0.843003 0.404296 0.843003 0.434093 0.837383 0.434093
1 0.820392 0.404423 0.826010 0.404423 0.826010 0.434004 0.820392 0.434004
1 0.794844 0.405858 0.800453 0.405858 0.800453 0.433839 0.794844 0.433839
1 0.803295 0.405638 0.808914 0.405638 0.808914 0.433852 0.803295 0.433852
1 0.811821 0.404528 0.817517 0.404528 0.817517 0.433880 0.811821 0.433880
1 0.786259 0.405865 0.792039 0.405865 0.792039 0.433818 0.786259 0.433818
1 0.929016 0.451644 0.956513 0.451644 0.956513 0.457581 0.929016 0.457581
1 0.928745 0.476926 0.958046 0.476926 0.958046 0.483031 0.928745 0.483031
1 0.928958 0.460078 0.956534 0.460078 0.956534 0.465985 0.928958 0.465985
1 0.928838 0.468507 0.956773 0.468507 0.956773 0.474484 0.928838 0.474484
1 0.928749 0.485543 0.957907 0.485543 0.957907 0.491607 0.928749 0.491607
1 0.928627 0.494151 0.956806 0.494151 0.956806 0.500191 0.928627 0.500191
1 0.777758 0.405691 0.783373 0.405691 0.783373 0.433921 0.777758 0.433921
1 0.928468 0.502665 0.956923 0.502665 0.956923 0.508623 0.928468 0.508623
1 0.974208 0.480270 0.982731 0.480270 0.982731 0.484241 0.974208 0.484241
1 0.905536 0.406133 0.911150 0.406133 0.911150 0.434208 0.905536 0.434208
1 0.974181 0.499899 0.982779 0.499899 0.982779 0.503756 0.974181 0.503756
1 0.862301 0.602748 0.867947 0.602748 0.867947 0.631505 0.862301 0.631505
1 0.870900 0.602757 0.876459 0.602757 0.876459 0.631419 0.870900 0.631419
1 0.853733 0.602713 0.859404 0.602713 0.859404 0.631387 0.853733 0.631387
1 0.845227 0.602730 0.850857 0.602730 0.850857 0.631305 0.845227 0.631305
1 0.836767 0.602755 0.842347 0.602755 0.842347 0.631064 0.836767 0.631064
1 0.819719 0.602690 0.825330 0.602690 0.825330 0.630930 0.819719 0.630930
1 0.811175 0.602657 0.816850 0.602657 0.816850 0.630803 0.811175 0.630803
1 0.828208 0.602622 0.833862 0.602622 0.833862 0.630353 0.828208 0.630353
1 0.777206 0.602647 0.782701 0.602647 0.782701 0.629541 0.777206 0.629541
1 0.879354 0.602790 0.884924 0.602790 0.884924 0.631063 0.879354 0.631063
1 0.928424 0.553751 0.956158 0.553751 0.956158 0.559738 0.928424 0.559738
1 0.928504 0.545267 0.955981 0.545267 0.955981 0.551204 0.928504 0.551204
1 0.794102 0.602433 0.799826 0.602433 0.799826 0.629791 0.794102 0.629791
1 0.802676 0.602361 0.808303 0.602361 0.808303 0.630082 0.802676 0.630082
1 0.966520 0.657215 0.980993 0.657215 0.980993 0.717444 0.966520 0.717444
1 0.928379 0.562270 0.956272 0.562270 0.956272 0.568289 0.928379 0.568289
1 0.928530 0.510977 0.958161 0.510977 0.958161 0.517073 0.928530 0.517073
1 0.928519 0.519542 0.957989 0.519542 0.957989 0.525614 0.928519 0.525614
1 0.928643 0.570747 0.956421 0.570747 0.956421 0.576847 0.928643 0.576847
1 0.846256 0.657230 0.858673 0.657230 0.858673 0.716210 0.846256 0.716210
1 0.928593 0.579275 0.956443 0.579275 0.956443 0.585456 0.928593 0.585456
1 0.928601 0.536747 0.955855 0.536747 0.955855 0.542671 0.928601 0.542671
1 0.887906 0.602821 0.893489 0.602821 0.893489 0.630381 0.887906 0.630381
1 0.785632 0.602644 0.791225 0.602644 0.791225 0.629536 0.785632 0.629536
1 0.928540 0.528058 0.956739 0.528058 0.956739 0.534196 0.928540 0.534196
1 0.896381 0.602884 0.901963 0.602884 0.901963 0.630168 0.896381 0.630168
1 0.904899 0.602873 0.910577 0.602873 0.910577 0.630214 0.904899 0.630214
1 0.936276 0.967863 0.940084 0.967863 0.940084 0.983909 0.936276 0.983909
1 0.966034 0.968177 0.969782 0.968177 0.969782 0.983828 0.966034 0.983828
1 0.972047 0.855960 0.977548 0.855960 0.977548 0.874596 0.972047 0.874596
