0 0.760905 0.435048 0.927949 0.435048 0.927949 0.601910 0.760905 0.601910
0 0.354058 0.386442 0.532279 0.386442 0.532279 0.647858 0.354058 0.647858
0 0.231760 0.467057 0.256041 0.467057 0.256041 0.479880 0.231760 0.479880
0 0.270288 0.396863 0.296453 0.396863 0.296453 0.409990 0.270288 0.409990
0 0.278830 0.427075 0.293180 0.427075 0.293180 0.453017 0.278830 0.453017
0 0.249409 0.425069 0.263011 0.425069 0.263011 0.450966 0.249409 0.450966
0 0.169271 0.367543 0.226496 0.367543 0.226496 0.415560 0.169271 0.415560
0 0.084015 0.429597 0.183231 0.429597 0.183231 0.481899 0.084015 0.481899
0 0.227550 0.513115 0.235673 0.513115 0.235673 0.528910 0.227550 0.528910
0 0.045765 0.498634 0.145833 0.498634 0.145833 0.551913 0.045765 0.551913
0 0.171199 0.883738 0.192214 0.883738 0.192214 0.915961 0.171199 0.915961
0 0.341910 0.859325 0.350012 0.859325 0.350012 0.874922 0.341910 0.874922
0 0.277152 0.917377 0.285264 0.917377 0.285264 0.932988 0.277152 0.932988
0 0.311136 0.817444 0.326743 0.817444 0.326743 0.825303 0.311136 0.825303
0 0.222514 0.565880 0.238743 0.565880 0.238743 0.575395 0.222514 0.575395
0 0.402603 0.975837 0.418443 0.975837 0.418443 0.983770 0.402603 0.983770
0 0.409971 0.805302 0.419147 0.805302 0.419147 0.821508 0.409971 0.821508
0 0.506606 0.896863 0.516334 0.896863 0.516334 0.913651 0.506606 0.913651
0 0.758339 0.013770 0.785538 0.013770 0.785538 0.028179 0.758339 0.028179
0 0.722542 0.041447 0.775531 0.041447 0.775531 0.067850 0.722542 0.067850
0 0.974784 0.484464 0.982860 0.484464 0.982860 0.500314 0.974784 0.500314
0 0.738187 0.012322 0.747305 0.012322 0.747305 0.028218 0.738187 0.028218
0 0.595271 0.434688 0.603134 0.434688 0.603134 0.450064 0.595271 0.450064
0 0.753107 0.644801 0.766382 0.644801 0.766382 0.670443 0.753107 0.670443
0 0.940566 0.969281 0.966549 0.969281 0.966549 0.983753 0.940566 0.983753
0 0.556184 0.645764 0.580596 0.645764 0.580596 0.658294 0.556184 0.658294
0 0.611343 0.703035 0.645179 0.703035 0.645179 0.724445 0.611343 0.724445
0 0.558674 0.879388 0.575209 0.879388 0.575209 0.888465 0.558674 0.888465
0 0.608145 0.634020 0.621279 0.634020 0.621279 0.659827 0.608145 0.659827
0 0.539015 0.859336 0.556448 0.859336 0.556448 0.868453 0.539015 0.868453
0 0.568002 0.902845 0.587031 0.902845 0.587031 0.934816 0.568002 0.934816
0 0.644627 0.908391 0.660587 0.908391 0.660587 0.917366 0.644627 0.917366
0 0.717572 0.622303 0.725642 0.622303 0.725642 0.637680 0.717572 0.637680
0 0.630728 0.890274 0.646876 0.890274 0.646876 0.899120 0.630728 0.899120
0 0.860654 0.659917 0.968418 0.659917 0.968418 0.711764 0.860654 0.711764
1 0.184785 0.437961 0.198050 0.437961 0.198050 0.474853 0.184785 0.474853
1 0.068380 0.436237 0.082457 0.436237 0.082457 0.476760 0.068380 0.476760
1 0.226848 0.371791 0.234619 0.371791 0.234619 0.411154 0.226848 0.411154
1 0.248121 0.450944 0.264342 0.450944 0.264342 0.455177 0.248121 0.455177
1 0.248717 0.420579 0.264370 0.420579 0.264370 0.424893 0.248717 0.424893
1 0.256171 0.465367 0.260967 0.465367 0.260967 0.481670 0.256171 0.481670
1 0.161364 0.371251 0.169088 0.371251 0.169088 0.412072 0.161364 0.412072
1 0.227202 0.465618 0.231692 0.465618 0.231692 0.481317 0.227202 0.481317
1 0.146171 0.506140 0.158562 0.506140 0.158562 0.544080 0.146171 0.544080
1 0.227393 0.528920 0.235950 0.528920 0.235950 0.532783 0.227393 0.532783
1 0.028859 0.504269 0.043924 0.504269 0.043924 0.544701 0.028859 0.544701
1 0.227591 0.509297 0.236161 0.509297 0.236161 0.513107 0.227591 0.513107
1 0.238847 0.566018 0.242493 0.566018 0.242493 0.575068 0.238847 0.575068
1 0.218779 0.565994 0.222373 0.565994 0.222373 0.574804 0.218779 0.574804
1 0.169493 0.916212 0.194013 0.916212 0.194013 0.925255 0.169493 0.925255
1 0.168490 0.872867 0.194375 0.872867 0.194375 0.883559 0.168490 0.883559
1 0.277894 0.422619 0.293195 0.422619 0.293195 0.426907 0.277894 0.426907
1 0.266471 0.395879 0.270350 0.395879 0.270350 0.411400 0.266471 0.411400
1 0.309283 0.419102 0.352951 0.419102 0.352951 0.427832 0.309283 0.427832
1 0.277898 0.453068 0.293585 0.453068 0.293585 0.456747 0.277898 0.456747
1 0.296497 0.395570 0.300196 0.395570 0.300196 0.411186 0.296497 0.411186
1 0.310007 0.441932 0.353262 0.441932 0.353262 0.450067 0.310007 0.450067
1 0.309097 0.475093 0.353063 0.475093 0.353063 0.483223 0.309097 0.483223
1 0.309782 0.452877 0.353473 0.452877 0.353473 0.460933 0.309782 0.460933
1 0.308736 0.486189 0.353342 0.486189 0.353342 0.494380 0.308736 0.494380
1 0.309329 0.430671 0.352652 0.430671 0.352652 0.438785 0.309329 0.438785
1 0.308638 0.497136 0.353360 0.497136 0.353360 0.505378 0.308638 0.505378
1 0.308929 0.463988 0.353160 0.463988 0.353160 0.472287 0.308929 0.472287
1 0.384331 0.367515 0.502997 0.367515 0.502997 0.382281 0.384331 0.382281
1 0.309021 0.607953 0.351950 0.607953 0.351950 0.616407 0.309021 0.616407
1 0.309036 0.596885 0.352703 0.596885 0.352703 0.605008 0.309036 0.605008
1 0.309330 0.563600 0.353092 0.563600 0.353092 0.571626 0.309330 0.571626
1 0.309211 0.574727 0.352955 0.574727 0.352955 0.582815 0.309211 0.582815
1 0.309309 0.530492 0.353199 0.530492 0.353199 0.538590 0.309309 0.538590
1 0.309542 0.541482 0.353166 0.541482 0.353166 0.549489 0.309542 0.549489
1 0.309540 0.585868 0.352342 0.585868 0.352342 0.593788 0.309540 0.593788
1 0.308744 0.508249 0.353253 0.508249 0.353253 0.516385 0.308744 0.516385
1 0.308770 0.519222 0.353503 0.519222 0.353503 0.527404 0.308770 0.527404
1 0.309640 0.552436 0.353433 0.552436 0.353433 0.560669 0.309640 0.560669
1 0.409996 0.821581 0.419385 0.821581 0.419385 0.825264 0.409996 0.825264
1 0.326753 0.816774 0.330864 0.816774 0.330864 0.825595 0.326753 0.825595
1 0.409807 0.801285 0.419108 0.801285 0.419108 0.805361 0.409807 0.805361
1 0.307346 0.817115 0.311164 0.817115 0.311164 0.825322 0.307346 0.825322
1 0.276928 0.913313 0.285873 0.913313 0.285873 0.917418 0.276928 0.917418
1 0.341779 0.855244 0.350335 0.855244 0.350335 0.858954 0.341779 0.858954
1 0.418414 0.975178 0.422813 0.975178 0.422813 0.984040 0.418414 0.984040
1 0.277084 0.933212 0.285760 0.933212 0.285760 0.937097 0.277084 0.937097
1 0.398675 0.975540 0.402514 0.975540 0.402514 0.983918 0.398675 0.983918
1 0.341751 0.875063 0.350082 0.875063 0.350082 0.879032 0.341751 0.879032
1 0.506524 0.913458 0.516187 0.913458 0.516187 0.917245 0.506524 0.917245
1 0.506695 0.893490 0.516101 0.893490 0.516101 0.896926 0.506695 0.896926
1 0.738067 0.008535 0.747408 0.008535 0.747408 0.012405 0.738067 0.012405
1 0.738105 0.028328 0.747895 0.028328 0.747895 0.032490 0.738105 0.032490
1 0.710569 0.039143 0.721974 0.039143 0.721974 0.070014 0.710569 0.070014
1 0.536065 0.418458 0.579203 0.418458 0.579203 0.427531 0.536065 0.427531
1 0.535168 0.474698 0.578196 0.474698 0.578196 0.482844 0.535168 0.482844
1 0.535244 0.441574 0.578266 0.441574 0.578266 0.449759 0.535244 0.449759
1 0.535144 0.452554 0.578930 0.452554 0.578930 0.460661 0.535144 0.460661
1 0.535780 0.430500 0.577676 0.430500 0.577676 0.438566 0.535780 0.438566
1 0.731786 0.485268 0.759811 0.485268 0.759811 0.491298 0.731786 0.491298
1 0.535051 0.485818 0.579302 0.485818 0.579302 0.493996 0.535051 0.493996
1 0.731863 0.493755 0.759885 0.493755 0.759885 0.499807 0.731863 0.499807
1 0.595165 0.450263 0.603358 0.450263 0.603358 0.454127 0.595165 0.454127
1 0.731637 0.476709 0.759709 0.476709 0.759709 0.482801 0.731637 0.482801
1 0.595039 0.430560 0.603733 0.430560 0.603733 0.434514 0.595039 0.434514
1 0.732357 0.451197 0.759905 0.451197 0.759905 0.456951 0.732357 0.456951
1 0.731501 0.468117 0.759722 0.468117 0.759722 0.474171 0.731501 0.474171
1 0.732330 0.502244 0.759714 0.502244 0.759714 0.508166 0.732330 0.508166
1 0.731602 0.459612 0.759778 0.459612 0.759778 0.465635 0.731602 0.465635
1 0.534884 0.496760 0.579857 0.496760 0.579857 0.505215 0.534884 0.505215
1 0.535414 0.463742 0.577626 0.463742 0.577626 0.471772 0.535414 0.471772
1 0.645338 0.701996 0.653342 0.701996 0.653342 0.725945 0.645338 0.725945
1 0.602924 0.701910 0.611311 0.701910 0.611311 0.725784 0.602924 0.725784
1 0.607289 0.629964 0.622441 0.629964 0.622441 0.634064 0.607289 0.634064
1 0.606500 0.659857 0.622517 0.659857 0.622517 0.664342 0.606500 0.664342
1 0.551757 0.644152 0.556127 0.644152 0.556127 0.659671 0.551757 0.659671
1 0.580649 0.643767 0.585081 0.643767 0.585081 0.659310 0.580649 0.659310
1 0.535269 0.607846 0.578320 0.607846 0.578320 0.616018 0.535269 0.616018
1 0.732073 0.544864 0.759421 0.544864 0.759421 0.550852 0.732073 0.550852
1 0.535028 0.596639 0.578786 0.596639 0.578786 0.604765 0.535028 0.604765
1 0.534906 0.563360 0.578146 0.563360 0.578146 0.571428 0.534906 0.571428
1 0.534865 0.574508 0.578149 0.574508 0.578149 0.582601 0.534865 0.582601
1 0.732794 0.578899 0.759267 0.578899 0.759267 0.585468 0.732794 0.585468
1 0.732134 0.553334 0.759437 0.553334 0.759437 0.559338 0.732134 0.559338
1 0.534786 0.541175 0.578062 0.541175 0.578062 0.549294 0.534786 0.549294
1 0.534835 0.530055 0.578116 0.530055 0.578116 0.538396 0.534835 0.538396
1 0.534993 0.507987 0.579172 0.507987 0.579172 0.516157 0.534993 0.516157
1 0.534841 0.518999 0.578419 0.518999 0.578419 0.527117 0.534841 0.527117
1 0.731992 0.561927 0.759200 0.561927 0.759200 0.567787 0.731992 0.567787
1 0.534791 0.552212 0.578131 0.552212 0.578131 0.560511 0.534791 0.560511
1 0.732112 0.570370 0.759271 0.570370 0.759271 0.576390 0.732112 0.576390
1 0.717463 0.637842 0.725917 0.637842 0.725917 0.641534 0.717463 0.641534
1 0.731933 0.527764 0.759691 0.527764 0.759691 0.533921 0.731933 0.533921
1 0.535606 0.585562 0.578034 0.585562 0.578034 0.593652 0.535606 0.593652
1 0.717498 0.618756 0.725945 0.618756 0.725945 0.622240 0.717498 0.622240
1 0.731862 0.519286 0.759755 0.519286 0.759755 0.525287 0.731862 0.525287
1 0.732685 0.536375 0.759526 0.536375 0.759526 0.542424 0.732685 0.542424
1 0.732050 0.510779 0.759747 0.510779 0.759747 0.516797 0.732050 0.516797
1 0.751926 0.640289 0.767767 0.640289 0.767767 0.644669 0.751926 0.644669
1 0.751626 0.670361 0.767712 0.670361 0.767712 0.674715 0.751626 0.674715
1 0.384922 0.653064 0.503270 0.653064 0.503270 0.667858 0.384922 0.667858
1 0.587185 0.915514 0.604109 0.915514 0.604109 0.921816 0.587185 0.921816
1 0.551077 0.915085 0.568147 0.915085 0.568147 0.922012 0.551077 0.922012
1 0.587326 0.904271 0.604119 0.904271 0.604119 0.910694 0.587326 0.910694
1 0.551158 0.926212 0.568321 0.926212 0.568321 0.933007 0.551158 0.933007
1 0.587076 0.926253 0.604914 0.926253 0.604914 0.933638 0.587076 0.933638
1 0.551113 0.903827 0.568252 0.903827 0.568252 0.910997 0.551113 0.910997
1 0.535735 0.859811 0.539238 0.859811 0.539238 0.868579 0.535735 0.868579
1 0.575409 0.879207 0.579208 0.879207 0.579208 0.888684 0.575409 0.888684
1 0.556618 0.859059 0.560394 0.859059 0.560394 0.867976 0.556618 0.867976
1 0.640741 0.908457 0.644620 0.908457 0.644620 0.917575 0.640741 0.917575
1 0.646928 0.889966 0.650691 0.889966 0.650691 0.899075 0.646928 0.899075
1 0.627264 0.890232 0.630752 0.890232 0.630752 0.898914 0.627264 0.898914
1 0.660711 0.908329 0.664621 0.908329 0.664621 0.917694 0.660711 0.917694
1 0.555087 0.879808 0.558804 0.879808 0.558804 0.888411 0.555087 0.888411
1 0.775739 0.039158 0.785941 0.039158 0.785941 0.068532 0.775739 0.068532
1 0.754729 0.013030 0.758353 0.013030 0.758353 0.028866 0.754729 0.028866
1 0.785694 0.012437 0.789585 0.012437 0.789585 0.028078 0.785694 0.028078
1 0.880306 0.404442 0.886167 0.404442 0.886167 0.434620 0.880306 0.434620
1 0.871758 0.404226 0.877516 0.404226 0.877516 0.434483 0.871758 0.434483
1 0.863312 0.404575 0.869017 0.404575 0.869017 0.434333 0.863312 0.434333
1 0.854811 0.405194 0.860517 0.405194 0.860517 0.434350 0.854811 0.434350
1 0.846296 0.404479 0.851970 0.404479 0.851970 0.434293 0.846296 0.434293
1 0.837748 0.404494 0.843424 0.404494 0.843424 0.434211 0.837748 0.434211
1 0.829174 0.405282 0.834911 0.405282 0.834911 0.434167 0.829174 0.434167
1 0.786638 0.405943 0.792368 0.405943 0.792368 0.433807 0.786638 0.433807
1 0.803659 0.405783 0.809345 0.405783 0.809345 0.433888 0.803659 0.433888
1 0.820719 0.404572 0.826364 0.404572 0.826364 0.434046 0.820719 0.434046
1 0.812156 0.404734 0.817895 0.404734 0.817895 0.433899 0.812156 0.433899
1 0.795197 0.405969 0.800887 0.405969 0.800887 0.433847 0.795197 0.433847
1 0.888851 0.405614 0.894662 0.405614 0.894662 0.434640 0.888851 0.434640
1 0.778075 0.405937 0.783813 0.405937 0.783813 0.433819 0.778075 0.433819
1 0.928818 0.451676 0.956762 0.451676 0.956762 0.457603 0.928818 0.457603
1 0.928807 0.460163 0.956786 0.460163 0.956786 0.465969 0.928807 0.465969
1 0.928665 0.477099 0.958091 0.477099 0.958091 0.483005 0.928665 0.483005
1 0.897411 0.406537 0.903001 0.406537 0.903001 0.434402 0.897411 0.434402
1 0.928780 0.468577 0.956985 0.468577 0.956985 0.474467 0.928780 0.474467
1 0.928679 0.485609 0.958014 0.485609 0.958014 0.491517 0.928679 0.491517
1 0.928658 0.494162 0.957077 0.494162 0.957077 0.500143 0.928658 0.500143
1 0.905850 0.406584 0.911519 0.406584 0.911519 0.434439 0.905850 0.434439
1 0.928699 0.502666 0.957053 0.502666 0.957053 0.508533 0.928699 0.508533
1 0.974731 0.480493 0.983223 0.480493 0.983223 0.484388 0.974731 0.484388
1 0.974724 0.500251 0.983327 0.500251 0.983327 0.504041 0.974724 0.504041
1 0.846841 0.657326 0.860253 0.657326 0.860253 0.716262 0.846841 0.716262
1 0.803377 0.602449 0.808928 0.602449 0.808928 0.630273 0.803377 0.630273
1 0.968630 0.657426 0.983046 0.657426 0.983046 0.717559 0.968630 0.717559
1 0.811882 0.602599 0.817411 0.602599 0.817411 0.631027 0.811882 0.631027
1 0.845904 0.602573 0.851456 0.602573 0.851456 0.631591 0.845904 0.631591
1 0.794853 0.602360 0.800447 0.602360 0.800447 0.630021 0.794853 0.630021
1 0.862974 0.602615 0.868513 0.602615 0.868513 0.631682 0.862974 0.631682
1 0.928741 0.511051 0.958342 0.511051 0.958342 0.517104 0.928741 0.517104
1 0.786349 0.602235 0.791928 0.602235 0.791928 0.630222 0.786349 0.630222
1 0.820384 0.602559 0.825901 0.602559 0.825901 0.631124 0.820384 0.631124
1 0.928825 0.545334 0.956111 0.545334 0.956111 0.551126 0.928825 0.551126
1 0.854444 0.602595 0.859990 0.602595 0.859990 0.631655 0.854444 0.631655
1 0.928771 0.562287 0.956469 0.562287 0.956469 0.568179 0.928771 0.568179
1 0.928856 0.553814 0.956314 0.553814 0.956314 0.559626 0.928856 0.559626
1 0.837406 0.602605 0.842928 0.602605 0.842928 0.631302 0.837406 0.631302
1 0.928728 0.519605 0.958263 0.519605 0.958263 0.525679 0.928728 0.525679
1 0.928959 0.570869 0.956638 0.570869 0.956638 0.576809 0.928959 0.576809
1 0.828895 0.602506 0.834500 0.602506 0.834500 0.630724 0.828895 0.630724
1 0.928912 0.536737 0.956293 0.536737 0.956293 0.542622 0.928912 0.542622
1 0.928979 0.579343 0.956675 0.579343 0.956675 0.585389 0.928979 0.585389
1 0.777841 0.602225 0.783343 0.602225 0.783343 0.630222 0.777841 0.630222
1 0.871498 0.602642 0.877051 0.602642 0.877051 0.631654 0.871498 0.631654
1 0.928779 0.528087 0.957031 0.528087 0.957031 0.534217 0.928779 0.534217
1 0.879978 0.602646 0.885522 0.602646 0.885522 0.631299 0.879978 0.631299
1 0.888387 0.602629 0.894162 0.602629 0.894162 0.630660 0.888387 0.630660
1 0.905629 0.602861 0.911093 0.602861 0.911093 0.629970 0.905629 0.629970
1 0.897025 0.602710 0.902643 0.602710 0.902643 0.630440 0.897025 0.630440
1 0.936768 0.968072 0.940567 0.968072 0.940567 0.984054 0.936768 0.984054
1 0.966584 0.968884 0.970469 0.968884 0.970469 0.984078 0.966584 0.984078
1 0.051365 0.009935 0.067585 0.009935 0.067585 0.014193 0.051365 0.014193
1 0.051838 0.040551 0.067450 0.040551 0.067450 0.044201 0.051838 0.044201
0 0.052514 0.014531 0.066977 0.014531 0.066977 0.040010 0.052514 0.040010
1 0.507767 0.013382 0.515945 0.013382 0.515945 0.050081 0.507767 0.050081
1 0.521351 0.013382 0.529529 0.013382 0.529529 0.050081 0.521351 0.050081
1 0.549940 0.012030 0.558118 0.012030 0.558118 0.050756 0.549940 0.050756
1 0.535544 0.012909 0.543249 0.012909 0.543249 0.050689 0.535544 0.050689
1 0.563795 0.012098 0.571973 0.012098 0.571973 0.050824 0.563795 0.050824
1 0.577244 0.012030 0.585422 0.012030 0.585422 0.050756 0.577244 0.050756
1 0.591099 0.012098 0.599277 0.012098 0.599277 0.050824 0.591099 0.050824
1 0.604819 0.011692 0.612389 0.011692 0.612389 0.049878 0.604819 0.049878
1 0.618133 0.011963 0.626311 0.011963 0.626311 0.050689 0.618133 0.050689
1 0.631988 0.011625 0.640166 0.011625 0.640166 0.050351 0.631988 0.050351
1 0.645370 0.011557 0.653548 0.011557 0.653548 0.050283 0.645370 0.050283
1 0.659022 0.011625 0.667200 0.011625 0.667200 0.050351 0.659022 0.050351
1 0.806155 0.046904 0.899355 0.046904 0.899355 0.073397 0.806155 0.073397
1 0.938014 0.008989 0.967819 0.008989 0.967819 0.019802 0.938014 0.019802
1 0.936865 0.072789 0.966467 0.072789 0.966467 0.084819 0.936865 0.084819
0 0.938014 0.020276 0.965183 0.020276 0.965183 0.072519 0.938014 0.072519
1 0.972748 0.857431 0.978463 0.857431 0.978463 0.873963 0.972748 0.873963
