0 0.046584 0.860726 0.155683 0.860726 0.155683 0.961844 0.046584 0.961844
0 0.226856 0.862348 0.334878 0.862348 0.334878 0.964039 0.226856 0.964039
0 0.108712 0.071255 0.216439 0.071255 0.216439 0.121965 0.108712 0.121965
0 0.283902 0.097627 0.391304 0.097627 0.391304 0.148041 0.283902 0.148041
0 0.043703 0.500817 0.219464 0.500817 0.219464 0.675625 0.043703 0.675625
0 0.467819 0.310727 0.486887 0.310727 0.486887 0.356676 0.467819 0.356676
0 0.234331 0.750483 0.255547 0.750483 0.255547 0.784138 0.234331 0.784138
0 0.408143 0.315186 0.433621 0.315186 0.433621 0.328795 0.408143 0.328795
0 0.064105 0.761892 0.097392 0.761892 0.097392 0.783196 0.064105 0.783196
0 0.761870 0.142536 0.786745 0.142536 0.786745 0.155324 0.761870 0.155324
0 0.006580 0.933439 0.034133 0.933439 0.034133 0.947815 0.006580 0.947815
0 0.343833 0.737599 0.362525 0.737599 0.362525 0.769448 0.343833 0.769448
0 0.425876 0.278167 0.459546 0.278167 0.459546 0.299295 0.425876 0.299295
0 0.160673 0.714240 0.179897 0.714240 0.179897 0.745938 0.160673 0.745938
0 0.687507 0.783111 0.712127 0.783111 0.712127 0.795520 0.687507 0.795520
0 0.418125 0.956193 0.443569 0.956193 0.443569 0.970205 0.418125 0.970205
0 0.408098 0.339557 0.433794 0.339557 0.433794 0.353045 0.408098 0.353045
0 0.422765 0.368833 0.456276 0.368833 0.456276 0.389643 0.422765 0.389643
0 0.646360 0.338407 0.658856 0.338407 0.658856 0.363331 0.646360 0.363331
0 0.645967 0.087389 0.658413 0.087389 0.658413 0.112080 0.645967 0.112080
0 0.018951 0.857733 0.033189 0.857733 0.033189 0.883812 0.018951 0.883812
0 0.408591 0.435562 0.436092 0.435562 0.436092 0.450166 0.408591 0.450166
0 0.352701 0.897406 0.366789 0.897406 0.366789 0.923552 0.352701 0.923552
0 0.646053 0.040913 0.658459 0.040913 0.658459 0.065319 0.646053 0.065319
0 0.761998 0.011483 0.786840 0.011483 0.786840 0.024325 0.761998 0.024325
0 0.763859 0.335345 0.776254 0.335345 0.776254 0.360233 0.763859 0.360233
0 0.617506 0.748050 0.642483 0.748050 0.642483 0.760696 0.617506 0.760696
0 0.616541 0.252736 0.629535 0.252736 0.629535 0.278197 0.616541 0.278197
0 0.681657 0.865485 0.694163 0.865485 0.694163 0.890278 0.681657 0.890278
0 0.227968 0.267000 0.253702 0.267000 0.253702 0.281602 0.227968 0.281602
0 0.502020 0.039091 0.514267 0.039091 0.514267 0.064011 0.502020 0.064011
0 0.190247 0.377591 0.216176 0.377591 0.216176 0.392161 0.190247 0.392161
0 0.578813 0.925341 0.591531 0.925341 0.591531 0.950272 0.578813 0.950272
0 0.680869 0.932310 0.693603 0.932310 0.693603 0.957006 0.680869 0.957006
0 0.501186 0.590809 0.513708 0.590809 0.513708 0.615453 0.501186 0.615453
0 0.501318 0.667720 0.513953 0.667720 0.513953 0.692544 0.501318 0.692544
0 0.617166 0.725334 0.642351 0.725334 0.642351 0.737871 0.617166 0.737871
0 0.761499 0.268138 0.774231 0.268138 0.774231 0.292551 0.761499 0.292551
0 0.646066 0.403454 0.658426 0.403454 0.658426 0.427983 0.646066 0.427983
0 0.352713 0.961892 0.367536 0.961892 0.367536 0.989593 0.352713 0.989593
0 0.003294 0.053169 0.016404 0.053169 0.016404 0.078724 0.003294 0.078724
1 0.113300 0.799237 0.126674 0.799237 0.126674 0.860918 0.113300 0.860918
0 0.475803 0.855879 0.488182 0.855879 0.488182 0.880634 0.475803 0.880634
0 0.616900 0.549748 0.629482 0.549748 0.629482 0.574463 0.616900 0.574463
0 0.761472 0.734412 0.774070 0.734412 0.774070 0.759070 0.761472 0.759070
0 0.495935 0.418371 0.508279 0.418371 0.508279 0.443629 0.495935 0.443629
0 0.645141 0.130631 0.657942 0.130631 0.657942 0.155222 0.645141 0.155222
0 0.617089 0.507465 0.629650 0.507465 0.629650 0.532434 0.617089 0.532434
0 0.761558 0.680346 0.773833 0.680346 0.773833 0.704849 0.761558 0.704849
1 0.074439 0.798283 0.087843 0.798283 0.087843 0.860411 0.074439 0.860411
0 0.448474 0.418568 0.461296 0.418568 0.461296 0.444517 0.448474 0.444517
0 0.474358 0.951852 0.500586 0.951852 0.500586 0.964542 0.474358 0.964542
0 0.355290 0.291325 0.367109 0.291325 0.367109 0.315515 0.355290 0.315515
0 0.440481 0.221844 0.485720 0.221844 0.485720 0.241705 0.440481 0.241705
0 0.027999 0.774083 0.043960 0.774083 0.043960 0.783044 0.027999 0.783044
1 0.254803 0.798899 0.268115 0.798899 0.268115 0.862196 0.254803 0.862196
0 0.631500 0.015018 0.656137 0.015018 0.656137 0.027651 0.631500 0.027651
0 0.113616 0.740033 0.122723 0.740033 0.122723 0.756581 0.113616 0.756581
0 0.229191 0.509190 0.407351 0.509190 0.407351 0.684072 0.229191 0.684072
1 0.293777 0.799014 0.307081 0.799014 0.307081 0.862249 0.293777 0.862249
1 0.055120 0.760683 0.063901 0.760683 0.063901 0.783458 0.055120 0.783458
1 0.097658 0.759197 0.107252 0.759197 0.107252 0.785000 0.097658 0.785000
0 0.388992 0.779418 0.398783 0.779418 0.398783 0.796078 0.388992 0.796078
0 0.183633 0.772352 0.192512 0.772352 0.192512 0.788514 0.183633 0.788514
1 0.487551 0.326355 0.504400 0.326355 0.504400 0.340918 0.487551 0.340918
0 0.293666 0.766523 0.309646 0.766523 0.309646 0.775680 0.293666 0.775680
0 0.218956 0.711156 0.228513 0.711156 0.228513 0.727225 0.218956 0.727225
0 0.325791 0.718480 0.342013 0.718480 0.342013 0.727341 0.325791 0.727341
1 0.235286 0.798975 0.248455 0.798975 0.248455 0.862304 0.235286 0.862304
0 0.285690 0.721974 0.294249 0.721974 0.294249 0.738055 0.285690 0.738055
1 0.132885 0.798614 0.146199 0.798614 0.146199 0.861264 0.132885 0.861264
1 0.414198 0.367011 0.422536 0.367011 0.422536 0.390112 0.414198 0.390112
1 0.459819 0.276769 0.468123 0.276769 0.468123 0.299754 0.459819 0.299754
1 0.233699 0.784419 0.256654 0.784419 0.256654 0.792450 0.233699 0.792450
1 0.119217 0.675846 0.144106 0.675846 0.144106 0.691273 0.119217 0.691273
1 0.233348 0.741157 0.258241 0.741157 0.258241 0.750325 0.233348 0.750325
0 0.268703 0.721334 0.277692 0.721334 0.277692 0.737618 0.268703 0.737618
1 0.306019 0.490782 0.331540 0.490782 0.331540 0.509255 0.306019 0.509255
1 0.306141 0.684757 0.331666 0.684757 0.331666 0.702514 0.306141 0.702514
1 0.273929 0.845947 0.287261 0.845947 0.287261 0.862366 0.273929 0.862366
1 0.456598 0.242227 0.471406 0.242227 0.471406 0.258048 0.456598 0.258048
1 0.118943 0.480255 0.144154 0.480255 0.144154 0.499976 0.118943 0.499976
0 0.979159 0.803539 0.995252 0.803539 0.995252 0.812775 0.979159 0.812775
1 0.418061 0.276723 0.425606 0.276723 0.425606 0.299835 0.418061 0.299835
1 0.144213 0.737469 0.160338 0.737469 0.160338 0.744080 0.144213 0.744080
1 0.441484 0.207411 0.453415 0.207411 0.453415 0.221488 0.441484 0.221488
1 0.270119 0.092201 0.283244 0.092201 0.283244 0.150838 0.270119 0.150838
1 0.456346 0.367242 0.464663 0.367242 0.464663 0.390144 0.456346 0.390144
1 0.312844 0.798578 0.326702 0.798578 0.326702 0.862163 0.312844 0.862163
1 0.473578 0.207358 0.485691 0.207358 0.485691 0.221863 0.473578 0.221863
1 0.143500 0.713879 0.160554 0.713879 0.160554 0.721990 0.143500 0.721990
1 0.452188 0.344777 0.467360 0.344777 0.467360 0.356512 0.452188 0.356512
1 0.216795 0.066838 0.230921 0.066838 0.230921 0.124966 0.216795 0.124966
1 0.452134 0.312013 0.467588 0.312013 0.467588 0.324255 0.452134 0.324255
1 0.055005 0.797858 0.068275 0.797858 0.068275 0.860557 0.055005 0.860557
1 0.644614 0.035958 0.659914 0.035958 0.659914 0.040833 0.644614 0.040833
1 0.615193 0.278419 0.631349 0.278419 0.631349 0.282723 0.615193 0.282723
1 0.499510 0.692768 0.515253 0.692768 0.515253 0.697257 0.499510 0.697257
1 0.615145 0.532444 0.631054 0.532444 0.631054 0.536544 0.615145 0.536544
1 0.615266 0.545153 0.630283 0.545153 0.630283 0.549656 0.615266 0.549656
1 0.096570 0.066391 0.108753 0.066391 0.108753 0.124919 0.096570 0.124919
1 0.499787 0.064025 0.515394 0.064025 0.515394 0.067888 0.499787 0.067888
1 0.615166 0.502433 0.630580 0.502433 0.630580 0.507292 0.615166 0.507292
1 0.362461 0.761343 0.380548 0.761343 0.380548 0.769231 0.362461 0.769231
1 0.017717 0.883996 0.034179 0.883996 0.034179 0.887813 0.017717 0.887813
1 0.615132 0.248459 0.630699 0.248459 0.630699 0.252720 0.615132 0.252720
1 0.644398 0.126083 0.659408 0.126083 0.659408 0.130383 0.644398 0.130383
1 0.362815 0.739304 0.379211 0.739304 0.379211 0.746108 0.362815 0.746108
1 0.577780 0.950405 0.593086 0.950405 0.593086 0.954614 0.577780 0.954614
1 0.614938 0.574602 0.631229 0.574602 0.631229 0.579097 0.614938 0.579097
1 0.761668 0.360469 0.777902 0.360469 0.777902 0.364831 0.761668 0.364831
1 0.353913 0.286689 0.369321 0.286689 0.369321 0.291151 0.353913 0.291151
1 0.326459 0.761471 0.343820 0.761471 0.343820 0.768346 0.326459 0.768346
1 0.391783 0.092411 0.404695 0.092411 0.404695 0.151038 0.391783 0.151038
1 0.760158 0.759357 0.775635 0.759357 0.775635 0.763483 0.760158 0.763483
1 0.216381 0.377477 0.220082 0.377477 0.220082 0.393199 0.216381 0.393199
1 0.001644 0.079022 0.017456 0.079022 0.017456 0.083306 0.001644 0.083306
1 0.322926 0.718570 0.325941 0.718570 0.325941 0.727109 0.322926 0.727109
1 0.577967 0.920659 0.593198 0.920659 0.593198 0.925275 0.577967 0.925275
1 0.679886 0.927383 0.695355 0.927383 0.695355 0.932211 0.679886 0.932211
1 0.644560 0.333964 0.659433 0.333964 0.659433 0.338319 0.644560 0.338319
1 0.326463 0.738265 0.343607 0.738265 0.343607 0.746114 0.326463 0.746114
1 0.626169 0.012853 0.631400 0.012853 0.631400 0.028268 0.626169 0.028268
1 0.180234 0.727299 0.196123 0.727299 0.196123 0.732907 0.180234 0.732907
1 0.180304 0.715362 0.196652 0.715362 0.196652 0.722070 0.180304 0.722070
1 0.433912 0.338814 0.438251 0.338814 0.438251 0.353462 0.433912 0.353462
1 0.179890 0.737656 0.194897 0.737656 0.194897 0.744971 0.179890 0.744971
1 0.186481 0.377279 0.190163 0.377279 0.190163 0.392616 0.186481 0.392616
1 0.656311 0.012896 0.660858 0.012896 0.660858 0.028171 0.656311 0.028171
1 0.644088 0.082445 0.659975 0.082445 0.659975 0.087210 0.644088 0.087210
1 0.327166 0.750515 0.343876 0.750515 0.343876 0.756985 0.327166 0.756985
1 0.682917 0.781375 0.687446 0.781375 0.687446 0.797716 0.682917 0.797716
1 0.353937 0.315592 0.369101 0.315592 0.369101 0.320362 0.353937 0.320362
1 0.143805 0.726890 0.160369 0.726890 0.160369 0.732821 0.143805 0.732821
1 0.493356 0.443639 0.509970 0.443639 0.509970 0.447883 0.493356 0.447883
1 0.760149 0.729972 0.775508 0.729972 0.775508 0.734287 0.760149 0.734287
1 0.643555 0.363470 0.659447 0.363470 0.659447 0.368037 0.643555 0.368037
1 0.760168 0.675115 0.776319 0.675115 0.776319 0.680134 0.760168 0.680134
1 0.760195 0.263016 0.775849 0.263016 0.775849 0.267822 0.760195 0.267822
1 0.474295 0.850895 0.489793 0.850895 0.489793 0.855677 0.474295 0.855677
1 0.494868 0.413838 0.509496 0.413838 0.509496 0.418322 0.494868 0.418322
1 0.679866 0.957160 0.695146 0.957160 0.695146 0.961422 0.679866 0.961422
1 0.500058 0.034222 0.515626 0.034222 0.515626 0.038881 0.500058 0.038881
1 0.760280 0.704980 0.775508 0.704980 0.775508 0.709355 0.760280 0.709355
1 0.644536 0.065272 0.660030 0.065272 0.660030 0.069752 0.644536 0.069752
1 0.761818 0.330799 0.777365 0.330799 0.777365 0.335263 0.761818 0.335263
1 0.182962 0.788649 0.192642 0.788649 0.192642 0.792543 0.182962 0.792543
1 0.362640 0.750446 0.378618 0.750446 0.378618 0.757458 0.362640 0.757458
1 0.499632 0.663027 0.515031 0.663027 0.515031 0.667669 0.499632 0.667669
1 0.351766 0.957160 0.368265 0.957160 0.368265 0.961490 0.351766 0.961490
1 0.223824 0.266093 0.227863 0.266093 0.227863 0.281998 0.223824 0.281998
1 0.433889 0.314003 0.437905 0.314003 0.437905 0.329618 0.433889 0.329618
1 0.218880 0.727489 0.228428 0.727489 0.228428 0.731204 0.218880 0.731204
1 0.113470 0.736492 0.122858 0.736492 0.122858 0.739914 0.113470 0.739914
1 0.351777 0.893011 0.367553 0.893011 0.367553 0.897355 0.351777 0.897355
1 0.474274 0.880814 0.489888 0.880814 0.489888 0.885186 0.474274 0.885186
1 0.389260 0.796276 0.398492 0.796276 0.398492 0.799935 0.389260 0.799935
1 0.760203 0.292635 0.775750 0.292635 0.775750 0.296564 0.760203 0.296564
1 0.470364 0.950406 0.474384 0.950406 0.474384 0.965465 0.470364 0.965465
1 0.679810 0.890381 0.695241 0.890381 0.695241 0.895029 0.679810 0.895029
1 0.786859 0.140453 0.790891 0.140453 0.790891 0.156105 0.786859 0.156105
1 0.643887 0.428121 0.659704 0.428121 0.659704 0.432921 0.643887 0.432921
1 0.499218 0.585814 0.514729 0.585814 0.514729 0.590648 0.499218 0.590648
1 0.643903 0.399052 0.659323 0.399052 0.659323 0.403223 0.643903 0.403223
1 0.253868 0.266080 0.257668 0.266080 0.257668 0.282367 0.253868 0.282367
1 0.499204 0.615586 0.514526 0.615586 0.514526 0.620004 0.499204 0.620004
1 0.613204 0.745339 0.617411 0.745339 0.617411 0.761430 0.613204 0.761430
1 0.403886 0.314504 0.408027 0.314504 0.408027 0.329744 0.403886 0.329744
1 0.268325 0.717590 0.277766 0.717590 0.277766 0.721345 0.268325 0.721345
1 0.500725 0.950100 0.504655 0.950100 0.504655 0.965528 0.500725 0.965528
1 0.447753 0.414482 0.463064 0.414482 0.463064 0.418390 0.447753 0.418390
1 0.352118 0.989696 0.367446 0.989696 0.367446 0.993156 0.352118 0.993156
1 0.268499 0.737589 0.277854 0.737589 0.277854 0.741156 0.268499 0.741156
1 0.414042 0.955552 0.418061 0.955552 0.418061 0.970651 0.414042 0.970651
1 0.712270 0.781570 0.716073 0.781570 0.716073 0.796892 0.712270 0.796892
1 0.183748 0.769103 0.192292 0.769103 0.192292 0.772292 0.183748 0.772292
1 0.613224 0.723469 0.617008 0.723469 0.617008 0.739005 0.613224 0.739005
1 0.024269 0.774152 0.027917 0.774152 0.027917 0.783144 0.024269 0.783144
1 0.290094 0.766554 0.293630 0.766554 0.293630 0.775194 0.290094 0.775194
1 0.757888 0.140762 0.761713 0.140762 0.761713 0.155846 0.757888 0.155846
1 0.447582 0.444618 0.462302 0.444618 0.462302 0.448394 0.447582 0.448394
1 0.644500 0.112301 0.659361 0.112301 0.659361 0.116035 0.644500 0.116035
1 0.643791 0.155622 0.659224 0.155622 0.659224 0.159819 0.643791 0.159819
1 0.285531 0.738148 0.294346 0.738148 0.294346 0.741628 0.285531 0.741628
1 0.309679 0.767091 0.312926 0.767091 0.312926 0.775336 0.309679 0.775336
1 0.044068 0.774368 0.047054 0.774368 0.047054 0.783141 0.044068 0.783141
1 0.642628 0.745743 0.646486 0.745743 0.646486 0.761621 0.642628 0.761621
1 0.389418 0.776118 0.398645 0.776118 0.398645 0.779499 0.389418 0.779499
1 0.403730 0.339003 0.408011 0.339003 0.408011 0.353888 0.403730 0.353888
1 0.218929 0.707330 0.228459 0.707330 0.228459 0.711138 0.218929 0.711138
1 0.018299 0.853650 0.033631 0.853650 0.033631 0.857614 0.018299 0.857614
1 0.758278 0.009202 0.761839 0.009202 0.761839 0.024818 0.758278 0.024818
1 0.975765 0.803211 0.979127 0.803211 0.979127 0.812530 0.975765 0.812530
1 0.002827 0.932594 0.006504 0.932594 0.006504 0.948590 0.002827 0.948590
1 0.436175 0.435541 0.439807 0.435541 0.439807 0.450738 0.436175 0.450738
1 0.286196 0.718342 0.294106 0.718342 0.294106 0.721858 0.286196 0.721858
1 0.680167 0.861133 0.695464 0.861133 0.695464 0.865437 0.680167 0.865437
1 0.443737 0.955553 0.447535 0.955553 0.447535 0.970492 0.443737 0.970492
1 0.001840 0.049256 0.017617 0.049256 0.017617 0.052920 0.001840 0.052920
1 0.351414 0.923807 0.367801 0.923807 0.367801 0.927452 0.351414 0.927452
1 0.642459 0.723398 0.646476 0.723398 0.646476 0.739182 0.642459 0.739182
1 0.113599 0.756786 0.122801 0.756786 0.122801 0.760064 0.113599 0.760064
1 0.034407 0.932296 0.038733 0.932296 0.038733 0.948066 0.034407 0.948066
1 0.995214 0.803716 0.998240 0.803716 0.998240 0.812713 0.995214 0.812713
1 0.404903 0.434901 0.408443 0.434901 0.408443 0.450312 0.404903 0.450312
1 0.786954 0.009550 0.791113 0.009550 0.791113 0.025002 0.786954 0.025002
1 0.342503 0.718657 0.345518 0.718657 0.345518 0.727196 0.342503 0.727196
1 0.093899 0.844080 0.107345 0.844080 0.107345 0.860325 0.093899 0.860325
0 0.188412 0.940355 0.214142 0.940355 0.214142 0.992392 0.188412 0.992392
1 0.186219 0.929163 0.217142 0.929163 0.217142 0.940008 0.186219 0.940008
1 0.024685 0.959277 0.035531 0.959277 0.035531 0.988700 0.024685 0.988700
1 0.233987 0.965854 0.327908 0.965854 0.327908 0.995392 0.233987 0.995392
1 0.054107 0.962854 0.146643 0.962854 0.146643 0.993661 0.054107 0.993661
1 0.027382 0.011979 0.032631 0.011979 0.032631 0.038392 0.027382 0.038392
1 0.036053 0.011979 0.041302 0.011979 0.041302 0.038392 0.036053 0.038392
1 0.044668 0.012207 0.049916 0.012207 0.049916 0.038621 0.044668 0.038621
1 0.053339 0.012207 0.058588 0.012207 0.058588 0.038621 0.053339 0.038621
1 0.061383 0.012435 0.066803 0.012435 0.066803 0.039705 0.061383 0.039705
1 0.069940 0.012550 0.075360 0.012550 0.075360 0.039819 0.069940 0.039819
1 0.095612 0.012664 0.101032 0.012664 0.101032 0.039933 0.095612 0.039933
1 0.087055 0.012664 0.092474 0.012664 0.092474 0.039933 0.087055 0.039933
1 0.078498 0.012378 0.083746 0.012378 0.083746 0.038792 0.078498 0.038792
1 0.112784 0.012835 0.118203 0.012835 0.118203 0.040104 0.112784 0.040104
1 0.104226 0.012835 0.109646 0.012835 0.109646 0.040104 0.104226 0.040104
1 0.130069 0.012835 0.135489 0.012835 0.135489 0.040104 0.130069 0.040104
1 0.121512 0.012835 0.126932 0.012835 0.126932 0.040104 0.121512 0.040104
1 0.138170 0.012835 0.143419 0.012835 0.143419 0.039248 0.138170 0.039248
1 0.146956 0.012778 0.152204 0.012778 0.152204 0.039191 0.146956 0.039191
1 0.155456 0.012835 0.160704 0.012835 0.160704 0.039248 0.155456 0.039248
1 0.274117 0.040674 0.317131 0.040674 0.317131 0.059443 0.274117 0.059443
1 0.373377 0.043564 0.400862 0.043564 0.400862 0.057960 0.373377 0.057960
