0 0.761206 0.434290 0.927157 0.434290 0.927157 0.601947 0.761206 0.601947
0 0.353853 0.386267 0.530987 0.386267 0.530987 0.647984 0.353853 0.647984
0 0.231193 0.466813 0.255539 0.466813 0.255539 0.479433 0.231193 0.479433
0 0.277902 0.427265 0.292306 0.427265 0.292306 0.453060 0.277902 0.453060
0 0.270283 0.397243 0.296272 0.397243 0.296272 0.410756 0.270283 0.410756
0 0.249099 0.425038 0.262141 0.425038 0.262141 0.450936 0.249099 0.450936
0 0.169029 0.367394 0.226372 0.367394 0.226372 0.415120 0.169029 0.415120
0 0.084020 0.429292 0.184626 0.429292 0.184626 0.482522 0.084020 0.482522
0 0.227665 0.513219 0.235976 0.513219 0.235976 0.529030 0.227665 0.529030
0 0.044757 0.497504 0.145039 0.497504 0.145039 0.551549 0.044757 0.551549
0 0.170236 0.883731 0.190791 0.883731 0.190791 0.916542 0.170236 0.916542
0 0.341593 0.859187 0.349654 0.859187 0.349654 0.874817 0.341593 0.874817
0 0.276556 0.917104 0.284632 0.917104 0.284632 0.932721 0.276556 0.932721
0 0.310156 0.816609 0.325829 0.816609 0.325829 0.824783 0.310156 0.824783
0 0.505848 0.896531 0.515646 0.896531 0.515646 0.913272 0.505848 0.913272
0 0.401769 0.975021 0.417458 0.975021 0.417458 0.982999 0.401769 0.982999
0 0.222046 0.566049 0.238191 0.566049 0.238191 0.575181 0.222046 0.575181
0 0.409404 0.804631 0.418300 0.804631 0.418300 0.820668 0.409404 0.820668
0 0.974286 0.484186 0.982311 0.484186 0.982311 0.499977 0.974286 0.499977
0 0.595309 0.434916 0.603115 0.434916 0.603115 0.450291 0.595309 0.450291
0 0.940174 0.969388 0.966056 0.969388 0.966056 0.983913 0.940174 0.983913
0 0.555740 0.646104 0.580158 0.646104 0.580158 0.658632 0.555740 0.658632
0 0.752924 0.644776 0.766130 0.644776 0.766130 0.670418 0.752924 0.670418
0 0.558419 0.878977 0.575001 0.878977 0.575001 0.888148 0.558419 0.888148
0 0.607677 0.634397 0.620975 0.634397 0.620975 0.659982 0.607677 0.659982
0 0.538285 0.858942 0.555260 0.858942 0.555260 0.868126 0.538285 0.868126
0 0.610782 0.703401 0.644552 0.703401 0.644552 0.724514 0.610782 0.724514
0 0.567955 0.902609 0.585539 0.902609 0.585539 0.933900 0.567955 0.933900
0 0.629762 0.890026 0.645813 0.890026 0.645813 0.898817 0.629762 0.898817
0 0.717371 0.622321 0.725342 0.622321 0.725342 0.637621 0.717371 0.637621
0 0.643540 0.908326 0.659525 0.908326 0.659525 0.917395 0.643540 0.917395
0 0.860124 0.662083 0.966960 0.662083 0.966960 0.713324 0.860124 0.713324
1 0.185142 0.437846 0.197527 0.437846 0.197527 0.475369 0.185142 0.475369
1 0.067900 0.436341 0.083996 0.436341 0.083996 0.476867 0.067900 0.476867
1 0.226581 0.465652 0.231018 0.465652 0.231018 0.481067 0.226581 0.481067
1 0.247765 0.450948 0.263738 0.450948 0.263738 0.454840 0.247765 0.454840
1 0.255763 0.465375 0.260645 0.465375 0.260645 0.481830 0.255763 0.481830
1 0.248231 0.420478 0.263999 0.420478 0.263999 0.424921 0.248231 0.424921
1 0.226749 0.371610 0.234306 0.371610 0.234306 0.410846 0.226749 0.410846
1 0.161157 0.371529 0.168894 0.371529 0.168894 0.411596 0.161157 0.411596
1 0.145506 0.505465 0.158179 0.505465 0.158179 0.544896 0.145506 0.544896
1 0.028246 0.504450 0.044244 0.504450 0.044244 0.544729 0.028246 0.544729
1 0.227683 0.529076 0.236136 0.529076 0.236136 0.532591 0.227683 0.532591
1 0.227420 0.509204 0.236374 0.509204 0.236374 0.513095 0.227420 0.513095
1 0.218302 0.566084 0.222040 0.566084 0.222040 0.574902 0.218302 0.574902
1 0.238167 0.566046 0.241973 0.566046 0.241973 0.574721 0.238167 0.574721
1 0.167064 0.872267 0.194284 0.872267 0.194284 0.883709 0.167064 0.883709
1 0.168816 0.916509 0.194206 0.916509 0.194206 0.925935 0.168816 0.925935
1 0.277126 0.422492 0.292692 0.422492 0.292692 0.427061 0.277126 0.427061
1 0.277309 0.453120 0.292698 0.453120 0.292698 0.456713 0.277309 0.456713
1 0.266073 0.395801 0.270342 0.395801 0.270342 0.411628 0.266073 0.411628
1 0.296331 0.395959 0.300128 0.395959 0.300128 0.411460 0.296331 0.411460
1 0.308940 0.419261 0.352005 0.419261 0.352005 0.427890 0.308940 0.427890
1 0.309404 0.441764 0.352244 0.441764 0.352244 0.450082 0.309404 0.450082
1 0.309367 0.452759 0.352342 0.452759 0.352342 0.460858 0.309367 0.460858
1 0.308533 0.474901 0.352126 0.474901 0.352126 0.483135 0.308533 0.483135
1 0.308378 0.485984 0.352286 0.485984 0.352286 0.494321 0.308378 0.494321
1 0.308966 0.430497 0.351661 0.430497 0.351661 0.438797 0.308966 0.438797
1 0.308210 0.497078 0.352199 0.497078 0.352199 0.505313 0.308210 0.505313
1 0.308442 0.463756 0.351844 0.463756 0.351844 0.472261 0.308442 0.472261
1 0.383633 0.367215 0.502227 0.367215 0.502227 0.381504 0.383633 0.381504
1 0.308376 0.607893 0.351553 0.607893 0.351553 0.616439 0.308376 0.616439
1 0.308537 0.596741 0.352099 0.596741 0.352099 0.604902 0.308537 0.604902
1 0.309093 0.563559 0.352441 0.563559 0.352441 0.571542 0.309093 0.571542
1 0.309172 0.541376 0.352524 0.541376 0.352524 0.549371 0.309172 0.549371
1 0.308854 0.574663 0.352281 0.574663 0.352281 0.582756 0.308854 0.582756
1 0.308896 0.530305 0.352363 0.530305 0.352363 0.538479 0.308896 0.538479
1 0.308246 0.508214 0.352478 0.508214 0.352478 0.516327 0.308246 0.516327
1 0.308341 0.519163 0.352504 0.519163 0.352504 0.527225 0.308341 0.527225
1 0.309408 0.585721 0.351568 0.585721 0.351568 0.593675 0.309408 0.593675
1 0.309281 0.552312 0.352615 0.552312 0.352615 0.560585 0.309281 0.560585
1 0.409382 0.820614 0.418543 0.820614 0.418543 0.824453 0.409382 0.824453
1 0.276282 0.913122 0.285019 0.913122 0.285019 0.916957 0.276282 0.916957
1 0.417683 0.974653 0.421937 0.974653 0.421937 0.983549 0.417683 0.983549
1 0.341360 0.855219 0.349781 0.855219 0.349781 0.858959 0.341360 0.858959
1 0.325751 0.816235 0.330194 0.816235 0.330194 0.825156 0.325751 0.825156
1 0.306228 0.816486 0.310170 0.816486 0.310170 0.824816 0.306228 0.824816
1 0.276617 0.932881 0.285199 0.932881 0.285199 0.936665 0.276617 0.936665
1 0.397887 0.974939 0.401842 0.974939 0.401842 0.983316 0.397887 0.983316
1 0.409240 0.800754 0.418454 0.800754 0.418454 0.804509 0.409240 0.804509
1 0.341383 0.875023 0.349839 0.875023 0.349839 0.878700 0.341383 0.878700
1 0.506031 0.913238 0.515512 0.913238 0.515512 0.916825 0.506031 0.916825
1 0.506279 0.892982 0.515395 0.892982 0.515395 0.896562 0.506279 0.896562
1 0.534580 0.418817 0.578610 0.418817 0.578610 0.427603 0.534580 0.427603
1 0.534072 0.474794 0.578007 0.474794 0.578007 0.482938 0.534072 0.482938
1 0.731635 0.485474 0.760373 0.485474 0.760373 0.491422 0.731635 0.491422
1 0.534326 0.441666 0.578044 0.441666 0.578044 0.449817 0.534326 0.449817
1 0.731622 0.493964 0.760412 0.493964 0.760412 0.499955 0.731622 0.499955
1 0.731561 0.476930 0.760367 0.476930 0.760367 0.482902 0.731561 0.482902
1 0.534179 0.452665 0.578710 0.452665 0.578710 0.460772 0.534179 0.460772
1 0.595253 0.450532 0.603349 0.450532 0.603349 0.454429 0.595253 0.454429
1 0.534775 0.430542 0.577435 0.430542 0.577435 0.438549 0.534775 0.438549
1 0.534010 0.485821 0.578909 0.485821 0.578909 0.494054 0.534010 0.494054
1 0.732170 0.451498 0.760518 0.451498 0.760518 0.457280 0.732170 0.457280
1 0.731576 0.468395 0.760402 0.468395 0.760402 0.474400 0.731576 0.474400
1 0.732134 0.502469 0.760251 0.502469 0.760251 0.508425 0.732134 0.508425
1 0.731442 0.459884 0.760466 0.459884 0.760466 0.465884 0.731442 0.465884
1 0.595026 0.430928 0.603566 0.430928 0.603566 0.434833 0.595026 0.434833
1 0.533940 0.496877 0.579612 0.496877 0.579612 0.505220 0.533940 0.505220
1 0.534157 0.463672 0.577952 0.463672 0.577952 0.472215 0.534157 0.472215
1 0.644574 0.702017 0.652878 0.702017 0.652878 0.725483 0.644574 0.725483
1 0.732538 0.579188 0.759357 0.579188 0.759357 0.585789 0.732538 0.585789
1 0.602566 0.702173 0.610597 0.702173 0.610597 0.725183 0.602566 0.725183
1 0.606165 0.659887 0.622328 0.659887 0.622328 0.664357 0.606165 0.664357
1 0.551569 0.644533 0.555633 0.644533 0.555633 0.659810 0.551569 0.659810
1 0.606652 0.630058 0.622102 0.630058 0.622102 0.634342 0.606652 0.634342
1 0.731684 0.545097 0.759849 0.545097 0.759849 0.551016 0.731684 0.551016
1 0.732154 0.570641 0.759683 0.570641 0.759683 0.576732 0.732154 0.576732
1 0.731758 0.553580 0.759675 0.553580 0.759675 0.559492 0.731758 0.559492
1 0.534036 0.563386 0.577863 0.563386 0.577863 0.571490 0.534036 0.571490
1 0.534150 0.596591 0.578311 0.596591 0.578311 0.604819 0.534150 0.604819
1 0.534195 0.607804 0.578007 0.607804 0.578007 0.616114 0.534195 0.616114
1 0.533804 0.574423 0.577733 0.574423 0.577733 0.582652 0.533804 0.582652
1 0.533911 0.541223 0.577839 0.541223 0.577839 0.549358 0.533911 0.549358
1 0.732452 0.536601 0.760003 0.536601 0.760003 0.542526 0.732452 0.542526
1 0.534107 0.530149 0.578033 0.530149 0.578033 0.538453 0.534107 0.538453
1 0.731788 0.562114 0.759847 0.562114 0.759847 0.568188 0.731788 0.568188
1 0.534007 0.508101 0.578983 0.508101 0.578983 0.516226 0.534007 0.516226
1 0.580188 0.644168 0.584675 0.644168 0.584675 0.659565 0.580188 0.659565
1 0.533904 0.518974 0.578263 0.518974 0.578263 0.527186 0.533904 0.527186
1 0.731712 0.519529 0.760323 0.519529 0.760323 0.525525 0.731712 0.525525
1 0.533913 0.552238 0.577917 0.552238 0.577917 0.560578 0.533913 0.560578
1 0.731803 0.527974 0.760288 0.527974 0.760288 0.534074 0.731803 0.534074
1 0.731900 0.511076 0.760304 0.511076 0.760304 0.516977 0.731900 0.516977
1 0.534575 0.585545 0.577289 0.585545 0.577289 0.593619 0.534575 0.593619
1 0.717021 0.638005 0.725624 0.638005 0.725624 0.641979 0.717021 0.641979
1 0.717257 0.618585 0.725827 0.618585 0.725827 0.622191 0.717257 0.622191
1 0.751355 0.640069 0.767363 0.640069 0.767363 0.644584 0.751355 0.644584
1 0.751272 0.670482 0.767294 0.670482 0.767294 0.674747 0.751272 0.674747
1 0.382641 0.652734 0.502673 0.652734 0.502673 0.667944 0.382641 0.667944
1 0.585827 0.925517 0.604287 0.925517 0.604287 0.933875 0.585827 0.933875
1 0.585678 0.903741 0.603861 0.903741 0.603861 0.910473 0.585678 0.910473
1 0.585586 0.914822 0.603266 0.914822 0.603266 0.921280 0.585586 0.921280
1 0.550313 0.914633 0.567354 0.914633 0.567354 0.921280 0.550313 0.921280
1 0.550179 0.925380 0.567694 0.925380 0.567694 0.932598 0.550179 0.932598
1 0.550311 0.903463 0.567609 0.903463 0.567609 0.910728 0.550311 0.910728
1 0.554542 0.879115 0.558585 0.879115 0.558585 0.888020 0.554542 0.888020
1 0.575356 0.878951 0.578910 0.878951 0.578910 0.888213 0.575356 0.888213
1 0.534987 0.859675 0.538367 0.859675 0.538367 0.868106 0.534987 0.868106
1 0.660090 0.908627 0.664118 0.908627 0.664118 0.917587 0.660090 0.917587
1 0.555399 0.858634 0.559281 0.858634 0.559281 0.867816 0.555399 0.867816
1 0.639857 0.908432 0.643742 0.908432 0.643742 0.916940 0.639857 0.916940
1 0.626141 0.889827 0.629674 0.889827 0.629674 0.898294 0.626141 0.898294
1 0.645867 0.889987 0.649704 0.889987 0.649704 0.898631 0.645867 0.898631
1 0.879982 0.404509 0.885751 0.404509 0.885751 0.434451 0.879982 0.434451
1 0.888511 0.405578 0.894240 0.405578 0.894240 0.434524 0.888511 0.434524
1 0.871485 0.404348 0.877148 0.404348 0.877148 0.434326 0.871485 0.434326
1 0.862996 0.404657 0.868630 0.404657 0.868630 0.434238 0.862996 0.434238
1 0.854455 0.405335 0.860094 0.405335 0.860094 0.434270 0.854455 0.434270
1 0.845944 0.404614 0.851601 0.404614 0.851601 0.434282 0.845944 0.434282
1 0.828881 0.405442 0.834525 0.405442 0.834525 0.434157 0.828881 0.434157
1 0.837327 0.404633 0.843061 0.404633 0.843061 0.434157 0.837327 0.434157
1 0.820371 0.404880 0.825996 0.404880 0.825996 0.434053 0.820371 0.434053
1 0.897000 0.406069 0.902747 0.406069 0.902747 0.434547 0.897000 0.434547
1 0.803312 0.405989 0.808940 0.405989 0.808940 0.434001 0.803312 0.434001
1 0.794816 0.406146 0.800478 0.406146 0.800478 0.433971 0.794816 0.433971
1 0.811779 0.405008 0.817472 0.405008 0.817472 0.433975 0.811779 0.433975
1 0.786270 0.406097 0.792042 0.406097 0.792042 0.433886 0.786270 0.433886
1 0.928880 0.451876 0.956572 0.451876 0.956572 0.458069 0.928880 0.458069
1 0.928698 0.477355 0.958000 0.477355 0.958000 0.483427 0.928698 0.483427
1 0.928712 0.460515 0.956619 0.460515 0.956619 0.466521 0.928712 0.466521
1 0.928746 0.468894 0.956830 0.468894 0.956830 0.474874 0.928746 0.474874
1 0.928703 0.485853 0.957829 0.485853 0.957829 0.491870 0.928703 0.491870
1 0.777789 0.406102 0.783504 0.406102 0.783504 0.433795 0.777789 0.433795
1 0.928618 0.494501 0.956758 0.494501 0.956758 0.500545 0.928618 0.500545
1 0.928385 0.502980 0.956769 0.502980 0.956769 0.508949 0.928385 0.508949
1 0.974288 0.480392 0.982754 0.480392 0.982754 0.484140 0.974288 0.484140
1 0.974127 0.499960 0.982901 0.499960 0.982901 0.504125 0.974127 0.504125
1 0.905534 0.406323 0.911148 0.406323 0.911148 0.434327 0.905534 0.434327
1 0.846313 0.657065 0.860638 0.657065 0.860638 0.716453 0.846313 0.716453
1 0.870761 0.602330 0.876370 0.602330 0.876370 0.631654 0.870761 0.631654
1 0.862246 0.602358 0.867832 0.602358 0.867832 0.631698 0.862246 0.631698
1 0.879329 0.602318 0.884906 0.602318 0.884906 0.631274 0.879329 0.631274
1 0.853717 0.602368 0.859376 0.602368 0.859376 0.631666 0.853717 0.631666
1 0.887837 0.602326 0.893438 0.602326 0.893438 0.630638 0.887837 0.630638
1 0.845151 0.602358 0.850768 0.602358 0.850768 0.631639 0.845151 0.631639
1 0.836690 0.602306 0.842271 0.602306 0.842271 0.631319 0.836690 0.631319
1 0.896318 0.602393 0.901935 0.602393 0.901935 0.630398 0.896318 0.630398
1 0.904907 0.602414 0.910641 0.602414 0.910641 0.630501 0.904907 0.630501
1 0.819662 0.602251 0.825294 0.602251 0.825294 0.631099 0.819662 0.631099
1 0.828226 0.602151 0.833810 0.602151 0.833810 0.630516 0.828226 0.630516
1 0.811164 0.602296 0.816802 0.602296 0.816802 0.631169 0.811164 0.631169
1 0.928530 0.537094 0.955998 0.537094 0.955998 0.543091 0.928530 0.543091
1 0.928600 0.545558 0.956163 0.545558 0.956163 0.551598 0.928600 0.551598
1 0.777153 0.602294 0.782603 0.602294 0.782603 0.630048 0.777153 0.630048
1 0.928598 0.554056 0.956270 0.554056 0.956270 0.560069 0.928598 0.560069
1 0.802584 0.601925 0.808243 0.601925 0.808243 0.630524 0.802584 0.630524
1 0.928745 0.562547 0.956397 0.562547 0.956397 0.568693 0.928745 0.568693
1 0.794056 0.601981 0.799733 0.601981 0.799733 0.630260 0.794056 0.630260
1 0.928599 0.511232 0.958054 0.511232 0.958054 0.517444 0.928599 0.517444
1 0.928664 0.571058 0.956425 0.571058 0.956425 0.577087 0.928664 0.577087
1 0.968411 0.657599 0.983607 0.657599 0.983607 0.717607 0.968411 0.717607
1 0.928658 0.528542 0.956182 0.528542 0.956182 0.534524 0.928658 0.534524
1 0.928588 0.519753 0.957941 0.519753 0.957941 0.526037 0.928588 0.526037
1 0.928649 0.579516 0.956507 0.579516 0.956507 0.585661 0.928649 0.585661
1 0.785579 0.602300 0.791174 0.602300 0.791174 0.630074 0.785579 0.630074
1 0.936267 0.968377 0.940133 0.968377 0.940133 0.984285 0.936267 0.984285
1 0.966008 0.968698 0.969862 0.968698 0.969862 0.984273 0.966008 0.984273
1 0.972466 0.856978 0.977945 0.856978 0.977945 0.873857 0.972466 0.873857
