0 0.197758 0.094446 0.562248 0.094446 0.562248 0.454788 0.197758 0.454788
0 0.570538 0.731006 0.662490 0.731006 0.662490 0.837850 0.570538 0.837850
0 0.308306 0.660655 0.476099 0.660655 0.476099 0.827947 0.308306 0.827947
0 0.568792 0.607787 0.660295 0.607787 0.660295 0.713912 0.568792 0.713912
0 0.117372 0.726069 0.226482 0.726069 0.226482 0.826937 0.117372 0.826937
1 0.662096 0.729941 0.732191 0.729941 0.732191 0.758974 0.662096 0.758974
0 0.443101 0.507022 0.486818 0.507022 0.486818 0.561263 0.443101 0.561263
1 0.660362 0.607094 0.725812 0.607094 0.725812 0.635235 0.660362 0.635235
1 0.662597 0.808715 0.732413 0.808715 0.732413 0.837131 0.662597 0.837131
0 0.135488 0.900623 0.208719 0.900623 0.208719 0.957186 0.135488 0.957186
0 0.708377 0.856979 0.734486 0.856979 0.734486 0.871592 0.708377 0.871592
1 0.660666 0.685308 0.725865 0.685308 0.725865 0.713785 0.660666 0.713785
0 0.650406 0.882879 0.676774 0.882879 0.676774 0.897374 0.650406 0.897374
0 0.604073 0.301513 0.656295 0.301513 0.656295 0.383542 0.604073 0.383542
0 0.558873 0.531818 0.582823 0.531818 0.582823 0.584552 0.558873 0.584552
0 0.371821 0.476278 0.414808 0.476278 0.414808 0.530217 0.371821 0.530217
0 0.536376 0.855704 0.561667 0.855704 0.561667 0.868710 0.536376 0.868710
0 0.716403 0.889782 0.787529 0.889782 0.787529 0.943866 0.716403 0.943866
1 0.118713 0.828137 0.145932 0.828137 0.145932 0.889079 0.118713 0.889079
0 0.491784 0.905176 0.517537 0.905176 0.517537 0.919195 0.491784 0.919195
1 0.197196 0.828143 0.225505 0.828143 0.225505 0.890521 0.197196 0.890521
0 0.495577 0.863985 0.520288 0.863985 0.520288 0.876315 0.495577 0.876315
0 0.616946 0.853209 0.641519 0.853209 0.641519 0.865542 0.616946 0.865542
0 0.171344 0.569336 0.197329 0.569336 0.197329 0.582753 0.171344 0.582753
0 0.650574 0.935873 0.676726 0.935873 0.676726 0.950302 0.650574 0.950302
0 0.535984 0.905418 0.561985 0.905418 0.561985 0.919892 0.535984 0.919892
0 0.236071 0.938202 0.260810 0.938202 0.260810 0.950691 0.236071 0.950691
0 0.317999 0.914658 0.332583 0.914658 0.332583 0.940338 0.317999 0.940338
0 0.287751 0.867175 0.314098 0.867175 0.314098 0.881940 0.287751 0.881940
0 0.216143 0.569496 0.242420 0.569496 0.242420 0.582916 0.216143 0.582916
0 0.437149 0.932631 0.470017 0.932631 0.470017 0.952307 0.437149 0.952307
0 0.440258 0.907229 0.464598 0.907229 0.464598 0.919661 0.440258 0.919661
0 0.020288 0.273403 0.033865 0.273403 0.033865 0.299030 0.020288 0.299030
0 0.275406 0.934307 0.301646 0.934307 0.301646 0.948669 0.275406 0.948669
0 0.775496 0.858735 0.801094 0.858735 0.801094 0.872596 0.775496 0.872596
1 0.788119 0.894293 0.808750 0.894293 0.808750 0.939028 0.788119 0.939028
0 0.115178 0.407244 0.123181 0.407244 0.123181 0.423179 0.115178 0.423179
0 0.609199 0.934208 0.635056 0.934208 0.635056 0.948090 0.609199 0.948090
0 0.620544 0.893638 0.633854 0.893638 0.633854 0.919486 0.620544 0.919486
0 0.340975 0.907186 0.355200 0.907186 0.355200 0.934527 0.340975 0.934527
0 0.079406 0.650406 0.105467 0.650406 0.105467 0.665123 0.079406 0.665123
1 0.697723 0.896553 0.715545 0.896553 0.715545 0.937375 0.697723 0.937375
0 0.365182 0.921598 0.377732 0.921598 0.377732 0.947205 0.365182 0.947205
0 0.542523 0.929346 0.568539 0.929346 0.568539 0.942980 0.542523 0.942980
0 0.245042 0.796141 0.257869 0.796141 0.257869 0.821879 0.245042 0.821879
0 0.366191 0.890743 0.391505 0.890743 0.391505 0.903275 0.366191 0.903275
0 0.131464 0.270836 0.147073 0.270836 0.147073 0.278987 0.131464 0.278987
1 0.117017 0.907827 0.135322 0.907827 0.135322 0.951026 0.117017 0.951026
1 0.537131 0.736923 0.570528 0.736923 0.570528 0.829834 0.537131 0.829834
1 0.209323 0.908525 0.226962 0.908525 0.226962 0.950912 0.209323 0.950912
0 0.740743 0.688263 0.749883 0.688263 0.749883 0.705155 0.740743 0.705155
0 0.182281 0.619454 0.197789 0.619454 0.197789 0.627333 0.182281 0.627333
1 0.611097 0.384318 0.651511 0.384318 0.651511 0.395887 0.611097 0.395887
0 0.751735 0.356910 0.760397 0.356910 0.760397 0.373624 0.751735 0.373624
0 0.775742 0.507281 0.784973 0.507281 0.784973 0.523277 0.775742 0.523277
0 0.328933 0.887198 0.345088 0.887198 0.345088 0.895338 0.328933 0.895338
0 0.097721 0.386627 0.105938 0.386627 0.105938 0.402624 0.097721 0.402624
0 0.239794 0.658391 0.256426 0.658391 0.256426 0.666933 0.239794 0.666933
1 0.470018 0.930178 0.480268 0.930178 0.480268 0.956252 0.470018 0.956252
0 0.040665 0.632162 0.049644 0.632162 0.049644 0.649342 0.040665 0.649342
0 0.291468 0.839802 0.307869 0.839802 0.307869 0.847921 0.291468 0.847921
0 0.032361 0.185823 0.048484 0.185823 0.048484 0.194037 0.032361 0.194037
0 0.447269 0.049186 0.463634 0.049186 0.463634 0.057519 0.447269 0.057519
0 0.141316 0.254673 0.157098 0.254673 0.157098 0.262822 0.141316 0.262822
0 0.032184 0.202743 0.048137 0.202743 0.048137 0.210797 0.032184 0.210797
1 0.557412 0.584377 0.584863 0.584377 0.584863 0.594996 0.557412 0.594996
0 0.142120 0.293075 0.157816 0.293075 0.157816 0.301200 0.142120 0.301200
0 0.030903 0.382510 0.046896 0.382510 0.046896 0.390565 0.030903 0.390565
0 0.295164 0.897003 0.304605 0.897003 0.304605 0.913194 0.295164 0.913194
0 0.222895 0.621174 0.238642 0.621174 0.238642 0.629112 0.222895 0.629112
0 0.178215 0.374516 0.188399 0.374516 0.188399 0.391075 0.178215 0.391075
0 0.624330 0.581294 0.640286 0.581294 0.640286 0.589141 0.624330 0.589141
0 0.184109 0.104734 0.193008 0.104734 0.193008 0.120801 0.184109 0.120801
0 0.514860 0.577508 0.523360 0.577508 0.523360 0.593523 0.514860 0.593523
0 0.178581 0.334977 0.187860 0.334977 0.187860 0.351324 0.178581 0.351324
0 0.503658 0.533419 0.511670 0.533419 0.511670 0.549223 0.503658 0.549223
1 0.555765 0.518906 0.584406 0.518906 0.584406 0.531853 0.555765 0.531853
1 0.124903 0.693799 0.218224 0.693799 0.218224 0.725530 0.124903 0.725530
1 0.428057 0.930656 0.436974 0.930656 0.436974 0.956066 0.428057 0.956066
1 0.437772 0.561284 0.491197 0.561284 0.491197 0.573202 0.437772 0.573202
1 0.475708 0.718282 0.506305 0.718282 0.506305 0.724435 0.475708 0.724435
1 0.367592 0.530170 0.419381 0.530170 0.419381 0.542431 0.367592 0.542431
1 0.611110 0.289899 0.651247 0.289899 0.651247 0.301553 0.611110 0.301553
0 0.057487 0.632538 0.067014 0.632538 0.067014 0.649403 0.057487 0.649403
0 0.671990 0.304157 0.680210 0.304157 0.680210 0.320187 0.671990 0.320187
1 0.277593 0.675224 0.307236 0.675224 0.307236 0.681863 0.277593 0.681863
0 0.671783 0.358925 0.679729 0.358925 0.679729 0.375060 0.671783 0.375060
0 0.483486 0.835289 0.491528 0.835289 0.491528 0.851125 0.483486 0.851125
1 0.278144 0.693107 0.307559 0.693107 0.307559 0.699071 0.278144 0.699071
1 0.475895 0.752364 0.506542 0.752364 0.506542 0.758580 0.475895 0.758580
1 0.277752 0.761428 0.307772 0.761428 0.307772 0.767547 0.277752 0.767547
1 0.476224 0.795230 0.506054 0.795230 0.506054 0.801233 0.476224 0.801233
0 0.246028 0.743263 0.254003 0.743263 0.254003 0.759129 0.246028 0.759129
1 0.475830 0.761041 0.506732 0.761041 0.506732 0.767139 0.475830 0.767139
1 0.475822 0.709691 0.506537 0.709691 0.506537 0.715916 0.475822 0.715916
1 0.475836 0.701242 0.506186 0.701242 0.506186 0.707224 0.475836 0.707224
1 0.105525 0.650169 0.110531 0.650169 0.110531 0.665537 0.105525 0.665537
1 0.278407 0.795549 0.307676 0.795549 0.307676 0.801613 0.278407 0.801613
1 0.278042 0.718628 0.307823 0.718628 0.307823 0.724638 0.278042 0.724638
1 0.277862 0.752701 0.307886 0.752701 0.307886 0.758809 0.277862 0.758809
1 0.243268 0.822004 0.260135 0.822004 0.260135 0.825604 0.243268 0.825604
1 0.278829 0.701655 0.307635 0.701655 0.307635 0.707598 0.278829 0.707598
1 0.278874 0.710150 0.307717 0.710150 0.307717 0.716130 0.278874 0.716130
1 0.277711 0.735967 0.307966 0.735967 0.307966 0.741788 0.277711 0.741788
1 0.475938 0.675790 0.504722 0.675790 0.504722 0.681416 0.475938 0.681416
1 0.278837 0.744437 0.307900 0.744437 0.307900 0.750216 0.278837 0.750216
1 0.278866 0.787051 0.307673 0.787051 0.307673 0.793033 0.278866 0.793033
1 0.476036 0.786695 0.506117 0.786695 0.506117 0.792514 0.476036 0.792514
1 0.475914 0.769616 0.506666 0.769616 0.506666 0.775693 0.475914 0.775693
1 0.618889 0.919623 0.635375 0.919623 0.635375 0.923722 0.618889 0.923722
1 0.475981 0.692816 0.504764 0.692816 0.504764 0.698666 0.475981 0.698666
1 0.475872 0.726934 0.506003 0.726934 0.506003 0.732876 0.475872 0.732876
1 0.438475 0.495142 0.492065 0.495142 0.492065 0.506817 0.438475 0.506817
1 0.402082 0.826951 0.407791 0.826951 0.407791 0.857249 0.402082 0.857249
1 0.279347 0.804202 0.307553 0.804202 0.307553 0.809987 0.279347 0.809987
1 0.278803 0.684411 0.307434 0.684411 0.307434 0.690504 0.278803 0.690504
1 0.476474 0.803793 0.506173 0.803793 0.506173 0.810721 0.476474 0.810721
1 0.475881 0.735478 0.504861 0.735478 0.504861 0.741346 0.475881 0.741346
1 0.676737 0.934981 0.681384 0.934981 0.681384 0.950482 0.676737 0.950482
1 0.476048 0.778107 0.506565 0.778107 0.506565 0.784022 0.476048 0.784022
1 0.444865 0.827282 0.450559 0.827282 0.450559 0.857225 0.444865 0.857225
1 0.410701 0.826975 0.416274 0.826975 0.416274 0.857378 0.410701 0.857378
1 0.367636 0.629032 0.373356 0.629032 0.373356 0.659919 0.367636 0.659919
1 0.333657 0.628929 0.339217 0.628929 0.339217 0.660109 0.333657 0.660109
1 0.277868 0.727375 0.307883 0.727375 0.307883 0.733181 0.277868 0.733181
1 0.475838 0.743962 0.504725 0.743962 0.504725 0.749887 0.475838 0.749887
1 0.529793 0.613869 0.568774 0.613869 0.568774 0.707374 0.529793 0.707374
1 0.384793 0.628668 0.390485 0.628668 0.390485 0.659957 0.384793 0.659957
1 0.277479 0.778485 0.307784 0.778485 0.307784 0.784379 0.277479 0.784379
1 0.277749 0.769968 0.307840 0.769968 0.307840 0.775992 0.277749 0.775992
1 0.427347 0.628998 0.433232 0.628998 0.433232 0.659878 0.427347 0.659878
1 0.341943 0.628838 0.347647 0.628838 0.347647 0.660079 0.341943 0.660079
1 0.393460 0.827040 0.399114 0.827040 0.399114 0.857175 0.393460 0.857175
1 0.520231 0.862600 0.524821 0.862600 0.524821 0.877883 0.520231 0.877883
1 0.436187 0.826994 0.441924 0.826994 0.441924 0.857330 0.436187 0.857330
1 0.384958 0.827131 0.390608 0.827131 0.390608 0.857157 0.384958 0.857157
1 0.376337 0.826981 0.382142 0.826981 0.382142 0.857202 0.376337 0.857202
1 0.475902 0.684222 0.504710 0.684222 0.504710 0.690139 0.475902 0.690139
1 0.367871 0.827117 0.373497 0.827117 0.373497 0.857106 0.367871 0.857106
1 0.464682 0.905812 0.470110 0.905812 0.470110 0.921563 0.464682 0.921563
1 0.419233 0.827175 0.424980 0.827175 0.424980 0.857207 0.419233 0.857207
1 0.359336 0.827172 0.365027 0.827172 0.365027 0.855645 0.359336 0.855645
1 0.243708 0.791427 0.259701 0.791427 0.259701 0.795867 0.243708 0.795867
1 0.325002 0.629227 0.330629 0.629227 0.330629 0.659964 0.325002 0.659964
1 0.490171 0.862777 0.495512 0.862777 0.495512 0.879037 0.490171 0.879037
1 0.641579 0.851132 0.646247 0.851132 0.646247 0.866681 0.641579 0.866681
1 0.410429 0.628605 0.416191 0.628605 0.416191 0.659949 0.410429 0.659949
1 0.342363 0.827126 0.347912 0.827126 0.347912 0.857112 0.342363 0.857112
1 0.487164 0.903897 0.491903 0.903897 0.491903 0.920134 0.487164 0.920134
1 0.366287 0.465274 0.420302 0.465274 0.420302 0.476419 0.366287 0.476419
1 0.427549 0.826948 0.433548 0.826948 0.433548 0.857116 0.427549 0.857116
1 0.376252 0.628951 0.381963 0.628951 0.381963 0.659970 0.376252 0.659970
1 0.453375 0.827464 0.460108 0.827464 0.460108 0.855771 0.453375 0.855771
1 0.801224 0.857616 0.805379 0.857616 0.805379 0.873588 0.801224 0.873588
1 0.435998 0.628782 0.441685 0.628782 0.441685 0.659864 0.435998 0.659864
1 0.741058 0.705159 0.749735 0.705159 0.749735 0.708307 0.741058 0.708307
1 0.350848 0.827261 0.356373 0.827261 0.356373 0.857016 0.350848 0.857016
1 0.047032 0.382182 0.050912 0.382182 0.050912 0.390902 0.047032 0.390902
1 0.018150 0.299045 0.035392 0.299045 0.035392 0.303423 0.018150 0.303423
1 0.561702 0.854413 0.566598 0.854413 0.566598 0.870472 0.561702 0.870472
1 0.734524 0.855983 0.738431 0.855983 0.738431 0.872287 0.734524 0.872287
1 0.391407 0.888413 0.395770 0.888413 0.395770 0.904519 0.391407 0.904519
1 0.301641 0.933449 0.306017 0.933449 0.306017 0.949345 0.301641 0.949345
1 0.419013 0.629583 0.424647 0.629583 0.424647 0.659807 0.419013 0.659807
1 0.359166 0.628902 0.364795 0.628902 0.364795 0.660019 0.359166 0.660019
1 0.453433 0.629988 0.458713 0.629988 0.458713 0.660196 0.453433 0.660196
1 0.350661 0.628931 0.356259 0.628931 0.356259 0.660155 0.350661 0.660155
1 0.325097 0.827506 0.330662 0.827506 0.330662 0.856829 0.325097 0.856829
1 0.435779 0.905490 0.440226 0.905490 0.440226 0.921828 0.435779 0.921828
1 0.618946 0.889324 0.634671 0.889324 0.634671 0.893541 0.618946 0.893541
1 0.340122 0.902946 0.356171 0.902946 0.356171 0.906858 0.340122 0.906858
1 0.393228 0.628504 0.398925 0.628504 0.398925 0.659984 0.393228 0.659984
1 0.401921 0.628464 0.407586 0.628464 0.407586 0.660011 0.401921 0.660011
1 0.532463 0.854737 0.536597 0.854737 0.536597 0.869774 0.532463 0.869774
1 0.612697 0.851085 0.616920 0.851085 0.616920 0.866818 0.612697 0.866818
1 0.444668 0.628898 0.450387 0.628898 0.450387 0.659924 0.444668 0.659924
1 0.333707 0.827243 0.339335 0.827243 0.339335 0.856074 0.333707 0.856074
1 0.198008 0.619523 0.202362 0.619523 0.202362 0.627333 0.198008 0.627333
1 0.316863 0.909942 0.333197 0.909942 0.333197 0.914410 0.316863 0.914410
1 0.671575 0.375098 0.680499 0.375098 0.680499 0.379463 0.671575 0.379463
1 0.260872 0.936566 0.265082 0.936566 0.265082 0.952116 0.260872 0.952116
1 0.568429 0.927702 0.573296 0.927702 0.573296 0.944186 0.568429 0.944186
1 0.740949 0.684363 0.749453 0.684363 0.749453 0.688159 0.740949 0.688159
1 0.097666 0.402622 0.106202 0.402622 0.106202 0.405942 0.097666 0.405942
1 0.340215 0.934629 0.355996 0.934629 0.355996 0.938087 0.340215 0.938087
1 0.295164 0.913347 0.304773 0.913347 0.304773 0.917202 0.295164 0.917202
1 0.721546 0.653803 0.726003 0.653803 0.726003 0.670433 0.721546 0.670433
1 0.157109 0.254242 0.160587 0.254242 0.160587 0.263344 0.157109 0.263344
1 0.178195 0.619662 0.182184 0.619662 0.182184 0.627235 0.178195 0.627235
1 0.197380 0.568030 0.201590 0.568030 0.201590 0.583876 0.197380 0.583876
1 0.362243 0.888358 0.366230 0.888358 0.366230 0.904833 0.362243 0.904833
1 0.692702 0.654260 0.696865 0.654260 0.696865 0.670346 0.692702 0.670346
1 0.635172 0.933054 0.639453 0.933054 0.639453 0.949098 0.635172 0.949098
1 0.671445 0.320136 0.680854 0.320136 0.680854 0.324073 0.671445 0.324073
1 0.238712 0.621422 0.242617 0.621422 0.242617 0.629073 0.238712 0.629073
1 0.283949 0.866960 0.287768 0.866960 0.287768 0.882087 0.283949 0.882087
1 0.212161 0.567626 0.216068 0.567626 0.216068 0.583997 0.212161 0.583997
1 0.136430 0.562833 0.140049 0.562833 0.140049 0.571290 0.136430 0.571290
1 0.671952 0.299613 0.680386 0.299613 0.680386 0.304145 0.671952 0.304145
1 0.363298 0.917038 0.379251 0.917038 0.379251 0.921426 0.363298 0.921426
1 0.097761 0.383041 0.105980 0.383041 0.105980 0.386543 0.097761 0.386543
1 0.115051 0.423223 0.123300 0.423223 0.123300 0.426361 0.115051 0.426361
1 0.676877 0.881778 0.680530 0.881778 0.680530 0.897800 0.676877 0.897800
1 0.184262 0.100945 0.193019 0.100945 0.193019 0.104583 0.184262 0.104583
1 0.317318 0.940588 0.333205 0.940588 0.333205 0.944280 0.317318 0.944280
1 0.245994 0.759139 0.254165 0.759139 0.254165 0.762304 0.245994 0.762304
1 0.345062 0.887308 0.348544 0.887308 0.348544 0.895259 0.345062 0.895259
1 0.231773 0.936155 0.236172 0.936155 0.236172 0.952588 0.231773 0.952588
1 0.503210 0.047024 0.506375 0.047024 0.506375 0.055953 0.503210 0.055953
1 0.115241 0.403725 0.123076 0.403725 0.123076 0.407199 0.115241 0.407199
1 0.128018 0.270762 0.131519 0.270762 0.131519 0.279091 0.128018 0.279091
1 0.027308 0.382325 0.030925 0.382325 0.030925 0.390888 0.027308 0.390888
1 0.562312 0.903893 0.565967 0.903893 0.565967 0.919962 0.562312 0.919962
1 0.167726 0.567523 0.171366 0.567523 0.171366 0.583495 0.167726 0.583495
1 0.751517 0.352733 0.760605 0.352733 0.760605 0.356906 0.751517 0.356906
1 0.314199 0.866827 0.318041 0.866827 0.318041 0.882320 0.314199 0.882320
1 0.620823 0.581379 0.624329 0.581379 0.624329 0.589345 0.620823 0.589345
1 0.219359 0.621489 0.222782 0.621489 0.222782 0.629206 0.219359 0.629206
1 0.640243 0.581034 0.643626 0.581034 0.643626 0.589251 0.640243 0.589251
1 0.363258 0.947180 0.379615 0.947180 0.379615 0.951445 0.363258 0.951445
1 0.483417 0.830608 0.491534 0.830608 0.491534 0.835220 0.483417 0.835220
1 0.075763 0.649814 0.079418 0.649814 0.079418 0.665616 0.075763 0.665616
1 0.704192 0.855603 0.708221 0.855603 0.708221 0.872110 0.704192 0.872110
1 0.242343 0.567874 0.245752 0.567874 0.245752 0.583514 0.242343 0.583514
1 0.605956 0.933147 0.609443 0.933147 0.609443 0.949145 0.605956 0.949145
1 0.157900 0.293240 0.161136 0.293240 0.161136 0.301262 0.157900 0.301262
1 0.532250 0.904228 0.535904 0.904228 0.535904 0.920270 0.532250 0.920270
1 0.775451 0.523429 0.785033 0.523429 0.785033 0.527244 0.775451 0.527244
1 0.048155 0.202852 0.051131 0.202852 0.051131 0.210792 0.048155 0.210792
1 0.325562 0.887210 0.328872 0.887210 0.328872 0.895422 0.325562 0.895422
1 0.178887 0.351361 0.187461 0.351361 0.187461 0.354981 0.178887 0.354981
1 0.295086 0.893335 0.304377 0.893335 0.304377 0.896812 0.295086 0.896812
1 0.018716 0.269514 0.035233 0.269514 0.035233 0.273374 0.018716 0.273374
1 0.137641 0.254258 0.141240 0.254258 0.141240 0.262489 0.137641 0.262489
1 0.040247 0.628422 0.049745 0.628422 0.049745 0.632080 0.040247 0.632080
1 0.057626 0.649391 0.066915 0.649391 0.066915 0.652606 0.057626 0.652606
1 0.117648 0.562836 0.120569 0.562836 0.120569 0.570917 0.117648 0.570917
1 0.671539 0.355061 0.679941 0.355061 0.679941 0.358888 0.671539 0.358888
1 0.058189 0.629023 0.066524 0.629023 0.066524 0.632545 0.058189 0.632545
1 0.775753 0.503658 0.784980 0.503658 0.784980 0.507233 0.775753 0.507233
1 0.539236 0.928300 0.542619 0.928300 0.542619 0.943426 0.539236 0.943426
1 0.288137 0.839862 0.291455 0.839862 0.291455 0.847778 0.288137 0.847778
1 0.256377 0.659203 0.260281 0.659203 0.260281 0.666166 0.256377 0.666166
1 0.040326 0.649331 0.050127 0.649331 0.050127 0.653060 0.040326 0.653060
1 0.048543 0.185846 0.051593 0.185846 0.051593 0.194149 0.048543 0.194149
1 0.184180 0.120884 0.192883 0.120884 0.192883 0.124099 0.184180 0.124099
1 0.179186 0.331512 0.187427 0.331512 0.187427 0.334787 0.179186 0.334787
1 0.515033 0.593554 0.523348 0.593554 0.523348 0.596265 0.515033 0.596265
1 0.463786 0.049231 0.466713 0.049231 0.466713 0.057446 0.463786 0.057446
1 0.235929 0.658717 0.239788 0.658717 0.239788 0.666314 0.235929 0.666314
1 0.751237 0.373566 0.760671 0.373566 0.760671 0.377306 0.751237 0.377306
1 0.483508 0.851352 0.491624 0.851352 0.491624 0.855964 0.483508 0.855964
1 0.245568 0.740034 0.253739 0.740034 0.253739 0.743199 0.245568 0.743199
1 0.515361 0.574404 0.523676 0.574404 0.523676 0.577116 0.515361 0.577116
1 0.503576 0.549444 0.512112 0.549444 0.512112 0.553194 0.503576 0.553194
1 0.503085 0.529721 0.511621 0.529721 0.511621 0.533471 0.503085 0.533471
0 0.486623 0.047109 0.502988 0.047109 0.502988 0.055442 0.486623 0.055442
1 0.483187 0.046865 0.486351 0.046865 0.486351 0.055793 0.483187 0.055793
1 0.029212 0.185687 0.032262 0.185687 0.032262 0.193989 0.029212 0.193989
1 0.029052 0.202621 0.032102 0.202621 0.032102 0.210924 0.029052 0.210924
1 0.307832 0.839915 0.311151 0.839915 0.311151 0.847832 0.307832 0.847832
1 0.138810 0.293307 0.142047 0.293307 0.142047 0.301330 0.138810 0.301330
1 0.178693 0.370475 0.187267 0.370475 0.187267 0.374095 0.178693 0.374095
1 0.178887 0.391142 0.187461 0.391142 0.187461 0.394761 0.178887 0.394761
1 0.443434 0.048884 0.447231 0.048884 0.447231 0.057627 0.443434 0.057627
1 0.163159 0.827195 0.178971 0.827195 0.178971 0.841960 0.163159 0.841960
0 0.696883 0.655280 0.721410 0.655280 0.721410 0.668426 0.696883 0.668426
1 0.660011 0.653762 0.680005 0.653762 0.680005 0.667022 0.660011 0.667022
1 0.662116 0.777274 0.682110 0.777274 0.682110 0.790534 0.662116 0.790534
1 0.000659 0.009485 0.004666 0.009485 0.004666 0.026325 0.000659 0.026325
1 0.016079 0.038397 0.020340 0.038397 0.020340 0.047679 0.016079 0.047679
1 0.010079 0.201497 0.014796 0.201497 0.014796 0.218511 0.010079 0.218511
1 0.095114 0.441792 0.123114 0.441792 0.123114 0.450079 0.095114 0.450079
1 0.095176 0.455478 0.123177 0.455478 0.123177 0.463765 0.095176 0.463765
1 0.095490 0.469039 0.123993 0.469039 0.123993 0.477640 0.095490 0.477640
1 0.095176 0.482725 0.123679 0.482725 0.123679 0.491326 0.095176 0.491326
1 0.095302 0.496349 0.123302 0.496349 0.123302 0.504636 0.095302 0.504636
1 0.095616 0.509909 0.124495 0.509909 0.124495 0.518510 0.095616 0.518510
1 0.095302 0.523596 0.123805 0.523596 0.123805 0.532197 0.095302 0.532197
1 0.095553 0.537533 0.124056 0.537533 0.124056 0.546134 0.095553 0.546134
0 0.120809 0.563204 0.136242 0.563204 0.136242 0.570964 0.120809 0.570964
1 0.004741 0.845830 0.013441 0.845830 0.013441 0.884100 0.004741 0.884100
1 0.018674 0.845647 0.027374 0.845647 0.027374 0.883917 0.018674 0.883917
1 0.032120 0.846073 0.040821 0.846073 0.040821 0.884343 0.032120 0.884343
1 0.046053 0.845890 0.054754 0.845890 0.054754 0.884160 0.046053 0.884160
1 0.059986 0.845890 0.068686 0.845890 0.068686 0.884160 0.059986 0.884160
1 0.073919 0.845708 0.083167 0.845708 0.083167 0.883856 0.073919 0.883856
1 0.004619 0.681615 0.013867 0.681615 0.013867 0.718364 0.004619 0.718364
1 0.017944 0.681859 0.027192 0.681859 0.027192 0.718608 0.017944 0.718608
1 0.032059 0.681554 0.041307 0.681554 0.041307 0.718303 0.032059 0.718303
1 0.045384 0.681798 0.054632 0.681798 0.054632 0.718547 0.045384 0.718547
1 0.059986 0.681737 0.069234 0.681737 0.069234 0.718486 0.059986 0.718486
1 0.073311 0.681980 0.082559 0.681980 0.082559 0.718729 0.073311 0.718729
1 0.012407 0.659834 0.016605 0.659834 0.016605 0.668656 0.012407 0.668656
1 0.013113 0.550912 0.021559 0.550912 0.021559 0.578916 0.013113 0.578916
1 0.026948 0.550801 0.035394 0.550801 0.035394 0.580027 0.026948 0.580027
1 0.040672 0.550745 0.049118 0.550745 0.049118 0.579971 0.040672 0.579971
1 0.054341 0.551134 0.062787 0.551134 0.062787 0.580360 0.054341 0.580360
1 0.067954 0.551245 0.076400 0.551245 0.076400 0.580471 0.067954 0.580471
1 0.081567 0.551245 0.090013 0.551245 0.090013 0.580471 0.081567 0.580471
