0 0.069949 0.115237 0.095455 0.115237 0.095455 0.127901 0.069949 0.127901
0 0.359720 0.123296 0.384246 0.123296 0.384246 0.136022 0.359720 0.136022
0 0.016693 0.116500 0.042763 0.116500 0.042763 0.130051 0.016693 0.130051
0 0.404815 0.118670 0.458233 0.118670 0.458233 0.146049 0.404815 0.146049
0 0.134029 0.064167 0.149493 0.064167 0.149493 0.072276 0.134029 0.072276
0 0.445425 0.089205 0.461064 0.089205 0.461064 0.097422 0.445425 0.097422
0 0.404768 0.035583 0.412949 0.035583 0.412949 0.051186 0.404768 0.051186
0 0.434215 0.027009 0.449991 0.027009 0.449991 0.035027 0.434215 0.035027
0 0.386948 0.161356 0.458805 0.161356 0.458805 0.219764 0.386948 0.219764
0 0.131164 0.032410 0.146960 0.032410 0.146960 0.040484 0.131164 0.040484
0 0.168186 0.979192 0.194373 0.979192 0.194373 0.992469 0.168186 0.992469
0 0.106277 0.808558 0.127331 0.808558 0.127331 0.842002 0.106277 0.842002
0 0.166608 0.880724 0.192536 0.880724 0.192536 0.894347 0.166608 0.894347
0 0.068271 0.913046 0.093744 0.913046 0.093744 0.926311 0.068271 0.926311
0 0.075696 0.808337 0.096738 0.808337 0.096738 0.842121 0.075696 0.842121
0 0.000687 0.964834 0.014002 0.964834 0.014002 0.990280 0.000687 0.990280
0 0.441523 0.752613 0.466667 0.752613 0.466667 0.765422 0.441523 0.765422
0 0.170994 0.943672 0.204939 0.943672 0.204939 0.964857 0.170994 0.964857
0 0.171251 0.909880 0.205313 0.909880 0.205313 0.930885 0.171251 0.930885
0 0.272236 0.920700 0.288058 0.920700 0.288058 0.929133 0.272236 0.929133
0 0.342164 0.984280 0.359098 0.984280 0.359098 0.993852 0.342164 0.993852
0 0.333039 0.893412 0.350146 0.893412 0.350146 0.902842 0.333039 0.902842
0 0.271865 0.937353 0.287528 0.937353 0.287528 0.945579 0.271865 0.945579
0 0.444400 0.884419 0.459904 0.884419 0.459904 0.892659 0.444400 0.892659
0 0.465730 0.841341 0.473782 0.841341 0.473782 0.856803 0.465730 0.856803
0 0.370178 0.970061 0.386876 0.970061 0.386876 0.979562 0.370178 0.979562
0 0.450523 0.970563 0.466273 0.970563 0.466273 0.978929 0.450523 0.978929
0 0.450853 0.952003 0.466257 0.952003 0.466257 0.960208 0.450853 0.960208
0 0.451018 0.988854 0.466418 0.988854 0.466418 0.997155 0.451018 0.997155
0 0.447212 0.917528 0.462665 0.917528 0.462665 0.925628 0.447212 0.925628
0 0.447389 0.901093 0.463027 0.901093 0.463027 0.909227 0.447389 0.909227
0 0.450923 0.935123 0.466696 0.935123 0.466696 0.943541 0.450923 0.943541
0 0.657829 0.123488 0.682069 0.123488 0.682069 0.135844 0.657829 0.135844
0 0.775744 0.197314 0.809445 0.197314 0.809445 0.218133 0.775744 0.218133
0 0.729479 0.176972 0.751137 0.176972 0.751137 0.210674 0.729479 0.210674
0 0.704159 0.119933 0.756675 0.119933 0.756675 0.146941 0.704159 0.146941
0 0.560647 0.177898 0.587991 0.177898 0.587991 0.192289 0.560647 0.192289
0 0.706486 0.035077 0.714915 0.035077 0.714915 0.050608 0.706486 0.050608
0 0.732205 0.030086 0.747680 0.030086 0.747680 0.038108 0.732205 0.038108
0 0.607621 0.185847 0.632750 0.185847 0.632750 0.198928 0.607621 0.198928
0 0.562488 0.201752 0.588159 0.201752 0.588159 0.216427 0.562488 0.216427
0 0.794306 0.160181 0.828339 0.160181 0.828339 0.181222 0.794306 0.181222
0 0.959206 0.124041 0.983466 0.124041 0.983466 0.136548 0.959206 0.136548
0 0.547709 0.224884 0.563471 0.224884 0.563471 0.232822 0.547709 0.232822
0 0.743688 0.086575 0.759352 0.086575 0.759352 0.094913 0.743688 0.094913
0 0.697170 0.208273 0.714061 0.208273 0.714061 0.217521 0.697170 0.217521
0 0.571814 0.916008 0.580004 0.916008 0.580004 0.931873 0.571814 0.931873
0 0.545150 0.706588 0.570666 0.706588 0.570666 0.719887 0.545150 0.719887
0 0.862677 0.790292 0.876788 0.790292 0.876788 0.817533 0.862677 0.817533
0 0.683333 0.785471 0.691561 0.785471 0.691561 0.801175 0.683333 0.801175
0 0.837212 0.790350 0.851172 0.790350 0.851172 0.817485 0.837212 0.817485
0 0.719855 0.703596 0.736239 0.703596 0.736239 0.712467 0.719855 0.712467
0 0.742312 0.849794 0.752210 0.849794 0.752210 0.866635 0.742312 0.866635
0 0.727380 0.603689 0.740257 0.603689 0.740257 0.628748 0.727380 0.628748
0 0.687394 0.859888 0.703228 0.859888 0.703228 0.867940 0.687394 0.867940
0 0.803646 0.834639 0.813309 0.834639 0.813309 0.851508 0.803646 0.851508
0 0.689265 0.969097 0.697450 0.969097 0.697450 0.984919 0.689265 0.984919
0 0.687315 0.923117 0.695443 0.923117 0.695443 0.938995 0.687315 0.938995
0 0.548558 0.960285 0.556840 0.960285 0.556840 0.976052 0.548558 0.976052
0 0.693019 0.722518 0.709027 0.722518 0.709027 0.730652 0.693019 0.730652
0 0.789863 0.736982 0.797944 0.736982 0.797944 0.752913 0.789863 0.752913
0 0.766261 0.776855 0.775649 0.776855 0.775649 0.793201 0.766261 0.793201
0 0.481651 0.835855 0.489924 0.835855 0.489924 0.851634 0.481651 0.851634
0 0.720543 0.684880 0.736981 0.684880 0.736981 0.694265 0.720543 0.694265
0 0.491689 0.769670 0.507638 0.769670 0.507638 0.777622 0.491689 0.777622
0 0.488148 0.968529 0.496570 0.968529 0.496570 0.984158 0.488148 0.984158
0 0.787167 0.834512 0.795337 0.834512 0.795337 0.850198 0.787167 0.850198
0 0.852602 0.860046 0.869483 0.860046 0.869483 0.869782 0.852602 0.869782
0 0.725579 0.850231 0.733833 0.850231 0.733833 0.865758 0.725579 0.865758
0 0.586457 0.783175 0.594846 0.783175 0.594846 0.799109 0.586457 0.799109
1 0.042738 0.114903 0.046230 0.114903 0.046230 0.130867 0.042738 0.130867
1 0.149842 0.064096 0.153637 0.064096 0.153637 0.073043 0.149842 0.073043
1 0.066468 0.113436 0.069905 0.113436 0.069905 0.128733 0.066468 0.128733
1 0.095532 0.113783 0.098880 0.113783 0.098880 0.128564 0.095532 0.128564
1 0.147626 0.031605 0.151075 0.031605 0.151075 0.040676 0.147626 0.040676
1 0.127292 0.032276 0.130986 0.032276 0.130986 0.040902 0.127292 0.040902
1 0.013010 0.114852 0.016506 0.114852 0.016506 0.130506 0.013010 0.130506
1 0.129944 0.063602 0.133742 0.063602 0.133742 0.072639 0.129944 0.072639
1 0.104820 0.842158 0.128853 0.842158 0.128853 0.850958 0.104820 0.850958
1 0.074035 0.842286 0.098070 0.842286 0.098070 0.850648 0.074035 0.850648
1 0.104977 0.799664 0.128822 0.799664 0.128822 0.808182 0.104977 0.808182
1 0.161639 0.941032 0.170892 0.941032 0.170892 0.966992 0.161639 0.966992
1 0.205123 0.941838 0.213454 0.941838 0.213454 0.965854 0.205123 0.965854
1 0.205576 0.907668 0.213606 0.907668 0.213606 0.931745 0.205576 0.931745
1 0.161633 0.906873 0.171245 0.906873 0.171245 0.932913 0.161633 0.932913
1 0.074322 0.799431 0.098140 0.799431 0.098140 0.808067 0.074322 0.808067
1 0.192469 0.879099 0.196547 0.879099 0.196547 0.895016 0.192469 0.895016
1 0.163929 0.977845 0.167908 0.977845 0.167908 0.993763 0.163929 0.993763
1 0.093964 0.911506 0.097691 0.911506 0.097691 0.927170 0.093964 0.927170
1 0.162635 0.879265 0.166567 0.879265 0.166567 0.894819 0.162635 0.894819
1 0.064122 0.911930 0.068204 0.911930 0.068204 0.927558 0.064122 0.927558
1 -0.000070 0.959633 0.015731 0.959633 0.015731 0.964220 -0.000070 0.964220
1 0.000050 0.990651 0.015791 0.990651 0.015791 0.994521 0.000050 0.994521
1 0.194268 0.978390 0.198223 0.978390 0.198223 0.993835 0.194268 0.993835
1 0.394187 0.117141 0.404600 0.117141 0.404600 0.146751 0.394187 0.146751
1 0.458447 0.117599 0.468888 0.117599 0.468888 0.146564 0.458447 0.146564
1 0.458348 0.168933 0.478835 0.168933 0.478835 0.212186 0.458348 0.212186
1 0.368389 0.169751 0.386288 0.169751 0.386288 0.212350 0.368389 0.212350
1 0.384271 0.121524 0.388628 0.121524 0.388628 0.137099 0.384271 0.137099
1 0.355534 0.121609 0.359745 0.121609 0.359745 0.137607 0.355534 0.137607
1 0.441962 0.088766 0.445616 0.088766 0.445616 0.097577 0.441962 0.097577
1 0.450509 0.026446 0.454022 0.026446 0.454022 0.034921 0.450509 0.034921
1 0.430677 0.026883 0.434229 0.026883 0.434229 0.035456 0.430677 0.035456
1 0.461039 0.088951 0.465561 0.088951 0.465561 0.097882 0.461039 0.097882
1 0.404299 0.051217 0.413504 0.051217 0.413504 0.054182 0.404299 0.054182
1 0.404779 0.031859 0.413457 0.031859 0.413457 0.035436 0.404779 0.035436
1 0.282008 0.601692 0.307127 0.601692 0.307127 0.621622 0.282008 0.621622
1 0.481870 0.831984 0.490046 0.831984 0.490046 0.835925 0.481870 0.835925
1 0.329692 0.893166 0.332985 0.893166 0.332985 0.902991 0.329692 0.902991
1 0.287840 0.937566 0.291352 0.937566 0.291352 0.946096 0.287840 0.946096
1 0.288314 0.920895 0.291669 0.920895 0.291669 0.929275 0.288314 0.929275
1 0.465951 0.856804 0.473827 0.856804 0.473827 0.860186 0.465951 0.860186
1 0.465920 0.837450 0.473637 0.837450 0.473637 0.841213 0.465920 0.841213
1 0.488230 0.769621 0.491799 0.769621 0.491799 0.777777 0.488230 0.777777
1 0.281357 0.796139 0.306781 0.796139 0.306781 0.812859 0.281357 0.812859
1 0.466966 0.751126 0.470768 0.751126 0.470768 0.766750 0.466966 0.766750
1 0.338383 0.984611 0.341912 0.984611 0.341912 0.993494 0.338383 0.993494
1 0.366899 0.970237 0.370128 0.970237 0.370128 0.979588 0.366899 0.979588
1 0.350136 0.892967 0.353088 0.892967 0.353088 0.902814 0.350136 0.902814
1 0.459998 0.884928 0.462966 0.884928 0.462966 0.892174 0.459998 0.892174
1 0.437117 0.749879 0.441593 0.749879 0.441593 0.766234 0.437117 0.766234
1 0.268863 0.920880 0.272243 0.920880 0.272243 0.929136 0.268863 0.929136
1 0.268133 0.937433 0.271512 0.937433 0.271512 0.945685 0.268133 0.945685
1 0.387111 0.969815 0.391135 0.969815 0.391135 0.979567 0.387111 0.979567
1 0.444891 0.901346 0.447388 0.901346 0.447388 0.908768 0.444891 0.908768
1 0.488756 0.984234 0.496154 0.984234 0.496154 0.986882 0.488756 0.986882
1 0.463311 0.901400 0.466597 0.901400 0.466597 0.909379 0.463311 0.909379
1 0.448267 0.971326 0.450676 0.971326 0.450676 0.978511 0.448267 0.978511
1 0.488756 0.965225 0.495965 0.965225 0.495965 0.968605 0.488756 0.968605
1 0.448368 0.935577 0.450980 0.935577 0.450980 0.942706 0.448368 0.942706
1 0.444628 0.918177 0.447254 0.918177 0.447254 0.925280 0.444628 0.925280
1 0.463050 0.917927 0.465931 0.917927 0.465931 0.925580 0.463050 0.925580
1 0.359615 0.984559 0.363396 0.984559 0.363396 0.993470 0.359615 0.993470
1 0.447940 0.989288 0.451047 0.989288 0.451047 0.996875 0.447940 0.996875
1 0.466495 0.952625 0.469245 0.952625 0.469245 0.959757 0.466495 0.959757
1 0.466482 0.935387 0.469153 0.935387 0.469153 0.942995 0.466482 0.942995
1 0.441774 0.884452 0.444496 0.884452 0.444496 0.891966 0.441774 0.891966
1 0.448372 0.952405 0.450893 0.952405 0.450893 0.959765 0.448372 0.959765
1 0.466587 0.989572 0.469789 0.989572 0.469789 0.996774 0.466587 0.996774
1 0.466300 0.971414 0.469067 0.971414 0.469067 0.978580 0.466300 0.978580
1 0.481631 0.851757 0.490114 0.851757 0.490114 0.855375 0.481631 0.855375
1 0.727586 0.210873 0.753348 0.210873 0.753348 0.220269 0.727586 0.220269
1 0.693759 0.118886 0.703417 0.118886 0.703417 0.147874 0.693759 0.147874
1 0.633153 0.184578 0.637528 0.184578 0.637528 0.200500 0.633153 0.200500
1 0.728768 0.167813 0.752703 0.167813 0.752703 0.176614 0.728768 0.176614
1 0.557872 0.200539 0.562053 0.200539 0.562053 0.217291 0.557872 0.217291
1 0.603610 0.184417 0.607366 0.184417 0.607366 0.200393 0.603610 0.200393
1 0.706235 0.050807 0.715497 0.050807 0.715497 0.053998 0.706235 0.053998
1 0.727925 0.029477 0.732015 0.029477 0.732015 0.038432 0.727925 0.038432
1 0.693655 0.208094 0.697032 0.208094 0.697032 0.217149 0.693655 0.217149
1 0.557410 0.176931 0.560516 0.176931 0.560516 0.193029 0.557410 0.193029
1 0.681982 0.121650 0.686331 0.121650 0.686331 0.137684 0.681982 0.137684
1 0.714041 0.208680 0.718144 0.208680 0.718144 0.217558 0.714041 0.217558
1 0.653658 0.122074 0.657939 0.122074 0.657939 0.138157 0.653658 0.138157
1 0.706170 0.030679 0.715252 0.030679 0.715252 0.034867 0.706170 0.034867
1 0.588078 0.176728 0.591806 0.176728 0.591806 0.193128 0.588078 0.193128
1 0.588270 0.200897 0.592212 0.200897 0.592212 0.216945 0.588270 0.216945
1 0.544175 0.225048 0.547820 0.225048 0.547820 0.232857 0.544175 0.232857
1 0.563782 0.224709 0.567365 0.224709 0.567365 0.233412 0.563782 0.233412
1 0.570745 0.705116 0.575354 0.705116 0.575354 0.720876 0.570745 0.720876
1 0.540350 0.705003 0.545040 0.705003 0.545040 0.720914 0.540350 0.720914
1 0.725995 0.599066 0.741965 0.599066 0.741965 0.603313 0.725995 0.603313
1 0.716739 0.684837 0.720391 0.684837 0.720391 0.694234 0.716739 0.694234
1 0.736973 0.685245 0.740467 0.685245 0.740467 0.694253 0.736973 0.694253
1 0.716548 0.703778 0.720130 0.703778 0.720130 0.712577 0.716548 0.712577
1 0.725521 0.628881 0.742029 0.628881 0.742029 0.633079 0.725521 0.633079
1 0.708794 0.722621 0.711781 0.722621 0.711781 0.730605 0.708794 0.730605
1 0.689289 0.722346 0.692939 0.722346 0.692939 0.730586 0.689289 0.730586
1 0.736905 0.703721 0.739858 0.703721 0.739858 0.712887 0.736905 0.712887
1 0.572085 0.912735 0.579882 0.912735 0.579882 0.915954 0.572085 0.915954
1 0.683628 0.782002 0.691385 0.782002 0.691385 0.785313 0.683628 0.785313
1 0.586697 0.779851 0.594356 0.779851 0.594356 0.783145 0.586697 0.783145
1 0.507797 0.769877 0.511771 0.769877 0.511771 0.777447 0.507797 0.777447
1 0.687458 0.919353 0.695098 0.919353 0.695098 0.922927 0.687458 0.922927
1 0.743209 0.846748 0.751044 0.846748 0.751044 0.849828 0.743209 0.849828
1 0.687567 0.938970 0.695653 0.938970 0.695653 0.941322 0.687567 0.941322
1 0.586392 0.799212 0.594812 0.799212 0.594812 0.802188 0.586392 0.802188
1 0.548538 0.976180 0.556463 0.976180 0.556463 0.978779 0.548538 0.978779
1 0.548801 0.956669 0.556590 0.956669 0.556590 0.960153 0.548801 0.960153
1 0.683697 0.801232 0.691739 0.801232 0.691739 0.804008 0.683697 0.804008
1 0.689970 0.966152 0.697188 0.966152 0.697188 0.969223 0.689970 0.969223
1 0.572130 0.931903 0.580108 0.931903 0.580108 0.934494 0.572130 0.934494
1 0.684085 0.859792 0.687386 0.859792 0.687386 0.868178 0.684085 0.868178
1 0.726115 0.846477 0.733626 0.846477 0.733626 0.850119 0.726115 0.850119
1 0.689643 0.985215 0.696933 0.985215 0.696933 0.987650 0.689643 0.987650
1 0.725713 0.865942 0.733584 0.865942 0.733584 0.868430 0.725713 0.868430
1 0.703305 0.860120 0.707054 0.860120 0.707054 0.868597 0.703305 0.868597
1 0.785834 0.158333 0.794511 0.158333 0.794511 0.182488 0.785834 0.182488
1 0.828636 0.158706 0.836818 0.158706 0.836818 0.182347 0.828636 0.182347
1 0.809700 0.195491 0.817980 0.195491 0.817980 0.219980 0.809700 0.219980
1 0.756981 0.118849 0.768454 0.118849 0.768454 0.148266 0.756981 0.148266
1 0.983576 0.122508 0.988570 0.122508 0.988570 0.137606 0.983576 0.137606
1 0.766949 0.195920 0.775395 0.195920 0.775395 0.220064 0.766949 0.220064
1 0.954681 0.122711 0.959392 0.122711 0.959392 0.137941 0.954681 0.137941
1 0.759271 0.086320 0.763444 0.086320 0.763444 0.095012 0.759271 0.095012
1 0.747874 0.029717 0.751526 0.029717 0.751526 0.037855 0.747874 0.037855
1 0.739705 0.086545 0.743715 0.086545 0.743715 0.094971 0.739705 0.094971
1 0.804610 0.675747 0.824116 0.675747 0.824116 0.700150 0.804610 0.700150
1 0.790150 0.733398 0.797867 0.733398 0.797867 0.736795 0.790150 0.736795
1 0.965254 0.675925 0.983217 0.675925 0.983217 0.700493 0.965254 0.700493
1 0.861696 0.785634 0.877809 0.785634 0.877809 0.790164 0.861696 0.790164
1 0.836172 0.785806 0.852058 0.785806 0.852058 0.790266 0.836172 0.790266
1 0.742464 0.866709 0.751161 0.866709 0.751161 0.869501 0.742464 0.869501
1 0.861720 0.817633 0.877900 0.817633 0.877900 0.822341 0.861720 0.822341
1 0.804031 0.851310 0.812446 0.851310 0.812446 0.854283 0.804031 0.854283
1 0.869443 0.860011 0.872886 0.860011 0.872886 0.869791 0.869443 0.869791
1 0.836276 0.817534 0.851949 0.817534 0.851949 0.821948 0.836276 0.821948
1 0.766810 0.773799 0.775054 0.773799 0.775054 0.776951 0.766810 0.776951
1 0.766549 0.793300 0.775657 0.793300 0.775657 0.796619 0.766549 0.796619
1 0.787091 0.850307 0.795214 0.850307 0.795214 0.853031 0.787091 0.853031
1 0.804650 0.831322 0.812532 0.831322 0.812532 0.834885 0.804650 0.834885
1 0.787830 0.831137 0.794665 0.831137 0.794665 0.834050 0.787830 0.834050
1 0.849076 0.860384 0.852817 0.860384 0.852817 0.869572 0.849076 0.869572
1 0.789493 0.752767 0.798889 0.752767 0.798889 0.756152 0.789493 0.756152
0 0.207165 0.620596 0.377481 0.620596 0.377481 0.794507 0.207165 0.794507
0 0.825873 0.617231 0.964244 0.617231 0.964244 0.757589 0.825873 0.757589
1 0.520105 0.968065 0.535965 0.968065 0.535965 0.972682 0.520105 0.972682
0 0.521296 0.973203 0.533880 0.973203 0.533880 0.997626 0.521296 0.997626
0 0.001182 0.152116 0.051593 0.152116 0.051593 0.191729 0.001182 0.191729
1 0.051891 0.145265 0.066038 0.145265 0.066038 0.199324 0.051891 0.199324
1 0.000363 0.049806 0.008703 0.049806 0.008703 0.085622 0.000363 0.085622
1 0.013469 0.049582 0.021808 0.049582 0.021808 0.085398 0.013469 0.085398
1 0.027691 0.049806 0.036030 0.049806 0.036030 0.085622 0.027691 0.085622
1 0.040945 0.049582 0.049508 0.049582 0.049508 0.086069 0.040945 0.086069
1 0.082048 0.049582 0.090611 0.049582 0.090611 0.086069 0.082048 0.086069
1 0.068645 0.049806 0.076910 0.049806 0.076910 0.084877 0.068645 0.084877
1 0.054571 0.049582 0.062911 0.049582 0.062911 0.085398 0.054571 0.085398
1 0.096046 0.049955 0.104982 0.049955 0.104982 0.084952 0.096046 0.084952
1 0.167865 0.013272 0.195289 0.013272 0.195289 0.021556 0.167865 0.021556
1 0.167294 0.027032 0.195242 0.027032 0.195242 0.035173 0.167294 0.035173
1 0.166913 0.067692 0.195099 0.067692 0.195099 0.077214 0.166913 0.077214
1 0.167341 0.040744 0.195289 0.040744 0.195289 0.048885 0.167341 0.048885
1 0.168103 0.053932 0.195099 0.053932 0.195099 0.062502 0.168103 0.062502
1 0.206049 0.086403 0.214524 0.086403 0.214524 0.114208 0.206049 0.114208
1 0.219904 0.086926 0.228474 0.086926 0.228474 0.114303 0.219904 0.114303
1 0.233283 0.087117 0.241853 0.087117 0.241853 0.114493 0.233283 0.114493
1 0.247090 0.086879 0.255470 0.086879 0.255470 0.115398 0.247090 0.115398
1 0.260469 0.087069 0.269182 0.087069 0.269182 0.115493 0.260469 0.115493
1 0.274419 0.087164 0.282989 0.087164 0.282989 0.114541 0.274419 0.114541
1 0.287702 0.087355 0.296415 0.087355 0.296415 0.115779 0.287702 0.115779
1 0.301462 0.087164 0.309984 0.087164 0.309984 0.116207 0.301462 0.116207
1 0.314698 0.087117 0.323458 0.087117 0.323458 0.114541 0.314698 0.114541
1 0.328648 0.087212 0.337408 0.087212 0.337408 0.114636 0.328648 0.114636
1 0.341979 0.087069 0.350454 0.087069 0.350454 0.115779 0.341979 0.115779
1 0.363451 0.013891 0.390352 0.013891 0.390352 0.022223 0.363451 0.022223
1 0.363594 0.027460 0.390495 0.027460 0.390495 0.035792 0.363594 0.035792
1 0.363261 0.041077 0.390161 0.041077 0.390161 0.049409 0.363261 0.049409
1 0.363404 0.054837 0.390304 0.054837 0.390304 0.063168 0.363404 0.063168
1 0.363261 0.068453 0.390352 0.068453 0.390352 0.076642 0.363261 0.076642
1 0.466958 0.012367 0.494572 0.012367 0.494572 0.020842 0.466958 0.020842
1 0.467196 0.025984 0.494810 0.025984 0.494810 0.034459 0.467196 0.034459
1 0.467101 0.039172 0.494715 0.039172 0.494715 0.047647 0.467101 0.047647
1 0.467339 0.052789 0.494953 0.052789 0.494953 0.061264 0.467339 0.061264
1 0.467148 0.066835 0.495191 0.066835 0.495191 0.076785 0.467148 0.076785
1 0.505951 0.085736 0.514283 0.085736 0.514283 0.113303 0.505951 0.113303
1 0.519330 0.085831 0.527662 0.085831 0.527662 0.113398 0.519330 0.113398
1 0.533280 0.085974 0.541612 0.085974 0.541612 0.113541 0.533280 0.113541
1 0.546659 0.086069 0.554991 0.086069 0.554991 0.113636 0.546659 0.113636
1 0.560228 0.086450 0.568560 0.086450 0.568560 0.114017 0.560228 0.114017
1 0.573607 0.086545 0.582415 0.086545 0.582415 0.113255 0.573607 0.113255
1 0.587557 0.086688 0.596079 0.086688 0.596079 0.114684 0.587557 0.114684
1 0.600935 0.086784 0.609315 0.086784 0.609315 0.115017 0.600935 0.115017
1 0.614933 0.086545 0.623122 0.086545 0.623122 0.113636 0.614933 0.113636
1 0.628407 0.086545 0.636834 0.086545 0.636834 0.113684 0.628407 0.113684
1 0.642167 0.086545 0.650546 0.086545 0.650546 0.114779 0.642167 0.114779
1 0.663261 0.012891 0.690320 0.012891 0.690320 0.021114 0.663261 0.021114
1 0.662928 0.026393 0.690376 0.026393 0.690376 0.034894 0.662928 0.034894
1 0.662261 0.067287 0.690154 0.067287 0.690154 0.075511 0.662261 0.075511
1 0.662205 0.053563 0.690265 0.053563 0.690265 0.062009 0.662205 0.062009
1 0.662372 0.039950 0.689820 0.039950 0.689820 0.048729 0.662372 0.048729
1 0.764887 0.012835 0.792390 0.012835 0.792390 0.021281 0.764887 0.021281
1 0.764553 0.026226 0.792613 0.026226 0.792613 0.034894 0.764553 0.034894
1 0.764664 0.040006 0.792724 0.040006 0.792724 0.048896 0.764664 0.048896
1 0.765442 0.054063 0.792946 0.054063 0.792946 0.062509 0.765442 0.062509
1 0.765276 0.067343 0.792779 0.067343 0.792779 0.076900 0.765276 0.076900
1 0.804059 0.086457 0.812060 0.086457 0.812060 0.114183 0.804059 0.114183
1 0.816950 0.087124 0.825562 0.087124 0.825562 0.114016 0.816950 0.114016
1 0.831118 0.087235 0.839008 0.087235 0.839008 0.114516 0.831118 0.114516
1 0.843898 0.087457 0.852677 0.087457 0.852677 0.115072 0.843898 0.115072
1 0.885459 0.087679 0.893349 0.087679 0.893349 0.115239 0.885459 0.115239
1 0.898517 0.087790 0.907296 0.087790 0.907296 0.115405 0.898517 0.115405
1 0.871346 0.087790 0.879958 0.087790 0.879958 0.114683 0.871346 0.114683
1 0.858511 0.087235 0.866401 0.087235 0.866401 0.115461 0.858511 0.115461
1 0.940023 0.087401 0.948802 0.087401 0.948802 0.115016 0.940023 0.115016
1 0.912796 0.087290 0.921409 0.087290 0.921409 0.114183 0.912796 0.114183
1 0.926243 0.087457 0.934855 0.087457 0.934855 0.114350 0.926243 0.114350
1 0.960748 0.013391 0.988252 0.013391 0.988252 0.021670 0.960748 0.021670
1 0.960914 0.027282 0.988418 0.027282 0.988418 0.035561 0.960914 0.035561
1 0.960748 0.040728 0.988252 0.040728 0.988252 0.049007 0.960748 0.049007
1 0.960859 0.054452 0.988363 0.054452 0.988363 0.062731 0.960859 0.062731
1 0.960803 0.068065 0.988307 0.068065 0.988307 0.076344 0.960803 0.076344
