0 0.663748 0.430796 0.832260 0.430796 0.832260 0.599743 0.663748 0.599743
0 0.253184 0.384185 0.354179 0.384185 0.354179 0.487376 0.253184 0.487376
0 0.433951 0.390771 0.533848 0.390771 0.533848 0.492499 0.433951 0.492499
1 0.534324 0.386783 0.596859 0.386783 0.596859 0.416647 0.534324 0.416647
0 0.256477 0.516650 0.357838 0.516650 0.357838 0.622036 0.256477 0.622036
0 0.432487 0.521773 0.532750 0.521773 0.532750 0.626427 0.432487 0.626427
0 0.299337 0.747658 0.356265 0.747658 0.356265 0.822662 0.299337 0.822662
1 0.534644 0.466348 0.596266 0.466348 0.596266 0.494742 0.534644 0.494742
0 0.791233 0.896224 0.805377 0.896224 0.805377 0.921957 0.791233 0.921957
1 0.532563 0.517952 0.596106 0.517952 0.596106 0.548295 0.532563 0.548295
1 0.532973 0.598453 0.594426 0.598453 0.594426 0.625700 0.532973 0.625700
1 0.399788 0.394142 0.433951 0.394142 0.433951 0.487742 0.399788 0.487742
0 0.173181 0.700708 0.191908 0.700708 0.191908 0.747279 0.173181 0.747279
1 0.188946 0.383808 0.252818 0.383808 0.252818 0.411263 0.188946 0.411263
1 0.189167 0.516462 0.256843 0.516462 0.256843 0.544094 0.189167 0.544094
1 0.189355 0.462480 0.252818 0.462480 0.252818 0.491401 0.189355 0.491401
0 0.437696 0.716090 0.495329 0.716090 0.495329 0.789858 0.437696 0.789858
0 0.782714 0.944654 0.808229 0.944654 0.808229 0.958420 0.782714 0.958420
0 0.161670 0.770611 0.195850 0.770611 0.195850 0.791740 0.161670 0.791740
0 0.822797 0.927635 0.836987 0.927635 0.836987 0.953770 0.822797 0.953770
0 0.923637 0.967444 0.937910 0.967444 0.937910 0.993413 0.923637 0.993413
0 0.805070 0.679152 0.831278 0.679152 0.831278 0.692727 0.805070 0.692727
0 0.970578 0.962243 0.978394 0.962243 0.978394 0.978173 0.970578 0.978173
0 0.939405 0.889896 0.953916 0.889896 0.953916 0.916192 0.939405 0.916192
0 0.960618 0.842842 0.974732 0.842842 0.974732 0.868585 0.960618 0.868585
0 0.917497 0.890445 0.931538 0.890445 0.931538 0.916215 0.917497 0.916215
0 0.847775 0.877182 0.861815 0.877182 0.861815 0.903106 0.847775 0.903106
0 0.823790 0.874034 0.837830 0.874034 0.837830 0.899960 0.823790 0.899960
0 0.523679 0.713735 0.561311 0.713735 0.561311 0.782041 0.523679 0.782041
0 0.864180 0.792760 0.890282 0.792760 0.890282 0.806794 0.864180 0.806794
0 0.961532 0.890677 0.975705 0.890677 0.975705 0.916765 0.961532 0.916765
0 0.830812 0.833246 0.845035 0.833246 0.845035 0.858907 0.830812 0.858907
0 0.907759 0.534473 0.915885 0.534473 0.915885 0.550493 0.907759 0.550493
0 0.875488 0.887965 0.889573 0.887965 0.889573 0.913808 0.875488 0.913808
1 0.353813 0.390405 0.384923 0.390405 0.384923 0.481303 0.353813 0.481303
1 0.192454 0.716747 0.209552 0.716747 0.209552 0.731849 0.192454 0.731849
1 0.307347 0.730404 0.347883 0.730404 0.347883 0.746340 0.307347 0.746340
0 0.742522 0.945308 0.756364 0.945308 0.756364 0.971278 0.742522 0.971278
0 0.873696 0.960729 0.888047 0.960729 0.888047 0.986654 0.873696 0.986654
0 0.889137 0.845120 0.902671 0.845120 0.902671 0.870858 0.889137 0.870858
0 0.500593 0.956263 0.518744 0.956263 0.518744 0.988915 0.500593 0.988915
1 0.306151 0.823270 0.349388 0.823270 0.349388 0.840724 0.306151 0.840724
1 0.529074 0.695880 0.556884 0.695880 0.556884 0.713418 0.529074 0.713418
1 0.528423 0.782357 0.557008 0.782357 0.557008 0.801328 0.528423 0.801328
1 0.446130 0.698118 0.487344 0.698118 0.487344 0.716098 0.446130 0.716098
0 0.546757 0.962265 0.555636 0.962265 0.555636 0.978364 0.546757 0.978364
0 0.605623 0.427516 0.615079 0.427516 0.615079 0.443696 0.605623 0.443696
1 0.399003 0.526787 0.432487 0.526787 0.432487 0.619475 0.399003 0.619475
1 0.444357 0.790096 0.487930 0.790096 0.487930 0.808760 0.444357 0.808760
1 0.195967 0.768802 0.204670 0.768802 0.204670 0.794184 0.195967 0.794184
0 0.808867 0.645449 0.824597 0.645449 0.824597 0.653386 0.808867 0.653386
0 0.147620 0.427691 0.164265 0.427691 0.164265 0.436380 0.147620 0.436380
0 0.963147 0.674905 0.972361 0.674905 0.972361 0.691773 0.963147 0.691773
1 0.152255 0.769662 0.161639 0.769662 0.161639 0.793360 0.152255 0.793360
0 0.147788 0.443589 0.163984 0.443589 0.163984 0.452317 0.147788 0.452317
1 0.156867 0.734383 0.172390 0.734383 0.172390 0.746924 0.156867 0.746924
0 0.572743 0.447191 0.589335 0.447191 0.589335 0.455880 0.572743 0.455880
0 0.738244 0.377147 0.754140 0.377147 0.754140 0.384920 0.738244 0.384920
1 0.358204 0.523236 0.385069 0.523236 0.385069 0.615002 0.358204 0.615002
0 0.954602 0.940088 0.971320 0.940088 0.971320 0.949620 0.954602 0.949620
0 0.538766 0.653415 0.554816 0.653415 0.554816 0.662755 0.538766 0.662755
1 0.635057 0.557826 0.663292 0.557826 0.663292 0.564154 0.635057 0.564154
1 0.832994 0.533426 0.863393 0.533426 0.863393 0.539493 0.832994 0.539493
1 0.158035 0.701662 0.173254 0.701662 0.173254 0.714352 0.158035 0.714352
1 0.635792 0.515026 0.663475 0.515026 0.663475 0.521495 0.635792 0.521495
0 0.161266 0.410321 0.177444 0.410321 0.177444 0.418990 0.161266 0.418990
1 0.833637 0.576178 0.862571 0.576178 0.862571 0.583223 0.833637 0.583223
1 0.832365 0.447188 0.862711 0.447188 0.862711 0.454058 0.832365 0.454058
1 0.832841 0.550404 0.863171 0.550404 0.863171 0.556432 0.832841 0.556432
1 0.833056 0.490618 0.863206 0.490618 0.863206 0.496786 0.833056 0.496786
1 0.832950 0.542064 0.863364 0.542064 0.863364 0.547982 0.832950 0.547982
1 0.832795 0.524863 0.863465 0.524863 0.863465 0.531038 0.832795 0.531038
1 0.833106 0.482134 0.863239 0.482134 0.863239 0.488144 0.833106 0.488144
1 0.635037 0.549300 0.663285 0.549300 0.663285 0.555527 0.635037 0.555527
1 0.636062 0.506574 0.663363 0.506574 0.663363 0.512866 0.636062 0.512866
1 0.832359 0.456437 0.862836 0.456437 0.862836 0.462633 0.832359 0.462633
1 0.635596 0.463951 0.663361 0.463951 0.663361 0.470254 0.635596 0.470254
1 0.832786 0.499125 0.863164 0.499125 0.863164 0.505250 0.832786 0.505250
0 0.953219 0.961760 0.962016 0.961760 0.962016 0.978413 0.953219 0.978413
1 0.810045 0.400865 0.816819 0.400865 0.816819 0.430280 0.810045 0.430280
0 0.991018 0.952170 0.998987 0.952170 0.998987 0.968034 0.991018 0.968034
1 0.832948 0.567693 0.862618 0.567693 0.862618 0.573663 0.832948 0.573663
1 0.832832 0.507607 0.863322 0.507607 0.863322 0.513813 0.832832 0.513813
1 0.636198 0.498009 0.663342 0.498009 0.663342 0.504290 0.636198 0.504290
1 0.681137 0.400493 0.688116 0.400493 0.688116 0.429561 0.681137 0.429561
1 0.634895 0.566345 0.663164 0.566345 0.663164 0.572648 0.634895 0.572648
1 0.724655 0.599242 0.730667 0.599242 0.730667 0.629111 0.724655 0.629111
1 0.741976 0.599552 0.747819 0.599552 0.747819 0.628978 0.741976 0.628978
1 0.959447 0.868752 0.976111 0.868752 0.976111 0.872812 0.959447 0.872812
1 0.635190 0.489638 0.663502 0.489638 0.663502 0.495880 0.635190 0.495880
1 0.733334 0.599376 0.739234 0.599376 0.739234 0.629158 0.733334 0.629158
1 0.634963 0.540755 0.663204 0.540755 0.663204 0.547257 0.634963 0.547257
1 0.784672 0.599561 0.790386 0.599561 0.790386 0.629118 0.784672 0.629118
1 0.832870 0.516341 0.863255 0.516341 0.863255 0.522440 0.832870 0.522440
1 0.741978 0.401342 0.747831 0.401342 0.747831 0.430302 0.741978 0.430302
1 0.635229 0.574875 0.663119 0.574875 0.663119 0.582328 0.635229 0.582328
1 0.833076 0.559068 0.862885 0.559068 0.862885 0.565128 0.833076 0.565128
1 0.775996 0.599358 0.781935 0.599358 0.781935 0.629235 0.775996 0.629235
1 0.793036 0.599653 0.799040 0.599653 0.799040 0.629084 0.793036 0.629084
1 0.733457 0.401462 0.739264 0.401462 0.739264 0.430282 0.733457 0.430282
1 0.635196 0.472314 0.663375 0.472314 0.663375 0.478859 0.635196 0.478859
1 0.699125 0.599179 0.705039 0.599179 0.705039 0.627992 0.699125 0.627992
1 0.832974 0.473621 0.863035 0.473621 0.863035 0.479725 0.832974 0.479725
1 0.758862 0.599621 0.764861 0.599621 0.764861 0.629045 0.758862 0.629045
1 0.635690 0.455399 0.663489 0.455399 0.663489 0.461486 0.635690 0.461486
1 0.707891 0.599384 0.713634 0.599384 0.713634 0.628982 0.707891 0.628982
1 0.716240 0.599439 0.722258 0.599439 0.722258 0.629134 0.716240 0.629134
1 0.750402 0.401553 0.756268 0.401553 0.756268 0.430368 0.750402 0.430368
1 0.810196 0.600200 0.817019 0.600200 0.817019 0.629213 0.810196 0.629213
1 0.767326 0.599445 0.773411 0.599445 0.773411 0.629212 0.767326 0.629212
1 0.699217 0.401217 0.705153 0.401217 0.705153 0.430229 0.699217 0.430229
1 0.635508 0.446544 0.663617 0.446544 0.663617 0.453069 0.635508 0.453069
1 0.635196 0.481090 0.663394 0.481090 0.663394 0.487332 0.635196 0.487332
1 0.750453 0.599664 0.756313 0.599664 0.756313 0.629033 0.750453 0.629033
1 0.832571 0.465176 0.862832 0.465176 0.862832 0.471238 0.832571 0.471238
1 0.635635 0.523585 0.663192 0.523585 0.663192 0.529866 0.635635 0.529866
1 0.801705 0.599844 0.807602 0.599844 0.807602 0.629204 0.801705 0.629204
1 0.724900 0.401409 0.730613 0.401409 0.730613 0.430222 0.724900 0.430222
1 0.518980 0.958357 0.532514 0.958357 0.532514 0.966043 0.518980 0.966043
1 0.784633 0.401119 0.790384 0.401119 0.790384 0.430439 0.784633 0.430439
1 0.776102 0.401142 0.781793 0.401142 0.781793 0.430345 0.776102 0.430345
1 0.690838 0.400597 0.696510 0.400597 0.696510 0.429690 0.690838 0.429690
1 0.635172 0.532085 0.663359 0.532085 0.663359 0.538487 0.635172 0.538487
1 0.484548 0.980624 0.500527 0.980624 0.500527 0.987022 0.484548 0.987022
1 0.690869 0.598618 0.696529 0.598618 0.696529 0.628167 0.690869 0.628167
1 0.707802 0.401153 0.713575 0.401153 0.713575 0.430244 0.707802 0.430244
1 0.801537 0.401107 0.807434 0.401107 0.807434 0.430527 0.801537 0.430527
1 0.793067 0.401153 0.799035 0.401153 0.799035 0.430583 0.793067 0.430583
1 0.484868 0.969582 0.500296 0.969582 0.500296 0.976610 0.484868 0.976610
1 0.790812 0.892286 0.806628 0.892286 0.806628 0.896149 0.790812 0.896149
1 0.758985 0.402081 0.764872 0.402081 0.764872 0.430277 0.758985 0.430277
1 0.767460 0.401226 0.773280 0.401226 0.773280 0.430282 0.767460 0.430282
1 0.716279 0.401345 0.722203 0.401345 0.722203 0.430217 0.716279 0.430217
1 0.519092 0.980294 0.532135 0.980294 0.532135 0.987679 0.519092 0.987679
1 0.484782 0.958618 0.500407 0.958618 0.500407 0.965360 0.484782 0.965360
1 0.938416 0.916236 0.954672 0.916236 0.954672 0.920613 0.938416 0.920613
1 0.823537 0.869849 0.838986 0.869849 0.838986 0.874007 0.823537 0.874007
1 0.682379 0.598625 0.688007 0.598625 0.688007 0.627769 0.682379 0.627769
1 0.830249 0.828954 0.845836 0.828954 0.845836 0.833018 0.830249 0.833018
1 0.187799 0.593912 0.256241 0.593912 0.256241 0.623608 0.187799 0.623608
1 0.959777 0.838929 0.975842 0.838929 0.975842 0.842765 0.959777 0.842765
1 0.887499 0.841001 0.903890 0.841001 0.903890 0.844955 0.887499 0.844955
1 0.741828 0.940857 0.757277 0.940857 0.757277 0.945274 0.741828 0.945274
1 0.922547 0.963336 0.938630 0.963336 0.938630 0.967401 0.922547 0.967401
1 0.808441 0.943939 0.812732 0.943939 0.812732 0.959317 0.808441 0.959317
1 0.922401 0.993669 0.938589 0.993669 0.938589 0.997566 0.922401 0.997566
1 0.754251 0.376909 0.757808 0.376909 0.757808 0.384836 0.754251 0.384836
1 0.916929 0.916339 0.932132 0.916339 0.932132 0.919774 0.916929 0.919774
1 0.874664 0.883912 0.890558 0.883912 0.890558 0.887716 0.874664 0.887716
1 0.831256 0.677602 0.835781 0.677602 0.835781 0.693984 0.831256 0.693984
1 0.800903 0.677876 0.805056 0.677876 0.805056 0.693796 0.800903 0.693796
1 0.824561 0.645443 0.827882 0.645443 0.827882 0.653596 0.824561 0.653596
1 0.887804 0.870932 0.904312 0.870932 0.904312 0.874859 0.887804 0.874859
1 0.847320 0.872809 0.862947 0.872809 0.862947 0.877155 0.847320 0.877155
1 0.605466 0.424303 0.614845 0.424303 0.614845 0.427495 0.605466 0.427495
1 0.589332 0.447542 0.592692 0.447542 0.592692 0.455531 0.589332 0.455531
1 0.873389 0.986668 0.888990 0.986668 0.888990 0.990241 0.873389 0.990241
1 0.830150 0.858937 0.845740 0.858937 0.845740 0.862474 0.830150 0.862474
1 0.734754 0.376926 0.738285 0.376926 0.738285 0.385038 0.734754 0.385038
1 0.546833 0.958341 0.555731 0.958341 0.555731 0.962223 0.546833 0.962223
1 0.970402 0.959714 0.978444 0.959714 0.978444 0.962198 0.970402 0.962198
1 0.872985 0.956715 0.888342 0.956715 0.888342 0.960793 0.872985 0.960793
1 0.821999 0.923954 0.837425 0.923954 0.837425 0.927638 0.821999 0.927638
1 0.890471 0.791889 0.895135 0.791889 0.895135 0.807300 0.890471 0.807300
1 0.960365 0.886726 0.976728 0.886726 0.976728 0.890661 0.960365 0.890661
1 0.823376 0.900014 0.838800 0.900014 0.838800 0.903276 0.823376 0.903276
1 0.952902 0.978583 0.962417 0.978583 0.962417 0.980599 0.952902 0.980599
1 0.805473 0.645257 0.808748 0.645257 0.808748 0.653459 0.805473 0.653459
1 0.821865 0.953785 0.837548 0.953785 0.837548 0.957868 0.821865 0.957868
1 0.778450 0.943459 0.782635 0.943459 0.782635 0.959441 0.778450 0.959441
1 0.163983 0.444239 0.167034 0.444239 0.167034 0.452135 0.163983 0.452135
1 0.953203 0.959223 0.961607 0.959223 0.961607 0.961681 0.953203 0.961681
1 0.177484 0.410629 0.180803 0.410629 0.180803 0.418870 0.177484 0.418870
1 0.164325 0.427711 0.167420 0.427711 0.167420 0.436222 0.164325 0.436222
1 0.970556 0.978267 0.978756 0.978267 0.978756 0.980476 0.970556 0.980476
1 0.938809 0.886642 0.955103 0.886642 0.955103 0.890048 0.938809 0.890048
1 0.790295 0.922069 0.806343 0.922069 0.806343 0.925278 0.790295 0.925278
1 0.962961 0.671417 0.972424 0.671417 0.972424 0.674953 0.962961 0.674953
1 0.907631 0.550483 0.915968 0.550483 0.915968 0.553532 0.907631 0.553532
1 0.963016 0.691742 0.972710 0.691742 0.972710 0.695356 0.963016 0.695356
1 0.916527 0.887088 0.932952 0.887088 0.932952 0.890463 0.916527 0.890463
1 0.554929 0.653196 0.558578 0.653196 0.558578 0.662681 0.554929 0.662681
1 0.991410 0.950070 0.999088 0.950070 0.999088 0.952068 0.991410 0.952068
1 0.741636 0.971495 0.757440 0.971495 0.757440 0.975482 0.741636 0.975482
1 0.874615 0.913903 0.890306 0.913903 0.890306 0.917283 0.874615 0.917283
1 0.547057 0.978326 0.555550 0.978326 0.555550 0.981949 0.547057 0.981949
1 0.144823 0.443904 0.147761 0.443904 0.147761 0.451886 0.144823 0.451886
1 0.535392 0.653544 0.538727 0.653544 0.538727 0.662476 0.535392 0.662476
1 0.144538 0.427662 0.147523 0.427662 0.147523 0.436150 0.144538 0.436150
1 0.846897 0.903303 0.863209 0.903303 0.863209 0.906624 0.846897 0.906624
1 0.907676 0.531674 0.915978 0.531674 0.915978 0.534584 0.907676 0.534584
1 0.960280 0.916753 0.976414 0.916753 0.976414 0.920309 0.960280 0.920309
1 0.569649 0.447389 0.572747 0.447389 0.572747 0.455227 0.569649 0.455227
1 0.860433 0.791675 0.863927 0.791675 0.863927 0.807998 0.860433 0.807998
1 0.971495 0.940181 0.974957 0.940181 0.974957 0.948816 0.971495 0.948816
1 0.158083 0.410062 0.161223 0.410062 0.161223 0.418584 0.158083 0.418584
1 0.991171 0.968052 0.998904 0.968052 0.998904 0.970218 0.991171 0.970218
1 0.605600 0.443752 0.615437 0.443752 0.615437 0.447499 0.605600 0.447499
0 0.538584 0.637501 0.555860 0.637501 0.555860 0.646593 0.538584 0.646593
1 0.555743 0.637422 0.559391 0.637422 0.559391 0.646233 0.555743 0.646233
1 0.950868 0.940383 0.954330 0.940383 0.954330 0.949018 0.950868 0.949018
1 0.236516 0.428085 0.252818 0.428085 0.252818 0.443831 0.236516 0.443831
1 0.241273 0.561282 0.257575 0.561282 0.257575 0.577027 0.241273 0.577027
1 0.534013 0.434306 0.549583 0.434306 0.549583 0.449685 0.534013 0.449685
1 0.532550 0.565307 0.548119 0.565307 0.548119 0.580686 0.532550 0.580686
1 0.311761 0.983553 0.320771 0.983553 0.320771 0.987425 0.311761 0.987425
1 0.329036 0.987276 0.358151 0.987276 0.358151 0.996882 0.329036 0.996882
1 0.424422 0.987053 0.453164 0.987053 0.453164 0.997030 0.424422 0.997030
1 0.707077 0.959651 0.730533 0.959651 0.730533 0.969405 0.707077 0.969405
1 0.768285 0.965608 0.782358 0.965608 0.782358 0.971118 0.768285 0.971118
1 0.795091 0.966948 0.811845 0.966948 0.811845 0.971490 0.795091 0.971490
1 0.823684 0.967171 0.838725 0.967171 0.838725 0.971192 0.823684 0.971192
1 0.845576 0.966650 0.861287 0.966650 0.861287 0.971639 0.845576 0.971639
0 0.767764 0.971862 0.782060 0.971862 0.782060 0.997105 0.767764 0.997105
0 0.796431 0.971937 0.810728 0.971937 0.810728 0.997105 0.796431 0.997105
0 0.824429 0.971490 0.839023 0.971490 0.839023 0.996584 0.824429 0.996584
0 0.846395 0.971937 0.861138 0.971937 0.861138 0.997254 0.846395 0.997254
1 0.984223 0.647359 0.991669 0.647359 0.991669 0.686526 0.984223 0.686526
1 0.937238 0.630308 0.976851 0.630308 0.976851 0.637679 0.937238 0.637679
1 0.937015 0.619436 0.976628 0.619436 0.976628 0.626808 0.937015 0.626808
1 0.936642 0.597470 0.976256 0.597470 0.976256 0.604842 0.936642 0.604842
1 0.936866 0.608341 0.976479 0.608341 0.976479 0.615713 0.936866 0.615713
1 0.936195 0.552719 0.975809 0.552719 0.975809 0.560090 0.936195 0.560090
1 0.936419 0.563590 0.976032 0.563590 0.976032 0.570962 0.936419 0.570962
1 0.936568 0.574685 0.976181 0.574685 0.976181 0.582057 0.936568 0.582057
1 0.936791 0.585556 0.976405 0.585556 0.976405 0.592928 0.936791 0.592928
1 0.936363 0.463739 0.975200 0.463739 0.975200 0.471097 0.936363 0.471097
1 0.936475 0.474841 0.975349 0.474841 0.975349 0.481709 0.936475 0.481709
1 0.935885 0.485887 0.975498 0.485887 0.975498 0.493259 0.935885 0.493259
1 0.936108 0.496758 0.975722 0.496758 0.975722 0.504130 0.936108 0.504130
1 0.935959 0.508672 0.975573 0.508672 0.975573 0.516044 0.935959 0.516044
1 0.935955 0.519316 0.975568 0.519316 0.975568 0.526688 0.935955 0.526688
1 0.936331 0.530638 0.975945 0.530638 0.975945 0.538010 0.936331 0.538010
1 0.936555 0.541510 0.976168 0.541510 0.976168 0.548881 0.936555 0.548881
1 0.936677 0.452587 0.976291 0.452587 0.976291 0.459959 0.936677 0.459959
1 0.936512 0.441427 0.976125 0.441427 0.976125 0.448799 0.936512 0.448799
1 0.937045 0.430669 0.975918 0.430669 0.975918 0.437537 0.937045 0.437537
1 0.936817 0.419567 0.975695 0.419567 0.975695 0.426379 0.936817 0.426379
1 0.983623 0.372445 0.991469 0.372445 0.991469 0.410406 0.983623 0.410406
