0 0.490710 0.460550 0.647719 0.460550 0.647719 0.610816 0.490710 0.610816
1 0.168318 0.403261 0.239681 0.403261 0.239681 0.442312 0.168318 0.442312
1 0.169240 0.677419 0.239499 0.677419 0.239499 0.719109 0.169240 0.719109
1 0.599103 0.359916 0.628246 0.359916 0.628246 0.460032 0.599103 0.460032
0 0.544314 0.681673 0.615394 0.681673 0.615394 0.737065 0.544314 0.737065
0 0.598719 0.814350 0.619758 0.814350 0.619758 0.847934 0.598719 0.847934
1 0.512707 0.359208 0.541995 0.359208 0.541995 0.460491 0.512707 0.460491
0 0.566150 0.814359 0.587327 0.814359 0.587327 0.847892 0.566150 0.847892
0 0.072371 0.923627 0.086297 0.923627 0.086297 0.949246 0.072371 0.949246
0 0.345814 0.391926 0.359094 0.391926 0.359094 0.418037 0.345814 0.418037
0 0.404117 0.400037 0.429783 0.400037 0.429783 0.412949 0.404117 0.412949
0 0.071876 0.876015 0.086019 0.876015 0.086019 0.901665 0.071876 0.901665
0 0.129180 0.887077 0.161977 0.887077 0.161977 0.904844 0.129180 0.904844
0 0.403726 0.447771 0.429572 0.447771 0.429572 0.461244 0.403726 0.461244
0 0.632874 0.815930 0.645928 0.815930 0.645928 0.841757 0.632874 0.841757
0 0.406551 0.524456 0.432061 0.524456 0.432061 0.537252 0.406551 0.537252
0 0.027852 0.923649 0.041827 0.923649 0.041827 0.949262 0.027852 0.949262
0 0.404905 0.501983 0.430676 0.501983 0.430676 0.514970 0.404905 0.514970
0 0.050045 0.923478 0.064248 0.923478 0.064248 0.949431 0.050045 0.949431
1 0.616035 0.687436 0.635557 0.687436 0.635557 0.731252 0.616035 0.731252
0 0.414024 0.553362 0.426192 0.553362 0.426192 0.578005 0.414024 0.578005
0 0.402791 0.469978 0.428785 0.469978 0.428785 0.484682 0.402791 0.484682
0 0.086907 0.443684 0.321099 0.443684 0.321099 0.677419 0.086907 0.677419
0 0.404055 0.424425 0.429322 0.424425 0.429322 0.436968 0.404055 0.436968
1 0.523449 0.687616 0.544314 0.687616 0.544314 0.731942 0.523449 0.731942
0 0.576845 0.372213 0.587137 0.372213 0.587137 0.389184 0.576845 0.389184
0 0.410477 0.651000 0.419876 0.651000 0.419876 0.667978 0.410477 0.667978
1 0.563352 0.804172 0.589471 0.804172 0.589471 0.814335 0.563352 0.814335
0 0.197668 0.887155 0.231229 0.887155 0.231229 0.905753 0.197668 0.905753
0 0.444148 0.456794 0.457421 0.456794 0.457421 0.482300 0.444148 0.482300
1 0.597234 0.805542 0.621145 0.805542 0.621145 0.814218 0.597234 0.814218
0 0.400281 0.740206 0.409901 0.740206 0.409901 0.756507 0.400281 0.756507
1 0.564746 0.847918 0.588449 0.847918 0.588449 0.856926 0.564746 0.856926
0 0.145115 0.935974 0.160936 0.935974 0.160936 0.943527 0.145115 0.943527
0 0.112370 0.957913 0.122364 0.957913 0.122364 0.974749 0.112370 0.974749
1 0.597230 0.848089 0.621367 0.848089 0.621367 0.856936 0.597230 0.856936
0 0.411270 0.786150 0.420865 0.786150 0.420865 0.802528 0.411270 0.802528
1 0.321575 0.451279 0.361390 0.451279 0.361390 0.459295 0.321575 0.459295
1 0.047376 0.662533 0.085779 0.662533 0.085779 0.670428 0.047376 0.670428
1 0.562479 0.440281 0.577276 0.440281 0.577276 0.459903 0.562479 0.459903
0 0.104141 0.735925 0.112223 0.735925 0.112223 0.751767 0.104141 0.751767
0 0.373993 0.684696 0.391283 0.684696 0.391283 0.694130 0.373993 0.694130
1 0.046292 0.451422 0.085888 0.451422 0.085888 0.459478 0.046292 0.459478
0 0.414530 0.813198 0.431363 0.813198 0.431363 0.821928 0.414530 0.821928
0 0.103686 0.779934 0.111718 0.779934 0.111718 0.795573 0.103686 0.795573
1 0.321503 0.595787 0.362186 0.595787 0.362186 0.603870 0.321503 0.603870
0 0.406127 0.596852 0.414274 0.596852 0.414274 0.613030 0.406127 0.613030
1 0.321581 0.528952 0.362125 0.528952 0.362125 0.537090 0.321581 0.537090
1 0.294821 0.403379 0.302884 0.403379 0.302884 0.443465 0.294821 0.443465
1 0.046884 0.595806 0.086066 0.595806 0.086066 0.603961 0.046884 0.603961
0 0.343807 0.681995 0.360928 0.681995 0.360928 0.691463 0.343807 0.691463
0 0.065130 0.972732 0.082055 0.972732 0.082055 0.981965 0.065130 0.981965
1 0.321469 0.540356 0.360888 0.540356 0.360888 0.548294 0.321469 0.548294
0 0.073958 0.707807 0.083628 0.707807 0.083628 0.724437 0.073958 0.724437
1 0.321919 0.662233 0.360991 0.662233 0.360991 0.671224 0.321919 0.671224
0 0.178624 0.876017 0.186772 0.876017 0.186772 0.891800 0.178624 0.891800
1 0.321521 0.606869 0.362221 0.606869 0.362221 0.615011 0.321521 0.615011
0 0.018733 0.567522 0.026786 0.567522 0.026786 0.583461 0.018733 0.583461
0 0.185659 0.959243 0.201762 0.959243 0.201762 0.968022 0.185659 0.968022
1 0.321898 0.518061 0.361727 0.518061 0.361727 0.525977 0.321898 0.525977
1 0.046504 0.517883 0.086021 0.517883 0.086021 0.525991 0.046504 0.525991
1 0.321733 0.462385 0.361651 0.462385 0.361651 0.470338 0.321733 0.470338
1 0.047073 0.607019 0.085940 0.607019 0.085940 0.615112 0.047073 0.615112
0 0.377663 0.644966 0.385758 0.644966 0.385758 0.660865 0.377663 0.660865
1 0.321681 0.473839 0.362226 0.473839 0.362226 0.481500 0.321681 0.481500
1 0.150359 0.402862 0.159084 0.402862 0.159084 0.442851 0.150359 0.442851
0 0.178607 0.906607 0.187181 0.906607 0.187181 0.922498 0.178607 0.922498
1 0.046594 0.529013 0.085963 0.529013 0.085963 0.537371 0.046594 0.537371
0 0.378406 0.612073 0.386297 0.612073 0.386297 0.627674 0.378406 0.627674
1 0.150358 0.678445 0.159504 0.678445 0.159504 0.719204 0.150358 0.719204
1 0.321397 0.551485 0.361390 0.551485 0.361390 0.559381 0.321397 0.559381
1 0.294723 0.678472 0.302532 0.678472 0.302532 0.718011 0.294723 0.718011
0 0.129584 0.958403 0.137507 0.958403 0.137507 0.974300 0.129584 0.974300
1 0.321673 0.618113 0.360892 0.618113 0.360892 0.625895 0.321673 0.625895
1 0.046791 0.462415 0.086041 0.462415 0.086041 0.470656 0.046791 0.470656
1 0.221317 0.905706 0.228239 0.905706 0.228239 0.919877 0.221317 0.919877
1 0.047121 0.618093 0.085956 0.618093 0.085956 0.626002 0.047121 0.626002
1 0.046839 0.540273 0.086046 0.540273 0.086046 0.548497 0.046839 0.548497
1 0.249011 0.403799 0.258228 0.403799 0.258228 0.442843 0.249011 0.442843
1 0.411826 0.578081 0.427498 0.578081 0.427498 0.583238 0.411826 0.583238
1 0.248640 0.678557 0.258158 0.678557 0.258158 0.718132 0.248640 0.718132
1 0.306070 0.404925 0.313663 0.404925 0.313663 0.443089 0.306070 0.443089
0 0.429211 0.650713 0.438592 0.650713 0.438592 0.667664 0.429211 0.667664
1 0.046690 0.584698 0.085982 0.584698 0.085982 0.592732 0.046690 0.592732
1 0.047131 0.473685 0.085841 0.473685 0.085841 0.481752 0.047131 0.481752
1 0.283863 0.678456 0.291368 0.678456 0.291368 0.718485 0.283863 0.718485
1 0.139219 0.402750 0.146968 0.402750 0.146968 0.442909 0.139219 0.442909
1 0.139212 0.678309 0.146848 0.678309 0.146848 0.719107 0.139212 0.719107
1 0.046831 0.551439 0.086084 0.551439 0.086084 0.559451 0.046831 0.559451
1 0.321927 0.507053 0.362254 0.507053 0.362254 0.514879 0.321927 0.514879
1 0.321670 0.562749 0.361351 0.562749 0.361351 0.570564 0.321670 0.570564
1 0.321745 0.629238 0.362081 0.629238 0.362081 0.637128 0.321745 0.637128
1 0.321658 0.584989 0.361655 0.584989 0.361655 0.592771 0.321658 0.592771
1 0.221334 0.872129 0.228480 0.872129 0.228480 0.886914 0.221334 0.886914
1 0.094882 0.404995 0.102278 0.404995 0.102278 0.443430 0.094882 0.443430
1 0.046922 0.651523 0.085774 0.651523 0.085774 0.659370 0.046922 0.659370
1 0.046917 0.629259 0.086013 0.629259 0.086013 0.637272 0.046917 0.637272
1 0.321467 0.573795 0.361537 0.573795 0.361537 0.581799 0.321467 0.581799
1 0.283892 0.403316 0.291466 0.403316 0.291466 0.443521 0.283892 0.443521
1 0.094833 0.678299 0.102453 0.678299 0.102453 0.718750 0.094833 0.718750
1 0.321781 0.495925 0.362390 0.495925 0.362390 0.503974 0.321781 0.503974
1 0.047115 0.506662 0.085814 0.506662 0.085814 0.514725 0.047115 0.514725
1 0.321761 0.484831 0.362382 0.484831 0.362382 0.492451 0.321761 0.492451
0 0.120433 0.779796 0.129134 0.779796 0.129134 0.795750 0.120433 0.795750
1 0.047355 0.484712 0.085838 0.484712 0.085838 0.492505 0.047355 0.492505
1 0.321792 0.651442 0.361994 0.651442 0.361994 0.659858 0.321792 0.659858
1 0.443561 0.482311 0.458531 0.482311 0.458531 0.487247 0.443561 0.487247
1 0.306007 0.678539 0.313803 0.678539 0.313803 0.718425 0.306007 0.718425
1 0.429539 0.446615 0.434122 0.446615 0.434122 0.461943 0.429539 0.461943
1 0.272869 0.678433 0.280446 0.678433 0.280446 0.719652 0.272869 0.719652
1 0.430543 0.501005 0.435443 0.501005 0.435443 0.516560 0.430543 0.516560
1 0.131038 0.905301 0.138192 0.905301 0.138192 0.918957 0.131038 0.918957
1 0.128212 0.678181 0.135704 0.678181 0.135704 0.719335 0.128212 0.719335
1 0.199169 0.872808 0.206297 0.872808 0.206297 0.887328 0.199169 0.887328
1 0.272594 0.402768 0.280285 0.402768 0.280285 0.443171 0.272594 0.443171
1 0.443248 0.451927 0.458523 0.451927 0.458523 0.456773 0.443248 0.456773
1 0.046902 0.640309 0.086010 0.640309 0.086010 0.648314 0.046902 0.648314
1 0.046431 0.562490 0.086110 0.562490 0.086110 0.570513 0.046431 0.570513
1 0.047404 0.573537 0.086066 0.573537 0.086066 0.581545 0.047404 0.581545
1 0.152603 0.905210 0.159979 0.905210 0.159979 0.919533 0.152603 0.919533
1 0.321792 0.640488 0.362500 0.640488 0.362500 0.648820 0.321792 0.648820
1 0.261511 0.402816 0.269328 0.402816 0.269328 0.442836 0.261511 0.442836
1 0.105901 0.403088 0.113629 0.403088 0.113629 0.443333 0.105901 0.443333
1 0.261548 0.678421 0.269163 0.678421 0.269163 0.719593 0.261548 0.719593
1 0.128130 0.402944 0.135655 0.402944 0.135655 0.443115 0.128130 0.443115
1 0.344065 0.387629 0.359751 0.387629 0.359751 0.391847 0.344065 0.391847
1 0.209851 0.905844 0.217326 0.905844 0.217326 0.919589 0.209851 0.919589
1 0.116826 0.402916 0.124363 0.402916 0.124363 0.443116 0.116826 0.443116
1 0.429360 0.422713 0.434144 0.422713 0.434144 0.437981 0.429360 0.437981
1 0.046553 0.495723 0.085770 0.495723 0.085770 0.503593 0.046553 0.503593
1 0.106096 0.678305 0.113470 0.678305 0.113470 0.718896 0.106096 0.718896
1 0.412079 0.548671 0.426921 0.548671 0.426921 0.553453 0.412079 0.553453
1 0.117063 0.678176 0.124438 0.678176 0.124438 0.719090 0.117063 0.719090
1 0.399600 0.422701 0.404035 0.422701 0.404035 0.438282 0.399600 0.438282
1 0.399267 0.446330 0.403853 0.446330 0.403853 0.462501 0.399267 0.462501
1 0.130688 0.871172 0.137800 0.871172 0.137800 0.887016 0.130688 0.887016
1 0.071237 0.919527 0.087274 0.919527 0.087274 0.923529 0.071237 0.923529
1 0.198999 0.905640 0.206302 0.905640 0.206302 0.919517 0.198999 0.919517
1 0.576936 0.368254 0.586656 0.368254 0.586656 0.372248 0.576936 0.372248
1 0.400124 0.501250 0.404855 0.501250 0.404855 0.516776 0.400124 0.516776
1 0.049309 0.919229 0.065437 0.919229 0.065437 0.923365 0.049309 0.923365
1 0.152554 0.871815 0.159330 0.871815 0.159330 0.886927 0.152554 0.886927
1 0.141141 0.935996 0.145122 0.935996 0.145122 0.943523 0.141141 0.943523
1 0.428785 0.469536 0.433853 0.469536 0.433853 0.485185 0.428785 0.485185
1 0.401688 0.523351 0.406554 0.523351 0.406554 0.538622 0.401688 0.538622
1 0.429791 0.398358 0.434330 0.398358 0.434330 0.414417 0.429791 0.414417
1 0.141619 0.871329 0.148921 0.871329 0.148921 0.887026 0.141619 0.887026
1 0.432121 0.523230 0.436955 0.523230 0.436955 0.539030 0.432121 0.539030
1 0.048978 0.949478 0.065031 0.949478 0.065031 0.953640 0.048978 0.953640
1 0.070701 0.871591 0.086715 0.871591 0.086715 0.875883 0.070701 0.875883
1 0.160866 0.936019 0.164635 0.936019 0.164635 0.943575 0.160866 0.943575
1 0.397872 0.469373 0.402699 0.469373 0.402699 0.485509 0.397872 0.485509
1 0.377579 0.660932 0.385958 0.660932 0.385958 0.664246 0.377579 0.664246
1 0.631887 0.811876 0.647666 0.811876 0.647666 0.816009 0.631887 0.816009
1 0.378220 0.608330 0.386440 0.608330 0.386440 0.611974 0.378220 0.611974
1 0.406092 0.613054 0.414594 0.613054 0.414594 0.616498 0.406092 0.616498
1 0.399493 0.399011 0.404085 0.399011 0.404085 0.414125 0.399493 0.414125
1 0.070830 0.949418 0.087205 0.949418 0.087205 0.953365 0.070830 0.953365
1 0.070576 0.901753 0.086946 0.901753 0.086946 0.905560 0.070576 0.905560
1 0.410174 0.647558 0.419851 0.647558 0.419851 0.651041 0.410174 0.651041
1 0.343718 0.417971 0.360384 0.417971 0.360384 0.422157 0.343718 0.422157
1 0.073762 0.704124 0.083897 0.704124 0.083897 0.707740 0.073762 0.707740
1 0.201705 0.959415 0.205649 0.959415 0.205649 0.967849 0.201705 0.967849
1 0.178519 0.872062 0.186921 0.872062 0.186921 0.876002 0.178519 0.876002
1 0.406043 0.593440 0.414291 0.593440 0.414291 0.596733 0.406043 0.596733
1 0.103816 0.732066 0.112423 0.732066 0.112423 0.735839 0.103816 0.735839
1 0.429415 0.667650 0.438742 0.667650 0.438742 0.671302 0.429415 0.671302
1 0.178631 0.891860 0.186595 0.891860 0.186595 0.895005 0.178631 0.895005
1 0.411219 0.782585 0.420794 0.782585 0.420794 0.786181 0.411219 0.786181
1 0.377602 0.641409 0.385811 0.641409 0.385811 0.644923 0.377602 0.644923
1 0.129671 0.974304 0.137395 0.974304 0.137395 0.977836 0.129671 0.977836
1 0.410188 0.667998 0.420055 0.667998 0.420055 0.671580 0.410188 0.671580
1 0.018782 0.563838 0.026812 0.563838 0.026812 0.567423 0.018782 0.567423
1 0.018451 0.583530 0.027015 0.583530 0.027015 0.586427 0.018451 0.586427
1 0.112603 0.974883 0.121616 0.974883 0.121616 0.978032 0.112603 0.978032
1 0.178904 0.902821 0.186922 0.902821 0.186922 0.906592 0.178904 0.906592
1 0.178666 0.922537 0.187263 0.922537 0.187263 0.926078 0.178666 0.926078
1 0.082161 0.973524 0.085544 0.973524 0.085544 0.981575 0.082161 0.981575
1 0.410458 0.813352 0.414417 0.813352 0.414417 0.821825 0.410458 0.821825
1 0.360897 0.682263 0.364244 0.682263 0.364244 0.691012 0.360897 0.691012
1 0.429377 0.647524 0.438438 0.647524 0.438438 0.650871 0.429377 0.650871
1 0.112946 0.954092 0.121562 0.954092 0.121562 0.957833 0.112946 0.957833
1 0.632122 0.841748 0.647529 0.841748 0.647529 0.846014 0.632122 0.846014
1 0.073815 0.724357 0.083811 0.724357 0.083811 0.727773 0.073815 0.727773
1 0.370471 0.684884 0.373980 0.684884 0.373980 0.693917 0.370471 0.693917
1 0.400637 0.756538 0.409938 0.756538 0.409938 0.760060 0.400637 0.760060
1 0.103585 0.776962 0.111801 0.776962 0.111801 0.779952 0.103585 0.779952
1 0.391319 0.684708 0.394629 0.684708 0.394629 0.694194 0.391319 0.694194
1 0.377895 0.627818 0.386612 0.627818 0.386612 0.631212 0.377895 0.631212
1 0.340085 0.681904 0.343684 0.681904 0.343684 0.691427 0.340085 0.691427
1 0.027384 0.949379 0.042621 0.949379 0.042621 0.952996 0.027384 0.952996
1 0.400173 0.736322 0.409740 0.736322 0.409740 0.740144 0.400173 0.740144
1 0.120396 0.776160 0.129382 0.776160 0.129382 0.779790 0.120396 0.779790
1 0.062042 0.972935 0.065091 0.972935 0.065091 0.981472 0.062042 0.981472
1 0.129444 0.954684 0.137627 0.954684 0.137627 0.958353 0.129444 0.958353
1 0.431416 0.813685 0.434961 0.813685 0.434961 0.821805 0.431416 0.821805
1 0.104002 0.751706 0.112340 0.751706 0.112340 0.754314 0.104002 0.754314
1 0.120456 0.795655 0.129113 0.795655 0.129113 0.799603 0.120456 0.799603
1 0.411363 0.802553 0.420815 0.802553 0.420815 0.806049 0.411363 0.806049
1 0.181514 0.959245 0.185662 0.959245 0.185662 0.967832 0.181514 0.967832
1 0.026976 0.919747 0.042903 0.919747 0.042903 0.923533 0.026976 0.923533
1 0.577528 0.389309 0.587273 0.389309 0.587273 0.392745 0.577528 0.392745
1 0.103954 0.795575 0.112169 0.795575 0.112169 0.798564 0.103954 0.798564
1 0.478654 0.612065 0.662494 0.612065 0.662494 0.647285 0.478654 0.647285
1 0.081308 0.991164 0.089931 0.991164 0.089931 0.994664 0.081308 0.994664
1 0.101647 0.980614 0.110777 0.980614 0.110777 0.984520 0.101647 0.984520
0 0.101800 0.984672 0.109814 0.984672 0.109814 0.999686 0.101800 0.999686
1 0.063504 0.991113 0.073497 0.991113 0.073497 0.994715 0.063504 0.994715
1 0.000127 0.872936 0.014746 0.872936 0.014746 0.877385 0.000127 0.877385
1 0.000318 0.903826 0.013920 0.903826 0.013920 0.908529 0.000318 0.908529
1 0.000953 0.824566 0.005911 0.824566 0.005911 0.839884 0.000953 0.839884
