0 0.200149 0.094521 0.559167 0.094521 0.559167 0.454215 0.200149 0.454215
0 0.309451 0.660144 0.474385 0.660144 0.474385 0.825078 0.309451 0.825078
0 0.141730 0.293366 0.157371 0.293366 0.157371 0.301414 0.141730 0.301414
0 0.141719 0.253447 0.157205 0.253447 0.157205 0.261441 0.141719 0.261441
0 0.178216 0.334424 0.187428 0.334424 0.187428 0.350703 0.178216 0.350703
0 0.019431 0.272992 0.033644 0.272992 0.033644 0.298831 0.019431 0.298831
0 0.486217 0.046703 0.502547 0.046703 0.502547 0.055537 0.486217 0.055537
0 0.030824 0.381926 0.046750 0.381926 0.046750 0.390017 0.030824 0.390017
0 0.032434 0.202316 0.048303 0.202316 0.048303 0.210560 0.032434 0.210560
0 0.097689 0.386651 0.105750 0.386651 0.105750 0.402594 0.097689 0.402594
0 0.177921 0.374234 0.187682 0.374234 0.187682 0.390834 0.177921 0.390834
0 0.032600 0.185752 0.048293 0.185752 0.048293 0.193786 0.032600 0.193786
0 0.447252 0.048244 0.463793 0.048244 0.463793 0.057074 0.447252 0.057074
0 0.114892 0.407124 0.122892 0.407124 0.122892 0.422909 0.114892 0.422909
0 0.131164 0.270849 0.146848 0.270849 0.146848 0.278777 0.131164 0.278777
0 0.183763 0.103210 0.193174 0.103210 0.193174 0.120139 0.183763 0.120139
0 0.371878 0.476482 0.415864 0.476482 0.415864 0.530766 0.371878 0.530766
0 0.443722 0.507174 0.487665 0.507174 0.487665 0.562122 0.443722 0.562122
0 0.235778 0.938308 0.260554 0.938308 0.260554 0.950794 0.235778 0.950794
0 0.079817 0.650429 0.105660 0.650429 0.105660 0.664377 0.079817 0.664377
0 0.275689 0.934522 0.301636 0.934522 0.301636 0.948098 0.275689 0.948098
0 0.365903 0.890569 0.391074 0.890569 0.391074 0.903134 0.365903 0.903134
0 0.222897 0.620952 0.238553 0.620952 0.238553 0.629056 0.222897 0.629056
0 0.244300 0.795676 0.258541 0.795676 0.258541 0.821611 0.244300 0.821611
0 0.439970 0.907879 0.464736 0.907879 0.464736 0.920340 0.439970 0.920340
0 0.287798 0.867438 0.314087 0.867438 0.314087 0.882408 0.287798 0.882408
0 0.491028 0.904495 0.517237 0.904495 0.517237 0.918160 0.491028 0.918160
0 0.317419 0.914451 0.331637 0.914451 0.331637 0.941438 0.317419 0.941438
0 0.436993 0.933263 0.469192 0.933263 0.469192 0.953299 0.436993 0.953299
0 0.120688 0.562795 0.136385 0.562795 0.136385 0.570646 0.120688 0.570646
0 0.120931 0.726819 0.223390 0.726819 0.223390 0.825337 0.120931 0.825337
0 0.215626 0.568500 0.242094 0.568500 0.242094 0.582766 0.215626 0.582766
0 0.495589 0.864338 0.520386 0.864338 0.520386 0.877072 0.495589 0.877072
0 0.328891 0.886928 0.344837 0.886928 0.344837 0.894898 0.328891 0.894898
0 0.239288 0.658131 0.255943 0.658131 0.255943 0.666904 0.239288 0.666904
0 0.341233 0.907844 0.354621 0.907844 0.354621 0.933681 0.341233 0.933681
0 0.364550 0.921157 0.378675 0.921157 0.378675 0.947318 0.364550 0.947318
0 0.171057 0.568509 0.197560 0.568509 0.197560 0.582790 0.171057 0.582790
0 0.182094 0.619310 0.197743 0.619310 0.197743 0.627441 0.182094 0.627441
0 0.136020 0.901371 0.207418 0.901371 0.207418 0.956281 0.136020 0.956281
0 0.483044 0.835522 0.491161 0.835522 0.491161 0.851099 0.483044 0.851099
0 0.291336 0.839627 0.307252 0.839627 0.307252 0.847510 0.291336 0.847510
0 0.503561 0.533594 0.511240 0.533594 0.511240 0.549138 0.503561 0.549138
0 0.245985 0.743509 0.253796 0.743509 0.253796 0.759421 0.245985 0.759421
0 0.294504 0.896805 0.304007 0.896805 0.304007 0.913699 0.294504 0.913699
0 0.040267 0.632592 0.049190 0.632592 0.049190 0.649147 0.040267 0.649147
0 0.057295 0.632490 0.066214 0.632490 0.066214 0.648320 0.057295 0.648320
0 0.515834 0.577928 0.524173 0.577928 0.524173 0.593520 0.515834 0.593520
0 0.671598 0.359178 0.679612 0.359178 0.679612 0.374706 0.671598 0.374706
0 0.774848 0.507386 0.784916 0.507386 0.784916 0.523822 0.774848 0.523822
0 0.671667 0.304548 0.679722 0.304548 0.679722 0.320233 0.671667 0.320233
0 0.751327 0.357239 0.760699 0.357239 0.760699 0.373789 0.751327 0.373789
0 0.605570 0.301606 0.660310 0.301606 0.660310 0.383074 0.605570 0.383074
0 0.617065 0.852244 0.641958 0.852244 0.641958 0.864693 0.617065 0.864693
0 0.542945 0.929141 0.568939 0.929141 0.568939 0.942490 0.542945 0.942490
0 0.775075 0.858695 0.800854 0.858695 0.800854 0.872274 0.775075 0.872274
0 0.619072 0.894048 0.633542 0.894048 0.633542 0.919988 0.619072 0.919988
0 0.697236 0.656129 0.721487 0.656129 0.721487 0.668433 0.697236 0.668433
0 0.536377 0.855815 0.561648 0.855815 0.561648 0.868342 0.536377 0.868342
0 0.624675 0.581334 0.640582 0.581334 0.640582 0.589553 0.624675 0.589553
0 0.708587 0.857074 0.734222 0.857074 0.734222 0.870522 0.708587 0.870522
0 0.650374 0.935334 0.676368 0.935334 0.676368 0.949453 0.650374 0.949453
0 0.650441 0.882646 0.676224 0.882646 0.676224 0.896779 0.650441 0.896779
0 0.535897 0.904968 0.561968 0.904968 0.561968 0.918460 0.535897 0.918460
0 0.718800 0.891118 0.785076 0.891118 0.785076 0.942347 0.718800 0.942347
0 0.609421 0.933336 0.635773 0.933336 0.635773 0.948519 0.609421 0.948519
0 0.558529 0.531661 0.582633 0.531661 0.582633 0.583616 0.558529 0.583616
0 0.567516 0.609265 0.658332 0.609265 0.658332 0.712390 0.567516 0.712390
0 0.574170 0.731684 0.665651 0.731684 0.665651 0.837469 0.574170 0.837469
0 0.740759 0.688525 0.749847 0.688525 0.749847 0.704945 0.740759 0.704945
1 0.028490 0.202149 0.032392 0.202149 0.032392 0.210591 0.028490 0.210591
1 0.048451 0.185748 0.051998 0.185748 0.051998 0.193805 0.048451 0.193805
1 0.048738 0.202210 0.052411 0.202210 0.052411 0.210511 0.048738 0.210511
1 0.029007 0.185632 0.032589 0.185632 0.032589 0.193445 0.029007 0.193445
1 0.157409 0.253364 0.161288 0.253364 0.161288 0.261644 0.157409 0.261644
1 0.137709 0.253467 0.141705 0.253467 0.141705 0.261676 0.137709 0.261676
1 0.183150 0.099151 0.193488 0.099151 0.193488 0.103107 0.183150 0.103107
1 0.183816 0.119879 0.193934 0.119879 0.193934 0.123656 0.183816 0.123656
1 0.018010 0.299033 0.034782 0.299033 0.034782 0.303217 0.018010 0.303217
1 0.114693 0.422913 0.122802 0.422913 0.122802 0.426662 0.114693 0.426662
1 0.114752 0.403301 0.123071 0.403301 0.123071 0.407089 0.114752 0.407089
1 0.097756 0.382606 0.105776 0.382606 0.105776 0.386415 0.097756 0.386415
1 0.178479 0.330552 0.187550 0.330552 0.187550 0.334187 0.178479 0.334187
1 0.157457 0.293060 0.161103 0.293060 0.161103 0.301497 0.157457 0.301497
1 0.178489 0.350850 0.187343 0.350850 0.187343 0.354724 0.178489 0.354724
1 0.178396 0.370939 0.186846 0.370939 0.186846 0.374437 0.178396 0.374437
1 0.097588 0.402451 0.105858 0.402451 0.105858 0.406262 0.097588 0.406262
1 0.046722 0.381664 0.050645 0.381664 0.050645 0.390211 0.046722 0.390211
1 0.026670 0.381484 0.030832 0.381484 0.030832 0.390215 0.026670 0.390215
1 0.127879 0.270922 0.131482 0.270922 0.131482 0.278605 0.127879 0.278605
1 0.137572 0.293125 0.141680 0.293125 0.141680 0.301373 0.137572 0.301373
1 0.178690 0.390706 0.186954 0.390706 0.186954 0.394223 0.178690 0.394223
1 0.018510 0.268596 0.034841 0.268596 0.034841 0.272705 0.018510 0.272705
1 0.146966 0.270890 0.151167 0.270890 0.151167 0.279075 0.146966 0.279075
1 0.241933 0.567233 0.245958 0.567233 0.245958 0.583492 0.241933 0.583492
1 0.197459 0.567248 0.201857 0.567248 0.201857 0.583527 0.197459 0.583527
1 0.075730 0.648930 0.079741 0.648930 0.079741 0.665350 0.075730 0.665350
1 0.105535 0.649825 0.109461 0.649825 0.109461 0.665149 0.105535 0.665149
1 0.039887 0.649027 0.049502 0.649027 0.049502 0.652558 0.039887 0.652558
1 0.136481 0.562422 0.140061 0.562422 0.140061 0.570741 0.136481 0.570741
1 0.238485 0.620984 0.242528 0.620984 0.242528 0.629180 0.238485 0.629180
1 0.167801 0.567233 0.171281 0.567233 0.171281 0.583630 0.167801 0.583630
1 0.124717 0.692560 0.217479 0.692560 0.217479 0.726819 0.124717 0.726819
1 0.245173 0.739389 0.254236 0.739389 0.254236 0.743407 0.245173 0.743407
1 0.057282 0.628723 0.066200 0.628723 0.066200 0.632571 0.057282 0.632571
1 0.057002 0.648443 0.066290 0.648443 0.066290 0.652192 0.057002 0.652192
1 0.197682 0.618688 0.202087 0.618688 0.202087 0.628209 0.197682 0.628209
1 0.039978 0.628795 0.049299 0.628795 0.049299 0.632799 0.039978 0.632799
1 0.256029 0.658140 0.259754 0.658140 0.259754 0.666911 0.256029 0.666911
1 0.117707 0.562687 0.120814 0.562687 0.120814 0.571050 0.117707 0.571050
1 0.218802 0.620776 0.222855 0.620776 0.222855 0.629451 0.218802 0.629451
1 0.235915 0.658108 0.239392 0.658108 0.239392 0.666724 0.235915 0.666724
1 0.211948 0.567400 0.215517 0.567400 0.215517 0.583401 0.211948 0.583401
1 0.178427 0.618422 0.182137 0.618422 0.182137 0.627350 0.178427 0.627350
1 0.116731 0.907149 0.136020 0.907149 0.136020 0.950393 0.116731 0.950393
1 0.207565 0.907113 0.226819 0.907113 0.226819 0.950250 0.207565 0.950250
1 0.118468 0.825830 0.146004 0.825830 0.146004 0.888948 0.118468 0.888948
1 0.162939 0.826443 0.178505 0.826443 0.178505 0.841858 0.162939 0.841858
1 0.196298 0.825583 0.225607 0.825583 0.225607 0.890359 0.196298 0.890359
1 0.231679 0.935954 0.235850 0.935954 0.235850 0.951985 0.231679 0.951985
1 0.243090 0.821755 0.259558 0.821755 0.259558 0.825785 0.243090 0.825785
1 0.243370 0.791525 0.259008 0.791525 0.259008 0.795611 0.243370 0.795611
1 0.245814 0.759301 0.254064 0.759301 0.254064 0.762879 0.245814 0.762879
1 0.260561 0.936549 0.264891 0.936549 0.264891 0.952101 0.260561 0.952101
1 0.443766 0.048412 0.447383 0.048412 0.447383 0.057324 0.443766 0.057324
1 0.502587 0.046443 0.506300 0.046443 0.506300 0.055528 0.502587 0.055528
1 0.463913 0.048697 0.466892 0.048697 0.466892 0.056835 0.463913 0.056835
1 0.482774 0.046771 0.486107 0.046771 0.486107 0.055281 0.482774 0.055281
1 0.366091 0.464527 0.420345 0.464527 0.420345 0.476383 0.366091 0.476383
1 0.437480 0.495115 0.491604 0.495115 0.491604 0.507473 0.437480 0.507473
1 0.384682 0.628351 0.390515 0.628351 0.390515 0.659421 0.384682 0.659421
1 0.418933 0.629446 0.424666 0.629446 0.424666 0.659297 0.418933 0.659297
1 0.444579 0.628807 0.450199 0.628807 0.450199 0.659089 0.444579 0.659089
1 0.410391 0.628585 0.416108 0.628585 0.416108 0.659275 0.410391 0.659275
1 0.393340 0.628368 0.399051 0.628368 0.399051 0.659341 0.393340 0.659341
1 0.376107 0.628411 0.381865 0.628411 0.381865 0.659408 0.376107 0.659408
1 0.453112 0.629797 0.458516 0.629797 0.458516 0.659114 0.453112 0.659114
1 0.401845 0.628401 0.407559 0.628401 0.407559 0.659327 0.401845 0.659327
1 0.427445 0.628848 0.433225 0.628848 0.433225 0.659241 0.427445 0.659241
1 0.436043 0.628659 0.441766 0.628659 0.441766 0.659145 0.436043 0.659145
1 0.277410 0.674668 0.307832 0.674668 0.307832 0.681519 0.277410 0.681519
1 0.367688 0.628503 0.373417 0.628503 0.373417 0.659464 0.367688 0.659464
1 0.279092 0.701158 0.307705 0.701158 0.307705 0.707093 0.279092 0.707093
1 0.279137 0.709617 0.307617 0.709617 0.307617 0.715570 0.279137 0.715570
1 0.475404 0.675305 0.504549 0.675305 0.504549 0.681401 0.475404 0.681401
1 0.278429 0.692580 0.307712 0.692580 0.307712 0.698579 0.278429 0.698579
1 0.278956 0.743862 0.308111 0.743862 0.308111 0.749834 0.278956 0.749834
1 0.475423 0.683718 0.504610 0.683718 0.504610 0.690028 0.475423 0.690028
1 0.278109 0.735350 0.307808 0.735350 0.307808 0.741286 0.278109 0.741286
1 0.475672 0.700849 0.505440 0.700849 0.505440 0.706906 0.475672 0.706906
1 0.475769 0.717878 0.505642 0.717878 0.505642 0.723949 0.475769 0.723949
1 0.475749 0.709359 0.505814 0.709359 0.505814 0.715500 0.475749 0.715500
1 0.324937 0.628969 0.330605 0.628969 0.330605 0.659353 0.324937 0.659353
1 0.342062 0.628677 0.347615 0.628677 0.347615 0.659156 0.342062 0.659156
1 0.278387 0.718125 0.307484 0.718125 0.307484 0.724081 0.278387 0.724081
1 0.475752 0.726372 0.505459 0.726372 0.505459 0.732639 0.475752 0.732639
1 0.350594 0.628862 0.356264 0.628862 0.356264 0.659147 0.350594 0.659147
1 0.333481 0.628694 0.339054 0.628694 0.339054 0.659179 0.333481 0.659179
1 0.278102 0.726835 0.307578 0.726835 0.307578 0.732803 0.278102 0.732803
1 0.367409 0.531464 0.419383 0.531464 0.419383 0.542430 0.367409 0.542430
1 0.475738 0.735058 0.504524 0.735058 0.504524 0.741226 0.475738 0.741226
1 0.359182 0.628744 0.364835 0.628744 0.364835 0.659196 0.359182 0.659196
1 0.475839 0.743622 0.504558 0.743622 0.504558 0.749656 0.475839 0.749656
1 0.278760 0.684127 0.307685 0.684127 0.307685 0.690007 0.278760 0.690007
1 0.475695 0.692342 0.504618 0.692342 0.504618 0.698503 0.475695 0.698503
1 0.437594 0.562001 0.490738 0.562001 0.490738 0.573087 0.437594 0.573087
1 0.503134 0.529240 0.511442 0.529240 0.511442 0.533433 0.503134 0.533433
1 0.476107 0.751905 0.505709 0.751905 0.505709 0.758183 0.476107 0.758183
1 0.277959 0.752287 0.307766 0.752287 0.307766 0.758376 0.277959 0.758376
1 0.503327 0.549012 0.511552 0.549012 0.511552 0.552741 0.503327 0.552741
1 0.376309 0.826316 0.382076 0.826316 0.382076 0.856780 0.376309 0.856780
1 0.384892 0.826358 0.390604 0.826358 0.390604 0.856833 0.384892 0.856833
1 0.363145 0.947201 0.379497 0.947201 0.379497 0.951404 0.363145 0.951404
1 0.453317 0.826076 0.459578 0.826076 0.459578 0.855593 0.453317 0.855593
1 0.393467 0.826370 0.399126 0.826370 0.399126 0.856916 0.393467 0.856916
1 0.410552 0.826396 0.416277 0.826396 0.416277 0.856643 0.410552 0.856643
1 0.367724 0.826189 0.373515 0.826189 0.373515 0.856528 0.367724 0.856528
1 0.490400 0.862706 0.495485 0.862706 0.495485 0.878428 0.490400 0.878428
1 0.402013 0.826371 0.407684 0.826371 0.407684 0.856827 0.402013 0.856827
1 0.419118 0.826350 0.424846 0.826350 0.424846 0.856602 0.419118 0.856602
1 0.339884 0.903017 0.355982 0.903017 0.355982 0.907484 0.339884 0.907484
1 0.427696 0.826289 0.433399 0.826289 0.433399 0.856522 0.427696 0.856522
1 0.444775 0.826196 0.450455 0.826196 0.450455 0.856294 0.444775 0.856294
1 0.469425 0.929194 0.479520 0.929194 0.479520 0.955891 0.469425 0.955891
1 0.436263 0.826296 0.441873 0.826296 0.441873 0.856520 0.436263 0.856520
1 0.435656 0.905483 0.440111 0.905483 0.440111 0.921589 0.435656 0.921589
1 0.361993 0.888002 0.366070 0.888002 0.366070 0.904428 0.361993 0.904428
1 0.301799 0.932888 0.306564 0.932888 0.306564 0.948878 0.301799 0.948878
1 0.363383 0.916966 0.379039 0.916966 0.379039 0.921142 0.363383 0.921142
1 0.314161 0.866559 0.318006 0.866559 0.318006 0.882586 0.314161 0.882586
1 0.277526 0.778009 0.308058 0.778009 0.308058 0.784065 0.277526 0.784065
1 0.278052 0.795074 0.308056 0.795074 0.308056 0.801163 0.278052 0.801163
1 0.283704 0.866775 0.287803 0.866775 0.287803 0.882513 0.283704 0.882513
1 0.278441 0.786573 0.308013 0.786573 0.308013 0.792596 0.278441 0.792596
1 0.342270 0.826758 0.347899 0.826758 0.347899 0.856324 0.342270 0.856324
1 0.339928 0.933947 0.355902 0.933947 0.355902 0.937971 0.339928 0.937971
1 0.350819 0.826537 0.356450 0.826537 0.356450 0.856134 0.350819 0.856134
1 0.277439 0.769444 0.308064 0.769444 0.308064 0.775578 0.277439 0.775578
1 0.278877 0.803692 0.307859 0.803692 0.307859 0.809589 0.278877 0.809589
1 0.316466 0.910045 0.332522 0.910045 0.332522 0.914411 0.316466 0.914411
1 0.316420 0.941373 0.332833 0.941373 0.332833 0.945306 0.316420 0.945306
1 0.464794 0.905527 0.470004 0.905527 0.470004 0.921346 0.464794 0.921346
1 0.475729 0.803479 0.506186 0.803479 0.506186 0.810374 0.475729 0.810374
1 0.427784 0.930417 0.437053 0.930417 0.437053 0.955864 0.427784 0.955864
1 0.486535 0.903338 0.491157 0.903338 0.491157 0.919881 0.486535 0.919881
1 0.482840 0.830541 0.490989 0.830541 0.490989 0.835472 0.482840 0.835472
1 0.475651 0.794861 0.506153 0.794861 0.506153 0.801044 0.475651 0.801044
1 0.475615 0.786305 0.506027 0.786305 0.506027 0.792525 0.475615 0.792525
1 0.333732 0.826788 0.339362 0.826788 0.339362 0.855677 0.333732 0.855677
1 0.359306 0.826567 0.364941 0.826567 0.364941 0.855711 0.359306 0.855711
1 0.475589 0.777716 0.506049 0.777716 0.506049 0.783933 0.475589 0.783933
1 0.344816 0.886796 0.348030 0.886796 0.348030 0.895213 0.344816 0.895213
1 0.294233 0.892758 0.304431 0.892758 0.304431 0.896755 0.294233 0.896755
1 0.277472 0.760850 0.308132 0.760850 0.308132 0.767042 0.277472 0.767042
1 0.272084 0.933614 0.275685 0.933614 0.275685 0.949430 0.272084 0.949430
1 0.325172 0.826530 0.330781 0.826530 0.330781 0.856445 0.325172 0.856445
1 0.475957 0.760701 0.505832 0.760701 0.505832 0.766807 0.475957 0.766807
1 0.307471 0.839567 0.310981 0.839567 0.310981 0.847551 0.307471 0.847551
1 0.475825 0.769163 0.506177 0.769163 0.506177 0.775408 0.475825 0.775408
1 0.294325 0.913756 0.304448 0.913756 0.304448 0.917216 0.294325 0.917216
1 0.325567 0.886695 0.328915 0.886695 0.328915 0.895208 0.325567 0.895208
1 0.288286 0.839148 0.291473 0.839148 0.291473 0.847557 0.288286 0.847557
1 0.391197 0.888193 0.395537 0.888193 0.395537 0.904255 0.391197 0.904255
1 0.483112 0.851019 0.491372 0.851019 0.491372 0.855123 0.483112 0.855123
1 0.611404 0.383236 0.651918 0.383236 0.651918 0.395983 0.611404 0.395983
1 0.671164 0.354819 0.680043 0.354819 0.680043 0.358955 0.671164 0.358955
1 0.611160 0.289601 0.651797 0.289601 0.651797 0.301663 0.611160 0.301663
1 0.671463 0.299652 0.680083 0.299652 0.680083 0.304417 0.671463 0.304417
1 0.671431 0.374768 0.680075 0.374768 0.680075 0.378954 0.671431 0.378954
1 0.671142 0.320221 0.680308 0.320221 0.680308 0.324082 0.671142 0.324082
1 0.751160 0.373659 0.760559 0.373659 0.760559 0.377423 0.751160 0.377423
1 0.751149 0.352996 0.760610 0.352996 0.760610 0.357315 0.751149 0.357315
1 0.692811 0.654413 0.697332 0.654413 0.697332 0.669887 0.692811 0.669887
1 0.658572 0.653836 0.678477 0.653836 0.678477 0.667073 0.658572 0.667073
1 0.557251 0.520086 0.583961 0.520086 0.583961 0.531374 0.557251 0.531374
1 0.557276 0.584064 0.584811 0.584064 0.584811 0.595413 0.557276 0.595413
1 0.721850 0.653410 0.726075 0.653410 0.726075 0.669905 0.721850 0.669905
1 0.529277 0.615430 0.567683 0.615430 0.567683 0.706235 0.529277 0.706235
1 0.740473 0.704734 0.749489 0.704734 0.749489 0.708309 0.740473 0.708309
1 0.740366 0.684723 0.749601 0.684723 0.749601 0.688597 0.740366 0.688597
1 0.516042 0.593628 0.524182 0.593628 0.524182 0.597616 0.516042 0.597616
1 0.640574 0.581254 0.644072 0.581254 0.644072 0.589570 0.640574 0.589570
1 0.658665 0.686442 0.725696 0.686442 0.725696 0.713388 0.658665 0.713388
1 0.665374 0.776677 0.685677 0.776677 0.685677 0.790203 0.665374 0.790203
1 0.697483 0.896298 0.718263 0.896298 0.718263 0.937152 0.697483 0.937152
1 0.618469 0.889482 0.634116 0.889482 0.634116 0.894071 0.618469 0.894071
1 0.618129 0.919950 0.634509 0.919950 0.634509 0.923988 0.618129 0.923988
1 0.561940 0.903628 0.566008 0.903628 0.566008 0.919163 0.561940 0.919163
1 0.532379 0.854715 0.536418 0.854715 0.536418 0.869592 0.532379 0.869592
1 0.561511 0.854187 0.565857 0.854187 0.565857 0.869891 0.561511 0.869891
1 0.536413 0.738670 0.574170 0.738670 0.574170 0.829818 0.536413 0.829818
1 0.605662 0.932459 0.609635 0.932459 0.609635 0.948921 0.605662 0.948921
1 0.704566 0.855155 0.708714 0.855155 0.708714 0.871509 0.704566 0.871509
1 0.520230 0.862681 0.524602 0.862681 0.524602 0.877930 0.520230 0.877930
1 0.641926 0.851160 0.646100 0.851160 0.646100 0.866290 0.641926 0.866290
1 0.676373 0.934687 0.680369 0.934687 0.680369 0.950104 0.676373 0.950104
1 0.676269 0.881162 0.680367 0.881162 0.680367 0.897125 0.676269 0.897125
1 0.568942 0.927843 0.573169 0.927843 0.573169 0.943252 0.568942 0.943252
1 0.517340 0.904084 0.521368 0.904084 0.521368 0.919797 0.517340 0.919797
1 0.646947 0.934551 0.650429 0.934551 0.650429 0.950133 0.646947 0.950133
1 0.612679 0.851287 0.617201 0.851287 0.617201 0.865946 0.612679 0.865946
1 0.635725 0.932876 0.638930 0.932876 0.638930 0.949092 0.635725 0.949092
1 0.531808 0.904569 0.536097 0.904569 0.536097 0.919720 0.531808 0.919720
1 0.538482 0.927631 0.542885 0.927631 0.542885 0.943273 0.538482 0.943273
1 0.665995 0.809301 0.732242 0.809301 0.732242 0.836830 0.665995 0.836830
1 0.734218 0.855999 0.738719 0.855999 0.738719 0.871949 0.734218 0.871949
1 0.774764 0.502947 0.785156 0.502947 0.785156 0.507735 0.774764 0.507735
1 0.774917 0.523835 0.784898 0.523835 0.784898 0.527950 0.774917 0.527950
1 0.785434 0.894521 0.807698 0.894521 0.807698 0.938530 0.785434 0.938530
1 0.800798 0.857768 0.805018 0.857768 0.805018 0.873302 0.800798 0.873302
1 0.658499 0.607935 0.725862 0.607935 0.725862 0.635213 0.658499 0.635213
1 0.665651 0.731185 0.732582 0.731185 0.732582 0.758498 0.665651 0.758498
1 0.515794 0.574060 0.524019 0.574060 0.524019 0.577789 0.515794 0.577789
1 0.620966 0.581141 0.624464 0.581141 0.624464 0.589457 0.620966 0.589457
1 0.646505 0.881522 0.650442 0.881522 0.650442 0.898111 0.646505 0.898111
1 0.770977 0.857513 0.775069 0.857513 0.775069 0.873578 0.770977 0.873578
1 0.015217 0.037788 0.019274 0.037788 0.019274 0.047222 0.015217 0.047222
0 0.000254 0.038092 0.014912 0.038092 0.014912 0.047070 0.000254 0.047070
1 0.001116 0.009891 0.004971 0.009891 0.004971 0.024195 0.001116 0.024195
1 0.010601 0.202027 0.014152 0.202027 0.014152 0.217548 0.010601 0.217548
1 0.096930 0.442045 0.123255 0.442045 0.123255 0.449805 0.096930 0.449805
1 0.096778 0.455841 0.123103 0.455841 0.123103 0.463602 0.096778 0.463602
1 0.097133 0.469283 0.123458 0.469283 0.123458 0.477043 0.097133 0.477043
1 0.096880 0.483079 0.123204 0.483079 0.123204 0.490840 0.096880 0.490840
1 0.097189 0.496552 0.123514 0.496552 0.123514 0.504312 0.097189 0.504312
1 0.097037 0.510348 0.123756 0.510348 0.123756 0.518241 0.097037 0.518241
1 0.097392 0.523789 0.123717 0.523789 0.123717 0.531550 0.097392 0.531550
1 0.096880 0.537586 0.123204 0.537586 0.123204 0.545346 0.096880 0.545346
1 0.081873 0.552036 0.089680 0.552036 0.089680 0.579006 0.081873 0.579006
1 0.067937 0.552101 0.076066 0.552101 0.076066 0.580038 0.067937 0.580038
1 0.054581 0.551971 0.062388 0.551971 0.062388 0.578941 0.054581 0.578941
1 0.040902 0.552036 0.048709 0.552036 0.048709 0.579006 0.040902 0.579006
1 0.027353 0.551971 0.035160 0.551971 0.035160 0.578941 0.027353 0.578941
1 0.013739 0.551907 0.021546 0.551907 0.021546 0.578877 0.013739 0.578877
1 0.000000 0.552294 0.007803 0.552294 0.007803 0.579780 0.000000 0.579780
1 0.012126 0.659141 0.016191 0.659141 0.016191 0.668109 0.012126 0.668109
1 0.004835 0.844573 0.013545 0.844573 0.013545 0.883092 0.004835 0.883092
1 0.018514 0.844509 0.027224 0.844509 0.027224 0.883028 0.018514 0.883028
1 0.032321 0.844831 0.041031 0.844831 0.041031 0.883350 0.032321 0.883350
1 0.045999 0.844767 0.054710 0.844767 0.054710 0.883286 0.045999 0.883286
1 0.059678 0.844638 0.068388 0.844638 0.068388 0.883157 0.059678 0.883157
1 0.073614 0.844960 0.082325 0.844960 0.082325 0.883479 0.073614 0.883479
1 0.073227 0.681723 0.082196 0.681723 0.082196 0.719403 0.073227 0.719403
1 0.004706 0.680497 0.013416 0.680497 0.013416 0.719016 0.004706 0.719016
1 0.018578 0.681336 0.027095 0.681336 0.027095 0.718951 0.018578 0.718951
1 0.032192 0.680755 0.040902 0.680755 0.040902 0.719274 0.032192 0.719274
1 0.045870 0.680690 0.054581 0.680690 0.054581 0.719209 0.045870 0.719209
1 0.059549 0.680561 0.068259 0.680561 0.068259 0.719080 0.059549 0.719080
