0 0.234970 0.402575 0.465906 0.402575 0.465906 0.632705 0.234970 0.632705
0 0.637510 0.414692 0.793528 0.414692 0.793528 0.563474 0.637510 0.563474
0 0.491386 0.348797 0.504377 0.348797 0.504377 0.374334 0.491386 0.374334
0 0.062144 0.668354 0.087802 0.668354 0.087802 0.681808 0.062144 0.681808
0 0.081196 0.960402 0.095254 0.960402 0.095254 0.986130 0.081196 0.986130
0 0.121195 0.781921 0.147411 0.781921 0.147411 0.796088 0.121195 0.796088
0 0.024802 0.960783 0.038607 0.960783 0.038607 0.986515 0.024802 0.986515
0 0.217515 0.832159 0.231603 0.832159 0.231603 0.857903 0.217515 0.857903
0 0.180631 0.957108 0.194501 0.957108 0.194501 0.982717 0.180631 0.982717
0 0.104649 0.866472 0.118734 0.866472 0.118734 0.892217 0.104649 0.892217
0 0.247890 0.941559 0.255891 0.941559 0.255891 0.957251 0.247890 0.957251
0 0.048222 0.885435 0.062433 0.885435 0.062433 0.911044 0.048222 0.911044
0 0.039587 0.934241 0.065302 0.934241 0.065302 0.947682 0.039587 0.947682
0 0.145951 0.834373 0.159532 0.834373 0.159532 0.859995 0.145951 0.859995
0 0.196425 0.879566 0.210499 0.879566 0.210499 0.905366 0.196425 0.905366
0 0.054235 0.960901 0.067162 0.960901 0.067162 0.986463 0.054235 0.986463
0 0.080578 0.863383 0.094656 0.863383 0.094656 0.889193 0.080578 0.889193
0 0.132256 0.877121 0.146534 0.877121 0.146534 0.903015 0.132256 0.903015
0 0.087545 0.822262 0.101920 0.822262 0.101920 0.848150 0.087545 0.848150
0 0.174415 0.879797 0.188377 0.879797 0.188377 0.905630 0.174415 0.905630
0 0.103761 0.960922 0.117714 0.960922 0.117714 0.986611 0.103761 0.986611
0 0.164581 0.523731 0.172825 0.523731 0.172825 0.539616 0.164581 0.539616
0 0.130810 0.950120 0.144907 0.950120 0.144907 0.976034 0.130810 0.976034
0 0.218291 0.879996 0.232590 0.879996 0.232590 0.906050 0.218291 0.906050
0 0.227582 0.951702 0.235321 0.951702 0.235321 0.967423 0.227582 0.967423
0 0.324755 0.863979 0.333662 0.863979 0.333662 0.879919 0.324755 0.879919
0 0.079714 0.916982 0.093850 0.916982 0.093850 0.942978 0.079714 0.942978
0 0.275495 0.914921 0.283500 0.914921 0.283500 0.930712 0.275495 0.930712
0 0.274662 0.843200 0.307984 0.843200 0.307984 0.861068 0.274662 0.861068
0 0.267244 0.948141 0.283531 0.948141 0.283531 0.957220 0.267244 0.957220
0 0.250708 0.691993 0.258691 0.691993 0.258691 0.708079 0.250708 0.708079
0 0.211504 0.929258 0.228442 0.929258 0.228442 0.938642 0.211504 0.938642
0 0.331677 0.915845 0.347747 0.915845 0.347747 0.924848 0.331677 0.924848
0 0.291026 0.892183 0.306771 0.892183 0.306771 0.900094 0.291026 0.900094
0 0.065687 0.634705 0.081189 0.634705 0.081189 0.642610 0.065687 0.642610
0 0.343796 0.843709 0.375602 0.843709 0.375602 0.861675 0.343796 0.861675
0 0.266434 0.736504 0.275389 0.736504 0.275389 0.752542 0.266434 0.752542
0 0.258353 0.914355 0.268577 0.914355 0.268577 0.931354 0.258353 0.931354
0 0.249819 0.736632 0.257763 0.736632 0.257763 0.752074 0.249819 0.752074
0 0.219940 0.664237 0.229068 0.664237 0.229068 0.681167 0.219940 0.681167
0 0.325069 0.832301 0.333122 0.832301 0.333122 0.847966 0.325069 0.847966
0 0.210152 0.950918 0.218994 0.950918 0.218994 0.967692 0.210152 0.967692
0 0.489684 0.638522 0.506760 0.638522 0.506760 0.648233 0.489684 0.648233
0 0.520213 0.641232 0.537555 0.641232 0.537555 0.650744 0.520213 0.650744
0 0.550588 0.459242 0.576503 0.459242 0.576503 0.472186 0.550588 0.472186
0 0.550461 0.380904 0.575462 0.380904 0.575462 0.393565 0.550461 0.393565
0 0.550133 0.357270 0.575643 0.357270 0.575643 0.370634 0.550133 0.370634
0 0.550086 0.404152 0.575838 0.404152 0.575838 0.417148 0.550086 0.417148
0 0.590341 0.413610 0.603564 0.413610 0.603564 0.439412 0.590341 0.439412
0 0.552138 0.480792 0.578006 0.480792 0.578006 0.494394 0.552138 0.494394
0 0.549492 0.427135 0.575481 0.427135 0.575481 0.441010 0.549492 0.441010
0 0.723272 0.329273 0.733342 0.329273 0.733342 0.346264 0.723272 0.346264
0 0.559588 0.510550 0.572237 0.510550 0.572237 0.534989 0.559588 0.534989
0 0.778721 0.773175 0.791907 0.773175 0.791907 0.798576 0.778721 0.798576
0 0.712735 0.771126 0.733974 0.771126 0.733974 0.804709 0.712735 0.804709
0 0.744935 0.771251 0.766018 0.771251 0.766018 0.804399 0.744935 0.804399
0 0.691598 0.638442 0.762662 0.638442 0.762662 0.693865 0.691598 0.693865
0 0.523743 0.568616 0.531663 0.568616 0.531663 0.584037 0.523743 0.584037
0 0.575520 0.607408 0.585168 0.607408 0.585168 0.624274 0.575520 0.624274
0 0.524239 0.601384 0.532082 0.601384 0.532082 0.617256 0.524239 0.617256
0 0.560704 0.769692 0.577180 0.769692 0.577180 0.778652 0.560704 0.778652
0 0.551686 0.553427 0.559823 0.553427 0.559823 0.569455 0.551686 0.569455
0 0.556689 0.607725 0.565840 0.607725 0.565840 0.624422 0.556689 0.624422
0 0.557342 0.742859 0.566977 0.742859 0.566977 0.759189 0.557342 0.759189
0 0.546227 0.696885 0.556074 0.696885 0.556074 0.713562 0.546227 0.713562
1 0.240758 0.360874 0.248641 0.360874 0.248641 0.400033 0.240758 0.400033
1 0.193783 0.463371 0.232969 0.463371 0.232969 0.471583 0.193783 0.471583
1 0.251995 0.359802 0.259852 0.359802 0.259852 0.399873 0.251995 0.399873
1 0.193295 0.441175 0.233152 0.441175 0.233152 0.449368 0.193295 0.449368
1 0.192963 0.452347 0.233230 0.452347 0.233230 0.460494 0.192963 0.460494
1 0.192421 0.408026 0.233068 0.408026 0.233068 0.416248 0.192421 0.416248
1 0.192791 0.418855 0.233044 0.418855 0.233044 0.427168 0.192791 0.427168
1 0.192677 0.474563 0.233139 0.474563 0.233139 0.482756 0.192677 0.482756
1 0.193775 0.430224 0.232858 0.430224 0.232858 0.438289 0.193775 0.438289
1 0.192536 0.485639 0.233392 0.485639 0.233392 0.493847 0.192536 0.493847
1 0.192477 0.496894 0.232960 0.496894 0.232960 0.505268 0.192477 0.505268
1 0.057773 0.667009 0.062099 0.667009 0.062099 0.683486 0.057773 0.683486
1 0.081442 0.634645 0.084846 0.634645 0.084846 0.642710 0.081442 0.642710
1 0.220019 0.660867 0.228892 0.660867 0.228892 0.664301 0.220019 0.664301
1 0.164539 0.520630 0.173065 0.520630 0.173065 0.523956 0.164539 0.523956
1 0.250432 0.688639 0.258779 0.688639 0.258779 0.692031 0.250432 0.692031
1 0.219864 0.680948 0.229536 0.680948 0.229536 0.684458 0.219864 0.684458
1 0.249674 0.733127 0.257735 0.733127 0.257735 0.736578 0.249674 0.736578
1 0.062322 0.634594 0.065804 0.634594 0.065804 0.642756 0.062322 0.642756
1 0.164256 0.539836 0.172971 0.539836 0.172971 0.543092 0.164256 0.543092
1 0.249652 0.752128 0.258006 0.752128 0.258006 0.754556 0.249652 0.754556
1 0.250358 0.708122 0.258757 0.708122 0.258757 0.710999 0.250358 0.710999
1 0.087909 0.666967 0.092363 0.666967 0.092363 0.683291 0.087909 0.683291
1 0.192509 0.519008 0.233458 0.519008 0.233458 0.527201 0.192509 0.527201
1 0.192836 0.507884 0.233383 0.507884 0.233383 0.516066 0.192836 0.516066
1 0.193045 0.530169 0.233332 0.530169 0.233332 0.538306 0.193045 0.538306
1 0.192881 0.541222 0.233305 0.541222 0.233305 0.549367 0.192881 0.549367
1 0.252291 0.634891 0.259881 0.634891 0.259881 0.675436 0.252291 0.675436
1 0.192716 0.552058 0.233194 0.552058 0.233194 0.560523 0.192716 0.560523
1 0.241009 0.634846 0.248770 0.634846 0.248770 0.675922 0.241009 0.675922
1 0.193067 0.585799 0.233168 0.585799 0.233168 0.593831 0.193067 0.593831
1 0.193197 0.563503 0.233187 0.563503 0.233187 0.571479 0.193197 0.571479
1 0.193241 0.574448 0.232874 0.574448 0.232874 0.582643 0.193241 0.582643
1 0.192865 0.596736 0.233512 0.596736 0.233512 0.604852 0.192865 0.604852
1 0.193774 0.619166 0.233500 0.619166 0.233500 0.627164 0.193774 0.627164
1 0.193143 0.608125 0.232928 0.608125 0.232928 0.616251 0.193143 0.616251
1 0.144443 0.860129 0.161153 0.860129 0.161153 0.864041 0.144443 0.864041
1 0.147430 0.781366 0.151775 0.781366 0.151775 0.796270 0.147430 0.796270
1 0.065236 0.933158 0.069260 0.933158 0.069260 0.948398 0.065236 0.948398
1 0.144306 0.830717 0.160938 0.830717 0.160938 0.834451 0.144306 0.834451
1 0.117358 0.781200 0.121086 0.781200 0.121086 0.796519 0.117358 0.796519
1 0.217052 0.828489 0.232369 0.828489 0.232369 0.831964 0.217052 0.831964
1 0.053053 0.986493 0.068018 0.986493 0.068018 0.989082 0.053053 0.989082
1 0.104630 0.862444 0.119140 0.862444 0.119140 0.866276 0.104630 0.866276
1 0.103447 0.986895 0.117947 0.986895 0.117947 0.989902 0.103447 0.989902
1 0.036059 0.933481 0.040143 0.933481 0.040143 0.949064 0.036059 0.949064
1 0.080729 0.889427 0.095013 0.889427 0.095013 0.892612 0.080729 0.892612
1 0.048247 0.881960 0.062728 0.881960 0.062728 0.884926 0.048247 0.884926
1 0.080712 0.986289 0.095627 0.986289 0.095627 0.989415 0.080712 0.989415
1 0.174494 0.876795 0.188730 0.876795 0.188730 0.879855 0.174494 0.879855
1 0.079401 0.943075 0.094230 0.943075 0.094230 0.946615 0.079401 0.946615
1 0.048214 0.911303 0.062720 0.911303 0.062720 0.914626 0.048214 0.914626
1 0.210615 0.967637 0.219173 0.967637 0.219173 0.970293 0.210615 0.970293
1 0.130949 0.976195 0.144595 0.976195 0.144595 0.978542 0.130949 0.978542
1 0.079682 0.913801 0.093770 0.913801 0.093770 0.916955 0.079682 0.916955
1 0.130419 0.946083 0.145234 0.946083 0.145234 0.950571 0.130419 0.950571
1 0.080444 0.859624 0.095400 0.859624 0.095400 0.863058 0.080444 0.863058
1 0.218219 0.876558 0.233033 0.876558 0.233033 0.880199 0.218219 0.880199
1 0.174093 0.905697 0.188679 0.905697 0.188679 0.908643 0.174093 0.908643
1 0.131961 0.873820 0.146754 0.873820 0.146754 0.877224 0.131961 0.877224
1 0.195889 0.905239 0.210822 0.905239 0.210822 0.908258 0.195889 0.908258
1 0.228016 0.967577 0.234812 0.967577 0.234812 0.970098 0.228016 0.970098
1 0.024458 0.986727 0.038824 0.986727 0.038824 0.990166 0.024458 0.990166
1 0.081174 0.956360 0.095409 0.956360 0.095409 0.960506 0.081174 0.960506
1 0.248268 0.938558 0.255512 0.938558 0.255512 0.941185 0.248268 0.941185
1 0.132180 0.903487 0.146652 0.903487 0.146652 0.906411 0.132180 0.906411
1 0.218287 0.905960 0.232856 0.905960 0.232856 0.909030 0.218287 0.909030
1 0.087325 0.848176 0.102187 0.848176 0.102187 0.850956 0.087325 0.850956
1 0.053926 0.956772 0.068250 0.956772 0.068250 0.960573 0.053926 0.960573
1 0.248049 0.957312 0.255684 0.957312 0.255684 0.960043 0.248049 0.960043
1 0.180233 0.982791 0.194579 0.982791 0.194579 0.986096 0.180233 0.986096
1 0.180531 0.953020 0.195486 0.953020 0.195486 0.957471 0.180531 0.957471
1 0.216451 0.858226 0.232997 0.858226 0.232997 0.862082 0.216451 0.862082
1 0.024504 0.956602 0.039396 0.956602 0.039396 0.960476 0.024504 0.960476
1 0.228120 0.949207 0.234703 0.949207 0.234703 0.951409 0.228120 0.951409
1 0.259111 0.931801 0.268107 0.931801 0.268107 0.935391 0.259111 0.935391
1 0.210933 0.948475 0.217914 0.948475 0.217914 0.950691 0.210933 0.950691
1 0.087295 0.819077 0.102097 0.819077 0.102097 0.822004 0.087295 0.822004
1 0.208235 0.929742 0.211124 0.929742 0.211124 0.937989 0.208235 0.937989
1 0.104737 0.892388 0.118997 0.892388 0.118997 0.895712 0.104737 0.895712
1 0.104572 0.957730 0.118001 0.957730 0.118001 0.960990 0.104572 0.960990
1 0.196444 0.876449 0.211180 0.876449 0.211180 0.879362 0.196444 0.879362
1 0.258632 0.910825 0.267210 0.910825 0.267210 0.914213 0.258632 0.914213
1 0.228678 0.929127 0.230955 0.929127 0.230955 0.937818 0.228678 0.937818
1 0.394745 0.359871 0.404179 0.359871 0.404179 0.399311 0.394745 0.399311
1 0.296433 0.359573 0.305117 0.359573 0.305117 0.399306 0.296433 0.399306
1 0.452014 0.361001 0.459609 0.361001 0.459609 0.399382 0.452014 0.399382
1 0.440900 0.360474 0.448818 0.360474 0.448818 0.399358 0.440900 0.399358
1 0.418667 0.359605 0.426569 0.359605 0.426569 0.399378 0.418667 0.399378
1 0.490098 0.374362 0.506120 0.374362 0.506120 0.378437 0.490098 0.378437
1 0.429636 0.359991 0.437460 0.359991 0.437460 0.399350 0.429636 0.399350
1 0.407541 0.359357 0.415217 0.359357 0.415217 0.399413 0.407541 0.399413
1 0.285173 0.359650 0.292939 0.359650 0.292939 0.399495 0.285173 0.399495
1 0.262911 0.359585 0.270750 0.359585 0.270750 0.399816 0.262911 0.399816
1 0.490183 0.344318 0.505769 0.344318 0.505769 0.348674 0.490183 0.348674
1 0.468386 0.418572 0.507982 0.418572 0.507982 0.426965 0.468386 0.426965
1 0.469046 0.463261 0.508409 0.463261 0.508409 0.471449 0.469046 0.471449
1 0.468295 0.407683 0.507846 0.407683 0.507846 0.415812 0.468295 0.415812
1 0.468449 0.440762 0.508400 0.440762 0.508400 0.449118 0.468449 0.449118
1 0.468623 0.452040 0.508390 0.452040 0.508390 0.460319 0.468623 0.460319
1 0.274001 0.359483 0.281870 0.359483 0.281870 0.399773 0.274001 0.399773
1 0.468589 0.485340 0.508185 0.485340 0.508185 0.493749 0.468589 0.493749
1 0.468658 0.474329 0.507945 0.474329 0.507945 0.482549 0.468658 0.482549
1 0.469041 0.496704 0.507100 0.496704 0.507100 0.504868 0.469041 0.504868
1 0.468991 0.430000 0.508279 0.430000 0.508279 0.438102 0.468991 0.438102
1 0.315751 0.360608 0.385989 0.360608 0.385989 0.401511 0.315751 0.401511
1 0.486183 0.639316 0.489669 0.639316 0.489669 0.648177 0.486183 0.648177
1 0.266597 0.733472 0.274985 0.733472 0.274985 0.736545 0.266597 0.736545
1 0.506770 0.638698 0.510319 0.638698 0.510319 0.647932 0.506770 0.647932
1 0.266338 0.752587 0.275097 0.752587 0.275097 0.756132 0.266338 0.756132
1 0.468861 0.530028 0.507528 0.530028 0.507528 0.538100 0.468861 0.538100
1 0.468632 0.507858 0.507188 0.507858 0.507188 0.515865 0.468632 0.515865
1 0.468456 0.519018 0.507221 0.519018 0.507221 0.527093 0.468456 0.527093
1 0.276261 0.827521 0.284211 0.827521 0.284211 0.843041 0.276261 0.843041
1 0.287585 0.827862 0.295519 0.827862 0.295519 0.842891 0.287585 0.842891
1 0.298758 0.861190 0.306310 0.861190 0.306310 0.876020 0.298758 0.876020
1 0.367590 0.861918 0.374495 0.861918 0.374495 0.876939 0.367590 0.876939
1 0.355814 0.861675 0.363752 0.861675 0.363752 0.876689 0.355814 0.876689
1 0.298763 0.828258 0.306306 0.828258 0.306306 0.843338 0.298763 0.843338
1 0.276421 0.861190 0.284506 0.861190 0.284506 0.876435 0.276421 0.876435
1 0.344979 0.829366 0.352799 0.829366 0.352799 0.843463 0.344979 0.843463
1 0.366812 0.828456 0.374273 0.828456 0.374273 0.843702 0.366812 0.843702
1 0.344863 0.861860 0.352620 0.861860 0.352620 0.876317 0.344863 0.876317
1 0.325153 0.860015 0.332882 0.860015 0.332882 0.863795 0.325153 0.863795
1 0.283617 0.948508 0.287000 0.948508 0.287000 0.956471 0.283617 0.956471
1 0.325607 0.848256 0.333083 0.848256 0.333083 0.851861 0.325607 0.851861
1 0.325241 0.828713 0.332950 0.828713 0.332950 0.832203 0.325241 0.832203
1 0.275889 0.931023 0.283581 0.931023 0.283581 0.934593 0.275889 0.934593
1 0.325192 0.880027 0.333091 0.880027 0.333091 0.883231 0.325192 0.883231
1 0.263398 0.948512 0.267014 0.948512 0.267014 0.957208 0.263398 0.957208
1 0.275745 0.911315 0.283221 0.911315 0.283221 0.914646 0.275745 0.914646
1 0.306924 0.891874 0.309605 0.891874 0.309605 0.900494 0.306924 0.900494
1 0.329133 0.915594 0.331498 0.915594 0.331498 0.924403 0.329133 0.924403
1 0.288436 0.892127 0.291122 0.892127 0.291122 0.900410 0.288436 0.900410
1 0.348309 0.915801 0.351052 0.915801 0.351052 0.924170 0.348309 0.924170
1 0.589256 0.439279 0.604943 0.439279 0.604943 0.443955 0.589256 0.443955
1 0.589429 0.408911 0.604740 0.408911 0.604740 0.413555 0.589429 0.413555
1 0.545759 0.379163 0.550450 0.379163 0.550450 0.394963 0.545759 0.394963
1 0.545362 0.402826 0.550130 0.402826 0.550130 0.418642 0.545362 0.418642
1 0.575785 0.355309 0.580502 0.355309 0.580502 0.371220 0.575785 0.371220
1 0.545753 0.355266 0.550286 0.355266 0.550286 0.371128 0.545753 0.371128
1 0.577979 0.479966 0.583275 0.479966 0.583275 0.495840 0.577979 0.495840
1 0.708666 0.393840 0.723182 0.393840 0.723182 0.414561 0.708666 0.414561
1 0.575636 0.379110 0.580392 0.379110 0.580392 0.394848 0.575636 0.394848
1 0.547650 0.479693 0.552453 0.479693 0.552453 0.495468 0.547650 0.495468
1 0.546093 0.457811 0.550720 0.457811 0.550720 0.473544 0.546093 0.473544
1 0.657991 0.316841 0.688117 0.316841 0.688117 0.414810 0.657991 0.414810
1 0.576424 0.457643 0.581506 0.457643 0.581506 0.473594 0.576424 0.473594
1 0.544368 0.425743 0.549560 0.425743 0.549560 0.442073 0.544368 0.442073
1 0.575836 0.402836 0.580565 0.402836 0.580565 0.418673 0.575836 0.418673
1 0.575441 0.425923 0.580123 0.425923 0.580123 0.441918 0.575441 0.441918
1 0.723426 0.325142 0.732940 0.325142 0.732940 0.329393 0.723426 0.329393
1 0.723791 0.346190 0.732932 0.346190 0.732932 0.349420 0.723791 0.349420
1 0.745007 0.316336 0.774660 0.316336 0.774660 0.414561 0.745007 0.414561
1 0.557958 0.505736 0.573475 0.505736 0.573475 0.510587 0.557958 0.510587
1 0.624950 0.564022 0.807934 0.564022 0.807934 0.604130 0.624950 0.604130
1 0.557485 0.535009 0.573808 0.535009 0.573808 0.539814 0.557485 0.539814
1 0.670136 0.644535 0.691406 0.644535 0.691406 0.687712 0.670136 0.687712
1 0.575313 0.624236 0.585326 0.624236 0.585326 0.627987 0.575313 0.627987
1 0.556343 0.624354 0.566353 0.624354 0.566353 0.627837 0.556343 0.627837
1 0.557447 0.739132 0.566959 0.739132 0.566959 0.742935 0.557447 0.742935
1 0.523408 0.584159 0.532164 0.584159 0.532164 0.587652 0.523408 0.587652
1 0.546532 0.713409 0.556112 0.713409 0.556112 0.717117 0.546532 0.717117
1 0.523507 0.564502 0.531850 0.564502 0.531850 0.568479 0.523507 0.568479
1 0.546165 0.693042 0.555825 0.693042 0.555825 0.697146 0.546165 0.697146
1 0.551595 0.549536 0.560174 0.549536 0.560174 0.553321 0.551595 0.553321
1 0.523730 0.617337 0.532402 0.617337 0.532402 0.621043 0.523730 0.621043
1 0.516834 0.641704 0.520378 0.641704 0.520378 0.650514 0.516834 0.650514
1 0.524018 0.597884 0.532121 0.597884 0.532121 0.601404 0.524018 0.601404
1 0.537492 0.641523 0.540918 0.641523 0.540918 0.650395 0.537492 0.650395
1 0.551528 0.569331 0.560254 0.569331 0.560254 0.572675 0.551528 0.572675
1 0.575538 0.603891 0.585127 0.603891 0.585127 0.607450 0.575538 0.607450
1 0.556493 0.604181 0.565716 0.604181 0.565716 0.607667 0.556493 0.607667
1 0.710822 0.804721 0.734897 0.804721 0.734897 0.813470 0.710822 0.813470
1 0.709706 0.760863 0.735836 0.760863 0.735836 0.770658 0.709706 0.770658
1 0.556591 0.769632 0.560752 0.769632 0.560752 0.778406 0.556591 0.778406
1 0.557288 0.759258 0.566680 0.759258 0.566680 0.762854 0.557288 0.762854
1 0.577393 0.769572 0.581405 0.769572 0.581405 0.778337 0.577393 0.778337
1 0.743369 0.804692 0.767642 0.804692 0.767642 0.813442 0.743369 0.813442
1 0.743491 0.762205 0.767274 0.762205 0.767274 0.770709 0.743491 0.770709
1 0.762557 0.644529 0.781573 0.644529 0.781573 0.687779 0.762557 0.687779
1 0.777969 0.798530 0.793665 0.798530 0.793665 0.802546 0.777969 0.802546
1 0.778027 0.768570 0.794090 0.768570 0.794090 0.772990 0.778027 0.772990
1 0.468932 0.541137 0.507051 0.541137 0.507051 0.549003 0.468932 0.549003
1 0.469537 0.552230 0.508060 0.552230 0.508060 0.560499 0.469537 0.560499
1 0.469335 0.563121 0.508060 0.563121 0.508060 0.571592 0.469335 0.571592
1 0.469335 0.574416 0.506648 0.574416 0.506648 0.582685 0.469335 0.582685
1 0.468730 0.585509 0.507253 0.585509 0.507253 0.594182 0.468730 0.594182
1 0.468730 0.596804 0.507051 0.596804 0.507051 0.605073 0.468730 0.605073
1 0.468528 0.608098 0.506849 0.608098 0.506849 0.616166 0.468528 0.616166
1 0.468326 0.618990 0.506446 0.618990 0.506446 0.627057 0.468326 0.627057
1 0.263812 0.635125 0.270064 0.635125 0.270064 0.675665 0.263812 0.675665
1 0.274300 0.634722 0.281762 0.634722 0.281762 0.675261 0.274300 0.675261
1 0.285796 0.634722 0.292855 0.634722 0.292855 0.675463 0.285796 0.675463
1 0.297091 0.635125 0.304755 0.635125 0.304755 0.674858 0.297091 0.674858
1 0.315041 0.636738 0.385230 0.636738 0.385230 0.673850 0.315041 0.673850
1 0.397331 0.634722 0.403785 0.634722 0.403785 0.674051 0.397331 0.674051
1 0.408021 0.635125 0.415080 0.635125 0.415080 0.674858 0.408021 0.674858
1 0.419114 0.635327 0.426375 0.635327 0.426375 0.674858 0.419114 0.674858
1 0.430207 0.635327 0.437468 0.635327 0.437468 0.674253 0.430207 0.674253
1 0.441300 0.635528 0.448561 0.635528 0.448561 0.674656 0.441300 0.674656
1 0.452595 0.634722 0.459654 0.634722 0.459654 0.674253 0.452595 0.674253
1 0.011217 0.366531 0.015570 0.366531 0.015570 0.374567 0.011217 0.374567
1 0.007422 0.390918 0.012724 0.390918 0.012724 0.418709 0.007422 0.418709
1 0.016128 0.391085 0.021429 0.391085 0.021429 0.418877 0.016128 0.418877
1 0.033204 0.390806 0.038506 0.390806 0.038506 0.418598 0.033204 0.418598
1 0.024610 0.390806 0.029912 0.390806 0.029912 0.418598 0.024610 0.418598
1 0.058707 0.390751 0.064009 0.390751 0.064009 0.418542 0.058707 0.418542
1 0.050504 0.391253 0.055806 0.391253 0.055806 0.419044 0.050504 0.419044
1 0.041798 0.391085 0.047100 0.391085 0.047100 0.418877 0.041798 0.418877
1 0.067581 0.390974 0.073440 0.390974 0.073440 0.418486 0.067581 0.418486
1 0.089735 0.436511 0.119201 0.436511 0.119201 0.443096 0.089735 0.443096
1 0.089959 0.445607 0.119424 0.445607 0.119424 0.452192 0.089959 0.452192
1 0.089959 0.453978 0.119424 0.453978 0.119424 0.460563 0.089959 0.460563
1 0.090182 0.463075 0.119647 0.463075 0.119647 0.469660 0.090182 0.469660
1 0.090461 0.470887 0.119926 0.470887 0.119926 0.477472 0.090461 0.477472
1 0.090684 0.479984 0.120149 0.479984 0.120149 0.486569 0.090684 0.486569
1 0.090684 0.488354 0.120149 0.488354 0.120149 0.494940 0.090684 0.494940
1 0.090572 0.497060 0.120038 0.497060 0.120038 0.503645 0.090572 0.503645
1 0.090461 0.505710 0.119926 0.505710 0.119926 0.512295 0.090461 0.512295
1 0.090740 0.513523 0.120205 0.513523 0.120205 0.520108 0.090740 0.520108
1 0.090963 0.522619 0.120428 0.522619 0.120428 0.529204 0.090963 0.529204
1 0.090963 0.530990 0.120428 0.530990 0.120428 0.537575 0.090963 0.537575
1 0.090628 0.539472 0.119815 0.539472 0.119815 0.545778 0.090628 0.545778
1 0.090349 0.548290 0.119536 0.548290 0.119536 0.554596 0.090349 0.554596
1 0.090349 0.556605 0.119536 0.556605 0.119536 0.562911 0.090349 0.562911
1 0.090238 0.565366 0.119424 0.565366 0.119424 0.572565 0.090238 0.572565
1 0.066911 0.589195 0.073552 0.589195 0.073552 0.618270 0.066911 0.618270
1 0.058484 0.589028 0.064623 0.589028 0.064623 0.618102 0.058484 0.618102
1 0.049890 0.588916 0.056029 0.588916 0.056029 0.617991 0.049890 0.617991
1 0.041129 0.589251 0.047267 0.589251 0.047267 0.618326 0.041129 0.618326
1 0.032535 0.589139 0.038673 0.589139 0.038673 0.618214 0.032535 0.618214
1 0.024275 0.589363 0.030414 0.589363 0.030414 0.618437 0.024275 0.618437
1 0.015570 0.589028 0.021708 0.589028 0.021708 0.618102 0.015570 0.618102
1 0.006976 0.588916 0.013114 0.588916 0.013114 0.617991 0.006976 0.617991
1 0.000375 0.929707 0.014227 0.929707 0.014227 0.934874 0.000375 0.934874
1 0.000210 0.960598 0.014172 0.960598 0.014172 0.965655 0.000210 0.965655
0 0.000100 0.935148 0.013842 0.935148 0.013842 0.960159 0.000100 0.960159
1 0.149611 0.986048 0.159230 0.986048 0.159230 0.989346 0.149611 0.989346
