0 0.791952 0.636678 0.968969 0.636678 0.968969 0.811649 0.791952 0.811649
0 0.148251 0.306558 0.263283 0.306558 0.263283 0.422549 0.148251 0.422549
0 0.111899 0.441253 0.137147 0.441253 0.137147 0.454837 0.111899 0.454837
0 0.120390 0.254556 0.144483 0.254556 0.144483 0.267245 0.120390 0.267245
0 0.066731 0.318245 0.091088 0.318245 0.091088 0.331157 0.066731 0.331157
0 0.357642 0.309966 0.382533 0.309966 0.382533 0.322840 0.357642 0.322840
0 0.061255 0.281469 0.074131 0.281469 0.074131 0.305631 0.061255 0.305631
0 0.078453 0.416823 0.103732 0.416823 0.103732 0.430624 0.078453 0.430624
0 0.418820 0.154072 0.444071 0.154072 0.444071 0.167312 0.418820 0.167312
0 0.027990 0.136009 0.041046 0.136009 0.041046 0.161486 0.027990 0.161486
0 0.209100 0.123879 0.230257 0.123879 0.230257 0.157585 0.209100 0.157585
0 0.287250 0.060651 0.301556 0.060651 0.301556 0.087771 0.287250 0.087771
0 0.291316 0.122165 0.312176 0.122165 0.312176 0.155772 0.291316 0.155772
0 0.090490 0.285512 0.114945 0.285512 0.114945 0.298501 0.090490 0.298501
0 0.036626 0.261681 0.049407 0.261681 0.049407 0.285849 0.036626 0.285849
0 0.435221 0.238620 0.460933 0.238620 0.460933 0.252958 0.435221 0.252958
0 0.186689 0.177453 0.199784 0.177453 0.199784 0.202885 0.186689 0.202885
0 0.280524 0.287943 0.296327 0.287943 0.296327 0.296055 0.280524 0.296055
0 0.074984 0.136394 0.088060 0.136394 0.088060 0.161842 0.074984 0.161842
0 0.418486 0.190313 0.443969 0.190313 0.443969 0.203147 0.418486 0.203147
0 0.034752 0.432639 0.050125 0.432639 0.050125 0.440726 0.034752 0.440726
0 0.078117 0.257369 0.102342 0.257369 0.102342 0.269960 0.078117 0.269960
0 0.406189 0.087993 0.420403 0.087993 0.420403 0.115056 0.406189 0.115056
0 0.081937 0.187107 0.094453 0.187107 0.094453 0.212762 0.081937 0.212762
0 0.338609 0.138597 0.366003 0.138597 0.366003 0.153027 0.338609 0.153027
0 0.358984 0.062568 0.371613 0.062568 0.371613 0.087871 0.358984 0.087871
0 0.391834 0.062098 0.419307 0.062098 0.419307 0.076433 0.391834 0.076433
0 0.058466 0.186979 0.070808 0.186979 0.070808 0.212354 0.058466 0.212354
0 0.370499 0.255174 0.379355 0.255174 0.379355 0.271287 0.370499 0.271287
0 0.063449 0.439518 0.071508 0.439518 0.071508 0.455036 0.063449 0.455036
0 0.287271 0.246915 0.303906 0.246915 0.303906 0.255623 0.287271 0.255623
0 0.380282 0.332761 0.396500 0.332761 0.396500 0.341810 0.380282 0.341810
0 0.290891 0.456436 0.300372 0.456436 0.300372 0.472747 0.290891 0.472747
0 0.235497 0.467098 0.243706 0.467098 0.243706 0.482938 0.235497 0.482938
0 0.048277 0.384503 0.065483 0.384503 0.065483 0.393378 0.048277 0.393378
0 0.510143 0.242041 0.519580 0.242041 0.519580 0.258536 0.510143 0.258536
0 0.424426 0.422080 0.432398 0.422080 0.432398 0.437983 0.424426 0.437983
0 0.319262 0.322778 0.335729 0.322778 0.335729 0.332239 0.319262 0.332239
0 0.378460 0.389368 0.386470 0.389368 0.386470 0.405261 0.378460 0.405261
0 0.187612 0.257324 0.204499 0.257324 0.204499 0.267012 0.187612 0.267012
0 0.482980 0.242252 0.492142 0.242252 0.492142 0.258743 0.482980 0.258743
0 0.422260 0.386433 0.430571 0.386433 0.430571 0.402268 0.422260 0.402268
0 0.014083 0.350140 0.071672 0.350140 0.071672 0.372931 0.014083 0.372931
0 0.252950 0.585251 0.343717 0.585251 0.343717 0.675705 0.252950 0.675705
0 0.202799 0.491995 0.227824 0.491995 0.227824 0.504930 0.202799 0.504930
0 0.005801 0.669576 0.014977 0.669576 0.014977 0.686917 0.005801 0.686917
0 0.075858 0.506573 0.097048 0.506573 0.097048 0.540544 0.075858 0.540544
0 0.160952 0.481503 0.186689 0.481503 0.186689 0.494265 0.160952 0.494265
0 0.361501 0.850829 0.395117 0.850829 0.395117 0.871608 0.361501 0.871608
0 0.019899 0.528653 0.044408 0.528653 0.044408 0.541369 0.019899 0.541369
0 0.385864 0.639611 0.398708 0.639611 0.398708 0.664481 0.385864 0.664481
0 0.148266 0.646009 0.161022 0.646009 0.161022 0.671287 0.148266 0.671287
0 0.261510 0.479679 0.273993 0.479679 0.273993 0.504490 0.261510 0.504490
0 0.109851 0.499884 0.135585 0.499884 0.135585 0.513460 0.109851 0.513460
0 0.025212 0.603740 0.106448 0.603740 0.106448 0.661556 0.025212 0.661556
0 0.373832 0.680651 0.389892 0.680651 0.389892 0.688857 0.373832 0.688857
0 0.121690 0.631694 0.129899 0.631694 0.129899 0.647666 0.121690 0.647666
0 0.160522 0.683105 0.176957 0.683105 0.176957 0.692071 0.160522 0.692071
0 0.422639 0.497496 0.430856 0.497496 0.430856 0.513448 0.422639 0.513448
0 0.458132 0.586755 0.474355 0.586755 0.474355 0.595639 0.458132 0.595639
0 0.023628 0.505424 0.041002 0.505424 0.041002 0.515322 0.023628 0.515322
0 0.377438 0.605810 0.394203 0.605810 0.394203 0.615593 0.377438 0.615593
0 0.517499 0.172701 0.545165 0.172701 0.545165 0.187213 0.517499 0.187213
0 0.754389 0.100690 0.779939 0.100690 0.779939 0.114043 0.754389 0.114043
0 0.781382 0.123532 0.806972 0.123532 0.806972 0.136822 0.781382 0.136822
0 0.481274 0.089005 0.503096 0.089005 0.503096 0.123048 0.481274 0.123048
0 0.560874 0.254661 0.588401 0.254661 0.588401 0.269327 0.560874 0.269327
0 0.706472 0.408211 0.714788 0.408211 0.714788 0.424144 0.706472 0.424144
0 0.886705 0.265542 0.917808 0.265542 0.917808 0.285287 0.886705 0.285287
0 0.903355 0.428562 0.916219 0.428562 0.916219 0.454245 0.903355 0.454245
0 0.509801 0.329782 0.522666 0.329782 0.522666 0.355060 0.509801 0.355060
0 0.532106 0.212317 0.545237 0.212317 0.545237 0.237793 0.532106 0.237793
0 0.551049 0.289852 0.568256 0.289852 0.568256 0.299030 0.551049 0.299030
0 0.828986 0.461271 0.845384 0.461271 0.845384 0.470381 0.828986 0.470381
0 0.701291 0.448410 0.717158 0.448410 0.717158 0.456578 0.701291 0.456578
0 0.558949 0.226017 0.567142 0.226017 0.567142 0.241949 0.558949 0.241949
0 0.620349 0.303769 0.628593 0.303769 0.628593 0.319689 0.620349 0.319689
0 0.586077 0.293923 0.602068 0.293923 0.602068 0.302198 0.586077 0.302198
0 0.481634 0.274877 0.490497 0.274877 0.490497 0.291153 0.481634 0.291153
0 0.650863 0.282461 0.659222 0.282461 0.659222 0.298356 0.650863 0.298356
0 0.717414 0.369849 0.725878 0.369849 0.725878 0.385719 0.717414 0.385719
0 0.527718 0.106134 0.536730 0.106134 0.536730 0.122337 0.527718 0.122337
0 0.544443 0.103066 0.553798 0.103066 0.553798 0.119445 0.544443 0.119445
0 0.674994 0.751967 0.695797 0.751967 0.695797 0.783609 0.674994 0.783609
0 0.642593 0.751810 0.664160 0.751810 0.664160 0.783880 0.642593 0.783880
0 0.912406 0.843694 0.945028 0.843694 0.945028 0.864366 0.912406 0.864366
0 0.641426 0.865946 0.674607 0.865946 0.674607 0.886830 0.641426 0.886830
0 0.692806 0.927479 0.718867 0.927479 0.718867 0.942194 0.692806 0.942194
0 0.571428 0.583131 0.587339 0.583131 0.587339 0.591070 0.571428 0.591070
0 0.844325 0.541277 0.857007 0.541277 0.857007 0.566562 0.844325 0.566562
0 0.626981 0.626213 0.659876 0.626213 0.659876 0.647011 0.626981 0.647011
0 0.564629 0.616698 0.597783 0.616698 0.597783 0.638056 0.564629 0.638056
0 0.494081 0.584401 0.510358 0.584401 0.510358 0.593392 0.494081 0.593392
0 0.681393 0.683656 0.689780 0.683656 0.689780 0.699375 0.681393 0.699375
0 0.553953 0.649663 0.562213 0.649663 0.562213 0.665355 0.553953 0.665355
0 0.597576 0.681343 0.605823 0.681343 0.605823 0.697141 0.597576 0.697141
0 0.695653 0.908755 0.712976 0.908755 0.712976 0.917998 0.695653 0.917998
0 0.757587 0.509175 0.767115 0.509175 0.767115 0.525786 0.757587 0.525786
1 0.208012 0.157975 0.232267 0.157975 0.232267 0.168391 0.208012 0.168391
1 0.208144 0.115659 0.231600 0.115659 0.231600 0.123571 0.208144 0.123571
1 0.080766 0.212900 0.096112 0.212900 0.096112 0.216795 0.080766 0.216795
1 0.185540 0.173293 0.200383 0.173293 0.200383 0.177035 0.185540 0.177035
1 0.026921 0.131390 0.041850 0.131390 0.041850 0.135564 0.026921 0.135564
1 0.080554 0.182837 0.096161 0.182837 0.096161 0.187119 0.080554 0.187119
1 0.056970 0.212569 0.072273 0.212569 0.072273 0.216514 0.056970 0.216514
1 0.073584 0.131572 0.089319 0.131572 0.089319 0.135951 0.073584 0.135951
1 0.185912 0.202958 0.200463 0.202958 0.200463 0.207095 0.185912 0.207095
1 0.026765 0.161767 0.042046 0.161767 0.042046 0.165903 0.026765 0.165903
1 0.073743 0.161961 0.089430 0.161961 0.089430 0.165767 0.073743 0.165767
1 0.057036 0.182642 0.072337 0.182642 0.072337 0.186824 0.057036 0.186824
1 0.119726 0.407274 0.147423 0.407274 0.147423 0.416506 0.119726 0.416506
1 0.181970 0.421310 0.190464 0.421310 0.190464 0.451331 0.181970 0.451331
1 0.222868 0.421746 0.231338 0.421746 0.231338 0.451287 0.222868 0.451287
1 0.122050 0.310679 0.148157 0.310679 0.148157 0.321492 0.122050 0.321492
1 0.119923 0.366520 0.148224 0.366520 0.148224 0.375707 0.119923 0.375707
1 0.168733 0.278415 0.177292 0.278415 0.177292 0.305751 0.168733 0.305751
1 0.196064 0.278335 0.204423 0.278335 0.204423 0.305828 0.196064 0.305828
1 0.119697 0.352804 0.148307 0.352804 0.148307 0.362127 0.119697 0.362127
1 0.155271 0.278785 0.163699 0.278785 0.163699 0.305407 0.155271 0.305407
1 0.119899 0.393838 0.147948 0.393838 0.147948 0.402961 0.119899 0.402961
1 0.209637 0.278449 0.218193 0.278449 0.218193 0.305917 0.209637 0.305917
1 0.236424 0.422013 0.244967 0.422013 0.244967 0.451453 0.236424 0.451453
1 0.195563 0.421684 0.203991 0.421684 0.203991 0.451033 0.195563 0.451033
1 0.182171 0.278241 0.190818 0.278241 0.190818 0.305606 0.182171 0.305606
1 0.154990 0.421278 0.163299 0.421278 0.163299 0.451139 0.154990 0.451139
1 0.121029 0.325422 0.148188 0.325422 0.148188 0.335158 0.121029 0.335158
1 0.236871 0.278752 0.245195 0.278752 0.245195 0.306061 0.236871 0.306061
1 0.168163 0.421213 0.176976 0.421213 0.176976 0.450523 0.168163 0.450523
1 0.223181 0.278416 0.231579 0.278416 0.231579 0.305793 0.223181 0.305793
1 0.121131 0.379898 0.147972 0.379898 0.147972 0.389222 0.121131 0.389222
1 0.120580 0.338775 0.147861 0.338775 0.147861 0.348612 0.120580 0.348612
1 0.034916 0.256902 0.050883 0.256902 0.050883 0.261554 0.034916 0.261554
1 0.090912 0.316713 0.095817 0.316713 0.095817 0.332827 0.090912 0.332827
1 0.208967 0.421611 0.217763 0.421611 0.217763 0.450514 0.208967 0.450514
1 0.075104 0.497731 0.098449 0.497731 0.098449 0.506593 0.075104 0.506593
1 0.108009 0.440576 0.111678 0.440576 0.111678 0.455486 0.108009 0.455486
1 0.103740 0.415878 0.107852 0.415878 0.107852 0.431533 0.103740 0.431533
1 0.074191 0.415805 0.078259 0.415805 0.078259 0.431189 0.074191 0.431189
1 0.102170 0.255157 0.106871 0.255157 0.106871 0.271165 0.102170 0.271165
1 0.144293 0.252856 0.148705 0.252856 0.148705 0.268017 0.144293 0.268017
1 0.235476 0.463158 0.243944 0.463158 0.243944 0.467193 0.235476 0.467193
1 0.156927 0.479903 0.161162 0.479903 0.161162 0.495804 0.156927 0.495804
1 0.061900 0.316982 0.066787 0.316982 0.066787 0.333034 0.061900 0.333034
1 0.115738 0.252382 0.120388 0.252382 0.120388 0.268187 0.115738 0.268187
1 0.114655 0.284020 0.118984 0.284020 0.118984 0.299461 0.114655 0.299461
1 0.034736 0.286202 0.050859 0.286202 0.050859 0.290445 0.034736 0.290445
1 0.085772 0.283394 0.090522 0.283394 0.090522 0.299575 0.085772 0.299575
1 0.063577 0.435112 0.072073 0.435112 0.072073 0.439467 0.063577 0.439467
1 0.050187 0.432562 0.054198 0.432562 0.054198 0.440541 0.050187 0.440541
1 0.198550 0.490105 0.202779 0.490105 0.202779 0.506542 0.198550 0.506542
1 0.073046 0.254936 0.078131 0.254936 0.078131 0.270789 0.073046 0.270789
1 0.059720 0.276325 0.075723 0.276325 0.075723 0.281331 0.059720 0.281331
1 0.227822 0.490186 0.232737 0.490186 0.232737 0.506039 0.227822 0.506039
1 0.250418 0.279078 0.258788 0.279078 0.258788 0.305803 0.250418 0.305803
1 0.059740 0.305755 0.075849 0.305755 0.075849 0.310157 0.059740 0.310157
1 0.065569 0.384162 0.069226 0.384162 0.069226 0.392987 0.065569 0.392987
1 0.030519 0.432459 0.034720 0.432459 0.034720 0.440728 0.030519 0.440728
1 0.044219 0.384838 0.048346 0.384838 0.048346 0.393997 0.044219 0.393997
1 0.186382 0.480485 0.190067 0.480485 0.190067 0.495783 0.186382 0.495783
1 0.204666 0.257999 0.207833 0.257999 0.207833 0.266672 0.204666 0.266672
1 0.137297 0.440400 0.141240 0.440400 0.141240 0.456155 0.137297 0.456155
1 0.063188 0.455161 0.071374 0.455161 0.071374 0.458549 0.063188 0.458549
1 0.235312 0.482922 0.243753 0.482922 0.243753 0.486342 0.235312 0.486342
1 0.184740 0.258253 0.187901 0.258253 0.187901 0.266893 0.184740 0.266893
1 0.002129 0.346829 0.013705 0.346829 0.013705 0.377009 0.002129 0.377009
1 0.094033 0.662840 0.104088 0.662840 0.104088 0.691302 0.094033 0.691302
1 0.072209 0.662560 0.082385 0.662560 0.082385 0.693277 0.072209 0.693277
1 0.049674 0.566915 0.059986 0.566915 0.059986 0.598048 0.049674 0.598048
1 0.049735 0.662351 0.060560 0.662351 0.060560 0.693094 0.049735 0.693094
1 0.026023 0.566484 0.037633 0.566484 0.037633 0.598525 0.026023 0.598525
1 0.093610 0.567076 0.103712 0.567076 0.103712 0.598200 0.093610 0.598200
1 0.074926 0.540671 0.098490 0.540671 0.098490 0.548826 0.074926 0.548826
1 0.027585 0.663161 0.038062 0.663161 0.038062 0.692481 0.027585 0.692481
1 0.232561 0.590492 0.252393 0.590492 0.252393 0.601255 0.232561 0.601255
1 0.234254 0.659111 0.253007 0.659111 0.253007 0.670132 0.234254 0.670132
1 0.071947 0.567235 0.081740 0.567235 0.081740 0.597864 0.071947 0.597864
1 0.233926 0.607779 0.252590 0.607779 0.252590 0.618081 0.233926 0.618081
1 0.234384 0.625074 0.253011 0.625074 0.253011 0.635752 0.234384 0.635752
1 0.234294 0.642273 0.253311 0.642273 0.253311 0.652971 0.234294 0.652971
1 0.105890 0.498989 0.110027 0.498989 0.110027 0.514329 0.105890 0.514329
1 0.044301 0.526274 0.049317 0.526274 0.049317 0.541671 0.044301 0.541671
1 0.016084 0.526353 0.020053 0.526353 0.020053 0.541755 0.016084 0.541755
1 0.135563 0.498739 0.139320 0.498739 0.139320 0.514066 0.135563 0.514066
1 0.040855 0.505618 0.044509 0.505618 0.044509 0.514550 0.040855 0.514550
1 0.121514 0.627825 0.130067 0.627825 0.130067 0.631660 0.121514 0.631660
1 0.146986 0.671361 0.163014 0.671361 0.163014 0.675778 0.146986 0.675778
1 0.121562 0.647618 0.129573 0.647618 0.129573 0.651026 0.121562 0.651026
1 0.156498 0.682781 0.160602 0.682781 0.160602 0.692034 0.156498 0.692034
1 0.146874 0.641456 0.162240 0.641456 0.162240 0.645881 0.146874 0.645881
1 0.020132 0.505423 0.023994 0.505423 0.023994 0.514647 0.020132 0.514647
1 0.005709 0.687034 0.015147 0.687034 0.015147 0.690675 0.005709 0.690675
1 0.005662 0.665623 0.015248 0.665623 0.015248 0.669563 0.005662 0.669563
1 0.177006 0.683624 0.179437 0.683624 0.179437 0.691858 0.177006 0.691858
1 0.290062 0.156258 0.313516 0.156258 0.313516 0.164510 0.290062 0.164510
1 0.479816 0.080385 0.505199 0.080385 0.505199 0.088985 0.479816 0.088985
1 0.290018 0.112973 0.313639 0.112973 0.313639 0.121911 0.290018 0.121911
1 0.406197 0.084615 0.421788 0.084615 0.421788 0.087829 0.406197 0.087829
1 0.480744 0.123256 0.504167 0.123256 0.504167 0.131920 0.480744 0.131920
1 0.388093 0.061332 0.391925 0.061332 0.391925 0.076501 0.388093 0.076501
1 0.357732 0.058363 0.372777 0.058363 0.372777 0.062481 0.357732 0.062481
1 0.419246 0.061606 0.423172 0.061606 0.423172 0.076944 0.419246 0.076944
1 0.414501 0.152427 0.418507 0.152427 0.418507 0.168018 0.414501 0.168018
1 0.443714 0.152690 0.447621 0.152690 0.447621 0.168130 0.443714 0.168130
1 0.443940 0.188586 0.447741 0.188586 0.447741 0.204592 0.443940 0.204592
1 0.414203 0.189000 0.418486 0.189000 0.418486 0.204499 0.414203 0.204499
1 0.405593 0.115224 0.421411 0.115224 0.421411 0.118694 0.405593 0.118694
1 0.286844 0.057152 0.302385 0.057152 0.302385 0.060486 0.286844 0.060486
1 0.365833 0.137937 0.369148 0.137937 0.369148 0.153200 0.365833 0.153200
1 0.335452 0.137788 0.338883 0.137788 0.338883 0.153553 0.335452 0.153553
1 0.460872 0.237430 0.464892 0.237430 0.464892 0.253740 0.460872 0.253740
1 0.431257 0.237191 0.435230 0.237191 0.435230 0.253561 0.431257 0.253561
1 0.483418 0.238951 0.491396 0.238951 0.491396 0.242241 0.483418 0.242241
1 0.357518 0.087889 0.372684 0.087889 0.372684 0.092053 0.357518 0.092053
1 0.370277 0.251216 0.379850 0.251216 0.379850 0.254900 0.370277 0.254900
1 0.286410 0.087906 0.301802 0.087906 0.301802 0.091231 0.286410 0.091231
1 0.483445 0.258641 0.491651 0.258641 0.491651 0.261981 0.483445 0.261981
1 0.303754 0.247286 0.307355 0.247286 0.307355 0.255107 0.303754 0.255107
1 0.264322 0.407765 0.292143 0.407765 0.292143 0.417067 0.264322 0.417067
1 0.264218 0.312124 0.292883 0.312124 0.292883 0.322028 0.264218 0.322028
1 0.264203 0.394028 0.292416 0.394028 0.292416 0.403796 0.264203 0.403796
1 0.249679 0.421958 0.258951 0.421958 0.258951 0.451872 0.249679 0.451872
1 0.264000 0.325549 0.292430 0.325549 0.292430 0.335355 0.264000 0.335355
1 0.260216 0.475284 0.275070 0.475284 0.275070 0.479570 0.260216 0.479570
1 0.263731 0.339032 0.292525 0.339032 0.292525 0.349115 0.263731 0.349115
1 0.264068 0.353025 0.292789 0.353025 0.292789 0.362767 0.264068 0.362767
1 0.264285 0.380355 0.292416 0.380355 0.292416 0.390141 0.264285 0.390141
1 0.264185 0.366842 0.292377 0.366842 0.292377 0.376542 0.264185 0.376542
1 0.353726 0.308633 0.357625 0.308633 0.357625 0.324376 0.353726 0.324376
1 0.382226 0.308258 0.386629 0.308258 0.386629 0.323747 0.382226 0.323747
1 0.481850 0.290932 0.489684 0.290932 0.489684 0.293778 0.481850 0.293778
1 0.370038 0.271381 0.379720 0.271381 0.379720 0.275690 0.370038 0.275690
1 0.296298 0.288431 0.299254 0.288431 0.299254 0.295450 0.296298 0.295450
1 0.291478 0.453559 0.299764 0.453559 0.299764 0.456533 0.291478 0.456533
1 0.315926 0.323777 0.319531 0.323777 0.319531 0.331573 0.315926 0.331573
1 0.396700 0.332820 0.399726 0.332820 0.399726 0.341557 0.396700 0.341557
1 0.379026 0.386470 0.386360 0.386470 0.386360 0.389290 0.379026 0.389290
1 0.376981 0.333004 0.380425 0.333004 0.380425 0.341214 0.376981 0.341214
1 0.291214 0.472879 0.299975 0.472879 0.299975 0.475551 0.291214 0.475551
1 0.335822 0.323788 0.338895 0.323788 0.338895 0.331559 0.335822 0.331559
1 0.482026 0.270769 0.490488 0.270769 0.490488 0.274552 0.482026 0.274552
1 0.422540 0.383458 0.430037 0.383458 0.430037 0.386348 0.422540 0.386348
1 0.424998 0.419183 0.431655 0.419183 0.431655 0.422141 0.424998 0.422141
1 0.422450 0.402418 0.429772 0.402418 0.429772 0.405125 0.422450 0.405125
1 0.378317 0.405371 0.385787 0.405371 0.385787 0.407574 0.378317 0.407574
1 0.277146 0.288599 0.280321 0.288599 0.280321 0.295486 0.277146 0.295486
1 0.423316 0.494345 0.430253 0.494345 0.430253 0.497427 0.423316 0.497427
1 0.283941 0.247656 0.287443 0.247656 0.287443 0.254922 0.283941 0.254922
1 0.425025 0.438572 0.431488 0.438572 0.431488 0.441166 0.425025 0.441166
1 0.344407 0.659403 0.362242 0.659403 0.362242 0.673594 0.344407 0.673594
1 0.344156 0.590506 0.362548 0.590506 0.362548 0.601422 0.344156 0.601422
1 0.344235 0.642369 0.362735 0.642369 0.362735 0.653323 0.344235 0.653323
1 0.383977 0.634642 0.400030 0.634642 0.400030 0.639647 0.383977 0.639647
1 0.344017 0.625339 0.362384 0.625339 0.362384 0.636261 0.344017 0.636261
1 0.343516 0.607647 0.362041 0.607647 0.362041 0.618429 0.343516 0.618429
1 0.259475 0.504523 0.275672 0.504523 0.275672 0.508701 0.259475 0.508701
1 0.384223 0.664661 0.399751 0.664661 0.399751 0.668940 0.384223 0.668940
1 0.454051 0.586847 0.458033 0.586847 0.458033 0.595669 0.454051 0.595669
1 0.370637 0.681013 0.373932 0.681013 0.373932 0.688953 0.370637 0.688953
1 0.394171 0.606165 0.397512 0.606165 0.397512 0.615431 0.394171 0.615431
1 0.489804 0.584295 0.493960 0.584295 0.493960 0.593379 0.489804 0.593379
1 0.374040 0.606079 0.377672 0.606079 0.377672 0.614986 0.374040 0.614986
1 0.474383 0.587007 0.477622 0.587007 0.477622 0.595305 0.474383 0.595305
1 0.422883 0.513625 0.430060 0.513625 0.430060 0.516156 0.422883 0.516156
1 0.389615 0.680480 0.392960 0.680480 0.392960 0.688620 0.389615 0.688620
1 0.395352 0.849400 0.404741 0.849400 0.404741 0.873372 0.395352 0.873372
1 0.354138 0.849436 0.361260 0.849436 0.361260 0.872844 0.354138 0.872844
1 0.530905 0.207937 0.546650 0.207937 0.546650 0.212253 0.530905 0.212253
1 0.531157 0.237909 0.546446 0.237909 0.546446 0.241967 0.531157 0.241967
1 0.558952 0.222022 0.567116 0.222022 0.567116 0.225972 0.558952 0.225972
1 0.511089 0.238473 0.519768 0.238473 0.519768 0.242208 0.511089 0.242208
1 0.545090 0.171673 0.548314 0.171673 0.548314 0.187809 0.545090 0.187809
1 0.558616 0.241943 0.567442 0.241943 0.567442 0.245636 0.558616 0.245636
1 0.527373 0.102521 0.536702 0.102521 0.536702 0.106311 0.527373 0.106311
1 0.544552 0.099191 0.553522 0.099191 0.553522 0.102982 0.544552 0.102982
1 0.544118 0.119032 0.554106 0.119032 0.554106 0.122828 0.544118 0.122828
1 0.527822 0.122359 0.536622 0.122359 0.536622 0.125851 0.527822 0.125851
1 0.514232 0.172195 0.517523 0.172195 0.517523 0.187981 0.514232 0.187981
1 0.508267 0.324732 0.524589 0.324732 0.524589 0.329476 0.508267 0.329476
1 0.581952 0.293519 0.586047 0.293519 0.586047 0.302343 0.581952 0.302343
1 0.620429 0.299814 0.628496 0.299814 0.628496 0.303636 0.620429 0.303636
1 0.508686 0.355361 0.524302 0.355361 0.524302 0.358974 0.508686 0.358974
1 0.602141 0.294063 0.606071 0.294063 0.606071 0.302434 0.602141 0.302434
1 0.706399 0.404415 0.714745 0.404415 0.714745 0.408068 0.706399 0.408068
1 0.557703 0.254505 0.560876 0.254505 0.560876 0.269630 0.557703 0.269630
1 0.717011 0.448803 0.720186 0.448803 0.720186 0.455856 0.717011 0.455856
1 0.547726 0.289740 0.551220 0.289740 0.551220 0.299113 0.547726 0.299113
1 0.568536 0.289890 0.572280 0.289890 0.572280 0.299778 0.568536 0.299778
1 0.651230 0.278935 0.658966 0.278935 0.658966 0.282480 0.651230 0.282480
1 0.718026 0.366315 0.725534 0.366315 0.725534 0.369690 0.718026 0.369690
1 0.698389 0.449042 0.701467 0.449042 0.701467 0.455991 0.698389 0.455991
1 0.706524 0.424172 0.714673 0.424172 0.714673 0.427328 0.706524 0.427328
1 0.651343 0.298438 0.659063 0.298438 0.659063 0.301262 0.651343 0.301262
1 0.619889 0.319696 0.628325 0.319696 0.628325 0.323110 0.619889 0.323110
1 0.588401 0.254084 0.591992 0.254084 0.591992 0.269533 0.588401 0.269533
1 0.717521 0.385743 0.725702 0.385743 0.725702 0.389087 0.717521 0.389087
1 0.510458 0.258463 0.519354 0.258463 0.519354 0.262226 0.510458 0.262226
1 0.659899 0.623664 0.669214 0.623664 0.669214 0.649147 0.659899 0.649147
1 0.555265 0.612441 0.564834 0.612441 0.564834 0.639146 0.555265 0.639146
1 0.597874 0.613796 0.606527 0.613796 0.606527 0.638323 0.597874 0.638323
1 0.640426 0.741595 0.666007 0.741595 0.666007 0.751220 0.640426 0.751220
1 0.672082 0.741543 0.697749 0.741543 0.697749 0.751418 0.672082 0.751418
1 0.618329 0.624361 0.626975 0.624361 0.626975 0.648921 0.618329 0.648921
1 0.681919 0.679453 0.689956 0.679453 0.689956 0.683707 0.681919 0.683707
1 0.510195 0.584141 0.513841 0.584141 0.513841 0.592998 0.510195 0.592998
1 0.597325 0.677310 0.605974 0.677310 0.605974 0.681455 0.597325 0.681455
1 0.553897 0.646038 0.562264 0.646038 0.562264 0.649734 0.553897 0.649734
1 0.681511 0.699628 0.689598 0.699628 0.689598 0.702553 0.681511 0.702553
1 0.568120 0.583078 0.571429 0.583078 0.571429 0.590932 0.568120 0.590932
1 0.597703 0.697110 0.605518 0.697110 0.605518 0.699647 0.597703 0.699647
1 0.587667 0.583044 0.590733 0.583044 0.590733 0.591205 0.587667 0.591205
1 0.554099 0.665822 0.561756 0.665822 0.561756 0.669311 0.554099 0.669311
1 0.672469 0.784080 0.697663 0.784080 0.697663 0.793429 0.672469 0.793429
1 0.674746 0.864238 0.683171 0.864238 0.683171 0.888731 0.674746 0.888731
1 0.641972 0.784272 0.665966 0.784272 0.665966 0.793337 0.641972 0.793337
1 0.632683 0.864586 0.641485 0.864586 0.641485 0.887791 0.632683 0.887791
1 0.688718 0.926270 0.692642 0.926270 0.692642 0.942135 0.688718 0.942135
1 0.692495 0.908665 0.695870 0.908665 0.695870 0.917775 0.692495 0.917775
1 0.718677 0.926510 0.722498 0.926510 0.722498 0.942080 0.718677 0.942080
1 0.712956 0.908972 0.716053 0.908972 0.716053 0.918128 0.712956 0.918128
1 0.806880 0.121893 0.810763 0.121893 0.810763 0.138550 0.806880 0.138550
1 0.779988 0.099145 0.783506 0.099145 0.783506 0.114701 0.779988 0.114701
1 0.750496 0.098916 0.754148 0.098916 0.754148 0.114910 0.750496 0.114910
1 0.777698 0.121685 0.781367 0.121685 0.781367 0.137982 0.777698 0.137982
1 0.885037 0.250079 0.897244 0.250079 0.897244 0.265065 0.885037 0.265065
1 0.897570 0.285303 0.907959 0.285303 0.907959 0.297545 0.897570 0.297545
1 0.908952 0.250762 0.918723 0.250762 0.918723 0.265681 0.908952 0.265681
1 0.901442 0.454245 0.918097 0.454245 0.918097 0.458819 0.901442 0.458819
1 0.901062 0.423343 0.917542 0.423343 0.917542 0.428387 0.901062 0.428387
1 0.845430 0.461367 0.849026 0.461367 0.849026 0.470295 0.845430 0.470295
1 0.825775 0.461269 0.828619 0.461269 0.828619 0.470039 0.825775 0.470039
1 0.868977 0.615904 0.893760 0.615904 0.893760 0.635758 0.868977 0.635758
1 0.842238 0.535829 0.859009 0.535829 0.859009 0.540846 0.842238 0.540846
1 0.842443 0.566669 0.858366 0.566669 0.858366 0.570711 0.842443 0.570711
1 0.757912 0.505400 0.767312 0.505400 0.767312 0.509050 0.757912 0.509050
1 0.757686 0.525897 0.767002 0.525897 0.767002 0.529797 0.757686 0.529797
1 0.945482 0.841627 0.955187 0.841627 0.955187 0.866438 0.945482 0.866438
1 0.902617 0.841784 0.912204 0.841784 0.912204 0.867295 0.902617 0.867295
1 0.868951 0.811144 0.893385 0.811144 0.893385 0.827287 0.868951 0.827287
1 0.072234 0.345458 0.084472 0.345458 0.084472 0.376195 0.072234 0.376195
