0 0.275422 0.650655 0.376308 0.650655 0.376308 0.751766 0.275422 0.751766
0 0.058344 0.857946 0.107989 0.857946 0.107989 0.924492 0.058344 0.924492
0 0.174800 0.709061 0.257152 0.709061 0.257152 0.774080 0.174800 0.774080
0 0.501952 0.544881 0.552575 0.544881 0.552575 0.569264 0.501952 0.569264
0 0.502135 0.584448 0.552765 0.584448 0.552765 0.608955 0.502135 0.608955
0 0.629478 0.679699 0.729516 0.679699 0.729516 0.770661 0.629478 0.770661
0 0.404794 0.677077 0.486075 0.677077 0.486075 0.742223 0.404794 0.742223
0 0.135188 0.857154 0.185625 0.857154 0.185625 0.923172 0.135188 0.923172
0 0.799157 0.213981 0.852348 0.213981 0.852348 0.240696 0.799157 0.240696
0 0.034836 0.132518 0.061704 0.132518 0.061704 0.186576 0.034836 0.186576
0 0.179119 0.630311 0.211868 0.630311 0.211868 0.650794 0.179119 0.650794
0 0.763391 0.211426 0.777907 0.211426 0.777907 0.237409 0.763391 0.237409
0 0.069968 0.107226 0.084369 0.107226 0.084369 0.132714 0.069968 0.132714
0 0.391361 0.194926 0.416363 0.194926 0.416363 0.207859 0.391361 0.207859
0 0.235094 0.109486 0.260429 0.109486 0.260429 0.122109 0.235094 0.122109
0 0.452769 0.824440 0.478880 0.824440 0.478880 0.838943 0.452769 0.838943
0 0.034127 0.012229 0.059946 0.012229 0.059946 0.026704 0.034127 0.026704
0 0.300516 0.129190 0.315018 0.129190 0.315018 0.154822 0.300516 0.154822
0 0.590043 0.476133 0.641751 0.476133 0.641751 0.580927 0.590043 0.580927
0 0.034602 0.038019 0.060281 0.038019 0.060281 0.052244 0.034602 0.052244
0 0.472169 0.865716 0.496717 0.865716 0.496717 0.878736 0.472169 0.878736
0 0.102718 0.015578 0.110918 0.015578 0.110918 0.031964 0.102718 0.031964
0 0.704380 0.586549 0.730390 0.586549 0.730390 0.600684 0.704380 0.600684
0 0.208757 0.830629 0.232847 0.830629 0.232847 0.842565 0.208757 0.842565
0 0.090917 0.176595 0.116839 0.176595 0.116839 0.191372 0.090917 0.191372
0 0.132792 0.151240 0.159188 0.151240 0.159188 0.165832 0.132792 0.165832
1 0.488382 0.541246 0.500950 0.541246 0.500950 0.572482 0.488382 0.572482
0 0.170726 0.143018 0.188195 0.143018 0.188195 0.152206 0.170726 0.152206
0 0.202944 0.875645 0.227255 0.875645 0.227255 0.888432 0.202944 0.888432
0 0.207582 0.852461 0.233556 0.852461 0.233556 0.866733 0.207582 0.866733
0 0.090901 0.148397 0.117061 0.148397 0.117061 0.163098 0.090901 0.163098
0 0.404055 0.096950 0.413429 0.096950 0.413429 0.114062 0.404055 0.114062
0 0.456172 0.806837 0.471749 0.806837 0.471749 0.815075 0.456172 0.815075
1 0.583841 0.583443 0.644369 0.583443 0.644369 0.600059 0.583841 0.600059
0 0.745915 0.758544 0.771743 0.758544 0.771743 0.772899 0.745915 0.772899
0 0.082779 0.015677 0.090549 0.015677 0.090549 0.031955 0.082779 0.031955
0 0.593645 0.215809 0.610787 0.215809 0.610787 0.225674 0.593645 0.225674
0 0.102682 0.045833 0.111069 0.045833 0.111069 0.062038 0.102682 0.062038
0 0.355014 0.200129 0.371490 0.200129 0.371490 0.208749 0.355014 0.208749
0 0.247273 0.845078 0.257613 0.845078 0.257613 0.862131 0.247273 0.862131
0 0.132454 0.177280 0.159246 0.177280 0.159246 0.191358 0.132454 0.191358
1 0.487875 0.580585 0.501873 0.580585 0.501873 0.612458 0.487875 0.612458
0 0.276448 0.090675 0.293624 0.090675 0.293624 0.099857 0.276448 0.099857
0 0.033113 0.060865 0.049834 0.060865 0.049834 0.069537 0.033113 0.069537
1 0.553230 0.541297 0.565425 0.541297 0.565425 0.572241 0.553230 0.572241
0 0.428632 0.093669 0.438285 0.093669 0.438285 0.110871 0.428632 0.110871
0 0.457050 0.846728 0.474108 0.846728 0.474108 0.855901 0.457050 0.855901
1 0.788659 0.212272 0.799120 0.212272 0.799120 0.241319 0.788659 0.241319
0 0.127322 0.109342 0.144837 0.109342 0.144837 0.118166 0.127322 0.118166
0 0.082551 0.045914 0.090622 0.045914 0.090622 0.061881 0.082551 0.061881
1 0.852244 0.212100 0.864086 0.212100 0.864086 0.242690 0.852244 0.242690
1 0.033618 0.186635 0.062487 0.186635 0.062487 0.197031 0.033618 0.197031
0 0.243152 0.089603 0.259123 0.089603 0.259123 0.097640 0.243152 0.097640
1 0.033732 0.121513 0.062621 0.121513 0.062621 0.132657 0.033732 0.132657
1 0.063097 0.925020 0.104867 0.925020 0.104867 0.945899 0.063097 0.945899
1 0.212125 0.627511 0.220636 0.627511 0.220636 0.652791 0.212125 0.652791
1 0.405225 0.742411 0.420393 0.742411 0.420393 0.773069 0.405225 0.773069
1 0.426381 0.742156 0.441660 0.742156 0.441660 0.773496 0.426381 0.773496
1 0.168135 0.627700 0.178611 0.627700 0.178611 0.654213 0.168135 0.654213
0 0.623895 0.237509 0.633444 0.237509 0.633444 0.254453 0.623895 0.254453
1 0.552772 0.580399 0.565703 0.580399 0.565703 0.612575 0.552772 0.612575
0 0.097137 0.110214 0.113499 0.110214 0.113499 0.118114 0.097137 0.118114
0 0.197080 0.089651 0.212895 0.089651 0.212895 0.097714 0.197080 0.097714
1 0.175325 0.774168 0.190716 0.774168 0.190716 0.803965 0.175325 0.803965
1 0.630889 0.770661 0.726023 0.770661 0.726023 0.812067 0.630889 0.812067
1 0.197023 0.774168 0.212047 0.774168 0.212047 0.804039 0.197023 0.804039
0 0.166317 0.089754 0.182233 0.089754 0.182233 0.097627 0.166317 0.097627
1 0.239995 0.774229 0.256390 0.774229 0.256390 0.804059 0.239995 0.804059
1 0.448313 0.742379 0.463992 0.742379 0.463992 0.773148 0.448313 0.773148
1 0.140469 0.923436 0.182600 0.923436 0.182600 0.945677 0.140469 0.945677
1 0.218419 0.774168 0.234346 0.774168 0.234346 0.804157 0.218419 0.804157
1 0.469709 0.742514 0.485580 0.742514 0.485580 0.773260 0.469709 0.773260
0 0.197204 0.109551 0.213005 0.109551 0.213005 0.117751 0.197204 0.117751
0 0.509673 0.647428 0.607695 0.647428 0.607695 0.747467 0.509673 0.747467
0 0.621439 0.061499 0.638376 0.061499 0.638376 0.071085 0.621439 0.071085
0 0.076633 0.078346 0.086129 0.078346 0.086129 0.095021 0.076633 0.095021
1 0.138284 0.833329 0.181664 0.833329 0.181664 0.857154 0.138284 0.857154
1 0.416594 0.193034 0.421676 0.193034 0.421676 0.210323 0.416594 0.210323
1 0.496783 0.863866 0.501833 0.863866 0.501833 0.879832 0.496783 0.879832
1 0.762431 0.207178 0.778665 0.207178 0.778665 0.211079 0.762431 0.211079
1 0.386816 0.193189 0.391311 0.193189 0.391311 0.209312 0.386816 0.209312
1 0.298705 0.124682 0.315809 0.124682 0.315809 0.128974 0.298705 0.128974
1 0.582526 0.462752 0.644614 0.462752 0.644614 0.476035 0.582526 0.476035
1 0.230687 0.107150 0.234932 0.107150 0.234932 0.123620 0.230687 0.123620
1 0.466475 0.863451 0.472240 0.863451 0.472240 0.879369 0.466475 0.879369
1 0.069453 0.133696 0.086236 0.133696 0.086236 0.137692 0.069453 0.137692
1 0.623838 0.612490 0.654569 0.612490 0.654569 0.679353 0.623838 0.679353
1 0.082206 0.032129 0.090325 0.032129 0.090325 0.035047 0.082206 0.035047
1 0.029995 0.036613 0.034493 0.036613 0.034493 0.052851 0.029995 0.052851
1 0.299288 0.155117 0.315275 0.155117 0.315275 0.159909 0.299288 0.159909
1 0.260566 0.107533 0.265259 0.107533 0.265259 0.123536 0.260566 0.123536
1 0.102494 0.031992 0.110923 0.031992 0.110923 0.034359 0.102494 0.034359
1 0.087144 0.147798 0.090789 0.147798 0.090789 0.164238 0.087144 0.164238
1 0.102591 0.042084 0.110612 0.042084 0.110612 0.045790 0.102591 0.045790
1 0.086736 0.176231 0.090835 0.176231 0.090835 0.192447 0.086736 0.192447
1 0.102574 0.011731 0.111126 0.011731 0.111126 0.015482 0.102574 0.015482
1 0.503435 0.747665 0.533521 0.747665 0.533521 0.815194 0.503435 0.815194
1 0.403913 0.093145 0.413241 0.093145 0.413241 0.097059 0.403913 0.097059
1 0.159334 0.149760 0.163119 0.149760 0.163119 0.166305 0.159334 0.166305
1 0.700291 0.584843 0.704070 0.584843 0.704070 0.601528 0.700291 0.601528
1 0.761603 0.237319 0.778460 0.237319 0.778460 0.242156 0.761603 0.242156
1 0.730615 0.585349 0.734611 0.585349 0.734611 0.601169 0.730615 0.601169
1 0.623730 0.233620 0.633497 0.233620 0.633497 0.237810 0.623730 0.237810
1 0.704143 0.614733 0.731196 0.614733 0.731196 0.679341 0.704143 0.679341
1 0.624081 0.254437 0.633349 0.254437 0.633349 0.257412 0.624081 0.257412
1 0.204172 0.828707 0.208872 0.828707 0.208872 0.844305 0.204172 0.844305
1 0.082327 0.062126 0.090756 0.062126 0.090756 0.064854 0.082327 0.064854
1 0.350663 0.199796 0.354950 0.199796 0.354950 0.209287 0.350663 0.209287
1 0.403764 0.114037 0.413899 0.114037 0.413899 0.117645 0.403764 0.117645
1 0.293744 0.090237 0.296777 0.090237 0.296777 0.100099 0.293744 0.100099
1 0.233039 0.828402 0.237381 0.828402 0.237381 0.844793 0.233039 0.844793
1 0.168190 0.142646 0.170728 0.142646 0.170728 0.152085 0.168190 0.152085
1 0.069338 0.103049 0.085997 0.103049 0.085997 0.107352 0.069338 0.107352
1 0.581437 0.747485 0.611888 0.747485 0.611888 0.815284 0.581437 0.815284
1 0.082412 0.011738 0.090321 0.011738 0.090321 0.015664 0.082412 0.015664
1 0.742154 0.757402 0.746025 0.757402 0.746025 0.772834 0.742154 0.772834
1 0.117119 0.148768 0.121119 0.148768 0.121119 0.163921 0.117119 0.163921
1 0.102414 0.062091 0.111456 0.062091 0.111456 0.065320 0.102414 0.065320
1 0.128076 0.150129 0.132785 0.150129 0.132785 0.166099 0.128076 0.166099
1 0.610872 0.215410 0.614440 0.215410 0.614440 0.225543 0.610872 0.225543
1 0.428521 0.090581 0.437643 0.090581 0.437643 0.093642 0.428521 0.093642
1 0.771954 0.756877 0.776052 0.756877 0.776052 0.773307 0.771954 0.773307
1 0.227309 0.873375 0.232924 0.873375 0.232924 0.889735 0.227309 0.889735
1 0.449065 0.824017 0.452557 0.824017 0.452557 0.839669 0.449065 0.839669
1 0.076648 0.094958 0.086038 0.094958 0.086038 0.098524 0.076648 0.098524
1 0.144838 0.109432 0.148145 0.109432 0.148145 0.118074 0.144838 0.118074
1 0.094045 0.109997 0.097075 0.109997 0.097075 0.118615 0.094045 0.118615
1 0.123866 0.109420 0.127253 0.109420 0.127253 0.118123 0.123866 0.118123
1 0.452584 0.806624 0.456053 0.806624 0.456053 0.815222 0.452584 0.815222
1 0.293131 0.111328 0.295838 0.111328 0.295838 0.119340 0.293131 0.119340
1 0.199065 0.873208 0.202865 0.873208 0.202865 0.888710 0.199065 0.888710
1 0.113584 0.110118 0.116357 0.110118 0.116357 0.118415 0.113584 0.118415
1 0.116958 0.176816 0.120765 0.176816 0.120765 0.192901 0.116958 0.192901
1 0.128324 0.176275 0.132396 0.176275 0.132396 0.192550 0.128324 0.192550
1 0.076579 0.075255 0.085277 0.075255 0.085277 0.078370 0.076579 0.078370
1 0.233769 0.850926 0.238071 0.850926 0.238071 0.866788 0.233769 0.866788
1 0.247624 0.841798 0.256015 0.841798 0.256015 0.845022 0.247624 0.845022
1 0.203852 0.850967 0.207437 0.850967 0.207437 0.866794 0.203852 0.866794
1 0.453950 0.846882 0.457023 0.846882 0.457023 0.855098 0.453950 0.855098
1 0.428482 0.110310 0.438209 0.110310 0.438209 0.113624 0.428482 0.113624
1 0.113284 0.089917 0.116321 0.089917 0.116321 0.097965 0.113284 0.097965
1 0.159436 0.176095 0.163369 0.176095 0.163369 0.192451 0.159436 0.192451
1 0.474150 0.846958 0.477163 0.846958 0.477163 0.855358 0.474150 0.855358
1 0.123921 0.089570 0.127678 0.089570 0.127678 0.098215 0.123921 0.098215
0 0.276996 0.111324 0.293020 0.111324 0.293020 0.119370 0.276996 0.119370
1 0.082334 0.042349 0.090103 0.042349 0.090103 0.045843 0.082334 0.045843
1 0.273511 0.090566 0.276371 0.090566 0.276371 0.099943 0.273511 0.099943
1 0.094111 0.089539 0.097121 0.089539 0.097121 0.098458 0.094111 0.098458
1 0.272993 0.111211 0.276874 0.111211 0.276874 0.119393 0.272993 0.119393
1 0.030460 0.011045 0.034067 0.011045 0.034067 0.027285 0.030460 0.027285
1 0.060318 0.036326 0.064750 0.036326 0.064750 0.052732 0.060318 0.052732
1 0.049918 0.060882 0.052741 0.060882 0.052741 0.069134 0.049918 0.069134
1 0.030203 0.061041 0.033026 0.061041 0.033026 0.069293 0.030203 0.069293
1 0.059960 0.010230 0.064247 0.010230 0.064247 0.027218 0.059960 0.027218
1 0.638554 0.061324 0.641402 0.061324 0.641402 0.070208 0.638554 0.070208
1 0.618607 0.061556 0.621456 0.061556 0.621456 0.070441 0.618607 0.070441
1 0.188222 0.142767 0.191197 0.142767 0.191197 0.151153 0.188222 0.151153
1 0.182333 0.089768 0.185278 0.089768 0.185278 0.097381 0.182333 0.097381
1 0.163832 0.089780 0.166240 0.089780 0.166240 0.097310 0.163832 0.097310
1 0.192778 0.090033 0.197057 0.090033 0.197057 0.097487 0.192778 0.097487
1 0.213136 0.109896 0.215241 0.109896 0.215241 0.117290 0.213136 0.117290
1 0.212347 0.089136 0.214702 0.089136 0.214702 0.096290 0.212347 0.096290
1 0.194667 0.109768 0.197106 0.109768 0.197106 0.117649 0.194667 0.117649
1 0.371613 0.200570 0.374584 0.200570 0.374584 0.208179 0.371613 0.208179
1 0.259202 0.089646 0.262310 0.089646 0.262310 0.097839 0.259202 0.097839
1 0.240060 0.089458 0.243168 0.089458 0.243168 0.097651 0.240060 0.097651
0 0.127736 0.089734 0.144992 0.089734 0.144992 0.098073 0.127736 0.098073
1 0.145069 0.089628 0.148020 0.089628 0.148020 0.097930 0.145069 0.097930
0 0.097078 0.089835 0.113249 0.089835 0.113249 0.098173 0.097078 0.098173
1 0.590554 0.215800 0.593577 0.215800 0.593577 0.225424 0.590554 0.225424
1 0.061134 0.833525 0.105348 0.833525 0.105348 0.857418 0.061134 0.857418
1 0.247509 0.862175 0.256545 0.862175 0.256545 0.864984 0.247509 0.864984
1 0.177655 0.678811 0.253512 0.678811 0.253512 0.708717 0.177655 0.708717
1 0.272276 0.751766 0.300689 0.751766 0.300689 0.818789 0.272276 0.818789
1 0.348446 0.751766 0.378922 0.751766 0.378922 0.817779 0.348446 0.817779
1 0.276729 0.621379 0.371589 0.621379 0.371589 0.650431 0.276729 0.650431
1 0.407010 0.648390 0.482848 0.648390 0.482848 0.676875 0.407010 0.676875
1 0.471942 0.806865 0.475327 0.806865 0.475327 0.815052 0.471942 0.815052
1 0.479017 0.823411 0.482343 0.823411 0.482343 0.839772 0.479017 0.839772
1 0.510275 0.616042 0.604670 0.616042 0.604670 0.647226 0.510275 0.647226
1 0.671753 0.660104 0.685873 0.660104 0.685873 0.679544 0.671753 0.679544
1 0.550911 0.748098 0.567141 0.748098 0.567141 0.762114 0.550911 0.762114
1 0.317214 0.751991 0.332493 0.751991 0.332493 0.765697 0.317214 0.765697
1 0.002964 0.025576 0.020255 0.025576 0.020255 0.030022 0.002964 0.030022
