0 0.570271 0.711945 0.669556 0.711945 0.669556 0.811004 0.570271 0.811004
0 0.598411 0.613426 0.664361 0.613426 0.664361 0.663920 0.598411 0.663920
0 0.359592 0.743616 0.440180 0.743616 0.440180 0.809426 0.359592 0.809426
0 0.178495 0.793513 0.230253 0.793513 0.230253 0.860851 0.178495 0.860851
0 0.553258 0.197319 0.632507 0.197319 0.632507 0.254119 0.553258 0.254119
0 0.230255 0.221587 0.269024 0.221587 0.269024 0.274155 0.230255 0.274155
0 0.236876 0.089870 0.275939 0.089870 0.275939 0.141712 0.236876 0.141712
0 0.420855 0.612035 0.527750 0.612035 0.527750 0.663408 0.420855 0.663408
0 0.363692 0.873350 0.429424 0.873350 0.429424 0.924391 0.363692 0.924391
0 0.252850 0.743750 0.333583 0.743750 0.333583 0.809032 0.252850 0.809032
0 0.022090 0.801149 0.034913 0.801149 0.034913 0.826453 0.022090 0.826453
0 0.350593 0.632499 0.363196 0.632499 0.363196 0.656883 0.350593 0.656883
0 0.779377 0.866592 0.793803 0.866592 0.793803 0.892291 0.779377 0.892291
0 0.875251 0.184922 0.902080 0.184922 0.902080 0.238801 0.875251 0.238801
0 0.512030 0.174719 0.524730 0.174719 0.524730 0.200339 0.512030 0.200339
0 0.128875 0.299716 0.141504 0.299716 0.141504 0.325237 0.128875 0.325237
0 0.470129 0.744207 0.551702 0.744207 0.551702 0.809032 0.470129 0.809032
0 0.811745 0.091957 0.826104 0.091957 0.826104 0.117756 0.811745 0.117756
0 0.098762 0.692367 0.125594 0.692367 0.125594 0.744647 0.098762 0.744647
0 0.518465 0.890647 0.542714 0.890647 0.542714 0.903039 0.518465 0.903039
0 0.701229 0.189890 0.715758 0.189890 0.715758 0.215736 0.701229 0.215736
0 0.483130 0.347452 0.509498 0.347452 0.509498 0.362144 0.483130 0.362144
0 0.227589 0.694215 0.240704 0.694215 0.240704 0.718472 0.227589 0.718472
0 0.726558 0.170410 0.752396 0.170410 0.752396 0.223561 0.726558 0.223561
0 0.897270 0.909889 0.947934 0.909889 0.947934 0.976186 0.897270 0.976186
0 0.115157 0.787572 0.142123 0.787572 0.142123 0.841395 0.115157 0.841395
0 0.910190 0.159505 0.924717 0.159505 0.924717 0.185317 0.910190 0.185317
0 0.822428 0.051062 0.836698 0.051062 0.836698 0.076987 0.822428 0.076987
0 0.930986 0.200169 0.957507 0.200169 0.957507 0.215075 0.930986 0.215075
0 0.943022 0.067777 0.950966 0.067777 0.950966 0.083913 0.943022 0.083913
1 0.019680 0.426755 0.041789 0.426755 0.041789 0.447422 0.019680 0.447422
0 0.041612 0.398047 0.061278 0.398047 0.061278 0.442938 0.041612 0.442938
0 0.782014 0.906296 0.806737 0.906296 0.806737 0.918955 0.782014 0.918955
0 0.874407 0.064330 0.900140 0.064330 0.900140 0.078694 0.874407 0.078694
0 0.079917 0.787073 0.106454 0.787073 0.106454 0.840299 0.079917 0.840299
0 0.248857 0.161370 0.275005 0.161370 0.275005 0.176081 0.248857 0.176081
0 0.967440 0.161436 0.984943 0.161436 0.984943 0.170178 0.967440 0.170178
0 0.830609 0.020817 0.856752 0.020817 0.856752 0.035127 0.830609 0.035127
1 0.018524 0.288139 0.044140 0.288139 0.044140 0.311548 0.018524 0.311548
0 0.874124 0.010884 0.899619 0.010884 0.899619 0.025410 0.874124 0.025410
0 0.109612 0.401763 0.134856 0.401763 0.134856 0.413902 0.109612 0.413902
0 0.931132 0.229248 0.957159 0.229248 0.957159 0.243782 0.931132 0.243782
1 0.019409 0.394422 0.041638 0.394422 0.041638 0.414765 0.019409 0.414765
0 0.517094 0.913473 0.543445 0.913473 0.543445 0.927434 0.517094 0.927434
1 0.020476 0.350278 0.046064 0.350278 0.046064 0.373795 0.020476 0.373795
0 0.874678 0.038076 0.900376 0.038076 0.900376 0.052856 0.874678 0.052856
0 0.558806 0.929194 0.583488 0.929194 0.583488 0.941847 0.558806 0.941847
0 0.044956 0.787230 0.072081 0.787230 0.072081 0.840650 0.044956 0.840650
0 0.942860 0.097758 0.951018 0.097758 0.951018 0.114040 0.942860 0.114040
0 0.530024 0.246522 0.537790 0.246522 0.537790 0.262780 0.530024 0.262780
0 0.762358 0.170160 0.789150 0.170160 0.789150 0.223565 0.762358 0.223565
0 0.110150 0.424594 0.135394 0.424594 0.135394 0.436651 0.110150 0.436651
0 0.165733 0.299358 0.178161 0.299358 0.178161 0.324418 0.165733 0.324418
0 0.874505 0.089797 0.900489 0.089797 0.900489 0.104333 0.874505 0.104333
0 0.250009 0.190046 0.275380 0.190046 0.275380 0.202449 0.250009 0.202449
0 0.844497 0.051275 0.859024 0.051275 0.859024 0.077472 0.844497 0.077472
1 0.873790 0.238826 0.902878 0.238826 0.902878 0.249275 0.873790 0.249275
1 0.097756 0.744818 0.126584 0.744818 0.126584 0.756841 0.097756 0.756841
0 0.922747 0.097951 0.930801 0.097951 0.930801 0.114149 0.922747 0.114149
0 0.286641 0.670633 0.302353 0.670633 0.302353 0.678686 0.286641 0.678686
0 0.509004 0.247541 0.518530 0.247541 0.518530 0.264675 0.509004 0.264675
0 0.922829 0.067849 0.930540 0.067849 0.930540 0.083936 0.922829 0.083936
0 0.372141 0.641621 0.382036 0.641621 0.382036 0.658642 0.372141 0.658642
0 0.702288 0.745248 0.784003 0.745248 0.784003 0.810349 0.702288 0.810349
0 0.937340 0.162135 0.953522 0.162135 0.953522 0.170111 0.937340 0.170111
1 0.115614 0.841324 0.144262 0.841324 0.144262 0.851907 0.115614 0.851907
0 0.379468 0.670508 0.395211 0.670508 0.395211 0.678632 0.379468 0.678632
0 0.286432 0.653582 0.303356 0.653582 0.303356 0.662910 0.286432 0.662910
1 0.619952 0.260475 0.630474 0.260475 0.630474 0.290944 0.619952 0.290944
1 0.140503 0.349954 0.164677 0.349954 0.164677 0.372732 0.140503 0.372732
0 0.120783 0.339100 0.139896 0.339100 0.139896 0.382645 0.120783 0.382645
0 0.937375 0.141681 0.953107 0.141681 0.953107 0.150069 0.937375 0.150069
1 0.079634 0.840519 0.108191 0.840519 0.108191 0.851475 0.079634 0.851475
1 0.576665 0.260458 0.587250 0.260458 0.587250 0.289394 0.576665 0.289394
0 0.760367 0.905921 0.769878 0.905921 0.769878 0.922969 0.760367 0.922969
1 0.760758 0.223540 0.790702 0.223540 0.790702 0.234570 0.760758 0.234570
1 0.600662 0.060915 0.630779 0.060915 0.630779 0.074165 0.600662 0.074165
1 0.725050 0.223623 0.753654 0.223623 0.753654 0.235519 0.725050 0.235519
1 0.024485 0.746758 0.052955 0.746758 0.052955 0.756952 0.024485 0.756952
0 0.922424 0.030624 0.930523 0.030624 0.930523 0.046508 0.922424 0.046508
1 0.732244 0.050503 0.762582 0.050503 0.762582 0.060658 0.732244 0.060658
1 0.066689 0.335827 0.087343 0.335827 0.087343 0.356396 0.066689 0.356396
1 0.099083 0.334790 0.120410 0.334790 0.120410 0.355748 0.099083 0.355748
0 0.046424 0.339428 0.066401 0.339428 0.066401 0.384812 0.046424 0.384812
0 0.537704 0.940206 0.546893 0.940206 0.546893 0.956845 0.537704 0.956845
1 0.902732 0.976374 0.944925 0.976374 0.944925 0.997756 0.902732 0.997756
1 0.381896 0.713929 0.397233 0.713929 0.397233 0.742602 0.381896 0.742602
1 0.746114 0.810441 0.761829 0.810441 0.761829 0.840709 0.746114 0.840709
1 0.065066 0.305886 0.085261 0.305886 0.085261 0.326405 0.065066 0.326405
1 0.254491 0.713803 0.269573 0.713803 0.269573 0.743214 0.254491 0.743214
1 0.555355 0.165630 0.565127 0.165630 0.565127 0.195618 0.555355 0.195618
1 0.183248 0.860587 0.225426 0.860587 0.225426 0.881938 0.183248 0.881938
1 0.491606 0.809032 0.506814 0.809032 0.506814 0.839480 0.491606 0.839480
0 0.761004 0.869902 0.768802 0.869902 0.768802 0.885512 0.761004 0.885512
1 0.534560 0.809229 0.549678 0.809229 0.549678 0.839378 0.534560 0.839378
1 0.061475 0.409048 0.085841 0.409048 0.085841 0.432502 0.061475 0.432502
1 0.555560 0.260455 0.565531 0.260455 0.565531 0.289520 0.555560 0.289520
1 0.598699 0.260410 0.608709 0.260410 0.608709 0.289383 0.598699 0.289383
1 0.636977 0.061589 0.666194 0.061589 0.666194 0.074125 0.636977 0.074125
1 0.043785 0.776593 0.072584 0.776593 0.072584 0.787108 0.043785 0.787108
1 0.360476 0.713808 0.376284 0.713808 0.376284 0.743444 0.360476 0.743444
0 0.942773 0.030265 0.950955 0.030265 0.950955 0.046363 0.942773 0.046363
1 0.469538 0.809426 0.484921 0.809426 0.484921 0.839252 0.469538 0.839252
0 0.916979 0.130532 0.926364 0.130532 0.926364 0.147222 0.916979 0.147222
1 0.044078 0.840773 0.072786 0.840773 0.072786 0.851424 0.044078 0.851424
1 0.275836 0.713928 0.291284 0.713928 0.291284 0.743087 0.275836 0.743087
1 0.598881 0.164431 0.608628 0.164431 0.608628 0.195938 0.598881 0.195938
0 0.873269 0.112878 0.889998 0.112878 0.889998 0.121313 0.873269 0.121313
1 0.064910 0.273404 0.085334 0.273404 0.085334 0.294057 0.064910 0.294057
1 0.725796 0.137294 0.756058 0.137294 0.756058 0.149434 0.725796 0.149434
1 0.512886 0.809229 0.528517 0.809229 0.528517 0.838915 0.512886 0.838915
1 0.578068 0.618029 0.597969 0.618029 0.597969 0.659503 0.578068 0.659503
1 0.425550 0.714985 0.440205 0.714985 0.440205 0.742685 0.425550 0.742685
1 0.874026 0.174299 0.902951 0.174299 0.902951 0.184794 0.874026 0.184794
1 0.642808 0.811457 0.672789 0.811457 0.672789 0.876293 0.642808 0.876293
1 0.024139 0.682053 0.053105 0.682053 0.053105 0.693357 0.024139 0.693357
1 0.767540 0.810559 0.782665 0.810559 0.782665 0.841149 0.767540 0.841149
1 0.319531 0.714243 0.334271 0.714243 0.334271 0.743246 0.319531 0.743246
0 0.044530 0.278216 0.064842 0.278216 0.064842 0.322659 0.044530 0.322659
1 0.099005 0.367116 0.120641 0.367116 0.120641 0.388012 0.099005 0.388012
1 0.429801 0.876929 0.451729 0.876929 0.451729 0.921056 0.429801 0.921056
1 0.762482 0.137590 0.792595 0.137590 0.792595 0.149562 0.762482 0.149562
1 0.724463 0.810296 0.739626 0.810296 0.739626 0.841264 0.724463 0.841264
1 0.297466 0.714400 0.312530 0.714400 0.312530 0.743722 0.297466 0.743722
1 0.577339 0.165903 0.586430 0.165903 0.586430 0.195444 0.577339 0.195444
0 0.533739 0.184430 0.543503 0.184430 0.543503 0.201345 0.533739 0.201345
1 0.341085 0.877683 0.363692 0.877683 0.363692 0.920059 0.341085 0.920059
0 0.025643 0.693423 0.052140 0.693423 0.052140 0.746693 0.025643 0.746693
1 0.066787 0.368144 0.087163 0.368144 0.087163 0.388686 0.066787 0.388686
1 0.403913 0.714441 0.418757 0.714441 0.418757 0.742769 0.403913 0.742769
1 0.724681 0.159692 0.753918 0.159692 0.753918 0.170274 0.724681 0.170274
1 0.799424 0.236438 0.829765 0.236438 0.829765 0.248896 0.799424 0.248896
1 0.115107 0.776503 0.144507 0.776503 0.144507 0.787579 0.115107 0.787579
1 0.703087 0.810576 0.717876 0.810576 0.717876 0.841144 0.703087 0.841144
1 0.361709 0.809798 0.437421 0.809798 0.437421 0.838982 0.361709 0.838982
1 0.620677 0.165765 0.630403 0.165765 0.630403 0.195883 0.620677 0.195883
1 0.019874 0.796928 0.036013 0.796928 0.036013 0.800972 0.019874 0.800972
1 0.760854 0.159955 0.789966 0.159955 0.789966 0.169634 0.760854 0.169634
1 0.079546 0.776876 0.108604 0.776876 0.108604 0.786623 0.079546 0.786623
0 0.967679 0.141579 0.985242 0.141579 0.985242 0.150017 0.967679 0.150017
1 0.163274 0.324468 0.180748 0.324468 0.180748 0.328750 0.163274 0.328750
1 0.778161 0.862093 0.794189 0.862093 0.794189 0.866468 0.778161 0.866468
1 0.821431 0.046563 0.837348 0.046563 0.837348 0.050898 0.821431 0.050898
1 0.126814 0.294971 0.143423 0.294971 0.143423 0.299548 0.126814 0.299548
1 0.127028 0.325365 0.143423 0.325365 0.143423 0.329961 0.127028 0.329961
1 0.509322 0.169565 0.525379 0.169565 0.525379 0.174679 0.509322 0.174679
1 0.244146 0.187720 0.249897 0.187720 0.249897 0.203351 0.244146 0.203351
1 0.225983 0.718681 0.242762 0.718681 0.242762 0.723279 0.225983 0.723279
1 0.821553 0.077120 0.837615 0.077120 0.837615 0.081217 0.821553 0.081217
1 0.942641 0.114159 0.951677 0.114159 0.951677 0.117503 0.942641 0.117503
1 0.135424 0.421779 0.140091 0.421779 0.140091 0.437952 0.135424 0.437952
1 0.700196 0.215893 0.716193 0.215893 0.716193 0.220347 0.700196 0.220347
1 0.348095 0.627854 0.363989 0.627854 0.363989 0.632315 0.348095 0.632315
1 0.922281 0.114256 0.931036 0.114256 0.931036 0.117465 0.922281 0.117465
1 0.810695 0.117948 0.826463 0.117948 0.826463 0.122453 0.810695 0.122453
1 0.509950 0.200445 0.526209 0.200445 0.526209 0.205134 0.509950 0.205134
1 0.221880 0.208563 0.275212 0.208563 0.275212 0.221379 0.221880 0.221379
1 0.843327 0.046887 0.859868 0.046887 0.859868 0.051081 0.843327 0.051081
1 0.529498 0.262643 0.538827 0.262643 0.538827 0.266267 0.529498 0.266267
1 0.942759 0.026492 0.951044 0.026492 0.951044 0.030273 0.942759 0.030273
1 0.704209 0.716026 0.780342 0.716026 0.780342 0.744845 0.704209 0.744845
1 0.555029 0.926709 0.558879 0.926709 0.558879 0.942973 0.555029 0.942973
1 0.843968 0.077565 0.859843 0.077565 0.859843 0.081274 0.843968 0.081274
1 0.909819 0.155362 0.926131 0.155362 0.926131 0.159438 0.909819 0.159438
1 0.347924 0.657088 0.364164 0.657088 0.364164 0.661863 0.347924 0.661863
1 0.512478 0.911658 0.516900 0.911658 0.516900 0.928206 0.512478 0.928206
1 0.275621 0.187903 0.280513 0.187903 0.280513 0.203619 0.275621 0.203619
1 0.105803 0.399380 0.109623 0.399380 0.109623 0.416228 0.105803 0.416228
1 0.583648 0.926789 0.588769 0.926789 0.588769 0.943594 0.583648 0.943594
1 0.760145 0.901924 0.769254 0.901924 0.769254 0.905904 0.760145 0.905904
1 0.019829 0.826606 0.036290 0.826606 0.036290 0.830818 0.019829 0.830818
1 0.542904 0.888316 0.547420 0.888316 0.547420 0.905230 0.542904 0.905230
1 0.255629 0.809370 0.331613 0.809370 0.331613 0.838982 0.255629 0.838982
1 0.943270 0.093708 0.951159 0.093708 0.951159 0.097686 0.943270 0.097686
1 0.226453 0.688882 0.242733 0.688882 0.242733 0.694037 0.226453 0.694037
1 0.537384 0.956996 0.546913 0.956996 0.546913 0.961055 0.537384 0.961055
1 0.870043 0.009450 0.874066 0.009450 0.874066 0.025331 0.870043 0.025331
1 0.473085 0.714258 0.548560 0.714258 0.548560 0.743935 0.473085 0.743935
1 0.537953 0.935999 0.546861 0.935999 0.546861 0.940154 0.537953 0.940154
1 0.760784 0.865454 0.768631 0.865454 0.768631 0.869761 0.760784 0.869761
1 0.135108 0.400276 0.139881 0.400276 0.139881 0.416314 0.135108 0.416314
1 0.512548 0.888655 0.518236 0.888655 0.518236 0.904776 0.512548 0.904776
1 0.922629 0.093642 0.930226 0.093642 0.930226 0.097650 0.922629 0.097650
1 0.870900 0.063226 0.874238 0.063226 0.874238 0.079009 0.870900 0.079009
1 0.181774 0.770749 0.225500 0.770749 0.225500 0.793249 0.181774 0.793249
1 0.922109 0.026887 0.930208 0.026887 0.930208 0.030532 0.922109 0.030532
1 0.229344 0.075640 0.284007 0.075640 0.284007 0.089938 0.229344 0.089938
1 0.870350 0.088905 0.874586 0.088905 0.874586 0.104697 0.870350 0.104697
1 0.810983 0.087513 0.827287 0.087513 0.827287 0.091524 0.810983 0.091524
1 0.097838 0.681844 0.126721 0.681844 0.126721 0.692176 0.097838 0.692176
1 0.942840 0.083661 0.950901 0.083661 0.950901 0.086539 0.942840 0.086539
1 0.957582 0.200398 0.960928 0.200398 0.960928 0.216286 0.957582 0.216286
1 0.543680 0.912489 0.547563 0.912489 0.547563 0.927968 0.543680 0.927968
1 0.927114 0.199518 0.930892 0.199518 0.930892 0.216395 0.927114 0.216395
1 0.963929 0.162436 0.967310 0.162436 0.967310 0.169724 0.963929 0.169724
1 0.105725 0.421865 0.110201 0.421865 0.110201 0.438138 0.105725 0.438138
1 0.985023 0.161328 0.988095 0.161328 0.988095 0.170255 0.985023 0.170255
1 0.529826 0.242931 0.537451 0.242931 0.537451 0.246504 0.529826 0.246504
1 0.921970 0.046811 0.930716 0.046811 0.930716 0.049885 0.921970 0.049885
1 0.836133 0.237671 0.866702 0.237671 0.866702 0.248841 0.836133 0.248841
1 0.528003 0.603767 0.543348 0.603767 0.543348 0.666556 0.528003 0.666556
1 0.953639 0.161892 0.956712 0.161892 0.956712 0.170173 0.953639 0.170173
1 0.509166 0.264750 0.518637 0.264750 0.518637 0.267835 0.509166 0.267835
1 0.870710 0.037398 0.874330 0.037398 0.874330 0.053428 0.870710 0.053428
1 0.479267 0.347449 0.483225 0.347449 0.483225 0.362801 0.479267 0.362801
1 0.856863 0.019980 0.860106 0.019980 0.860106 0.035892 0.856863 0.035892
1 0.664361 0.616370 0.687966 0.616370 0.687966 0.660625 0.664361 0.660625
1 0.836221 0.167579 0.866694 0.167579 0.866694 0.181197 0.836221 0.181197
1 0.406881 0.605460 0.420282 0.605460 0.420282 0.666413 0.406881 0.666413
1 0.243160 0.160774 0.248580 0.160774 0.248580 0.176550 0.243160 0.176550
1 0.922593 0.063568 0.930579 0.063568 0.930579 0.067675 0.922593 0.067675
1 0.926844 0.228698 0.931003 0.228698 0.931003 0.244518 0.926844 0.244518
1 0.922490 0.083720 0.930539 0.083720 0.930539 0.086855 0.922490 0.086855
1 0.163641 0.294991 0.179903 0.294991 0.179903 0.299187 0.163641 0.299187
1 0.985397 0.140762 0.988555 0.140762 0.988555 0.149653 0.985397 0.149653
1 0.942238 0.046427 0.951282 0.046427 0.951282 0.049507 0.942238 0.049507
1 0.806729 0.904872 0.811655 0.904872 0.811655 0.921465 0.806729 0.921465
1 0.957200 0.229341 0.961515 0.229341 0.961515 0.243917 0.957200 0.243917
1 0.371963 0.638305 0.381583 0.638305 0.381583 0.641551 0.371963 0.641551
1 0.942817 0.064050 0.951166 0.064050 0.951166 0.067768 0.942817 0.067768
1 0.778179 0.904809 0.782007 0.904809 0.782007 0.921185 0.778179 0.921185
1 0.760714 0.885688 0.768442 0.885688 0.768442 0.888262 0.760714 0.888262
1 0.900877 0.037203 0.904962 0.037203 0.904962 0.053866 0.900877 0.053866
1 0.963509 0.141591 0.967568 0.141591 0.967568 0.150086 0.963509 0.150086
1 0.916806 0.147276 0.925856 0.147276 0.925856 0.150201 0.916806 0.150201
1 0.900591 0.062905 0.904682 0.062905 0.904682 0.079043 0.900591 0.079043
0 0.603768 0.007576 0.626984 0.007576 0.626984 0.060870 0.603768 0.060870
0 0.639634 0.007473 0.662000 0.007473 0.662000 0.061552 0.639634 0.061552
1 0.302431 0.670213 0.305789 0.670213 0.305789 0.678714 0.302431 0.678714
1 0.303404 0.653538 0.306148 0.653538 0.306148 0.662065 0.303404 0.662065
1 0.283271 0.653692 0.286424 0.653692 0.286424 0.662346 0.283271 0.662346
1 0.283145 0.670543 0.286492 0.670543 0.286492 0.678859 0.283145 0.678859
1 0.372078 0.658622 0.381201 0.658622 0.381201 0.661747 0.372078 0.661747
1 0.395290 0.670504 0.398386 0.670504 0.398386 0.678279 0.395290 0.678279
1 0.376309 0.670581 0.379406 0.670581 0.379406 0.678356 0.376309 0.678356
1 0.571369 0.679221 0.666156 0.679221 0.666156 0.711492 0.571369 0.711492
1 0.564377 0.811231 0.594919 0.811231 0.594919 0.875958 0.564377 0.875958
1 0.760464 0.923080 0.769767 0.923080 0.769767 0.926235 0.760464 0.926235
1 0.778223 0.892230 0.794367 0.892230 0.794367 0.895810 0.778223 0.895810
1 0.901181 0.885617 0.945674 0.885617 0.945674 0.909700 0.901181 0.909700
1 0.909588 0.185316 0.926313 0.185316 0.926313 0.189125 0.909588 0.189125
1 0.934788 0.162163 0.937283 0.162163 0.937283 0.170207 0.934788 0.170207
1 0.799298 0.167263 0.829771 0.167263 0.829771 0.180881 0.799298 0.180881
1 0.725873 0.068182 0.756135 0.068182 0.756135 0.080321 0.725873 0.080321
1 0.762577 0.067691 0.793076 0.067691 0.793076 0.080377 0.762577 0.080377
0 0.730531 0.080456 0.752371 0.080456 0.752371 0.136947 0.730531 0.136947
0 0.766683 0.080112 0.787193 0.080112 0.787193 0.137282 0.766683 0.137282
0 0.804279 0.180959 0.824595 0.180959 0.824595 0.236610 0.804279 0.236610
0 0.838612 0.181523 0.859287 0.181523 0.859287 0.237686 0.838612 0.237686
1 0.917027 0.127115 0.925799 0.127115 0.925799 0.130374 0.917027 0.130374
1 0.900566 0.087841 0.904747 0.087841 0.904747 0.104665 0.900566 0.104665
1 0.890167 0.112938 0.892885 0.112938 0.892885 0.121245 0.890167 0.121245
1 0.870434 0.112860 0.873151 0.112860 0.873151 0.121167 0.870434 0.121167
1 0.229915 0.142071 0.283103 0.142071 0.283103 0.154879 0.229915 0.154879
1 0.275199 0.160975 0.280335 0.160975 0.280335 0.177288 0.275199 0.177288
1 0.222040 0.274145 0.276387 0.274145 0.276387 0.286717 0.222040 0.286717
1 0.509811 0.244368 0.517436 0.244368 0.517436 0.247443 0.509811 0.247443
1 0.509483 0.347293 0.513120 0.347293 0.513120 0.363138 0.509483 0.363138
1 0.953145 0.141721 0.957094 0.141721 0.957094 0.149794 0.953145 0.149794
1 0.934182 0.141591 0.937336 0.141591 0.937336 0.149648 0.934182 0.149648
1 0.826316 0.020266 0.830483 0.020266 0.830483 0.036585 0.826316 0.036585
1 0.533600 0.201386 0.543037 0.201386 0.543037 0.204497 0.533600 0.204497
1 0.534637 0.181319 0.542674 0.181319 0.542674 0.184327 0.534637 0.184327
1 0.700752 0.185276 0.716750 0.185276 0.716750 0.189729 0.700752 0.189729
1 0.612660 0.811457 0.628616 0.811457 0.628616 0.826905 0.612660 0.826905
1 0.557766 0.044280 0.586757 0.044280 0.586757 0.055399 0.557766 0.055399
1 0.703115 0.015289 0.720986 0.015289 0.720986 0.021842 0.703115 0.021842
1 0.921734 0.016481 0.930471 0.016481 0.930471 0.020055 0.921734 0.020055
1 0.943179 0.016282 0.951717 0.016282 0.951717 0.020055 0.943179 0.020055
1 0.967999 0.203131 0.973956 0.203131 0.973956 0.216633 0.967999 0.216633
1 0.967999 0.229540 0.972169 0.229540 0.972169 0.245028 0.967999 0.245028
0 0.974552 0.202138 0.999174 0.202138 0.999174 0.217030 0.974552 0.217030
0 0.973361 0.229341 0.999174 0.229341 0.999174 0.244234 0.973361 0.244234
