0 0.138586 0.714041 0.190986 0.714041 0.190986 0.793133 0.138586 0.793133
0 0.918520 0.321942 0.936484 0.321942 0.936484 0.354636 0.918520 0.354636
0 0.849483 0.178587 0.897070 0.178587 0.897070 0.225888 0.849483 0.225888
0 0.736673 0.656002 0.778538 0.656002 0.778538 0.704918 0.736673 0.704918
0 0.909466 0.269644 0.961402 0.269644 0.961402 0.295874 0.909466 0.295874
0 0.659051 0.615104 0.677016 0.615104 0.677016 0.645954 0.659051 0.645954
0 0.225105 0.725504 0.256810 0.725504 0.256810 0.744193 0.225105 0.744193
0 0.213672 0.795435 0.245077 0.795435 0.245077 0.814723 0.213672 0.814723
0 0.807261 0.316649 0.825311 0.316649 0.825311 0.348470 0.807261 0.348470
0 0.537310 0.252784 0.551667 0.252784 0.551667 0.278214 0.537310 0.278214
0 0.075556 0.125172 0.088800 0.125172 0.088800 0.150848 0.075556 0.150848
0 0.559086 0.299959 0.584693 0.299959 0.584693 0.313767 0.559086 0.313767
0 0.581474 0.585883 0.607236 0.585883 0.607236 0.600411 0.581474 0.600411
0 0.019614 0.783292 0.033199 0.783292 0.033199 0.808746 0.019614 0.808746
0 0.014136 0.200205 0.039753 0.200205 0.039753 0.214626 0.014136 0.214626
0 0.756163 0.164476 0.771432 0.164476 0.771432 0.189473 0.756163 0.189473
0 0.581829 0.607914 0.607574 0.607914 0.607574 0.622067 0.581829 0.622067
0 0.017314 0.563698 0.031362 0.563698 0.031362 0.589175 0.017314 0.589175
0 0.052794 0.117976 0.067294 0.117976 0.067294 0.143651 0.052794 0.143651
0 0.384630 0.239938 0.400150 0.239938 0.400150 0.247862 0.384630 0.247862
0 0.365119 0.181902 0.379118 0.181902 0.379118 0.207074 0.365119 0.207074
0 0.019111 0.742396 0.032943 0.742396 0.032943 0.768064 0.019111 0.768064
0 0.749947 0.517262 0.774836 0.517262 0.774836 0.530152 0.749947 0.530152
0 0.159942 0.212780 0.175563 0.212780 0.175563 0.220705 0.159942 0.220705
0 0.017223 0.337706 0.030981 0.337706 0.030981 0.363315 0.017223 0.363315
0 0.340022 0.181230 0.353031 0.181230 0.353031 0.206490 0.340022 0.206490
0 0.192477 0.150904 0.217832 0.150904 0.217832 0.164259 0.192477 0.164259
0 0.061006 0.286764 0.077105 0.286764 0.077105 0.294818 0.061006 0.294818
0 0.247198 0.151995 0.272985 0.151995 0.272985 0.166456 0.247198 0.166456
0 0.798629 0.208187 0.806400 0.208187 0.806400 0.224154 0.798629 0.224154
1 0.861617 0.275314 0.882341 0.275314 0.882341 0.286344 0.861617 0.286344
0 0.555580 0.400660 0.581556 0.400660 0.581556 0.415379 0.555580 0.415379
0 0.717934 0.153451 0.731058 0.153451 0.731058 0.179161 0.717934 0.179161
0 0.837216 0.257676 0.861329 0.257676 0.861329 0.303867 0.837216 0.303867
0 0.352467 0.239972 0.367947 0.239972 0.367947 0.247887 0.352467 0.247887
0 0.678682 0.163857 0.704164 0.163857 0.704164 0.177119 0.678682 0.177119
0 0.813977 0.583234 0.821911 0.583234 0.821911 0.599302 0.813977 0.599302
1 0.898348 0.268343 0.909296 0.268343 0.909296 0.296993 0.898348 0.296993
0 0.081501 0.235632 0.097337 0.235632 0.097337 0.243527 0.081501 0.243527
0 0.043282 0.603156 0.058754 0.603156 0.058754 0.611096 0.043282 0.611096
0 0.679150 0.668567 0.695836 0.668567 0.695836 0.677582 0.679150 0.677582
1 0.961516 0.269013 0.973016 0.269013 0.973016 0.297851 0.961516 0.297851
0 0.694090 0.371459 0.741761 0.371459 0.741761 0.395364 0.694090 0.395364
1 0.822335 0.181579 0.848599 0.181579 0.848599 0.189566 0.822335 0.189566
0 0.938889 0.205969 0.946780 0.205969 0.946780 0.221661 0.938889 0.221661
0 0.477027 0.247971 0.493210 0.247971 0.493210 0.256859 0.477027 0.256859
0 0.808740 0.537428 0.825559 0.537428 0.825559 0.546276 0.808740 0.546276
0 0.059910 0.223660 0.069002 0.223660 0.069002 0.240157 0.059910 0.240157
0 0.925962 0.404087 0.942614 0.404087 0.942614 0.413213 0.925962 0.413213
0 0.852964 0.373545 0.861776 0.373545 0.861776 0.390174 0.852964 0.390174
0 0.238777 0.220295 0.255011 0.220295 0.255011 0.228935 0.238777 0.228935
1 0.861731 0.259507 0.882316 0.259507 0.882316 0.270144 0.861731 0.270144
0 0.029053 0.287260 0.044724 0.287260 0.044724 0.295322 0.029053 0.295322
0 0.063927 0.349008 0.071836 0.349008 0.071836 0.365026 0.063927 0.365026
0 0.760816 0.352385 0.777498 0.352385 0.777498 0.361612 0.760816 0.361612
0 0.543924 0.332562 0.552734 0.332562 0.552734 0.348875 0.543924 0.348875
1 0.203158 0.792035 0.213154 0.792035 0.213154 0.816251 0.203158 0.816251
0 0.543783 0.364952 0.552601 0.364952 0.552601 0.381796 0.543783 0.381796
0 0.041396 0.491081 0.049885 0.491081 0.049885 0.507007 0.041396 0.507007
1 0.141993 0.793566 0.182661 0.793566 0.182661 0.806323 0.141993 0.806323
1 0.729836 0.705008 0.784928 0.705008 0.784928 0.720727 0.729836 0.720727
1 0.861465 0.291630 0.882395 0.291630 0.882395 0.302435 0.861465 0.302435
0 0.231132 0.240805 0.246675 0.240805 0.246675 0.248681 0.231132 0.248681
0 0.847041 0.353969 0.863968 0.353969 0.863968 0.363172 0.847041 0.363172
0 0.506281 0.285258 0.514909 0.285258 0.514909 0.301180 0.506281 0.301180
0 0.286297 0.771056 0.294521 0.771056 0.294521 0.786818 0.286297 0.786818
0 0.904412 0.364994 0.913190 0.364994 0.913190 0.381586 0.904412 0.381586
0 0.081662 0.252659 0.097653 0.252659 0.097653 0.260724 0.081662 0.260724
1 0.838032 0.580239 0.865472 0.580239 0.865472 0.587558 0.838032 0.587558
0 0.041248 0.523318 0.050767 0.523318 0.050767 0.539399 0.041248 0.539399
0 0.575997 0.704905 0.592278 0.704905 0.592278 0.713382 0.575997 0.713382
0 0.085840 0.637678 0.102194 0.637678 0.102194 0.646870 0.085840 0.646870
0 0.299449 0.735670 0.315770 0.735670 0.315770 0.744574 0.299449 0.744574
0 0.677209 0.594611 0.693815 0.594611 0.693815 0.603751 0.677209 0.603751
1 0.816120 0.291730 0.837271 0.291730 0.837271 0.302598 0.816120 0.302598
1 0.215177 0.722643 0.224796 0.722643 0.224796 0.746292 0.215177 0.746292
1 0.730709 0.642604 0.782305 0.642604 0.782305 0.655248 0.730709 0.655248
1 0.940978 0.591850 0.968700 0.591850 0.968700 0.599529 0.940978 0.599529
0 0.925795 0.365439 0.942833 0.365439 0.942833 0.374378 0.925795 0.374378
0 0.028211 0.268524 0.044210 0.268524 0.044210 0.276699 0.028211 0.276699
0 0.280383 0.185168 0.296290 0.185168 0.296290 0.193789 0.280383 0.193789
1 0.695531 0.351244 0.706468 0.351244 0.706468 0.371370 0.695531 0.371370
0 0.489242 0.285513 0.497311 0.285513 0.497311 0.300960 0.489242 0.300960
1 0.477075 0.600319 0.506525 0.600319 0.506525 0.607017 0.477075 0.607017
0 0.509557 0.265637 0.525140 0.265637 0.525140 0.273676 0.509557 0.273676
1 0.816299 0.275183 0.837054 0.275183 0.837054 0.286348 0.816299 0.286348
1 0.728182 0.350897 0.738987 0.350897 0.738987 0.371422 0.728182 0.371422
0 0.081292 0.217998 0.097872 0.217998 0.097872 0.226968 0.081292 0.226968
0 0.579847 0.636839 0.589008 0.636839 0.589008 0.653564 0.579847 0.653564
1 0.815795 0.259335 0.837126 0.259335 0.837126 0.270141 0.815795 0.270141
1 0.695739 0.395239 0.706787 0.395239 0.706787 0.415858 0.695739 0.415858
0 0.188678 0.206869 0.204467 0.206869 0.204467 0.214826 0.188678 0.214826
0 0.617592 0.652200 0.626859 0.652200 0.626859 0.668912 0.617592 0.668912
0 0.622602 0.593944 0.632117 0.593944 0.632117 0.610835 0.622602 0.610835
1 0.257117 0.722538 0.266284 0.722538 0.266284 0.747765 0.257117 0.747765
1 0.822182 0.192590 0.848689 0.192590 0.848689 0.200801 0.822182 0.200801
0 0.063622 0.316423 0.071610 0.316423 0.071610 0.332561 0.063622 0.332561
1 0.477021 0.608783 0.505660 0.608783 0.505660 0.615412 0.477021 0.615412
0 0.159711 0.231331 0.175671 0.231331 0.175671 0.239647 0.159711 0.239647
0 0.878938 0.332832 0.887992 0.332832 0.887992 0.349508 0.878938 0.349508
0 0.187989 0.234474 0.204132 0.234474 0.204132 0.242727 0.187989 0.242727
1 0.940904 0.524934 0.969556 0.524934 0.969556 0.533078 0.940904 0.533078
1 0.897862 0.181216 0.923401 0.181216 0.923401 0.189327 0.897862 0.189327
0 0.767160 0.320683 0.776583 0.320683 0.776583 0.337284 0.767160 0.337284
1 0.897833 0.192780 0.923377 0.192780 0.923377 0.200585 0.897833 0.200585
1 0.822224 0.204207 0.848739 0.204207 0.848739 0.211836 0.822224 0.211836
0 0.527012 0.365523 0.535119 0.365523 0.535119 0.381398 0.527012 0.381398
0 0.597096 0.636951 0.605283 0.636951 0.605283 0.652995 0.597096 0.652995
0 0.067268 0.754976 0.075437 0.754976 0.075437 0.770798 0.067268 0.770798
1 0.477110 0.420770 0.505437 0.420770 0.505437 0.427404 0.477110 0.427404
1 0.476937 0.557556 0.506624 0.557556 0.506624 0.564053 0.476937 0.564053
0 0.259861 0.866081 0.269639 0.866081 0.269639 0.883190 0.259861 0.883190
1 0.837896 0.524433 0.865508 0.524433 0.865508 0.532124 0.837896 0.532124
1 0.477112 0.591797 0.506711 0.591797 0.506711 0.598411 0.477112 0.598411
1 0.109331 0.600824 0.137737 0.600824 0.137737 0.607260 0.109331 0.607260
1 0.676878 0.638877 0.695756 0.638877 0.695756 0.645887 0.676878 0.645887
1 0.108174 0.327320 0.137675 0.327320 0.137675 0.333762 0.108174 0.333762
1 0.108333 0.549654 0.137692 0.549654 0.137692 0.556068 0.108333 0.556068
0 0.066986 0.721150 0.075156 0.721150 0.075156 0.737001 0.066986 0.737001
1 0.476975 0.514903 0.506010 0.514903 0.506010 0.521339 0.476975 0.521339
0 0.116947 0.237640 0.132761 0.237640 0.132761 0.245410 0.116947 0.245410
0 0.046634 0.349263 0.054423 0.349263 0.054423 0.365242 0.046634 0.365242
0 0.867379 0.521404 0.938609 0.521404 0.938609 0.601757 0.867379 0.601757
0 0.059314 0.561512 0.067459 0.561512 0.067459 0.577310 0.059314 0.577310
0 0.041393 0.561345 0.049343 0.561345 0.049343 0.577015 0.041393 0.577015
0 0.047067 0.316663 0.054888 0.316663 0.054888 0.332448 0.047067 0.332448
0 0.613185 0.506848 0.629144 0.506848 0.629144 0.515987 0.613185 0.515987
1 0.727908 0.395592 0.739139 0.395592 0.739139 0.416106 0.727908 0.416106
1 0.108290 0.592363 0.137669 0.592363 0.137669 0.598962 0.108290 0.598962
0 0.582059 0.507020 0.597834 0.507020 0.597834 0.515738 0.582059 0.515738
1 0.838966 0.546779 0.865222 0.546779 0.865222 0.554125 0.838966 0.554125
0 0.218546 0.176402 0.227382 0.176402 0.227382 0.192788 0.218546 0.192788
1 0.941072 0.580712 0.968068 0.580712 0.968068 0.588390 0.941072 0.588390
1 0.477033 0.506122 0.506590 0.506122 0.506590 0.512840 0.477033 0.512840
1 0.477107 0.549070 0.506086 0.549070 0.506086 0.555543 0.477107 0.555543
1 0.477097 0.463691 0.505555 0.463691 0.505555 0.470098 0.477097 0.470098
1 0.838036 0.557972 0.865325 0.557972 0.865325 0.565295 0.838036 0.565295
1 0.897675 0.203909 0.923639 0.203909 0.923639 0.211837 0.897675 0.211837
1 0.837991 0.569116 0.865339 0.569116 0.865339 0.576455 0.837991 0.576455
0 0.114081 0.254019 0.130557 0.254019 0.130557 0.262869 0.114081 0.262869
1 0.837935 0.591474 0.865612 0.591474 0.865612 0.598814 0.837935 0.598814
1 0.476904 0.378084 0.506060 0.378084 0.506060 0.384547 0.476904 0.384547
1 0.245648 0.792638 0.254870 0.792638 0.254870 0.816227 0.245648 0.816227
0 0.060911 0.268546 0.077375 0.268546 0.077375 0.277093 0.060911 0.277093
1 0.900005 0.346570 0.918543 0.346570 0.918543 0.353441 0.900005 0.353441
1 0.108202 0.361685 0.137591 0.361685 0.137591 0.367953 0.108202 0.367953
1 0.476877 0.369729 0.505608 0.369729 0.505608 0.376122 0.476877 0.376122
1 0.108128 0.540957 0.137753 0.540957 0.137753 0.547521 0.108128 0.547521
1 0.941142 0.536425 0.968785 0.536425 0.968785 0.543865 0.941142 0.543865
0 0.058801 0.523296 0.066730 0.523296 0.066730 0.539123 0.058801 0.539123
0 0.311270 0.706156 0.327349 0.706156 0.327349 0.715314 0.311270 0.715314
1 0.108927 0.319156 0.137904 0.319156 0.137904 0.325360 0.108927 0.325360
1 0.109261 0.506914 0.137825 0.506914 0.137825 0.513343 0.109261 0.513343
1 0.142195 0.700387 0.183851 0.700387 0.183851 0.713690 0.142195 0.713690
1 0.109146 0.558100 0.137870 0.558100 0.137870 0.564506 0.109146 0.564506
1 0.107780 0.464192 0.137726 0.464192 0.137726 0.470622 0.107780 0.470622
1 0.823034 0.215144 0.848590 0.215144 0.848590 0.222747 0.823034 0.222747
1 0.711673 0.395317 0.722676 0.395317 0.722676 0.415866 0.711673 0.415866
1 0.477039 0.472182 0.505716 0.472182 0.505716 0.478667 0.477039 0.478667
1 0.788739 0.317717 0.807481 0.317717 0.807481 0.324688 0.788739 0.324688
1 0.640981 0.627777 0.658667 0.627777 0.658667 0.634828 0.640981 0.634828
1 0.476827 0.326864 0.506310 0.326864 0.506310 0.333276 0.476827 0.333276
1 0.477149 0.412422 0.505380 0.412422 0.505380 0.418887 0.477149 0.418887
0 0.347219 0.702885 0.363615 0.702885 0.363615 0.711619 0.347219 0.711619
1 0.107656 0.455592 0.137630 0.455592 0.137630 0.462102 0.107656 0.462102
1 0.108803 0.370236 0.137620 0.370236 0.137620 0.376550 0.108803 0.376550
1 0.109253 0.498336 0.137692 0.498336 0.137692 0.504716 0.109253 0.504716
1 0.476855 0.566096 0.506104 0.566096 0.506104 0.572537 0.476855 0.572537
1 0.940842 0.547371 0.968921 0.547371 0.968921 0.555106 0.940842 0.555106
1 0.838019 0.535936 0.865349 0.535936 0.865349 0.543204 0.838019 0.543204
1 0.476680 0.335590 0.506611 0.335590 0.506611 0.341738 0.476680 0.341738
1 0.107838 0.412898 0.137518 0.412898 0.137518 0.419251 0.107838 0.419251
1 0.936391 0.346805 0.954871 0.346805 0.954871 0.354322 0.936391 0.354322
0 0.198284 0.710704 0.207717 0.710704 0.207717 0.727334 0.198284 0.727334
1 0.477048 0.583255 0.505966 0.583255 0.505966 0.589656 0.477048 0.589656
1 0.377152 0.641812 0.382912 0.641812 0.382912 0.669317 0.377152 0.669317
1 0.789136 0.328709 0.807177 0.328709 0.807177 0.335736 0.789136 0.335736
1 0.897550 0.215169 0.923035 0.215169 0.923035 0.222758 0.897550 0.222758
1 0.940836 0.569595 0.969167 0.569595 0.969167 0.577359 0.940836 0.577359
1 0.641092 0.638811 0.658679 0.638811 0.658679 0.645706 0.641092 0.645706
1 0.900226 0.335534 0.918607 0.335534 0.918607 0.342452 0.900226 0.342452
1 0.108396 0.404209 0.137503 0.404209 0.137503 0.410687 0.108396 0.410687
1 0.477083 0.454884 0.505444 0.454884 0.505444 0.461539 0.477083 0.461539
1 0.940859 0.558585 0.968082 0.558585 0.968082 0.566345 0.940859 0.566345
1 0.107721 0.421376 0.137594 0.421376 0.137594 0.427736 0.107721 0.427736
1 0.677194 0.627792 0.694500 0.627792 0.694500 0.634608 0.677194 0.634608
1 0.015294 0.332557 0.032091 0.332557 0.032091 0.337490 0.015294 0.337490
1 0.712016 0.351511 0.722743 0.351511 0.722743 0.371094 0.712016 0.371094
1 0.789312 0.340175 0.807261 0.340175 0.807261 0.346782 0.789312 0.346782
1 0.108568 0.617993 0.137813 0.617993 0.137813 0.624344 0.108568 0.624344
1 0.107701 0.446942 0.137638 0.446942 0.137638 0.453469 0.107701 0.453469
1 0.359631 0.272464 0.365598 0.272464 0.365598 0.302786 0.359631 0.302786
1 0.402847 0.641764 0.408547 0.641764 0.408547 0.669274 0.402847 0.669274
1 0.825275 0.339757 0.842610 0.339757 0.842610 0.346800 0.825275 0.346800
1 0.536313 0.278493 0.552937 0.278493 0.552937 0.282625 0.536313 0.282625
1 0.107893 0.489798 0.137672 0.489798 0.137672 0.496119 0.107893 0.496119
1 0.477087 0.574685 0.506676 0.574685 0.506676 0.581050 0.477087 0.581050
1 0.107914 0.378633 0.137618 0.378633 0.137618 0.384969 0.107914 0.384969
1 0.476776 0.361159 0.505470 0.361159 0.505470 0.367595 0.476776 0.367595
1 0.445096 0.272307 0.451109 0.272307 0.451109 0.302720 0.445096 0.302720
1 0.476600 0.318137 0.505339 0.318137 0.505339 0.324869 0.476600 0.324869
1 0.899731 0.324230 0.918727 0.324230 0.918727 0.331292 0.899731 0.331292
1 0.477037 0.540444 0.506646 0.540444 0.506646 0.546950 0.477037 0.546950
1 0.231732 0.641961 0.237695 0.641961 0.237695 0.671733 0.231732 0.671733
1 0.308687 0.641871 0.314427 0.641871 0.314427 0.669228 0.308687 0.669228
1 0.108934 0.353301 0.137663 0.353301 0.137663 0.359557 0.108934 0.359557
1 0.359996 0.641808 0.365796 0.641808 0.365796 0.671175 0.359996 0.671175
1 0.107941 0.583750 0.137737 0.583750 0.137737 0.590125 0.107941 0.590125
1 0.333976 0.272608 0.339984 0.272608 0.339984 0.302741 0.333976 0.302741
1 0.477046 0.429394 0.505497 0.429394 0.505497 0.435856 0.477046 0.435856
1 0.214708 0.641863 0.220511 0.641863 0.220511 0.671545 0.214708 0.671545
1 0.453759 0.272562 0.459766 0.272562 0.459766 0.302725 0.453759 0.302725
1 0.641561 0.616744 0.658960 0.616744 0.658960 0.623783 0.641561 0.623783
1 0.394240 0.641749 0.400038 0.641749 0.400038 0.669160 0.394240 0.669160
1 0.108025 0.336016 0.137608 0.336016 0.137608 0.342159 0.108025 0.342159
1 0.368536 0.641764 0.374352 0.641764 0.374352 0.670879 0.368536 0.670879
1 0.154516 0.271686 0.160398 0.271686 0.160398 0.302924 0.154516 0.302924
1 0.477209 0.617355 0.505530 0.617355 0.505530 0.623980 0.477209 0.623980
1 0.477070 0.531898 0.506774 0.531898 0.506774 0.538348 0.477070 0.538348
1 0.223230 0.641912 0.229057 0.641912 0.229057 0.671658 0.223230 0.671658
1 0.476976 0.403745 0.505607 0.403745 0.505607 0.410260 0.476976 0.410260
1 0.936616 0.335605 0.954129 0.335605 0.954129 0.343126 0.936616 0.343126
1 0.477117 0.489251 0.505658 0.489251 0.505658 0.495690 0.477117 0.495690
1 0.108170 0.575303 0.137720 0.575303 0.137720 0.581561 0.108170 0.581561
1 0.325423 0.272746 0.331522 0.272746 0.331522 0.302835 0.325423 0.302835
1 0.197598 0.641910 0.203418 0.641910 0.203418 0.669495 0.197598 0.669495
1 0.376643 0.271792 0.382798 0.271792 0.382798 0.302672 0.376643 0.302672
1 0.109339 0.609461 0.137724 0.609461 0.137724 0.615743 0.109339 0.615743
1 0.316856 0.272674 0.322864 0.272674 0.322864 0.302866 0.316856 0.302866
1 0.274542 0.641845 0.280234 0.641845 0.280234 0.671341 0.274542 0.671341
0 0.138684 0.304335 0.476080 0.304335 0.476080 0.640383 0.138684 0.640383
1 0.351547 0.641632 0.357171 0.641632 0.357171 0.670894 0.351547 0.670894
1 0.240352 0.641866 0.246177 0.641866 0.246177 0.671694 0.240352 0.671694
1 0.677371 0.616671 0.695014 0.616671 0.695014 0.623557 0.677371 0.623557
1 0.428033 0.272288 0.434060 0.272288 0.434060 0.302860 0.428033 0.302860
1 0.282589 0.272236 0.288686 0.272236 0.288686 0.302797 0.282589 0.302797
1 0.188987 0.641898 0.194959 0.641898 0.194959 0.669771 0.188987 0.669771
1 0.351013 0.272355 0.357156 0.272355 0.357156 0.302698 0.351013 0.302698
1 0.477130 0.523381 0.506868 0.523381 0.506868 0.529731 0.477130 0.529731
1 0.411372 0.641728 0.416978 0.641728 0.416978 0.670926 0.411372 0.670926
1 0.308403 0.272262 0.314471 0.272262 0.314471 0.302787 0.308403 0.302787
1 0.445474 0.641409 0.451371 0.641409 0.451371 0.671272 0.445474 0.671272
1 0.385737 0.641814 0.391448 0.641814 0.391448 0.669275 0.385737 0.669275
1 0.476801 0.352601 0.506351 0.352601 0.506351 0.358910 0.476801 0.358910
0 0.058898 0.491087 0.067022 0.491087 0.067022 0.506900 0.058898 0.506900
1 0.825461 0.328868 0.843185 0.328868 0.843185 0.335608 0.825461 0.335608
1 0.171932 0.641795 0.177805 0.641795 0.177805 0.670823 0.171932 0.670823
1 0.283031 0.641780 0.288793 0.641780 0.288793 0.671464 0.283031 0.671464
1 0.477078 0.497665 0.506495 0.497665 0.506495 0.504233 0.477078 0.504233
1 0.419280 0.271689 0.425654 0.271689 0.425654 0.302845 0.419280 0.302845
1 0.265886 0.641850 0.271711 0.641850 0.271711 0.669764 0.265886 0.669764
1 0.342552 0.271984 0.348618 0.271984 0.348618 0.302739 0.342552 0.302739
1 0.385297 0.271768 0.391502 0.271768 0.391502 0.302646 0.385297 0.302646
1 0.291239 0.272065 0.297230 0.272065 0.297230 0.302752 0.291239 0.302752
1 0.317240 0.641921 0.323061 0.641921 0.323061 0.669375 0.317240 0.669375
1 0.477170 0.480796 0.505687 0.480796 0.505687 0.487116 0.477170 0.487116
1 0.325758 0.641838 0.331622 0.641838 0.331622 0.669266 0.325758 0.669266
1 0.477031 0.446458 0.505567 0.446458 0.505567 0.452844 0.477031 0.452844
1 0.368072 0.240059 0.372032 0.240059 0.372032 0.247798 0.368072 0.247798
1 0.274211 0.272748 0.280181 0.272748 0.280181 0.302817 0.274211 0.302817
1 0.477023 0.395257 0.505967 0.395257 0.505967 0.401437 0.477023 0.401437
1 0.154902 0.641612 0.160706 0.641612 0.160706 0.671105 0.154902 0.671105
1 0.402361 0.272343 0.408463 0.272343 0.408463 0.302817 0.402361 0.302817
1 0.410863 0.271575 0.416999 0.271575 0.416999 0.302855 0.410863 0.302855
1 0.428666 0.641592 0.434051 0.641592 0.434051 0.671207 0.428666 0.671207
1 0.536680 0.248217 0.552715 0.248217 0.552715 0.252554 0.536680 0.252554
1 0.108065 0.395781 0.137516 0.395781 0.137516 0.402214 0.108065 0.402214
1 0.109036 0.515451 0.137742 0.515451 0.137742 0.521839 0.109036 0.521839
1 0.248822 0.641841 0.254728 0.641841 0.254728 0.671658 0.248822 0.671658
1 0.477031 0.437974 0.505566 0.437974 0.505566 0.444381 0.477031 0.444381
1 0.476989 0.386677 0.505503 0.386677 0.505503 0.392974 0.476989 0.392974
1 0.163449 0.641745 0.169338 0.641745 0.169338 0.669693 0.163449 0.669693
1 0.265564 0.272991 0.271660 0.272991 0.271660 0.302685 0.265564 0.302685
1 0.300306 0.641862 0.305953 0.641862 0.305953 0.671027 0.300306 0.671027
1 0.248561 0.272138 0.254516 0.272138 0.254516 0.302808 0.248561 0.302808
1 0.393794 0.272347 0.399874 0.272347 0.399874 0.302722 0.393794 0.302722
1 0.544003 0.361764 0.552689 0.361764 0.552689 0.365005 0.544003 0.365005
1 0.180547 0.641877 0.186353 0.641877 0.186353 0.670906 0.180547 0.670906
1 0.222880 0.272171 0.228843 0.272171 0.228843 0.302916 0.222880 0.302916
1 0.343022 0.641833 0.348586 0.641833 0.348586 0.669441 0.343022 0.669441
1 0.334376 0.641808 0.340079 0.641808 0.340079 0.670489 0.334376 0.670489
1 0.108343 0.566747 0.137784 0.566747 0.137784 0.573147 0.108343 0.573147
1 0.368206 0.271902 0.374196 0.271902 0.374196 0.302830 0.368206 0.302830
1 0.171677 0.271961 0.177695 0.271961 0.177695 0.302782 0.171677 0.302782
1 0.206193 0.641892 0.212011 0.641892 0.212011 0.669611 0.206193 0.669611
1 0.454249 0.641507 0.459971 0.641507 0.459971 0.671135 0.454249 0.671135
1 0.108118 0.344673 0.137601 0.344673 0.137601 0.350923 0.108118 0.350923
1 0.017517 0.778517 0.034168 0.778517 0.034168 0.782922 0.017517 0.782922
1 0.231395 0.272732 0.237552 0.272732 0.237552 0.302921 0.231395 0.302921
1 0.437192 0.641418 0.442817 0.641418 0.442817 0.671208 0.437192 0.671208
1 0.107741 0.438272 0.137707 0.438272 0.137707 0.444805 0.107741 0.444805
1 0.107838 0.481220 0.137693 0.481220 0.137693 0.487623 0.107838 0.487623
1 0.299855 0.272726 0.305874 0.272726 0.305874 0.302770 0.299855 0.302770
1 0.291692 0.641842 0.297404 0.641842 0.297404 0.671124 0.291692 0.671124
1 0.257149 0.272676 0.263125 0.272676 0.263125 0.302703 0.257149 0.302703
1 0.419898 0.641582 0.425607 0.641582 0.425607 0.671321 0.419898 0.671321
1 0.936809 0.324803 0.953346 0.324803 0.953346 0.331874 0.936809 0.331874
1 0.436635 0.271724 0.442671 0.271724 0.442671 0.302814 0.436635 0.302814
1 0.050785 0.114086 0.069481 0.114086 0.069481 0.117472 0.050785 0.117472
1 0.040067 0.198340 0.043954 0.198340 0.043954 0.216181 0.040067 0.216181
1 0.059474 0.219586 0.068990 0.219586 0.068990 0.223313 0.059474 0.223313
1 0.076920 0.218158 0.080965 0.218158 0.080965 0.226564 0.076920 0.226564
1 0.024660 0.268674 0.027832 0.268674 0.027832 0.277160 0.024660 0.277160
1 0.050649 0.144037 0.069345 0.144037 0.069345 0.147423 0.050649 0.147423
1 0.074104 0.151490 0.090352 0.151490 0.090352 0.154877 0.074104 0.154877
1 0.074104 0.121132 0.090352 0.121132 0.090352 0.124519 0.074104 0.124519
1 0.009485 0.197996 0.013372 0.197996 0.013372 0.215837 0.009485 0.215837
1 0.098550 0.218934 0.102595 0.218934 0.102595 0.227340 0.098550 0.227340
1 0.059609 0.240887 0.069125 0.240887 0.069125 0.244614 0.059609 0.244614
1 0.097876 0.235651 0.101920 0.235651 0.101920 0.244057 0.097876 0.244057
1 0.076920 0.235549 0.080965 0.235549 0.080965 0.243956 0.076920 0.243956
1 0.112107 0.237302 0.116151 0.237302 0.116151 0.245708 0.112107 0.245708
1 0.133063 0.237538 0.137107 0.237538 0.137107 0.245944 0.133063 0.245944
1 0.109680 0.254154 0.113725 0.254154 0.113725 0.262560 0.109680 0.262560
1 0.130636 0.254390 0.134680 0.254390 0.134680 0.262796 0.130636 0.262796
1 0.097876 0.252503 0.101920 0.252503 0.101920 0.260909 0.097876 0.260909
1 0.077115 0.252503 0.081159 0.252503 0.081159 0.260909 0.077115 0.260909
1 0.044882 0.268405 0.048054 0.268405 0.048054 0.276890 0.044882 0.276890
1 0.057150 0.268405 0.060322 0.268405 0.060322 0.276890 0.057150 0.276890
1 0.077912 0.268539 0.081084 0.268539 0.081084 0.277025 0.077912 0.277025
1 0.077372 0.286335 0.080545 0.286335 0.080545 0.294820 0.077372 0.294820
1 0.057285 0.286739 0.060457 0.286739 0.060457 0.295225 0.057285 0.295225
1 0.045421 0.287009 0.048593 0.287009 0.048593 0.295494 0.045421 0.295494
1 0.025334 0.287009 0.028506 0.287009 0.028506 0.295494 0.025334 0.295494
1 0.015211 0.363632 0.032574 0.363632 0.032574 0.367448 0.015211 0.367448
1 0.062754 0.312125 0.072270 0.312125 0.072270 0.315853 0.062754 0.315853
1 0.063065 0.332762 0.072581 0.332762 0.072581 0.336490 0.063065 0.336490
1 0.045954 0.332659 0.055470 0.332659 0.055470 0.336386 0.045954 0.336386
1 0.046368 0.312644 0.055885 0.312644 0.055885 0.316371 0.046368 0.316371
1 0.062961 0.344999 0.072477 0.344999 0.072477 0.348727 0.062961 0.348727
1 0.063065 0.365222 0.072581 0.365222 0.072581 0.368949 0.063065 0.368949
1 0.045539 0.365533 0.055055 0.365533 0.055055 0.369260 0.045539 0.369260
1 0.045850 0.345207 0.055366 0.345207 0.055366 0.348934 0.045850 0.348934
1 0.109036 0.523883 0.137742 0.523883 0.137742 0.530271 0.109036 0.530271
1 0.109195 0.532634 0.137901 0.532634 0.137901 0.539022 0.109195 0.539022
1 0.108073 0.387066 0.137777 0.387066 0.137777 0.393401 0.108073 0.393401
1 0.155362 0.230996 0.159407 0.230996 0.159407 0.239402 0.155362 0.239402
1 0.176091 0.231737 0.180135 0.231737 0.180135 0.240143 0.176091 0.240143
1 0.183494 0.234106 0.187539 0.234106 0.187539 0.242512 0.183494 0.242512
1 0.204519 0.234106 0.208563 0.234106 0.208563 0.242512 0.204519 0.242512
1 0.155272 0.212812 0.159316 0.212812 0.159316 0.221218 0.155272 0.221218
1 0.175705 0.212368 0.179749 0.212368 0.179749 0.220774 0.175705 0.220774
1 0.184144 0.206741 0.188189 0.206741 0.188189 0.215148 0.184144 0.215148
1 0.204873 0.206741 0.208917 0.206741 0.208917 0.215148 0.204873 0.215148
1 0.234279 0.220484 0.238324 0.220484 0.238324 0.228890 0.234279 0.228890
1 0.255452 0.220632 0.259497 0.220632 0.259497 0.229038 0.255452 0.229038
1 0.226690 0.240362 0.230735 0.240362 0.230735 0.248768 0.226690 0.248768
1 0.246975 0.240510 0.251019 0.240510 0.251019 0.248916 0.246975 0.248916
1 0.348264 0.240163 0.352225 0.240163 0.352225 0.247902 0.348264 0.247902
1 0.380309 0.240059 0.384269 0.240059 0.384269 0.247798 0.380309 0.247798
1 0.400635 0.239955 0.404595 0.239955 0.404595 0.247695 0.400635 0.247695
1 0.364065 0.177456 0.379968 0.177456 0.379968 0.181565 0.364065 0.181565
1 0.338619 0.176952 0.354521 0.176952 0.354521 0.181062 0.338619 0.181062
1 0.364402 0.207620 0.380305 0.207620 0.380305 0.211730 0.364402 0.211730
1 0.337945 0.206946 0.353848 0.206946 0.353848 0.211056 0.337945 0.211056
1 0.188352 0.148984 0.192239 0.148984 0.192239 0.166824 0.188352 0.166824
1 0.218410 0.148853 0.222297 0.148853 0.222297 0.166693 0.218410 0.166693
1 0.243110 0.150944 0.246997 0.150944 0.246997 0.168784 0.243110 0.168784
1 0.273429 0.150160 0.277316 0.150160 0.277316 0.168000 0.273429 0.168000
1 0.218430 0.193471 0.227946 0.193471 0.227946 0.197198 0.218430 0.197198
1 0.217975 0.172296 0.227491 0.172296 0.227491 0.176023 0.217975 0.176023
1 0.296671 0.185186 0.300715 0.185186 0.300715 0.193592 0.296671 0.193592
1 0.276251 0.185365 0.280295 0.185365 0.280295 0.193771 0.276251 0.193771
1 0.472618 0.248930 0.476578 0.248930 0.476578 0.256669 0.472618 0.256669
1 0.493333 0.248606 0.497294 0.248606 0.497294 0.256345 0.493333 0.256345
1 0.525506 0.265853 0.529467 0.265853 0.529467 0.273592 0.525506 0.273592
1 0.505354 0.265853 0.509314 0.265853 0.509314 0.273592 0.505354 0.273592
1 0.489148 0.281592 0.497403 0.281592 0.497403 0.285166 0.489148 0.285166
1 0.505402 0.281507 0.515359 0.281507 0.515359 0.285166 0.505402 0.285166
1 0.505572 0.301505 0.515529 0.301505 0.515529 0.305164 0.505572 0.305164
1 0.488978 0.301250 0.497233 0.301250 0.497233 0.304824 0.488978 0.304824
1 0.543391 0.328461 0.553347 0.328461 0.553347 0.332120 0.543391 0.332120
1 0.543391 0.328461 0.553347 0.328461 0.553347 0.332120 0.543391 0.332120
1 0.543525 0.349382 0.553482 0.349382 0.553482 0.353041 0.543525 0.353041
1 0.543391 0.382239 0.553347 0.382239 0.553347 0.385898 0.543391 0.385898
1 0.526528 0.361465 0.534783 0.361465 0.534783 0.365039 0.526528 0.365039
1 0.527199 0.381581 0.535454 0.381581 0.535454 0.385155 0.527199 0.385155
1 0.585439 0.297890 0.589326 0.297890 0.589326 0.315731 0.585439 0.315731
1 0.554636 0.298215 0.558523 0.298215 0.558523 0.316055 0.554636 0.316055
1 0.582197 0.398890 0.586084 0.398890 0.586084 0.416731 0.582197 0.416731
1 0.551394 0.398890 0.555281 0.398890 0.555281 0.416731 0.551394 0.416731
1 0.577185 0.584360 0.581072 0.584360 0.581072 0.602201 0.577185 0.602201
1 0.607672 0.584082 0.611559 0.584082 0.611559 0.601923 0.607672 0.601923
1 0.608090 0.605938 0.611977 0.605938 0.611977 0.623779 0.608090 0.623779
1 0.577463 0.606773 0.581350 0.606773 0.581350 0.624614 0.577463 0.624614
1 0.597887 0.506826 0.601381 0.506826 0.601381 0.516750 0.597887 0.516750
1 0.578447 0.506386 0.581941 0.506386 0.581941 0.516310 0.578447 0.516310
1 0.609428 0.506687 0.612922 0.506687 0.612922 0.516611 0.609428 0.516611
1 0.629465 0.506269 0.632959 0.506269 0.632959 0.516193 0.629465 0.516193
1 0.579307 0.632957 0.589264 0.632957 0.589264 0.636616 0.579307 0.636616
1 0.579864 0.653699 0.589821 0.653699 0.589821 0.657359 0.579864 0.657359
1 0.616967 0.648016 0.626923 0.648016 0.626923 0.651675 0.616967 0.651675
1 0.617479 0.669105 0.627435 0.669105 0.627435 0.672765 0.617479 0.672765
1 0.572101 0.704487 0.575595 0.704487 0.575595 0.714410 0.572101 0.714410
1 0.592678 0.703804 0.596172 0.703804 0.596172 0.713727 0.592678 0.713727
1 0.622337 0.611246 0.632294 0.611246 0.632294 0.614906 0.622337 0.614906
1 0.622000 0.590053 0.631956 0.590053 0.631956 0.593712 0.622000 0.593712
1 0.694330 0.594456 0.697824 0.594456 0.697824 0.604379 0.694330 0.604379
1 0.694330 0.594456 0.697824 0.594456 0.697824 0.604379 0.694330 0.604379
1 0.673558 0.594201 0.677052 0.594201 0.677052 0.604124 0.673558 0.604124
1 0.675088 0.668114 0.678581 0.668114 0.678581 0.678037 0.675088 0.678037
1 0.696115 0.668241 0.699608 0.668241 0.699608 0.678165 0.696115 0.678165
1 0.597353 0.653533 0.606461 0.653533 0.606461 0.656624 0.597353 0.656624
1 0.597353 0.653533 0.606461 0.653533 0.606461 0.656624 0.597353 0.656624
1 0.596424 0.633514 0.605532 0.633514 0.605532 0.636604 0.596424 0.636604
1 0.745190 0.515891 0.749864 0.515891 0.749864 0.532864 0.745190 0.532864
1 0.775169 0.515227 0.779842 0.515227 0.779842 0.532200 0.775169 0.532200
1 0.804903 0.537115 0.808396 0.537115 0.808396 0.547038 0.804903 0.547038
1 0.825833 0.536816 0.829327 0.536816 0.829327 0.546739 0.825833 0.546739
1 0.757098 0.351806 0.760592 0.351806 0.760592 0.361730 0.757098 0.361730
1 0.777969 0.352091 0.781463 0.352091 0.781463 0.362014 0.777969 0.362014
1 0.766860 0.337505 0.776531 0.337505 0.776531 0.340201 0.766860 0.340201
1 0.766860 0.317693 0.776531 0.317693 0.776531 0.320390 0.766860 0.320390
1 0.798121 0.224592 0.807792 0.224592 0.807792 0.227288 0.798121 0.227288
1 0.779466 0.202226 0.789138 0.202226 0.789138 0.204922 0.779466 0.204922
0 0.779415 0.185985 0.788535 0.185985 0.788535 0.201541 0.779415 0.201541
1 0.779332 0.182780 0.789004 0.182780 0.789004 0.185476 0.779332 0.185476
1 0.797719 0.204878 0.807390 0.204878 0.807390 0.207574 0.797719 0.207574
1 0.754723 0.189644 0.772363 0.189644 0.772363 0.193496 0.754723 0.193496
1 0.754926 0.160177 0.772565 0.160177 0.772565 0.164029 0.754926 0.164029
1 0.715522 0.179482 0.733162 0.179482 0.733162 0.183335 0.715522 0.183335
1 0.715841 0.149396 0.733481 0.149396 0.733481 0.153249 0.715841 0.153249
1 0.674716 0.161928 0.678349 0.161928 0.678349 0.179354 0.674716 0.179354
1 0.704333 0.161867 0.707966 0.161867 0.707966 0.179292 0.704333 0.179292
1 0.878588 0.329548 0.888259 0.329548 0.888259 0.332244 0.878588 0.332244
1 0.878856 0.350067 0.888528 0.350067 0.888528 0.352763 0.878856 0.352763
1 0.904135 0.362104 0.913807 0.362104 0.913807 0.364800 0.904135 0.364800
1 0.904210 0.381911 0.913881 0.381911 0.913881 0.384607 0.904210 0.384607
1 0.852831 0.390474 0.862503 0.390474 0.862503 0.393170 0.852831 0.393170
1 0.852161 0.370593 0.861833 0.370593 0.861833 0.373289 0.852161 0.373289
1 0.852161 0.370593 0.861833 0.370593 0.861833 0.373289 0.852161 0.373289
1 0.843251 0.353355 0.846745 0.353355 0.846745 0.363278 0.843251 0.363278
1 0.864396 0.353596 0.867890 0.353596 0.867890 0.363520 0.864396 0.363520
1 0.922150 0.365316 0.925644 0.365316 0.925644 0.375240 0.922150 0.375240
1 0.943173 0.364954 0.946667 0.364954 0.946667 0.374878 0.943173 0.374878
1 0.943173 0.403739 0.946667 0.403739 0.946667 0.413662 0.943173 0.413662
1 0.922150 0.403255 0.925644 0.403255 0.925644 0.413179 0.922150 0.413179
1 0.813471 0.580272 0.822232 0.580272 0.822232 0.582748 0.813471 0.582748
1 0.813757 0.599507 0.822517 0.599507 0.822517 0.601983 0.813757 0.601983
1 0.058086 0.487371 0.067929 0.487371 0.067929 0.490572 0.058086 0.490572
1 0.058205 0.507175 0.068047 0.507175 0.068047 0.510376 0.058205 0.510376
1 0.057493 0.519745 0.067336 0.519745 0.067336 0.522947 0.057493 0.522947
1 0.058205 0.539549 0.068047 0.539549 0.068047 0.542751 0.058205 0.542751
1 0.041010 0.539786 0.050852 0.539786 0.050852 0.542988 0.041010 0.542988
1 0.041247 0.519745 0.051090 0.519745 0.051090 0.522947 0.041247 0.522947
1 0.040773 0.507056 0.050615 0.507056 0.050615 0.510258 0.040773 0.510258
1 0.040654 0.487726 0.050497 0.487726 0.050497 0.490928 0.040654 0.490928
1 0.058442 0.557811 0.068285 0.557811 0.068285 0.561013 0.058442 0.561013
1 0.058916 0.577496 0.068759 0.577496 0.068759 0.580698 0.058916 0.580698
1 0.040773 0.577615 0.050615 0.577615 0.050615 0.580817 0.040773 0.580817
1 0.040535 0.557930 0.050378 0.557930 0.050378 0.561132 0.040535 0.561132
1 0.014930 0.558548 0.032641 0.558548 0.032641 0.563451 0.014930 0.563451
1 0.015662 0.589505 0.033226 0.589505 0.033226 0.593238 0.015662 0.593238
1 0.040064 0.602775 0.043136 0.602775 0.043136 0.611313 0.040064 0.611313
1 0.058902 0.602956 0.061974 0.602956 0.061974 0.611494 0.058902 0.611494
1 0.082528 0.637896 0.085600 0.637896 0.085600 0.646435 0.082528 0.646435
1 0.102450 0.638050 0.105522 0.638050 0.105522 0.646588 0.102450 0.646588
1 0.257263 0.641850 0.263088 0.641850 0.263088 0.669764 0.257263 0.669764
1 0.476680 0.344720 0.506611 0.344720 0.506611 0.350868 0.476680 0.350868
1 0.163308 0.271961 0.169326 0.271961 0.169326 0.302782 0.163308 0.302782
1 0.180046 0.272215 0.186065 0.272215 0.186065 0.303036 0.180046 0.303036
1 0.189176 0.272215 0.195195 0.272215 0.195195 0.303036 0.189176 0.303036
1 0.197291 0.272722 0.203310 0.272722 0.203310 0.303543 0.197291 0.303543
1 0.205407 0.272976 0.211426 0.272976 0.211426 0.303797 0.205407 0.303797
1 0.214283 0.272976 0.220302 0.272976 0.220302 0.303797 0.214283 0.303797
1 0.240445 0.272392 0.246400 0.272392 0.246400 0.303061 0.240445 0.303061
1 0.107975 0.430252 0.137848 0.430252 0.137848 0.436613 0.107975 0.436613
1 0.018113 0.809891 0.034764 0.809891 0.034764 0.814296 0.018113 0.814296
1 0.017716 0.768589 0.034367 0.768589 0.034367 0.772994 0.017716 0.772994
1 0.017517 0.737216 0.034168 0.737216 0.034168 0.741621 0.017517 0.741621
1 0.066977 0.717821 0.074817 0.717821 0.074817 0.720795 0.066977 0.720795
1 0.066842 0.737286 0.075087 0.737286 0.075087 0.740868 0.066842 0.740868
1 0.067052 0.751255 0.075350 0.751255 0.075350 0.754862 0.067052 0.754862
1 0.067278 0.770962 0.075440 0.770962 0.075440 0.774028 0.067278 0.774028
1 0.198227 0.707481 0.208162 0.707481 0.208162 0.710590 0.198227 0.710590
1 0.198295 0.727554 0.208230 0.727554 0.208230 0.730663 0.198295 0.730663
1 0.260024 0.862963 0.269393 0.862963 0.269393 0.866009 0.260024 0.866009
1 0.260301 0.883271 0.269670 0.883271 0.269670 0.886317 0.260301 0.886317
1 0.285940 0.786831 0.295309 0.786831 0.295309 0.789877 0.285940 0.789877
1 0.285730 0.767846 0.295099 0.767846 0.295099 0.770892 0.285730 0.770892
1 0.295850 0.735499 0.299266 0.735499 0.299266 0.744464 0.295850 0.744464
1 0.315844 0.735499 0.319259 0.735499 0.319259 0.744464 0.315844 0.744464
1 0.327371 0.706327 0.330786 0.706327 0.330786 0.715292 0.327371 0.715292
1 0.307733 0.706256 0.311148 0.706256 0.311148 0.715221 0.307733 0.715221
1 0.343807 0.702769 0.347222 0.702769 0.347222 0.711734 0.343807 0.711734
1 0.363872 0.702912 0.367287 0.702912 0.367287 0.711877 0.363872 0.711877
1 0.363872 0.702912 0.367287 0.702912 0.367287 0.711877 0.363872 0.711877
1 0.937918 0.221853 0.947589 0.221853 0.947589 0.224549 0.937918 0.224549
1 0.937918 0.202756 0.947589 0.202756 0.947589 0.205452 0.937918 0.205452
1 0.107999 0.472730 0.137944 0.472730 0.137944 0.479161 0.107999 0.479161
