0 0.138317 0.304286 0.475758 0.304286 0.475758 0.637910 0.138317 0.637910
0 0.014817 0.200292 0.040148 0.200292 0.040148 0.213808 0.014817 0.213808
0 0.339757 0.181858 0.353260 0.181858 0.353260 0.207410 0.339757 0.207410
0 0.016519 0.336979 0.031123 0.336979 0.031123 0.362565 0.016519 0.362565
0 0.365080 0.181629 0.379502 0.181629 0.379502 0.207051 0.365080 0.207051
0 0.231564 0.239550 0.247151 0.239550 0.247151 0.247703 0.231564 0.247703
0 0.280346 0.185265 0.296446 0.185265 0.296446 0.194201 0.280346 0.194201
0 0.191912 0.150757 0.216814 0.150757 0.216814 0.164727 0.191912 0.164727
0 0.246008 0.152138 0.271738 0.152138 0.271738 0.166534 0.246008 0.166534
0 0.052754 0.118030 0.066180 0.118030 0.066180 0.143454 0.052754 0.143454
0 0.189423 0.206839 0.205311 0.206839 0.205311 0.214891 0.189423 0.214891
0 0.117496 0.237033 0.133417 0.237033 0.133417 0.245413 0.117496 0.245413
0 0.081559 0.252401 0.097364 0.252401 0.097364 0.260692 0.081559 0.260692
0 0.046831 0.316626 0.054806 0.316626 0.054806 0.332398 0.046831 0.332398
0 0.064601 0.316754 0.072695 0.316754 0.072695 0.332583 0.064601 0.332583
0 0.075136 0.125562 0.088543 0.125562 0.088543 0.150795 0.075136 0.150795
0 0.047211 0.349178 0.055205 0.349178 0.055205 0.365008 0.047211 0.365008
0 0.506859 0.285445 0.515908 0.285445 0.515908 0.301698 0.506859 0.301698
0 0.064640 0.349145 0.072936 0.349145 0.072936 0.365198 0.064640 0.365198
0 0.160892 0.213422 0.176665 0.213422 0.176665 0.221529 0.160892 0.221529
0 0.239223 0.220535 0.255468 0.220535 0.255468 0.229347 0.239223 0.229347
0 0.042179 0.490774 0.051009 0.490774 0.051009 0.507037 0.042179 0.507037
0 0.385407 0.240253 0.400893 0.240253 0.400893 0.248402 0.385407 0.248402
0 0.160027 0.231553 0.176607 0.231553 0.176607 0.240284 0.160027 0.240284
0 0.081685 0.217430 0.098574 0.217430 0.098574 0.226835 0.081685 0.226835
0 0.218499 0.176406 0.227926 0.176406 0.227926 0.193231 0.218499 0.193231
0 0.081931 0.235314 0.097809 0.235314 0.097809 0.243625 0.081931 0.243625
0 0.061258 0.268203 0.077464 0.268203 0.077464 0.277080 0.061258 0.277080
0 0.188276 0.234113 0.205135 0.234113 0.205135 0.243006 0.188276 0.243006
0 0.114730 0.254072 0.131410 0.254072 0.131410 0.262825 0.114730 0.262825
0 0.028903 0.286190 0.044562 0.286190 0.044562 0.294392 0.028903 0.294392
0 0.352913 0.240184 0.368505 0.240184 0.368505 0.248281 0.352913 0.248281
0 0.060857 0.223479 0.069964 0.223479 0.069964 0.240126 0.060857 0.240126
0 0.029100 0.268839 0.044879 0.268839 0.044879 0.276994 0.029100 0.276994
0 0.061761 0.286049 0.077627 0.286049 0.077627 0.294254 0.061761 0.294254
0 0.198312 0.710992 0.207423 0.710992 0.207423 0.727185 0.198312 0.727185
0 0.224711 0.724500 0.256297 0.724500 0.256297 0.744103 0.224711 0.744103
0 0.059218 0.523386 0.067287 0.523386 0.067287 0.539223 0.059218 0.539223
0 0.019256 0.783222 0.032494 0.783222 0.032494 0.809020 0.019256 0.809020
0 0.019042 0.742311 0.032229 0.742311 0.032229 0.767695 0.019042 0.767695
0 0.212960 0.794419 0.244580 0.794419 0.244580 0.814002 0.212960 0.814002
0 0.059654 0.490698 0.067730 0.490698 0.067730 0.506574 0.059654 0.506574
0 0.017600 0.562747 0.032293 0.562747 0.032293 0.588488 0.017600 0.588488
0 0.260056 0.865860 0.269759 0.865860 0.269759 0.882913 0.260056 0.882913
0 0.086500 0.637100 0.103332 0.637100 0.103332 0.646580 0.086500 0.646580
0 0.347453 0.702422 0.363694 0.702422 0.363694 0.711157 0.347453 0.711157
0 0.041431 0.522932 0.051065 0.522932 0.051065 0.539800 0.041431 0.539800
0 0.060170 0.560897 0.068184 0.560897 0.068184 0.576593 0.060170 0.576593
0 0.311134 0.706490 0.327058 0.706490 0.327058 0.715097 0.311134 0.715097
0 0.299523 0.735330 0.315556 0.735330 0.315556 0.744284 0.299523 0.744284
0 0.043085 0.561259 0.050968 0.561259 0.050968 0.576845 0.043085 0.576845
0 0.066824 0.754892 0.074939 0.754892 0.074939 0.770495 0.066824 0.770495
0 0.066887 0.721053 0.074923 0.721053 0.074923 0.736839 0.066887 0.736839
0 0.286104 0.770962 0.294459 0.770962 0.294459 0.786626 0.286104 0.786626
0 0.044406 0.602243 0.059709 0.602243 0.059709 0.610373 0.044406 0.610373
0 0.849618 0.177823 0.897930 0.177823 0.897930 0.226094 0.849618 0.226094
0 0.837400 0.256427 0.861915 0.256427 0.861915 0.303849 0.837400 0.303849
0 0.717032 0.153494 0.731601 0.153494 0.731601 0.178916 0.717032 0.178916
0 0.756586 0.164278 0.771472 0.164278 0.771472 0.189774 0.756586 0.189774
0 0.679278 0.163273 0.704550 0.163273 0.704550 0.176769 0.679278 0.176769
0 0.918334 0.322893 0.936730 0.322893 0.936730 0.354525 0.918334 0.354525
0 0.477469 0.248279 0.493800 0.248279 0.493800 0.256907 0.477469 0.256907
0 0.694510 0.371904 0.741329 0.371904 0.741329 0.395584 0.694510 0.395584
0 0.767845 0.320789 0.777627 0.320789 0.777627 0.337643 0.767845 0.337643
0 0.556902 0.400907 0.582794 0.400907 0.582794 0.415334 0.556902 0.415334
0 0.490099 0.285788 0.498109 0.285788 0.498109 0.301413 0.490099 0.301413
0 0.910778 0.270350 0.962038 0.270350 0.962038 0.296018 0.910778 0.296018
0 0.878623 0.332747 0.888271 0.332747 0.888271 0.349656 0.878623 0.349656
0 0.560125 0.300895 0.585347 0.300895 0.585347 0.314475 0.560125 0.314475
0 0.780025 0.186054 0.788889 0.186054 0.788889 0.202337 0.780025 0.202337
0 0.510144 0.265418 0.525736 0.265418 0.525736 0.273762 0.510144 0.273762
0 0.537958 0.252731 0.552815 0.252731 0.552815 0.278525 0.537958 0.278525
0 0.807504 0.315896 0.825646 0.315896 0.825646 0.347979 0.807504 0.347979
0 0.926605 0.365498 0.943405 0.365498 0.943405 0.374531 0.926605 0.374531
0 0.848423 0.353645 0.865328 0.353645 0.865328 0.362914 0.848423 0.362914
0 0.527823 0.365711 0.535893 0.365711 0.535893 0.381711 0.527823 0.381711
0 0.543906 0.365213 0.553088 0.365213 0.553088 0.382173 0.543906 0.382173
0 0.614302 0.506853 0.630499 0.506853 0.630499 0.515852 0.614302 0.515852
0 0.939244 0.206162 0.947348 0.206162 0.947348 0.221847 0.939244 0.221847
0 0.853278 0.373234 0.862430 0.373234 0.862430 0.390068 0.853278 0.390068
0 0.761217 0.352544 0.778077 0.352544 0.778077 0.361833 0.761217 0.361833
0 0.582972 0.507315 0.599031 0.507315 0.599031 0.516208 0.582972 0.516208
0 0.926181 0.404229 0.943155 0.404229 0.943155 0.413484 0.926181 0.413484
0 0.904742 0.364500 0.914095 0.364500 0.914095 0.381429 0.904742 0.381429
0 0.798977 0.208112 0.806995 0.208112 0.806995 0.224137 0.798977 0.224137
0 0.544753 0.333579 0.553492 0.333579 0.553492 0.349714 0.544753 0.349714
0 0.581915 0.585469 0.607707 0.585469 0.607707 0.600165 0.581915 0.600165
0 0.750326 0.517053 0.775250 0.517053 0.775250 0.530139 0.750326 0.530139
0 0.582220 0.607389 0.607901 0.607389 0.607901 0.622142 0.582220 0.622142
0 0.580446 0.636781 0.590012 0.636781 0.590012 0.653696 0.580446 0.653696
0 0.814101 0.583131 0.822347 0.583131 0.822347 0.599139 0.814101 0.599139
0 0.597644 0.637540 0.605732 0.637540 0.605732 0.653281 0.597644 0.653281
0 0.659455 0.615248 0.677319 0.615248 0.677319 0.647209 0.659455 0.647209
0 0.677810 0.594179 0.694699 0.594179 0.694699 0.603685 0.677810 0.603685
0 0.575684 0.704062 0.591959 0.704062 0.591959 0.712826 0.575684 0.712826
0 0.809067 0.536755 0.825750 0.536755 0.825750 0.545962 0.809067 0.545962
0 0.735134 0.655533 0.778245 0.655533 0.778245 0.705074 0.735134 0.705074
0 0.622502 0.593766 0.632182 0.593766 0.632182 0.610594 0.622502 0.610594
0 0.618030 0.652034 0.627656 0.652034 0.627656 0.668981 0.618030 0.668981
0 0.679604 0.668136 0.696086 0.668136 0.696086 0.677408 0.679604 0.677408
1 0.040281 0.199006 0.044984 0.199006 0.044984 0.214844 0.040281 0.214844
1 0.217039 0.149397 0.221483 0.149397 0.221483 0.166189 0.217039 0.166189
1 0.051006 0.113390 0.067183 0.113390 0.067183 0.117982 0.051006 0.117982
1 0.241924 0.150860 0.246028 0.150860 0.246028 0.166958 0.241924 0.166958
1 0.187560 0.149640 0.191656 0.149640 0.191656 0.165993 0.187560 0.165993
1 0.050886 0.144066 0.067427 0.144066 0.067427 0.149175 0.050886 0.149175
1 0.098087 0.235381 0.101954 0.235381 0.101954 0.243220 0.098087 0.243220
1 0.235401 0.220848 0.239282 0.220848 0.239282 0.229019 0.235401 0.229019
1 0.184987 0.234739 0.188631 0.234739 0.188631 0.242211 0.184987 0.242211
1 0.247208 0.239845 0.250799 0.239845 0.250799 0.247526 0.247208 0.247526
1 0.061433 0.219954 0.070127 0.219954 0.070127 0.223491 0.061433 0.223491
1 0.073715 0.120749 0.090223 0.120749 0.090223 0.125512 0.073715 0.125512
1 0.156537 0.213085 0.160824 0.213085 0.160824 0.221078 0.156537 0.221078
1 0.009649 0.198714 0.014467 0.198714 0.014467 0.215244 0.009649 0.215244
1 0.255660 0.220830 0.259450 0.220830 0.259450 0.228974 0.255660 0.228974
1 0.218743 0.192963 0.227749 0.192963 0.227749 0.196639 0.218743 0.196639
1 0.156718 0.231887 0.160068 0.231887 0.160068 0.239780 0.156718 0.239780
1 0.218714 0.172813 0.227767 0.172813 0.227767 0.176504 0.218714 0.176504
1 0.205421 0.206758 0.209278 0.206758 0.209278 0.214631 0.205421 0.214631
1 0.073614 0.151219 0.090024 0.151219 0.090024 0.155703 0.073614 0.155703
1 0.185724 0.206917 0.189420 0.206917 0.189420 0.214656 0.185724 0.214656
1 0.078447 0.235373 0.082009 0.235373 0.082009 0.243495 0.078447 0.243495
1 0.176294 0.231762 0.179808 0.231762 0.179808 0.239166 0.176294 0.239166
1 0.113837 0.237264 0.117592 0.237264 0.117592 0.245507 0.113837 0.245507
1 0.205083 0.234177 0.208827 0.234177 0.208827 0.242548 0.205083 0.242548
1 0.098578 0.217429 0.102303 0.217429 0.102303 0.226065 0.098578 0.226065
1 0.061071 0.239953 0.069697 0.239953 0.069697 0.243307 0.061071 0.243307
1 0.078407 0.217921 0.081861 0.217921 0.081861 0.226094 0.078407 0.226094
1 0.227479 0.239361 0.231543 0.239361 0.231543 0.247918 0.227479 0.247918
1 0.078229 0.252233 0.081627 0.252233 0.081627 0.260639 0.078229 0.260639
1 0.133778 0.236968 0.137807 0.236968 0.137807 0.245549 0.133778 0.245549
1 0.176581 0.213259 0.180400 0.213259 0.180400 0.221190 0.176581 0.221190
1 0.097436 0.252368 0.101215 0.252368 0.101215 0.260723 0.097436 0.260723
1 0.109382 0.361520 0.137770 0.361520 0.137770 0.368150 0.109382 0.368150
1 0.109226 0.327512 0.137794 0.327512 0.137794 0.333887 0.109226 0.333887
1 0.109791 0.318693 0.137885 0.318693 0.137885 0.325192 0.109791 0.325192
1 0.109583 0.344457 0.137812 0.344457 0.137812 0.350954 0.109583 0.350954
1 0.189445 0.272370 0.195661 0.272370 0.195661 0.303113 0.189445 0.303113
1 0.198024 0.272362 0.204163 0.272362 0.204163 0.303162 0.198024 0.303162
1 0.180897 0.272378 0.187130 0.272378 0.187130 0.303068 0.180897 0.303068
1 0.109174 0.336110 0.137736 0.336110 0.137736 0.342530 0.109174 0.342530
1 0.109779 0.353266 0.137819 0.353266 0.137819 0.359633 0.109779 0.359633
1 0.223544 0.272643 0.229773 0.272643 0.229773 0.303058 0.223544 0.303058
1 0.206452 0.272534 0.212705 0.272534 0.212705 0.303160 0.206452 0.303160
1 0.214982 0.272803 0.221261 0.272803 0.221261 0.303079 0.214982 0.303079
1 0.232143 0.272833 0.238393 0.272833 0.238393 0.303047 0.232143 0.303047
1 0.109595 0.370146 0.137806 0.370146 0.137806 0.376610 0.109595 0.376610
1 0.240648 0.272380 0.246852 0.272380 0.246852 0.303094 0.240648 0.303094
1 0.109406 0.421346 0.138208 0.421346 0.138208 0.427829 0.109406 0.427829
1 0.109037 0.378795 0.137779 0.378795 0.137779 0.385339 0.109037 0.385339
1 0.109045 0.387233 0.137841 0.387233 0.137841 0.393843 0.109045 0.393843
1 0.109504 0.412685 0.138229 0.412685 0.138229 0.419346 0.109504 0.419346
1 0.172367 0.272261 0.178555 0.272261 0.178555 0.303028 0.172367 0.303028
1 0.109476 0.404311 0.138142 0.404311 0.138142 0.410883 0.109476 0.410883
1 0.109262 0.395774 0.137866 0.395774 0.137866 0.402283 0.109262 0.402283
1 0.109184 0.429843 0.138188 0.429843 0.138188 0.436482 0.109184 0.436482
1 0.155497 0.272112 0.161432 0.272112 0.161432 0.303033 0.155497 0.303033
1 0.163809 0.272307 0.170103 0.272307 0.170103 0.302965 0.163809 0.302965
1 0.109872 0.498236 0.138083 0.498236 0.138083 0.504823 0.109872 0.504823
1 0.059818 0.487062 0.067699 0.487062 0.067699 0.490672 0.059818 0.490672
1 0.016223 0.331646 0.031937 0.331646 0.031937 0.336664 0.016223 0.336664
1 0.015777 0.362740 0.032385 0.362740 0.032385 0.367036 0.015777 0.367036
1 0.109292 0.464105 0.138052 0.464105 0.138052 0.470781 0.109292 0.470781
1 0.077604 0.268423 0.081270 0.268423 0.081270 0.276772 0.077604 0.276772
1 0.044797 0.268998 0.048559 0.268998 0.048559 0.276764 0.044797 0.276764
1 0.109170 0.472521 0.138125 0.472521 0.138125 0.479306 0.109170 0.479306
1 0.109226 0.481133 0.138057 0.481133 0.138057 0.487833 0.109226 0.487833
1 0.025158 0.268945 0.029004 0.268945 0.029004 0.276802 0.025158 0.276802
1 0.047414 0.345440 0.055154 0.345440 0.055154 0.349042 0.047414 0.349042
1 0.046874 0.332312 0.055090 0.332312 0.055090 0.336395 0.046874 0.336395
1 0.047134 0.365067 0.055092 0.365067 0.055092 0.368648 0.047134 0.368648
1 0.042642 0.487405 0.051133 0.487405 0.051133 0.490875 0.042642 0.490875
1 0.109076 0.455496 0.137944 0.455496 0.137944 0.462090 0.109076 0.462090
1 0.064433 0.312963 0.072796 0.312963 0.072796 0.316638 0.064433 0.316638
1 0.064410 0.332540 0.072832 0.332540 0.072832 0.336491 0.064410 0.336491
1 0.064727 0.345278 0.072967 0.345278 0.072967 0.349021 0.064727 0.349021
1 0.109527 0.489678 0.137924 0.489678 0.137924 0.496187 0.109527 0.496187
1 0.025581 0.286288 0.029009 0.286288 0.029009 0.294544 0.025581 0.294544
1 0.058091 0.268846 0.061459 0.268846 0.061459 0.276574 0.058091 0.276574
1 0.058339 0.286245 0.061888 0.286245 0.061888 0.294484 0.058339 0.294484
1 0.046801 0.312886 0.055040 0.312886 0.055040 0.316522 0.046801 0.316522
1 0.064527 0.365107 0.073005 0.365107 0.073005 0.368798 0.064527 0.368798
1 0.109035 0.446718 0.137860 0.446718 0.137860 0.453530 0.109035 0.453530
1 0.109035 0.438320 0.137854 0.438320 0.137854 0.445070 0.109035 0.445070
1 0.077725 0.286322 0.081153 0.286322 0.081153 0.294463 0.077725 0.294463
1 0.044545 0.286378 0.047831 0.286378 0.047831 0.294225 0.044545 0.294225
1 0.131323 0.254689 0.134452 0.254689 0.134452 0.262762 0.131323 0.262762
1 0.111198 0.254665 0.114947 0.254665 0.114947 0.262472 0.111198 0.262472
1 0.110498 0.506920 0.138085 0.506920 0.138085 0.513483 0.110498 0.513483
1 0.110325 0.515485 0.138025 0.515485 0.138025 0.521942 0.110325 0.521942
1 0.109813 0.523987 0.137989 0.523987 0.137989 0.530451 0.109813 0.530451
1 0.109530 0.549568 0.138057 0.549568 0.138057 0.556136 0.109530 0.556136
1 0.109513 0.566672 0.138031 0.566672 0.138031 0.573286 0.109513 0.573286
1 0.109957 0.558081 0.138050 0.558081 0.138050 0.564796 0.109957 0.564796
1 0.173283 0.641640 0.179037 0.641640 0.179037 0.670703 0.173283 0.670703
1 0.109415 0.532566 0.137992 0.532566 0.137992 0.539076 0.109415 0.539076
1 0.109408 0.540912 0.138042 0.540912 0.138042 0.547522 0.109408 0.547522
1 0.164678 0.641596 0.170636 0.641596 0.170636 0.670304 0.164678 0.670304
1 0.181685 0.641597 0.187468 0.641597 0.187468 0.670660 0.181685 0.670660
1 0.109415 0.575164 0.138113 0.575164 0.138113 0.581872 0.109415 0.581872
1 0.109753 0.617847 0.138425 0.617847 0.138425 0.624383 0.109753 0.624383
1 0.215758 0.641473 0.221655 0.641473 0.221655 0.671244 0.215758 0.671244
1 0.198700 0.641495 0.204676 0.641495 0.204676 0.669616 0.198700 0.669616
1 0.224253 0.641484 0.230187 0.641484 0.230187 0.671697 0.224253 0.671697
1 0.232787 0.641463 0.238818 0.641463 0.238818 0.671798 0.232787 0.671798
1 0.109299 0.583656 0.138134 0.583656 0.138134 0.590412 0.109299 0.590412
1 0.109833 0.600728 0.138165 0.600728 0.138165 0.607538 0.109833 0.607538
1 0.109944 0.609248 0.138485 0.609248 0.138485 0.615892 0.109944 0.615892
1 0.109287 0.592232 0.138105 0.592232 0.138105 0.598851 0.109287 0.598851
1 0.155986 0.641458 0.161933 0.641458 0.161933 0.670689 0.155986 0.670689
1 0.215162 0.722631 0.224427 0.722631 0.224427 0.746221 0.215162 0.746221
1 0.207271 0.641451 0.213203 0.641451 0.213203 0.669929 0.207271 0.669929
1 0.190158 0.641558 0.196075 0.641558 0.196075 0.669914 0.190158 0.669914
1 0.241294 0.641490 0.247353 0.641490 0.247353 0.671857 0.241294 0.671857
1 0.042728 0.557473 0.051190 0.557473 0.051190 0.561236 0.042728 0.561236
1 0.016112 0.557994 0.033058 0.557994 0.033058 0.562676 0.016112 0.562676
1 0.017469 0.737625 0.033985 0.737625 0.033985 0.742273 0.017469 0.742273
1 0.082804 0.637286 0.086634 0.637286 0.086634 0.645936 0.082804 0.645936
1 0.060086 0.557006 0.068463 0.557006 0.068463 0.560920 0.060086 0.560920
1 0.059450 0.519815 0.067491 0.519815 0.067491 0.523361 0.059450 0.523361
1 0.042927 0.577029 0.051187 0.577029 0.051187 0.580834 0.042927 0.580834
1 0.103220 0.637106 0.106947 0.637106 0.106947 0.645611 0.103220 0.645611
1 0.198711 0.707493 0.207238 0.707493 0.207238 0.710878 0.198711 0.710878
1 0.059932 0.576557 0.068343 0.576557 0.068343 0.580682 0.059932 0.580682
1 0.040456 0.602360 0.044182 0.602360 0.044182 0.610481 0.040456 0.610481
1 0.066578 0.737069 0.074956 0.737069 0.074956 0.741153 0.066578 0.741153
1 0.042206 0.519927 0.050682 0.519927 0.050682 0.523227 0.042206 0.523227
1 0.059735 0.602294 0.063647 0.602294 0.063647 0.610182 0.059735 0.610182
1 0.249921 0.641674 0.255934 0.641674 0.255934 0.671634 0.249921 0.671634
1 0.066617 0.717306 0.074708 0.717306 0.074708 0.721087 0.066617 0.721087
1 0.042199 0.539843 0.051001 0.539843 0.051001 0.543175 0.042199 0.543175
1 0.059462 0.506742 0.067924 0.506742 0.067924 0.510507 0.059462 0.510507
1 0.059180 0.539291 0.067515 0.539291 0.067515 0.542816 0.059180 0.542816
1 0.198450 0.727118 0.207248 0.727118 0.207248 0.730700 0.198450 0.730700
1 0.016788 0.588764 0.032671 0.588764 0.032671 0.592456 0.016788 0.592456
1 0.042409 0.507194 0.051006 0.507194 0.051006 0.510530 0.042409 0.510530
1 0.203287 0.791827 0.212836 0.791827 0.212836 0.816134 0.203287 0.816134
1 0.244910 0.792377 0.254174 0.792377 0.254174 0.816279 0.244910 0.816279
1 0.017605 0.778961 0.033482 0.778961 0.033482 0.783193 0.017605 0.783193
1 0.017546 0.809290 0.034272 0.809290 0.034272 0.814549 0.017546 0.814549
1 0.066875 0.770766 0.075006 0.770766 0.075006 0.774491 0.066875 0.774491
1 0.066648 0.751011 0.074684 0.751011 0.074684 0.754750 0.066648 0.754750
1 0.017269 0.768056 0.033901 0.768056 0.033901 0.772376 0.017269 0.772376
1 0.364332 0.207211 0.380364 0.207211 0.380364 0.211264 0.364332 0.211264
1 0.338635 0.176958 0.355175 0.176958 0.355175 0.181845 0.338635 0.181845
1 0.338858 0.207472 0.354682 0.207472 0.354682 0.211899 0.338858 0.211899
1 0.364434 0.176944 0.380740 0.176944 0.380740 0.181528 0.364434 0.181528
1 0.368480 0.240238 0.372183 0.240238 0.372183 0.248156 0.368480 0.248156
1 0.401007 0.240378 0.404876 0.240378 0.404876 0.248262 0.401007 0.248262
1 0.296242 0.185101 0.300083 0.185101 0.300083 0.193946 0.296242 0.193946
1 0.381929 0.240266 0.385476 0.240266 0.385476 0.248243 0.381929 0.248243
1 0.349171 0.240270 0.352941 0.240270 0.352941 0.248463 0.349171 0.248463
1 0.272032 0.151003 0.276616 0.151003 0.276616 0.167760 0.272032 0.167760
1 0.277077 0.185359 0.280468 0.185359 0.280468 0.193774 0.277077 0.193774
1 0.473955 0.248165 0.477556 0.248165 0.477556 0.256830 0.473955 0.256830
1 0.377541 0.272510 0.383835 0.272510 0.383835 0.302867 0.377541 0.302867
1 0.386062 0.272624 0.392443 0.272624 0.392443 0.302766 0.386062 0.302766
1 0.394452 0.273031 0.400898 0.273031 0.400898 0.302779 0.394452 0.302779
1 0.420244 0.272691 0.426574 0.272691 0.426574 0.302990 0.420244 0.302990
1 0.403131 0.273041 0.409494 0.273041 0.409494 0.302897 0.403131 0.302897
1 0.477438 0.429621 0.506095 0.429621 0.506095 0.436496 0.477438 0.436496
1 0.477572 0.361290 0.506557 0.361290 0.506557 0.368290 0.477572 0.368290
1 0.437287 0.272768 0.443642 0.272768 0.443642 0.302992 0.437287 0.302992
1 0.445752 0.272911 0.452127 0.272911 0.452127 0.302951 0.445752 0.302951
1 0.477452 0.421084 0.506103 0.421084 0.506103 0.428005 0.477452 0.428005
1 0.411677 0.272632 0.417970 0.272632 0.417970 0.302975 0.411677 0.302975
1 0.428779 0.272913 0.435091 0.272913 0.435091 0.302937 0.428779 0.302937
1 0.477508 0.378380 0.506644 0.378380 0.506644 0.385356 0.477508 0.385356
1 0.477459 0.412605 0.506194 0.412605 0.506194 0.419513 0.477459 0.419513
1 0.477677 0.344311 0.507093 0.344311 0.507093 0.351119 0.477677 0.351119
1 0.477656 0.352809 0.507119 0.352809 0.507119 0.359623 0.477656 0.359623
1 0.477472 0.395525 0.506774 0.395525 0.506774 0.402445 0.477472 0.402445
1 0.477508 0.404073 0.506393 0.404073 0.506393 0.410940 0.477508 0.410940
1 0.477465 0.327112 0.506691 0.327112 0.506691 0.333949 0.477465 0.333949
1 0.477588 0.369903 0.506423 0.369903 0.506423 0.376760 0.477588 0.376760
1 0.477602 0.335719 0.507163 0.335719 0.507163 0.342596 0.477602 0.342596
1 0.477436 0.387012 0.506495 0.387012 0.506495 0.393920 0.477436 0.393920
1 0.477450 0.318511 0.506239 0.318511 0.506239 0.325482 0.477450 0.325482
1 0.454271 0.272872 0.460537 0.272872 0.460537 0.302963 0.454271 0.302963
1 0.249112 0.272447 0.255516 0.272447 0.255516 0.302921 0.249112 0.302921
1 0.368875 0.272634 0.375218 0.272634 0.375218 0.302953 0.368875 0.302953
1 0.360259 0.273021 0.366621 0.273021 0.366621 0.302966 0.360259 0.302966
1 0.343198 0.272602 0.349488 0.272602 0.349488 0.303091 0.343198 0.303091
1 0.477547 0.438047 0.506209 0.438047 0.506209 0.445135 0.477547 0.445135
1 0.351706 0.272859 0.357991 0.272859 0.357991 0.303078 0.351706 0.303078
1 0.257561 0.272788 0.263976 0.272788 0.263976 0.303086 0.257561 0.303086
1 0.334708 0.272991 0.340995 0.272991 0.340995 0.303000 0.334708 0.303000
1 0.477603 0.489486 0.506465 0.489486 0.506465 0.496385 0.477603 0.496385
1 0.489994 0.282060 0.498059 0.282060 0.498059 0.285846 0.489994 0.285846
1 0.326145 0.273074 0.332464 0.273074 0.332464 0.303104 0.326145 0.303104
1 0.477932 0.472362 0.506094 0.472362 0.506094 0.479223 0.477932 0.479223
1 0.477906 0.463824 0.506056 0.463824 0.506056 0.470767 0.477906 0.470767
1 0.274729 0.273115 0.281061 0.273115 0.281061 0.302796 0.274729 0.302796
1 0.477798 0.480970 0.506106 0.480970 0.506106 0.487797 0.477798 0.487797
1 0.477870 0.455258 0.505958 0.455258 0.505958 0.462232 0.477870 0.462232
1 0.283291 0.272564 0.289632 0.272564 0.289632 0.302708 0.283291 0.302708
1 0.477718 0.446812 0.505863 0.446812 0.505863 0.453611 0.477718 0.453611
1 0.291825 0.272633 0.298212 0.272633 0.298212 0.302789 0.291825 0.302789
1 0.317497 0.273164 0.323906 0.273164 0.323906 0.302740 0.317497 0.302740
1 0.266180 0.273292 0.272528 0.273292 0.272528 0.302838 0.266180 0.302838
1 0.309024 0.272977 0.315454 0.272977 0.315454 0.302786 0.309024 0.302786
1 0.489819 0.301494 0.498304 0.301494 0.498304 0.305037 0.489819 0.305037
1 0.300310 0.273010 0.306729 0.273010 0.306729 0.302918 0.300310 0.302918
1 0.477724 0.566380 0.506625 0.566380 0.506625 0.573185 0.477724 0.573185
1 0.477741 0.574908 0.506666 0.574908 0.506666 0.581641 0.477741 0.581641
1 0.477651 0.617615 0.506446 0.617615 0.506446 0.624217 0.477651 0.624217
1 0.420776 0.641466 0.426609 0.641466 0.426609 0.670812 0.420776 0.670812
1 0.477769 0.506524 0.506930 0.506524 0.506930 0.513274 0.477769 0.513274
1 0.477684 0.609123 0.506544 0.609123 0.506544 0.615769 0.477684 0.615769
1 0.477770 0.583430 0.506530 0.583430 0.506530 0.590171 0.477770 0.590171
1 0.369572 0.641736 0.375472 0.641736 0.375472 0.670514 0.369572 0.670514
1 0.361079 0.641776 0.366933 0.641776 0.366933 0.670877 0.361079 0.670877
1 0.378176 0.641677 0.384035 0.641677 0.384035 0.669696 0.378176 0.669696
1 0.429386 0.641465 0.435171 0.641465 0.435171 0.670925 0.429386 0.670925
1 0.477723 0.523596 0.506908 0.523596 0.506908 0.530335 0.477723 0.530335
1 0.335461 0.641414 0.341302 0.641414 0.341302 0.670293 0.335461 0.670293
1 0.477778 0.515130 0.506557 0.515130 0.506557 0.521877 0.477778 0.521877
1 0.326990 0.641462 0.332801 0.641462 0.332801 0.669812 0.326990 0.669812
1 0.477706 0.532159 0.507044 0.532159 0.507044 0.538921 0.477706 0.538921
1 0.477766 0.549270 0.506534 0.549270 0.506534 0.555941 0.477766 0.555941
1 0.477713 0.557700 0.506977 0.557700 0.506977 0.564516 0.477713 0.564516
1 0.403815 0.641513 0.409601 0.641513 0.409601 0.669567 0.403815 0.669567
1 0.477616 0.497975 0.506822 0.497975 0.506822 0.504774 0.477616 0.504774
1 0.344006 0.641394 0.349879 0.641394 0.349879 0.670230 0.344006 0.670230
1 0.477770 0.540710 0.506865 0.540710 0.506865 0.547398 0.477770 0.547398
1 0.386758 0.641691 0.392584 0.641691 0.392584 0.669272 0.386758 0.669272
1 0.412336 0.641536 0.418109 0.641536 0.418109 0.670489 0.412336 0.670489
1 0.477704 0.600521 0.506952 0.600521 0.506952 0.607304 0.477704 0.607304
1 0.395208 0.641704 0.401134 0.641704 0.401134 0.669303 0.395208 0.669303
1 0.318352 0.641449 0.324309 0.641449 0.324309 0.669476 0.318352 0.669476
1 0.438005 0.641520 0.443710 0.641520 0.443710 0.670988 0.438005 0.670988
1 0.477742 0.591942 0.506985 0.591942 0.506985 0.598738 0.477742 0.598738
1 0.352548 0.641466 0.358410 0.641466 0.358410 0.670749 0.352548 0.670749
1 0.256628 0.722799 0.265917 0.722799 0.265917 0.747395 0.256628 0.747395
1 0.327259 0.706636 0.331133 0.706636 0.331133 0.714909 0.327259 0.714909
1 0.343719 0.702856 0.347567 0.702856 0.347567 0.711004 0.343719 0.711004
1 0.258555 0.641616 0.264390 0.641616 0.264390 0.671222 0.258555 0.671222
1 0.267138 0.641605 0.272926 0.641605 0.272926 0.670085 0.267138 0.670085
1 0.455100 0.641705 0.460903 0.641705 0.460903 0.670836 0.455100 0.670836
1 0.275778 0.641667 0.281448 0.641667 0.281448 0.670716 0.275778 0.670716
1 0.295812 0.735969 0.299421 0.735969 0.299421 0.743767 0.295812 0.743767
1 0.307523 0.706550 0.311067 0.706550 0.311067 0.714263 0.307523 0.714263
1 0.315770 0.735268 0.319720 0.735268 0.319720 0.744243 0.315770 0.744243
1 0.284142 0.641803 0.289942 0.641803 0.289942 0.670668 0.284142 0.670668
1 0.363738 0.702685 0.367245 0.702685 0.367245 0.710902 0.363738 0.710902
1 0.292758 0.641549 0.298617 0.641549 0.298617 0.670673 0.292758 0.670673
1 0.301306 0.641619 0.307127 0.641619 0.307127 0.670306 0.301306 0.670306
1 0.309891 0.641876 0.315660 0.641876 0.315660 0.669140 0.309891 0.669140
1 0.446359 0.641428 0.452267 0.641428 0.452267 0.671104 0.446359 0.671104
1 0.286068 0.786589 0.294314 0.786589 0.294314 0.790562 0.286068 0.790562
1 0.260032 0.882598 0.269642 0.882598 0.269642 0.886057 0.260032 0.886057
1 0.286060 0.767133 0.294501 0.767133 0.294501 0.771179 0.286060 0.771179
1 0.260647 0.862236 0.269870 0.862236 0.269870 0.865936 0.260647 0.865936
1 0.704536 0.161525 0.709204 0.161525 0.709204 0.177839 0.704536 0.177839
1 0.716710 0.148347 0.732237 0.148347 0.732237 0.153341 0.716710 0.153341
1 0.675254 0.162271 0.679073 0.162271 0.679073 0.177895 0.675254 0.177895
1 0.716319 0.179154 0.732641 0.179154 0.732641 0.183518 0.716319 0.183518
1 0.696667 0.395631 0.707299 0.395631 0.707299 0.417127 0.696667 0.417127
1 0.712734 0.395413 0.723451 0.395413 0.723451 0.417216 0.712734 0.417216
1 0.728852 0.395718 0.739364 0.395718 0.739364 0.416799 0.728852 0.416799
1 0.712545 0.351614 0.723420 0.351614 0.723420 0.372225 0.712545 0.372225
1 0.696235 0.351553 0.707150 0.351553 0.707150 0.371995 0.696235 0.371995
1 0.728659 0.351209 0.739452 0.351209 0.739452 0.372149 0.728659 0.372149
1 0.552818 0.399852 0.556772 0.399852 0.556772 0.416550 0.552818 0.416550
1 0.585570 0.298561 0.589874 0.298561 0.589874 0.315850 0.585570 0.315850
1 0.582757 0.399946 0.586470 0.399946 0.586470 0.416282 0.582757 0.416282
1 0.537208 0.278712 0.553825 0.278712 0.553825 0.282949 0.537208 0.282949
1 0.527912 0.361797 0.535841 0.361797 0.535841 0.365630 0.527912 0.365630
1 0.555511 0.298782 0.560060 0.298782 0.560060 0.315428 0.555511 0.315428
1 0.537417 0.248559 0.553647 0.248559 0.553647 0.252895 0.537417 0.252895
1 0.527611 0.381576 0.535975 0.381576 0.535975 0.385557 0.527611 0.385557
1 0.525846 0.265683 0.529565 0.265683 0.529565 0.273688 0.525846 0.273688
1 0.543890 0.381952 0.552755 0.381952 0.552755 0.385256 0.543890 0.385256
1 0.506523 0.265767 0.510146 0.265767 0.510146 0.273636 0.506523 0.273636
1 0.507558 0.282143 0.515712 0.282143 0.515712 0.285379 0.507558 0.285379
1 0.544970 0.349655 0.553137 0.349655 0.553137 0.353072 0.544970 0.353072
1 0.544482 0.362119 0.553046 0.362119 0.553046 0.365216 0.544482 0.365216
1 0.506991 0.301733 0.515754 0.301733 0.515754 0.305232 0.506991 0.305232
1 0.544631 0.329461 0.553167 0.329461 0.553167 0.333412 0.544631 0.333412
1 0.493712 0.248455 0.497221 0.248455 0.497221 0.256607 0.493712 0.256607
1 0.677073 0.638783 0.696416 0.638783 0.696416 0.645704 0.677073 0.645704
1 0.641230 0.638755 0.659592 0.638755 0.659592 0.645445 0.641230 0.645445
1 0.677413 0.616672 0.695517 0.616672 0.695517 0.623801 0.677413 0.623801
1 0.642105 0.616850 0.659483 0.616850 0.659483 0.623593 0.642105 0.623593
1 0.641463 0.627583 0.659608 0.627583 0.659608 0.634473 0.641463 0.634473
1 0.677099 0.627644 0.695193 0.627644 0.695193 0.634896 0.677099 0.634896
1 0.607868 0.584291 0.612084 0.584291 0.612084 0.600371 0.607868 0.600371
1 0.580942 0.653469 0.589715 0.653469 0.589715 0.657071 0.580942 0.657071
1 0.607891 0.606334 0.612230 0.606334 0.612230 0.623131 0.607891 0.623131
1 0.597859 0.653352 0.605942 0.653352 0.605942 0.657217 0.597859 0.657217
1 0.597810 0.633701 0.605859 0.633701 0.605859 0.637493 0.597810 0.637493
1 0.578382 0.584631 0.582057 0.584631 0.582057 0.600810 0.578382 0.600810
1 0.745847 0.515260 0.750431 0.515260 0.750431 0.531958 0.745847 0.531958
1 0.578317 0.606533 0.582210 0.606533 0.582210 0.623100 0.578317 0.623100
1 0.618335 0.648406 0.627034 0.648406 0.627034 0.652188 0.618335 0.652188
1 0.592103 0.704369 0.595661 0.704369 0.595661 0.712562 0.592103 0.712562
1 0.694523 0.594591 0.697909 0.594591 0.697909 0.602849 0.694523 0.602849
1 0.580973 0.633120 0.589867 0.633120 0.589867 0.636881 0.580973 0.636881
1 0.622992 0.610542 0.632187 0.610542 0.632187 0.614321 0.622992 0.614321
1 0.572337 0.704563 0.575685 0.704563 0.575685 0.712528 0.572337 0.712528
1 0.579266 0.507471 0.582925 0.507471 0.582925 0.515816 0.579266 0.515816
1 0.618443 0.668736 0.626948 0.668736 0.626948 0.672396 0.618443 0.672396
1 0.675965 0.668151 0.679509 0.668151 0.679509 0.676756 0.675965 0.676756
1 0.598932 0.507566 0.602432 0.507566 0.602432 0.515597 0.598932 0.515597
1 0.696292 0.667928 0.700138 0.667928 0.700138 0.676817 0.696292 0.676817
1 0.674397 0.594314 0.677873 0.594314 0.677873 0.603124 0.674397 0.603124
1 0.630533 0.507370 0.634098 0.507370 0.634098 0.515170 0.630533 0.515170
1 0.623116 0.590621 0.631769 0.590621 0.631769 0.593937 0.623116 0.593937
1 0.610766 0.507224 0.614582 0.507224 0.614582 0.515550 0.610766 0.515550
1 0.898016 0.203961 0.923987 0.203961 0.923987 0.211934 0.898016 0.211934
1 0.822696 0.203896 0.849523 0.203896 0.849523 0.211936 0.822696 0.211936
1 0.822862 0.181658 0.849478 0.181658 0.849478 0.189636 0.822862 0.189636
1 0.823535 0.214943 0.849689 0.214943 0.849689 0.222995 0.823535 0.222995
1 0.898010 0.214890 0.923748 0.214890 0.923748 0.222965 0.898010 0.222965
1 0.898128 0.181545 0.923638 0.181545 0.923638 0.189535 0.898128 0.189535
1 0.755898 0.159505 0.772659 0.159505 0.772659 0.164043 0.755898 0.164043
1 0.755825 0.190158 0.771796 0.190158 0.771796 0.193701 0.755825 0.193701
1 0.898142 0.192841 0.923752 0.192841 0.923752 0.200679 0.898142 0.200679
1 0.822643 0.192734 0.849523 0.192734 0.849523 0.200848 0.822643 0.200848
1 0.939100 0.202391 0.947364 0.202391 0.947364 0.206211 0.939100 0.206211
1 0.779906 0.182025 0.788733 0.182025 0.788733 0.185654 0.779906 0.185654
1 0.799021 0.204332 0.806991 0.204332 0.806991 0.208109 0.799021 0.208109
1 0.780291 0.202326 0.788715 0.202326 0.788715 0.205767 0.780291 0.205767
1 0.799251 0.224259 0.807017 0.224259 0.807017 0.227853 0.799251 0.227853
1 0.939295 0.222131 0.947366 0.222131 0.947366 0.225975 0.939295 0.225975
1 0.899366 0.268472 0.910226 0.268472 0.910226 0.296955 0.899366 0.296955
1 0.962431 0.269055 0.973478 0.269055 0.973478 0.298094 0.962431 0.298094
1 0.861876 0.259287 0.882884 0.259287 0.882884 0.270146 0.861876 0.270146
1 0.862097 0.291676 0.883224 0.291676 0.883224 0.302339 0.862097 0.302339
1 0.862009 0.275452 0.883119 0.275452 0.883119 0.286437 0.862009 0.286437
1 0.825350 0.339580 0.843542 0.339580 0.843542 0.346818 0.825350 0.346818
1 0.936568 0.346637 0.955328 0.346637 0.955328 0.354082 0.936568 0.354082
1 0.789859 0.339771 0.807833 0.339771 0.807833 0.346808 0.789859 0.346808
1 0.936802 0.335666 0.955070 0.335666 0.955070 0.343036 0.936802 0.343036
1 0.816800 0.291717 0.838058 0.291717 0.838058 0.302608 0.816800 0.302608
1 0.816961 0.275509 0.837822 0.275509 0.837822 0.286570 0.816961 0.286570
1 0.817045 0.259271 0.837488 0.259271 0.837488 0.270097 0.817045 0.270097
1 0.789706 0.328703 0.807643 0.328703 0.807643 0.335762 0.789706 0.335762
1 0.825830 0.317679 0.844367 0.317679 0.844367 0.324419 0.825830 0.324419
1 0.789639 0.317743 0.807899 0.317743 0.807899 0.324733 0.789639 0.324733
1 0.825600 0.328462 0.844752 0.328462 0.844752 0.335634 0.825600 0.335634
1 0.900434 0.324183 0.918629 0.324183 0.918629 0.331324 0.900434 0.331324
1 0.900635 0.335213 0.918715 0.335213 0.918715 0.342382 0.900635 0.342382
1 0.900657 0.346345 0.918733 0.346345 0.918733 0.353344 0.900657 0.353344
1 0.936787 0.324695 0.954140 0.324695 0.954140 0.331877 0.936787 0.331877
1 0.879273 0.349380 0.888115 0.349380 0.888115 0.353032 0.879273 0.353032
1 0.853264 0.389750 0.862382 0.389750 0.862382 0.393520 0.853264 0.393520
1 0.943039 0.404233 0.946797 0.404233 0.946797 0.412929 0.943039 0.412929
1 0.865174 0.353745 0.868648 0.353745 0.868648 0.362423 0.865174 0.362423
1 0.853353 0.369543 0.862364 0.369543 0.862364 0.373295 0.853353 0.373295
1 0.922995 0.404465 0.926397 0.404465 0.926397 0.412632 0.922995 0.412632
1 0.943275 0.365478 0.946872 0.365478 0.946872 0.373991 0.943275 0.373991
1 0.844743 0.353737 0.848458 0.353737 0.848458 0.362472 0.844743 0.362472
1 0.923040 0.365808 0.926717 0.365808 0.926717 0.374223 0.923040 0.374223
1 0.878949 0.329553 0.887705 0.329553 0.887705 0.332972 0.878949 0.332972
1 0.768234 0.337463 0.777143 0.337463 0.777143 0.340852 0.768234 0.340852
1 0.904627 0.381206 0.913677 0.381206 0.913677 0.384764 0.904627 0.384764
1 0.757818 0.352629 0.761416 0.352629 0.761416 0.360984 0.757818 0.360984
1 0.767996 0.317436 0.777060 0.317436 0.777060 0.320963 0.767996 0.320963
1 0.778172 0.352770 0.781664 0.352770 0.781664 0.361136 0.778172 0.361136
1 0.904469 0.360431 0.914114 0.360431 0.914114 0.364576 0.904469 0.364576
1 0.838647 0.535689 0.866278 0.535689 0.866278 0.543133 0.838647 0.543133
1 0.838618 0.568782 0.866534 0.568782 0.866534 0.576570 0.838618 0.576570
1 0.839341 0.546825 0.866268 0.546825 0.866268 0.554335 0.839341 0.554335
1 0.838668 0.580108 0.866505 0.580108 0.866505 0.587946 0.838668 0.587946
1 0.941276 0.547484 0.969721 0.547484 0.969721 0.554950 0.941276 0.554950
1 0.941249 0.525013 0.970240 0.525013 0.970240 0.532564 0.941249 0.532564
1 0.941248 0.591780 0.969597 0.591780 0.969597 0.599337 0.941248 0.599337
1 0.941247 0.580793 0.969317 0.580793 0.969317 0.588319 0.941247 0.588319
1 0.941223 0.558467 0.969268 0.558467 0.969268 0.565732 0.941223 0.565732
1 0.941118 0.536177 0.970064 0.536177 0.970064 0.543724 0.941118 0.543724
1 0.838770 0.557934 0.866410 0.557934 0.866410 0.565514 0.838770 0.565514
1 0.838346 0.591168 0.866513 0.591168 0.866513 0.598770 0.838346 0.598770
1 0.838667 0.524498 0.866139 0.524498 0.866139 0.532078 0.838667 0.532078
1 0.775287 0.515023 0.779991 0.515023 0.779991 0.531771 0.775287 0.531771
1 0.941349 0.569564 0.969741 0.569564 0.969741 0.577128 0.941349 0.577128
1 0.814328 0.579587 0.822287 0.579587 0.822287 0.583155 0.814328 0.583155
1 0.814142 0.599121 0.822564 0.599121 0.822564 0.603097 0.814142 0.603097
1 0.825657 0.536693 0.829335 0.536693 0.829335 0.545636 0.825657 0.545636
1 0.805813 0.536859 0.809181 0.536859 0.809181 0.545438 0.805813 0.545438
1 0.730981 0.642610 0.782531 0.642610 0.782531 0.655097 0.730981 0.655097
1 0.729700 0.706007 0.783811 0.706007 0.783811 0.720415 0.729700 0.720415
1 0.141503 0.700302 0.184526 0.700302 0.184526 0.712239 0.141503 0.712239
1 0.141800 0.792333 0.182552 0.792333 0.182552 0.806178 0.141800 0.806178
0 0.138819 0.712965 0.190997 0.712965 0.190997 0.791927 0.138819 0.791927
0 0.868548 0.521405 0.938406 0.521405 0.938406 0.601116 0.868548 0.601116
