0 0.310451 0.656841 0.473991 0.656841 0.473991 0.821564 0.310451 0.821564
0 0.569276 0.606243 0.660965 0.606243 0.660965 0.710740 0.569276 0.710740
0 0.373770 0.474581 0.417553 0.474581 0.417553 0.528217 0.373770 0.528217
0 0.575680 0.728204 0.667078 0.728204 0.667078 0.832410 0.575680 0.832410
0 0.713864 0.886415 0.786239 0.886415 0.786239 0.942747 0.713864 0.942747
0 0.649799 0.881267 0.676193 0.881267 0.676193 0.895756 0.649799 0.895756
0 0.118107 0.721509 0.224059 0.721509 0.224059 0.822222 0.118107 0.822222
0 0.444970 0.505357 0.488973 0.505357 0.488973 0.559082 0.444970 0.559082
0 0.137477 0.896841 0.208160 0.896841 0.208160 0.953258 0.137477 0.953258
0 0.016114 0.267692 0.030277 0.267692 0.030277 0.295096 0.016114 0.295096
0 0.598592 0.300668 0.651347 0.300668 0.651347 0.382697 0.598592 0.382697
0 0.362539 0.917462 0.376353 0.917462 0.376353 0.944502 0.362539 0.944502
1 0.117816 0.822513 0.144959 0.822513 0.144959 0.884037 0.117816 0.884037
1 0.667338 0.805773 0.731690 0.805773 0.731690 0.835992 0.667338 0.835992
0 0.607324 0.932298 0.634923 0.932298 0.634923 0.946416 0.607324 0.946416
0 0.707199 0.855548 0.733597 0.855548 0.733597 0.870066 0.707199 0.870066
1 0.536001 0.733431 0.575680 0.733431 0.575680 0.826006 0.536001 0.826006
0 0.234382 0.933131 0.258880 0.933131 0.258880 0.945890 0.234382 0.945890
1 0.661445 0.684478 0.726067 0.684478 0.726067 0.712812 0.661445 0.712812
1 0.667431 0.727144 0.732095 0.727144 0.732095 0.758488 0.667431 0.758488
0 0.216444 0.563598 0.244182 0.563598 0.244182 0.578154 0.216444 0.578154
1 0.196116 0.822804 0.225359 0.822804 0.225359 0.886074 0.196116 0.886074
0 0.171887 0.564212 0.199394 0.564212 0.199394 0.578109 0.171887 0.578109
0 0.438900 0.904061 0.463753 0.904061 0.463753 0.916399 0.438900 0.916399
0 0.435730 0.928957 0.468164 0.928957 0.468164 0.949807 0.435730 0.949807
0 0.243873 0.791363 0.257783 0.791363 0.257783 0.818679 0.243873 0.818679
0 0.535161 0.902243 0.560790 0.902243 0.560790 0.916953 0.535161 0.916953
0 0.490210 0.902611 0.515894 0.902611 0.515894 0.916308 0.490210 0.916308
0 0.079763 0.645759 0.107186 0.645759 0.107186 0.660193 0.079763 0.660193
0 0.560185 0.529984 0.583996 0.529984 0.583996 0.582130 0.560185 0.582130
1 0.530196 0.611268 0.569567 0.611268 0.569567 0.704627 0.530196 0.704627
0 0.618122 0.891415 0.632525 0.891415 0.632525 0.918901 0.618122 0.918901
0 0.287143 0.863273 0.313633 0.863273 0.313633 0.877947 0.287143 0.877947
0 0.365369 0.887541 0.389931 0.887541 0.389931 0.899966 0.365369 0.899966
0 0.541361 0.927438 0.567349 0.927438 0.567349 0.940947 0.541361 0.940947
0 0.339740 0.904045 0.354049 0.904045 0.354049 0.929854 0.339740 0.929854
0 0.535346 0.853728 0.560367 0.853728 0.560367 0.866160 0.535346 0.866160
0 0.494645 0.861657 0.518941 0.861657 0.518941 0.874367 0.494645 0.874367
1 0.785944 0.894153 0.806752 0.894153 0.806752 0.938497 0.785944 0.938497
0 0.774061 0.857422 0.800201 0.857422 0.800201 0.872339 0.774061 0.872339
1 0.125213 0.688497 0.217947 0.688497 0.217947 0.721218 0.125213 0.721218
0 0.317033 0.911087 0.330480 0.911087 0.330480 0.936114 0.317033 0.936114
1 0.661431 0.605982 0.726149 0.605982 0.726149 0.634305 0.661431 0.634305
0 0.482560 0.833217 0.490369 0.833217 0.490369 0.848479 0.482560 0.848479
1 0.163224 0.822804 0.178341 0.822804 0.178341 0.837677 0.163224 0.837677
0 0.029409 0.180596 0.045085 0.180596 0.045085 0.188869 0.029409 0.188869
0 0.274296 0.930490 0.300548 0.930490 0.300548 0.944689 0.274296 0.944689
0 0.616216 0.850557 0.640693 0.850557 0.640693 0.863136 0.616216 0.863136
0 0.483513 0.044995 0.501071 0.044995 0.501071 0.054148 0.483513 0.054148
0 0.183151 0.615289 0.198533 0.615289 0.198533 0.623252 0.183151 0.623252
0 0.649248 0.933916 0.675645 0.933916 0.675645 0.948203 0.649248 0.948203
0 0.026736 0.376751 0.042792 0.376751 0.042792 0.384937 0.026736 0.384937
1 0.115816 0.901848 0.137477 0.901848 0.137477 0.946449 0.115816 0.946449
0 0.698009 0.655790 0.722144 0.655790 0.722144 0.667931 0.698009 0.667931
0 0.127934 0.267165 0.143315 0.267165 0.143315 0.275115 0.127934 0.275115
1 0.695950 0.895632 0.714230 0.895632 0.714230 0.936415 0.695950 0.936415
1 0.667440 0.774012 0.687006 0.774012 0.687006 0.787095 0.667440 0.787095
0 0.174577 0.370325 0.183748 0.370325 0.183748 0.387440 0.174577 0.387440
1 0.556155 0.517844 0.586463 0.517844 0.586463 0.529526 0.556155 0.529526
0 0.328019 0.883610 0.344256 0.883610 0.344256 0.891833 0.328019 0.891833
0 0.444587 0.046489 0.461941 0.046489 0.461941 0.055535 0.444587 0.055535
0 0.239801 0.654249 0.257135 0.654249 0.257135 0.662939 0.239801 0.662939
0 0.293534 0.893134 0.302470 0.893134 0.302470 0.910130 0.293534 0.910130
1 0.367753 0.462042 0.422056 0.462042 0.422056 0.474242 0.367753 0.474242
1 0.661098 0.651970 0.680251 0.651970 0.680251 0.665037 0.661098 0.665037
1 0.208485 0.903001 0.226304 0.903001 0.226304 0.947382 0.208485 0.947382
0 0.625736 0.580648 0.641362 0.580648 0.641362 0.588313 0.625736 0.588313
0 0.029805 0.198197 0.045588 0.198197 0.045588 0.206087 0.029805 0.206087
0 0.110649 0.402600 0.118512 0.402600 0.118512 0.418369 0.110649 0.418369
0 0.747402 0.356695 0.756261 0.356695 0.756261 0.373037 0.747402 0.373037
0 0.174969 0.329840 0.183695 0.329840 0.183695 0.347101 0.174969 0.347101
0 0.121490 0.558221 0.137502 0.558221 0.137502 0.566307 0.121490 0.566307
1 0.468414 0.927532 0.478358 0.927532 0.478358 0.953202 0.468414 0.953202
1 0.426397 0.927821 0.435626 0.927821 0.435626 0.952931 0.426397 0.952931
1 0.607228 0.288971 0.647992 0.288971 0.647992 0.300363 0.607228 0.300363
0 0.041698 0.627511 0.050287 0.627511 0.050287 0.643300 0.041698 0.643300
0 0.138404 0.289016 0.153790 0.289016 0.153790 0.296914 0.138404 0.296914
1 0.556795 0.582146 0.587061 0.582146 0.587061 0.594390 0.556795 0.594390
0 0.504157 0.531248 0.512349 0.531248 0.512349 0.546679 0.504157 0.546679
1 0.277863 0.670649 0.308817 0.670649 0.308817 0.677680 0.277863 0.677680
1 0.439249 0.492898 0.493258 0.492898 0.493258 0.505079 0.439249 0.505079
1 0.606579 0.382857 0.647296 0.382857 0.647296 0.394985 0.606579 0.394985
0 0.515911 0.575919 0.523896 0.575919 0.523896 0.591388 0.515911 0.591388
0 0.776733 0.507054 0.785964 0.507054 0.785964 0.523436 0.776733 0.523436
0 0.138696 0.250300 0.154143 0.250300 0.154143 0.258204 0.138696 0.258204
0 0.290631 0.836068 0.306388 0.836068 0.306388 0.844011 0.290631 0.844011
1 0.476606 0.698929 0.505949 0.698929 0.505949 0.704847 0.476606 0.704847
1 0.476584 0.681958 0.505152 0.681958 0.505152 0.687771 0.476584 0.687771
0 0.224258 0.617089 0.239628 0.617089 0.239628 0.624972 0.224258 0.624972
0 0.667317 0.358287 0.675172 0.358287 0.675172 0.374083 0.667317 0.374083
0 0.245652 0.739269 0.253751 0.739269 0.253751 0.755079 0.245652 0.755079
1 0.476625 0.690515 0.505269 0.690515 0.505269 0.696352 0.476625 0.696352
1 0.476066 0.767270 0.505954 0.767270 0.505954 0.773193 0.476066 0.773193
0 0.093754 0.382077 0.102093 0.382077 0.102093 0.397855 0.093754 0.397855
1 0.476273 0.724608 0.505781 0.724608 0.505781 0.730579 0.476273 0.730579
1 0.476288 0.749999 0.506042 0.749999 0.506042 0.756039 0.476288 0.756039
1 0.476807 0.673559 0.505111 0.673559 0.505111 0.679237 0.476807 0.679237
1 0.476228 0.733198 0.504857 0.733198 0.504857 0.738925 0.476228 0.738925
1 0.475982 0.775731 0.505933 0.775731 0.505933 0.781654 0.475982 0.781654
1 0.476184 0.741548 0.504855 0.741548 0.504855 0.747416 0.476184 0.747416
1 0.476068 0.792903 0.505333 0.792903 0.505333 0.798687 0.476068 0.798687
1 0.476428 0.716030 0.506069 0.716030 0.506069 0.722115 0.476428 0.722115
1 0.278380 0.800280 0.308135 0.800280 0.308135 0.806071 0.278380 0.806071
0 0.667463 0.303875 0.675454 0.303875 0.675454 0.319404 0.667463 0.319404
1 0.368356 0.528833 0.420504 0.528833 0.420504 0.539611 0.368356 0.539611
0 0.058806 0.627804 0.066885 0.627804 0.066885 0.643533 0.058806 0.643533
1 0.476197 0.801472 0.505522 0.801472 0.505522 0.808105 0.476197 0.808105
1 0.476131 0.758653 0.506020 0.758653 0.506020 0.764641 0.476131 0.764641
1 0.277625 0.791704 0.308142 0.791704 0.308142 0.797696 0.277625 0.797696
1 0.476454 0.707398 0.506315 0.707398 0.506315 0.713467 0.476454 0.713467
1 0.475949 0.784530 0.505585 0.784530 0.505585 0.790221 0.475949 0.790221
1 0.279105 0.680750 0.308739 0.680750 0.308739 0.686693 0.279105 0.686693
1 0.277383 0.757677 0.308383 0.757677 0.308383 0.763656 0.277383 0.763656
1 0.438521 0.559441 0.491922 0.559441 0.491922 0.570586 0.438521 0.570586
1 0.278242 0.689356 0.308699 0.689356 0.308699 0.695242 0.278242 0.695242
1 0.277848 0.714795 0.308466 0.714795 0.308466 0.720907 0.277848 0.720907
1 0.427851 0.626571 0.433808 0.626571 0.433808 0.655865 0.427851 0.655865
1 0.279139 0.706270 0.308524 0.706270 0.308524 0.712139 0.279139 0.712139
1 0.279280 0.697861 0.308566 0.697861 0.308566 0.703617 0.279280 0.703617
1 0.367125 0.823484 0.372999 0.823484 0.372999 0.853784 0.367125 0.853784
1 0.419601 0.626924 0.425377 0.626924 0.425377 0.655775 0.419601 0.655775
1 0.518967 0.860194 0.523618 0.860194 0.523618 0.875413 0.518967 0.875413
1 0.277018 0.774603 0.308323 0.774603 0.308323 0.780690 0.277018 0.780690
1 0.277795 0.723522 0.308421 0.723522 0.308421 0.729410 0.277795 0.729410
1 0.277729 0.748871 0.308461 0.748871 0.308461 0.754886 0.277729 0.754886
1 0.453901 0.627051 0.459328 0.627051 0.459328 0.655907 0.453901 0.655907
1 0.278962 0.740544 0.308392 0.740544 0.308392 0.746262 0.278962 0.746262
1 0.278617 0.783036 0.308215 0.783036 0.308215 0.789084 0.278617 0.789084
1 0.277233 0.766099 0.308314 0.766099 0.308314 0.772306 0.277233 0.772306
1 0.358549 0.823432 0.364510 0.823432 0.364510 0.852863 0.358549 0.852863
1 0.436708 0.626272 0.442456 0.626272 0.442456 0.655931 0.436708 0.655931
1 0.324282 0.823360 0.330179 0.823360 0.330179 0.853316 0.324282 0.853316
1 0.338629 0.899820 0.354646 0.899820 0.354646 0.903953 0.338629 0.903953
1 0.385162 0.625599 0.391133 0.625599 0.391133 0.655294 0.385162 0.655294
1 0.384165 0.823429 0.390132 0.823429 0.390132 0.854443 0.384165 0.854443
1 0.489208 0.860056 0.494586 0.860056 0.494586 0.876292 0.489208 0.876292
1 0.617250 0.919028 0.633241 0.919028 0.633241 0.922513 0.617250 0.922513
1 0.258841 0.932528 0.263429 0.932528 0.263429 0.947639 0.258841 0.947639
1 0.409892 0.823514 0.415792 0.823514 0.415792 0.853905 0.409892 0.853905
1 0.463625 0.902977 0.468876 0.902977 0.468876 0.918625 0.463625 0.918625
1 0.375609 0.823247 0.381518 0.823247 0.381518 0.854350 0.375609 0.854350
1 0.418498 0.823546 0.424268 0.823546 0.424268 0.854278 0.418498 0.854278
1 0.640656 0.849413 0.645459 0.849413 0.645459 0.864825 0.640656 0.864825
1 0.376740 0.626067 0.382591 0.626067 0.382591 0.655284 0.376740 0.655284
1 0.334239 0.625985 0.339912 0.625985 0.339912 0.655105 0.334239 0.655105
1 0.342437 0.625773 0.348381 0.625773 0.348381 0.655059 0.342437 0.655059
1 0.325716 0.625789 0.331478 0.625789 0.331478 0.655006 0.325716 0.655006
1 0.349951 0.823370 0.355824 0.823370 0.355824 0.853359 0.349951 0.853359
1 0.444090 0.823799 0.449819 0.823799 0.449819 0.853613 0.444090 0.853613
1 0.435524 0.823673 0.441339 0.823673 0.441339 0.853933 0.435524 0.853933
1 0.452593 0.824085 0.458696 0.824085 0.458696 0.852927 0.452593 0.852927
1 0.402480 0.625798 0.408275 0.625798 0.408275 0.655468 0.402480 0.655468
1 0.359812 0.625893 0.365573 0.625893 0.365573 0.655219 0.359812 0.655219
1 0.411190 0.626283 0.416852 0.626283 0.416852 0.655705 0.411190 0.655705
1 0.692908 0.652978 0.697913 0.652978 0.697913 0.669729 0.692908 0.669729
1 0.277510 0.732250 0.308431 0.732250 0.308431 0.737760 0.277510 0.737760
1 0.351103 0.625784 0.357032 0.625784 0.357032 0.655068 0.351103 0.655068
1 0.426925 0.823675 0.432808 0.823675 0.432808 0.854024 0.426925 0.854024
1 0.390116 0.885173 0.394814 0.885173 0.394814 0.901691 0.390116 0.901691
1 0.368292 0.625973 0.374026 0.625973 0.374026 0.655146 0.368292 0.655146
1 0.392862 0.823484 0.398588 0.823484 0.398588 0.854714 0.392862 0.854714
1 0.401486 0.823411 0.407180 0.823411 0.407180 0.854391 0.401486 0.854391
1 0.434286 0.902429 0.438925 0.902429 0.438925 0.918663 0.434286 0.918663
1 0.645508 0.880042 0.649665 0.880042 0.649665 0.896459 0.645508 0.896459
1 0.567275 0.925409 0.571594 0.925409 0.571594 0.942131 0.567275 0.942131
1 0.445361 0.626287 0.450970 0.626287 0.450970 0.655896 0.445361 0.655896
1 0.722167 0.652741 0.726475 0.652741 0.726475 0.669822 0.722167 0.669822
1 0.315302 0.936268 0.332068 0.936268 0.332068 0.940672 0.315302 0.940672
1 0.341451 0.823319 0.347346 0.823319 0.347346 0.853476 0.341451 0.853476
1 0.634909 0.931846 0.638028 0.931846 0.638028 0.947218 0.634909 0.947218
1 0.332939 0.823280 0.338821 0.823280 0.338821 0.852559 0.332939 0.852559
1 0.531219 0.851994 0.535376 0.851994 0.535376 0.867936 0.531219 0.867936
1 0.611756 0.849391 0.616184 0.849391 0.616184 0.865111 0.611756 0.865111
1 0.675649 0.933845 0.680068 0.933845 0.680068 0.948590 0.675649 0.948590
1 0.516006 0.901956 0.520052 0.901956 0.520052 0.917489 0.516006 0.917489
1 0.393927 0.625523 0.399728 0.625523 0.399728 0.655457 0.393927 0.655457
1 0.482452 0.828772 0.490368 0.828772 0.490368 0.833255 0.482452 0.833255
1 0.617488 0.887453 0.633095 0.887453 0.633095 0.891257 0.617488 0.891257
1 0.560406 0.852407 0.565197 0.852407 0.565197 0.868396 0.560406 0.868396
1 0.676250 0.880442 0.680050 0.880442 0.680050 0.895973 0.676250 0.895973
1 0.110135 0.418546 0.119003 0.418546 0.119003 0.422063 0.110135 0.422063
1 0.179057 0.614814 0.183217 0.614814 0.183217 0.623360 0.179057 0.623360
1 0.800356 0.857419 0.804554 0.857419 0.804554 0.872984 0.800356 0.872984
1 0.338907 0.929866 0.354679 0.929866 0.354679 0.933811 0.338907 0.933811
1 0.360760 0.884821 0.365432 0.884821 0.365432 0.901323 0.360760 0.901323
1 0.530931 0.901605 0.535001 0.901605 0.535001 0.917901 0.530931 0.917901
1 0.315505 0.906552 0.331248 0.906552 0.331248 0.910604 0.315505 0.910604
1 0.461986 0.046690 0.464810 0.046690 0.464810 0.055459 0.461986 0.055459
1 0.042883 0.376686 0.046790 0.376686 0.046790 0.385256 0.042883 0.385256
1 0.135271 0.250078 0.138669 0.250078 0.138669 0.258322 0.135271 0.258322
1 0.293474 0.889576 0.302665 0.889576 0.302665 0.892934 0.293474 0.892934
1 0.198741 0.615132 0.202767 0.615132 0.202767 0.623269 0.198741 0.623269
1 0.300854 0.929196 0.304716 0.929196 0.304716 0.945454 0.300854 0.945454
1 0.645012 0.933244 0.649301 0.933244 0.649301 0.948535 0.645012 0.948535
1 0.537512 0.924671 0.541372 0.924671 0.541372 0.941724 0.537512 0.941724
1 0.769825 0.856589 0.774130 0.856589 0.774130 0.873067 0.769825 0.873067
1 0.703218 0.854270 0.707185 0.854270 0.707185 0.870508 0.703218 0.870508
1 0.324495 0.883580 0.327921 0.883580 0.327921 0.892222 0.324495 0.892222
1 0.174541 0.366400 0.183498 0.366400 0.183498 0.370222 0.174541 0.370222
1 0.362023 0.913471 0.377465 0.913471 0.377465 0.917015 0.362023 0.917015
1 0.118175 0.558322 0.121392 0.558322 0.121392 0.566333 0.118175 0.566333
1 0.293498 0.910264 0.302993 0.910264 0.302993 0.913367 0.293498 0.913367
1 0.230345 0.931713 0.234484 0.931713 0.234484 0.947615 0.230345 0.947615
1 0.504452 0.546723 0.512630 0.546723 0.512630 0.550301 0.504452 0.550301
1 0.245529 0.755124 0.253936 0.755124 0.253936 0.758402 0.245529 0.758402
1 0.239595 0.617053 0.243279 0.617053 0.243279 0.624956 0.239595 0.624956
1 0.242858 0.787310 0.258880 0.787310 0.258880 0.791225 0.242858 0.791225
1 0.621772 0.580377 0.625661 0.580377 0.625661 0.588591 0.621772 0.588591
1 0.174869 0.347142 0.183781 0.347142 0.183781 0.350942 0.174869 0.350942
1 0.137717 0.558463 0.141198 0.558463 0.141198 0.565956 0.137717 0.565956
1 0.504326 0.527554 0.512354 0.527554 0.512354 0.531135 0.504326 0.531135
1 0.501157 0.045007 0.504015 0.045007 0.504015 0.053967 0.501157 0.053967
1 0.153851 0.288953 0.156996 0.288953 0.156996 0.297134 0.153851 0.297134
1 0.733520 0.855017 0.737244 0.855017 0.737244 0.870720 0.733520 0.870720
1 0.667269 0.319472 0.675675 0.319472 0.675675 0.323343 0.667269 0.323343
1 0.604234 0.930848 0.607453 0.930848 0.607453 0.947233 0.604234 0.947233
1 0.174607 0.387557 0.183579 0.387557 0.183579 0.391182 0.174607 0.391182
1 0.213365 0.562492 0.216577 0.562492 0.216577 0.578945 0.213365 0.578945
1 0.667555 0.299859 0.675512 0.299859 0.675512 0.303845 0.667555 0.303845
1 0.313911 0.862921 0.317494 0.862921 0.317494 0.878345 0.313911 0.878345
1 0.199435 0.563262 0.202833 0.563262 0.202833 0.579217 0.199435 0.579217
1 0.041739 0.623885 0.050190 0.623885 0.050190 0.627437 0.041739 0.627437
1 0.344540 0.883542 0.347491 0.883542 0.347491 0.891804 0.344540 0.891804
1 0.441616 0.046473 0.444484 0.046473 0.444484 0.055394 0.441616 0.055394
1 0.667414 0.354652 0.675208 0.354652 0.675208 0.358243 0.667414 0.358243
1 0.361866 0.944579 0.377477 0.944579 0.377477 0.948283 0.361866 0.948283
1 0.093381 0.397819 0.102076 0.397819 0.102076 0.400919 0.093381 0.400919
1 0.110603 0.399263 0.118714 0.399263 0.118714 0.402588 0.110603 0.402588
1 0.667265 0.374208 0.675554 0.374208 0.675554 0.378414 0.667265 0.378414
1 0.023294 0.376473 0.026804 0.376473 0.026804 0.385210 0.023294 0.385210
1 0.747599 0.352497 0.756110 0.352497 0.756110 0.356873 0.747599 0.356873
1 0.244947 0.735761 0.254383 0.735761 0.254383 0.739255 0.244947 0.739255
1 0.026290 0.198040 0.029833 0.198040 0.029833 0.206112 0.026290 0.206112
1 0.270861 0.929218 0.274348 0.929218 0.274348 0.945325 0.270861 0.945325
1 0.482300 0.848490 0.490764 0.848490 0.490764 0.851732 0.482300 0.851732
1 0.168769 0.563085 0.172034 0.563085 0.172034 0.578916 0.168769 0.578916
1 0.516134 0.591513 0.523915 0.591513 0.523915 0.594686 0.516134 0.594686
0 0.181618 0.100478 0.190321 0.100478 0.190321 0.116484 0.181618 0.116484
1 0.124920 0.266879 0.128022 0.266879 0.128022 0.275085 0.124920 0.275085
1 0.058962 0.624403 0.066660 0.624403 0.066660 0.627767 0.058962 0.627767
1 0.257238 0.654288 0.260488 0.654288 0.260488 0.662771 0.257238 0.662771
1 0.093814 0.379174 0.102067 0.379174 0.102067 0.382082 0.093814 0.382082
1 0.641396 0.580447 0.644303 0.580447 0.644303 0.588448 0.641396 0.588448
1 0.041468 0.643294 0.050621 0.643294 0.050621 0.646855 0.041468 0.646855
1 0.486423 0.901198 0.490380 0.901198 0.490380 0.916998 0.486423 0.916998
1 0.776979 0.503614 0.785635 0.503614 0.785635 0.506941 0.776979 0.506941
1 0.107207 0.644872 0.111495 0.644872 0.111495 0.660782 0.107207 0.660782
1 0.283032 0.862171 0.286974 0.862171 0.286974 0.878973 0.283032 0.878973
1 0.480987 0.045246 0.483461 0.045246 0.483461 0.053451 0.480987 0.053451
1 0.075826 0.644253 0.079759 0.644253 0.079759 0.660144 0.075826 0.660144
1 0.143399 0.267070 0.146713 0.267070 0.146713 0.275406 0.143399 0.275406
1 0.244250 0.563012 0.246933 0.563012 0.246933 0.579675 0.244250 0.579675
1 0.134386 0.288694 0.138327 0.288694 0.138327 0.297065 0.134386 0.297065
1 0.747086 0.372859 0.756033 0.372859 0.756033 0.376754 0.747086 0.376754
1 0.220246 0.616854 0.224143 0.616854 0.224143 0.625143 0.220246 0.625143
1 0.026056 0.180441 0.029490 0.180441 0.029490 0.188783 0.026056 0.188783
1 0.045619 0.180711 0.049053 0.180711 0.049053 0.189053 0.045619 0.189053
1 0.046114 0.197787 0.049548 0.197787 0.049548 0.206130 0.046114 0.206130
1 0.154318 0.249859 0.157716 0.249859 0.157716 0.258103 0.154318 0.258103
1 0.174346 0.325709 0.183258 0.325709 0.183258 0.329510 0.174346 0.329510
1 0.013606 0.263349 0.032245 0.263349 0.032245 0.267695 0.013606 0.267695
1 0.014406 0.295139 0.033045 0.295139 0.033045 0.299485 0.014406 0.299485
1 0.181672 0.096353 0.190433 0.096353 0.190433 0.100448 0.181672 0.100448
1 0.180911 0.116731 0.190909 0.116731 0.190909 0.120635 0.180911 0.120635
1 0.235993 0.654489 0.239243 0.654489 0.239243 0.662972 0.235993 0.662972
1 0.243155 0.819477 0.259178 0.819477 0.259178 0.823393 0.243155 0.823393
1 0.287203 0.835344 0.290415 0.835344 0.290415 0.844306 0.287203 0.844306
1 0.306545 0.835718 0.309756 0.835718 0.309756 0.844679 0.306545 0.844679
1 0.561079 0.901605 0.565149 0.901605 0.565149 0.917901 0.561079 0.917901
1 0.515752 0.572516 0.523533 0.572516 0.523533 0.575689 0.515752 0.575689
1 0.776979 0.524004 0.785635 0.524004 0.785635 0.527332 0.776979 0.527332
1 0.058962 0.643808 0.066660 0.643808 0.066660 0.647172 0.058962 0.647172
0 0.740588 0.687781 0.749900 0.687781 0.749900 0.703877 0.740588 0.703877
1 0.740597 0.703582 0.749484 0.703582 0.749484 0.707625 0.740597 0.707625
1 0.740597 0.683590 0.749484 0.683590 0.749484 0.687633 0.740597 0.687633
1 0.004368 0.837344 0.012510 0.837344 0.012510 0.878050 0.004368 0.878050
1 0.018268 0.837344 0.026409 0.837344 0.026409 0.878050 0.018268 0.878050
1 0.031969 0.837344 0.040110 0.837344 0.040110 0.878050 0.031969 0.878050
1 0.045868 0.837344 0.054009 0.837344 0.054009 0.878050 0.045868 0.878050
1 0.059569 0.837146 0.067710 0.837146 0.067710 0.877851 0.059569 0.877851
1 0.073270 0.837146 0.081411 0.837146 0.081411 0.877851 0.073270 0.877851
1 0.074064 0.672338 0.082205 0.672338 0.082205 0.713043 0.074064 0.713043
1 0.060363 0.672338 0.068505 0.672338 0.068505 0.713043 0.060363 0.713043
1 0.046663 0.672536 0.054804 0.672536 0.054804 0.713242 0.046663 0.713242
1 0.032763 0.672536 0.040904 0.672536 0.040904 0.713242 0.032763 0.713242
1 0.019062 0.672536 0.027203 0.672536 0.027203 0.713242 0.019062 0.713242
1 0.005163 0.672536 0.013304 0.672536 0.013304 0.713242 0.005163 0.713242
1 0.012835 0.653930 0.016184 0.653930 0.016184 0.662356 0.012835 0.662356
1 0.013715 0.033783 0.018203 0.033783 0.018203 0.042658 0.013715 0.042658
1 0.008094 0.197849 0.012216 0.197849 0.012216 0.213601 0.008094 0.213601
1 0.009271 0.402178 0.017810 0.402178 0.017810 0.430148 0.009271 0.430148
1 0.023109 0.402178 0.031647 0.402178 0.031647 0.430148 0.023109 0.430148
1 0.036358 0.402178 0.044896 0.402178 0.044896 0.430148 0.036358 0.430148
1 0.050196 0.402178 0.058734 0.402178 0.058734 0.430148 0.050196 0.430148
1 0.063887 0.402325 0.072425 0.402325 0.072425 0.430295 0.063887 0.430295
1 0.077725 0.402325 0.086263 0.402325 0.086263 0.430295 0.077725 0.430295
1 0.082730 0.547181 0.091268 0.547181 0.091268 0.575151 0.082730 0.575151
1 0.068892 0.547181 0.077430 0.547181 0.077430 0.575151 0.068892 0.575151
1 0.055201 0.547034 0.063740 0.547034 0.063740 0.575004 0.055201 0.575004
1 0.041363 0.547034 0.049902 0.547034 0.049902 0.575004 0.041363 0.575004
1 0.028114 0.547034 0.036653 0.547034 0.036653 0.575004 0.028114 0.575004
1 0.014277 0.547034 0.022815 0.547034 0.022815 0.575004 0.014277 0.575004
1 0.098040 0.437950 0.124979 0.437950 0.124979 0.445753 0.098040 0.445753
1 0.098040 0.451199 0.124979 0.451199 0.124979 0.459002 0.098040 0.459002
1 0.098776 0.465185 0.125715 0.465185 0.125715 0.472987 0.098776 0.472987
1 0.098776 0.478434 0.125715 0.478434 0.125715 0.486236 0.098776 0.486236
1 0.097893 0.505226 0.124832 0.505226 0.124832 0.513028 0.097893 0.513028
1 0.098629 0.519211 0.125568 0.519211 0.125568 0.527013 0.098629 0.527013
1 0.098629 0.532460 0.125568 0.532460 0.125568 0.540262 0.098629 0.540262
1 0.097893 0.491977 0.124832 0.491977 0.124832 0.499779 0.097893 0.499779
