0 0.155843 0.855102 0.214015 0.855102 0.214015 0.934819 0.155843 0.934819
0 0.158690 0.147863 0.211768 0.147863 0.211768 0.215201 0.158690 0.215201
0 0.281762 0.553710 0.339934 0.553710 0.339934 0.633905 0.281762 0.633905
0 0.021066 0.881435 0.089532 0.881435 0.089532 0.934101 0.021066 0.934101
0 0.297327 0.116439 0.349612 0.116439 0.349612 0.184041 0.297327 0.184041
0 0.206310 0.481811 0.239838 0.481811 0.239838 0.502790 0.206310 0.502790
0 0.381565 0.113798 0.419855 0.113798 0.419855 0.183248 0.381565 0.183248
0 0.728299 0.953445 0.762086 0.953445 0.762086 0.974204 0.728299 0.974204
0 0.865206 0.824646 0.886770 0.824646 0.886770 0.856610 0.865206 0.856610
0 0.399249 0.812272 0.432946 0.812272 0.432946 0.833644 0.399249 0.833644
0 0.021065 0.656536 0.054755 0.656536 0.054755 0.677852 0.021065 0.677852
0 0.277276 0.693410 0.310363 0.693410 0.310363 0.714918 0.277276 0.714918
0 0.365076 0.663697 0.390374 0.663697 0.390374 0.677977 0.365076 0.677977
0 0.276198 0.756864 0.309635 0.756864 0.309635 0.778099 0.276198 0.778099
0 0.788636 0.944879 0.822010 0.944879 0.822010 0.965673 0.788636 0.965673
0 0.727725 0.711360 0.740229 0.711360 0.740229 0.735869 0.727725 0.735869
0 0.224094 0.560293 0.236086 0.560293 0.236086 0.584540 0.224094 0.584540
0 0.169195 0.666699 0.190085 0.666699 0.190085 0.699927 0.169195 0.699927
0 0.020221 0.690741 0.053774 0.690741 0.053774 0.711872 0.020221 0.711872
0 0.552723 0.608273 0.586006 0.608273 0.586006 0.629270 0.552723 0.629270
0 0.875645 0.248595 0.909294 0.248595 0.909294 0.266827 0.875645 0.266827
0 0.642282 0.775557 0.668328 0.775557 0.668328 0.790153 0.642282 0.790153
0 0.400206 0.779989 0.433451 0.779989 0.433451 0.800942 0.400206 0.800942
0 0.386629 0.524823 0.400726 0.524823 0.400726 0.550463 0.386629 0.550463
0 0.137377 0.803025 0.158013 0.803025 0.158013 0.836242 0.137377 0.836242
0 0.548947 0.972939 0.574451 0.972939 0.574451 0.986282 0.548947 0.986282
0 0.019432 0.167463 0.053044 0.167463 0.053044 0.188672 0.019432 0.188672
0 0.255907 0.895971 0.291190 0.895971 0.291190 0.914308 0.255907 0.914308
0 0.106014 0.646873 0.127077 0.646873 0.127077 0.680358 0.106014 0.680358
0 0.943816 0.250312 0.977611 0.250312 0.977611 0.268554 0.943816 0.268554
0 0.139019 0.666046 0.159328 0.666046 0.159328 0.699417 0.139019 0.699417
0 0.021110 0.600308 0.069139 0.600308 0.069139 0.620629 0.021110 0.620629
0 0.818763 0.238589 0.832494 0.238589 0.832494 0.264127 0.818763 0.264127
0 0.654471 0.841726 0.679724 0.841726 0.679724 0.854600 0.654471 0.854600
0 0.723255 0.187707 0.748376 0.187707 0.748376 0.200899 0.723255 0.200899
0 0.150954 0.607120 0.169567 0.607120 0.169567 0.641272 0.150954 0.641272
0 0.065934 0.535706 0.079689 0.535706 0.079689 0.561017 0.065934 0.561017
0 0.131163 0.579918 0.156486 0.579918 0.156486 0.593011 0.131163 0.593011
0 0.169924 0.803080 0.190669 0.803080 0.190669 0.836495 0.169924 0.836495
0 0.694361 0.502053 0.720169 0.502053 0.720169 0.516426 0.694361 0.516426
0 0.086137 0.802370 0.107772 0.802370 0.107772 0.835715 0.086137 0.835715
0 0.537551 0.578457 0.562927 0.578457 0.562927 0.591920 0.537551 0.591920
0 0.333304 0.504343 0.347787 0.504343 0.347787 0.530022 0.333304 0.530022
0 0.781948 0.547319 0.795858 0.547319 0.795858 0.573143 0.781948 0.573143
0 0.621127 0.833928 0.642650 0.833928 0.642650 0.867383 0.621127 0.867383
0 0.633951 0.557820 0.646915 0.557820 0.646915 0.583131 0.633951 0.583131
0 0.747152 0.239263 0.760945 0.239263 0.760945 0.264890 0.747152 0.264890
0 0.664912 0.073045 0.690565 0.073045 0.690565 0.087048 0.664912 0.087048
0 0.694676 0.844586 0.720173 0.844586 0.720173 0.858048 0.694676 0.858048
0 0.749978 0.872502 0.775530 0.872502 0.775530 0.885860 0.749978 0.885860
0 0.294132 0.652339 0.319503 0.652339 0.319503 0.664436 0.294132 0.664436
0 0.031516 0.096746 0.051292 0.096746 0.051292 0.144460 0.031516 0.144460
0 0.601219 0.933193 0.614272 0.933193 0.614272 0.958639 0.601219 0.958639
0 0.584628 0.699368 0.597719 0.699368 0.597719 0.724895 0.584628 0.724895
0 0.653390 0.804288 0.667547 0.804288 0.667547 0.830110 0.653390 0.830110
0 0.658335 0.594853 0.683906 0.594853 0.683906 0.608337 0.658335 0.608337
0 0.650032 0.290189 0.663359 0.290189 0.663359 0.315474 0.650032 0.315474
0 0.507541 0.971505 0.533184 0.971505 0.533184 0.984535 0.507541 0.984535
0 0.640285 0.453799 0.655108 0.453799 0.655108 0.479334 0.640285 0.479334
0 0.694606 0.479809 0.720033 0.479809 0.720033 0.493038 0.694606 0.493038
1 0.045322 0.823346 0.060453 0.823346 0.060453 0.837219 0.045322 0.837219
0 0.024865 0.807614 0.045098 0.807614 0.045098 0.854143 0.024865 0.854143
0 0.689572 0.227453 0.702970 0.227453 0.702970 0.252736 0.689572 0.252736
0 0.775055 0.286141 0.787381 0.286141 0.787381 0.311516 0.775055 0.311516
0 0.614503 0.727447 0.640289 0.727447 0.640289 0.741251 0.614503 0.741251
0 0.625658 0.364912 0.638639 0.364912 0.638639 0.390624 0.625658 0.390624
0 0.706078 0.874233 0.731422 0.874233 0.731422 0.887472 0.706078 0.887472
0 0.250780 0.730366 0.275027 0.730366 0.275027 0.742719 0.250780 0.742719
1 0.104895 0.680543 0.127876 0.680543 0.127876 0.689605 0.104895 0.689605
0 0.100379 0.700902 0.125894 0.700902 0.125894 0.714975 0.100379 0.714975
0 0.699243 0.639423 0.712621 0.639423 0.712621 0.664934 0.699243 0.664934
0 0.578622 0.807760 0.604071 0.807760 0.604071 0.820937 0.578622 0.820937
1 0.089771 0.885744 0.110975 0.885744 0.110975 0.929239 0.089771 0.929239
1 0.619911 0.867487 0.642991 0.867487 0.642991 0.876871 0.619911 0.876871
0 0.640413 0.339495 0.666056 0.339495 0.666056 0.352447 0.640413 0.352447
0 0.730892 0.355075 0.745275 0.355075 0.745275 0.381162 0.730892 0.381162
0 0.643763 0.517928 0.669170 0.517928 0.669170 0.531405 0.643763 0.531405
0 0.574958 0.779769 0.600223 0.779769 0.600223 0.793048 0.574958 0.793048
1 0.105031 0.638555 0.128436 0.638555 0.128436 0.646593 0.105031 0.646593
1 0.214494 0.900107 0.243314 0.900107 0.243314 0.911757 0.214494 0.911757
1 0.163179 0.215201 0.206942 0.215201 0.206942 0.238396 0.163179 0.238396
0 0.662314 0.404789 0.675443 0.404789 0.675443 0.430989 0.662314 0.430989
0 0.554345 0.658389 0.567165 0.658389 0.567165 0.683493 0.554345 0.683493
0 0.340375 0.776102 0.365805 0.776102 0.365805 0.790184 0.340375 0.790184
0 0.647853 0.495405 0.673479 0.495405 0.673479 0.508767 0.647853 0.508767
0 0.680246 0.323185 0.693582 0.323185 0.693582 0.348530 0.680246 0.348530
0 0.681852 0.268083 0.694964 0.268083 0.694964 0.293404 0.681852 0.293404
0 0.665677 0.872016 0.691267 0.872016 0.691267 0.886012 0.665677 0.886012
1 0.214972 0.857735 0.243451 0.857735 0.243451 0.868375 0.214972 0.868375
1 0.345891 0.598787 0.375165 0.598787 0.375165 0.611165 0.345891 0.611165
0 0.909782 0.853276 0.925493 0.853276 0.925493 0.861278 0.909782 0.861278
0 0.210445 0.819207 0.236070 0.819207 0.236070 0.831381 0.210445 0.831381
0 0.797071 0.286446 0.811516 0.286446 0.811516 0.312290 0.797071 0.312290
0 0.733119 0.281619 0.747471 0.281619 0.747471 0.307657 0.733119 0.307657
1 0.213775 0.922131 0.243053 0.922131 0.243053 0.933513 0.213775 0.933513
0 0.746602 0.471740 0.760785 0.471740 0.760785 0.497150 0.746602 0.497150
0 0.758277 0.607465 0.774462 0.607465 0.774462 0.615574 0.758277 0.615574
0 0.780787 0.361961 0.794525 0.361961 0.794525 0.387855 0.780787 0.387855
0 0.704056 0.365744 0.717736 0.365744 0.717736 0.391263 0.704056 0.391263
0 0.732893 0.634740 0.748423 0.634740 0.748423 0.642837 0.732893 0.642837
1 0.120435 0.877587 0.149229 0.877587 0.149229 0.889417 0.120435 0.889417
0 0.819813 0.286676 0.833462 0.286676 0.833462 0.312061 0.819813 0.312061
1 0.118958 0.899257 0.149132 0.899257 0.149132 0.911032 0.118958 0.911032
1 0.214733 0.879520 0.243396 0.879520 0.243396 0.890302 0.214733 0.890302
0 0.959504 0.847816 0.967455 0.847816 0.967455 0.863670 0.959504 0.863670
1 0.051524 0.112971 0.067857 0.112971 0.067857 0.129085 0.051524 0.129085
1 0.863775 0.856826 0.888395 0.856826 0.888395 0.867192 0.863775 0.867192
1 0.569049 0.396150 0.593114 0.396150 0.593114 0.404454 0.569049 0.404454
1 0.301816 0.184041 0.345387 0.184041 0.345387 0.207279 0.301816 0.207279
1 0.120122 0.921025 0.149327 0.921025 0.149327 0.932700 0.120122 0.932700
0 0.599993 0.339507 0.612785 0.339507 0.612785 0.365034 0.599993 0.365034
0 0.682335 0.365712 0.694921 0.365712 0.694921 0.391214 0.682335 0.391214
0 0.853349 0.097816 0.860882 0.097816 0.860882 0.113647 0.853349 0.113647
1 0.137170 0.657394 0.160737 0.657394 0.160737 0.665843 0.137170 0.665843
1 0.303770 0.097204 0.345915 0.097204 0.345915 0.116175 0.303770 0.116175
1 0.250920 0.598993 0.279785 0.598993 0.279785 0.610347 0.250920 0.610347
0 0.706456 0.272009 0.719921 0.272009 0.719921 0.297714 0.706456 0.297714
1 0.134489 0.836237 0.161140 0.836237 0.161140 0.846006 0.134489 0.846006
1 0.542327 0.606094 0.552606 0.606094 0.552606 0.631063 0.542327 0.631063
1 0.168060 0.657808 0.191485 0.657808 0.191485 0.666279 0.168060 0.666279
1 0.345535 0.620414 0.374498 0.620414 0.374498 0.632825 0.345535 0.632825
0 0.383348 0.631965 0.392373 0.631965 0.392373 0.648054 0.383348 0.648054
0 0.959662 0.806922 0.967187 0.806922 0.967187 0.822591 0.959662 0.822591
1 0.167108 0.836390 0.192243 0.836390 0.192243 0.846213 0.167108 0.846213
1 0.310581 0.692815 0.319305 0.692815 0.319305 0.716413 0.310581 0.716413
0 0.848601 0.346561 0.856499 0.346561 0.856499 0.362367 0.848601 0.362367
0 0.617126 0.467522 0.630127 0.467522 0.630127 0.493269 0.617126 0.493269
1 0.119227 0.855506 0.149493 0.855506 0.149493 0.867962 0.119227 0.867962
1 0.250421 0.576650 0.279586 0.576650 0.279586 0.588591 0.250421 0.588591
1 0.346088 0.577099 0.374354 0.577099 0.374354 0.589210 0.346088 0.589210
1 0.137330 0.607664 0.150622 0.607664 0.150622 0.617843 0.137330 0.617843
0 0.822096 0.070180 0.831269 0.070180 0.831269 0.086892 0.822096 0.086892
1 0.240124 0.481031 0.248662 0.481031 0.248662 0.504298 0.240124 0.504298
1 0.346204 0.555891 0.374775 0.555891 0.374775 0.567602 0.346204 0.567602
0 0.931631 0.322461 0.947644 0.322461 0.947644 0.331035 0.931631 0.331035
0 0.767264 0.441035 0.775463 0.441035 0.775463 0.457081 0.767264 0.457081
0 0.293130 0.841136 0.309914 0.841136 0.309914 0.850489 0.293130 0.850489
0 0.244440 0.959949 0.253848 0.959949 0.253848 0.977120 0.244440 0.977120
0 0.982612 0.847386 0.990632 0.847386 0.990632 0.863512 0.982612 0.863512
1 0.083240 0.835741 0.109937 0.835741 0.109937 0.845732 0.083240 0.845732
1 0.250927 0.620248 0.279902 0.620248 0.279902 0.631908 0.250927 0.631908
1 0.014691 0.131087 0.031341 0.131087 0.031341 0.143961 0.014691 0.143961
0 0.845586 0.822608 0.854757 0.822608 0.854757 0.839377 0.845586 0.839377
1 0.564676 0.353454 0.587801 0.353454 0.587801 0.362484 0.564676 0.362484
1 0.822324 0.943226 0.831198 0.943226 0.831198 0.967952 0.822324 0.967952
1 0.586329 0.606657 0.595292 0.606657 0.595292 0.630031 0.586329 0.630031
0 0.876022 0.320457 0.884323 0.320457 0.884323 0.336265 0.876022 0.336265
1 0.167184 0.792619 0.193762 0.792619 0.193762 0.803062 0.167184 0.803062
1 0.134913 0.792560 0.161209 0.792560 0.161209 0.803027 0.134913 0.803027
0 0.812766 0.780028 0.828412 0.780028 0.828412 0.787726 0.812766 0.787726
1 0.169529 0.619304 0.183184 0.619304 0.183184 0.629407 0.169529 0.629407
0 0.655355 0.365697 0.667932 0.365697 0.667932 0.390850 0.655355 0.390850
1 0.167682 0.700299 0.191395 0.700299 0.191395 0.708710 0.167682 0.708710
0 0.705123 0.542760 0.720831 0.542760 0.720831 0.550607 0.705123 0.550607
1 0.309997 0.756038 0.318709 0.756038 0.318709 0.779664 0.309997 0.779664
1 0.250342 0.554367 0.279816 0.554367 0.279816 0.566822 0.250342 0.566822
1 0.016238 0.098395 0.031330 0.098395 0.031330 0.111125 0.016238 0.111125
1 0.136881 0.630041 0.150810 0.630041 0.150810 0.640214 0.136881 0.640214
0 0.937249 0.807005 0.944907 0.807005 0.944907 0.822551 0.937249 0.822551
1 0.055146 0.621175 0.067635 0.621175 0.067635 0.635647 0.055146 0.635647
0 0.704673 0.605231 0.721369 0.605231 0.721369 0.614559 0.704673 0.614559
1 0.009779 0.807933 0.024467 0.807933 0.024467 0.821078 0.009779 0.821078
0 0.810517 0.357296 0.818752 0.357296 0.818752 0.373038 0.810517 0.373038
1 0.280059 0.882796 0.290010 0.882796 0.290010 0.895975 0.280059 0.895975
0 0.892052 0.298306 0.907861 0.298306 0.907861 0.306369 0.892052 0.306369
0 0.781316 0.647773 0.789322 0.647773 0.789322 0.663611 0.781316 0.663611
1 0.165138 0.128024 0.206223 0.128024 0.206223 0.147863 0.165138 0.147863
0 0.765138 0.624232 0.781199 0.624232 0.781199 0.632172 0.765138 0.632172
0 0.936657 0.847571 0.944800 0.847571 0.944800 0.863550 0.936657 0.863550
1 0.762173 0.952660 0.770766 0.952660 0.770766 0.975868 0.762173 0.975868
1 0.888867 0.234559 0.896119 0.234559 0.896119 0.248317 0.888867 0.248317
1 0.387016 0.095652 0.414838 0.095652 0.414838 0.113798 0.387016 0.113798
1 0.258020 0.881803 0.267838 0.881803 0.267838 0.895903 0.258020 0.895903
0 0.812926 0.761053 0.829050 0.761053 0.829050 0.768723 0.812926 0.768723
0 0.396707 0.036797 0.413540 0.036797 0.413540 0.046113 0.396707 0.046113
0 0.293941 0.858336 0.310877 0.858336 0.310877 0.867455 0.293941 0.867455
1 0.719897 0.951951 0.728063 0.951951 0.728063 0.975691 0.719897 0.975691
1 0.053727 0.689307 0.062921 0.689307 0.062921 0.713362 0.053727 0.713362
1 0.137377 0.699674 0.160536 0.699674 0.160536 0.708405 0.137377 0.708405
0 0.868200 0.142088 0.877304 0.142088 0.877304 0.158674 0.868200 0.158674
1 0.620156 0.825231 0.644439 0.825231 0.644439 0.833640 0.620156 0.833640
1 0.386054 0.183777 0.414782 0.183777 0.414782 0.199866 0.386054 0.199866
1 0.053149 0.165002 0.062890 0.165002 0.062890 0.191741 0.053149 0.191741
1 0.022612 0.621007 0.035025 0.621007 0.035025 0.635567 0.022612 0.635567
1 0.009733 0.840152 0.024531 0.840152 0.024531 0.853291 0.009733 0.853291
0 0.771151 0.757743 0.787016 0.757743 0.787016 0.765439 0.771151 0.765439
0 0.772848 0.691009 0.788960 0.691009 0.788960 0.698924 0.772848 0.698924
1 0.083591 0.792331 0.110000 0.792331 0.110000 0.802330 0.083591 0.802330
0 0.750768 0.437551 0.759606 0.437551 0.759606 0.453919 0.750768 0.453919
0 0.772413 0.730780 0.787685 0.730780 0.787685 0.738936 0.772413 0.738936
1 0.012515 0.655044 0.020742 0.655044 0.020742 0.678625 0.012515 0.678625
1 0.268386 0.914205 0.278563 0.914205 0.278563 0.929115 0.268386 0.929115
0 0.812441 0.804017 0.828336 0.804017 0.828336 0.811627 0.812441 0.811627
1 0.390781 0.778583 0.400038 0.778583 0.400038 0.802405 0.390781 0.802405
0 0.926201 0.238463 0.933798 0.238463 0.933798 0.253577 0.926201 0.253577
1 0.054869 0.655288 0.063379 0.655288 0.063379 0.678708 0.054869 0.678708
0 0.731449 0.683715 0.747527 0.683715 0.747527 0.691801 0.731449 0.691801
1 0.864086 0.815283 0.888572 0.815283 0.888572 0.824479 0.864086 0.824479
0 0.688709 0.409420 0.698871 0.409420 0.698871 0.426119 0.688709 0.426119
0 0.778398 0.402285 0.794373 0.402285 0.794373 0.410562 0.778398 0.410562
1 0.967810 0.268896 0.974770 0.268896 0.974770 0.283296 0.967810 0.283296
0 0.925481 0.270046 0.934150 0.270046 0.934150 0.286385 0.925481 0.286385
0 0.770889 0.780437 0.786752 0.780437 0.786752 0.788445 0.770889 0.788445
0 0.859140 0.320726 0.868528 0.320726 0.868528 0.337206 0.859140 0.337206
0 0.781941 0.674275 0.798951 0.674275 0.798951 0.683552 0.781941 0.683552
1 0.956794 0.269049 0.963828 0.269049 0.963828 0.282783 0.956794 0.282783
1 0.877411 0.267277 0.885127 0.267277 0.885127 0.282934 0.877411 0.282934
0 0.851704 0.142705 0.859503 0.142705 0.859503 0.158120 0.851704 0.158120
1 0.012240 0.689465 0.019938 0.689465 0.019938 0.712483 0.012240 0.712483
1 0.779751 0.943884 0.788464 0.943884 0.788464 0.967318 0.779751 0.967318
1 0.268070 0.755558 0.275761 0.755558 0.275761 0.779432 0.268070 0.779432
1 0.197930 0.480478 0.205705 0.480478 0.205705 0.503928 0.197930 0.503928
0 0.828112 0.356840 0.835512 0.356840 0.835512 0.372727 0.828112 0.372727
1 0.010444 0.166527 0.019453 0.166527 0.019453 0.189839 0.010444 0.189839
0 0.778351 0.422782 0.794194 0.422782 0.794194 0.430614 0.778351 0.430614
0 0.770690 0.804586 0.786598 0.804586 0.786598 0.812188 0.770690 0.812188
0 0.668229 0.039769 0.683241 0.039769 0.683241 0.047312 0.668229 0.047312
1 0.946103 0.236162 0.953373 0.236162 0.953373 0.250539 0.946103 0.250539
0 0.704618 0.525125 0.721183 0.525125 0.721183 0.534170 0.704618 0.534170
1 0.900057 0.234833 0.907040 0.234833 0.907040 0.248482 0.900057 0.248482
0 0.902992 0.817174 0.918688 0.817174 0.918688 0.824821 0.902992 0.824821
1 0.433478 0.777176 0.443008 0.777176 0.443008 0.803943 0.433478 0.803943
0 0.214025 0.970667 0.230593 0.970667 0.230593 0.979722 0.214025 0.979722
0 0.396997 0.052465 0.413787 0.052465 0.413787 0.061747 0.396997 0.061747
1 0.268455 0.692433 0.277075 0.692433 0.277075 0.716209 0.268455 0.716209
1 0.877679 0.234222 0.885102 0.234222 0.885102 0.248517 0.877679 0.248517
1 0.899604 0.266797 0.907152 0.266797 0.907152 0.281821 0.899604 0.281821
0 0.983305 0.806751 0.990889 0.806751 0.990889 0.822491 0.983305 0.822491
0 0.262089 0.839781 0.278631 0.839781 0.278631 0.848210 0.262089 0.848210
1 0.433183 0.811418 0.441170 0.811418 0.441170 0.835031 0.433183 0.835031
0 0.756580 0.395524 0.764794 0.395524 0.764794 0.411260 0.756580 0.411260
1 0.946658 0.268670 0.953045 0.268670 0.953045 0.282286 0.946658 0.282286
1 0.968662 0.235764 0.975497 0.235764 0.975497 0.249881 0.968662 0.249881
0 0.867308 0.353789 0.883645 0.353789 0.883645 0.362616 0.867308 0.362616
1 0.393398 0.037439 0.396582 0.037439 0.396582 0.045346 0.393398 0.045346
1 0.413615 0.037095 0.417122 0.037095 0.417122 0.045484 0.413615 0.045484
1 0.413890 0.052636 0.417397 0.052636 0.417397 0.061025 0.413890 0.061025
1 0.393432 0.053014 0.396939 0.053014 0.396939 0.061403 0.393432 0.061403
1 0.125986 0.700677 0.129687 0.700677 0.129687 0.715600 0.125986 0.715600
1 0.096566 0.700857 0.100352 0.700857 0.100352 0.715106 0.096566 0.715106
1 0.319432 0.652241 0.323451 0.652241 0.323451 0.664541 0.319432 0.664541
1 0.290052 0.651970 0.294076 0.651970 0.294076 0.665503 0.290052 0.665503
1 0.360937 0.662654 0.365012 0.662654 0.365012 0.678220 0.360937 0.678220
1 0.390419 0.662976 0.394251 0.662976 0.394251 0.678137 0.390419 0.678137
1 0.383466 0.648154 0.392277 0.648154 0.392277 0.651689 0.383466 0.651689
1 0.383189 0.628409 0.392000 0.628409 0.392000 0.631943 0.383189 0.631943
1 0.278512 0.839649 0.282075 0.839649 0.282075 0.848193 0.278512 0.848193
1 0.258530 0.839695 0.262092 0.839695 0.262092 0.848239 0.258530 0.848239
1 0.289569 0.841688 0.293131 0.841688 0.293131 0.850232 0.289569 0.850232
1 0.309907 0.841547 0.313288 0.841547 0.313288 0.849769 0.309907 0.849769
1 0.310955 0.858727 0.314023 0.858727 0.314023 0.867081 0.310955 0.867081
1 0.290426 0.858875 0.293952 0.858875 0.293952 0.867067 0.290426 0.867067
1 0.245088 0.957003 0.253663 0.957003 0.253663 0.959913 0.245088 0.959913
1 0.244935 0.977111 0.253535 0.977111 0.253535 0.980379 0.244935 0.980379
1 0.230565 0.971066 0.233863 0.971066 0.233863 0.979278 0.230565 0.979278
1 0.210713 0.971117 0.214011 0.971117 0.214011 0.979329 0.210713 0.979329
1 0.236204 0.819282 0.240087 0.819282 0.240087 0.831301 0.236204 0.831301
1 0.206594 0.818949 0.210476 0.818949 0.210476 0.830968 0.206594 0.830968
1 0.390768 0.810973 0.399160 0.810973 0.399160 0.834786 0.390768 0.834786
1 0.337062 0.775177 0.340369 0.775177 0.340369 0.790881 0.337062 0.790881
1 0.365830 0.775512 0.369185 0.775512 0.369185 0.790318 0.365830 0.790318
1 0.274983 0.730294 0.279371 0.730294 0.279371 0.743002 0.274983 0.743002
1 0.246434 0.729888 0.250822 0.729888 0.250822 0.742596 0.246434 0.742596
1 0.386268 0.550428 0.401221 0.550428 0.401221 0.554225 0.386268 0.554225
1 0.386217 0.520965 0.401169 0.520965 0.401169 0.524762 0.386217 0.524762
1 0.333133 0.529955 0.348086 0.529955 0.348086 0.533752 0.333133 0.533752
1 0.333133 0.500565 0.348086 0.500565 0.348086 0.504362 0.333133 0.504362
1 0.156458 0.578442 0.159964 0.578442 0.159964 0.594290 0.156458 0.594290
1 0.127568 0.579806 0.131143 0.579806 0.131143 0.592550 0.127568 0.592550
1 0.065074 0.560977 0.079662 0.560977 0.079662 0.565241 0.065074 0.565241
1 0.065971 0.531443 0.079739 0.531443 0.079739 0.535681 0.065971 0.535681
1 0.683318 0.039709 0.688163 0.039709 0.688163 0.047280 0.683318 0.047280
1 0.664377 0.039608 0.668102 0.039608 0.668102 0.047346 0.664377 0.047346
1 0.690682 0.072436 0.694599 0.072436 0.694599 0.087402 0.690682 0.087402
1 0.660883 0.073623 0.665009 0.073623 0.665009 0.088039 0.660883 0.088039
1 0.688587 0.223781 0.704305 0.223781 0.704305 0.227356 0.688587 0.227356
1 0.688364 0.252806 0.703904 0.252806 0.703904 0.256419 0.688364 0.256419
1 0.681239 0.264464 0.696779 0.264464 0.696779 0.268077 0.681239 0.268077
1 0.680675 0.293383 0.696098 0.293383 0.696098 0.297521 0.680675 0.297521
1 0.705437 0.297648 0.720931 0.297648 0.720931 0.301801 0.705437 0.301801
1 0.705086 0.267797 0.720581 0.267797 0.720581 0.271950 0.705086 0.271950
1 0.745871 0.264950 0.761382 0.264950 0.761382 0.269229 0.745871 0.269229
1 0.746002 0.235842 0.761226 0.235842 0.761226 0.239298 0.746002 0.239298
1 0.748397 0.187499 0.753062 0.187499 0.753062 0.201178 0.748397 0.201178
1 0.718470 0.187293 0.723134 0.187293 0.723134 0.200972 0.718470 0.200972
1 0.868363 0.158613 0.877170 0.158613 0.877170 0.162144 0.868363 0.162144
1 0.851721 0.139144 0.859503 0.139144 0.859503 0.142700 0.851721 0.142700
1 0.867856 0.137960 0.876664 0.137960 0.876664 0.141491 0.867856 0.141491
1 0.851798 0.158124 0.859273 0.158124 0.859273 0.162065 0.851798 0.162065
1 0.853239 0.113867 0.860740 0.113867 0.860740 0.117800 0.853239 0.117800
1 0.852960 0.094403 0.860752 0.094403 0.860752 0.097859 0.852960 0.097859
1 0.822186 0.086866 0.831196 0.086866 0.831196 0.090469 0.822186 0.090469
1 0.822181 0.067071 0.831004 0.067071 0.831004 0.070147 0.822181 0.070147
1 0.818051 0.264205 0.833226 0.264205 0.833226 0.267827 0.818051 0.267827
1 0.818482 0.234341 0.832445 0.234341 0.832445 0.238558 0.818482 0.238558
1 0.819508 0.282843 0.833528 0.282843 0.833528 0.286676 0.819508 0.286676
1 0.818341 0.312073 0.833888 0.312073 0.833888 0.315435 0.818341 0.315435
1 0.796963 0.312412 0.811614 0.312412 0.811614 0.315664 0.796963 0.315664
1 0.797534 0.283246 0.811419 0.283246 0.811419 0.286486 0.797534 0.286486
1 0.774778 0.282260 0.787510 0.282260 0.787510 0.286128 0.774778 0.286128
1 0.774331 0.311475 0.788158 0.311475 0.788158 0.315273 0.774331 0.315273
1 0.732552 0.307640 0.747893 0.307640 0.747893 0.311521 0.732552 0.311521
1 0.732961 0.277758 0.747680 0.277758 0.747680 0.281584 0.732961 0.281584
1 0.925855 0.234857 0.934196 0.234857 0.934196 0.238401 0.925855 0.238401
1 0.926294 0.253642 0.933850 0.253642 0.933850 0.258391 0.926294 0.258391
1 0.925802 0.266049 0.933807 0.266049 0.933807 0.270030 0.925802 0.270030
1 0.907793 0.298427 0.911749 0.298427 0.911749 0.306337 0.907793 0.306337
1 0.924869 0.285942 0.933776 0.285942 0.933776 0.289285 0.924869 0.289285
1 0.888062 0.298323 0.892017 0.298323 0.892017 0.306233 0.888062 0.306233
1 0.927644 0.322703 0.931600 0.322703 0.931600 0.330613 0.927644 0.330613
1 0.947521 0.322797 0.951477 0.322797 0.951477 0.330707 0.947521 0.330707
1 0.875713 0.336187 0.884077 0.336187 0.884077 0.339621 0.875713 0.339621
1 0.875773 0.317016 0.884138 0.317016 0.884138 0.320450 0.875773 0.320450
1 0.859243 0.337258 0.867930 0.337258 0.867930 0.340394 0.859243 0.340394
1 0.859657 0.316726 0.867777 0.316726 0.867777 0.320671 0.859657 0.320671
1 0.883637 0.354074 0.887474 0.354074 0.887474 0.362577 0.883637 0.362577
1 0.863427 0.353921 0.867264 0.353921 0.867264 0.362423 0.863427 0.362423
1 0.848064 0.362495 0.856687 0.362495 0.856687 0.366685 0.848064 0.366685
1 0.848468 0.343378 0.856602 0.343378 0.856602 0.346475 0.848468 0.346475
1 0.827569 0.372740 0.836026 0.372740 0.836026 0.377030 0.827569 0.377030
1 0.828056 0.353456 0.835746 0.353456 0.835746 0.356812 0.828056 0.356812
1 0.810590 0.373201 0.819383 0.373201 0.819383 0.377144 0.810590 0.377144
1 0.810592 0.353403 0.819110 0.353403 0.819110 0.357296 0.810592 0.357296
1 0.679512 0.318935 0.694634 0.318935 0.694634 0.323140 0.679512 0.323140
1 0.679532 0.348564 0.693675 0.348564 0.693675 0.352376 0.679532 0.352376
1 0.681629 0.361791 0.695772 0.361791 0.695772 0.365603 0.681629 0.365603
1 0.654606 0.362011 0.669147 0.362011 0.669147 0.365636 0.654606 0.365636
1 0.702938 0.361266 0.718118 0.361266 0.718118 0.365583 0.702938 0.365583
1 0.730498 0.381256 0.745647 0.381256 0.745647 0.385112 0.730498 0.385112
1 0.730193 0.350929 0.746129 0.350929 0.746129 0.355160 0.730193 0.355160
1 0.780551 0.357418 0.795382 0.357418 0.795382 0.361941 0.780551 0.361941
1 0.835336 0.413839 0.839541 0.413839 0.839541 0.422767 0.835336 0.422767
1 0.815402 0.413910 0.819607 0.413910 0.819607 0.422838 0.815402 0.422838
0 0.819656 0.413912 0.835261 0.413912 0.835261 0.422442 0.819656 0.422442
1 0.794439 0.402419 0.797780 0.402419 0.797780 0.410309 0.794439 0.410309
1 0.775063 0.402301 0.778403 0.402301 0.778403 0.410191 0.775063 0.410191
1 0.774499 0.422990 0.778313 0.422990 0.778313 0.430659 0.774499 0.430659
1 0.794176 0.422762 0.797990 0.422762 0.797990 0.430431 0.794176 0.430431
1 0.767418 0.437342 0.775154 0.437342 0.775154 0.440877 0.767418 0.440877
1 0.767238 0.457029 0.775558 0.457029 0.775558 0.461002 0.767238 0.461002
1 0.751719 0.434003 0.758760 0.434003 0.758760 0.437474 0.751719 0.437474
1 0.750999 0.453879 0.758940 0.453879 0.758940 0.457275 0.750999 0.457275
1 0.756632 0.411329 0.764793 0.411329 0.764793 0.414855 0.756632 0.414855
1 0.756711 0.393574 0.764769 0.393574 0.764769 0.395506 0.756711 0.395506
1 0.625194 0.361267 0.639427 0.361267 0.639427 0.364766 0.625194 0.364766
1 0.636963 0.338255 0.640333 0.338255 0.640333 0.353172 0.636963 0.353172
1 0.666056 0.337883 0.670186 0.337883 0.670186 0.352556 0.666056 0.352556
1 0.598644 0.365008 0.613670 0.365008 0.613670 0.368805 0.598644 0.368805
1 0.599352 0.335662 0.614377 0.335662 0.614377 0.339459 0.599352 0.339459
1 0.648498 0.315663 0.663783 0.315663 0.663783 0.319619 0.648498 0.319619
1 0.648704 0.286184 0.664381 0.286184 0.664381 0.290135 0.648704 0.290135
1 0.688551 0.405703 0.698899 0.405703 0.698899 0.409452 0.688551 0.409452
1 0.688676 0.426204 0.699024 0.426204 0.699024 0.429953 0.688676 0.429953
1 0.662278 0.431065 0.675706 0.431065 0.675706 0.434926 0.662278 0.434926
1 0.662115 0.401536 0.675678 0.401536 0.675678 0.404759 0.662115 0.404759
1 0.720039 0.479100 0.724068 0.479100 0.724068 0.493355 0.720039 0.493355
1 0.690850 0.478540 0.694494 0.478540 0.694494 0.493441 0.690850 0.493441
1 0.720333 0.502088 0.723728 0.502088 0.723728 0.516363 0.720333 0.516363
1 0.690879 0.501597 0.694316 0.501597 0.694316 0.516629 0.690879 0.516629
1 0.721244 0.525514 0.724590 0.525514 0.724590 0.534247 0.721244 0.534247
1 0.700794 0.525307 0.704585 0.525307 0.704585 0.534119 0.700794 0.534119
1 0.720920 0.543119 0.724206 0.543119 0.724206 0.550845 0.720920 0.550845
1 0.701050 0.542853 0.705020 0.542853 0.705020 0.550538 0.701050 0.550538
1 0.745631 0.497092 0.761192 0.497092 0.761192 0.500809 0.745631 0.500809
1 0.746826 0.468486 0.760955 0.468486 0.760955 0.471705 0.746826 0.471705
1 0.639186 0.479316 0.655342 0.479316 0.655342 0.483525 0.639186 0.483525
1 0.640118 0.449465 0.655342 0.449465 0.655342 0.453692 0.640118 0.453692
1 0.615518 0.493264 0.630790 0.493264 0.630790 0.497401 0.615518 0.497401
1 0.615559 0.462932 0.630519 0.462932 0.630519 0.467522 0.615559 0.467522
1 0.673495 0.494197 0.677152 0.494197 0.677152 0.510129 0.673495 0.510129
1 0.643708 0.494586 0.647833 0.494586 0.647833 0.510243 0.643708 0.510243
1 0.639638 0.516485 0.643634 0.516485 0.643634 0.531600 0.639638 0.531600
1 0.669329 0.516717 0.672840 0.516717 0.672840 0.531799 0.669329 0.531799
1 0.633287 0.554333 0.647049 0.554333 0.647049 0.557749 0.633287 0.557749
1 0.633171 0.583171 0.647182 0.583171 0.647182 0.587039 0.633171 0.587039
1 0.654051 0.594983 0.658250 0.594983 0.658250 0.609015 0.654051 0.609015
1 0.683830 0.593618 0.687819 0.593618 0.687819 0.609365 0.683830 0.609365
1 0.562938 0.577736 0.566906 0.577736 0.566906 0.592977 0.562938 0.592977
1 0.533197 0.577509 0.537507 0.577509 0.537507 0.592826 0.533197 0.592826
1 0.700674 0.605255 0.704619 0.605255 0.704619 0.614260 0.700674 0.614260
1 0.721451 0.605532 0.725396 0.605532 0.725396 0.614537 0.721451 0.614537
1 0.698210 0.634522 0.714575 0.634522 0.714575 0.639361 0.698210 0.639361
1 0.698450 0.664880 0.713934 0.664880 0.713934 0.668443 0.698450 0.668443
1 0.729856 0.634717 0.732790 0.634717 0.732790 0.642865 0.729856 0.642865
1 0.748514 0.634698 0.752152 0.634698 0.752152 0.643221 0.748514 0.643221
1 0.754204 0.607590 0.758248 0.607590 0.758248 0.615753 0.754204 0.615753
1 0.774542 0.607487 0.777894 0.607487 0.777894 0.615727 0.774542 0.615727
1 0.761168 0.624078 0.765010 0.624078 0.765010 0.632121 0.761168 0.632121
1 0.781276 0.624180 0.784836 0.624180 0.784836 0.632147 0.781276 0.632147
1 0.781517 0.543568 0.796509 0.543568 0.796509 0.547261 0.781517 0.547261
1 0.781390 0.573082 0.796746 0.573082 0.796746 0.576755 0.781390 0.576755
1 0.780892 0.643791 0.789294 0.643791 0.789294 0.647706 0.780892 0.647706
1 0.781009 0.663643 0.789294 0.663643 0.789294 0.667284 0.781009 0.667284
1 0.778791 0.674539 0.781890 0.674539 0.781890 0.683222 0.778791 0.683222
1 0.798975 0.674719 0.802075 0.674719 0.802075 0.683402 0.798975 0.683402
1 0.789030 0.691139 0.792085 0.691139 0.792085 0.699052 0.789030 0.699052
1 0.769322 0.690847 0.772736 0.690847 0.772736 0.698786 0.769322 0.698786
1 0.747522 0.683979 0.751095 0.683979 0.751095 0.691830 0.747522 0.691830
1 0.728411 0.683969 0.731350 0.683969 0.731350 0.691521 0.728411 0.691521
1 0.725256 0.707040 0.741582 0.707040 0.741582 0.711352 0.725256 0.711352
1 0.724957 0.735872 0.741109 0.735872 0.741109 0.740480 0.724957 0.740480
1 0.787848 0.731006 0.791362 0.731006 0.791362 0.738893 0.787848 0.738893
1 0.768869 0.731025 0.772298 0.731025 0.772298 0.738784 0.768869 0.738784
1 0.786967 0.757780 0.789165 0.757780 0.789165 0.765471 0.786967 0.765471
1 0.767162 0.757480 0.771132 0.757480 0.771132 0.765523 0.767162 0.765523
1 0.786767 0.780609 0.790369 0.780609 0.790369 0.788761 0.786767 0.788761
1 0.767197 0.780193 0.770799 0.780193 0.770799 0.788345 0.767197 0.788345
1 0.828440 0.779910 0.832375 0.779910 0.832375 0.788074 0.828440 0.788074
1 0.808856 0.779887 0.812791 0.779887 0.812791 0.788051 0.808856 0.788051
1 0.808939 0.760514 0.812874 0.760514 0.812874 0.768678 0.808939 0.768678
1 0.829190 0.761199 0.832759 0.761199 0.832759 0.768723 0.829190 0.768723
1 0.828416 0.803899 0.832350 0.803899 0.832350 0.812063 0.828416 0.812063
1 0.808417 0.803780 0.812352 0.803780 0.812352 0.811944 0.808417 0.811944
1 0.786746 0.804606 0.790227 0.804606 0.790227 0.812553 0.786746 0.812553
1 0.767042 0.804365 0.770523 0.804365 0.770523 0.812311 0.767042 0.812311
1 0.918858 0.817539 0.922534 0.817539 0.922534 0.824347 0.918858 0.824347
1 0.899228 0.817792 0.902904 0.817792 0.902904 0.824601 0.899228 0.824601
1 0.936548 0.822656 0.945016 0.822656 0.945016 0.826021 0.936548 0.826021
1 0.936650 0.803973 0.945087 0.803973 0.945087 0.806897 0.936650 0.806897
1 0.845858 0.819421 0.854367 0.819421 0.854367 0.822640 0.845858 0.822640
1 0.845923 0.839528 0.854432 0.839528 0.854432 0.842747 0.845923 0.842747
1 0.720238 0.844540 0.724095 0.844540 0.724095 0.858142 0.720238 0.858142
1 0.690643 0.843805 0.694513 0.843805 0.694513 0.858620 0.690643 0.858620
1 0.679985 0.840747 0.683856 0.840747 0.683856 0.855561 0.679985 0.855561
1 0.650595 0.841225 0.654466 0.841225 0.654466 0.856039 0.650595 0.856039
1 0.691306 0.870887 0.694867 0.870887 0.694867 0.886336 0.691306 0.886336
1 0.661773 0.871507 0.665644 0.871507 0.665644 0.886322 0.661773 0.886322
1 0.702280 0.872695 0.706045 0.872695 0.706045 0.888294 0.702280 0.888294
1 0.731455 0.872772 0.735015 0.872772 0.735015 0.888499 0.731455 0.888499
1 0.746387 0.871684 0.749984 0.871684 0.749984 0.887004 0.746387 0.887004
1 0.775613 0.872181 0.779541 0.872181 0.779541 0.886383 0.775613 0.886383
1 0.925473 0.853457 0.929250 0.853457 0.929250 0.860922 0.925473 0.860922
1 0.905984 0.853366 0.909761 0.853366 0.909761 0.860831 0.905984 0.860831
1 0.936931 0.863568 0.944672 0.863568 0.944672 0.866650 0.936931 0.866650
1 0.937065 0.843724 0.944595 0.843724 0.944595 0.847541 0.937065 0.847541
1 0.959529 0.843750 0.967290 0.843750 0.967290 0.847797 0.959529 0.847797
1 0.959477 0.863704 0.967392 0.863704 0.967392 0.867520 0.959477 0.867520
1 0.982670 0.863574 0.990446 0.863574 0.990446 0.866598 0.982670 0.866598
1 0.982633 0.844109 0.990409 0.844109 0.990409 0.847389 0.982633 0.847389
1 0.959713 0.822627 0.967316 0.822627 0.967316 0.826255 0.959713 0.826255
1 0.959606 0.802946 0.967162 0.802946 0.967162 0.806890 0.959606 0.806890
1 0.983325 0.803509 0.990702 0.803509 0.990702 0.806660 0.983325 0.806660
1 0.983478 0.822515 0.990984 0.822515 0.990984 0.826358 0.983478 0.826358
1 0.653656 0.830073 0.667580 0.830073 0.667580 0.833220 0.653656 0.833220
1 0.653232 0.799904 0.667523 0.799904 0.667523 0.804211 0.653232 0.804211
1 0.668348 0.775392 0.671685 0.775392 0.671685 0.790852 0.668348 0.790852
1 0.638871 0.775168 0.642182 0.775168 0.642182 0.789933 0.638871 0.789933
1 0.600273 0.779251 0.604603 0.779251 0.604603 0.793910 0.600273 0.793910
1 0.604055 0.806672 0.608445 0.806672 0.608445 0.822218 0.604055 0.822218
1 0.574090 0.806425 0.578479 0.806425 0.578479 0.821971 0.574090 0.821971
1 0.570664 0.778519 0.574920 0.778519 0.574920 0.793873 0.570664 0.793873
1 0.599487 0.929006 0.616298 0.929006 0.616298 0.933155 0.599487 0.933155
1 0.600043 0.958638 0.614544 0.958638 0.614544 0.962873 0.600043 0.962873
1 0.574462 0.972663 0.578592 0.972663 0.578592 0.986972 0.574462 0.986972
1 0.544489 0.972105 0.548909 0.972105 0.548909 0.987273 0.544489 0.987273
1 0.533437 0.970477 0.537141 0.970477 0.537141 0.984982 0.533437 0.984982
1 0.503994 0.969942 0.507589 0.969942 0.507589 0.985258 0.503994 0.985258
1 0.553383 0.683459 0.568514 0.683459 0.568514 0.687944 0.553383 0.687944
1 0.553903 0.653525 0.568876 0.653525 0.568876 0.658366 0.553903 0.658366
1 0.584578 0.695107 0.597962 0.695107 0.597962 0.699268 0.584578 0.699268
1 0.584386 0.724998 0.597769 0.724998 0.597769 0.729159 0.584386 0.729159
1 0.610540 0.726927 0.614422 0.726927 0.614422 0.741590 0.610540 0.741590
1 0.640410 0.726566 0.643898 0.726566 0.643898 0.741379 0.640410 0.741379
1 0.037359 0.584028 0.053314 0.584028 0.053314 0.600160 0.037359 0.600160
1 0.222445 0.584614 0.237132 0.584614 0.237132 0.589476 0.222445 0.589476
1 0.222636 0.555390 0.237324 0.555390 0.237324 0.560252 0.222636 0.560252
1 0.285161 0.976881 0.300336 0.976881 0.300336 0.982587 0.285161 0.982587
1 0.795989 0.003863 0.835797 0.003863 0.835797 0.011254 0.795989 0.011254
1 0.843355 0.041907 0.850662 0.041907 0.850662 0.080959 0.843355 0.080959
1 0.796073 0.014949 0.835881 0.014949 0.835881 0.022339 0.796073 0.022339
1 0.796661 0.026371 0.836469 0.026371 0.836469 0.033761 0.796661 0.033761
1 0.854693 0.042159 0.861999 0.042159 0.861999 0.081211 0.854693 0.081211
1 0.865779 0.042411 0.873085 0.042411 0.873085 0.081463 0.865779 0.081463
1 0.876948 0.042327 0.884255 0.042327 0.884255 0.081379 0.876948 0.081379
1 0.887866 0.042747 0.895173 0.042747 0.895173 0.081799 0.887866 0.081799
1 0.899456 0.042495 0.906762 0.042495 0.906762 0.081547 0.899456 0.081547
1 0.917970 0.044992 0.987546 0.044992 0.987546 0.082030 0.917970 0.082030
1 0.861598 0.758377 0.867613 0.758377 0.867613 0.788970 0.861598 0.788970
1 0.816244 0.736911 0.846214 0.736911 0.846214 0.742199 0.816244 0.742199
1 0.869894 0.758377 0.875909 0.758377 0.875909 0.788970 0.869894 0.788970
1 0.878916 0.758377 0.884931 0.758377 0.884931 0.788970 0.878916 0.788970
1 0.887213 0.758377 0.893227 0.758377 0.893227 0.788970 0.887213 0.788970
1 0.895509 0.758792 0.901524 0.758792 0.901524 0.789384 0.895509 0.789384
1 0.903805 0.758792 0.909820 0.758792 0.909820 0.789384 0.903805 0.789384
1 0.912827 0.758792 0.918842 0.758792 0.918842 0.789384 0.912827 0.789384
1 0.921399 0.758792 0.927414 0.758792 0.927414 0.789384 0.921399 0.789384
1 0.930214 0.759207 0.936229 0.759207 0.936229 0.789799 0.930214 0.789799
1 0.938510 0.759207 0.944525 0.759207 0.944525 0.789799 0.938510 0.789799
1 0.947532 0.759207 0.953547 0.759207 0.953547 0.789799 0.947532 0.789799
1 0.955829 0.759207 0.961843 0.759207 0.961843 0.789799 0.955829 0.789799
1 0.964125 0.759622 0.970140 0.759622 0.970140 0.790214 0.964125 0.790214
1 0.972421 0.759622 0.978436 0.759622 0.978436 0.790214 0.972421 0.790214
1 0.981443 0.759622 0.987458 0.759622 0.987458 0.790214 0.981443 0.790214
1 0.989740 0.759622 0.995754 0.759622 0.995754 0.790214 0.989740 0.790214
1 0.815829 0.728407 0.845799 0.728407 0.845799 0.733696 0.815829 0.733696
1 0.816036 0.711711 0.846007 0.711711 0.846007 0.716999 0.816036 0.716999
1 0.816244 0.720318 0.846214 0.720318 0.846214 0.725607 0.816244 0.725607
1 0.815933 0.677696 0.845903 0.677696 0.845903 0.682985 0.815933 0.682985
1 0.816347 0.686096 0.846318 0.686096 0.846318 0.691385 0.816347 0.691385
1 0.816036 0.694185 0.846007 0.694185 0.846007 0.699474 0.816036 0.699474
1 0.816140 0.702896 0.846110 0.702896 0.846110 0.708185 0.816140 0.708185
1 0.816451 0.617859 0.846421 0.617859 0.846421 0.623148 0.816451 0.623148
1 0.816347 0.668881 0.846318 0.668881 0.846318 0.674170 0.816347 0.674170
1 0.816659 0.660481 0.846629 0.660481 0.846629 0.665770 0.816659 0.665770
1 0.816451 0.651874 0.846421 0.651874 0.846421 0.657163 0.816451 0.657163
1 0.816659 0.643370 0.846629 0.643370 0.846629 0.648659 0.816659 0.648659
1 0.816555 0.634244 0.846525 0.634244 0.846525 0.639533 0.816555 0.639533
1 0.816762 0.626259 0.846733 0.626259 0.846733 0.631548 0.816762 0.631548
1 0.817173 0.583379 0.847144 0.583379 0.847144 0.588668 0.817173 0.588668
1 0.816966 0.540757 0.846936 0.540757 0.846936 0.546046 0.816966 0.546046
1 0.817277 0.549157 0.847247 0.549157 0.847247 0.554446 0.817277 0.554446
1 0.817070 0.557915 0.847040 0.557915 0.847040 0.563204 0.817070 0.563204
1 0.817173 0.566268 0.847144 0.566268 0.847144 0.571557 0.817173 0.571557
1 0.816966 0.574772 0.846936 0.574772 0.846936 0.580061 0.816966 0.580061
1 0.816862 0.591779 0.846833 0.591779 0.846833 0.597068 0.816862 0.597068
1 0.816447 0.600594 0.846418 0.600594 0.846418 0.605883 0.816447 0.605883
1 0.816862 0.608994 0.846833 0.608994 0.846833 0.614283 0.816862 0.614283
1 0.818099 0.472446 0.848070 0.472446 0.848070 0.477735 0.818099 0.477735
1 0.817996 0.455289 0.847966 0.455289 0.847966 0.460578 0.817996 0.460578
1 0.818307 0.463689 0.848277 0.463689 0.848277 0.468978 0.818307 0.468978
1 0.818203 0.480800 0.848173 0.480800 0.848173 0.486089 0.818203 0.486089
1 0.817996 0.489304 0.847966 0.489304 0.847966 0.494593 0.817996 0.494593
1 0.818203 0.497911 0.848173 0.497911 0.848173 0.503200 0.818203 0.503200
1 0.817892 0.506311 0.847862 0.506311 0.847862 0.511600 0.817892 0.511600
1 0.817477 0.515126 0.847447 0.515126 0.847447 0.520415 0.817477 0.520415
1 0.817892 0.523526 0.847862 0.523526 0.847862 0.528815 0.817892 0.528815
1 0.817481 0.532391 0.847451 0.532391 0.847451 0.537680 0.817481 0.537680
1 0.817996 0.438556 0.847966 0.438556 0.847966 0.443845 0.817996 0.443845
1 0.818307 0.446956 0.848277 0.446956 0.848277 0.452245 0.818307 0.452245
