0 0.334529 0.330430 0.672985 0.330430 0.672985 0.668204 0.334529 0.668204
0 0.111074 0.745265 0.132340 0.745265 0.132340 0.778710 0.111074 0.778710
0 0.056615 0.273536 0.078449 0.273536 0.078449 0.306851 0.056615 0.306851
0 0.040830 0.519070 0.074276 0.519070 0.074276 0.540073 0.040830 0.540073
0 0.219462 0.864006 0.252999 0.864006 0.252999 0.884737 0.219462 0.884737
0 0.116931 0.275568 0.130227 0.275568 0.130227 0.301118 0.116931 0.301118
0 0.278935 0.855009 0.312310 0.855009 0.312310 0.875676 0.278935 0.875676
0 0.271579 0.271765 0.285847 0.271765 0.285847 0.297529 0.271579 0.297529
0 0.835936 0.085178 0.856908 0.085178 0.856908 0.118359 0.835936 0.118359
0 0.823513 0.376904 0.838195 0.376904 0.838195 0.402521 0.823513 0.402521
0 0.131190 0.686291 0.157132 0.686291 0.157132 0.701311 0.131190 0.701311
0 0.135159 0.406342 0.160692 0.406342 0.160692 0.419721 0.135159 0.419721
0 0.155149 0.782549 0.180501 0.782549 0.180501 0.795935 0.155149 0.795935
0 0.173378 0.178006 0.186547 0.178006 0.186547 0.203256 0.173378 0.203256
0 0.803936 0.085213 0.825694 0.085213 0.825694 0.118591 0.803936 0.118591
0 0.740246 0.553677 0.782978 0.553677 0.782978 0.607356 0.740246 0.607356
0 0.091406 0.250234 0.104539 0.250234 0.104539 0.275698 0.091406 0.275698
0 0.131741 0.249353 0.157300 0.249353 0.157300 0.262611 0.131741 0.262611
0 0.270184 0.456920 0.283460 0.456920 0.283460 0.482472 0.270184 0.482472
0 0.173445 0.275196 0.186223 0.275196 0.186223 0.300820 0.173445 0.300820
0 0.126931 0.364226 0.141455 0.364226 0.141455 0.389666 0.126931 0.389666
0 0.224150 0.191693 0.238298 0.191693 0.238298 0.217274 0.224150 0.217274
0 0.196777 0.181771 0.209911 0.181771 0.209911 0.206999 0.196777 0.206999
0 0.309713 0.146643 0.323181 0.146643 0.323181 0.172114 0.309713 0.172114
0 0.195390 0.275763 0.209357 0.275763 0.209357 0.301434 0.195390 0.301434
0 0.148515 0.315551 0.161739 0.315551 0.161739 0.341018 0.148515 0.341018
0 0.103292 0.638961 0.128742 0.638961 0.128742 0.652255 0.103292 0.652255
0 0.103555 0.377527 0.116928 0.377527 0.116928 0.403351 0.103555 0.403351
0 0.232965 0.381243 0.247032 0.381243 0.247032 0.406730 0.232965 0.406730
0 0.171313 0.232792 0.184415 0.232792 0.184415 0.258437 0.171313 0.258437
0 0.146270 0.275292 0.159165 0.275292 0.159165 0.300703 0.146270 0.300703
0 0.195523 0.784777 0.221003 0.784777 0.221003 0.798353 0.195523 0.798353
0 0.143967 0.753293 0.169495 0.753293 0.169495 0.766533 0.143967 0.766533
0 0.181331 0.390118 0.206698 0.390118 0.206698 0.403519 0.181331 0.403519
0 0.063279 0.691369 0.088871 0.691369 0.088871 0.704733 0.063279 0.704733
0 0.355239 0.735257 0.376485 0.735257 0.376485 0.766826 0.355239 0.766826
0 0.434726 0.158167 0.468603 0.158167 0.468603 0.176574 0.434726 0.176574
0 0.142956 0.715136 0.156441 0.715136 0.156441 0.740695 0.142956 0.740695
0 0.130206 0.428411 0.155884 0.428411 0.155884 0.441993 0.130206 0.441993
0 0.309839 0.195098 0.324490 0.195098 0.324490 0.220797 0.309839 0.220797
0 0.341625 0.051403 0.349551 0.051403 0.349551 0.066858 0.341625 0.066858
0 0.039117 0.884976 0.064728 0.884976 0.064728 0.898233 0.039117 0.898233
0 0.183892 0.755517 0.209512 0.755517 0.209512 0.768977 0.183892 0.768977
0 0.239594 0.782860 0.265412 0.782860 0.265412 0.796361 0.239594 0.796361
0 0.025248 0.489863 0.050898 0.489863 0.050898 0.503665 0.025248 0.503665
0 0.041832 0.569234 0.055859 0.569234 0.055859 0.594993 0.041832 0.594993
0 0.073196 0.610344 0.086392 0.610344 0.086392 0.635964 0.073196 0.635964
0 0.180892 0.412211 0.206702 0.412211 0.206702 0.426976 0.180892 0.426976
0 0.222423 0.265037 0.236384 0.265037 0.236384 0.290748 0.222423 0.290748
0 0.179354 0.137709 0.192929 0.137709 0.192929 0.162650 0.179354 0.162650
0 0.140344 0.200522 0.153810 0.200522 0.153810 0.225922 0.140344 0.225922
0 0.287770 0.194707 0.302526 0.194707 0.302526 0.220443 0.287770 0.220443
0 0.187100 0.549520 0.200222 0.549520 0.200222 0.575020 0.187100 0.575020
0 0.145348 0.505122 0.170700 0.505122 0.170700 0.518659 0.145348 0.518659
0 0.090669 0.844060 0.104657 0.844060 0.104657 0.869529 0.090669 0.869529
0 0.510708 0.922371 0.527954 0.922371 0.527954 0.931377 0.510708 0.931377
0 0.216030 0.621601 0.228837 0.621601 0.228837 0.646226 0.216030 0.646226
0 0.809973 0.473994 0.836009 0.473994 0.836009 0.489787 0.809973 0.489787
0 0.366318 0.156805 0.400141 0.156805 0.400141 0.175213 0.366318 0.175213
0 0.067401 0.718626 0.093081 0.718626 0.093081 0.732657 0.067401 0.732657
0 0.266057 0.194747 0.279143 0.194747 0.279143 0.220135 0.266057 0.220135
0 0.871606 0.087797 0.883639 0.087797 0.883639 0.112916 0.871606 0.112916
0 0.237820 0.148780 0.251342 0.148780 0.251342 0.174218 0.237820 0.174218
0 0.120036 0.468347 0.134171 0.468347 0.134171 0.493946 0.120036 0.493946
0 0.213334 0.096749 0.238963 0.096749 0.238963 0.110684 0.213334 0.110684
1 0.353563 0.724678 0.378092 0.724678 0.378092 0.735039 0.353563 0.735039
0 0.499475 0.763767 0.515242 0.763767 0.515242 0.771627 0.499475 0.771627
0 0.367090 0.229706 0.375240 0.229706 0.375240 0.245253 0.367090 0.245253
0 0.652133 0.083988 0.669277 0.083988 0.669277 0.092792 0.652133 0.092792
0 0.525473 0.728384 0.541601 0.728384 0.541601 0.736227 0.525473 0.736227
1 0.802942 0.119003 0.826118 0.119003 0.826118 0.127788 0.802942 0.127788
0 0.649161 0.056998 0.658041 0.056998 0.658041 0.073981 0.649161 0.073981
0 0.192766 0.515746 0.209273 0.515746 0.209273 0.525174 0.192766 0.525174
0 0.685673 0.668604 0.701248 0.668604 0.701248 0.676779 0.685673 0.676779
0 0.270236 0.583908 0.287117 0.583908 0.287117 0.592973 0.270236 0.592973
1 0.030198 0.517533 0.040675 0.517533 0.040675 0.542521 0.030198 0.542521
0 0.063378 0.912415 0.079855 0.912415 0.079855 0.921443 0.063378 0.921443
0 0.301669 0.689917 0.317455 0.689917 0.317455 0.697459 0.301669 0.697459
1 0.801079 0.075227 0.827066 0.075227 0.827066 0.084772 0.801079 0.084772
0 0.415991 0.177968 0.425088 0.177968 0.425088 0.194473 0.415991 0.194473
0 0.689696 0.685968 0.705214 0.685968 0.705214 0.693970 0.689696 0.693970
1 0.353606 0.767010 0.378162 0.767010 0.378162 0.776535 0.353606 0.776535
0 0.689712 0.775285 0.697505 0.775285 0.697505 0.790682 0.689712 0.790682
1 0.074515 0.517578 0.082950 0.517578 0.082950 0.540883 0.074515 0.540883
0 0.804040 0.333035 0.813359 0.333035 0.813359 0.349223 0.804040 0.349223
1 0.835302 0.076567 0.858405 0.076567 0.858405 0.084699 0.835302 0.084699
0 0.771650 0.422753 0.779692 0.422753 0.779692 0.438591 0.771650 0.438591
1 0.312500 0.852640 0.321740 0.852640 0.321740 0.878351 0.312500 0.878351
0 0.303496 0.244153 0.319816 0.244153 0.319816 0.253239 0.303496 0.253239
1 0.109467 0.778921 0.132741 0.778921 0.132741 0.787894 0.109467 0.787894
0 0.349922 0.229232 0.359769 0.229232 0.359769 0.245690 0.349922 0.245690
0 0.245708 0.518256 0.261624 0.518256 0.261624 0.526204 0.245708 0.526204
1 0.304095 0.569066 0.333338 0.569066 0.333338 0.575892 0.304095 0.575892
1 0.109444 0.736276 0.133565 0.736276 0.133565 0.745044 0.109444 0.745044
0 0.770168 0.345756 0.778948 0.345756 0.778948 0.361648 0.770168 0.361648
1 0.056072 0.264474 0.079011 0.264474 0.079011 0.273155 0.056072 0.273155
1 0.753083 0.607903 0.770666 0.607903 0.770666 0.615317 0.753083 0.615317
1 0.303939 0.389509 0.333130 0.389509 0.333130 0.396294 0.303939 0.396294
0 0.805355 0.427875 0.814987 0.427875 0.814987 0.444111 0.805355 0.444111
0 0.248053 0.977711 0.256959 0.977711 0.256959 0.993786 0.248053 0.993786
0 0.793668 0.505947 0.809498 0.505947 0.809498 0.514496 0.793668 0.514496
0 0.549394 0.920627 0.566935 0.920627 0.566935 0.929867 0.549394 0.929867
0 0.339991 0.256125 0.347832 0.256125 0.347832 0.271880 0.339991 0.271880
0 0.301832 0.266640 0.310270 0.266640 0.310270 0.282069 0.301832 0.282069
1 0.304146 0.611866 0.333530 0.611866 0.333530 0.618581 0.304146 0.618581
1 0.253049 0.862550 0.261315 0.862550 0.261315 0.885938 0.253049 0.885938
0 0.698086 0.751160 0.713857 0.751160 0.713857 0.760269 0.698086 0.760269
0 0.531542 0.748581 0.547356 0.748581 0.547356 0.756654 0.531542 0.756654
0 0.666469 0.720300 0.682721 0.720300 0.682721 0.729346 0.666469 0.729346
0 0.264561 0.332640 0.280310 0.332640 0.280310 0.340589 0.264561 0.340589
1 0.055677 0.307033 0.079130 0.307033 0.079130 0.315755 0.055677 0.315755
1 0.303935 0.432269 0.333130 0.432269 0.333130 0.439188 0.303935 0.439188
0 0.666751 0.703665 0.682265 0.703665 0.682265 0.711680 0.666751 0.711680
1 0.673362 0.620061 0.701631 0.620061 0.701631 0.626692 0.673362 0.626692
0 0.628996 0.770383 0.644972 0.770383 0.644972 0.779030 0.628996 0.779030
0 0.219398 0.594144 0.235225 0.594144 0.235225 0.602284 0.219398 0.602284
0 0.252760 0.534583 0.268712 0.534583 0.268712 0.542425 0.252760 0.542425
1 0.270011 0.853824 0.278693 0.853824 0.278693 0.877301 0.270011 0.877301
0 0.220459 0.545232 0.236006 0.545232 0.236006 0.553397 0.220459 0.553397
1 0.041330 0.595038 0.056572 0.595038 0.056572 0.599333 0.041330 0.599333
0 0.358074 0.050880 0.367122 0.050880 0.367122 0.066768 0.358074 0.066768
0 0.656438 0.748551 0.672073 0.748551 0.672073 0.756693 0.656438 0.756693
0 0.753238 0.422873 0.761051 0.422873 0.761051 0.438784 0.753238 0.438784
1 0.304287 0.620308 0.333471 0.620308 0.333471 0.627148 0.304287 0.627148
0 0.625897 0.791411 0.641953 0.791411 0.641953 0.800562 0.625897 0.800562
0 0.191871 0.435011 0.208095 0.435011 0.208095 0.444950 0.191871 0.444950
0 0.301789 0.713834 0.317520 0.713834 0.317520 0.721735 0.301789 0.721735
1 0.304751 0.526298 0.333256 0.526298 0.333256 0.533226 0.304751 0.533226
1 0.835082 0.118657 0.858726 0.118657 0.858726 0.127703 0.835082 0.127703
0 0.399458 0.762151 0.415102 0.762151 0.415102 0.770152 0.399458 0.770152
0 0.305672 0.322985 0.321328 0.322985 0.321328 0.331225 0.305672 0.331225
0 0.261811 0.601012 0.277510 0.601012 0.277510 0.609135 0.261811 0.609135
1 0.673395 0.389220 0.701546 0.389220 0.701546 0.395793 0.673395 0.395793
0 0.789059 0.423001 0.798248 0.423001 0.798248 0.439038 0.789059 0.439038
1 0.304867 0.475003 0.333178 0.475003 0.333178 0.481814 0.304867 0.481814
0 0.720460 0.558565 0.730022 0.558565 0.730022 0.574780 0.720460 0.574780
0 0.260226 0.714681 0.276145 0.714681 0.276145 0.722321 0.260226 0.722321
1 0.673426 0.397681 0.701477 0.397681 0.701477 0.404292 0.673426 0.404292
0 0.623768 0.715228 0.631361 0.715228 0.631361 0.731034 0.623768 0.731034
0 0.259790 0.667446 0.275632 0.667446 0.275632 0.675341 0.259790 0.675341
0 0.449228 0.715854 0.457134 0.715854 0.457134 0.731559 0.449228 0.731559
0 0.237293 0.347592 0.245831 0.347592 0.245831 0.363561 0.237293 0.363561
0 0.301943 0.671023 0.317711 0.671023 0.317711 0.678922 0.301943 0.678922
0 0.335205 0.732902 0.344093 0.732902 0.344093 0.748695 0.335205 0.748695
1 0.209980 0.862199 0.219311 0.862199 0.219311 0.886683 0.209980 0.886683
0 0.392622 0.726348 0.408372 0.726348 0.408372 0.734069 0.392622 0.734069
0 0.499237 0.741762 0.515017 0.741762 0.515017 0.749785 0.499237 0.749785
1 0.304429 0.517777 0.333205 0.517777 0.333205 0.524549 0.304429 0.524549
0 0.269644 0.557723 0.277524 0.557723 0.277524 0.573477 0.269644 0.573477
0 0.191973 0.453274 0.207801 0.453274 0.207801 0.461024 0.191973 0.461024
0 0.342106 0.006441 0.350164 0.006441 0.350164 0.022316 0.342106 0.022316
0 0.638238 0.010946 0.647442 0.010946 0.647442 0.028108 0.638238 0.028108
1 0.673295 0.577304 0.701715 0.577304 0.701715 0.583662 0.673295 0.583662
1 0.673428 0.354890 0.701304 0.354890 0.701304 0.361298 0.673428 0.361298
0 0.839977 0.552123 0.848107 0.552123 0.848107 0.567898 0.839977 0.567898
1 0.304091 0.380941 0.333129 0.380941 0.333129 0.387712 0.304091 0.387712
1 0.304822 0.483510 0.333131 0.483510 0.333131 0.490433 0.304822 0.490433
0 0.840253 0.593088 0.847945 0.593088 0.847945 0.608891 0.840253 0.608891
0 0.422316 0.230467 0.439095 0.230467 0.439095 0.239539 0.422316 0.239539
1 0.304221 0.560558 0.333386 0.560558 0.333386 0.567295 0.304221 0.567295
0 0.175163 0.319720 0.184684 0.319720 0.184684 0.335713 0.175163 0.335713
1 0.303984 0.423756 0.333207 0.423756 0.333207 0.430581 0.303984 0.430581
0 0.259957 0.691028 0.275812 0.691028 0.275812 0.698713 0.259957 0.698713
1 0.673280 0.474706 0.701517 0.474706 0.701517 0.480856 0.673280 0.480856
0 0.261152 0.640937 0.276702 0.640937 0.276702 0.648788 0.261152 0.648788
0 0.721718 0.514751 0.729664 0.514751 0.729664 0.530635 0.721718 0.530635
1 0.673235 0.483294 0.701573 0.483294 0.701573 0.489493 0.673235 0.489493
1 0.673327 0.534533 0.702656 0.534533 0.702656 0.540710 0.673327 0.540710
1 0.673298 0.611318 0.701963 0.611318 0.701963 0.617853 0.673298 0.617853
1 0.673231 0.346283 0.701745 0.346283 0.701745 0.352602 0.673231 0.352602
0 0.426008 0.756543 0.433650 0.756543 0.433650 0.772223 0.426008 0.772223
1 0.673224 0.491726 0.701955 0.491726 0.701955 0.497978 0.673224 0.497978
0 0.472796 0.715336 0.480475 0.715336 0.480475 0.731451 0.472796 0.731451
1 0.673522 0.645673 0.701499 0.645673 0.701499 0.652089 0.673522 0.652089
1 0.673279 0.431918 0.702111 0.431918 0.702111 0.438007 0.673279 0.438007
0 0.472503 0.756531 0.480232 0.756531 0.480232 0.772233 0.472503 0.772233
0 0.264678 0.312048 0.280377 0.312048 0.280377 0.320048 0.264678 0.320048
1 0.673215 0.448985 0.701479 0.448985 0.701479 0.455098 0.673215 0.455098
0 0.426248 0.715428 0.433835 0.715428 0.433835 0.731251 0.426248 0.731251
1 0.673381 0.568719 0.701935 0.568719 0.701935 0.575030 0.673381 0.575030
1 0.305246 0.646214 0.333331 0.646214 0.333331 0.652471 0.305246 0.652471
1 0.673235 0.440579 0.702090 0.440579 0.702090 0.446602 0.673235 0.446602
1 0.304169 0.577645 0.333373 0.577645 0.333373 0.584352 0.304169 0.584352
1 0.304020 0.415247 0.333025 0.415247 0.333025 0.421957 0.304020 0.421957
1 0.304610 0.440796 0.333153 0.440796 0.333153 0.447612 0.304610 0.447612
1 0.304263 0.603244 0.333513 0.603244 0.333513 0.610077 0.304263 0.610077
0 0.383353 0.207249 0.398868 0.207249 0.398868 0.214746 0.383353 0.214746
0 0.320033 0.266642 0.327684 0.266642 0.327684 0.282320 0.320033 0.282320
1 0.673380 0.380603 0.701494 0.380603 0.701494 0.386989 0.673380 0.386989
0 0.526975 0.769933 0.534493 0.769933 0.534493 0.785804 0.526975 0.785804
1 0.304064 0.398113 0.333137 0.398113 0.333137 0.404829 0.304064 0.404829
1 0.673405 0.602769 0.701827 0.602769 0.701827 0.609224 0.673405 0.609224
1 0.304618 0.552040 0.333199 0.552040 0.333199 0.558771 0.304618 0.558771
1 0.673341 0.526015 0.702653 0.526015 0.702653 0.532044 0.673341 0.532044
1 0.673513 0.628464 0.701615 0.628464 0.701615 0.635345 0.673513 0.635345
0 0.417145 0.146725 0.424871 0.146725 0.424871 0.162375 0.417145 0.162375
1 0.447914 0.176820 0.455239 0.176820 0.455239 0.191073 0.447914 0.191073
1 0.304017 0.406721 0.333041 0.406721 0.333041 0.413353 0.304017 0.413353
1 0.304348 0.628944 0.333448 0.628944 0.333448 0.635657 0.304348 0.635657
1 0.304992 0.372486 0.333050 0.372486 0.333050 0.379179 0.304992 0.379179
1 0.673335 0.423359 0.701984 0.423359 0.701984 0.429378 0.673335 0.429378
1 0.270922 0.267074 0.286665 0.267074 0.286665 0.271690 0.270922 0.271690
0 0.448999 0.756260 0.456960 0.756260 0.456960 0.772071 0.448999 0.772071
0 0.242470 0.304817 0.250663 0.304817 0.250663 0.320574 0.242470 0.320574
1 0.304123 0.594760 0.333366 0.594760 0.333366 0.601500 0.304123 0.601500
1 0.304906 0.509219 0.333141 0.509219 0.333141 0.515988 0.304906 0.515988
1 0.673407 0.594432 0.701700 0.594432 0.701700 0.600995 0.673407 0.600995
1 0.673322 0.372084 0.701698 0.372084 0.701698 0.378317 0.673322 0.378317
1 0.304313 0.637676 0.333379 0.637676 0.333379 0.644332 0.304313 0.644332
1 0.753169 0.547272 0.771104 0.547272 0.771104 0.553570 0.753169 0.553570
1 0.304320 0.458038 0.333028 0.458038 0.333028 0.464855 0.304320 0.464855
1 0.304212 0.586248 0.333372 0.586248 0.333372 0.592851 0.304212 0.592851
1 0.304553 0.364049 0.333026 0.364049 0.333026 0.370643 0.304553 0.370643
1 0.673510 0.637231 0.701971 0.637231 0.701971 0.643906 0.673510 0.643906
1 0.673263 0.466086 0.702162 0.466086 0.702162 0.472413 0.673263 0.472413
1 0.304823 0.534863 0.333384 0.534863 0.333384 0.541736 0.304823 0.541736
1 0.304720 0.346800 0.333273 0.346800 0.333273 0.353023 0.304720 0.353023
1 0.673408 0.560125 0.701464 0.560125 0.701464 0.566250 0.673408 0.566250
1 0.195839 0.176952 0.211066 0.176952 0.211066 0.181548 0.195839 0.181548
1 0.303947 0.543527 0.333276 0.543527 0.333276 0.550284 0.303947 0.550284
1 0.673312 0.551764 0.701468 0.551764 0.701468 0.557742 0.673312 0.557742
1 0.673202 0.517473 0.702870 0.517473 0.702870 0.523419 0.673202 0.523419
1 0.304932 0.466525 0.333218 0.466525 0.333218 0.473388 0.304932 0.473388
1 0.147911 0.341118 0.162310 0.341118 0.162310 0.345302 0.147911 0.345302
1 0.459085 0.176669 0.466137 0.176669 0.466137 0.191497 0.459085 0.191497
1 0.673405 0.585841 0.701456 0.585841 0.701456 0.592280 0.673405 0.592280
1 0.673428 0.363568 0.701538 0.363568 0.701538 0.369960 0.673428 0.369960
1 0.459217 0.143133 0.466145 0.143133 0.466145 0.157982 0.459217 0.157982
1 0.673338 0.414737 0.701911 0.414737 0.701911 0.421190 0.673338 0.421190
1 0.304976 0.500712 0.333150 0.500712 0.333150 0.507554 0.304976 0.507554
1 0.102119 0.403238 0.118056 0.403238 0.118056 0.407832 0.102119 0.407832
1 0.304403 0.449343 0.333181 0.449343 0.333181 0.456082 0.304403 0.456082
1 0.448948 0.731532 0.457353 0.731532 0.457353 0.735385 0.448948 0.735385
1 0.304942 0.492071 0.333205 0.492071 0.333205 0.498938 0.304942 0.498938
1 0.673283 0.543211 0.701584 0.543211 0.701584 0.549313 0.673283 0.549313
1 0.453780 0.669642 0.459443 0.669642 0.459443 0.699096 0.453780 0.699096
1 0.673396 0.406260 0.701810 0.406260 0.701810 0.412891 0.673396 0.412891
1 0.437182 0.143850 0.444167 0.143850 0.444167 0.158269 0.437182 0.158269
1 0.650707 0.301204 0.656724 0.301204 0.656724 0.329597 0.650707 0.329597
1 0.771607 0.438573 0.779736 0.438573 0.779736 0.442533 0.771607 0.442533
1 0.633292 0.669373 0.639052 0.669373 0.639052 0.699611 0.633292 0.699611
1 0.359712 0.669592 0.365559 0.669592 0.365559 0.699269 0.359712 0.699269
1 0.582045 0.669505 0.587701 0.669505 0.587701 0.697946 0.582045 0.697946
1 0.088916 0.690152 0.093444 0.690152 0.093444 0.705551 0.088916 0.705551
1 0.304843 0.355230 0.333127 0.355230 0.333127 0.361920 0.304843 0.361920
1 0.547824 0.669500 0.553568 0.669500 0.553568 0.697992 0.547824 0.697992
1 0.590527 0.669423 0.596315 0.669423 0.596315 0.698050 0.590527 0.698050
1 0.624718 0.669333 0.630502 0.669333 0.630502 0.699117 0.624718 0.699117
1 0.487979 0.669681 0.493556 0.669681 0.493556 0.699057 0.487979 0.699057
1 0.119412 0.493904 0.134845 0.493904 0.134845 0.498133 0.119412 0.498133
1 0.462253 0.669585 0.468002 0.669585 0.468002 0.698252 0.462253 0.698252
1 0.393859 0.669669 0.399690 0.669669 0.399690 0.699385 0.393859 0.699385
1 0.041568 0.564958 0.056123 0.564958 0.056123 0.569192 0.041568 0.569192
1 0.823510 0.372273 0.838622 0.372273 0.838622 0.376791 0.823510 0.376791
1 0.632974 0.300353 0.639076 0.300353 0.639076 0.329553 0.632974 0.329553
1 0.673195 0.508828 0.702652 0.508828 0.702652 0.514757 0.673195 0.514757
1 0.385371 0.669657 0.391074 0.669657 0.391074 0.699358 0.385371 0.699358
1 0.367533 0.301398 0.373844 0.301398 0.373844 0.330187 0.367533 0.330187
1 0.673259 0.500168 0.702219 0.500168 0.702219 0.506379 0.673259 0.506379
1 0.505226 0.669633 0.510738 0.669633 0.510738 0.699411 0.505226 0.699411
1 0.410302 0.301429 0.416521 0.301429 0.416521 0.330258 0.410302 0.330258
1 0.539233 0.669565 0.544955 0.669565 0.544955 0.697925 0.539233 0.697925
1 0.351242 0.669646 0.356847 0.669646 0.356847 0.698988 0.351242 0.698988
1 0.402508 0.669639 0.408112 0.669639 0.408112 0.699457 0.402508 0.699457
1 0.472797 0.731994 0.481149 0.731994 0.481149 0.735781 0.472797 0.735781
1 0.599070 0.669354 0.604868 0.669354 0.604868 0.698754 0.599070 0.698754
1 0.495766 0.763891 0.499285 0.763891 0.499285 0.771600 0.495766 0.771600
1 0.496532 0.669743 0.502205 0.669743 0.502205 0.699077 0.496532 0.699077
1 0.157324 0.248007 0.161327 0.248007 0.161327 0.263042 0.157324 0.263042
1 0.376200 0.300591 0.382191 0.300591 0.382191 0.330106 0.376200 0.330106
1 0.673333 0.457677 0.701491 0.457677 0.701491 0.463675 0.673333 0.463675
1 0.170310 0.228443 0.185865 0.228443 0.185865 0.232780 0.170310 0.232780
1 0.556358 0.669505 0.562124 0.669505 0.562124 0.697888 0.556358 0.697888
1 0.616247 0.669353 0.621948 0.669353 0.621948 0.697787 0.616247 0.697787
1 0.186136 0.544939 0.201755 0.544939 0.201755 0.549482 0.186136 0.549482
1 0.368410 0.669671 0.374099 0.669671 0.374099 0.699293 0.368410 0.699293
1 0.236589 0.174271 0.252317 0.174271 0.252317 0.178590 0.236589 0.178590
1 0.565031 0.669516 0.570586 0.669516 0.570586 0.699111 0.565031 0.699111
1 0.427202 0.301355 0.433522 0.301355 0.433522 0.330397 0.427202 0.330397
1 0.376957 0.669685 0.382660 0.669685 0.382660 0.699055 0.376957 0.699055
1 0.101994 0.373467 0.117593 0.373467 0.117593 0.377551 0.101994 0.377551
1 0.379537 0.142735 0.387012 0.142735 0.387012 0.156595 0.379537 0.156595
1 0.050864 0.488993 0.054642 0.488993 0.054642 0.504419 0.050864 0.504419
1 0.573557 0.669441 0.579197 0.669441 0.579197 0.698977 0.573557 0.698977
1 0.641722 0.669362 0.647520 0.669362 0.647520 0.699467 0.641722 0.699467
1 0.411073 0.669691 0.416635 0.669691 0.416635 0.699583 0.411073 0.699583
1 0.425717 0.731334 0.434148 0.731334 0.434148 0.734975 0.425717 0.734975
1 0.839631 0.567963 0.848253 0.567963 0.848253 0.571811 0.839631 0.571811
1 0.650228 0.669389 0.656239 0.669389 0.656239 0.698957 0.650228 0.698957
1 0.615809 0.300435 0.621873 0.300435 0.621873 0.329716 0.615809 0.329716
1 0.607681 0.669365 0.613371 0.669365 0.613371 0.697811 0.607681 0.697811
1 0.222096 0.290717 0.236913 0.290717 0.236913 0.294444 0.222096 0.294444
1 0.526701 0.785860 0.534733 0.785860 0.534733 0.789873 0.526701 0.789873
1 0.368509 0.142462 0.375839 0.142462 0.375839 0.156692 0.368509 0.156692
1 0.471011 0.669700 0.476583 0.669700 0.476583 0.699253 0.471011 0.699253
1 0.437073 0.176808 0.444293 0.176808 0.444293 0.190796 0.437073 0.190796
1 0.169649 0.751760 0.173327 0.751760 0.173327 0.767158 0.169649 0.767158
1 0.513784 0.669700 0.519370 0.669700 0.519370 0.699467 0.513784 0.699467
1 0.390815 0.143088 0.397811 0.143088 0.397811 0.156560 0.390815 0.156560
1 0.210385 0.096225 0.212980 0.096225 0.212980 0.112358 0.210385 0.112358
1 0.239064 0.095982 0.241968 0.095982 0.241968 0.111378 0.239064 0.111378
1 0.236720 0.144082 0.252447 0.144082 0.252447 0.148401 0.236720 0.148401
1 0.178303 0.133235 0.194030 0.133235 0.194030 0.137554 0.178303 0.137554
1 0.178564 0.163032 0.193799 0.163032 0.193799 0.166878 0.178564 0.166878
1 0.172446 0.172770 0.187673 0.172770 0.187673 0.177366 0.172446 0.177366
1 0.195316 0.207141 0.210544 0.207141 0.210544 0.211737 0.195316 0.211737
1 0.195316 0.207141 0.210544 0.207141 0.210544 0.211737 0.195316 0.211737
1 0.172446 0.203612 0.187673 0.203612 0.187673 0.208209 0.172446 0.208209
1 0.223675 0.217727 0.238903 0.217727 0.238903 0.222323 0.223675 0.222323
1 0.223675 0.186492 0.238903 0.186492 0.238903 0.191088 0.223675 0.191088
1 0.265265 0.220105 0.280493 0.220105 0.280493 0.224701 0.265265 0.224701
1 0.287518 0.190820 0.302909 0.190820 0.302909 0.194990 0.287518 0.194990
1 0.265004 0.190852 0.279975 0.190852 0.279975 0.194891 0.265004 0.194891
1 0.286886 0.220001 0.302114 0.220001 0.302114 0.224597 0.286886 0.224597
1 0.138945 0.226090 0.154500 0.226090 0.154500 0.230427 0.138945 0.230427
1 0.139206 0.195901 0.154761 0.195901 0.154761 0.200238 0.139206 0.200238
1 0.170049 0.258501 0.185604 0.258501 0.185604 0.262838 0.170049 0.262838
1 0.127527 0.248138 0.131531 0.248138 0.131531 0.263173 0.127527 0.263173
1 0.171355 0.270916 0.186911 0.270916 0.186911 0.275253 0.171355 0.275253
1 0.145479 0.270916 0.161034 0.270916 0.161034 0.275253 0.145479 0.275253
1 0.115944 0.270916 0.131499 0.270916 0.131499 0.275253 0.115944 0.275253
1 0.115813 0.301497 0.131368 0.301497 0.131368 0.305834 0.115813 0.305834
1 0.144564 0.300451 0.160120 0.300451 0.160120 0.304788 0.144564 0.304788
1 0.171617 0.300974 0.187172 0.300974 0.187172 0.305311 0.171617 0.305311
1 0.195010 0.302020 0.210565 0.302020 0.210565 0.306357 0.195010 0.306357
1 0.195010 0.271047 0.210565 0.271047 0.210565 0.275384 0.195010 0.275384
1 0.221147 0.260200 0.236703 0.260200 0.236703 0.264537 0.221147 0.264537
1 0.271070 0.298230 0.286625 0.298230 0.286625 0.302567 0.271070 0.302567
1 0.341488 0.022445 0.350745 0.022445 0.350745 0.025551 0.341488 0.025551
1 0.341615 0.003170 0.350871 0.003170 0.350871 0.006277 0.341615 0.006277
1 0.341010 0.048238 0.350267 0.048238 0.350267 0.051344 0.341010 0.051344
1 0.357926 0.047754 0.367183 0.047754 0.367183 0.050861 0.357926 0.050861
1 0.358288 0.067086 0.367545 0.067086 0.367545 0.070193 0.358288 0.070193
1 0.341373 0.067328 0.350630 0.067328 0.350630 0.070435 0.341373 0.070435
1 0.308496 0.172329 0.324223 0.172329 0.324223 0.176648 0.308496 0.176648
1 0.308568 0.143165 0.324255 0.143165 0.324255 0.146937 0.308568 0.146937
1 0.309859 0.220704 0.324869 0.220704 0.324869 0.224688 0.309859 0.224688
1 0.309254 0.190999 0.324950 0.190999 0.324950 0.195188 0.309254 0.195188
1 0.090214 0.276487 0.105770 0.276487 0.105770 0.280824 0.090214 0.280824
1 0.090423 0.245249 0.105978 0.245249 0.105978 0.249586 0.090423 0.249586
1 0.368509 0.175366 0.375839 0.175366 0.375839 0.189595 0.368509 0.189595
1 0.390376 0.175782 0.397706 0.175782 0.397706 0.190012 0.390376 0.190012
1 0.416867 0.143297 0.424713 0.143297 0.424713 0.146413 0.416867 0.146413
1 0.417098 0.162566 0.424944 0.162566 0.424944 0.165681 0.417098 0.165681
1 0.416060 0.194758 0.425867 0.194758 0.425867 0.197988 0.416060 0.197988
1 0.416060 0.194758 0.425867 0.194758 0.425867 0.197988 0.416060 0.197988
1 0.415367 0.174450 0.425175 0.174450 0.425175 0.177681 0.415367 0.177681
1 0.366099 0.225911 0.375907 0.225911 0.375907 0.229141 0.366099 0.229141
1 0.349600 0.225795 0.359407 0.225795 0.359407 0.229026 0.349600 0.229026
1 0.349831 0.245987 0.359638 0.245987 0.359638 0.249218 0.349831 0.249218
1 0.366676 0.245756 0.376484 0.245756 0.376484 0.248987 0.366676 0.248987
1 0.339100 0.272294 0.348908 0.272294 0.348908 0.275525 0.339100 0.275525
1 0.338754 0.252795 0.348561 0.252795 0.348561 0.256025 0.338754 0.256025
1 0.318678 0.282794 0.328485 0.282794 0.328485 0.286024 0.318678 0.286024
1 0.318908 0.262948 0.328716 0.262948 0.328716 0.266179 0.318908 0.266179
1 0.300909 0.262948 0.310716 0.262948 0.310716 0.266179 0.300909 0.266179
1 0.302063 0.282332 0.311870 0.282332 0.311870 0.285563 0.302063 0.285563
1 0.299290 0.244031 0.303308 0.244031 0.303308 0.253836 0.299290 0.253836
1 0.320004 0.243753 0.324022 0.243753 0.324022 0.253558 0.320004 0.253558
1 0.321743 0.322179 0.325761 0.322179 0.325761 0.331984 0.321743 0.331984
1 0.301347 0.322337 0.305364 0.322337 0.305364 0.332142 0.301347 0.332142
1 0.280791 0.311111 0.284809 0.311111 0.284809 0.320916 0.280791 0.320916
1 0.260236 0.311111 0.264254 0.311111 0.264254 0.320916 0.260236 0.320916
1 0.260236 0.331982 0.264254 0.331982 0.264254 0.341787 0.260236 0.341787
1 0.280950 0.331982 0.284967 0.331982 0.284967 0.341787 0.280950 0.341787
1 0.174862 0.336267 0.184669 0.336267 0.184669 0.339497 0.174862 0.339497
1 0.174862 0.316090 0.184669 0.316090 0.184669 0.319320 0.174862 0.319320
1 0.241260 0.321098 0.251711 0.321098 0.251711 0.324549 0.241260 0.324549
1 0.241403 0.300921 0.251855 0.300921 0.251855 0.304372 0.241403 0.304372
1 0.236251 0.343565 0.246703 0.343565 0.246703 0.347016 0.236251 0.347016
1 0.236680 0.363885 0.247132 0.363885 0.247132 0.367336 0.236680 0.367336
0 0.253686 0.350814 0.261872 0.350814 0.261872 0.367193 0.253686 0.367193
1 0.253509 0.367349 0.262365 0.367349 0.262365 0.369502 0.253509 0.369502
1 0.252838 0.348166 0.262300 0.348166 0.262300 0.350507 0.252838 0.350507
1 0.232216 0.406768 0.247771 0.406768 0.247771 0.411105 0.232216 0.411105
1 0.232788 0.376145 0.248343 0.376145 0.248343 0.380482 0.232788 0.380482
1 0.126034 0.390210 0.141633 0.390210 0.141633 0.394294 0.126034 0.394294
1 0.126483 0.359626 0.142082 0.359626 0.142082 0.363711 0.126483 0.363711
1 0.126483 0.359626 0.142082 0.359626 0.142082 0.363711 0.126483 0.363711
1 0.161307 0.404868 0.164840 0.404868 0.164840 0.420546 0.161307 0.420546
1 0.161307 0.404868 0.164840 0.404868 0.164840 0.420546 0.161307 0.420546
1 0.156007 0.427501 0.159540 0.427501 0.159540 0.443179 0.156007 0.443179
1 0.126528 0.427722 0.130061 0.427722 0.130061 0.443400 0.126528 0.443400
1 0.131828 0.405309 0.135361 0.405309 0.135361 0.420987 0.131828 0.420987
1 0.177316 0.390073 0.180849 0.390073 0.180849 0.405751 0.177316 0.405751
1 0.206905 0.389521 0.210438 0.389521 0.210438 0.405199 0.206905 0.405199
1 0.206905 0.411823 0.210438 0.411823 0.210438 0.427501 0.206905 0.427501
1 0.177095 0.411934 0.180628 0.411934 0.180628 0.427612 0.177095 0.427612
1 0.119633 0.463542 0.135066 0.463542 0.135066 0.467770 0.119633 0.467770
1 0.171133 0.504235 0.174666 0.504235 0.174666 0.519913 0.171133 0.519913
1 0.141764 0.504677 0.145297 0.504677 0.145297 0.520355 0.141764 0.520355
1 0.021054 0.489435 0.024832 0.489435 0.024832 0.504861 0.021054 0.504861
1 0.072134 0.605638 0.087376 0.605638 0.087376 0.609932 0.072134 0.609932
1 0.072134 0.636110 0.087376 0.636110 0.087376 0.640405 0.072134 0.640405
1 0.058443 0.690704 0.062971 0.690704 0.062971 0.706103 0.058443 0.706103
1 0.126455 0.685626 0.130983 0.685626 0.130983 0.701025 0.126455 0.701025
1 0.157479 0.686509 0.162008 0.686509 0.162008 0.701908 0.157479 0.701908
1 0.379081 0.205763 0.383099 0.205763 0.383099 0.215568 0.379081 0.215568
1 0.399004 0.206265 0.403022 0.206265 0.403022 0.216070 0.399004 0.216070
1 0.417587 0.229871 0.421605 0.229871 0.421605 0.239676 0.417587 0.239676
1 0.439686 0.230038 0.443704 0.230038 0.443704 0.239843 0.439686 0.239843
0 0.358439 0.263179 0.375850 0.263179 0.375850 0.272220 0.358439 0.272220
1 0.376358 0.262613 0.380376 0.262613 0.380376 0.272418 0.376358 0.272418
1 0.353904 0.262945 0.357921 0.262945 0.357921 0.272750 0.353904 0.272750
1 0.147419 0.310577 0.161818 0.310577 0.161818 0.314762 0.147419 0.314762
1 0.268914 0.451975 0.284469 0.451975 0.284469 0.456312 0.268914 0.456312
1 0.269093 0.483501 0.284648 0.483501 0.284648 0.487838 0.269093 0.487838
1 0.187742 0.435153 0.191714 0.435153 0.191714 0.444585 0.187742 0.444585
1 0.208194 0.435252 0.212166 0.435252 0.212166 0.444684 0.208194 0.444684
1 0.207938 0.453292 0.210119 0.453292 0.210119 0.461066 0.207938 0.461066
1 0.189296 0.453136 0.191943 0.453136 0.191943 0.461059 0.189296 0.461059
1 0.209721 0.516187 0.213692 0.516187 0.213692 0.525619 0.209721 0.525619
1 0.188627 0.516071 0.192598 0.516071 0.192598 0.525503 0.188627 0.525503
1 0.243562 0.517517 0.245528 0.517517 0.245528 0.526546 0.243562 0.526546
1 0.262038 0.518147 0.264543 0.518147 0.264543 0.526312 0.262038 0.526312
1 0.268922 0.534625 0.271089 0.534625 0.271089 0.542606 0.268922 0.542606
1 0.250143 0.534422 0.252701 0.534422 0.252701 0.542604 0.250143 0.542604
1 0.236495 0.544815 0.240466 0.544815 0.240466 0.554247 0.236495 0.554247
1 0.216328 0.544931 0.220299 0.544931 0.220299 0.554363 0.216328 0.554363
1 0.185788 0.575422 0.201408 0.575422 0.201408 0.579964 0.185788 0.579964
1 0.235336 0.593495 0.239307 0.593495 0.239307 0.602926 0.235336 0.602926
1 0.215284 0.593495 0.219256 0.593495 0.219256 0.602926 0.215284 0.602926
1 0.257589 0.600217 0.261561 0.600217 0.261561 0.609649 0.257589 0.609649
1 0.278104 0.600449 0.282076 0.600449 0.282076 0.609881 0.278104 0.609881
1 0.265703 0.584454 0.269674 0.584454 0.269674 0.593886 0.265703 0.593886
1 0.287608 0.583759 0.291580 0.583759 0.291580 0.593190 0.287608 0.593190
1 0.269889 0.573634 0.277541 0.573634 0.277541 0.576099 0.269889 0.576099
1 0.269694 0.555153 0.277346 0.555153 0.277346 0.557617 0.269694 0.557617
1 0.256721 0.640159 0.260692 0.640159 0.260692 0.649590 0.256721 0.649590
1 0.276968 0.640238 0.280939 0.640238 0.280939 0.649670 0.276968 0.649670
1 0.214442 0.616449 0.230061 0.616449 0.230061 0.620991 0.214442 0.620991
1 0.214659 0.646405 0.230278 0.646405 0.230278 0.650948 0.214659 0.650948
1 0.275665 0.666928 0.279637 0.666928 0.279637 0.676360 0.275665 0.676360
1 0.255794 0.666573 0.259765 0.666573 0.259765 0.676005 0.255794 0.676005
1 0.276354 0.690053 0.280325 0.690053 0.280325 0.699485 0.276354 0.699485
1 0.255521 0.690281 0.259492 0.690281 0.259492 0.699713 0.255521 0.699713
1 0.255748 0.713960 0.259720 0.713960 0.259720 0.723392 0.255748 0.723392
1 0.276354 0.713960 0.280325 0.713960 0.280325 0.723392 0.276354 0.723392
1 0.297301 0.689256 0.301272 0.689256 0.301272 0.698688 0.297301 0.698688
1 0.317907 0.670472 0.321878 0.670472 0.321878 0.679904 0.317907 0.679904
1 0.317907 0.689370 0.321878 0.689370 0.321878 0.698802 0.317907 0.698802
1 0.297643 0.670244 0.301614 0.670244 0.301614 0.679676 0.297643 0.679676
1 0.297529 0.712936 0.301500 0.712936 0.301500 0.722367 0.297529 0.722367
1 0.317793 0.713163 0.321764 0.713163 0.321764 0.722595 0.317793 0.722595
1 0.093481 0.718050 0.098009 0.718050 0.098009 0.733449 0.093481 0.733449
1 0.062287 0.718050 0.066815 0.718050 0.066815 0.733449 0.062287 0.733449
1 0.139723 0.752648 0.143400 0.752648 0.143400 0.768046 0.139723 0.768046
1 0.180047 0.754550 0.183725 0.754550 0.183725 0.769948 0.180047 0.769948
1 0.209719 0.754423 0.213397 0.754423 0.213397 0.769821 0.209719 0.769821
1 0.221132 0.783969 0.224810 0.783969 0.224810 0.799367 0.221132 0.799367
1 0.191333 0.783589 0.195010 0.783589 0.195010 0.798986 0.191333 0.798986
1 0.180935 0.781179 0.184612 0.781179 0.184612 0.796577 0.180935 0.796577
1 0.151135 0.782067 0.154813 0.782067 0.154813 0.797464 0.151135 0.797464
1 0.141204 0.711062 0.158407 0.711062 0.158407 0.714748 0.141204 0.714748
1 0.141110 0.740835 0.158312 0.740835 0.158312 0.744522 0.141110 0.744522
1 0.235616 0.782091 0.239293 0.782091 0.239293 0.797489 0.235616 0.797489
1 0.265790 0.782091 0.269468 0.782091 0.269468 0.797489 0.265790 0.797489
1 0.098446 0.637508 0.102974 0.637508 0.102974 0.652907 0.098446 0.652907
1 0.129088 0.637269 0.133616 0.637269 0.133616 0.652668 0.129088 0.652668
1 0.065374 0.882867 0.069052 0.882867 0.069052 0.898264 0.065374 0.898264
1 0.035058 0.884488 0.038736 0.884488 0.038736 0.899886 0.035058 0.899886
1 0.080289 0.912735 0.083167 0.912735 0.083167 0.921321 0.080289 0.921321
1 0.060025 0.912897 0.062902 0.912897 0.062902 0.921483 0.060025 0.921483
1 0.089368 0.870097 0.105053 0.870097 0.105053 0.873820 0.089368 0.873820
1 0.089854 0.839943 0.105539 0.839943 0.105539 0.843666 0.089854 0.843666
1 0.248577 0.994181 0.256625 0.994181 0.256625 0.997692 0.248577 0.997692
1 0.248198 0.973487 0.256246 0.973487 0.256246 0.976998 0.248198 0.976998
1 0.507568 0.922737 0.510445 0.922737 0.510445 0.931323 0.507568 0.931323
1 0.528182 0.922493 0.531059 0.922493 0.531059 0.931079 0.528182 0.931079
1 0.545990 0.920297 0.548868 0.920297 0.548868 0.928883 0.545990 0.928883
1 0.567336 0.920907 0.570213 0.920907 0.570213 0.929493 0.567336 0.929493
1 0.335361 0.748951 0.344329 0.748951 0.344329 0.752486 0.335361 0.752486
1 0.334857 0.729215 0.343826 0.729215 0.343826 0.732750 0.334857 0.732750
1 0.425717 0.711399 0.434148 0.711399 0.434148 0.715039 0.425717 0.715039
1 0.448948 0.711712 0.457353 0.711712 0.457353 0.715566 0.448948 0.715566
1 0.472449 0.711131 0.480802 0.711131 0.480802 0.714918 0.472449 0.714918
1 0.448717 0.752047 0.457121 0.752047 0.457121 0.755900 0.448717 0.755900
1 0.471753 0.752393 0.480106 0.752393 0.480106 0.756180 0.471753 0.756180
1 0.472333 0.772328 0.480686 0.772328 0.480686 0.776115 0.472333 0.776115
1 0.449036 0.772212 0.457389 0.772212 0.457389 0.775999 0.449036 0.775999
1 0.425856 0.772792 0.434208 0.772792 0.434208 0.776579 0.425856 0.776579
1 0.425508 0.752277 0.433861 0.752277 0.433861 0.756064 0.425508 0.756064
1 0.415358 0.761885 0.418551 0.761885 0.418551 0.770327 0.415358 0.770327
1 0.396103 0.762061 0.399296 0.762061 0.399296 0.770504 0.396103 0.770504
1 0.389331 0.726201 0.392524 0.726201 0.392524 0.734643 0.389331 0.734643
1 0.408587 0.726083 0.411779 0.726083 0.411779 0.734525 0.408587 0.734525
1 0.515689 0.763556 0.519208 0.763556 0.519208 0.771265 0.515689 0.771265
1 0.526534 0.765770 0.534566 0.765770 0.534566 0.769783 0.526534 0.769783
1 0.495264 0.741959 0.498783 0.741959 0.498783 0.749668 0.495264 0.749668
1 0.515309 0.741812 0.518829 0.741812 0.518829 0.749521 0.515309 0.749521
1 0.527836 0.748636 0.531355 0.748636 0.531355 0.756345 0.527836 0.756345
1 0.547034 0.748730 0.550553 0.748730 0.550553 0.756439 0.547034 0.756439
1 0.541672 0.728537 0.545191 0.728537 0.545191 0.736246 0.541672 0.736246
1 0.521573 0.728350 0.525092 0.728350 0.525092 0.736059 0.521573 0.736059
1 0.625242 0.770555 0.628761 0.770555 0.628761 0.778264 0.625242 0.778264
1 0.622040 0.791900 0.625559 0.791900 0.625559 0.799609 0.622040 0.799609
1 0.642185 0.792167 0.645704 0.792167 0.645704 0.799876 0.642185 0.799876
1 0.645253 0.770555 0.648772 0.770555 0.648772 0.778264 0.645253 0.778264
1 0.652457 0.748542 0.655977 0.748542 0.655977 0.756251 0.652457 0.756251
1 0.672335 0.749076 0.675855 0.749076 0.675855 0.756785 0.672335 0.756785
1 0.694348 0.751610 0.697867 0.751610 0.697867 0.759319 0.694348 0.759319
1 0.714093 0.751877 0.717612 0.751877 0.717612 0.759586 0.714093 0.759586
1 0.683008 0.721460 0.686527 0.721460 0.686527 0.729169 0.683008 0.729169
1 0.682741 0.703716 0.686261 0.703716 0.686261 0.711425 0.682741 0.711425
1 0.662596 0.720926 0.666116 0.720926 0.666116 0.728635 0.662596 0.728635
1 0.662730 0.703583 0.666249 0.703583 0.666249 0.711292 0.662730 0.711292
1 0.623374 0.731199 0.631809 0.731199 0.631809 0.734669 0.623374 0.734669
1 0.623374 0.711721 0.631809 0.711721 0.631809 0.715191 0.623374 0.715191
1 0.689785 0.790966 0.698220 0.790966 0.698220 0.794436 0.689785 0.794436
1 0.689278 0.771222 0.697714 0.771222 0.697714 0.774692 0.689278 0.774692
1 0.686093 0.686121 0.689612 0.686121 0.689612 0.693830 0.686093 0.693830
1 0.705483 0.685882 0.709003 0.685882 0.709003 0.693591 0.705483 0.693591
1 0.701534 0.669004 0.705053 0.669004 0.705053 0.676713 0.701534 0.676713
1 0.682023 0.668645 0.685542 0.668645 0.685542 0.676354 0.682023 0.676354
1 0.682023 0.668645 0.685542 0.668645 0.685542 0.676354 0.682023 0.676354
1 0.839942 0.588683 0.848564 0.588683 0.848564 0.592532 0.839942 0.592532
1 0.840423 0.609252 0.849046 0.609252 0.849046 0.613100 0.840423 0.613100
1 0.839848 0.548064 0.848470 0.548064 0.848470 0.551912 0.839848 0.551912
1 0.720868 0.575369 0.729491 0.575369 0.729491 0.579217 0.720868 0.579217
1 0.720601 0.554557 0.729224 0.554557 0.729224 0.558405 0.720601 0.558405
1 0.721535 0.530944 0.730158 0.530944 0.730158 0.534792 0.721535 0.534792
1 0.721669 0.510398 0.730291 0.510398 0.730291 0.514247 0.721669 0.514247
1 0.788966 0.506137 0.793394 0.506137 0.793394 0.514514 0.788966 0.514514
1 0.809778 0.505737 0.814206 0.505737 0.814206 0.514113 0.809778 0.514113
1 0.753222 0.439193 0.761351 0.439193 0.761351 0.443152 0.753222 0.443152
1 0.789578 0.439399 0.797707 0.439399 0.797707 0.443359 0.789578 0.443359
1 0.806311 0.444357 0.814439 0.444357 0.814439 0.448317 0.806311 0.448317
1 0.806104 0.423906 0.814233 0.423906 0.814233 0.427866 0.806104 0.427866
1 0.788959 0.419155 0.797088 0.419155 0.797088 0.423115 0.788959 0.423115
1 0.772020 0.419155 0.780149 0.419155 0.780149 0.423115 0.772020 0.423115
1 0.753429 0.418742 0.761557 0.418742 0.761557 0.422702 0.753429 0.422702
1 0.823510 0.403259 0.838622 0.403259 0.838622 0.407776 0.823510 0.407776
1 0.770367 0.362142 0.778496 0.362142 0.778496 0.366102 0.770367 0.366102
1 0.804658 0.349748 0.812787 0.349748 0.812787 0.353707 0.804658 0.353707
1 0.804658 0.328471 0.812787 0.328471 0.812787 0.332431 0.804658 0.332431
1 0.770373 0.341271 0.778502 0.341271 0.778502 0.345231 0.770373 0.345231
1 0.805589 0.473446 0.809746 0.473446 0.809746 0.490672 0.805589 0.490672
1 0.836090 0.473446 0.840247 0.473446 0.840247 0.490672 0.836090 0.490672
1 0.869814 0.113212 0.885401 0.113212 0.885401 0.116958 0.869814 0.116958
1 0.836090 0.473446 0.840247 0.473446 0.840247 0.490672 0.836090 0.490672
1 0.869935 0.083731 0.885521 0.083731 0.885521 0.087477 0.869935 0.087477
1 0.669281 0.084087 0.671990 0.084087 0.671990 0.093037 0.669281 0.093037
1 0.648789 0.073959 0.657563 0.073959 0.657563 0.077256 0.648789 0.077256
1 0.649319 0.083969 0.652028 0.083969 0.652028 0.092920 0.649319 0.092920
1 0.649143 0.053467 0.657916 0.053467 0.657916 0.056765 0.649143 0.056765
1 0.638367 0.028147 0.647141 0.028147 0.647141 0.031444 0.638367 0.031444
1 0.638308 0.007478 0.647082 0.007478 0.647082 0.010776 0.638308 0.010776
1 0.358311 0.301227 0.364622 0.301227 0.364622 0.330016 0.358311 0.330016
1 0.349773 0.300886 0.356084 0.300886 0.356084 0.329675 0.349773 0.329675
1 0.530182 0.669736 0.535904 0.669736 0.535904 0.698096 0.530182 0.698096
1 0.522156 0.669394 0.527878 0.669394 0.527878 0.697754 0.522156 0.697754
1 0.479440 0.669681 0.485018 0.669681 0.485018 0.699057 0.479440 0.699057
1 0.445412 0.669300 0.451076 0.669300 0.451076 0.698755 0.445412 0.698755
1 0.436703 0.669300 0.442367 0.669300 0.442367 0.698755 0.436703 0.698755
1 0.428336 0.669300 0.433999 0.669300 0.433999 0.698755 0.428336 0.698755
1 0.419627 0.669300 0.425290 0.669300 0.425290 0.698755 0.419627 0.698755
1 0.640802 0.300691 0.646819 0.300691 0.646819 0.329084 0.640802 0.329084
1 0.624094 0.300353 0.630196 0.300353 0.630196 0.329553 0.624094 0.329553
1 0.572435 0.300264 0.578499 0.300264 0.578499 0.329545 0.572435 0.329545
1 0.580720 0.300182 0.586822 0.300182 0.586822 0.329382 0.580720 0.329382
1 0.589600 0.300182 0.595702 0.300182 0.595702 0.329382 0.589600 0.329382
1 0.598111 0.300521 0.604128 0.300521 0.604128 0.328914 0.598111 0.328914
1 0.606649 0.301033 0.612666 0.301033 0.612666 0.329426 0.606649 0.329426
1 0.530427 0.300264 0.536491 0.300264 0.536491 0.329545 0.530427 0.329545
1 0.487052 0.300094 0.493116 0.300094 0.493116 0.329374 0.487052 0.329374
1 0.495338 0.300011 0.501440 0.300011 0.501440 0.329211 0.495338 0.329211
1 0.504217 0.300011 0.510319 0.300011 0.510319 0.329211 0.504217 0.329211
1 0.512729 0.300350 0.518746 0.300350 0.518746 0.328743 0.512729 0.328743
1 0.521267 0.300862 0.527284 0.300862 0.527284 0.329255 0.521267 0.329255
1 0.538541 0.300182 0.544643 0.300182 0.544643 0.329382 0.538541 0.329382
1 0.547421 0.300182 0.553523 0.300182 0.553523 0.329382 0.547421 0.329382
1 0.555249 0.300521 0.561266 0.300521 0.561266 0.328914 0.555249 0.328914
1 0.563958 0.301033 0.569975 0.301033 0.569975 0.329426 0.563958 0.329426
1 0.479368 0.301118 0.485432 0.301118 0.485432 0.330399 0.479368 0.330399
1 0.470208 0.301716 0.476225 0.301716 0.476225 0.330109 0.470208 0.330109
1 0.461670 0.301204 0.467687 0.301204 0.467687 0.329597 0.461670 0.329597
1 0.453159 0.300865 0.459261 0.300865 0.459261 0.330065 0.453159 0.330065
1 0.444279 0.300865 0.450381 0.300865 0.450381 0.330065 0.444279 0.330065
1 0.435994 0.300947 0.442057 0.300947 0.442057 0.330228 0.435994 0.330228
1 0.418835 0.301355 0.425154 0.301355 0.425154 0.330397 0.418835 0.330397
1 0.401935 0.301429 0.408153 0.301429 0.408153 0.330258 0.401935 0.330258
1 0.393738 0.301429 0.399957 0.301429 0.399957 0.330258 0.393738 0.330258
1 0.384517 0.301429 0.390735 0.301429 0.390735 0.330258 0.384517 0.330258
1 0.023576 0.882243 0.027526 0.882243 0.027526 0.897663 0.023576 0.897663
