0 0.267126 0.508676 0.599567 0.508676 0.599567 0.844697 0.267126 0.844697
0 0.711031 0.135572 0.779725 0.135572 0.779725 0.188548 0.711031 0.188548
0 0.282715 0.909768 0.304198 0.909768 0.304198 0.941733 0.282715 0.941733
0 0.293194 0.333669 0.326500 0.333669 0.326500 0.351941 0.293194 0.351941
0 0.670320 0.733476 0.712418 0.733476 0.712418 0.786983 0.670320 0.786983
0 0.763488 0.265874 0.783847 0.265874 0.783847 0.299128 0.763488 0.299128
0 0.730341 0.264731 0.751583 0.264731 0.751583 0.298641 0.730341 0.298641
0 0.361657 0.335275 0.395100 0.335275 0.395100 0.353552 0.361657 0.353552
0 0.071965 0.926535 0.097157 0.926535 0.097157 0.939702 0.071965 0.939702
0 0.075957 0.679810 0.101372 0.679810 0.101372 0.693337 0.075957 0.693337
0 0.057769 0.538780 0.072766 0.538780 0.072766 0.564566 0.057769 0.564566
0 0.798640 0.267289 0.810335 0.267289 0.810335 0.292380 0.798640 0.292380
0 0.167354 0.957459 0.193077 0.957459 0.193077 0.970907 0.167354 0.970907
0 0.082255 0.158008 0.108425 0.158008 0.108425 0.172110 0.082255 0.172110
0 0.067509 0.375316 0.080734 0.375316 0.080734 0.400506 0.067509 0.400506
0 0.199394 0.632199 0.213429 0.632199 0.213429 0.658037 0.199394 0.658037
0 0.164890 0.324600 0.178507 0.324600 0.178507 0.349989 0.164890 0.349989
0 0.032000 0.812463 0.057724 0.812463 0.057724 0.826205 0.032000 0.826205
0 0.236319 0.323924 0.249358 0.323924 0.249358 0.349192 0.236319 0.349192
1 0.689110 0.137796 0.710740 0.137796 0.710740 0.181853 0.689110 0.181853
0 0.739153 0.653482 0.765185 0.653482 0.765185 0.669126 0.739153 0.669126
0 0.099320 0.352977 0.112468 0.352977 0.112468 0.378524 0.099320 0.378524
0 0.038818 0.918980 0.060095 0.918980 0.060095 0.952519 0.038818 0.952519
0 0.083416 0.957055 0.108828 0.957055 0.108828 0.971307 0.083416 0.971307
0 0.051524 0.642978 0.064434 0.642978 0.064434 0.668052 0.051524 0.668052
0 0.192422 0.371181 0.204868 0.371181 0.204868 0.396409 0.192422 0.396409
0 0.017364 0.424505 0.030371 0.424505 0.030371 0.450052 0.017364 0.450052
0 0.111761 0.587090 0.137477 0.587090 0.137477 0.601670 0.111761 0.601670
0 0.112290 0.929686 0.137757 0.929686 0.137757 0.942959 0.112290 0.942959
0 0.121519 0.450681 0.135065 0.450681 0.135065 0.476511 0.121519 0.476511
0 0.164137 0.556632 0.178193 0.556632 0.178193 0.582039 0.164137 0.582039
0 0.061164 0.602967 0.086671 0.602967 0.086671 0.616395 0.061164 0.616395
0 0.106920 0.312587 0.120613 0.312587 0.120613 0.337792 0.106920 0.337792
0 0.112146 0.564870 0.137718 0.564870 0.137718 0.578026 0.112146 0.578026
0 0.097820 0.408185 0.111102 0.408185 0.111102 0.433564 0.097820 0.433564
0 0.140635 0.272901 0.166035 0.272901 0.166035 0.286017 0.140635 0.286017
0 0.145215 0.796389 0.157679 0.796389 0.157679 0.820759 0.145215 0.820759
0 0.043104 0.450041 0.056249 0.450041 0.056249 0.475558 0.043104 0.475558
0 0.059825 0.860537 0.085721 0.860537 0.085721 0.874897 0.059825 0.874897
0 0.070997 0.889441 0.084931 0.889441 0.084931 0.915055 0.070997 0.915055
0 0.214455 0.371573 0.229352 0.371573 0.229352 0.397194 0.214455 0.397194
0 0.079508 0.490036 0.092954 0.490036 0.092954 0.516195 0.079508 0.516195
0 0.123749 0.959195 0.148909 0.959195 0.148909 0.972633 0.123749 0.972633
0 0.753730 0.556613 0.768443 0.556613 0.768443 0.582283 0.753730 0.582283
0 0.150547 0.366942 0.164961 0.366942 0.164961 0.392720 0.150547 0.392720
0 0.065461 0.580580 0.091017 0.580580 0.091017 0.593769 0.065461 0.593769
0 0.400208 0.932570 0.408120 0.932570 0.408120 0.948617 0.400208 0.948617
0 0.057958 0.424394 0.083518 0.424394 0.083518 0.437449 0.057958 0.437449
0 0.034459 0.552876 0.047814 0.552876 0.047814 0.578368 0.034459 0.578368
0 0.116781 0.724735 0.130083 0.724735 0.130083 0.750043 0.116781 0.750043
0 0.572373 0.046204 0.580024 0.046204 0.580024 0.062107 0.572373 0.062107
0 0.198222 0.446971 0.212086 0.446971 0.212086 0.473067 0.198222 0.473067
0 0.148511 0.440108 0.162745 0.440108 0.162745 0.466052 0.148511 0.466052
0 0.579629 0.262766 0.596677 0.262766 0.596677 0.271552 0.579629 0.271552
0 0.099849 0.450560 0.112530 0.450560 0.112530 0.476287 0.099849 0.476287
0 0.230316 0.865067 0.246059 0.865067 0.246059 0.872762 0.230316 0.872762
0 0.124100 0.357170 0.137422 0.357170 0.137422 0.382692 0.124100 0.382692
0 0.237123 0.371535 0.250842 0.371535 0.250842 0.397367 0.237123 0.397367
0 0.377123 0.891959 0.384785 0.891959 0.384785 0.907787 0.377123 0.907787
0 0.182667 0.709217 0.198535 0.709217 0.198535 0.717131 0.182667 0.717131
0 0.188522 0.865549 0.204335 0.865549 0.204335 0.873434 0.188522 0.873434
0 0.230506 0.846062 0.246311 0.846062 0.246311 0.853689 0.230506 0.853689
1 0.235157 0.642538 0.263401 0.642538 0.263401 0.649147 0.235157 0.649147
0 0.002223 0.784413 0.015366 0.784413 0.015366 0.810029 0.002223 0.810029
0 0.576237 0.100839 0.585381 0.100839 0.585381 0.117476 0.576237 0.117476
1 0.682260 0.787210 0.699170 0.787210 0.699170 0.794047 0.682260 0.794047
0 0.072586 0.450646 0.085408 0.450646 0.085408 0.476006 0.072586 0.476006
0 0.700936 0.524783 0.709277 0.524783 0.709277 0.540523 0.700936 0.540523
1 0.728053 0.254804 0.754345 0.254804 0.754345 0.264752 0.728053 0.264752
0 0.454572 0.946662 0.462554 0.946662 0.462554 0.962441 0.454572 0.962441
1 0.037299 0.952732 0.060737 0.952732 0.060737 0.962046 0.037299 0.962046
0 0.354150 0.932794 0.362244 0.932794 0.362244 0.948463 0.354150 0.948463
1 0.729393 0.298983 0.752717 0.298983 0.752717 0.307568 0.729393 0.307568
1 0.601949 0.806827 0.630073 0.806827 0.630073 0.813499 0.601949 0.813499
1 0.234726 0.599836 0.263677 0.599836 0.263677 0.606422 0.234726 0.606422
1 0.281515 0.941934 0.305761 0.941934 0.305761 0.952283 0.281515 0.952283
0 0.769404 0.771876 0.777076 0.771876 0.777076 0.787701 0.769404 0.787701
0 0.293572 0.405524 0.301703 0.405524 0.301703 0.421069 0.293572 0.421069
0 0.230011 0.889123 0.245804 0.889123 0.245804 0.896646 0.230011 0.896646
0 0.650956 0.692674 0.658863 0.692674 0.658863 0.708709 0.650956 0.708709
1 0.234597 0.693632 0.263051 0.693632 0.263051 0.700153 0.234597 0.700153
0 0.377017 0.932761 0.385068 0.932761 0.385068 0.948665 0.377017 0.948665
0 0.543963 0.093831 0.551998 0.093831 0.551998 0.109862 0.543963 0.109862
1 0.602227 0.755735 0.630322 0.755735 0.630322 0.762162 0.602227 0.762162
1 0.235176 0.650853 0.263380 0.650853 0.263380 0.657546 0.235176 0.657546
1 0.294839 0.352395 0.302726 0.352395 0.302726 0.367877 0.294839 0.367877
0 0.190318 0.776025 0.206327 0.776025 0.206327 0.784119 0.190318 0.784119
0 0.343778 0.323510 0.351290 0.323510 0.351290 0.338898 0.343778 0.338898
1 0.780016 0.138483 0.800628 0.138483 0.800628 0.182208 0.780016 0.182208
0 0.186100 0.014161 0.193596 0.014161 0.193596 0.029586 0.186100 0.029586
1 0.234716 0.702158 0.262964 0.702158 0.262964 0.708859 0.234716 0.708859
0 0.285703 0.227078 0.294839 0.227078 0.294839 0.243762 0.285703 0.243762
1 0.601823 0.823901 0.629955 0.823901 0.629955 0.829997 0.601823 0.829997
1 0.233921 0.736457 0.262846 0.736457 0.262846 0.742808 0.233921 0.742808
0 0.594910 0.101023 0.604069 0.101023 0.604069 0.117712 0.594910 0.117712
0 0.263216 0.907675 0.272130 0.907675 0.272130 0.924283 0.263216 0.924283
1 0.234835 0.608319 0.263711 0.608319 0.263711 0.614945 0.234835 0.614945
0 0.613976 0.846117 0.629558 0.846117 0.629558 0.854291 0.613976 0.854291
0 0.198830 0.732703 0.206720 0.732703 0.206720 0.748625 0.198830 0.748625
1 0.235139 0.659360 0.263324 0.659360 0.263324 0.666067 0.235139 0.666067
1 0.281439 0.900407 0.306272 0.900407 0.306272 0.909452 0.281439 0.909452
1 0.602383 0.713028 0.631800 0.713028 0.631800 0.719138 0.602383 0.719138
1 0.233546 0.787501 0.262565 0.787501 0.262565 0.794073 0.233546 0.794073
1 0.602129 0.764213 0.630229 0.764213 0.630229 0.770700 0.602129 0.770700
0 0.184754 0.526407 0.192794 0.526407 0.192794 0.542102 0.184754 0.542102
1 0.295200 0.319231 0.302638 0.319231 0.302638 0.333571 0.295200 0.333571
0 0.683134 0.601489 0.690996 0.601489 0.690996 0.617299 0.683134 0.617299
0 0.649631 0.736327 0.658975 0.736327 0.658975 0.753326 0.649631 0.753326
0 0.239643 0.155264 0.248689 0.155264 0.248689 0.171871 0.239643 0.171871
1 0.234038 0.753307 0.262741 0.753307 0.262741 0.759889 0.234038 0.759889
0 0.427309 0.940196 0.443080 0.940196 0.443080 0.948412 0.427309 0.948412
0 0.270867 0.182840 0.278346 0.182840 0.278346 0.198638 0.270867 0.198638
0 0.509164 0.131267 0.526179 0.131267 0.526179 0.141078 0.509164 0.141078
0 0.150432 0.719786 0.165984 0.719786 0.165984 0.727920 0.150432 0.727920
0 0.175874 0.692532 0.192187 0.692532 0.192187 0.700845 0.175874 0.700845
1 0.233798 0.795848 0.262356 0.795848 0.262356 0.802597 0.233798 0.802597
0 0.227997 0.442405 0.236285 0.442405 0.236285 0.458010 0.227997 0.458010
0 0.349222 0.407534 0.365249 0.407534 0.365249 0.416085 0.349222 0.416085
1 0.603512 0.576447 0.631581 0.576447 0.631581 0.582988 0.603512 0.582988
0 0.427059 0.918105 0.442545 0.918105 0.442545 0.926173 0.427059 0.926173
0 0.199497 0.759153 0.216451 0.759153 0.216451 0.768350 0.199497 0.768350
1 0.603215 0.619180 0.631708 0.619180 0.631708 0.625064 0.603215 0.625064
0 0.734860 0.512259 0.743847 0.512259 0.743847 0.528559 0.734860 0.528559
0 0.122733 0.627351 0.138408 0.627351 0.138408 0.635347 0.122733 0.635347
1 0.602298 0.721604 0.630746 0.721604 0.630746 0.727844 0.602298 0.727844
0 0.539811 0.134317 0.556661 0.134317 0.556661 0.143593 0.539811 0.143593
0 0.701528 0.601677 0.709398 0.601677 0.709398 0.617745 0.701528 0.617745
1 0.602060 0.772747 0.630287 0.772747 0.630287 0.779272 0.602060 0.779272
0 0.168302 0.523065 0.177018 0.523065 0.177018 0.539088 0.168302 0.539088
0 0.400853 0.891735 0.408348 0.891735 0.408348 0.907562 0.400853 0.907562
1 0.601926 0.815363 0.630295 0.815363 0.630295 0.821928 0.601926 0.821928
0 0.189972 0.815748 0.205725 0.815748 0.205725 0.823958 0.189972 0.823958
1 0.602642 0.670343 0.630946 0.670343 0.630946 0.676634 0.602642 0.676634
1 0.306342 0.319645 0.313790 0.319645 0.313790 0.333398 0.306342 0.333398
0 0.735612 0.607020 0.745148 0.607020 0.745148 0.623610 0.735612 0.623610
1 0.233977 0.744819 0.262832 0.744819 0.262832 0.751403 0.233977 0.751403
0 0.723117 0.685147 0.738573 0.685147 0.738573 0.693299 0.723117 0.693299
1 0.603135 0.627668 0.631342 0.627668 0.631342 0.633679 0.603135 0.633679
0 0.768683 0.731188 0.776874 0.731188 0.776874 0.746990 0.768683 0.746990
0 0.188675 0.842849 0.204560 0.842849 0.204560 0.850444 0.188675 0.850444
1 0.602705 0.661792 0.631159 0.661792 0.631159 0.668091 0.602705 0.668091
0 0.543596 0.060963 0.551472 0.060963 0.551472 0.076505 0.543596 0.076505
0 0.551582 0.892535 0.559170 0.892535 0.559170 0.908452 0.551582 0.908452
0 0.553047 0.968873 0.569019 0.968873 0.569019 0.977967 0.553047 0.977967
1 0.235276 0.557152 0.263991 0.557152 0.263991 0.563650 0.235276 0.563650
0 0.266207 0.431543 0.274051 0.431543 0.274051 0.447368 0.266207 0.447368
0 0.594757 0.881463 0.610293 0.881463 0.610293 0.889537 0.594757 0.889537
0 0.625469 0.928745 0.642121 0.928745 0.642121 0.938316 0.625469 0.938316
0 0.327294 0.938257 0.342841 0.938257 0.342841 0.946183 0.327294 0.946183
0 0.617626 0.953060 0.625440 0.953060 0.625440 0.968303 0.617626 0.968303
0 0.309663 0.383322 0.325274 0.383322 0.325274 0.390923 0.309663 0.390923
0 0.718628 0.602194 0.727708 0.602194 0.727708 0.618020 0.718628 0.618020
1 0.602977 0.636218 0.631067 0.636218 0.631067 0.642293 0.602977 0.642293
0 0.459749 0.924851 0.475487 0.924851 0.475487 0.933043 0.459749 0.933043
1 0.234734 0.633943 0.263436 0.633943 0.263436 0.640657 0.234734 0.640657
1 0.603921 0.533692 0.631708 0.533692 0.631708 0.539834 0.603921 0.539834
0 0.576376 0.235883 0.585385 0.235883 0.585385 0.252652 0.576376 0.252652
1 0.234766 0.591305 0.263661 0.591305 0.263661 0.597931 0.234766 0.597931
0 0.106253 0.494395 0.116163 0.494395 0.116163 0.511399 0.106253 0.511399
0 0.354755 0.892061 0.362484 0.892061 0.362484 0.907589 0.354755 0.907589
1 0.603399 0.584990 0.631836 0.584990 0.631836 0.591473 0.603399 0.591473
1 0.235893 0.548612 0.264037 0.548612 0.264037 0.555210 0.235893 0.555210
0 0.245639 0.442213 0.252957 0.442213 0.252957 0.457865 0.245639 0.457865
1 0.385551 0.353803 0.392346 0.353803 0.392346 0.368344 0.385551 0.368344
1 0.603783 0.542256 0.631663 0.542256 0.631663 0.548541 0.603783 0.548541
1 0.762227 0.256837 0.785434 0.256837 0.785434 0.265148 0.762227 0.265148
1 0.234995 0.565602 0.263982 0.565602 0.263982 0.572262 0.234995 0.572262
0 0.149014 0.768667 0.164857 0.768667 0.164857 0.776614 0.149014 0.776614
1 0.494860 0.478625 0.501002 0.478625 0.501002 0.507536 0.494860 0.507536
1 0.234928 0.616645 0.263629 0.616645 0.263629 0.623496 0.234928 0.623496
0 0.188140 0.889629 0.204132 0.889629 0.204132 0.897309 0.188140 0.897309
1 0.234923 0.667967 0.263240 0.667967 0.263240 0.674660 0.234923 0.674660
1 0.233556 0.779034 0.262694 0.779034 0.262694 0.785614 0.233556 0.785614
0 0.122171 0.690355 0.139281 0.690355 0.139281 0.699571 0.122171 0.699571
0 0.453569 0.905203 0.469904 0.905203 0.469904 0.913197 0.453569 0.913197
0 0.618495 0.863190 0.633755 0.863190 0.633755 0.871214 0.618495 0.871214
1 0.761774 0.299246 0.785353 0.299246 0.785353 0.307810 0.761774 0.307810
0 0.195997 0.487455 0.211767 0.487455 0.211767 0.495406 0.195997 0.495406
1 0.602405 0.704463 0.631892 0.704463 0.631892 0.710386 0.602405 0.710386
0 0.584384 0.925757 0.600170 0.925757 0.600170 0.934110 0.584384 0.934110
1 0.409776 0.478666 0.415768 0.478666 0.415768 0.507313 0.409776 0.507313
1 0.234283 0.710625 0.263008 0.710625 0.263008 0.717456 0.234283 0.717456
1 0.602271 0.730063 0.630792 0.730063 0.630792 0.736275 0.602271 0.736275
0 0.276523 0.405391 0.286034 0.405391 0.286034 0.422246 0.276523 0.422246
1 0.603830 0.525103 0.632350 0.525103 0.632350 0.531266 0.603830 0.531266
0 0.343054 0.355244 0.351618 0.355244 0.351618 0.371007 0.343054 0.371007
0 0.284963 0.438953 0.301145 0.438953 0.301145 0.447465 0.284963 0.447465
1 0.603621 0.567994 0.631933 0.567994 0.631933 0.574542 0.603621 0.574542
0 0.085657 0.124878 0.101060 0.124878 0.101060 0.132722 0.085657 0.132722
1 0.529035 0.478633 0.535409 0.478633 0.535409 0.507683 0.529035 0.507683
1 0.503532 0.478600 0.509689 0.478600 0.509689 0.507387 0.503532 0.507387
1 0.546189 0.478875 0.552134 0.478875 0.552134 0.507572 0.546189 0.507572
1 0.601923 0.798406 0.630075 0.798406 0.630075 0.804941 0.601923 0.804941
0 0.556792 0.947951 0.572536 0.947951 0.572536 0.956441 0.556792 0.956441
1 0.363652 0.321094 0.370899 0.321094 0.370899 0.335428 0.363652 0.335428
1 0.602635 0.678767 0.631571 0.678767 0.631571 0.684771 0.602635 0.684771
1 0.374166 0.353997 0.381333 0.353997 0.381333 0.367609 0.374166 0.367609
1 0.537550 0.479079 0.543688 0.479079 0.543688 0.507572 0.537550 0.507572
1 0.234691 0.625198 0.263538 0.625198 0.263538 0.631946 0.234691 0.631946
1 0.367085 0.478482 0.373300 0.478482 0.373300 0.507090 0.367085 0.507090
1 0.486428 0.478594 0.492464 0.478594 0.492464 0.507313 0.486428 0.507313
0 0.174046 0.480667 0.182411 0.480667 0.182411 0.496555 0.174046 0.496555
1 0.602307 0.738590 0.630700 0.738590 0.630700 0.744707 0.602307 0.744707
1 0.400957 0.478444 0.407082 0.478444 0.407082 0.507313 0.400957 0.507313
1 0.358393 0.478348 0.364316 0.478348 0.364316 0.507090 0.358393 0.507090
1 0.602673 0.653204 0.631204 0.653204 0.631204 0.659385 0.602673 0.659385
0 0.229355 0.420094 0.245518 0.420094 0.245518 0.428948 0.229355 0.428948
1 0.580486 0.479610 0.586361 0.479610 0.586361 0.507739 0.580486 0.507739
0 0.195896 0.507657 0.211974 0.507657 0.211974 0.515313 0.195896 0.515313
1 0.234730 0.684943 0.263185 0.684943 0.263185 0.691603 0.234730 0.691603
1 0.233734 0.761892 0.262759 0.761892 0.262759 0.768265 0.233734 0.768265
1 0.234974 0.574061 0.263863 0.574061 0.263863 0.580796 0.234974 0.580796
1 0.235875 0.522946 0.264379 0.522946 0.264379 0.529015 0.235875 0.529015
1 0.317598 0.319895 0.324532 0.319895 0.324532 0.333440 0.317598 0.333440
1 0.452400 0.478968 0.458311 0.478968 0.458311 0.507610 0.452400 0.507610
1 0.484459 0.846353 0.490354 0.846353 0.490354 0.875540 0.484459 0.875540
1 0.037636 0.909638 0.061931 0.909638 0.061931 0.918625 0.037636 0.918625
1 0.571789 0.479567 0.578027 0.479567 0.578027 0.507794 0.571789 0.507794
1 0.233603 0.804538 0.262321 0.804538 0.262321 0.811240 0.233603 0.811240
1 0.390492 0.845779 0.396319 0.845779 0.396319 0.874348 0.390492 0.874348
1 0.682418 0.726351 0.700204 0.726351 0.700204 0.733409 0.682418 0.733409
1 0.317056 0.351991 0.324515 0.351991 0.324515 0.366727 0.317056 0.366727
1 0.460921 0.478602 0.466849 0.478602 0.466849 0.507610 0.460921 0.507610
0 0.594290 0.898176 0.610687 0.898176 0.610687 0.906719 0.594290 0.906719
1 0.234801 0.582722 0.263730 0.582722 0.263730 0.589367 0.234801 0.589367
1 0.349832 0.478274 0.356298 0.478274 0.356298 0.506793 0.349832 0.506793
1 0.347861 0.845630 0.353682 0.845630 0.353682 0.875476 0.347861 0.875476
1 0.392609 0.478323 0.398840 0.478323 0.398840 0.507165 0.392609 0.507165
1 0.443749 0.478923 0.449996 0.478923 0.449996 0.507536 0.443749 0.507536
1 0.603332 0.593550 0.631864 0.593550 0.631864 0.600029 0.603332 0.600029
0 0.320510 0.902205 0.336329 0.902205 0.336329 0.909786 0.320510 0.909786
1 0.234842 0.676542 0.263221 0.676542 0.263221 0.683276 0.234842 0.683276
0 0.269308 0.227778 0.276968 0.227778 0.276968 0.243071 0.269308 0.243071
1 0.603634 0.550807 0.631938 0.550807 0.631938 0.557064 0.603634 0.557064
1 0.234242 0.821890 0.262127 0.821890 0.262127 0.828076 0.234242 0.828076
1 0.364908 0.845630 0.370604 0.845630 0.370604 0.875626 0.364908 0.875626
1 0.235765 0.531367 0.263982 0.531367 0.263982 0.537653 0.235765 0.537653
1 0.234297 0.727849 0.262925 0.727849 0.262925 0.734283 0.234297 0.734283
1 0.233859 0.719285 0.262972 0.719285 0.262972 0.725854 0.233859 0.725854
1 0.603228 0.610760 0.631846 0.610760 0.631846 0.616633 0.603228 0.616633
1 0.235426 0.540120 0.263987 0.540120 0.263987 0.546778 0.235426 0.546778
1 0.602850 0.644693 0.631800 0.644693 0.631800 0.650908 0.602850 0.650908
1 0.233606 0.813249 0.262225 0.813249 0.262225 0.819764 0.233606 0.819764
1 0.435189 0.478585 0.441235 0.478585 0.441235 0.507462 0.435189 0.507462
1 0.527192 0.846606 0.532970 0.846606 0.532970 0.875598 0.527192 0.875598
1 0.363963 0.353679 0.370538 0.353679 0.370538 0.367256 0.363963 0.367256
1 0.602299 0.747314 0.630503 0.747314 0.630503 0.753496 0.602299 0.753496
1 0.602012 0.781037 0.630746 0.781037 0.630746 0.787413 0.602012 0.787413
1 0.233539 0.770447 0.262705 0.770447 0.262705 0.777042 0.233539 0.777042
1 0.578498 0.846691 0.584208 0.846691 0.584208 0.876520 0.578498 0.876520
1 0.101112 0.124727 0.105253 0.124727 0.105253 0.132665 0.101112 0.132665
1 0.081949 0.124963 0.085573 0.124963 0.085573 0.132780 0.081949 0.132780
1 0.108481 0.158185 0.112128 0.158185 0.112128 0.172040 0.108481 0.172040
1 0.078446 0.157554 0.082251 0.157554 0.082251 0.172514 0.078446 0.172514
1 0.166077 0.271886 0.169750 0.271886 0.169750 0.286885 0.166077 0.286885
1 0.137043 0.271373 0.140715 0.271373 0.140715 0.286373 0.137043 0.286373
1 0.163679 0.321031 0.179449 0.321031 0.179449 0.324563 0.163679 0.324563
1 0.164304 0.349914 0.178428 0.349914 0.178428 0.354406 0.164304 0.354406
1 0.150235 0.362804 0.165621 0.362804 0.165621 0.366868 0.150235 0.366868
1 0.150340 0.392727 0.164780 0.392727 0.164780 0.396182 0.150340 0.396182
1 0.192116 0.396532 0.205111 0.396532 0.205111 0.400533 0.192116 0.400533
1 0.192561 0.366096 0.205111 0.366096 0.205111 0.371088 0.192561 0.371088
1 0.214461 0.397150 0.229005 0.397150 0.229005 0.401275 0.214461 0.401275
1 0.214421 0.366277 0.228970 0.366277 0.228970 0.371588 0.214421 0.371588
1 0.237066 0.366513 0.251133 0.366513 0.251133 0.371593 0.237066 0.371593
1 0.236723 0.397585 0.250824 0.397585 0.250824 0.400833 0.236723 0.400833
1 0.245601 0.420411 0.249798 0.420411 0.249798 0.428940 0.245601 0.428940
1 0.225124 0.420168 0.229321 0.420168 0.229321 0.428696 0.225124 0.428696
1 0.227897 0.438109 0.236684 0.438109 0.236684 0.442390 0.227897 0.442390
1 0.227736 0.457965 0.236867 0.457965 0.236867 0.462232 0.227736 0.462232
1 0.245697 0.438010 0.253169 0.438010 0.253169 0.442193 0.245697 0.442193
1 0.245609 0.457827 0.253081 0.457827 0.253081 0.462011 0.245609 0.462011
1 0.266203 0.447438 0.274118 0.447438 0.274118 0.451646 0.266203 0.451646
1 0.266002 0.428277 0.274221 0.428277 0.274221 0.431497 0.266002 0.431497
1 0.281146 0.439074 0.284914 0.439074 0.284914 0.448168 0.281146 0.448168
1 0.305614 0.383139 0.309559 0.383139 0.309559 0.390950 0.305614 0.390950
1 0.293597 0.421128 0.301707 0.421128 0.301707 0.424755 0.293597 0.424755
1 0.293607 0.401918 0.301718 0.401918 0.301718 0.405544 0.293607 0.405544
1 0.276930 0.401727 0.285582 0.401727 0.285582 0.405373 0.276930 0.405373
1 0.277021 0.422205 0.285663 0.422205 0.285663 0.425720 0.277021 0.425720
1 0.301192 0.438678 0.304928 0.438678 0.304928 0.447668 0.301192 0.447668
1 0.325363 0.383260 0.329250 0.383260 0.329250 0.391186 0.325363 0.391186
1 0.345285 0.407247 0.349177 0.407247 0.349177 0.416177 0.345285 0.416177
1 0.365303 0.407415 0.368769 0.407415 0.368769 0.415918 0.365303 0.415918
1 0.342860 0.371016 0.351750 0.371016 0.351750 0.374869 0.342860 0.374869
1 0.342844 0.351356 0.351734 0.351356 0.351734 0.355208 0.342844 0.355208
1 0.343334 0.338881 0.351614 0.338881 0.351614 0.342982 0.343334 0.342982
1 0.343315 0.319621 0.351537 0.319621 0.351537 0.323514 0.343315 0.323514
1 0.385706 0.320758 0.392954 0.320758 0.392954 0.335091 0.385706 0.335091
1 0.281527 0.478384 0.288140 0.478384 0.288140 0.506125 0.281527 0.506125
1 0.290147 0.478391 0.296760 0.478391 0.296760 0.506133 0.290147 0.506133
1 0.298618 0.478696 0.305231 0.478696 0.305231 0.506437 0.298618 0.506437
1 0.307089 0.478629 0.313703 0.478629 0.313703 0.506370 0.307089 0.506370
1 0.315635 0.479007 0.322248 0.479007 0.322248 0.506749 0.315635 0.506749
1 0.324255 0.478644 0.330868 0.478644 0.330868 0.506385 0.324255 0.506385
1 0.332726 0.478725 0.339340 0.478725 0.339340 0.506467 0.332726 0.506467
1 0.341198 0.478807 0.347811 0.478807 0.347811 0.506548 0.341198 0.506548
1 0.375630 0.478712 0.381845 0.478712 0.381845 0.507321 0.375630 0.507321
1 0.384362 0.478580 0.390577 0.478580 0.390577 0.507189 0.384362 0.507189
1 0.418545 0.478673 0.424537 0.478673 0.424537 0.507321 0.418545 0.507321
1 0.426831 0.478654 0.432823 0.478654 0.432823 0.507302 0.426831 0.507302
1 0.469319 0.478906 0.475388 0.478906 0.475388 0.507684 0.469319 0.507684
1 0.477864 0.478617 0.483933 0.478617 0.483933 0.507395 0.477864 0.507395
1 0.512449 0.478904 0.518606 0.478904 0.518606 0.507692 0.512449 0.507692
1 0.520529 0.478729 0.526630 0.478729 0.526630 0.507628 0.520529 0.507628
1 0.554789 0.478696 0.560734 0.478696 0.560734 0.507393 0.554789 0.507393
1 0.563389 0.479017 0.569334 0.479017 0.569334 0.507714 0.563389 0.507714
1 0.569891 0.846977 0.575601 0.846977 0.575601 0.876806 0.569891 0.876806
1 0.561588 0.847043 0.567298 0.847043 0.567298 0.876872 0.561588 0.876872
1 0.553168 0.846936 0.558523 0.846936 0.558523 0.876173 0.553168 0.876173
1 0.544613 0.846829 0.550075 0.846829 0.550075 0.875227 0.544613 0.875227
1 0.535991 0.846722 0.541453 0.846722 0.541453 0.875120 0.535991 0.875120
1 0.518988 0.846751 0.524450 0.846751 0.524450 0.875149 0.518988 0.875149
1 0.510335 0.846571 0.515797 0.846571 0.515797 0.874969 0.510335 0.874969
1 0.501915 0.846870 0.507361 0.846870 0.507361 0.875633 0.501915 0.875633
1 0.493371 0.846639 0.498846 0.846639 0.498846 0.875633 0.493371 0.875633
1 0.476098 0.846397 0.481814 0.846397 0.481814 0.875092 0.476098 0.875092
1 0.467486 0.846639 0.473163 0.846639 0.473163 0.874551 0.467486 0.874551
1 0.459173 0.846503 0.464850 0.846503 0.464850 0.874686 0.459173 0.874686
1 0.450252 0.846571 0.455929 0.846571 0.455929 0.875295 0.450252 0.875295
1 0.442103 0.846532 0.447549 0.846532 0.447549 0.875700 0.442103 0.875700
1 0.433548 0.846290 0.438994 0.846290 0.438994 0.875458 0.433548 0.875458
1 0.424858 0.846251 0.430304 0.846251 0.430304 0.875419 0.424858 0.875419
1 0.416438 0.846279 0.421884 0.846279 0.421884 0.875447 0.416438 0.875447
1 0.407815 0.846105 0.413261 0.846105 0.413261 0.875273 0.407815 0.875273
1 0.399193 0.846133 0.404767 0.846133 0.404767 0.875362 0.399193 0.875362
1 0.382072 0.846145 0.387533 0.846145 0.387533 0.875160 0.382072 0.875160
1 0.373787 0.845903 0.379220 0.845903 0.379220 0.875024 0.373787 0.875024
1 0.356488 0.845726 0.362184 0.845726 0.362184 0.875722 0.356488 0.875722
1 0.339373 0.845523 0.344887 0.845523 0.344887 0.874957 0.339373 0.874957
1 0.330829 0.845422 0.336641 0.845422 0.336641 0.875295 0.330829 0.875295
1 0.322381 0.845490 0.327788 0.845490 0.327788 0.874686 0.322381 0.874686
1 0.313691 0.845315 0.319340 0.845315 0.319340 0.874889 0.313691 0.874889
1 0.305339 0.845411 0.310891 0.845411 0.310891 0.874957 0.305339 0.874957
1 0.296784 0.845507 0.302337 0.845507 0.302337 0.875053 0.296784 0.875053
1 0.288296 0.845198 0.293849 0.845198 0.293849 0.874743 0.288296 0.874743
1 0.279674 0.845294 0.285227 0.845294 0.285227 0.874839 0.279674 0.874839
1 0.602325 0.789597 0.630700 0.789597 0.630700 0.795844 0.602325 0.795844
1 0.602534 0.696023 0.632021 0.696023 0.632021 0.701946 0.602534 0.701946
1 0.602709 0.687308 0.632196 0.687308 0.632196 0.693231 0.602709 0.693231
1 0.603711 0.601924 0.632204 0.601924 0.632204 0.608102 0.603711 0.608102
1 0.603750 0.559416 0.631663 0.559416 0.631663 0.565587 0.603750 0.565587
1 0.197485 0.472996 0.212844 0.472996 0.212844 0.477338 0.197485 0.477338
1 0.197582 0.442786 0.212912 0.442786 0.212912 0.447017 0.197582 0.447017
1 0.173944 0.496568 0.182646 0.496568 0.182646 0.499949 0.173944 0.499949
1 0.174135 0.478221 0.182767 0.478221 0.182767 0.480577 0.174135 0.480577
1 0.148468 0.466164 0.163015 0.466164 0.163015 0.469753 0.148468 0.469753
1 0.147859 0.435693 0.162757 0.435693 0.162757 0.440161 0.147859 0.440161
1 0.121100 0.476645 0.135383 0.476645 0.135383 0.478894 0.121100 0.478894
1 0.120860 0.446002 0.136019 0.446002 0.136019 0.450642 0.120860 0.450642
1 0.098615 0.446102 0.114076 0.446102 0.114076 0.450581 0.098615 0.450581
1 0.098355 0.476231 0.113576 0.476231 0.113576 0.478740 0.098355 0.478740
1 0.071699 0.476006 0.086014 0.476006 0.086014 0.479892 0.071699 0.479892
1 0.071801 0.446831 0.086091 0.446831 0.086091 0.450538 0.071801 0.450538
1 0.042705 0.475561 0.056403 0.475561 0.056403 0.478411 0.042705 0.478411
1 0.042913 0.445617 0.056446 0.445617 0.056446 0.449912 0.042913 0.449912
1 0.016673 0.450090 0.030617 0.450090 0.030617 0.454329 0.016673 0.454329
1 0.016753 0.419799 0.030624 0.419799 0.030624 0.424418 0.016753 0.424418
1 0.268617 0.243101 0.276883 0.243101 0.276883 0.247269 0.268617 0.247269
1 0.285663 0.243695 0.294527 0.243695 0.294527 0.247411 0.285663 0.247411
1 0.285576 0.223241 0.294440 0.223241 0.294440 0.226957 0.285576 0.226957
1 0.268220 0.223645 0.277228 0.223645 0.277228 0.227792 0.268220 0.227792
1 0.270010 0.198750 0.278381 0.198750 0.278381 0.202766 0.270010 0.202766
1 0.270594 0.179329 0.278279 0.179329 0.278279 0.182787 0.270594 0.182787
1 0.239558 0.171887 0.248694 0.171887 0.248694 0.175307 0.239558 0.175307
1 0.239498 0.152075 0.248822 0.152075 0.248822 0.155251 0.239498 0.155251
1 0.097581 0.433576 0.111871 0.433576 0.111871 0.437282 0.097581 0.437282
1 0.097126 0.403251 0.111802 0.403251 0.111802 0.408206 0.097126 0.408206
1 0.083607 0.423188 0.087813 0.423188 0.087813 0.437636 0.083607 0.437636
1 0.053699 0.423271 0.057905 0.423271 0.057905 0.437720 0.053699 0.437720
1 0.065680 0.400581 0.080592 0.400581 0.080592 0.404584 0.065680 0.404584
1 0.066524 0.370742 0.082055 0.370742 0.082055 0.375414 0.066524 0.375414
1 0.098550 0.378500 0.113798 0.378500 0.113798 0.383138 0.098550 0.383138
1 0.098954 0.348976 0.114169 0.348976 0.114169 0.352965 0.098954 0.352965
1 0.122747 0.351936 0.137945 0.351936 0.137945 0.357014 0.122747 0.357014
1 0.123076 0.382738 0.139046 0.382738 0.139046 0.386871 0.123076 0.386871
1 0.078800 0.486347 0.093263 0.486347 0.093263 0.490010 0.078800 0.490010
1 0.078733 0.516172 0.093299 0.516172 0.093299 0.519887 0.078733 0.519887
1 0.106271 0.511365 0.116060 0.511365 0.116060 0.515087 0.106271 0.515087
1 0.106942 0.491163 0.116189 0.491163 0.116189 0.494365 0.106942 0.494365
1 0.057126 0.533395 0.072790 0.533395 0.072790 0.538739 0.057126 0.538739
1 0.056968 0.564555 0.072669 0.564555 0.072669 0.568852 0.056968 0.568852
1 0.033311 0.578306 0.049280 0.578306 0.049280 0.582175 0.033311 0.582175
1 0.033452 0.548280 0.048515 0.548280 0.048515 0.552842 0.033452 0.552842
1 0.061228 0.579623 0.065408 0.579623 0.065408 0.594598 0.061228 0.594598
1 0.091073 0.579564 0.095022 0.579564 0.095022 0.595111 0.091073 0.595111
1 0.086659 0.601761 0.090369 0.601761 0.090369 0.616983 0.086659 0.616983
1 0.055911 0.602189 0.061185 0.602189 0.061185 0.617173 0.055911 0.617173
1 0.101370 0.678920 0.105079 0.678920 0.105079 0.694141 0.101370 0.694141
1 0.071657 0.679299 0.075904 0.679299 0.075904 0.694538 0.071657 0.694538
1 0.049811 0.667895 0.064973 0.667895 0.064973 0.672454 0.049811 0.672454
1 0.049940 0.638399 0.065102 0.638399 0.065102 0.642958 0.049940 0.642958
1 0.139332 0.690926 0.143007 0.690926 0.143007 0.699283 0.139332 0.699283
1 0.118431 0.690619 0.122106 0.690619 0.122106 0.698975 0.118431 0.698975
1 0.147643 0.719647 0.150367 0.719647 0.150367 0.727848 0.147643 0.727848
1 0.166009 0.719903 0.169518 0.719903 0.169518 0.728330 0.166009 0.728330
1 0.116408 0.719544 0.131690 0.719544 0.131690 0.724670 0.116408 0.724670
1 0.115765 0.750044 0.130968 0.750044 0.130968 0.754022 0.115765 0.754022
1 0.146333 0.768916 0.149027 0.768916 0.149027 0.776844 0.146333 0.776844
1 0.164930 0.768762 0.168315 0.768762 0.168315 0.776921 0.164930 0.776921
1 0.186501 0.776076 0.190236 0.776076 0.190236 0.784023 0.186501 0.784023
1 0.206457 0.776045 0.210067 0.776045 0.210067 0.784221 0.206457 0.784221
1 0.216472 0.759447 0.219775 0.759447 0.219775 0.768110 0.216472 0.768110
1 0.196211 0.759242 0.199513 0.759242 0.199513 0.767905 0.196211 0.767905
1 0.198644 0.748658 0.206737 0.748658 0.206737 0.752459 0.198644 0.752459
1 0.198772 0.728909 0.206865 0.728909 0.206865 0.732710 0.198772 0.732710
1 0.198549 0.709447 0.202029 0.709447 0.202029 0.717158 0.198549 0.717158
1 0.179135 0.709320 0.182615 0.709320 0.182615 0.717031 0.179135 0.717031
1 0.192240 0.692991 0.195261 0.692991 0.195261 0.700538 0.192240 0.700538
1 0.172848 0.692930 0.175870 0.692930 0.175870 0.700477 0.172848 0.700477
1 0.198576 0.658002 0.213554 0.658002 0.213554 0.661975 0.198576 0.661975
1 0.199074 0.628355 0.214052 0.628355 0.214052 0.632329 0.199074 0.632329
1 0.138507 0.627568 0.141957 0.627568 0.141957 0.636347 0.138507 0.636347
1 0.118776 0.627741 0.122669 0.627741 0.122669 0.635912 0.118776 0.635912
0 0.122486 0.610300 0.138365 0.610300 0.138365 0.619446 0.122486 0.619446
1 0.138487 0.610862 0.142149 0.610862 0.142149 0.619332 0.138487 0.619332
1 0.118539 0.610706 0.122466 0.610706 0.122466 0.619214 0.118539 0.619214
1 0.107735 0.586383 0.111684 0.586383 0.111684 0.601930 0.107735 0.601930
1 0.137510 0.586831 0.141360 0.586831 0.141360 0.601962 0.137510 0.601962
1 0.137802 0.563749 0.141653 0.563749 0.141653 0.578880 0.137802 0.578880
1 0.108243 0.563658 0.112094 0.563658 0.112094 0.578788 0.108243 0.578788
1 0.162953 0.582071 0.178249 0.582071 0.178249 0.585975 0.162953 0.585975
1 0.163546 0.552629 0.178600 0.552629 0.178600 0.556543 0.163546 0.556543
1 0.168349 0.519168 0.176967 0.519168 0.176967 0.523062 0.168349 0.523062
1 0.168293 0.539022 0.176992 0.539022 0.176992 0.542301 0.168293 0.542301
1 0.184836 0.542159 0.192937 0.542159 0.192937 0.545781 0.184836 0.545781
1 0.184606 0.522413 0.192714 0.522413 0.192714 0.526290 0.184606 0.526290
1 0.173622 0.477709 0.182254 0.477709 0.182254 0.480065 0.173622 0.480065
1 0.192316 0.487269 0.195970 0.487269 0.195970 0.495869 0.192316 0.495869
1 0.211809 0.487371 0.215442 0.487371 0.215442 0.495788 0.211809 0.495788
1 0.211988 0.507754 0.214344 0.507754 0.214344 0.515215 0.211988 0.515215
1 0.191548 0.507831 0.195876 0.507831 0.195876 0.515266 0.191548 0.515266
0 0.236964 0.499085 0.252917 0.499085 0.252917 0.506583 0.236964 0.506583
1 0.233172 0.498917 0.237002 0.498917 0.237002 0.506712 0.233172 0.506712
1 0.252954 0.498995 0.256410 0.498995 0.256410 0.506680 0.252954 0.506680
1 0.142584 0.792262 0.158816 0.792262 0.158816 0.796177 0.142584 0.796177
1 0.142902 0.820942 0.158297 0.820942 0.158297 0.825162 0.142902 0.825162
1 0.186789 0.815835 0.190094 0.815835 0.190094 0.823555 0.186789 0.823555
1 0.205826 0.815991 0.209130 0.815991 0.209130 0.823711 0.205826 0.823711
1 0.204797 0.842792 0.208101 0.842792 0.208101 0.850511 0.204797 0.850511
1 0.184688 0.842699 0.188548 0.842699 0.188548 0.850281 0.184688 0.850281
1 0.204506 0.865458 0.207810 0.865458 0.207810 0.873178 0.204506 0.873178
1 0.184692 0.865365 0.188552 0.865365 0.188552 0.872948 0.184692 0.872948
1 0.204121 0.889657 0.207633 0.889657 0.207633 0.897504 0.204121 0.897504
1 0.184731 0.889458 0.188036 0.889458 0.188036 0.897177 0.184731 0.897177
1 0.245884 0.889090 0.249308 0.889090 0.249308 0.896670 0.245884 0.896670
1 0.225220 0.888698 0.229496 0.888698 0.229496 0.896257 0.225220 0.896257
1 0.246088 0.865114 0.249078 0.865114 0.249078 0.872618 0.246088 0.872618
1 0.226486 0.865087 0.230251 0.865087 0.230251 0.872618 0.226486 0.872618
1 0.226947 0.846004 0.230456 0.846004 0.230456 0.853535 0.226947 0.853535
1 0.246286 0.846132 0.249795 0.846132 0.249795 0.853663 0.246286 0.853663
1 0.263405 0.904168 0.271977 0.904168 0.271977 0.907633 0.263405 0.907633
1 0.263303 0.924276 0.271875 0.924276 0.271875 0.927741 0.263303 0.927741
1 0.193051 0.957051 0.196901 0.957051 0.196901 0.971158 0.193051 0.971158
1 0.163549 0.956944 0.167399 0.956944 0.167399 0.971051 0.163549 0.971051
1 0.148969 0.957762 0.152093 0.957762 0.152093 0.973332 0.148969 0.973332
1 0.120460 0.958034 0.123725 0.958034 0.123725 0.973353 0.120460 0.973353
1 0.108881 0.956721 0.111995 0.956721 0.111995 0.971272 0.108881 0.971272
1 0.079157 0.956254 0.083177 0.956254 0.083177 0.971586 0.079157 0.971586
1 0.097241 0.926254 0.101289 0.926254 0.101289 0.940969 0.097241 0.940969
1 0.067967 0.926065 0.071882 0.926065 0.071882 0.941287 0.067967 0.941287
1 0.108232 0.928635 0.112281 0.928635 0.112281 0.943350 0.108232 0.943350
1 0.137830 0.929658 0.141951 0.929658 0.141951 0.943751 0.137830 0.943751
1 0.070031 0.915101 0.085030 0.915101 0.085030 0.918308 0.070031 0.918308
1 0.070688 0.885465 0.085115 0.885465 0.085115 0.889413 0.070688 0.889413
1 0.085843 0.860499 0.089166 0.860499 0.089166 0.875793 0.085843 0.875793
1 0.056382 0.860335 0.059706 0.860335 0.059706 0.875628 0.056382 0.875628
1 0.057756 0.811466 0.061424 0.811466 0.061424 0.826358 0.057756 0.826358
1 0.028481 0.811393 0.032149 0.811393 0.032149 0.826285 0.028481 0.826285
1 0.001890 0.810010 0.015369 0.810010 0.015369 0.813605 0.001890 0.813605
1 0.002059 0.780215 0.015716 0.780215 0.015716 0.784384 0.002059 0.784384
1 0.323194 0.937555 0.327223 0.937555 0.327223 0.947198 0.323194 0.947198
1 0.342803 0.937885 0.346747 0.937885 0.346747 0.946545 0.342803 0.946545
1 0.336341 0.902357 0.340149 0.902357 0.340149 0.909867 0.336341 0.909867
1 0.316608 0.902045 0.320416 0.902045 0.320416 0.909555 0.316608 0.909555
1 0.354232 0.907706 0.362423 0.907706 0.362423 0.911091 0.354232 0.911091
1 0.354226 0.888832 0.362551 0.888832 0.362551 0.892008 0.354226 0.892008
1 0.377146 0.907746 0.385169 0.907746 0.385169 0.911373 0.377146 0.911373
1 0.377203 0.888140 0.385149 0.888140 0.385149 0.891946 0.377203 0.891946
1 0.400313 0.907567 0.408683 0.907567 0.408683 0.911527 0.400313 0.911527
1 0.400461 0.889191 0.408786 0.889191 0.408786 0.891675 0.400461 0.891675
1 0.400098 0.928855 0.408222 0.928855 0.408222 0.932480 0.400098 0.932480
1 0.400292 0.948604 0.407802 0.948604 0.407802 0.951383 0.400292 0.951383
1 0.376868 0.948656 0.385118 0.948656 0.385118 0.952177 0.376868 0.952177
1 0.376895 0.928970 0.385195 0.928970 0.385195 0.932736 0.376895 0.932736
1 0.354139 0.948467 0.361834 0.948467 0.361834 0.951101 0.354139 0.951101
1 0.353765 0.928663 0.361988 0.928663 0.361988 0.932684 0.353765 0.932684
1 0.422916 0.940208 0.427252 0.940208 0.427252 0.948244 0.422916 0.948244
1 0.443125 0.940227 0.446743 0.940227 0.446743 0.947433 0.443125 0.947433
1 0.442608 0.918462 0.446800 0.918462 0.446800 0.925952 0.442608 0.925952
1 0.422833 0.918185 0.427025 0.918185 0.427025 0.925675 0.422833 0.925675
1 0.455574 0.924931 0.459766 0.924931 0.459766 0.932421 0.455574 0.932421
1 0.551296 0.908477 0.558762 0.908477 0.558762 0.912402 0.551296 0.912402
1 0.470005 0.905743 0.473678 0.905743 0.473678 0.912958 0.470005 0.912958
1 0.450315 0.905627 0.453516 0.905627 0.453516 0.912900 0.450315 0.912900
1 0.454334 0.943016 0.462987 0.943016 0.462987 0.946670 0.454334 0.946670
1 0.454027 0.962407 0.462449 0.962407 0.462449 0.966931 0.454027 0.966931
1 0.475092 0.924419 0.478765 0.924419 0.478765 0.931634 0.475092 0.931634
1 0.551209 0.888880 0.559276 0.888880 0.559276 0.892432 0.551209 0.892432
1 0.579919 0.926291 0.584199 0.926291 0.584199 0.934143 0.579919 0.934143
1 0.600250 0.925813 0.603926 0.925813 0.603926 0.933771 0.600250 0.933771
1 0.610727 0.898641 0.614403 0.898641 0.614403 0.906599 0.610727 0.906599
1 0.590636 0.898671 0.594312 0.898671 0.594312 0.906629 0.590636 0.906629
1 0.590898 0.881520 0.594573 0.881520 0.594573 0.889479 0.590898 0.889479
1 0.610428 0.881395 0.614104 0.881395 0.614104 0.889353 0.610428 0.889353
1 0.613991 0.863357 0.618636 0.863357 0.618636 0.871101 0.613991 0.871101
1 0.633848 0.863591 0.637579 0.863591 0.637579 0.871202 0.633848 0.871202
1 0.629583 0.846460 0.633314 0.846460 0.633314 0.854071 0.629583 0.854071
1 0.609394 0.846397 0.613886 0.846397 0.613886 0.854222 0.609394 0.854222
1 0.621796 0.929135 0.625472 0.929135 0.625472 0.937093 0.621796 0.937093
1 0.642154 0.929385 0.645763 0.929385 0.645763 0.937523 0.642154 0.937523
1 0.618022 0.948840 0.625308 0.948840 0.625308 0.953049 0.618022 0.953049
1 0.617761 0.968384 0.625047 0.968384 0.625047 0.972592 0.617761 0.972592
1 0.572488 0.948853 0.576412 0.948853 0.576412 0.955898 0.572488 0.955898
1 0.552756 0.948064 0.556778 0.948064 0.556778 0.956416 0.552756 0.956416
1 0.568975 0.969191 0.572996 0.969191 0.572996 0.977543 0.568975 0.977543
1 0.548897 0.968921 0.553044 0.968921 0.553044 0.978021 0.548897 0.978021
1 0.649566 0.753465 0.659004 0.753465 0.659004 0.756853 0.649566 0.756853
1 0.649522 0.733346 0.658952 0.733346 0.658952 0.736389 0.649522 0.736389
1 0.650787 0.708693 0.658888 0.708693 0.658888 0.711629 0.650787 0.711629
1 0.650871 0.688781 0.658940 0.688781 0.658940 0.692674 0.650871 0.692674
1 0.718556 0.684925 0.723031 0.684925 0.723031 0.693537 0.718556 0.693537
1 0.738581 0.684983 0.742798 0.684983 0.742798 0.693537 0.738581 0.693537
1 0.768811 0.727173 0.777062 0.727173 0.777062 0.731141 0.768811 0.731141
1 0.768765 0.747044 0.776932 0.747044 0.776932 0.750877 0.768765 0.750877
1 0.765254 0.653466 0.769059 0.653466 0.769059 0.669338 0.765254 0.669338
1 0.735541 0.653117 0.739069 0.653117 0.739069 0.669197 0.735541 0.669197
1 0.737041 0.623579 0.744363 0.623579 0.744363 0.626657 0.737041 0.626657
1 0.736075 0.603338 0.744829 0.603338 0.744829 0.606997 0.736075 0.606997
1 0.718897 0.618017 0.727459 0.618017 0.727459 0.621619 0.718897 0.621619
1 0.719009 0.598284 0.727564 0.598284 0.727564 0.602152 0.719009 0.602152
1 0.701475 0.617737 0.709196 0.617737 0.709196 0.621593 0.701475 0.621593
1 0.701562 0.597925 0.709426 0.597925 0.709426 0.601665 0.701562 0.601665
1 0.682928 0.617320 0.690856 0.617320 0.690856 0.621363 0.682928 0.621363
1 0.682992 0.598233 0.690907 0.598233 0.690907 0.601460 0.682992 0.601460
1 0.753766 0.582238 0.768822 0.582238 0.768822 0.585930 0.753766 0.585930
1 0.753808 0.551969 0.768676 0.551969 0.768676 0.556523 0.753808 0.556523
1 0.700992 0.540506 0.709192 0.540506 0.709192 0.544655 0.700992 0.544655
1 0.700986 0.521434 0.709084 0.521434 0.709084 0.524714 0.700986 0.524714
1 0.735536 0.528609 0.743634 0.528609 0.743634 0.531889 0.735536 0.531889
1 0.734951 0.508922 0.743446 0.508922 0.743446 0.512259 0.734951 0.512259
1 0.796771 0.292470 0.811327 0.292470 0.811327 0.296678 0.796771 0.296678
1 0.797442 0.263243 0.811892 0.263243 0.811892 0.267279 0.797442 0.267279
1 0.596720 0.262813 0.599872 0.262813 0.599872 0.271286 0.596720 0.271286
1 0.575910 0.263256 0.579585 0.263256 0.579585 0.271260 0.575910 0.271260
1 0.576789 0.252777 0.584998 0.252777 0.584998 0.255927 0.576789 0.255927
1 0.576863 0.232254 0.584964 0.232254 0.584964 0.235861 0.576863 0.235861
1 0.565947 0.206795 0.574385 0.206795 0.574385 0.209580 0.565947 0.209580
0 0.565574 0.189575 0.574806 0.189575 0.574806 0.206724 0.565574 0.206724
1 0.565881 0.186157 0.574308 0.186157 0.574308 0.189410 0.565881 0.189410
1 0.556664 0.134742 0.560023 0.134742 0.560023 0.143246 0.556664 0.143246
1 0.536478 0.134436 0.539836 0.134436 0.539836 0.142940 0.536478 0.142940
1 0.526215 0.131898 0.529573 0.131898 0.529573 0.140402 0.526215 0.140402
1 0.506019 0.132249 0.509068 0.132249 0.509068 0.140394 0.506019 0.140394
1 0.543132 0.109863 0.551844 0.109863 0.551844 0.114088 0.543132 0.114088
1 0.543567 0.089550 0.552280 0.089550 0.552280 0.093776 0.543567 0.093776
1 0.543466 0.076550 0.551742 0.076550 0.551742 0.080686 0.543466 0.080686
1 0.543750 0.057249 0.551488 0.057249 0.551488 0.060924 0.543750 0.060924
1 0.576381 0.117530 0.585818 0.117530 0.585818 0.121121 0.576381 0.121121
1 0.594869 0.117722 0.604306 0.117722 0.604306 0.121313 0.594869 0.121313
1 0.595304 0.097449 0.603924 0.097449 0.603924 0.100983 0.595304 0.100983
1 0.576191 0.097195 0.585453 0.097195 0.585453 0.100753 0.576191 0.100753
1 0.572195 0.062158 0.580046 0.062158 0.580046 0.066522 0.572195 0.066522
1 0.572336 0.042751 0.580187 0.042751 0.580187 0.046167 0.572336 0.046167
1 0.236097 0.319221 0.249814 0.319221 0.249814 0.323806 0.236097 0.323806
1 0.235300 0.349344 0.250842 0.349344 0.250842 0.352502 0.235300 0.352502
1 0.105696 0.337918 0.120969 0.337918 0.120969 0.342174 0.105696 0.342174
1 0.105794 0.308247 0.121067 0.308247 0.121067 0.312504 0.105794 0.312504
1 0.185983 0.029568 0.193717 0.029568 0.193717 0.033212 0.185983 0.033212
1 0.185901 0.010472 0.193635 0.010472 0.193635 0.014117 0.185901 0.014117
1 0.769005 0.768000 0.777172 0.768000 0.777172 0.771834 0.769005 0.771834
1 0.769231 0.787678 0.777076 0.787678 0.777076 0.791617 0.769231 0.791617
1 0.021813 0.892262 0.025886 0.892262 0.025886 0.907016 0.021813 0.907016
1 0.018374 0.864023 0.022718 0.864023 0.022718 0.879319 0.018374 0.879319
1 0.003983 0.690784 0.012943 0.690784 0.012943 0.714860 0.003983 0.714860
1 0.002353 0.078926 0.007784 0.078926 0.007784 0.107075 0.002353 0.107075
1 0.112053 0.004526 0.140564 0.004526 0.140564 0.010590 0.112053 0.010590
1 0.011042 0.078926 0.016473 0.078926 0.016473 0.107075 0.011042 0.107075
1 0.019460 0.079017 0.024891 0.079017 0.024891 0.107166 0.019460 0.107166
1 0.028149 0.079017 0.033580 0.079017 0.033580 0.107166 0.028149 0.107166
1 0.036476 0.079198 0.041907 0.079198 0.041907 0.107347 0.036476 0.107347
1 0.045165 0.079198 0.050596 0.079198 0.050596 0.107347 0.045165 0.107347
1 0.053583 0.079288 0.059013 0.079288 0.059013 0.107437 0.053583 0.107437
1 0.062272 0.079288 0.067703 0.079288 0.067703 0.107437 0.062272 0.107437
1 0.071142 0.079560 0.076573 0.079560 0.076573 0.107709 0.071142 0.107709
1 0.079560 0.079650 0.084990 0.079650 0.084990 0.107799 0.079560 0.107799
1 0.088249 0.079650 0.093679 0.079650 0.093679 0.107799 0.088249 0.107799
1 0.112144 0.013305 0.140655 0.013305 0.140655 0.019369 0.112144 0.019369
1 0.112144 0.021542 0.140655 0.021542 0.140655 0.027606 0.112144 0.027606
1 0.112325 0.030321 0.140836 0.030321 0.140836 0.036386 0.112325 0.036386
1 0.111782 0.039373 0.140293 0.039373 0.140293 0.045437 0.111782 0.045437
1 0.111872 0.048152 0.140383 0.048152 0.140383 0.054216 0.111872 0.054216
1 0.111872 0.056389 0.140383 0.056389 0.140383 0.062453 0.111872 0.062453
1 0.213781 0.010771 0.253335 0.010771 0.253335 0.018464 0.213781 0.018464
1 0.214053 0.022085 0.253606 0.022085 0.253606 0.029778 0.214053 0.029778
1 0.213691 0.032765 0.253244 0.032765 0.253244 0.040459 0.213691 0.040459
1 0.214102 0.044079 0.253655 0.044079 0.253655 0.051773 0.214102 0.051773
1 0.213377 0.055484 0.252931 0.055484 0.252931 0.063177 0.213377 0.063177
1 0.213788 0.066797 0.253342 0.066797 0.253342 0.074491 0.213788 0.074491
1 0.213426 0.077478 0.252980 0.077478 0.252980 0.085171 0.213426 0.085171
1 0.213698 0.088792 0.253251 0.088792 0.253251 0.096485 0.213698 0.096485
1 0.213705 0.100308 0.253258 0.100308 0.253258 0.108002 0.213705 0.108002
1 0.213976 0.111622 0.253530 0.111622 0.253530 0.119316 0.213976 0.119316
1 0.261298 0.126682 0.268259 0.126682 0.268259 0.165661 0.261298 0.165661
1 0.272296 0.126960 0.279257 0.126960 0.279257 0.165939 0.272296 0.165939
1 0.283572 0.126960 0.290533 0.126960 0.290533 0.165939 0.283572 0.165939
1 0.294570 0.127239 0.301530 0.127239 0.301530 0.166217 0.294570 0.166217
1 0.306124 0.127935 0.313085 0.127935 0.313085 0.166914 0.306124 0.166914
1 0.317122 0.128213 0.324082 0.128213 0.324082 0.167192 0.317122 0.167192
1 0.416657 0.128352 0.423618 0.128352 0.423618 0.167331 0.416657 0.167331
1 0.427655 0.128631 0.434616 0.128631 0.434616 0.167610 0.427655 0.167610
1 0.438931 0.128631 0.445892 0.128631 0.445892 0.167610 0.438931 0.167610
1 0.449929 0.128909 0.456889 0.128909 0.456889 0.167888 0.449929 0.167888
1 0.461344 0.128909 0.468305 0.128909 0.468305 0.167888 0.461344 0.167888
1 0.472481 0.128909 0.479163 0.128909 0.479163 0.167331 0.472481 0.167331
1 0.487887 0.012163 0.527441 0.012163 0.527441 0.019856 0.487887 0.019856
1 0.488159 0.023477 0.527712 0.023477 0.527712 0.031170 0.488159 0.031170
1 0.488490 0.035081 0.527350 0.035081 0.527350 0.041851 0.488490 0.041851
1 0.488351 0.045383 0.527761 0.045383 0.527761 0.053165 0.488351 0.053165
1 0.487655 0.057494 0.527037 0.057494 0.527037 0.064569 0.487655 0.064569
1 0.487894 0.068190 0.527447 0.068190 0.527447 0.075883 0.487894 0.075883
1 0.487933 0.078654 0.527085 0.078654 0.527085 0.086563 0.487933 0.086563
1 0.487803 0.090184 0.527357 0.090184 0.527357 0.097877 0.487803 0.097877
1 0.487810 0.101700 0.527364 0.101700 0.527364 0.109394 0.487810 0.109394
1 0.488082 0.113014 0.526912 0.113014 0.526912 0.120139 0.488082 0.120139
1 0.488305 0.001444 0.527858 0.001444 0.527858 0.009137 0.488305 0.009137
1 0.646420 0.066155 0.828143 0.066155 0.828143 0.097417 0.646420 0.097417
1 0.335705 0.130787 0.404945 0.130787 0.404945 0.165607 0.335705 0.165607
