0 0.265329 0.508903 0.603183 0.508903 0.603183 0.847616 0.265329 0.847616
0 0.072993 0.452549 0.085853 0.452549 0.085853 0.477946 0.072993 0.477946
0 0.293214 0.336750 0.326915 0.336750 0.326915 0.355180 0.293214 0.355180
0 0.151325 0.369651 0.165714 0.369651 0.165714 0.395221 0.151325 0.395221
0 0.361848 0.338144 0.395754 0.338144 0.395754 0.356511 0.361848 0.356511
0 0.140896 0.275168 0.166083 0.275168 0.166083 0.288076 0.140896 0.288076
0 0.237375 0.373781 0.251585 0.373781 0.251585 0.399306 0.237375 0.399306
0 0.237079 0.326016 0.250323 0.326016 0.250323 0.351144 0.237079 0.351144
0 0.100036 0.452975 0.113116 0.452975 0.113116 0.478813 0.100036 0.478813
0 0.098791 0.410580 0.112126 0.410580 0.112126 0.436033 0.098791 0.436033
0 0.080751 0.493169 0.093849 0.493169 0.093849 0.518865 0.080751 0.518865
0 0.058193 0.426932 0.083817 0.426932 0.083817 0.440067 0.058193 0.440067
0 0.121464 0.453068 0.135439 0.453068 0.135439 0.478728 0.121464 0.478728
0 0.193319 0.373480 0.206623 0.373480 0.206623 0.399021 0.193319 0.399021
0 0.043292 0.452370 0.056517 0.452370 0.056517 0.478071 0.043292 0.478071
0 0.067914 0.378101 0.081112 0.378101 0.081112 0.403426 0.067914 0.403426
0 0.082271 0.160844 0.108061 0.160844 0.108061 0.175177 0.082271 0.175177
0 0.214982 0.372936 0.229356 0.372936 0.229356 0.398697 0.214982 0.398697
0 0.107025 0.496944 0.117090 0.496944 0.117090 0.513594 0.107025 0.513594
0 0.240265 0.157647 0.249500 0.157647 0.249500 0.174574 0.240265 0.174574
0 0.018397 0.426821 0.031353 0.426821 0.031353 0.452018 0.018397 0.452018
0 0.107544 0.315444 0.121078 0.315444 0.121078 0.340872 0.107544 0.340872
0 0.294202 0.408468 0.302278 0.408468 0.302278 0.424073 0.294202 0.424073
0 0.148608 0.442347 0.162730 0.442347 0.162730 0.467843 0.148608 0.467843
0 0.198699 0.449816 0.212991 0.449816 0.212991 0.475677 0.198699 0.475677
0 0.196455 0.489756 0.212055 0.489756 0.212055 0.497767 0.196455 0.497767
0 0.100506 0.355879 0.113904 0.355879 0.113904 0.381498 0.100506 0.381498
0 0.285481 0.441581 0.301711 0.441581 0.301711 0.450311 0.285481 0.450311
0 0.124291 0.359810 0.137461 0.359810 0.137461 0.385388 0.124291 0.385388
0 0.196674 0.510169 0.212097 0.510169 0.212097 0.518247 0.196674 0.518247
0 0.343263 0.357516 0.352106 0.357516 0.352106 0.373813 0.343263 0.373813
0 0.245832 0.444853 0.253465 0.444853 0.253465 0.460155 0.245832 0.460155
0 0.269555 0.230466 0.277577 0.230466 0.277577 0.246058 0.269555 0.246058
0 0.165524 0.327141 0.179091 0.327141 0.179091 0.352319 0.165524 0.352319
0 0.276857 0.408749 0.286500 0.408749 0.286500 0.424999 0.276857 0.424999
0 0.186394 0.017138 0.194213 0.017138 0.194213 0.032699 0.186394 0.032699
0 0.310007 0.385605 0.325785 0.385605 0.325785 0.393567 0.310007 0.393567
0 0.349589 0.409752 0.365782 0.409752 0.365782 0.418836 0.349589 0.418836
0 0.344311 0.325911 0.352066 0.325911 0.352066 0.341688 0.344311 0.341688
0 0.285899 0.229868 0.295111 0.229868 0.295111 0.246716 0.285899 0.246716
0 0.228701 0.445266 0.236986 0.445266 0.236986 0.461063 0.228701 0.461063
0 0.270643 0.185749 0.278548 0.185749 0.278548 0.201641 0.270643 0.201641
0 0.266724 0.434440 0.274814 0.434440 0.274814 0.450296 0.266724 0.450296
0 0.086284 0.126980 0.101660 0.126980 0.101660 0.134868 0.086284 0.134868
0 0.230023 0.422748 0.246652 0.422748 0.246652 0.431543 0.230023 0.431543
0 0.083517 0.958829 0.109035 0.958829 0.109035 0.972915 0.083517 0.972915
0 0.112405 0.589705 0.138250 0.589705 0.138250 0.604229 0.112405 0.604229
0 0.283364 0.912878 0.304419 0.912878 0.304419 0.944821 0.283364 0.944821
0 0.124055 0.961209 0.149195 0.961209 0.149195 0.974621 0.124055 0.974621
0 0.117549 0.726593 0.130709 0.726593 0.130709 0.752065 0.117549 0.752065
0 0.072411 0.929341 0.097596 0.929341 0.097596 0.942480 0.072411 0.942480
0 0.032793 0.814432 0.058304 0.814432 0.058304 0.828592 0.032793 0.828592
0 0.061525 0.605072 0.086983 0.605072 0.086983 0.618349 0.061525 0.618349
0 0.200610 0.635376 0.214622 0.635376 0.214622 0.660913 0.200610 0.660913
0 0.112823 0.932490 0.138006 0.932490 0.138006 0.945890 0.112823 0.945890
0 0.039055 0.922685 0.060755 0.922685 0.060755 0.956116 0.039055 0.956116
0 0.164170 0.559577 0.178378 0.559577 0.178378 0.585112 0.164170 0.585112
0 0.183404 0.711538 0.199066 0.711538 0.199066 0.719571 0.183404 0.719571
0 0.112659 0.566632 0.138156 0.566632 0.138156 0.580177 0.112659 0.580177
0 0.060385 0.863022 0.085944 0.863022 0.085944 0.877904 0.060385 0.877904
0 0.076377 0.682269 0.101751 0.682269 0.101751 0.695747 0.076377 0.695747
0 0.034916 0.554688 0.048217 0.554688 0.048217 0.580289 0.034916 0.580289
0 0.168481 0.960602 0.193840 0.960602 0.193840 0.973881 0.168481 0.973881
0 0.066371 0.583252 0.091612 0.583252 0.091612 0.596637 0.066371 0.596637
0 0.190736 0.818522 0.206003 0.818522 0.206003 0.826568 0.190736 0.826568
0 0.071855 0.892256 0.086164 0.892256 0.086164 0.918023 0.071855 0.918023
0 0.002695 0.787098 0.015955 0.787098 0.015955 0.812518 0.002695 0.812518
0 0.453952 0.907707 0.469802 0.907707 0.469802 0.915861 0.453952 0.915861
0 0.051145 0.645427 0.064351 0.645427 0.064351 0.671213 0.051145 0.671213
0 0.199574 0.734867 0.207754 0.734867 0.207754 0.750730 0.199574 0.750730
0 0.427508 0.920553 0.443156 0.920553 0.443156 0.928568 0.427508 0.928568
0 0.400666 0.894753 0.408645 0.894753 0.408645 0.910637 0.400666 0.910637
0 0.149558 0.771169 0.165359 0.771169 0.165359 0.779363 0.149558 0.779363
0 0.400418 0.935553 0.408214 0.935553 0.408214 0.951469 0.400418 0.951469
0 0.354434 0.935455 0.362530 0.935455 0.362530 0.951254 0.354434 0.951254
0 0.058567 0.540865 0.073095 0.540865 0.073095 0.566592 0.058567 0.566592
0 0.354398 0.894532 0.362281 0.894532 0.362281 0.910188 0.354398 0.910188
0 0.459888 0.927370 0.475861 0.927370 0.475861 0.935498 0.459888 0.935498
0 0.230293 0.891384 0.246212 0.891384 0.246212 0.899401 0.230293 0.899401
0 0.230562 0.867412 0.246260 0.867412 0.246260 0.875750 0.230562 0.875750
0 0.320799 0.904401 0.336464 0.904401 0.336464 0.912363 0.320799 0.912363
0 0.190959 0.778313 0.206750 0.778313 0.206750 0.786317 0.190959 0.786317
0 0.327575 0.940993 0.343234 0.940993 0.343234 0.949024 0.327575 0.949024
0 0.263852 0.910445 0.273034 0.910445 0.273034 0.927207 0.263852 0.927207
0 0.230682 0.848649 0.246676 0.848649 0.246676 0.856814 0.230682 0.856814
0 0.123189 0.693066 0.140047 0.693066 0.140047 0.702234 0.123189 0.702234
0 0.200368 0.761527 0.217310 0.761527 0.217310 0.770729 0.200368 0.770729
0 0.188915 0.845092 0.204964 0.845092 0.204964 0.853354 0.188915 0.853354
0 0.150523 0.722131 0.166386 0.722131 0.166386 0.730309 0.150523 0.730309
0 0.185815 0.528226 0.193564 0.528226 0.193564 0.543984 0.185815 0.543984
0 0.145375 0.799217 0.157982 0.799217 0.157982 0.823696 0.145375 0.823696
0 0.122963 0.629896 0.138672 0.629896 0.138672 0.638066 0.122963 0.638066
0 0.427402 0.942890 0.443286 0.942890 0.443286 0.950790 0.427402 0.950790
0 0.377750 0.894440 0.385722 0.894440 0.385722 0.910273 0.377750 0.910273
0 0.188636 0.891906 0.204332 0.891906 0.204332 0.899717 0.188636 0.899717
0 0.188818 0.867950 0.204557 0.867950 0.204557 0.875993 0.188818 0.875993
0 0.168771 0.525374 0.177673 0.525374 0.177673 0.541330 0.168771 0.541330
0 0.176259 0.695201 0.192255 0.695201 0.192255 0.703408 0.176259 0.703408
0 0.377258 0.935536 0.385093 0.935536 0.385093 0.951436 0.377258 0.951436
0 0.455142 0.949592 0.462964 0.949592 0.462964 0.965532 0.455142 0.965532
0 0.122673 0.612440 0.138744 0.612440 0.138744 0.622003 0.122673 0.622003
0 0.763510 0.268320 0.784201 0.268320 0.784201 0.301933 0.763510 0.301933
0 0.731163 0.267840 0.752343 0.267840 0.752343 0.301696 0.731163 0.301696
0 0.544024 0.064047 0.551939 0.064047 0.551939 0.079432 0.544024 0.079432
0 0.579811 0.265103 0.596858 0.265103 0.596858 0.274032 0.579811 0.274032
0 0.595428 0.103840 0.604764 0.103840 0.604764 0.120516 0.595428 0.120516
0 0.544254 0.096733 0.551948 0.096733 0.551948 0.112552 0.544254 0.112552
0 0.798709 0.270390 0.810968 0.270390 0.810968 0.295712 0.798709 0.295712
0 0.577036 0.238036 0.585972 0.238036 0.585972 0.255242 0.577036 0.255242
0 0.712003 0.139486 0.777947 0.139486 0.777947 0.189898 0.712003 0.189898
0 0.576915 0.103558 0.586070 0.103558 0.586070 0.120301 0.576915 0.120301
0 0.509381 0.133819 0.526747 0.133819 0.526747 0.143956 0.509381 0.143956
0 0.540375 0.136951 0.557311 0.136951 0.557311 0.146553 0.540375 0.146553
0 0.565917 0.192164 0.575265 0.192164 0.575265 0.209508 0.565917 0.209508
0 0.572687 0.048909 0.580864 0.048909 0.580864 0.064878 0.572687 0.064878
0 0.668780 0.736405 0.711777 0.736405 0.711777 0.789728 0.668780 0.789728
0 0.551971 0.895697 0.559804 0.895697 0.559804 0.911355 0.551971 0.911355
0 0.584764 0.928475 0.600527 0.928475 0.600527 0.936762 0.584764 0.936762
0 0.754748 0.559071 0.769411 0.559071 0.769411 0.584753 0.754748 0.584753
0 0.739009 0.655596 0.765595 0.655596 0.765595 0.671492 0.739009 0.671492
0 0.702498 0.604616 0.710323 0.604616 0.710323 0.619897 0.702498 0.619897
0 0.625901 0.931393 0.642552 0.931393 0.642552 0.941182 0.625901 0.941182
0 0.719532 0.604518 0.728384 0.604518 0.728384 0.620303 0.719532 0.620303
0 0.650038 0.739156 0.659747 0.739156 0.659747 0.756334 0.650038 0.756334
0 0.683402 0.603699 0.691553 0.603699 0.691553 0.619558 0.683402 0.619558
0 0.595110 0.883992 0.610837 0.883992 0.610837 0.892092 0.595110 0.892092
0 0.701397 0.527760 0.710380 0.527760 0.710380 0.543747 0.701397 0.543747
0 0.618430 0.865682 0.633704 0.865682 0.633704 0.873860 0.618430 0.873860
0 0.735492 0.514870 0.744492 0.514870 0.744492 0.531714 0.735492 0.531714
0 0.618252 0.955853 0.626228 0.955853 0.626228 0.971398 0.618252 0.971398
0 0.769422 0.774312 0.777257 0.774312 0.777257 0.790008 0.769422 0.790008
0 0.651364 0.695224 0.659502 0.695224 0.659502 0.711026 0.651364 0.711026
0 0.736275 0.609509 0.745838 0.609509 0.745838 0.625670 0.736275 0.625670
0 0.769430 0.734040 0.777648 0.734040 0.777648 0.749779 0.769430 0.749779
0 0.723453 0.687691 0.739383 0.687691 0.739383 0.696277 0.723453 0.696277
0 0.614099 0.848832 0.629737 0.848832 0.629737 0.857242 0.614099 0.857242
0 0.553777 0.971772 0.570125 0.971772 0.570125 0.980355 0.553777 0.980355
0 0.594503 0.900658 0.610977 0.900658 0.610977 0.908990 0.594503 0.908990
0 0.557179 0.950150 0.573331 0.950150 0.573331 0.959167 0.557179 0.959167
1 0.108263 0.160901 0.112089 0.160901 0.112089 0.175164 0.108263 0.175164
1 0.186242 0.032582 0.194120 0.032582 0.194120 0.036330 0.186242 0.036330
1 0.240718 0.154512 0.249605 0.154512 0.249605 0.157957 0.240718 0.157957
1 0.240076 0.174555 0.249251 0.174555 0.249251 0.178068 0.240076 0.178068
1 0.101755 0.127160 0.105920 0.127160 0.105920 0.134945 0.101755 0.134945
1 0.082363 0.127263 0.086454 0.127263 0.086454 0.135099 0.082363 0.135099
1 0.186279 0.013625 0.194034 0.013625 0.194034 0.017355 0.186279 0.017355
1 0.078648 0.160930 0.082243 0.160930 0.082243 0.175086 0.078648 0.175086
1 0.097518 0.405739 0.112795 0.405739 0.112795 0.410692 0.097518 0.410692
1 0.237329 0.368897 0.251756 0.368897 0.251756 0.373723 0.237329 0.373723
1 0.150721 0.365166 0.165869 0.365166 0.165869 0.369631 0.150721 0.369631
1 0.072195 0.477860 0.086154 0.477860 0.086154 0.481641 0.072195 0.481641
1 0.150762 0.395349 0.165388 0.395349 0.165388 0.399190 0.150762 0.399190
1 0.099947 0.351638 0.114636 0.351638 0.114636 0.356198 0.099947 0.356198
1 0.166363 0.274203 0.170135 0.274203 0.170135 0.289193 0.166363 0.289193
1 0.083777 0.425306 0.088099 0.425306 0.088099 0.440813 0.083777 0.440813
1 0.106590 0.310997 0.121606 0.310997 0.121606 0.315483 0.106590 0.315483
1 0.198488 0.445258 0.213496 0.445258 0.213496 0.450071 0.198488 0.450071
1 0.121205 0.478845 0.135730 0.478845 0.135730 0.481522 0.121205 0.481522
1 0.193234 0.368509 0.206803 0.368509 0.206803 0.373596 0.193234 0.373596
1 0.053910 0.425559 0.058274 0.425559 0.058274 0.440503 0.053910 0.440503
1 0.215076 0.368484 0.229164 0.368484 0.229164 0.373063 0.215076 0.373063
1 0.097781 0.435941 0.112423 0.435941 0.112423 0.439839 0.097781 0.439839
1 0.236367 0.351120 0.250752 0.351120 0.250752 0.355386 0.236367 0.355386
1 0.123153 0.354763 0.138729 0.354763 0.138729 0.359798 0.123153 0.359798
1 0.017150 0.452184 0.031397 0.452184 0.031397 0.456607 0.017150 0.456607
1 0.164372 0.352185 0.179348 0.352185 0.179348 0.356773 0.164372 0.356773
1 0.107500 0.493225 0.116976 0.493225 0.116976 0.497055 0.107500 0.497055
1 0.192592 0.489920 0.196442 0.489920 0.196442 0.497713 0.192592 0.497713
1 0.148173 0.467950 0.163349 0.467950 0.163349 0.472128 0.148173 0.472128
1 0.197940 0.475747 0.213171 0.475747 0.213171 0.479846 0.197940 0.479846
1 0.123156 0.385089 0.138728 0.385089 0.138728 0.389374 0.123156 0.389374
1 0.245875 0.460147 0.253465 0.460147 0.253465 0.464586 0.245875 0.464586
1 0.193107 0.398756 0.206715 0.398756 0.206715 0.403027 0.193107 0.403027
1 0.099268 0.381356 0.114307 0.381356 0.114307 0.385667 0.099268 0.385667
1 0.066309 0.403486 0.081179 0.403486 0.081179 0.407387 0.066309 0.407387
1 0.106972 0.340772 0.121718 0.340772 0.121718 0.344800 0.106972 0.344800
1 0.148588 0.438207 0.163271 0.438207 0.163271 0.442361 0.148588 0.442361
1 0.066726 0.373421 0.082060 0.373421 0.082060 0.378208 0.066726 0.378208
1 0.017569 0.422124 0.031930 0.422124 0.031930 0.426855 0.017569 0.426855
1 0.228286 0.460979 0.237286 0.460979 0.237286 0.464885 0.228286 0.464885
1 0.225898 0.422754 0.230049 0.422754 0.230049 0.431346 0.225898 0.431346
1 0.042735 0.478081 0.056689 0.478081 0.056689 0.481588 0.042735 0.481588
1 0.245908 0.441102 0.253659 0.441102 0.253659 0.444886 0.245908 0.444886
1 0.214260 0.398733 0.229145 0.398733 0.229145 0.403047 0.214260 0.403047
1 0.228707 0.440879 0.237224 0.440879 0.237224 0.445126 0.228707 0.445126
1 0.099495 0.448570 0.113437 0.448570 0.113437 0.453109 0.099495 0.453109
1 0.099399 0.478692 0.113845 0.478692 0.113845 0.481785 0.099399 0.481785
1 0.120909 0.448485 0.136145 0.448485 0.136145 0.453073 0.120909 0.453073
1 0.164506 0.323582 0.179608 0.323582 0.179608 0.327083 0.164506 0.327083
1 0.042943 0.448211 0.057252 0.448211 0.057252 0.452544 0.042943 0.452544
1 0.079499 0.488792 0.094338 0.488792 0.094338 0.493265 0.079499 0.493265
1 0.236664 0.321686 0.250525 0.321686 0.250525 0.326080 0.236664 0.326080
1 0.212134 0.490053 0.215531 0.490053 0.215531 0.497860 0.212134 0.497860
1 0.136741 0.273602 0.140743 0.273602 0.140743 0.289334 0.136741 0.289334
1 0.237142 0.399494 0.251274 0.399494 0.251274 0.403281 0.237142 0.403281
1 0.072564 0.449131 0.086487 0.449131 0.086487 0.452895 0.072564 0.452895
1 0.200016 0.630975 0.215085 0.630975 0.215085 0.635357 0.200016 0.635357
1 0.080183 0.518930 0.094425 0.518930 0.094425 0.522396 0.080183 0.522396
1 0.033917 0.550216 0.049186 0.550216 0.049186 0.554779 0.033917 0.554779
1 0.056755 0.604305 0.061447 0.604305 0.061447 0.619581 0.056755 0.619581
1 0.163688 0.585118 0.178564 0.585118 0.178564 0.588579 0.163688 0.588579
1 0.086713 0.604173 0.090617 0.604173 0.090617 0.619219 0.086713 0.619219
1 0.057729 0.566701 0.073250 0.566701 0.073250 0.570947 0.057729 0.570947
1 0.200031 0.660875 0.214586 0.660875 0.214586 0.664560 0.200031 0.664560
1 0.116859 0.722199 0.131946 0.722199 0.131946 0.726621 0.116859 0.726621
1 0.192419 0.510337 0.196849 0.510337 0.196849 0.518216 0.192419 0.518216
1 0.058092 0.535904 0.073465 0.535904 0.073465 0.540851 0.058092 0.540851
1 0.138877 0.613101 0.142546 0.613101 0.142546 0.621623 0.138877 0.621623
1 0.101609 0.681276 0.105628 0.681276 0.105628 0.696706 0.101609 0.696706
1 0.061580 0.582194 0.066262 0.582194 0.066262 0.597377 0.061580 0.597377
1 0.119153 0.613259 0.122881 0.613259 0.122881 0.621324 0.119153 0.621324
1 0.138365 0.589244 0.142151 0.589244 0.142151 0.604586 0.138365 0.604586
1 0.169018 0.521321 0.177451 0.521321 0.177451 0.525455 0.169018 0.525455
1 0.108719 0.565716 0.112802 0.565716 0.112802 0.581262 0.108719 0.581262
1 0.050377 0.670902 0.065481 0.670902 0.065481 0.675079 0.050377 0.675079
1 0.180140 0.711630 0.183425 0.711630 0.183425 0.719145 0.180140 0.719145
1 0.033840 0.580205 0.049237 0.580205 0.049237 0.584537 0.033840 0.584537
1 0.108020 0.588912 0.112300 0.588912 0.112300 0.604859 0.108020 0.604859
1 0.072121 0.681154 0.076472 0.681154 0.076472 0.696628 0.072121 0.696628
1 0.163738 0.554823 0.179413 0.554823 0.179413 0.559537 0.163738 0.559537
1 0.192379 0.695561 0.195835 0.695561 0.195835 0.703251 0.192379 0.703251
1 0.119241 0.630194 0.123083 0.630194 0.123083 0.638198 0.119241 0.638198
1 0.091728 0.581834 0.095931 0.581834 0.095931 0.597982 0.091728 0.597982
1 0.139958 0.693571 0.143574 0.693571 0.143574 0.702116 0.139958 0.702116
1 0.185659 0.544140 0.193762 0.544140 0.193762 0.548142 0.185659 0.548142
1 0.185674 0.524755 0.193495 0.524755 0.193495 0.528455 0.185674 0.528455
1 0.199555 0.730838 0.207540 0.730838 0.207540 0.734830 0.199555 0.734830
1 0.168786 0.541319 0.177360 0.541319 0.177360 0.544781 0.168786 0.544781
1 0.119253 0.693160 0.123270 0.693160 0.123270 0.701763 0.119253 0.701763
1 0.106955 0.513648 0.116951 0.513648 0.116951 0.517505 0.106955 0.517505
1 0.173266 0.695458 0.176459 0.695458 0.176459 0.703074 0.173266 0.703074
1 0.138452 0.566226 0.142578 0.566226 0.142578 0.581566 0.138452 0.581566
1 0.166468 0.722333 0.170112 0.722333 0.170112 0.730340 0.166468 0.730340
1 0.233498 0.501325 0.237113 0.501325 0.237113 0.509080 0.233498 0.509080
1 0.199108 0.711936 0.202492 0.711936 0.202492 0.719405 0.199108 0.719405
1 0.253210 0.501479 0.256740 0.501479 0.256740 0.509214 0.253210 0.509214
1 0.050290 0.641003 0.065609 0.641003 0.065609 0.645814 0.050290 0.645814
1 0.138649 0.630118 0.141823 0.630118 0.141823 0.638306 0.138649 0.638306
1 0.147866 0.722343 0.150614 0.722343 0.150614 0.730146 0.147866 0.730146
1 0.212395 0.510464 0.215424 0.510464 0.215424 0.518263 0.212395 0.518263
1 0.037727 0.956393 0.060989 0.956393 0.060989 0.964310 0.037727 0.964310
1 0.108692 0.931644 0.112757 0.931644 0.112757 0.946627 0.108692 0.946627
1 0.037981 0.912450 0.062700 0.912450 0.062700 0.922217 0.037981 0.922217
1 0.071566 0.887750 0.086220 0.887750 0.086220 0.892493 0.071566 0.892493
1 0.109208 0.958610 0.113054 0.958610 0.113054 0.973896 0.109208 0.973896
1 0.149143 0.960470 0.153217 0.960470 0.153217 0.976104 0.149143 0.976104
1 0.058156 0.814394 0.061869 0.814394 0.061869 0.828754 0.058156 0.828754
1 0.028815 0.813719 0.032756 0.813719 0.032756 0.829100 0.028815 0.829100
1 0.002827 0.782730 0.016127 0.782730 0.016127 0.787136 0.002827 0.787136
1 0.097663 0.928823 0.101749 0.928823 0.101749 0.943343 0.097663 0.943343
1 0.068817 0.928539 0.072551 0.928539 0.072551 0.943637 0.068817 0.943637
1 0.086234 0.863181 0.089604 0.863181 0.089604 0.878466 0.086234 0.878466
1 0.143998 0.823681 0.158720 0.823681 0.158720 0.827692 0.143998 0.827692
1 0.164070 0.959172 0.168444 0.959172 0.168444 0.974782 0.164070 0.974782
1 0.226725 0.867491 0.230559 0.867491 0.230559 0.875387 0.226725 0.875387
1 0.204489 0.892147 0.207941 0.892147 0.207941 0.899772 0.204489 0.899772
1 0.185106 0.891875 0.188611 0.891875 0.188611 0.899642 0.185106 0.899642
1 0.119806 0.960006 0.123945 0.960006 0.123945 0.975354 0.119806 0.975354
1 0.226290 0.891352 0.229998 0.891352 0.229998 0.898862 0.226290 0.898862
1 0.143750 0.794661 0.159272 0.794661 0.159272 0.798931 0.143750 0.798931
1 0.199367 0.750784 0.207599 0.750784 0.207599 0.754912 0.199367 0.754912
1 0.071405 0.917920 0.085914 0.917920 0.085914 0.921341 0.071405 0.921341
1 0.185344 0.867879 0.188937 0.867879 0.188937 0.875338 0.185344 0.875338
1 0.246242 0.867520 0.249748 0.867520 0.249748 0.875509 0.246242 0.875509
1 0.116798 0.751997 0.131767 0.751997 0.131767 0.756607 0.116798 0.756607
1 0.206515 0.818938 0.209841 0.818938 0.209841 0.826273 0.206515 0.826273
1 0.193678 0.959247 0.197708 0.959247 0.197708 0.974797 0.193678 0.974797
1 0.002071 0.812386 0.015955 0.812386 0.015955 0.816305 0.002071 0.816305
1 0.204790 0.868203 0.208263 0.868203 0.208263 0.875899 0.204790 0.875899
1 0.207043 0.778584 0.210548 0.778584 0.210548 0.786226 0.207043 0.786226
1 0.165372 0.771224 0.168967 0.771224 0.168967 0.779401 0.165372 0.779401
1 0.187420 0.818362 0.190897 0.818362 0.190897 0.826321 0.187420 0.826321
1 0.204985 0.845109 0.208599 0.845109 0.208599 0.853187 0.204985 0.853187
1 0.226704 0.848574 0.230588 0.848574 0.230588 0.856624 0.226704 0.856624
1 0.056864 0.862522 0.060292 0.862522 0.060292 0.877959 0.056864 0.877959
1 0.246629 0.848681 0.250357 0.848681 0.250357 0.856480 0.246629 0.856480
1 0.185288 0.845234 0.188984 0.845234 0.188984 0.852977 0.185288 0.852977
1 0.138015 0.931813 0.142048 0.931813 0.142048 0.946580 0.138015 0.946580
1 0.187437 0.778461 0.191057 0.778461 0.191057 0.786446 0.187437 0.786446
1 0.196836 0.761895 0.200464 0.761895 0.200464 0.770643 0.196836 0.770643
1 0.217286 0.761929 0.220446 0.761929 0.220446 0.770318 0.217286 0.770318
1 0.146933 0.771385 0.149711 0.771385 0.149711 0.779501 0.146933 0.779501
1 0.079286 0.958789 0.083382 0.958789 0.083382 0.973759 0.079286 0.973759
1 0.269002 0.245873 0.277208 0.245873 0.277208 0.250061 0.269002 0.250061
1 0.269312 0.226297 0.277714 0.226297 0.277714 0.230568 0.269312 0.230568
1 0.270196 0.201601 0.278416 0.201601 0.278416 0.205702 0.270196 0.205702
1 0.270513 0.182257 0.278402 0.182257 0.278402 0.185634 0.270513 0.185634
1 0.285916 0.246403 0.294908 0.246403 0.294908 0.250195 0.285916 0.250195
1 0.285776 0.225517 0.294776 0.225517 0.294776 0.229640 0.285776 0.229640
1 0.317781 0.322811 0.324715 0.322811 0.324715 0.336877 0.317781 0.336877
1 0.317429 0.355646 0.324782 0.355646 0.324782 0.369883 0.317429 0.369883
1 0.306867 0.322292 0.314176 0.322292 0.314176 0.336727 0.306867 0.336727
1 0.363946 0.324037 0.371136 0.324037 0.371136 0.338413 0.363946 0.338413
1 0.363908 0.357178 0.370731 0.357178 0.370731 0.370276 0.363908 0.370276
1 0.374728 0.356881 0.381928 0.356881 0.381928 0.370571 0.374728 0.370571
1 0.386297 0.323818 0.393010 0.323818 0.393010 0.338010 0.386297 0.338010
1 0.295327 0.355418 0.302809 0.355418 0.302809 0.369783 0.295327 0.369783
1 0.295721 0.321787 0.303198 0.321787 0.303198 0.336612 0.295721 0.336612
1 0.385768 0.356673 0.392696 0.356673 0.392696 0.371125 0.385768 0.371125
1 0.277360 0.404469 0.285987 0.404469 0.285987 0.408556 0.277360 0.408556
1 0.305968 0.385758 0.310086 0.385758 0.310086 0.393537 0.305968 0.393537
1 0.294096 0.404592 0.302241 0.404592 0.302241 0.408596 0.294096 0.408596
1 0.344084 0.341744 0.352101 0.341744 0.352101 0.345779 0.344084 0.345779
1 0.325613 0.385602 0.329593 0.385602 0.329593 0.393700 0.325613 0.393700
1 0.294227 0.424109 0.302180 0.424109 0.302180 0.427358 0.294227 0.427358
1 0.345684 0.409919 0.349587 0.409919 0.349587 0.418653 0.345684 0.418653
1 0.281693 0.441782 0.285559 0.441782 0.285559 0.450492 0.281693 0.450492
1 0.344213 0.322172 0.352213 0.322172 0.352213 0.326102 0.344213 0.326102
1 0.343320 0.353790 0.351999 0.353790 0.351999 0.357669 0.343320 0.357669
1 0.266767 0.450251 0.274538 0.450251 0.274538 0.454447 0.266767 0.454447
1 0.365416 0.409915 0.369201 0.409915 0.369201 0.418614 0.365416 0.418614
1 0.343341 0.373848 0.352104 0.373848 0.352104 0.377419 0.343341 0.377419
1 0.266647 0.430859 0.274626 0.430859 0.274626 0.434552 0.266647 0.434552
1 0.277500 0.424933 0.286008 0.424933 0.286008 0.428447 0.277500 0.428447
1 0.301744 0.441692 0.305416 0.441692 0.305416 0.450433 0.301744 0.450433
1 0.470180 0.481387 0.476052 0.481387 0.476052 0.507643 0.470180 0.507643
1 0.410577 0.481349 0.416357 0.481349 0.416357 0.507435 0.410577 0.507435
1 0.402146 0.481355 0.407906 0.481355 0.407906 0.507493 0.402146 0.507493
1 0.419096 0.481226 0.424873 0.481226 0.424873 0.507430 0.419096 0.507430
1 0.461671 0.481400 0.467572 0.481400 0.467572 0.507577 0.461671 0.507577
1 0.393560 0.481315 0.399374 0.481315 0.399374 0.507572 0.393560 0.507572
1 0.478625 0.481418 0.484611 0.481418 0.484611 0.507686 0.478625 0.507686
1 0.246517 0.422957 0.250400 0.422957 0.250400 0.430985 0.246517 0.430985
1 0.291019 0.481420 0.297089 0.481420 0.297089 0.507441 0.291019 0.507441
1 0.308070 0.481257 0.313999 0.481257 0.313999 0.507302 0.308070 0.507302
1 0.299557 0.481410 0.305564 0.481410 0.305564 0.507375 0.299557 0.507375
1 0.385033 0.481321 0.390898 0.481321 0.390898 0.507572 0.385033 0.507572
1 0.316527 0.481282 0.322572 0.481282 0.322572 0.507378 0.316527 0.507378
1 0.427632 0.481267 0.433467 0.481267 0.433467 0.507518 0.427632 0.507518
1 0.282664 0.481353 0.288413 0.481353 0.288413 0.507473 0.282664 0.507473
1 0.376530 0.481344 0.382410 0.481344 0.382410 0.507546 0.376530 0.507546
1 0.325113 0.481318 0.331357 0.481318 0.331357 0.507434 0.325113 0.507434
1 0.333608 0.481396 0.339793 0.481396 0.339793 0.507521 0.333608 0.507521
1 0.367976 0.481313 0.373895 0.481313 0.373895 0.507590 0.367976 0.507590
1 0.436102 0.481394 0.441931 0.481394 0.441931 0.507555 0.436102 0.507555
1 0.453119 0.481423 0.458997 0.481423 0.458997 0.507499 0.453119 0.507499
1 0.342209 0.481341 0.348238 0.481341 0.348238 0.507454 0.342209 0.507454
1 0.487299 0.481622 0.493263 0.481622 0.493263 0.507483 0.487299 0.507483
1 0.444591 0.481477 0.450525 0.481477 0.450525 0.507555 0.444591 0.507555
1 0.359328 0.481420 0.365266 0.481420 0.365266 0.507383 0.359328 0.507383
1 0.350820 0.481383 0.356804 0.481383 0.356804 0.507376 0.350820 0.507376
1 0.468207 0.849283 0.473755 0.849283 0.473755 0.877413 0.468207 0.877413
1 0.476739 0.849206 0.482297 0.849206 0.482297 0.877458 0.476739 0.877458
1 0.485263 0.849217 0.490724 0.849217 0.490724 0.877765 0.485263 0.877765
1 0.459592 0.849211 0.465152 0.849211 0.465152 0.877645 0.459592 0.877645
1 0.314388 0.848174 0.320005 0.848174 0.320005 0.877626 0.314388 0.877626
1 0.281820 0.945052 0.306285 0.945052 0.306285 0.954764 0.281820 0.954764
1 0.288921 0.848050 0.294419 0.848050 0.294419 0.877299 0.288921 0.877299
1 0.281723 0.902916 0.306798 0.902916 0.306798 0.912414 0.281723 0.912414
1 0.280366 0.847979 0.285812 0.847979 0.285812 0.877187 0.280366 0.877187
1 0.451079 0.849179 0.456621 0.849179 0.456621 0.878174 0.451079 0.878174
1 0.297381 0.848030 0.302911 0.848030 0.302911 0.877277 0.297381 0.877277
1 0.305904 0.848117 0.311433 0.848117 0.311433 0.877390 0.305904 0.877390
1 0.322927 0.848216 0.328467 0.848216 0.328467 0.877707 0.322927 0.877707
1 0.442550 0.849151 0.448046 0.849151 0.448046 0.878401 0.442550 0.878401
1 0.433999 0.849073 0.439553 0.849073 0.439553 0.878310 0.433999 0.878310
1 0.331412 0.848264 0.336949 0.848264 0.336949 0.877853 0.331412 0.877853
1 0.502359 0.849356 0.507987 0.849356 0.507987 0.878617 0.502359 0.878617
1 0.425455 0.848959 0.431115 0.848959 0.431115 0.878235 0.425455 0.878235
1 0.416898 0.848612 0.422617 0.848612 0.422617 0.878397 0.416898 0.878397
1 0.343340 0.940943 0.347243 0.940943 0.347243 0.948755 0.343340 0.948755
1 0.455744 0.927627 0.459918 0.927627 0.459918 0.935151 0.455744 0.935151
1 0.450274 0.908151 0.454008 0.908151 0.454008 0.915259 0.450274 0.915259
1 0.354348 0.910138 0.362316 0.910138 0.362316 0.913798 0.354348 0.913798
1 0.354440 0.951235 0.362332 0.951235 0.362332 0.954833 0.354440 0.954833
1 0.443128 0.921114 0.447097 0.921114 0.447097 0.928289 0.443128 0.928289
1 0.423451 0.920685 0.427477 0.920685 0.427477 0.927973 0.423451 0.927973
1 0.354357 0.931489 0.362507 0.931489 0.362507 0.935527 0.354357 0.935527
1 0.323732 0.940933 0.327629 0.940933 0.327629 0.948804 0.323732 0.948804
1 0.263736 0.926941 0.272451 0.926941 0.272451 0.930509 0.263736 0.930509
1 0.400433 0.951408 0.408161 0.951408 0.408161 0.954917 0.400433 0.954917
1 0.316887 0.904861 0.320847 0.904861 0.320847 0.912066 0.316887 0.912066
1 0.336431 0.904841 0.340622 0.904841 0.340622 0.912259 0.336431 0.912259
1 0.400673 0.910541 0.408733 0.910541 0.408733 0.914369 0.400673 0.914369
1 0.400355 0.931728 0.408311 0.931728 0.408311 0.935517 0.400355 0.935517
1 0.400354 0.891239 0.408755 0.891239 0.408755 0.894753 0.400354 0.894753
1 0.391344 0.848713 0.396990 0.848713 0.396990 0.877015 0.391344 0.877015
1 0.264216 0.906909 0.272787 0.906909 0.272787 0.910420 0.264216 0.910420
1 0.354241 0.890672 0.362496 0.890672 0.362496 0.894582 0.354241 0.894582
1 0.399875 0.848823 0.405439 0.848823 0.405439 0.877716 0.399875 0.877716
1 0.377556 0.910229 0.385666 0.910229 0.385666 0.914168 0.377556 0.914168
1 0.377304 0.931641 0.385211 0.931641 0.385211 0.935454 0.377304 0.935454
1 0.357041 0.848625 0.362587 0.848625 0.362587 0.877658 0.357041 0.877658
1 0.377385 0.951386 0.385034 0.951386 0.385034 0.955106 0.377385 0.955106
1 0.377698 0.891105 0.385881 0.891105 0.385881 0.894598 0.377698 0.894598
1 0.382704 0.848739 0.388384 0.848739 0.388384 0.877498 0.382704 0.877498
1 0.443191 0.942971 0.446974 0.942971 0.446974 0.950619 0.443191 0.950619
1 0.475563 0.927316 0.479626 0.927316 0.479626 0.934603 0.475563 0.934603
1 0.455153 0.965595 0.462760 0.965595 0.462760 0.969437 0.455153 0.969437
1 0.348512 0.848529 0.354073 0.848529 0.354073 0.877720 0.348512 0.877720
1 0.469939 0.908317 0.473696 0.908317 0.473696 0.915661 0.469939 0.915661
1 0.423772 0.942635 0.427448 0.942635 0.427448 0.950521 0.423772 0.950521
1 0.408422 0.849028 0.413982 0.849028 0.413982 0.877921 0.408422 0.877921
1 0.455111 0.945946 0.462884 0.945946 0.462884 0.949643 0.455111 0.949643
1 0.374275 0.848703 0.379915 0.848703 0.379915 0.877765 0.374275 0.877765
1 0.246134 0.891406 0.249725 0.891406 0.249725 0.899292 0.246134 0.899292
1 0.365556 0.848759 0.371238 0.848759 0.371238 0.877688 0.365556 0.877688
1 0.339966 0.848530 0.345517 0.848530 0.345517 0.877789 0.339966 0.877789
1 0.689427 0.140904 0.711458 0.140904 0.711458 0.185266 0.689427 0.185266
1 0.572546 0.064888 0.580846 0.064888 0.580846 0.069170 0.572546 0.069170
1 0.595356 0.120566 0.604760 0.120566 0.604760 0.124158 0.595356 0.124158
1 0.595328 0.100160 0.604359 0.100160 0.604359 0.103822 0.595328 0.103822
1 0.544127 0.079472 0.552321 0.079472 0.552321 0.083593 0.544127 0.083593
1 0.537008 0.137477 0.540544 0.137477 0.540544 0.145815 0.537008 0.145815
1 0.557257 0.137610 0.560605 0.137610 0.560605 0.146001 0.557257 0.146001
1 0.576619 0.120240 0.585822 0.120240 0.585822 0.123833 0.576619 0.123833
1 0.572552 0.045368 0.580925 0.045368 0.580925 0.048929 0.572552 0.048929
1 0.543717 0.059577 0.552235 0.059577 0.552235 0.063965 0.543717 0.063965
1 0.543838 0.112590 0.552245 0.112590 0.552245 0.116837 0.543838 0.116837
1 0.543997 0.092386 0.552127 0.092386 0.552127 0.096671 0.543997 0.096671
1 0.526655 0.134740 0.529887 0.134740 0.529887 0.142879 0.526655 0.142879
1 0.576944 0.100007 0.586040 0.100007 0.586040 0.103551 0.576944 0.103551
1 0.566286 0.188948 0.574931 0.188948 0.574931 0.192407 0.566286 0.192407
1 0.577397 0.234861 0.585612 0.234861 0.585612 0.238259 0.577397 0.238259
1 0.566517 0.209424 0.574674 0.209424 0.574674 0.212473 0.566517 0.212473
1 0.506540 0.134879 0.509711 0.134879 0.509711 0.143156 0.506540 0.143156
1 0.729624 0.301956 0.753233 0.301956 0.753233 0.310423 0.729624 0.310423
1 0.728897 0.257792 0.753907 0.257792 0.753907 0.267929 0.728897 0.267929
1 0.581279 0.482376 0.587291 0.482376 0.587291 0.507621 0.581279 0.507621
1 0.572612 0.482187 0.578818 0.482187 0.578818 0.507661 0.572612 0.507661
1 0.564166 0.481760 0.570528 0.481760 0.570528 0.507651 0.564166 0.507651
1 0.577238 0.255007 0.585825 0.255007 0.585825 0.258464 0.577238 0.258464
1 0.576229 0.266051 0.579828 0.266051 0.579828 0.273889 0.576229 0.273889
1 0.555604 0.481707 0.561537 0.481707 0.561537 0.507412 0.555604 0.507412
1 0.596858 0.265807 0.600257 0.265807 0.600257 0.274031 0.596858 0.274031
1 0.547100 0.481708 0.553019 0.481708 0.553019 0.507509 0.547100 0.507509
1 0.504329 0.481630 0.510402 0.481630 0.510402 0.507466 0.504329 0.507466
1 0.512873 0.481629 0.518809 0.481629 0.518809 0.507394 0.512873 0.507394
1 0.495733 0.481639 0.501820 0.481639 0.501820 0.507416 0.495733 0.507416
1 0.521239 0.481602 0.527351 0.481602 0.527351 0.507422 0.521239 0.507422
1 0.538442 0.481984 0.544601 0.481984 0.544601 0.507544 0.538442 0.507544
1 0.529893 0.481716 0.536122 0.481716 0.536122 0.507454 0.529893 0.507454
1 0.603900 0.664520 0.631592 0.664520 0.631592 0.670672 0.603900 0.670672
1 0.603935 0.655963 0.631569 0.655963 0.631569 0.662140 0.603935 0.662140
1 0.603846 0.672990 0.631913 0.672990 0.631913 0.679119 0.603846 0.679119
1 0.604008 0.647454 0.631734 0.647454 0.631734 0.653535 0.604008 0.653535
1 0.603761 0.681621 0.632037 0.681621 0.632037 0.687659 0.603761 0.687659
1 0.603986 0.638866 0.631697 0.638866 0.631697 0.645185 0.603986 0.645185
1 0.604068 0.630357 0.631809 0.630357 0.631809 0.636676 0.604068 0.636676
1 0.604173 0.621915 0.632211 0.621915 0.632211 0.628007 0.604173 0.628007
1 0.603733 0.690171 0.632187 0.690171 0.632187 0.696176 0.603733 0.696176
1 0.605077 0.527715 0.632906 0.527715 0.632906 0.534040 0.605077 0.534040
1 0.603657 0.698661 0.632319 0.698661 0.632319 0.704722 0.603657 0.704722
1 0.603473 0.715651 0.632097 0.715651 0.632097 0.721741 0.603473 0.721741
1 0.604191 0.613401 0.632418 0.613401 0.632418 0.619624 0.604191 0.619624
1 0.603549 0.707213 0.632161 0.707213 0.632161 0.713133 0.603549 0.713133
1 0.603358 0.724190 0.631527 0.724190 0.631527 0.730453 0.603358 0.730453
1 0.604744 0.536280 0.632555 0.536280 0.632555 0.542635 0.604744 0.542635
1 0.682785 0.728763 0.700641 0.728763 0.700641 0.735878 0.682785 0.735878
1 0.604188 0.604823 0.632362 0.604823 0.632362 0.611179 0.604188 0.611179
1 0.603241 0.732644 0.631253 0.732644 0.631253 0.739022 0.603241 0.739022
1 0.603156 0.741147 0.631848 0.741147 0.631848 0.747469 0.603156 0.747469
1 0.702392 0.619989 0.710237 0.619989 0.710237 0.624164 0.702392 0.624164
1 0.701542 0.543568 0.709996 0.543568 0.709996 0.547614 0.701542 0.547614
1 0.683326 0.619446 0.691465 0.619446 0.691465 0.623715 0.683326 0.623715
1 0.683588 0.600489 0.691341 0.600489 0.691341 0.603696 0.683588 0.603696
1 0.604759 0.553586 0.632415 0.553586 0.632415 0.559838 0.604759 0.559838
1 0.701693 0.524260 0.710236 0.524260 0.710236 0.527789 0.701693 0.527789
1 0.719852 0.620452 0.728278 0.620452 0.728278 0.624185 0.719852 0.624185
1 0.604493 0.579125 0.632260 0.579125 0.632260 0.585474 0.604493 0.585474
1 0.604682 0.562031 0.632094 0.562031 0.632094 0.568433 0.604682 0.568433
1 0.720042 0.600879 0.728282 0.600879 0.728282 0.604542 0.720042 0.604542
1 0.604664 0.570600 0.632183 0.570600 0.632183 0.576940 0.604664 0.576940
1 0.739357 0.687600 0.743677 0.687600 0.743677 0.696285 0.739357 0.696285
1 0.702302 0.600867 0.710286 0.600867 0.710286 0.604497 0.702302 0.604497
1 0.604477 0.587691 0.632480 0.587691 0.632480 0.593957 0.604477 0.593957
1 0.736617 0.625633 0.745079 0.625633 0.745079 0.629457 0.736617 0.629457
1 0.651620 0.691376 0.659644 0.691376 0.659644 0.695158 0.651620 0.695158
1 0.736899 0.606067 0.745385 0.606067 0.745385 0.609594 0.736899 0.609594
1 0.604430 0.596228 0.632394 0.596228 0.632394 0.602416 0.604430 0.602416
1 0.719118 0.687665 0.723337 0.687665 0.723337 0.696296 0.719118 0.696296
1 0.651469 0.711089 0.659509 0.711089 0.659509 0.714452 0.651469 0.714452
1 0.604890 0.545073 0.632436 0.545073 0.632436 0.551279 0.604890 0.551279
1 0.650838 0.735967 0.659188 0.735967 0.659188 0.739290 0.650838 0.739290
1 0.735671 0.511593 0.743839 0.511593 0.743839 0.514909 0.735671 0.514909
1 0.735804 0.531353 0.743807 0.531353 0.743807 0.534760 0.735804 0.534760
1 0.735819 0.656302 0.739605 0.656302 0.739605 0.671290 0.735819 0.671290
1 0.602901 0.818155 0.631097 0.818155 0.631097 0.824596 0.602901 0.824596
1 0.519391 0.849493 0.524960 0.849493 0.524960 0.877968 0.519391 0.877968
1 0.602898 0.826751 0.630714 0.826751 0.630714 0.832870 0.602898 0.832870
1 0.510896 0.849425 0.516424 0.849425 0.516424 0.877995 0.510896 0.877995
1 0.602923 0.809603 0.630830 0.809603 0.630830 0.816153 0.602923 0.816153
1 0.493794 0.849219 0.499330 0.849219 0.499330 0.878665 0.493794 0.878665
1 0.527922 0.849559 0.533486 0.849559 0.533486 0.878125 0.527922 0.878125
1 0.682761 0.790024 0.700119 0.790024 0.700119 0.796564 0.682761 0.796564
1 0.536425 0.849610 0.542030 0.849610 0.542030 0.877933 0.536425 0.877933
1 0.622087 0.931933 0.626023 0.931933 0.626023 0.940493 0.622087 0.940493
1 0.603406 0.758339 0.631098 0.758339 0.631098 0.764675 0.603406 0.764675
1 0.603319 0.766667 0.630746 0.766667 0.630746 0.773329 0.603319 0.773329
1 0.580493 0.928684 0.584688 0.928684 0.584688 0.936578 0.580493 0.936578
1 0.642680 0.931857 0.646424 0.931857 0.646424 0.940402 0.642680 0.940402
1 0.614362 0.865931 0.618520 0.865931 0.618520 0.873793 0.614362 0.873793
1 0.629710 0.849065 0.633804 0.849065 0.633804 0.857066 0.629710 0.857066
1 0.633805 0.866166 0.637838 0.866166 0.637838 0.874129 0.633805 0.874129
1 0.551911 0.911499 0.559493 0.911499 0.559493 0.915206 0.551911 0.915206
1 0.609850 0.848988 0.614120 0.848988 0.614120 0.857146 0.609850 0.857146
1 0.603365 0.775262 0.630897 0.775262 0.630897 0.781933 0.603365 0.781933
1 0.591402 0.884218 0.595048 0.884218 0.595048 0.891991 0.591402 0.891991
1 0.650395 0.756189 0.659407 0.756189 0.659407 0.759456 0.650395 0.759456
1 0.610776 0.884155 0.614532 0.884155 0.614532 0.891908 0.610776 0.891908
1 0.618182 0.951814 0.626275 0.951814 0.626275 0.955879 0.618182 0.955879
1 0.552003 0.891865 0.559947 0.891865 0.559947 0.895591 0.552003 0.895591
1 0.603228 0.801027 0.630605 0.801027 0.630605 0.807592 0.603228 0.807592
1 0.579123 0.849812 0.584935 0.849812 0.584935 0.879043 0.579123 0.879043
1 0.549485 0.971508 0.553795 0.971508 0.553795 0.980034 0.549485 0.980034
1 0.603359 0.749793 0.631209 0.749793 0.631209 0.756226 0.603359 0.756226
1 0.618224 0.971337 0.626246 0.971337 0.626246 0.975238 0.618224 0.975238
1 0.611081 0.901130 0.614943 0.901130 0.614943 0.909220 0.611081 0.909220
1 0.600552 0.928709 0.604365 0.928709 0.604365 0.936460 0.600552 0.936460
1 0.603271 0.792514 0.630864 0.792514 0.630864 0.798954 0.603271 0.798954
1 0.590639 0.901032 0.594461 0.901032 0.594461 0.909376 0.590639 0.909376
1 0.569878 0.972179 0.573259 0.972179 0.573259 0.980129 0.569878 0.980129
1 0.552979 0.950405 0.557075 0.950405 0.557075 0.958961 0.552979 0.958961
1 0.570626 0.849844 0.576282 0.849844 0.576282 0.879177 0.570626 0.879177
1 0.562160 0.849767 0.567785 0.849767 0.567785 0.879231 0.562160 0.879231
1 0.603224 0.783921 0.631011 0.783921 0.631011 0.790449 0.603224 0.790449
1 0.573543 0.950780 0.577039 0.950780 0.577039 0.958787 0.573543 0.958787
1 0.553643 0.849752 0.559212 0.849752 0.559212 0.878962 0.553643 0.878962
1 0.545056 0.849829 0.550569 0.849829 0.550569 0.877874 0.545056 0.877874
1 0.777947 0.141393 0.801474 0.141393 0.801474 0.185973 0.777947 0.185973
1 0.762377 0.259563 0.786117 0.259563 0.786117 0.268017 0.762377 0.268017
1 0.762287 0.302266 0.786011 0.302266 0.786011 0.310372 0.762287 0.310372
1 0.797344 0.266176 0.811983 0.266176 0.811983 0.270476 0.797344 0.270476
1 0.796958 0.295587 0.811488 0.295587 0.811488 0.299773 0.796958 0.299773
1 0.754490 0.554495 0.769588 0.554495 0.769588 0.558995 0.754490 0.558995
1 0.754567 0.584642 0.769720 0.584642 0.769720 0.588570 0.754567 0.588570
1 0.765735 0.656040 0.769618 0.656040 0.769618 0.671917 0.765735 0.671917
1 0.769517 0.729963 0.777706 0.729963 0.777706 0.733927 0.769517 0.733927
1 0.769424 0.749661 0.777622 0.749661 0.777622 0.753551 0.769424 0.753551
1 0.769342 0.770836 0.777399 0.770836 0.777399 0.774541 0.769342 0.774541
1 0.769526 0.790109 0.777494 0.790109 0.777494 0.794134 0.769526 0.794134
1 0.236750 0.525798 0.264579 0.525798 0.264579 0.532122 0.236750 0.532122
1 0.236968 0.534263 0.264797 0.534263 0.264797 0.540588 0.236968 0.540588
1 0.236750 0.542729 0.264579 0.542729 0.264579 0.549054 0.236750 0.549054
1 0.236968 0.551195 0.264797 0.551195 0.264797 0.557520 0.236968 0.557520
1 0.236750 0.585059 0.264579 0.585059 0.264579 0.591383 0.236750 0.591383
1 0.236533 0.559661 0.264362 0.559661 0.264362 0.565986 0.236533 0.565986
1 0.236750 0.568127 0.264579 0.568127 0.264579 0.574451 0.236750 0.574451
1 0.236533 0.576593 0.264362 0.576593 0.264362 0.582917 0.236533 0.582917
1 0.236316 0.644971 0.264145 0.644971 0.264145 0.651296 0.236316 0.651296
1 0.236533 0.594176 0.264362 0.594176 0.264362 0.600500 0.236533 0.600500
1 0.236750 0.602642 0.264579 0.602642 0.264579 0.608966 0.236750 0.608966
1 0.236533 0.611108 0.264362 0.611108 0.264362 0.617432 0.236533 0.617432
1 0.236750 0.619574 0.264579 0.619574 0.264579 0.625898 0.236750 0.625898
1 0.236533 0.653437 0.264362 0.653437 0.264362 0.659762 0.236533 0.659762
1 0.236316 0.628040 0.264145 0.628040 0.264145 0.634364 0.236316 0.634364
1 0.236533 0.636505 0.264362 0.636505 0.264362 0.642830 0.236533 0.642830
1 0.236099 0.738964 0.263928 0.738964 0.263928 0.745289 0.236099 0.745289
1 0.236316 0.687518 0.264145 0.687518 0.264145 0.693842 0.236316 0.693842
1 0.236099 0.662120 0.263928 0.662120 0.263928 0.668445 0.236099 0.668445
1 0.236316 0.670586 0.264145 0.670586 0.264145 0.676910 0.236316 0.676910
1 0.236099 0.679052 0.263928 0.679052 0.263928 0.685376 0.236099 0.685376
1 0.235882 0.747430 0.263711 0.747430 0.263711 0.753755 0.235882 0.753755
1 0.236099 0.696635 0.263928 0.696635 0.263928 0.702959 0.236099 0.702959
1 0.236316 0.705101 0.264145 0.705101 0.264145 0.711425 0.236316 0.711425
1 0.236099 0.713567 0.263928 0.713567 0.263928 0.719891 0.236099 0.719891
1 0.236316 0.722033 0.264145 0.722033 0.264145 0.728357 0.236316 0.728357
1 0.236099 0.755896 0.263928 0.755896 0.263928 0.762221 0.236099 0.762221
1 0.235882 0.730499 0.263711 0.730499 0.263711 0.736823 0.235882 0.736823
1 0.235665 0.789977 0.263494 0.789977 0.263494 0.796301 0.235665 0.796301
1 0.235448 0.764579 0.263277 0.764579 0.263277 0.770904 0.235448 0.770904
1 0.235665 0.773045 0.263494 0.773045 0.263494 0.779370 0.235665 0.779370
1 0.235448 0.781511 0.263277 0.781511 0.263277 0.787835 0.235448 0.787835
1 0.235448 0.799094 0.263277 0.799094 0.263277 0.805418 0.235448 0.805418
1 0.235665 0.807560 0.263494 0.807560 0.263494 0.813884 0.235665 0.813884
1 0.235448 0.816026 0.263277 0.816026 0.263277 0.822350 0.235448 0.822350
1 0.235665 0.824492 0.263494 0.824492 0.263494 0.830816 0.235665 0.830816
1 0.647502 0.069711 0.828427 0.069711 0.828427 0.099865 0.647502 0.099865
1 0.018215 0.866854 0.022774 0.866854 0.022774 0.881874 0.018215 0.881874
1 0.021701 0.894347 0.026932 0.894347 0.026932 0.910440 0.021701 0.910440
1 0.005743 0.694793 0.013387 0.694793 0.013387 0.717591 0.005743 0.717591
1 0.002771 0.080036 0.008230 0.080036 0.008230 0.109010 0.002771 0.109010
1 0.111109 0.058620 0.139999 0.058620 0.139999 0.065003 0.111109 0.065003
1 0.011086 0.080372 0.016545 0.080372 0.016545 0.109346 0.011086 0.109346
1 0.019904 0.080288 0.025363 0.080288 0.025363 0.109262 0.019904 0.109262
1 0.028218 0.080623 0.033677 0.080623 0.033677 0.109598 0.028218 0.109598
1 0.036784 0.080875 0.042243 0.080875 0.042243 0.109850 0.036784 0.109850
1 0.045099 0.081211 0.050558 0.081211 0.050558 0.110185 0.045099 0.110185
1 0.053917 0.081127 0.059376 0.081127 0.059376 0.110101 0.053917 0.110101
1 0.062231 0.081463 0.067690 0.081463 0.067690 0.110437 0.062231 0.110437
1 0.071469 0.081379 0.076928 0.081379 0.076928 0.110353 0.071469 0.110353
1 0.080288 0.081295 0.085746 0.081295 0.085746 0.110269 0.080288 0.110269
1 0.088602 0.081631 0.094061 0.081631 0.094061 0.110605 0.088602 0.110605
1 0.111025 0.050138 0.139915 0.050138 0.139915 0.056520 0.111025 0.056520
1 0.111109 0.041488 0.139999 0.041488 0.139999 0.047870 0.111109 0.047870
1 0.111109 0.032921 0.139999 0.032921 0.139999 0.039304 0.111109 0.039304
1 0.111361 0.006887 0.140839 0.006887 0.140839 0.013101 0.111361 0.013101
1 0.111529 0.015453 0.140839 0.015453 0.140839 0.021668 0.111529 0.021668
1 0.111445 0.024103 0.141091 0.024103 0.141091 0.030318 0.111445 0.030318
1 0.214744 0.002603 0.254384 0.002603 0.254384 0.009742 0.214744 0.009742
1 0.214576 0.013773 0.254216 0.013773 0.254216 0.020912 0.214576 0.020912
1 0.215248 0.024691 0.254888 0.024691 0.254888 0.031829 0.215248 0.031829
1 0.215080 0.035861 0.254720 0.035861 0.254720 0.042999 0.215080 0.042999
1 0.214324 0.046778 0.253964 0.046778 0.253964 0.053917 0.214324 0.053917
1 0.214156 0.057948 0.253796 0.057948 0.253796 0.065087 0.214156 0.065087
1 0.214408 0.069370 0.254048 0.069370 0.254048 0.076508 0.214408 0.076508
1 0.214240 0.080036 0.253880 0.080036 0.253880 0.087174 0.214240 0.087174
1 0.214156 0.102711 0.253796 0.102711 0.253796 0.109850 0.214156 0.109850
1 0.213904 0.091289 0.253544 0.091289 0.253544 0.098428 0.213904 0.098428
1 0.213988 0.113377 0.253628 0.113377 0.253628 0.120515 0.213988 0.120515
1 0.261522 0.129166 0.268493 0.129166 0.268493 0.167966 0.261522 0.167966
1 0.272776 0.129166 0.279747 0.129166 0.279747 0.167966 0.272776 0.167966
1 0.283862 0.129921 0.290832 0.129921 0.290832 0.168721 0.283862 0.168721
1 0.295116 0.129921 0.302086 0.129921 0.302086 0.168721 0.295116 0.168721
1 0.306117 0.130005 0.313088 0.130005 0.313088 0.168805 0.306117 0.168805
1 0.317287 0.129837 0.324761 0.129837 0.324761 0.169141 0.317287 0.169141
1 0.427892 0.130677 0.434863 0.130677 0.434863 0.169477 0.427892 0.169477
1 0.416219 0.130593 0.423861 0.130593 0.423861 0.169393 0.416219 0.169393
1 0.439062 0.130509 0.446537 0.130509 0.446537 0.169813 0.439062 0.169813
1 0.450064 0.130341 0.457034 0.130341 0.457034 0.169141 0.450064 0.169141
1 0.461234 0.130173 0.468708 0.130173 0.468708 0.169477 0.461234 0.169477
1 0.472319 0.130761 0.479290 0.130761 0.479290 0.169561 0.472319 0.169561
1 0.489872 0.004871 0.527748 0.004871 0.527748 0.011674 0.489872 0.011674
1 0.489620 0.016041 0.527496 0.016041 0.527496 0.022843 0.489620 0.022843
1 0.489536 0.027042 0.527412 0.027042 0.527412 0.033845 0.489536 0.033845
1 0.489284 0.038212 0.527160 0.038212 0.527160 0.045015 0.489284 0.045015
1 0.489032 0.048878 0.528336 0.048878 0.528336 0.055765 0.489032 0.055765
1 0.489452 0.060216 0.528084 0.060216 0.528084 0.067186 0.489452 0.067186
1 0.489368 0.071217 0.527244 0.071217 0.527244 0.078020 0.489368 0.078020
1 0.489116 0.082387 0.526992 0.082387 0.526992 0.089190 0.489116 0.089190
1 0.489116 0.104643 0.526992 0.104643 0.526992 0.111445 0.489116 0.111445
1 0.488864 0.115812 0.526740 0.115812 0.526740 0.122615 0.488864 0.122615
1 0.489200 0.093641 0.527832 0.093641 0.527832 0.100611 0.489200 0.100611
1 0.335769 0.133320 0.405516 0.133320 0.405516 0.169736 0.335769 0.169736
