0 0.212486 0.617471 0.389849 0.617471 0.389849 0.793281 0.212486 0.793281
0 0.833038 0.616151 0.973165 0.616151 0.973165 0.757688 0.833038 0.757688
0 0.367689 0.119976 0.392092 0.119976 0.392092 0.132380 0.367689 0.132380
0 0.137922 0.030569 0.153813 0.030569 0.153813 0.038636 0.137922 0.038636
0 0.024020 0.114184 0.049694 0.114184 0.049694 0.126925 0.024020 0.126925
0 0.076740 0.112691 0.101952 0.112691 0.101952 0.125137 0.076740 0.125137
0 0.140778 0.062734 0.156259 0.062734 0.156259 0.070675 0.140778 0.070675
0 0.454173 0.085889 0.469617 0.085889 0.469617 0.093868 0.454173 0.093868
0 0.412985 0.117022 0.465460 0.117022 0.465460 0.141867 0.412985 0.141867
0 0.413151 0.033870 0.421255 0.033870 0.421255 0.049459 0.413151 0.049459
0 0.442066 0.025420 0.457744 0.025420 0.457744 0.033384 0.442066 0.033384
0 0.395237 0.160631 0.466508 0.160631 0.466508 0.215290 0.395237 0.215290
0 0.280887 0.936621 0.296517 0.936621 0.296517 0.944486 0.280887 0.944486
0 0.174699 0.879551 0.200255 0.879551 0.200255 0.893079 0.174699 0.893079
0 0.008658 0.963478 0.021771 0.963478 0.021771 0.988884 0.008658 0.988884
0 0.453276 0.882750 0.468837 0.882750 0.468837 0.891052 0.453276 0.891052
0 0.490711 0.834527 0.498895 0.834527 0.498895 0.850147 0.490711 0.850147
0 0.178745 0.941859 0.211998 0.941859 0.211998 0.962715 0.178745 0.962715
0 0.456507 0.916657 0.472147 0.916657 0.472147 0.924899 0.456507 0.924899
0 0.450174 0.751347 0.475315 0.751347 0.475315 0.763239 0.450174 0.763239
0 0.280771 0.919110 0.296387 0.919110 0.296387 0.927144 0.280771 0.927144
0 0.175952 0.978294 0.201543 0.978294 0.201543 0.991415 0.175952 0.991415
0 0.500659 0.768600 0.516674 0.768600 0.516674 0.776692 0.500659 0.776692
0 0.456115 0.899079 0.471985 0.899079 0.471985 0.906913 0.456115 0.906913
0 0.342177 0.891550 0.358143 0.891550 0.358143 0.900498 0.342177 0.900498
0 0.075579 0.911335 0.101040 0.911335 0.101040 0.924597 0.075579 0.924597
0 0.379416 0.968256 0.395363 0.968256 0.395363 0.977515 0.379416 0.977515
0 0.178847 0.907541 0.212424 0.907541 0.212424 0.928465 0.178847 0.928465
0 0.113828 0.807566 0.134780 0.807566 0.134780 0.840816 0.113828 0.840816
0 0.497408 0.966759 0.505417 0.966759 0.505417 0.982228 0.497408 0.982228
0 0.083578 0.806974 0.104229 0.806974 0.104229 0.840350 0.083578 0.840350
0 0.459986 0.933639 0.475576 0.933639 0.475576 0.941880 0.459986 0.941880
0 0.474942 0.839533 0.483217 0.839533 0.483217 0.855141 0.474942 0.855141
0 0.351314 0.982590 0.367393 0.982590 0.367393 0.991894 0.351314 0.991894
0 0.459190 0.968973 0.475072 0.968973 0.475072 0.977108 0.459190 0.977108
0 0.459553 0.987378 0.475055 0.987378 0.475055 0.995295 0.459553 0.995295
0 0.459643 0.950715 0.475062 0.950715 0.475062 0.958658 0.459643 0.958658
0 0.615947 0.183254 0.641141 0.183254 0.641141 0.196651 0.615947 0.196651
0 0.665553 0.120123 0.689816 0.120123 0.689816 0.132264 0.665553 0.132264
0 0.555585 0.223072 0.571395 0.223072 0.571395 0.230877 0.555585 0.230877
0 0.740126 0.027565 0.755910 0.027565 0.755910 0.035661 0.740126 0.035661
0 0.752247 0.083461 0.767845 0.083461 0.767845 0.091465 0.752247 0.091465
0 0.570063 0.198665 0.595911 0.198665 0.595911 0.213083 0.570063 0.213083
0 0.738070 0.174151 0.758925 0.174151 0.758925 0.207077 0.738070 0.207077
0 0.715244 0.031857 0.723500 0.031857 0.723500 0.047318 0.715244 0.047318
0 0.569530 0.175807 0.594836 0.175807 0.594836 0.189113 0.569530 0.189113
0 0.783916 0.194087 0.817631 0.194087 0.817631 0.215117 0.783916 0.215117
0 0.802147 0.156214 0.836012 0.156214 0.836012 0.177740 0.802147 0.177740
0 0.967110 0.120074 0.991597 0.120074 0.991597 0.132299 0.967110 0.132299
0 0.705755 0.205429 0.721880 0.205429 0.721880 0.214549 0.705755 0.214549
0 0.713146 0.117773 0.766336 0.117773 0.766336 0.143376 0.713146 0.143376
0 0.554039 0.704872 0.579384 0.704872 0.579384 0.717828 0.554039 0.717828
0 0.595757 0.781100 0.603783 0.781100 0.603783 0.796742 0.595757 0.796742
0 0.871444 0.787969 0.885592 0.787969 0.885592 0.814899 0.871444 0.814899
0 0.736141 0.601726 0.748723 0.601726 0.748723 0.626617 0.736141 0.626617
0 0.696375 0.859107 0.712162 0.859107 0.712162 0.867041 0.696375 0.867041
0 0.845484 0.787838 0.859602 0.787838 0.859602 0.815154 0.845484 0.815154
0 0.698194 0.966930 0.706309 0.966930 0.706309 0.982604 0.698194 0.982604
0 0.734666 0.847627 0.742733 0.847627 0.742733 0.863071 0.734666 0.863071
0 0.750706 0.847831 0.759987 0.847831 0.759987 0.863586 0.750706 0.863586
0 0.696395 0.921107 0.704443 0.921107 0.704443 0.936560 0.696395 0.936560
0 0.701842 0.721262 0.717706 0.721262 0.717706 0.729098 0.701842 0.729098
0 0.729105 0.683302 0.745215 0.683302 0.745215 0.691966 0.729105 0.691966
0 0.799114 0.735538 0.806985 0.735538 0.806985 0.751468 0.799114 0.751468
0 0.795913 0.832725 0.803953 0.832725 0.803953 0.848202 0.795913 0.848202
0 0.556947 0.958466 0.564959 0.958466 0.564959 0.974300 0.556947 0.974300
0 0.692476 0.783650 0.700518 0.783650 0.700518 0.799267 0.692476 0.799267
0 0.774777 0.774595 0.783931 0.774595 0.783931 0.790653 0.774777 0.790653
0 0.581195 0.914156 0.589182 0.914156 0.589182 0.930153 0.581195 0.930153
0 0.729069 0.701634 0.745112 0.701634 0.745112 0.710432 0.729069 0.710432
0 0.812099 0.832133 0.821518 0.832133 0.821518 0.848014 0.812099 0.848014
0 0.860799 0.857863 0.877081 0.857863 0.877081 0.867425 0.860799 0.867425
1 0.136454 0.062185 0.140477 0.062185 0.140477 0.071538 0.136454 0.071538
1 0.073188 0.110823 0.076433 0.110823 0.076433 0.126635 0.073188 0.126635
1 0.134023 0.029196 0.137719 0.029196 0.137719 0.038758 0.134023 0.038758
1 0.020537 0.112562 0.023690 0.112562 0.023690 0.128077 0.020537 0.128077
1 0.050117 0.112543 0.053068 0.112543 0.053068 0.128454 0.050117 0.128454
1 0.156382 0.061852 0.160486 0.061852 0.160486 0.071473 0.156382 0.071473
1 0.102463 0.110955 0.105479 0.110955 0.105479 0.126727 0.102463 0.126727
1 0.154059 0.029881 0.157787 0.029881 0.157787 0.038830 0.154059 0.038830
1 0.081850 0.797990 0.105346 0.797990 0.105346 0.806911 0.081850 0.806911
1 0.169322 0.905371 0.178588 0.905371 0.178588 0.931510 0.169322 0.931510
1 0.112485 0.798012 0.136177 0.798012 0.136177 0.807377 0.112485 0.807377
1 0.169188 0.939477 0.178576 0.939477 0.178576 0.965472 0.169188 0.965472
1 0.112771 0.841029 0.136084 0.841029 0.136084 0.848920 0.112771 0.848920
1 0.006404 0.988964 0.024262 0.988964 0.024262 0.992391 0.006404 0.992391
1 0.212093 0.940505 0.221037 0.940505 0.221037 0.964114 0.212093 0.964114
1 0.081688 0.840630 0.105346 0.840630 0.105346 0.849199 0.081688 0.849199
1 0.201512 0.976922 0.205103 0.976922 0.205103 0.992780 0.201512 0.992780
1 0.200061 0.878029 0.203557 0.878029 0.203557 0.894042 0.200061 0.894042
1 0.006855 0.959200 0.024262 0.959200 0.024262 0.963349 0.006855 0.963349
1 0.172045 0.976626 0.175789 0.976626 0.175789 0.992595 0.172045 0.992595
1 0.212492 0.906750 0.220878 0.906750 0.220878 0.930012 0.212492 0.930012
1 0.101084 0.909274 0.104778 0.909274 0.104778 0.926538 0.101084 0.926538
1 0.170399 0.877723 0.174477 0.877723 0.174477 0.894042 0.170399 0.894042
1 0.071937 0.910478 0.075550 0.910478 0.075550 0.926698 0.071937 0.926698
1 0.401953 0.114678 0.412963 0.114678 0.412963 0.143374 0.401953 0.143374
1 0.465786 0.114716 0.476525 0.114716 0.476525 0.143563 0.465786 0.143563
1 0.466508 0.165561 0.486375 0.165561 0.486375 0.209454 0.466508 0.209454
1 0.362841 0.118677 0.367900 0.118677 0.367900 0.134480 0.362841 0.134480
1 0.375965 0.166090 0.395344 0.166090 0.395344 0.209503 0.375965 0.209503
1 0.392147 0.118428 0.396462 0.118428 0.396462 0.133890 0.392147 0.133890
1 0.412893 0.029666 0.421450 0.029666 0.421450 0.033867 0.412893 0.033867
1 0.413196 0.049270 0.421501 0.049270 0.421501 0.052649 0.413196 0.052649
1 0.450596 0.085896 0.454283 0.085896 0.454283 0.093992 0.450596 0.093992
1 0.438097 0.024948 0.442042 0.024948 0.442042 0.033144 0.438097 0.033144
1 0.457776 0.025215 0.461074 0.025215 0.461074 0.033257 0.457776 0.033257
1 0.469723 0.085918 0.473698 0.085918 0.473698 0.094153 0.469723 0.094153
1 0.446006 0.748880 0.450369 0.748880 0.450369 0.765065 0.446006 0.765065
1 0.475280 0.748317 0.479503 0.748317 0.479503 0.764783 0.475280 0.764783
1 0.290081 0.598982 0.315139 0.598982 0.315139 0.617277 0.290081 0.617277
1 0.496941 0.767602 0.500742 0.767602 0.500742 0.777104 0.496941 0.777104
1 0.475074 0.855223 0.483054 0.855223 0.483054 0.858395 0.475074 0.858395
1 0.474844 0.835653 0.483068 0.835653 0.483068 0.839446 0.474844 0.839446
1 0.296599 0.936025 0.300350 0.936025 0.300350 0.944643 0.296599 0.944643
1 0.472200 0.916251 0.475178 0.916251 0.475178 0.924892 0.472200 0.924892
1 0.338621 0.891340 0.341868 0.891340 0.341868 0.900783 0.338621 0.900783
1 0.472067 0.898821 0.475169 0.898821 0.475169 0.907239 0.472067 0.907239
1 0.296593 0.918857 0.300143 0.918857 0.300143 0.927395 0.296593 0.927395
1 0.490570 0.830366 0.499149 0.830366 0.499149 0.834220 0.490570 0.834220
1 0.469120 0.882007 0.472221 0.882007 0.472221 0.890910 0.469120 0.890910
1 0.375456 0.968018 0.379337 0.968018 0.379337 0.977413 0.375456 0.977413
1 0.395354 0.967351 0.400233 0.967351 0.400233 0.977623 0.395354 0.977623
1 0.497337 0.962934 0.505456 0.962934 0.505456 0.966663 0.497337 0.966663
1 0.453548 0.916473 0.456524 0.916473 0.456524 0.925141 0.453548 0.925141
1 0.453210 0.898677 0.456177 0.898677 0.456177 0.907124 0.453210 0.907124
1 0.358406 0.891494 0.361444 0.891494 0.361444 0.900697 0.358406 0.900697
1 0.456301 0.968908 0.459108 0.968908 0.459108 0.976929 0.456301 0.976929
1 0.497308 0.982497 0.505763 0.982497 0.505763 0.985957 0.497308 0.985957
1 0.475527 0.933357 0.478366 0.933357 0.478366 0.941648 0.475527 0.941648
1 0.277083 0.935665 0.280829 0.935665 0.280829 0.944850 0.277083 0.944850
1 0.276915 0.918868 0.280829 0.918868 0.280829 0.927291 0.276915 0.927291
1 0.367445 0.982463 0.370909 0.982463 0.370909 0.991739 0.367445 0.991739
1 0.456914 0.987318 0.459547 0.987318 0.459547 0.995566 0.456914 0.995566
1 0.475140 0.987300 0.478333 0.987300 0.478333 0.995429 0.475140 0.995429
1 0.450217 0.882539 0.453244 0.882539 0.453244 0.891078 0.450217 0.891078
1 0.475059 0.969030 0.477681 0.969030 0.477681 0.977114 0.475059 0.977114
1 0.346350 0.981847 0.351357 0.981847 0.351357 0.992374 0.346350 0.992374
1 0.457077 0.933440 0.460057 0.933440 0.460057 0.942132 0.457077 0.942132
1 0.457057 0.950359 0.459914 0.950359 0.459914 0.958859 0.457057 0.958859
1 0.475373 0.950342 0.478231 0.950342 0.478231 0.958632 0.475373 0.958632
1 0.290341 0.793771 0.314982 0.793771 0.314982 0.810735 0.290341 0.810735
1 0.701871 0.115481 0.713139 0.115481 0.713139 0.144625 0.701871 0.144625
1 0.689969 0.117755 0.694314 0.117755 0.694314 0.135043 0.689969 0.135043
1 0.565605 0.173961 0.569264 0.173961 0.569264 0.190793 0.565605 0.190793
1 0.661186 0.118842 0.665622 0.118842 0.665622 0.135496 0.661186 0.135496
1 0.611503 0.182116 0.615894 0.182116 0.615894 0.198216 0.611503 0.198216
1 0.736551 0.207019 0.761107 0.207019 0.761107 0.216071 0.736551 0.216071
1 0.736933 0.165183 0.760240 0.165183 0.760240 0.174086 0.736933 0.174086
1 0.594846 0.174595 0.598643 0.174595 0.598643 0.190584 0.594846 0.190584
1 0.565694 0.197980 0.569892 0.197980 0.569892 0.214108 0.565694 0.214108
1 0.641547 0.181820 0.644854 0.181820 0.644854 0.198321 0.641547 0.198321
1 0.715095 0.028035 0.723436 0.028035 0.723436 0.031895 0.715095 0.031895
1 0.736243 0.027226 0.740122 0.027226 0.740122 0.035559 0.736243 0.035559
1 0.721845 0.205606 0.725178 0.205606 0.725178 0.214403 0.721845 0.214403
1 0.552118 0.222681 0.555591 0.222681 0.555591 0.231024 0.552118 0.231024
1 0.571492 0.222935 0.574566 0.222935 0.574566 0.230641 0.571492 0.230641
1 0.715302 0.047332 0.723567 0.047332 0.723567 0.050683 0.715302 0.050683
1 0.702175 0.205272 0.705697 0.205272 0.705697 0.214858 0.702175 0.214858
1 0.748353 0.083223 0.752271 0.083223 0.752271 0.091680 0.748353 0.091680
1 0.595925 0.197903 0.598538 0.197903 0.598538 0.214422 0.595925 0.214422
1 0.733638 0.596405 0.749938 0.596405 0.749938 0.601838 0.733638 0.601838
1 0.549399 0.702522 0.553919 0.702522 0.553919 0.719097 0.549399 0.719097
1 0.579454 0.703114 0.583301 0.703114 0.583301 0.718908 0.579454 0.718908
1 0.725340 0.682936 0.729083 0.682936 0.729083 0.692307 0.725340 0.692307
1 0.725242 0.701411 0.728956 0.701411 0.728956 0.710276 0.725242 0.710276
1 0.733017 0.626832 0.749938 0.626832 0.749938 0.630092 0.733017 0.630092
1 0.697744 0.719988 0.701870 0.719988 0.701870 0.729352 0.697744 0.729352
1 0.745220 0.701656 0.748628 0.701656 0.748628 0.710456 0.745220 0.710456
1 0.745355 0.683291 0.749072 0.683291 0.749072 0.692490 0.745355 0.692490
1 0.717774 0.719892 0.721529 0.719892 0.721529 0.729522 0.717774 0.729522
1 0.516619 0.767746 0.520453 0.767746 0.520453 0.777003 0.516619 0.777003
1 0.712470 0.858377 0.716367 0.858377 0.716367 0.867526 0.712470 0.867526
1 0.696257 0.936672 0.704729 0.936672 0.704729 0.940903 0.696257 0.940903
1 0.698441 0.962726 0.706444 0.962726 0.706444 0.966822 0.698441 0.966822
1 0.692431 0.857863 0.696375 0.857863 0.696375 0.867249 0.692431 0.867249
1 0.734332 0.843459 0.742577 0.843459 0.742577 0.847660 0.734332 0.847660
1 0.594409 0.796806 0.603760 0.796806 0.603760 0.800953 0.594409 0.800953
1 0.594246 0.777453 0.603720 0.777453 0.603720 0.780737 0.594246 0.780737
1 0.581093 0.910478 0.589220 0.910478 0.589220 0.913895 0.581093 0.913895
1 0.556799 0.974435 0.565335 0.974435 0.565335 0.977886 0.556799 0.977886
1 0.691100 0.779114 0.700599 0.779114 0.700599 0.783275 0.691100 0.783275
1 0.696222 0.916860 0.704548 0.916860 0.704548 0.920845 0.696222 0.920845
1 0.556801 0.954804 0.564923 0.954804 0.564923 0.958217 0.556801 0.958217
1 0.580988 0.930078 0.589230 0.930078 0.589230 0.933445 0.580988 0.933445
1 0.734408 0.863095 0.742833 0.863095 0.742833 0.866921 0.734408 0.866921
1 0.690618 0.799529 0.700537 0.799529 0.700537 0.803381 0.690618 0.803381
1 0.698065 0.982759 0.706856 0.982759 0.706856 0.986399 0.698065 0.986399
1 0.751069 0.863745 0.759821 0.863745 0.759821 0.866986 0.751069 0.866986
1 0.751229 0.844291 0.759564 0.844291 0.759564 0.848030 0.751229 0.848030
1 0.490638 0.850344 0.498773 0.850344 0.498773 0.854082 0.490638 0.854082
1 0.766513 0.115922 0.776360 0.115922 0.776360 0.144755 0.766513 0.144755
1 0.836331 0.155247 0.844690 0.155247 0.844690 0.178747 0.836331 0.178747
1 0.793740 0.155419 0.802012 0.155419 0.802012 0.178645 0.793740 0.178645
1 0.817842 0.192384 0.825677 0.192384 0.825677 0.216373 0.817842 0.216373
1 0.774863 0.192725 0.783643 0.192725 0.783643 0.216442 0.774863 0.216442
1 0.962773 0.118727 0.967283 0.118727 0.967283 0.134468 0.962773 0.134468
1 0.991514 0.118844 0.996237 0.118844 0.996237 0.134119 0.991514 0.134119
1 0.767904 0.083519 0.771832 0.083519 0.771832 0.091739 0.767904 0.091739
1 0.756181 0.027297 0.759670 0.027297 0.759670 0.035559 0.756181 0.035559
1 0.812433 0.672820 0.832577 0.672820 0.832577 0.698246 0.812433 0.698246
1 0.973142 0.672944 0.991566 0.672944 0.991566 0.698712 0.973142 0.698712
1 0.798858 0.731370 0.807087 0.731370 0.807087 0.735151 0.798858 0.735151
1 0.798976 0.751395 0.807570 0.751395 0.807570 0.754821 0.798976 0.754821
1 0.844573 0.784215 0.860650 0.784215 0.860650 0.787893 0.844573 0.787893
1 0.870010 0.784117 0.886401 0.784117 0.886401 0.787757 0.870010 0.787757
1 0.876989 0.858284 0.881351 0.858284 0.881351 0.867461 0.876989 0.867461
1 0.812190 0.827085 0.821586 0.827085 0.821586 0.832009 0.812190 0.832009
1 0.811957 0.847966 0.821819 0.847966 0.821819 0.852339 0.811957 0.852339
1 0.795462 0.827921 0.804167 0.827921 0.804167 0.832568 0.795462 0.832568
1 0.870157 0.814844 0.886251 0.814844 0.886251 0.818882 0.870157 0.818882
1 0.774746 0.790743 0.784561 0.790743 0.784561 0.794254 0.774746 0.794254
1 0.844709 0.815143 0.860787 0.815143 0.860787 0.818822 0.844709 0.818822
1 0.857227 0.858088 0.860728 0.858088 0.860728 0.867282 0.857227 0.867282
1 0.774814 0.770895 0.784053 0.770895 0.784053 0.774376 0.774814 0.774376
1 0.795658 0.848125 0.803971 0.848125 0.803971 0.852203 0.795658 0.852203
