0 0.396451 0.432693 0.559677 0.432693 0.559677 0.595919 0.396451 0.595919
0 0.694798 0.432648 0.857839 0.432648 0.857839 0.596247 0.694798 0.596247
0 0.095572 0.434726 0.260256 0.434726 0.260256 0.597355 0.095572 0.597355
0 0.303019 0.366482 0.327871 0.366482 0.327871 0.417905 0.303019 0.417905
0 0.259758 0.634342 0.283978 0.634342 0.283978 0.646807 0.259758 0.646807
0 0.346101 0.600296 0.361603 0.600296 0.361603 0.608339 0.346101 0.608339
0 0.333917 0.539647 0.349654 0.539647 0.349654 0.547574 0.333917 0.547574
0 0.305056 0.548176 0.313185 0.548176 0.313185 0.563661 0.305056 0.563661
0 0.461661 0.713071 0.487954 0.713071 0.487954 0.727501 0.461661 0.727501
0 0.461470 0.690167 0.486843 0.690167 0.486843 0.703747 0.461470 0.703747
0 0.286959 0.674769 0.358359 0.674769 0.358359 0.729959 0.286959 0.729959
0 0.305062 0.631467 0.357819 0.631467 0.357819 0.656771 0.305062 0.656771
0 0.032599 0.577017 0.047991 0.577017 0.047991 0.584959 0.032599 0.584959
0 0.029801 0.544894 0.045752 0.544894 0.045752 0.552877 0.029801 0.552877
0 0.447383 0.737339 0.463306 0.737339 0.463306 0.745167 0.447383 0.745167
0 0.507724 0.697498 0.532995 0.697498 0.532995 0.711217 0.507724 0.711217
0 0.902109 0.384509 0.927148 0.384509 0.927148 0.435859 0.902109 0.435859
0 0.602588 0.354391 0.627261 0.354391 0.627261 0.405522 0.602588 0.405522
0 0.859117 0.634424 0.883512 0.634424 0.883512 0.646716 0.859117 0.646716
0 0.694189 0.670862 0.727685 0.670862 0.727685 0.691963 0.694189 0.691963
0 0.557538 0.634408 0.581879 0.634408 0.581879 0.646724 0.557538 0.646724
0 0.675996 0.708307 0.709752 0.708307 0.709752 0.729611 0.675996 0.729611
0 0.631969 0.541971 0.648017 0.541971 0.648017 0.550106 0.631969 0.550106
0 0.597574 0.719764 0.613541 0.719764 0.613541 0.728818 0.597574 0.728818
0 0.908936 0.546674 0.917029 0.546674 0.917029 0.562075 0.908936 0.562075
0 0.629821 0.688275 0.650993 0.688275 0.650993 0.721368 0.629821 0.721368
0 0.607201 0.546227 0.615482 0.546227 0.615482 0.561649 0.607201 0.561649
0 0.605104 0.632152 0.658019 0.632152 0.658019 0.657467 0.605104 0.657467
0 0.901277 0.595600 0.925780 0.595600 0.925780 0.646966 0.901277 0.646966
0 0.644068 0.597701 0.659809 0.597701 0.659809 0.605762 0.644068 0.605762
1 0.174247 0.404329 0.182666 0.404329 0.182666 0.432639 0.174247 0.432639
1 0.215095 0.404441 0.223466 0.404441 0.223466 0.432597 0.215095 0.432597
1 0.133297 0.404345 0.141861 0.404345 0.141861 0.432580 0.133297 0.432580
1 0.160576 0.404641 0.169120 0.404641 0.169120 0.432805 0.160576 0.432805
1 0.201502 0.403604 0.209890 0.403604 0.209890 0.432839 0.201502 0.432839
1 0.187870 0.403518 0.196261 0.403518 0.196261 0.432481 0.187870 0.432481
1 0.228772 0.404577 0.237132 0.404577 0.237132 0.432642 0.228772 0.432642
1 0.119581 0.404425 0.128254 0.404425 0.128254 0.432552 0.119581 0.432552
1 0.147043 0.404520 0.155457 0.404520 0.155457 0.432602 0.147043 0.432602
1 0.242319 0.404363 0.250730 0.404363 0.250730 0.433109 0.242319 0.433109
1 0.103956 0.405261 0.113696 0.405261 0.113696 0.433155 0.103956 0.433155
1 0.065897 0.443206 0.094847 0.443206 0.094847 0.452366 0.065897 0.452366
1 0.065660 0.456807 0.094847 0.456807 0.094847 0.466019 0.065660 0.466019
1 0.066476 0.470202 0.094847 0.470202 0.094847 0.479793 0.066476 0.479793
1 0.065864 0.484030 0.094847 0.484030 0.094847 0.493084 0.065864 0.493084
1 0.065854 0.497621 0.094726 0.497621 0.094726 0.507220 0.065854 0.507220
1 0.103986 0.598855 0.113318 0.598855 0.113318 0.626832 0.103986 0.626832
1 0.228220 0.598620 0.236520 0.598620 0.236520 0.626421 0.228220 0.626421
1 0.146590 0.598598 0.154897 0.598598 0.154897 0.626112 0.146590 0.626112
1 0.133028 0.598443 0.141403 0.598443 0.141403 0.626508 0.133028 0.626508
1 0.187462 0.598645 0.195856 0.598645 0.195856 0.626716 0.187462 0.626716
1 0.173794 0.598697 0.182217 0.598697 0.182217 0.626500 0.173794 0.626500
1 0.119215 0.598684 0.127856 0.598684 0.127856 0.626464 0.119215 0.626464
1 0.214640 0.598783 0.223004 0.598783 0.223004 0.626790 0.214640 0.626790
1 0.160224 0.598631 0.168671 0.598631 0.168671 0.626112 0.160224 0.626112
1 0.065256 0.579381 0.095089 0.579381 0.095089 0.590227 0.065256 0.590227
1 0.242011 0.598684 0.249986 0.598684 0.249986 0.626716 0.242011 0.626716
1 0.048363 0.576668 0.052535 0.576668 0.052535 0.585320 0.048363 0.585320
1 0.066152 0.565777 0.094726 0.565777 0.094726 0.574882 0.066152 0.574882
1 0.201029 0.598608 0.209268 0.598608 0.209268 0.626837 0.201029 0.626837
1 0.254670 0.632652 0.259514 0.632652 0.259514 0.649482 0.254670 0.649482
1 0.028478 0.576617 0.032499 0.576617 0.032499 0.585421 0.028478 0.585421
1 0.045995 0.544750 0.049616 0.544750 0.049616 0.553115 0.045995 0.553115
1 0.026236 0.544433 0.029772 0.544433 0.029772 0.552970 0.026236 0.552970
1 0.065443 0.551965 0.094847 0.551965 0.094847 0.561591 0.065443 0.561591
1 0.065416 0.538629 0.094726 0.538629 0.094726 0.547938 0.065416 0.547938
1 0.065663 0.524972 0.094847 0.524972 0.094847 0.534043 0.065663 0.534043
1 0.065750 0.511193 0.094968 0.511193 0.094968 0.520632 0.065750 0.520632
1 0.432805 0.403152 0.441397 0.403152 0.441397 0.431247 0.432805 0.431247
1 0.473720 0.403162 0.482246 0.403162 0.482246 0.431275 0.473720 0.431275
1 0.300307 0.418237 0.328973 0.418237 0.328973 0.428784 0.300307 0.428784
1 0.460167 0.403432 0.468640 0.403432 0.468640 0.431233 0.460167 0.431233
1 0.367055 0.441383 0.395276 0.441383 0.395276 0.450550 0.367055 0.450550
1 0.366944 0.468737 0.395186 0.468737 0.395186 0.477783 0.366944 0.477783
1 0.419197 0.403135 0.427699 0.403135 0.427699 0.431631 0.419197 0.431631
1 0.404668 0.401972 0.414123 0.401972 0.414123 0.430817 0.404668 0.430817
1 0.367325 0.482546 0.395186 0.482546 0.395186 0.491444 0.367325 0.491444
1 0.300569 0.353982 0.329081 0.353982 0.329081 0.366220 0.300569 0.366220
1 0.367055 0.455134 0.394917 0.455134 0.394917 0.464121 0.367055 0.464121
1 0.446348 0.403545 0.455062 0.403545 0.455062 0.430974 0.446348 0.430974
1 0.487431 0.402441 0.495889 0.402441 0.495889 0.431348 0.487431 0.431348
1 0.501012 0.402362 0.509404 0.402362 0.509404 0.431487 0.501012 0.431487
1 0.367055 0.496117 0.395366 0.496117 0.395366 0.505105 0.367055 0.505105
1 0.261734 0.456778 0.290517 0.456778 0.290517 0.466010 0.261734 0.466010
1 0.261655 0.443241 0.289989 0.443241 0.289989 0.452434 0.261655 0.452434
1 0.261587 0.470161 0.290484 0.470161 0.290484 0.479684 0.261587 0.479684
1 0.261821 0.497649 0.290453 0.497649 0.290453 0.506895 0.261821 0.506895
1 0.261739 0.483982 0.290030 0.483982 0.290030 0.493403 0.261739 0.493403
1 0.357708 0.629075 0.368428 0.629075 0.368428 0.657922 0.357708 0.657922
1 0.418851 0.597128 0.427206 0.597128 0.427206 0.625012 0.418851 0.625012
1 0.293915 0.628885 0.304877 0.628885 0.304877 0.657704 0.293915 0.657704
1 0.459775 0.597314 0.468076 0.597314 0.468076 0.624820 0.459775 0.624820
1 0.432448 0.597287 0.440899 0.597287 0.440899 0.624988 0.432448 0.624988
1 0.473363 0.597527 0.481768 0.597527 0.481768 0.625115 0.473363 0.625115
1 0.366785 0.550493 0.395186 0.550493 0.395186 0.559570 0.366785 0.559570
1 0.367235 0.509689 0.395366 0.509689 0.395366 0.518676 0.367235 0.518676
1 0.366965 0.564064 0.395186 0.564064 0.395186 0.573321 0.366965 0.573321
1 0.366965 0.523350 0.395366 0.523350 0.395366 0.532338 0.366965 0.532338
1 0.366091 0.577694 0.395456 0.577694 0.395456 0.588151 0.366091 0.588151
1 0.284135 0.632918 0.288330 0.632918 0.288330 0.648989 0.284135 0.648989
1 0.367055 0.537011 0.395276 0.537011 0.395276 0.545909 0.367055 0.545909
1 0.500647 0.597340 0.508970 0.597340 0.508970 0.625090 0.500647 0.625090
1 0.267789 0.680638 0.286948 0.680638 0.286948 0.723783 0.267789 0.723783
1 0.457512 0.712176 0.461780 0.712176 0.461780 0.728031 0.457512 0.728031
1 0.486992 0.596990 0.495398 0.596990 0.495398 0.625180 0.486992 0.625180
1 0.404997 0.596928 0.413733 0.596928 0.413733 0.624866 0.404997 0.624866
1 0.446067 0.596757 0.454415 0.596757 0.454415 0.624820 0.446067 0.624820
1 0.361628 0.600431 0.365521 0.600431 0.365521 0.608444 0.361628 0.608444
1 0.349701 0.539559 0.353058 0.539559 0.353058 0.547474 0.349701 0.547474
1 0.304835 0.544003 0.313234 0.544003 0.313234 0.548246 0.304835 0.548246
1 0.358392 0.679892 0.378399 0.679892 0.378399 0.723714 0.358392 0.723714
1 0.261875 0.511153 0.290258 0.511153 0.290258 0.520530 0.261875 0.520530
1 0.488007 0.712315 0.490864 0.712315 0.490864 0.728745 0.488007 0.728745
1 0.330102 0.539150 0.333878 0.539150 0.333878 0.547483 0.330102 0.547483
1 0.342542 0.600356 0.346185 0.600356 0.346185 0.608375 0.342542 0.608375
1 0.487158 0.688669 0.490558 0.688669 0.490558 0.704865 0.487158 0.704865
1 0.305260 0.563660 0.313438 0.563660 0.313438 0.566939 0.305260 0.566939
1 0.443738 0.737051 0.447505 0.737051 0.447505 0.745020 0.443738 0.745020
1 0.463338 0.737330 0.466791 0.737330 0.466791 0.745216 0.463338 0.745216
1 0.262015 0.524812 0.289933 0.524812 0.289933 0.534129 0.262015 0.534129
1 0.457392 0.688537 0.461168 0.688537 0.461168 0.705069 0.457392 0.705069
1 0.503723 0.696089 0.507550 0.696089 0.507550 0.712528 0.503723 0.712528
1 0.261967 0.538499 0.290238 0.538499 0.290238 0.547883 0.261967 0.547883
1 0.261958 0.551883 0.290035 0.551883 0.290035 0.561476 0.261958 0.561476
1 0.261870 0.565707 0.290300 0.565707 0.290300 0.575058 0.261870 0.575058
1 0.261439 0.579268 0.289956 0.579268 0.289956 0.588697 0.261439 0.588697
1 0.514648 0.403392 0.523050 0.403392 0.523050 0.431315 0.514648 0.431315
1 0.702833 0.403761 0.712188 0.403761 0.712188 0.431435 0.702833 0.431435
1 0.665259 0.442068 0.693906 0.442068 0.693906 0.450446 0.665259 0.450446
1 0.561263 0.441924 0.588648 0.441924 0.588648 0.450541 0.561263 0.450541
1 0.542017 0.403480 0.550352 0.403480 0.550352 0.431495 0.542017 0.431495
1 0.561145 0.469073 0.590183 0.469073 0.590183 0.478163 0.561145 0.478163
1 0.731033 0.403597 0.739542 0.403597 0.739542 0.431391 0.731033 0.431391
1 0.665116 0.469023 0.693986 0.469023 0.693986 0.477896 0.665116 0.477896
1 0.717296 0.403620 0.725987 0.403620 0.725987 0.431521 0.717296 0.431521
1 0.665339 0.483003 0.693826 0.483003 0.693826 0.491462 0.665339 0.491462
1 0.599732 0.405867 0.628608 0.405867 0.628608 0.416599 0.599732 0.416599
1 0.600132 0.341821 0.628606 0.341821 0.628606 0.354429 0.600132 0.354429
1 0.744728 0.404051 0.753157 0.404051 0.753157 0.431314 0.744728 0.431314
1 0.561027 0.455735 0.590308 0.455735 0.590308 0.464906 0.561027 0.464906
1 0.561145 0.482530 0.588530 0.482530 0.588530 0.491501 0.561145 0.491501
1 0.665179 0.455473 0.693826 0.455473 0.693826 0.464251 0.665179 0.464251
1 0.665259 0.496329 0.693826 0.496329 0.693826 0.505107 0.665259 0.505107
1 0.528188 0.403135 0.536731 0.403135 0.536731 0.431506 0.528188 0.431506
1 0.561027 0.496341 0.589829 0.496341 0.589829 0.505312 0.561027 0.505312
1 0.703087 0.596958 0.711956 0.596958 0.711956 0.625354 0.703087 0.625354
1 0.730797 0.597224 0.739461 0.597224 0.739461 0.625486 0.730797 0.625486
1 0.514272 0.597048 0.522709 0.597048 0.522709 0.625041 0.514272 0.625041
1 0.541571 0.597374 0.549863 0.597374 0.549863 0.624910 0.541571 0.624910
1 0.593836 0.629779 0.605015 0.629779 0.605015 0.659024 0.593836 0.659024
1 0.628490 0.679719 0.652255 0.679719 0.652255 0.688137 0.628490 0.688137
1 0.561027 0.550521 0.588412 0.550521 0.588412 0.559492 0.561027 0.559492
1 0.665179 0.550831 0.693507 0.550831 0.693507 0.559528 0.665179 0.559528
1 0.561145 0.510151 0.589947 0.510151 0.589947 0.519004 0.561145 0.519004
1 0.561027 0.564450 0.590183 0.564450 0.590183 0.573303 0.561027 0.573303
1 0.665259 0.509975 0.693587 0.509975 0.693587 0.518593 0.665259 0.518593
1 0.561145 0.523372 0.588530 0.523372 0.588530 0.532343 0.561145 0.532343
1 0.665339 0.523620 0.693667 0.523620 0.693667 0.532238 0.665339 0.532238
1 0.665099 0.564556 0.693587 0.564556 0.693587 0.573253 0.665099 0.573253
1 0.664541 0.578201 0.693826 0.578201 0.693826 0.588335 0.664541 0.588335
1 0.627355 0.721722 0.653362 0.721722 0.653362 0.730701 0.627355 0.730701
1 0.658196 0.630153 0.668342 0.630153 0.668342 0.659139 0.658196 0.659139
1 0.744416 0.597288 0.752711 0.597288 0.752711 0.624939 0.744416 0.624939
1 0.527810 0.597302 0.536274 0.597302 0.536274 0.624930 0.527810 0.624930
1 0.560909 0.537183 0.588884 0.537183 0.588884 0.545918 0.560909 0.545918
1 0.560791 0.578025 0.588294 0.578025 0.588294 0.586878 0.560791 0.586878
1 0.665179 0.537265 0.693667 0.537265 0.693667 0.546043 0.665179 0.546043
1 0.685654 0.669541 0.693893 0.669541 0.693893 0.693120 0.685654 0.693120
1 0.727823 0.669582 0.736403 0.669582 0.736403 0.693197 0.727823 0.693197
1 0.717090 0.597312 0.725536 0.597312 0.725536 0.625415 0.717090 0.625415
1 0.553039 0.633311 0.557609 0.633311 0.557609 0.649213 0.553039 0.649213
1 0.666709 0.707380 0.675512 0.707380 0.675512 0.730577 0.666709 0.730577
1 0.709794 0.706859 0.717622 0.706859 0.717622 0.730520 0.709794 0.730520
1 0.581875 0.632974 0.586366 0.632974 0.586366 0.649213 0.581875 0.649213
1 0.606887 0.542437 0.615544 0.542437 0.615544 0.546169 0.606887 0.546169
1 0.607207 0.561647 0.615462 0.561647 0.615462 0.565044 0.607207 0.565044
1 0.594058 0.719696 0.597656 0.719696 0.597656 0.729006 0.594058 0.729006
1 0.659832 0.597890 0.663673 0.597890 0.663673 0.606009 0.659832 0.606009
1 0.647945 0.541672 0.651451 0.541672 0.651451 0.549814 0.647945 0.549814
1 0.628275 0.541580 0.632056 0.541580 0.632056 0.549897 0.628275 0.549897
1 0.640400 0.597705 0.644117 0.597705 0.644117 0.605842 0.640400 0.605842
1 0.613774 0.720013 0.617259 0.720013 0.617259 0.728764 0.613774 0.728764
1 0.533113 0.696293 0.536685 0.696293 0.536685 0.712825 0.533113 0.712825
1 0.785391 0.403411 0.794036 0.403411 0.794036 0.431378 0.785391 0.431378
1 0.826325 0.403844 0.834837 0.403844 0.834837 0.431613 0.826325 0.431613
1 0.859741 0.442312 0.886819 0.442312 0.886819 0.450911 0.859741 0.450911
1 0.812851 0.403791 0.821309 0.403791 0.821309 0.431631 0.812851 0.431631
1 0.899188 0.436241 0.928463 0.436241 0.928463 0.446859 0.899188 0.446859
1 0.899742 0.372079 0.928232 0.372079 0.928232 0.384337 0.899742 0.384337
1 0.771730 0.403945 0.780440 0.403945 0.780440 0.431484 0.771730 0.431484
1 0.859649 0.483204 0.886728 0.483204 0.886728 0.491803 0.859649 0.491803
1 0.859649 0.469665 0.887094 0.469665 0.887094 0.478264 0.859649 0.478264
1 0.859649 0.455943 0.887002 0.455943 0.887002 0.464633 0.859649 0.464633
1 0.758175 0.403838 0.766925 0.403838 0.766925 0.431450 0.758175 0.431450
1 0.840049 0.403886 0.848520 0.403886 0.848520 0.431465 0.840049 0.431465
1 0.859649 0.496835 0.887094 0.496835 0.887094 0.505434 0.859649 0.505434
1 0.799071 0.402777 0.807591 0.402777 0.807591 0.431481 0.799071 0.431481
1 0.812549 0.597414 0.821024 0.597414 0.821024 0.625625 0.812549 0.625625
1 0.826185 0.597438 0.834642 0.597438 0.834642 0.625516 0.826185 0.625516
1 0.771690 0.597233 0.780152 0.597233 0.780152 0.625524 0.771690 0.625524
1 0.785300 0.597435 0.793452 0.597435 0.793452 0.625645 0.785300 0.625645
1 0.899438 0.647152 0.927925 0.647152 0.927925 0.657947 0.899438 0.657947
1 0.859284 0.564805 0.886911 0.564805 0.886911 0.573496 0.859284 0.573496
1 0.859649 0.551266 0.886545 0.551266 0.886545 0.559957 0.859649 0.559957
1 0.899184 0.583155 0.928027 0.583155 0.928027 0.595429 0.899184 0.595429
1 0.859832 0.524005 0.886728 0.524005 0.886728 0.532421 0.859832 0.532421
1 0.859741 0.510374 0.887094 0.510374 0.887094 0.519065 0.859741 0.519065
1 0.859375 0.578619 0.886636 0.578619 0.886636 0.587218 0.859375 0.587218
1 0.859558 0.537727 0.886636 0.537727 0.886636 0.546143 0.859558 0.546143
1 0.758041 0.597458 0.766325 0.597458 0.766325 0.625141 0.758041 0.625141
1 0.854690 0.633009 0.859303 0.633009 0.859303 0.648943 0.854690 0.648943
1 0.799089 0.597373 0.807369 0.597373 0.807369 0.625645 0.799089 0.625645
1 0.883467 0.633061 0.887563 0.633061 0.887563 0.648869 0.883467 0.648869
1 0.839812 0.597551 0.848111 0.597551 0.848111 0.625444 0.839812 0.625444
1 0.908730 0.542885 0.917283 0.542885 0.917283 0.546478 0.908730 0.546478
1 0.908672 0.562060 0.917082 0.562060 0.917082 0.565904 0.908672 0.565904
