0 0.290890 0.020520 0.388042 0.020520 0.388042 0.122272 0.290890 0.122272
0 0.108121 0.015234 0.204783 0.015234 0.204783 0.117019 0.108121 0.117019
0 0.015396 0.266912 0.049215 0.266912 0.049215 0.287978 0.015396 0.287978
0 0.351670 0.455250 0.370775 0.455250 0.370775 0.487933 0.351670 0.487933
0 0.376311 0.213456 0.416303 0.213456 0.416303 0.279816 0.376311 0.279816
0 0.155301 0.246744 0.209665 0.246744 0.209665 0.317766 0.155301 0.317766
0 0.029353 0.198212 0.047052 0.198212 0.047052 0.243615 0.029353 0.243615
0 0.294621 0.215633 0.349320 0.215633 0.349320 0.286253 0.294621 0.286253
0 0.413837 0.501414 0.429713 0.501414 0.429713 0.509393 0.413837 0.509393
0 0.399051 0.460229 0.408392 0.460229 0.408392 0.476181 0.399051 0.476181
0 0.146198 0.502351 0.160888 0.502351 0.160888 0.529756 0.146198 0.529756
0 0.318320 0.511012 0.326514 0.511012 0.326514 0.526683 0.318320 0.526683
0 0.393309 0.135926 0.410521 0.135926 0.410521 0.145339 0.393309 0.145339
0 0.393184 0.152019 0.409321 0.152019 0.409321 0.161713 0.393184 0.161713
0 0.359643 0.508312 0.378660 0.508312 0.378660 0.541207 0.359643 0.541207
0 0.085328 0.633338 0.097321 0.633338 0.097321 0.657587 0.085328 0.657587
0 0.049011 0.579534 0.069945 0.579534 0.069945 0.612488 0.049011 0.612488
0 0.202499 0.581320 0.235616 0.581320 0.235616 0.602359 0.202499 0.602359
0 0.018380 0.790099 0.051711 0.790099 0.051711 0.810837 0.018380 0.810837
0 0.395269 0.879549 0.428769 0.879549 0.428769 0.901000 0.395269 0.901000
0 0.126926 0.678831 0.152749 0.678831 0.152749 0.693080 0.126926 0.693080
0 0.147424 0.707190 0.165104 0.707190 0.165104 0.741297 0.147424 0.741297
0 0.102321 0.746775 0.123178 0.746775 0.123178 0.779849 0.102321 0.779849
0 0.273582 0.856748 0.307022 0.856748 0.307022 0.877905 0.273582 0.877905
0 0.247129 0.830150 0.271427 0.830150 0.271427 0.842229 0.247129 0.842229
0 0.018449 0.755718 0.052272 0.755718 0.052272 0.776817 0.018449 0.776817
0 0.289900 0.750738 0.315478 0.750738 0.315478 0.763547 0.289900 0.763547
0 0.095076 0.800021 0.122598 0.800021 0.122598 0.814569 0.095076 0.814569
0 0.335282 0.875025 0.362431 0.875025 0.362431 0.889518 0.335282 0.889518
0 0.329889 0.602885 0.344662 0.602885 0.344662 0.630074 0.329889 0.630074
0 0.395214 0.911572 0.429226 0.911572 0.429226 0.933005 0.395214 0.933005
0 0.219641 0.659006 0.231831 0.659006 0.231831 0.683384 0.219641 0.683384
0 0.382738 0.623116 0.397401 0.623116 0.397401 0.650369 0.382738 0.650369
0 0.110049 0.572757 0.124531 0.572757 0.124531 0.599955 0.110049 0.599955
0 0.079667 0.578806 0.100498 0.578806 0.100498 0.611970 0.079667 0.611970
0 0.061750 0.634102 0.076488 0.634102 0.076488 0.661108 0.061750 0.661108
0 0.273124 0.793302 0.306194 0.793302 0.306194 0.814364 0.273124 0.814364
0 0.135058 0.766386 0.155836 0.766386 0.155836 0.799544 0.135058 0.799544
0 0.359985 0.762122 0.386964 0.762122 0.386964 0.776877 0.359985 0.776877
0 0.165626 0.765717 0.186450 0.765717 0.186450 0.798779 0.165626 0.798779
0 0.019130 0.701163 0.065010 0.701163 0.065010 0.719645 0.019130 0.719645
0 0.379467 0.731507 0.388768 0.731507 0.388768 0.748135 0.379467 0.748135
0 0.023097 0.907244 0.041049 0.907244 0.041049 0.953110 0.023097 0.953110
0 0.350206 0.552045 0.366041 0.552045 0.366041 0.560766 0.350206 0.560766
0 0.279167 0.652779 0.337369 0.652779 0.337369 0.733261 0.279167 0.733261
0 0.410087 0.530457 0.418098 0.530457 0.418098 0.545912 0.410087 0.545912
0 0.718885 0.285860 0.744998 0.285860 0.744998 0.299958 0.718885 0.299958
0 0.637100 0.437841 0.662815 0.437841 0.662815 0.451296 0.637100 0.451296
0 0.815189 0.336865 0.829304 0.336865 0.829304 0.364071 0.815189 0.364071
0 0.621542 0.463929 0.635801 0.463929 0.635801 0.489605 0.621542 0.489605
0 0.729703 0.381826 0.742762 0.381826 0.742762 0.407222 0.729703 0.407222
0 0.700559 0.464680 0.713550 0.464680 0.713550 0.490320 0.700559 0.490320
0 0.660544 0.172377 0.686588 0.172377 0.686588 0.186536 0.660544 0.186536
0 0.941188 0.349835 0.973805 0.349835 0.973805 0.367544 0.941188 0.367544
0 0.650540 0.463868 0.665042 0.463868 0.665042 0.489437 0.650540 0.489437
0 0.678283 0.366327 0.692500 0.366327 0.692500 0.393289 0.678283 0.393289
0 0.676235 0.421234 0.690373 0.421234 0.690373 0.448590 0.676235 0.448590
0 0.677938 0.464865 0.692208 0.464865 0.692208 0.490612 0.677938 0.490612
0 0.816198 0.385369 0.829356 0.385369 0.829356 0.410809 0.816198 0.410809
0 0.818321 0.169211 0.827259 0.169211 0.827259 0.186246 0.818321 0.186246
0 0.645756 0.388459 0.660068 0.388459 0.660068 0.415671 0.645756 0.415671
0 0.743918 0.338828 0.757501 0.338828 0.757501 0.364624 0.743918 0.364624
0 0.702016 0.370081 0.716319 0.370081 0.716319 0.397477 0.702016 0.397477
0 0.872020 0.348542 0.904984 0.348542 0.904984 0.366488 0.872020 0.366488
0 0.871899 0.420319 0.880139 0.420319 0.880139 0.436074 0.871899 0.436074
0 0.770559 0.384702 0.784677 0.384702 0.784677 0.410358 0.770559 0.410358
0 0.596571 0.438583 0.609930 0.438583 0.609930 0.463960 0.596571 0.463960
0 0.777236 0.462046 0.790476 0.462046 0.790476 0.487707 0.777236 0.487707
0 0.685398 0.325697 0.699729 0.325697 0.699729 0.353099 0.685398 0.353099
0 0.824610 0.456722 0.832406 0.456722 0.832406 0.472340 0.824610 0.472340
0 0.793952 0.384955 0.806794 0.384955 0.806794 0.410380 0.793952 0.410380
0 0.727645 0.454266 0.741072 0.454266 0.741072 0.479942 0.727645 0.479942
0 0.863596 0.452919 0.880243 0.452919 0.880243 0.462253 0.863596 0.462253
0 0.845230 0.446542 0.853110 0.446542 0.853110 0.462207 0.845230 0.462207
0 0.922597 0.338147 0.930444 0.338147 0.930444 0.353693 0.922597 0.353693
0 0.764232 0.028587 0.772407 0.028587 0.772407 0.044382 0.764232 0.044382
0 0.806606 0.455930 0.815417 0.455930 0.815417 0.472502 0.806606 0.472502
0 0.927755 0.421407 0.943592 0.421407 0.943592 0.430041 0.927755 0.430041
0 0.775112 0.501666 0.790934 0.501666 0.790934 0.509779 0.775112 0.509779
0 0.888232 0.397771 0.903876 0.397771 0.903876 0.405459 0.888232 0.405459
0 0.664302 0.138609 0.679539 0.138609 0.679539 0.146470 0.664302 0.146470
0 0.848872 0.197671 0.856825 0.197671 0.856825 0.213460 0.848872 0.213460
0 0.847503 0.242491 0.855277 0.242491 0.855277 0.257714 0.847503 0.257714
0 0.658444 0.504392 0.671907 0.504392 0.671907 0.530149 0.658444 0.530149
0 0.855469 0.419589 0.865153 0.419589 0.865153 0.436355 0.855469 0.436355
0 0.808203 0.434147 0.824910 0.434147 0.824910 0.443333 0.808203 0.443333
0 0.863923 0.241699 0.873034 0.241699 0.873034 0.258451 0.863923 0.258451
0 0.921683 0.369469 0.930483 0.369469 0.930483 0.385457 0.921683 0.385457
0 0.685360 0.508666 0.694436 0.508666 0.694436 0.525656 0.685360 0.525656
0 0.815038 0.512613 0.831686 0.512613 0.831686 0.521482 0.815038 0.521482
0 0.774667 0.522172 0.790380 0.522172 0.790380 0.530315 0.774667 0.530315
0 0.690776 0.602289 0.716243 0.602289 0.716243 0.615357 0.690776 0.615357
0 0.661994 0.971047 0.687480 0.971047 0.687480 0.984297 0.661994 0.984297
0 0.610774 0.826776 0.636497 0.826776 0.636497 0.841010 0.610774 0.841010
0 0.644379 0.594644 0.669755 0.594644 0.669755 0.607805 0.644379 0.607805
0 0.613099 0.566293 0.627084 0.566293 0.627084 0.593380 0.613099 0.593380
0 0.650243 0.903811 0.664268 0.903811 0.664268 0.929359 0.650243 0.929359
0 0.696291 0.738477 0.709201 0.738477 0.709201 0.763916 0.696291 0.763916
0 0.689537 0.578306 0.716841 0.578306 0.716841 0.592513 0.689537 0.592513
0 0.629681 0.656967 0.643925 0.656967 0.643925 0.682778 0.629681 0.682778
0 0.574792 0.906558 0.600533 0.906558 0.600533 0.920414 0.574792 0.920414
0 0.746048 0.971521 0.771602 0.971521 0.771602 0.984897 0.746048 0.984897
0 0.570793 0.878729 0.596490 0.878729 0.596490 0.893101 0.570793 0.893101
0 0.808727 0.879467 0.824608 0.879467 0.824608 0.887418 0.808727 0.887418
0 0.724138 0.810584 0.736853 0.810584 0.736853 0.835098 0.724138 0.835098
0 0.899106 0.916198 0.914741 0.916198 0.914741 0.924270 0.899106 0.924270
0 0.639418 0.617018 0.664889 0.617018 0.664889 0.630294 0.639418 0.630294
0 0.761426 0.723874 0.777262 0.723874 0.777262 0.732042 0.761426 0.732042
0 0.808676 0.903080 0.824482 0.903080 0.824482 0.911036 0.808676 0.911036
0 0.768627 0.830366 0.783725 0.830366 0.783725 0.838170 0.768627 0.838170
0 0.533746 0.677199 0.559573 0.677199 0.559573 0.691253 0.533746 0.691253
0 0.862259 0.925327 0.883213 0.925327 0.883213 0.956846 0.862259 0.956846
0 0.769227 0.790525 0.784978 0.790525 0.784978 0.798365 0.769227 0.798365
0 0.654405 0.693595 0.679953 0.693595 0.679953 0.707003 0.654405 0.707003
0 0.639098 0.875320 0.664436 0.875320 0.664436 0.888840 0.639098 0.888840
0 0.777231 0.747417 0.785313 0.747417 0.785313 0.763152 0.777231 0.763152
0 0.690901 0.943986 0.716388 0.943986 0.716388 0.957274 0.690901 0.957274
0 0.743203 0.570915 0.756290 0.570915 0.756290 0.596280 0.743203 0.596280
0 0.701993 0.973209 0.727347 0.973209 0.727347 0.986531 0.701993 0.986531
0 0.779057 0.647259 0.793276 0.647259 0.793276 0.672856 0.779057 0.672856
0 0.767259 0.879545 0.783082 0.879545 0.783082 0.887664 0.767259 0.887664
0 0.809192 0.859992 0.825028 0.859992 0.825028 0.868098 0.809192 0.868098
0 0.617720 0.934599 0.639245 0.934599 0.639245 0.967642 0.617720 0.967642
0 0.651223 0.941470 0.676490 0.941470 0.676490 0.954426 0.651223 0.954426
0 0.549555 0.757204 0.563617 0.757204 0.563617 0.783158 0.549555 0.783158
0 0.581521 0.798572 0.594601 0.798572 0.594601 0.823951 0.581521 0.823951
0 0.637265 0.553465 0.650197 0.553465 0.650197 0.578730 0.637265 0.578730
0 0.763646 0.540606 0.771681 0.540606 0.771681 0.556372 0.763646 0.556372
0 0.549238 0.706262 0.582218 0.706262 0.582218 0.727481 0.549238 0.727481
0 0.932400 0.947474 0.940455 0.947474 0.940455 0.963266 0.932400 0.963266
0 0.727234 0.783121 0.743102 0.783121 0.743102 0.791343 0.727234 0.791343
0 0.728977 0.734736 0.744622 0.734736 0.744622 0.742849 0.728977 0.742849
0 0.766716 0.903680 0.782564 0.903680 0.782564 0.911738 0.766716 0.911738
0 0.905980 0.952292 0.921877 0.952292 0.921877 0.960464 0.905980 0.960464
0 0.754444 0.707119 0.770394 0.707119 0.770394 0.715173 0.754444 0.715173
0 0.767204 0.856225 0.782991 0.856225 0.782991 0.864316 0.767204 0.864316
0 0.701039 0.642142 0.716870 0.642142 0.716870 0.650327 0.701039 0.650327
0 0.956177 0.906414 0.963963 0.906414 0.963963 0.922006 0.956177 0.922006
0 0.978735 0.947385 0.986775 0.947385 0.986775 0.963143 0.978735 0.963143
0 0.778328 0.773594 0.795307 0.773594 0.795307 0.782750 0.778328 0.782750
0 0.932886 0.906118 0.940568 0.906118 0.940568 0.921885 0.932886 0.921885
0 0.955737 0.947074 0.963635 0.947074 0.963635 0.962762 0.955737 0.962762
0 0.747013 0.536782 0.756156 0.536782 0.756156 0.553386 0.747013 0.553386
0 0.842087 0.921995 0.851319 0.921995 0.851319 0.938466 0.842087 0.938466
0 0.701462 0.704688 0.717557 0.704688 0.717557 0.713699 0.701462 0.713699
0 0.700813 0.624412 0.717592 0.624412 0.717592 0.633971 0.700813 0.633971
0 0.979804 0.906425 0.987507 0.906425 0.987507 0.921683 0.979804 0.921683
1 0.047162 0.212613 0.064235 0.212613 0.064235 0.228405 0.047162 0.228405
1 0.012612 0.197685 0.029243 0.197685 0.029243 0.210635 0.012612 0.210635
1 0.011066 0.230159 0.028913 0.230159 0.028913 0.243835 0.011066 0.243835
1 0.090155 0.057571 0.107968 0.057571 0.107968 0.073738 0.090155 0.073738
1 0.161784 0.227510 0.202231 0.227510 0.202231 0.246833 0.161784 0.246833
1 0.045095 0.013279 0.107986 0.013279 0.107986 0.040512 0.045095 0.040512
1 0.042725 0.089819 0.108083 0.089819 0.108083 0.120603 0.042725 0.120603
1 0.204913 0.020097 0.239832 0.020097 0.239832 0.113596 0.204913 0.113596
1 0.254616 0.023387 0.290672 0.023387 0.290672 0.117076 0.254616 0.117076
1 0.049141 0.264521 0.059157 0.264521 0.059157 0.290800 0.049141 0.290800
1 0.006678 0.265730 0.015671 0.265730 0.015671 0.289693 0.006678 0.289693
1 0.159608 0.317987 0.203263 0.317987 0.203263 0.337622 0.159608 0.337622
1 0.145572 0.497299 0.161729 0.497299 0.161729 0.501970 0.145572 0.501970
1 0.051067 0.719807 0.064280 0.719807 0.064280 0.734876 0.051067 0.734876
1 0.033674 0.683284 0.049608 0.683284 0.049608 0.700839 0.033674 0.700839
1 0.018968 0.719807 0.031810 0.719807 0.031810 0.734846 0.018968 0.734846
1 0.047130 0.612751 0.071054 0.612751 0.071054 0.621449 0.047130 0.621449
1 0.047387 0.570172 0.071266 0.570172 0.071266 0.579139 0.047387 0.579139
1 0.235910 0.579775 0.245126 0.579775 0.245126 0.603635 0.235910 0.603635
1 0.101139 0.737681 0.124921 0.737681 0.124921 0.746286 0.101139 0.746286
1 0.109330 0.567860 0.125456 0.567860 0.125456 0.572083 0.109330 0.572083
1 0.194164 0.579401 0.202472 0.579401 0.202472 0.603538 0.194164 0.603538
1 0.108897 0.600432 0.125473 0.600432 0.125473 0.604931 0.108897 0.604931
1 0.078055 0.612083 0.101618 0.612083 0.101618 0.621705 0.078055 0.621705
1 0.133440 0.728925 0.147146 0.728925 0.147146 0.739765 0.133440 0.739765
1 0.164965 0.718605 0.179686 0.718605 0.179686 0.728699 0.164965 0.728699
1 0.078436 0.570617 0.101861 0.570617 0.101861 0.578253 0.078436 0.578253
1 0.084174 0.627858 0.100324 0.627858 0.100324 0.632836 0.084174 0.632836
1 0.217513 0.683400 0.234205 0.683400 0.234205 0.688584 0.217513 0.688584
1 0.218223 0.654531 0.233778 0.654531 0.233778 0.658914 0.218223 0.658914
1 0.083242 0.657464 0.099409 0.657464 0.099409 0.662182 0.083242 0.662182
1 0.145455 0.529980 0.161974 0.529980 0.161974 0.534322 0.145455 0.534322
1 0.060917 0.661308 0.076803 0.661308 0.076803 0.665534 0.060917 0.665534
1 0.123128 0.677727 0.126784 0.677727 0.126784 0.693627 0.123128 0.693627
1 0.153135 0.677700 0.156643 0.677700 0.156643 0.694362 0.153135 0.694362
1 0.061591 0.629562 0.077182 0.629562 0.077182 0.633865 0.061591 0.633865
1 0.008880 0.753859 0.018545 0.753859 0.018545 0.778117 0.008880 0.778117
1 0.100813 0.779665 0.124661 0.779665 0.124661 0.789146 0.100813 0.789146
1 0.041268 0.922350 0.056639 0.922350 0.056639 0.936610 0.041268 0.936610
1 0.008610 0.788272 0.018203 0.788272 0.018203 0.812194 0.008610 0.812194
1 0.006255 0.939393 0.022769 0.939393 0.022769 0.952672 0.006255 0.952672
1 0.006296 0.907061 0.022988 0.907061 0.022988 0.920599 0.006296 0.920599
1 0.164125 0.756871 0.187802 0.756871 0.187802 0.765057 0.164125 0.765057
1 0.051883 0.788150 0.059621 0.788150 0.059621 0.812532 0.051883 0.812532
1 0.052200 0.754551 0.059944 0.754551 0.059944 0.778264 0.052200 0.778264
1 0.133523 0.756711 0.157130 0.756711 0.157130 0.765746 0.133523 0.765746
1 0.133557 0.799525 0.157015 0.799525 0.157015 0.807937 0.133557 0.807937
1 0.163998 0.799017 0.187873 0.799017 0.187873 0.808003 0.163998 0.808003
1 0.091153 0.799229 0.095007 0.799229 0.095007 0.815953 0.091153 0.815953
1 0.242229 0.827134 0.247162 0.827134 0.247162 0.845091 0.242229 0.845091
1 0.122974 0.799579 0.127226 0.799579 0.127226 0.815683 0.122974 0.815683
1 0.387980 0.063480 0.405381 0.063480 0.405381 0.079211 0.387980 0.079211
1 0.382957 0.194194 0.411649 0.194194 0.411649 0.213374 0.382957 0.213374
1 0.299812 0.196514 0.342176 0.196514 0.342176 0.215633 0.299812 0.215633
1 0.387980 0.097308 0.449790 0.097308 0.449790 0.124733 0.387980 0.124733
1 0.388398 0.016844 0.451831 0.016844 0.451831 0.047778 0.388398 0.047778
1 0.382338 0.279816 0.410858 0.279816 0.410858 0.299565 0.382338 0.299565
1 0.371277 0.479310 0.386363 0.479310 0.386363 0.486112 0.371277 0.486112
1 0.337529 0.456106 0.351724 0.456106 0.351724 0.463449 0.337529 0.463449
1 0.297886 0.286253 0.341799 0.286253 0.341799 0.306962 0.297886 0.306962
1 0.371127 0.457025 0.386101 0.457025 0.386101 0.463824 0.371127 0.463824
1 0.336784 0.478783 0.351708 0.478783 0.351708 0.485621 0.336784 0.485621
1 0.337111 0.467673 0.351543 0.467673 0.351543 0.474312 0.337111 0.474312
1 0.398631 0.476518 0.408813 0.476518 0.408813 0.480155 0.398631 0.480155
1 0.399195 0.456530 0.408717 0.456530 0.408717 0.459892 0.399195 0.459892
1 0.409123 0.500607 0.413719 0.500607 0.413719 0.509344 0.409123 0.509344
1 0.430045 0.500786 0.434313 0.500786 0.434313 0.508867 0.430045 0.508867
1 0.317744 0.506540 0.327527 0.506540 0.327527 0.510709 0.317744 0.510709
1 0.343280 0.655810 0.371261 0.655810 0.371261 0.666702 0.343280 0.666702
1 0.342977 0.720833 0.370562 0.720833 0.370562 0.731745 0.342977 0.731745
1 0.343129 0.677636 0.370631 0.677636 0.370631 0.688323 0.343129 0.688323
1 0.343432 0.699310 0.370411 0.699310 0.370411 0.710071 0.343432 0.710071
1 0.246309 0.653743 0.277111 0.653743 0.277111 0.666194 0.246309 0.666194
1 0.247187 0.720378 0.277151 0.720378 0.277151 0.730985 0.247187 0.730985
1 0.247338 0.698704 0.277046 0.698704 0.277046 0.709010 0.247338 0.709010
1 0.247642 0.677030 0.276998 0.677030 0.276998 0.687697 0.247642 0.687697
1 0.380878 0.650259 0.398959 0.650259 0.398959 0.654261 0.380878 0.654261
1 0.346318 0.510712 0.359955 0.510712 0.359955 0.518193 0.346318 0.518193
1 0.346338 0.532912 0.359127 0.532912 0.359127 0.540536 0.346338 0.540536
1 0.317493 0.527036 0.326705 0.527036 0.326705 0.530115 0.317493 0.530115
1 0.378916 0.510956 0.391929 0.510956 0.391929 0.518240 0.378916 0.518240
1 0.365968 0.552085 0.370108 0.552085 0.370108 0.560825 0.365968 0.560825
1 0.378816 0.521940 0.391716 0.521940 0.391716 0.529290 0.378816 0.529290
1 0.409411 0.525867 0.418596 0.525867 0.418596 0.530563 0.409411 0.530563
1 0.329270 0.598932 0.346032 0.598932 0.346032 0.602477 0.329270 0.602477
1 0.378644 0.533215 0.391225 0.533215 0.391225 0.540454 0.378644 0.540454
1 0.345999 0.551746 0.350221 0.551746 0.350221 0.560558 0.345999 0.560558
1 0.382123 0.618949 0.397947 0.618949 0.397947 0.622820 0.382123 0.622820
1 0.409778 0.546118 0.419105 0.546118 0.419105 0.549874 0.409778 0.549874
1 0.379709 0.748166 0.388981 0.748166 0.388981 0.751740 0.379709 0.751740
1 0.379102 0.727311 0.389028 0.727311 0.389028 0.730997 0.379102 0.730997
1 0.329075 0.629968 0.345499 0.629968 0.345499 0.633541 0.329075 0.633541
1 0.315545 0.749105 0.320549 0.749105 0.320549 0.766453 0.315545 0.766453
1 0.285772 0.748849 0.290097 0.748849 0.290097 0.765944 0.285772 0.765944
1 0.386889 0.877683 0.395276 0.877683 0.395276 0.901685 0.386889 0.901685
1 0.386754 0.909830 0.395106 0.909830 0.395106 0.934130 0.386754 0.934130
1 0.264704 0.791516 0.273025 0.791516 0.273025 0.815494 0.264704 0.815494
1 0.306441 0.791730 0.315664 0.791730 0.315664 0.815948 0.306441 0.815948
1 0.429163 0.910066 0.437757 0.910066 0.437757 0.934437 0.429163 0.934437
1 0.362287 0.873439 0.366487 0.873439 0.366487 0.891885 0.362287 0.891885
1 0.307165 0.855212 0.315321 0.855212 0.315321 0.878907 0.307165 0.878907
1 0.428872 0.876382 0.439378 0.876382 0.439378 0.903143 0.428872 0.903143
1 0.264380 0.854729 0.273502 0.854729 0.273502 0.878844 0.264380 0.878844
1 0.271516 0.827096 0.277019 0.827096 0.277019 0.845330 0.271516 0.845330
1 0.387545 0.761150 0.391102 0.761150 0.391102 0.778533 0.387545 0.778533
1 0.331674 0.873239 0.335507 0.873239 0.335507 0.891608 0.331674 0.891608
1 0.356556 0.761056 0.359408 0.761056 0.359408 0.778396 0.356556 0.778396
1 0.657104 0.170423 0.660405 0.170423 0.660405 0.187500 0.657104 0.187500
1 0.679879 0.138478 0.683996 0.138478 0.683996 0.146424 0.679879 0.146424
1 0.660459 0.138463 0.664272 0.138463 0.664272 0.146241 0.660459 0.146241
1 0.686745 0.170938 0.690346 0.170938 0.690346 0.187272 0.686745 0.187272
1 0.714169 0.284731 0.718578 0.284731 0.718578 0.300507 0.714169 0.300507
1 0.744791 0.285163 0.749333 0.285163 0.749333 0.300974 0.744791 0.300974
1 0.699105 0.490384 0.715219 0.490384 0.715219 0.494763 0.699105 0.494763
1 0.685442 0.322769 0.699768 0.322769 0.699768 0.325743 0.685442 0.325743
1 0.595471 0.434405 0.610870 0.434405 0.610870 0.438492 0.595471 0.438492
1 0.676772 0.460048 0.693134 0.460048 0.693134 0.464792 0.676772 0.464792
1 0.699850 0.460765 0.714652 0.460765 0.714652 0.464815 0.699850 0.464815
1 0.729389 0.407007 0.743445 0.407007 0.743445 0.410428 0.729389 0.410428
1 0.678493 0.363274 0.692772 0.363274 0.692772 0.366127 0.678493 0.366127
1 0.726898 0.450372 0.742439 0.450372 0.742439 0.454590 0.726898 0.454590
1 0.595945 0.463963 0.610834 0.463963 0.610834 0.468370 0.595945 0.468370
1 0.657872 0.500096 0.672818 0.500096 0.672818 0.504407 0.657872 0.504407
1 0.729778 0.377676 0.743814 0.377676 0.743814 0.381908 0.729778 0.381908
1 0.620876 0.459686 0.636815 0.459686 0.636815 0.463975 0.620876 0.463975
1 0.678458 0.393217 0.692392 0.393217 0.692392 0.396153 0.678458 0.396153
1 0.645880 0.385448 0.660031 0.385448 0.660031 0.388403 0.645880 0.388403
1 0.676071 0.491097 0.693270 0.491097 0.693270 0.495001 0.676071 0.495001
1 0.633896 0.437030 0.637079 0.437030 0.637079 0.452335 0.633896 0.452335
1 0.649788 0.459748 0.665682 0.459748 0.665682 0.464051 0.649788 0.464051
1 0.726538 0.479685 0.742260 0.479685 0.742260 0.484012 0.726538 0.484012
1 0.620209 0.490288 0.636424 0.490288 0.636424 0.494659 0.620209 0.494659
1 0.685283 0.352951 0.699381 0.352951 0.699381 0.355933 0.685283 0.355933
1 0.676372 0.418230 0.690545 0.418230 0.690545 0.421044 0.676372 0.421044
1 0.702271 0.397361 0.716145 0.397361 0.716145 0.400313 0.702271 0.400313
1 0.742714 0.364562 0.758015 0.364562 0.758015 0.368426 0.742714 0.368426
1 0.645743 0.415510 0.659751 0.415510 0.659751 0.418301 0.645743 0.418301
1 0.649400 0.489591 0.665669 0.489591 0.665669 0.493936 0.649400 0.493936
1 0.702594 0.366921 0.716063 0.366921 0.716063 0.370333 0.702594 0.370333
1 0.676530 0.448410 0.690261 0.448410 0.690261 0.450630 0.676530 0.450630
1 0.662299 0.437253 0.666341 0.437253 0.666341 0.451688 0.662299 0.451688
1 0.742675 0.335163 0.758274 0.335163 0.758274 0.339254 0.742675 0.339254
1 0.684821 0.504829 0.695547 0.504829 0.695547 0.508344 0.684821 0.508344
1 0.650343 0.692489 0.654501 0.692489 0.654501 0.709312 0.650343 0.709312
1 0.628518 0.682855 0.644548 0.682855 0.644548 0.687135 0.628518 0.687135
1 0.695302 0.734120 0.710868 0.734120 0.710868 0.738456 0.695302 0.738456
1 0.670291 0.592764 0.675748 0.592764 0.675748 0.608768 0.670291 0.608768
1 0.716183 0.600136 0.720986 0.600136 0.720986 0.616504 0.716183 0.616504
1 0.628949 0.652461 0.644582 0.652461 0.644582 0.656836 0.628949 0.656836
1 0.539249 0.704856 0.548765 0.704856 0.548765 0.730354 0.539249 0.730354
1 0.634190 0.615096 0.639401 0.615096 0.639401 0.632541 0.634190 0.632541
1 0.685161 0.600924 0.690376 0.600924 0.690376 0.617063 0.685161 0.617063
1 0.679931 0.691591 0.684681 0.691591 0.684681 0.708740 0.679931 0.708740
1 0.635746 0.548484 0.651545 0.548484 0.651545 0.553018 0.635746 0.553018
1 0.717488 0.624350 0.721169 0.624350 0.721169 0.633993 0.717488 0.633993
1 0.639054 0.592873 0.644246 0.592873 0.644246 0.609606 0.639054 0.609606
1 0.697174 0.641099 0.701247 0.641099 0.701247 0.650603 0.697174 0.650603
1 0.697333 0.624357 0.700699 0.624357 0.700699 0.633726 0.697333 0.633726
1 0.717187 0.641342 0.721088 0.641342 0.721088 0.651268 0.717187 0.651268
1 0.724394 0.733865 0.729092 0.733865 0.729092 0.743294 0.724394 0.743294
1 0.665277 0.615096 0.670542 0.615096 0.670542 0.631890 0.665277 0.631890
1 0.612649 0.593922 0.627773 0.593922 0.627773 0.598198 0.612649 0.598198
1 0.685016 0.525703 0.695503 0.525703 0.695503 0.529120 0.685016 0.529120
1 0.612297 0.561102 0.627512 0.561102 0.627512 0.565556 0.612297 0.565556
1 0.636173 0.578541 0.651480 0.578541 0.651480 0.582694 0.636173 0.582694
1 0.744390 0.733955 0.748812 0.733955 0.748812 0.743207 0.744390 0.743207
1 0.742109 0.566097 0.758113 0.566097 0.758113 0.570660 0.742109 0.570660
1 0.685447 0.577926 0.689757 0.577926 0.689757 0.592612 0.685447 0.592612
1 0.717033 0.577389 0.720342 0.577389 0.720342 0.593416 0.717033 0.593416
1 0.741523 0.595963 0.757541 0.595963 0.757541 0.600594 0.741523 0.600594
1 0.717367 0.704960 0.721124 0.704960 0.721124 0.713792 0.717367 0.713792
1 0.697647 0.704457 0.701148 0.704457 0.701148 0.713874 0.697647 0.713874
1 0.750340 0.705653 0.754289 0.705653 0.754289 0.716714 0.750340 0.716714
1 0.746880 0.553621 0.756583 0.553621 0.756583 0.556820 0.746880 0.556820
1 0.746558 0.532764 0.756918 0.532764 0.756918 0.536370 0.746558 0.536370
1 0.657503 0.530813 0.673288 0.530813 0.673288 0.535113 0.657503 0.535113
1 0.582512 0.705264 0.591812 0.705264 0.591812 0.729367 0.582512 0.729367
1 0.559372 0.676521 0.563530 0.676521 0.563530 0.692536 0.559372 0.692536
1 0.529684 0.676089 0.533640 0.676089 0.533640 0.692288 0.529684 0.692288
1 0.549626 0.752650 0.564522 0.752650 0.564522 0.756948 0.549626 0.756948
1 0.616074 0.967658 0.640015 0.967658 0.640015 0.976214 0.616074 0.976214
1 0.616486 0.924640 0.640731 0.924640 0.640731 0.933842 0.616486 0.933842
1 0.697958 0.971390 0.702274 0.971390 0.702274 0.987888 0.697958 0.987888
1 0.600787 0.905520 0.604931 0.905520 0.604931 0.922253 0.600787 0.922253
1 0.580830 0.794111 0.594961 0.794111 0.594961 0.798510 0.580830 0.798510
1 0.694966 0.763821 0.710372 0.763821 0.710372 0.767953 0.694966 0.767953
1 0.657417 0.969332 0.661841 0.969332 0.661841 0.986256 0.657417 0.986256
1 0.580840 0.823887 0.594793 0.823887 0.594793 0.828217 0.580840 0.828217
1 0.687059 0.969947 0.691605 0.969947 0.691605 0.986327 0.687059 0.986327
1 0.722490 0.805703 0.738051 0.805703 0.738051 0.810402 0.722490 0.810402
1 0.634209 0.873706 0.638781 0.873706 0.638781 0.890816 0.634209 0.890816
1 0.646434 0.939566 0.651093 0.939566 0.651093 0.956327 0.646434 0.956327
1 0.664314 0.873878 0.668826 0.873878 0.668826 0.891049 0.664314 0.891049
1 0.722419 0.835218 0.737708 0.835218 0.737708 0.839649 0.722419 0.839649
1 0.649119 0.898219 0.665491 0.898219 0.665491 0.903191 0.649119 0.903191
1 0.605474 0.824283 0.610340 0.824283 0.610340 0.841127 0.605474 0.841127
1 0.741811 0.969992 0.746010 0.969992 0.746010 0.986579 0.741811 0.986579
1 0.676535 0.939820 0.680610 0.939820 0.680610 0.956262 0.676535 0.956262
1 0.569563 0.904465 0.574406 0.904465 0.574406 0.921551 0.569563 0.921551
1 0.549583 0.782818 0.564288 0.782818 0.564288 0.787204 0.549583 0.787204
1 0.716511 0.942294 0.720831 0.942294 0.720831 0.959346 0.716511 0.959346
1 0.566528 0.877219 0.570625 0.877219 0.570625 0.894048 0.566528 0.894048
1 0.647950 0.929557 0.665941 0.929557 0.665941 0.934343 0.647950 0.934343
1 0.686421 0.942191 0.691050 0.942191 0.691050 0.958873 0.686421 0.958873
1 0.596669 0.877254 0.601288 0.877254 0.601288 0.894195 0.596669 0.894195
1 0.722770 0.782689 0.726761 0.782689 0.726761 0.792353 0.722770 0.792353
1 0.743377 0.782558 0.747656 0.782558 0.747656 0.791842 0.743377 0.791842
1 0.727245 0.971712 0.731868 0.971712 0.731868 0.988354 0.727245 0.988354
1 0.636989 0.825397 0.641625 0.825397 0.641625 0.842149 0.636989 0.842149
1 0.763626 0.024432 0.773329 0.024432 0.773329 0.028564 0.763626 0.028564
1 0.763792 0.044647 0.772634 0.044647 0.772634 0.048259 0.763792 0.048259
1 0.817952 0.166287 0.827755 0.166287 0.827755 0.168986 0.817952 0.168986
1 0.863179 0.238335 0.873749 0.238335 0.873749 0.241572 0.863179 0.241572
1 0.817913 0.186118 0.827867 0.186118 0.827867 0.189303 0.817913 0.189303
1 0.848028 0.213822 0.857700 0.213822 0.857700 0.216738 0.848028 0.216738
1 0.863317 0.258444 0.873639 0.258444 0.873639 0.261851 0.863317 0.261851
1 0.846260 0.239160 0.856204 0.239160 0.856204 0.242229 0.846260 0.242229
1 0.846644 0.257809 0.856299 0.257809 0.856299 0.261138 0.846644 0.261138
1 0.847888 0.194074 0.857734 0.194074 0.857734 0.197328 0.847888 0.197328
1 0.964125 0.368010 0.971885 0.368010 0.971885 0.382625 0.964125 0.382625
1 0.953160 0.367635 0.960761 0.367635 0.960761 0.382385 0.953160 0.382385
1 0.964363 0.335831 0.972089 0.335831 0.972089 0.349745 0.964363 0.349745
1 0.896250 0.334376 0.903585 0.334376 0.903585 0.348566 0.896250 0.348566
1 0.895771 0.366701 0.903330 0.366701 0.903330 0.381047 0.895771 0.381047
1 0.942157 0.335432 0.949726 0.335432 0.949726 0.349835 0.942157 0.349835
1 0.776202 0.457680 0.792120 0.457680 0.792120 0.462268 0.776202 0.462268
1 0.814478 0.381285 0.830723 0.381285 0.830723 0.385803 0.814478 0.385803
1 0.793065 0.381070 0.808454 0.381070 0.808454 0.385388 0.793065 0.385388
1 0.873937 0.332992 0.881483 0.332992 0.881483 0.348418 0.873937 0.348418
1 0.942182 0.367499 0.949829 0.367499 0.949829 0.381985 0.942182 0.381985
1 0.873724 0.366754 0.881286 0.366754 0.881286 0.380866 0.873724 0.380866
1 0.814709 0.333537 0.830024 0.333537 0.830024 0.337028 0.814709 0.337028
1 0.775584 0.487447 0.791688 0.487447 0.791688 0.491503 0.775584 0.491503
1 0.814350 0.410728 0.830327 0.410728 0.830327 0.414915 0.814350 0.414915
1 0.885067 0.334004 0.892682 0.334004 0.892682 0.348488 0.885067 0.348488
1 0.823059 0.453122 0.834057 0.453122 0.834057 0.456531 0.823059 0.456531
1 0.792539 0.410233 0.808162 0.410233 0.808162 0.414501 0.792539 0.414501
1 0.770334 0.380691 0.785589 0.380691 0.785589 0.384959 0.770334 0.384959
1 0.859417 0.452700 0.863320 0.452700 0.863320 0.462100 0.859417 0.462100
1 0.920328 0.365519 0.930923 0.365519 0.930923 0.369174 0.920328 0.369174
1 0.770135 0.410413 0.785373 0.410413 0.785373 0.414469 0.770135 0.414469
1 0.870624 0.436757 0.881850 0.436757 0.881850 0.440189 0.870624 0.440189
1 0.855167 0.436836 0.865877 0.436836 0.865877 0.440253 0.855167 0.440253
1 0.805711 0.452420 0.815970 0.452420 0.815970 0.456000 0.805711 0.456000
1 0.844400 0.442815 0.853961 0.442815 0.853961 0.446580 0.844400 0.446580
1 0.880522 0.452684 0.884444 0.452684 0.884444 0.462175 0.880522 0.462175
1 0.855026 0.416020 0.865709 0.416020 0.865709 0.419494 0.855026 0.419494
1 0.844265 0.462647 0.853858 0.462647 0.853858 0.466458 0.844265 0.466458
1 0.904490 0.396470 0.908429 0.396470 0.908429 0.406708 0.904490 0.406708
1 0.884336 0.396423 0.888081 0.396423 0.888081 0.405791 0.884336 0.405791
1 0.943897 0.420348 0.947603 0.420348 0.947603 0.430569 0.943897 0.430569
1 0.823268 0.472745 0.833316 0.472745 0.833316 0.476536 0.823268 0.476536
1 0.921003 0.385514 0.931275 0.385514 0.931275 0.389174 0.921003 0.389174
1 0.923587 0.420522 0.927326 0.420522 0.927326 0.430411 0.923587 0.430411
1 0.805221 0.434499 0.808359 0.434499 0.808359 0.442898 0.805221 0.442898
1 0.870424 0.416521 0.881664 0.416521 0.881664 0.420185 0.870424 0.420185
1 0.824797 0.434842 0.828191 0.434842 0.828191 0.442689 0.824797 0.442689
1 0.806210 0.472563 0.816411 0.472563 0.816411 0.476006 0.806210 0.476006
1 0.770702 0.500419 0.774979 0.500419 0.774979 0.510315 0.770702 0.510315
1 0.922097 0.354055 0.930824 0.354055 0.930824 0.357175 0.922097 0.357175
1 0.790906 0.501069 0.794903 0.501069 0.794903 0.509853 0.790906 0.509853
1 0.814489 0.364512 0.830200 0.364512 0.830200 0.367357 0.814489 0.367357
1 0.922075 0.334962 0.931173 0.334962 0.931173 0.337948 0.922075 0.337948
1 0.770401 0.706759 0.774697 0.706759 0.774697 0.715571 0.770401 0.715571
1 0.790392 0.521277 0.794843 0.521277 0.794843 0.530888 0.790392 0.530888
1 0.770212 0.521268 0.775022 0.521268 0.775022 0.530695 0.770212 0.530695
1 0.778478 0.673655 0.794162 0.673655 0.794162 0.677808 0.778478 0.677808
1 0.762627 0.536065 0.772808 0.536065 0.772808 0.540505 0.762627 0.540505
1 0.778307 0.642365 0.793806 0.642365 0.793806 0.646962 0.778307 0.646962
1 0.811010 0.512596 0.815251 0.512596 0.815251 0.521769 0.811010 0.521769
1 0.763290 0.556956 0.772427 0.556956 0.772427 0.560271 0.763290 0.560271
1 0.777713 0.723361 0.781565 0.723361 0.781565 0.732836 0.777713 0.732836
1 0.756898 0.722908 0.761120 0.722908 0.761120 0.732313 0.756898 0.732313
1 0.831483 0.512249 0.835277 0.512249 0.835277 0.521533 0.831483 0.521533
1 0.776934 0.742697 0.785559 0.742697 0.785559 0.747047 0.776934 0.747047
1 0.860533 0.914393 0.885369 0.914393 0.885369 0.924907 0.860533 0.924907
1 0.860055 0.956729 0.885076 0.956729 0.885076 0.966513 0.860055 0.966513
1 0.771862 0.969878 0.776332 0.969878 0.776332 0.987008 0.771862 0.987008
1 0.914775 0.916431 0.918990 0.916431 0.918990 0.924423 0.914775 0.924423
1 0.824656 0.879607 0.828947 0.879607 0.828947 0.887390 0.824656 0.887390
1 0.782654 0.903111 0.786985 0.903111 0.786985 0.911991 0.782654 0.911991
1 0.782908 0.879562 0.786978 0.879562 0.786978 0.887747 0.782908 0.887747
1 0.824709 0.903212 0.829012 0.903212 0.829012 0.911232 0.824709 0.911232
1 0.762464 0.903259 0.766535 0.903259 0.766535 0.911887 0.762464 0.911887
1 0.921655 0.952156 0.926018 0.952156 0.926018 0.960303 0.921655 0.960303
1 0.785226 0.789469 0.789983 0.789469 0.789983 0.799097 0.785226 0.799097
1 0.805014 0.878989 0.808930 0.878989 0.808930 0.887222 0.805014 0.887222
1 0.795398 0.772768 0.799259 0.772768 0.799259 0.783099 0.795398 0.783099
1 0.805135 0.859808 0.809322 0.859808 0.809322 0.868048 0.805135 0.868048
1 0.901731 0.952205 0.905890 0.952205 0.905890 0.960580 0.901731 0.960580
1 0.764630 0.829585 0.768359 0.829585 0.768359 0.838653 0.764630 0.838653
1 0.932626 0.901689 0.940825 0.901689 0.940825 0.905926 0.932626 0.905926
1 0.932040 0.942725 0.940885 0.942725 0.940885 0.947444 0.932040 0.947444
1 0.955769 0.962881 0.963943 0.962881 0.963943 0.966716 0.955769 0.966716
1 0.956226 0.901888 0.964620 0.901888 0.964620 0.906312 0.956226 0.906312
1 0.978864 0.963018 0.986951 0.963018 0.986951 0.966968 0.978864 0.966968
1 0.764966 0.789677 0.769421 0.789677 0.769421 0.798574 0.764966 0.798574
1 0.774468 0.773156 0.778463 0.773156 0.778463 0.782679 0.774468 0.782679
1 0.956019 0.922515 0.964284 0.922515 0.964284 0.926785 0.956019 0.926785
1 0.895141 0.916237 0.899138 0.916237 0.899138 0.924140 0.895141 0.924140
1 0.932565 0.921875 0.940888 0.921875 0.940888 0.926074 0.932565 0.926074
1 0.932596 0.963489 0.941314 0.963489 0.941314 0.967230 0.932596 0.967230
1 0.762907 0.856118 0.767114 0.856118 0.767114 0.864376 0.762907 0.864376
1 0.955733 0.942458 0.963976 0.942458 0.963976 0.946740 0.955733 0.946740
1 0.763352 0.879235 0.767402 0.879235 0.767402 0.887913 0.763352 0.887913
1 0.804324 0.902821 0.808388 0.902821 0.808388 0.910895 0.804324 0.910895
1 0.979347 0.902051 0.987524 0.902051 0.987524 0.906355 0.979347 0.906355
1 0.978603 0.942716 0.987201 0.942716 0.987201 0.947099 0.978603 0.947099
1 0.777240 0.763226 0.785761 0.763226 0.785761 0.766421 0.777240 0.766421
1 0.782995 0.856365 0.787077 0.856365 0.787077 0.864591 0.782995 0.864591
1 0.825524 0.860315 0.829716 0.860315 0.829716 0.868508 0.825524 0.868508
1 0.979369 0.922039 0.987456 0.922039 0.987456 0.926360 0.979369 0.926360
1 0.784411 0.829980 0.788413 0.829980 0.788413 0.839226 0.784411 0.839226
1 0.842009 0.938941 0.851067 0.938941 0.851067 0.942361 0.842009 0.942361
1 0.842285 0.918260 0.851698 0.918260 0.851698 0.921636 0.842285 0.921636
1 0.133440 0.707069 0.147285 0.707069 0.147285 0.717631 0.133440 0.717631
1 0.389285 0.135732 0.393247 0.135732 0.393247 0.144934 0.389285 0.144934
1 0.389134 0.152155 0.393096 0.152155 0.393096 0.161358 0.389134 0.161358
1 0.410380 0.136184 0.414341 0.136184 0.414341 0.145386 0.410380 0.145386
1 0.409475 0.152155 0.413437 0.152155 0.413437 0.161358 0.409475 0.161358
