0 0.690592 0.431921 0.857916 0.431921 0.857916 0.599445 0.690592 0.599445
0 0.393023 0.430826 0.559203 0.430826 0.559203 0.597374 0.393023 0.597374
0 0.280937 0.673595 0.353837 0.673595 0.353837 0.731578 0.280937 0.731578
0 0.300401 0.365165 0.325050 0.365165 0.325050 0.416903 0.300401 0.416903
0 0.626815 0.689720 0.648144 0.689720 0.648144 0.722890 0.626815 0.722890
0 0.691085 0.672441 0.724686 0.672441 0.724686 0.693912 0.691085 0.693912
0 0.900883 0.385165 0.925119 0.385165 0.925119 0.437167 0.900883 0.437167
0 0.503974 0.698107 0.529549 0.698107 0.529549 0.711970 0.503974 0.711970
0 0.256135 0.633896 0.280650 0.633896 0.280650 0.646092 0.256135 0.646092
0 0.672527 0.710025 0.706430 0.710025 0.706430 0.731103 0.672527 0.731103
0 0.899544 0.596590 0.923839 0.596590 0.923839 0.648787 0.899544 0.648787
0 0.600978 0.354413 0.625130 0.354413 0.625130 0.405514 0.600978 0.405514
1 0.354440 0.679994 0.374901 0.679994 0.374901 0.723846 0.354440 0.723846
0 0.300798 0.631148 0.353288 0.631148 0.353288 0.655467 0.300798 0.655467
0 0.856640 0.637112 0.880728 0.637112 0.880728 0.648819 0.856640 0.648819
0 0.457698 0.690118 0.483314 0.690118 0.483314 0.703607 0.457698 0.703607
0 0.601182 0.633077 0.654135 0.633077 0.654135 0.657977 0.601182 0.657977
0 0.456485 0.713618 0.483702 0.713618 0.483702 0.727706 0.456485 0.727706
0 0.302335 0.546639 0.310289 0.546639 0.310289 0.562284 0.302335 0.562284
1 0.263906 0.680863 0.280634 0.680863 0.280634 0.723006 0.263906 0.723006
1 0.298041 0.353212 0.326516 0.353212 0.326516 0.364971 0.298041 0.364971
0 0.554462 0.636234 0.578901 0.636234 0.578901 0.648313 0.554462 0.648313
1 0.353339 0.629158 0.365021 0.629158 0.365021 0.658069 0.353339 0.658069
0 0.640925 0.599187 0.656654 0.599187 0.656654 0.607248 0.640925 0.607248
0 0.029538 0.580209 0.045165 0.580209 0.045165 0.588626 0.029538 0.588626
0 0.027002 0.548156 0.042909 0.548156 0.042909 0.556016 0.027002 0.556016
1 0.598758 0.342182 0.626954 0.342182 0.626954 0.354117 0.598758 0.354117
1 0.290120 0.628716 0.300822 0.628716 0.300822 0.657819 0.290120 0.657819
1 0.898619 0.373441 0.927243 0.373441 0.927243 0.384946 0.898619 0.384946
0 0.342119 0.600135 0.357960 0.600135 0.357960 0.608463 0.342119 0.608463
1 0.590665 0.631081 0.601193 0.631081 0.601193 0.660074 0.590665 0.660074
1 0.724782 0.671327 0.734237 0.671327 0.734237 0.694948 0.724782 0.694948
1 0.654226 0.631493 0.665447 0.631493 0.665447 0.660382 0.654226 0.660382
1 0.539746 0.403675 0.548453 0.403675 0.548453 0.430652 0.539746 0.430652
1 0.297609 0.417263 0.326214 0.417263 0.326214 0.428154 0.297609 0.428154
1 0.662730 0.442913 0.690886 0.442913 0.690886 0.451574 0.662730 0.451574
1 0.363478 0.454751 0.392178 0.454751 0.392178 0.463528 0.363478 0.463528
1 0.706623 0.707990 0.714819 0.707990 0.714819 0.732424 0.706623 0.732424
1 0.363508 0.509396 0.391758 0.509396 0.391758 0.518218 0.363508 0.518218
0 0.594202 0.720563 0.610163 0.720563 0.610163 0.729649 0.594202 0.729649
1 0.897243 0.648913 0.925715 0.648913 0.925715 0.660301 0.897243 0.660301
1 0.497653 0.597654 0.505986 0.597654 0.505986 0.626947 0.497653 0.626947
1 0.560630 0.469590 0.588256 0.469590 0.588256 0.478383 0.560630 0.478383
1 0.597662 0.405788 0.626668 0.405788 0.626668 0.416980 0.597662 0.416980
1 0.663650 0.708764 0.672336 0.708764 0.672336 0.732228 0.663650 0.732228
0 0.629292 0.541649 0.645236 0.541649 0.645236 0.549683 0.629292 0.549683
0 0.906267 0.548704 0.914143 0.548704 0.914143 0.564562 0.906267 0.564562
1 0.362822 0.536571 0.391534 0.536571 0.391534 0.545437 0.362822 0.545437
1 0.625516 0.680605 0.649231 0.680605 0.649231 0.689521 0.625516 0.689521
1 0.512606 0.403642 0.520999 0.403642 0.520999 0.430538 0.512606 0.430538
1 0.663134 0.470149 0.690500 0.470149 0.690500 0.478936 0.663134 0.478936
1 0.783025 0.600214 0.791236 0.600214 0.791236 0.628663 0.783025 0.628663
1 0.402103 0.401438 0.411853 0.401438 0.411853 0.429360 0.402103 0.429360
1 0.363667 0.563900 0.391291 0.563900 0.391291 0.572993 0.363667 0.572993
1 0.624231 0.723071 0.649831 0.723071 0.649831 0.732948 0.624231 0.732948
1 0.559912 0.565261 0.587607 0.565261 0.587607 0.574159 0.559912 0.574159
1 0.559457 0.578596 0.587311 0.578596 0.587311 0.587634 0.559457 0.587634
1 0.715577 0.404605 0.724327 0.404605 0.724327 0.430922 0.715577 0.430922
1 0.559754 0.442382 0.587464 0.442382 0.587464 0.451110 0.559754 0.451110
1 0.525051 0.597778 0.533504 0.597778 0.533504 0.625803 0.525051 0.625803
1 0.415745 0.596883 0.424291 0.596883 0.424291 0.625197 0.415745 0.625197
0 0.330673 0.538710 0.346868 0.538710 0.346868 0.546694 0.330673 0.546694
1 0.700613 0.599080 0.709367 0.599080 0.709367 0.626705 0.700613 0.626705
1 0.858594 0.525728 0.886018 0.525728 0.886018 0.534697 0.858594 0.534697
1 0.897370 0.585217 0.925993 0.585217 0.925993 0.596353 0.897370 0.596353
1 0.662021 0.497348 0.690324 0.497348 0.690324 0.506441 0.662021 0.506441
1 0.662064 0.524789 0.690206 0.524789 0.690206 0.533499 0.662064 0.533499
1 0.560485 0.537880 0.587834 0.537880 0.587834 0.546916 0.560485 0.546916
1 0.898194 0.437341 0.927153 0.437341 0.927153 0.448670 0.898194 0.448670
1 0.810166 0.600348 0.818662 0.600348 0.818662 0.627416 0.810166 0.627416
1 0.661667 0.552075 0.689767 0.552075 0.689767 0.561054 0.661667 0.561054
1 0.430562 0.403011 0.439211 0.403011 0.439211 0.430094 0.430562 0.430094
1 0.858805 0.512282 0.886894 0.512282 0.886894 0.521229 0.858805 0.521229
1 0.728226 0.599608 0.736643 0.599608 0.736643 0.626724 0.728226 0.626724
1 0.560926 0.496888 0.588068 0.496888 0.588068 0.505860 0.560926 0.505860
1 0.858547 0.498430 0.886946 0.498430 0.886946 0.507405 0.858547 0.507405
1 0.859208 0.471437 0.887052 0.471437 0.887052 0.480172 0.859208 0.480172
1 0.363615 0.482002 0.391588 0.482002 0.391588 0.490858 0.363615 0.490858
0 0.604276 0.546772 0.612445 0.546772 0.612445 0.562349 0.604276 0.562349
1 0.443087 0.597227 0.451479 0.597227 0.451479 0.625808 0.443087 0.625808
1 0.661831 0.579248 0.690179 0.579248 0.690179 0.589114 0.661831 0.589114
1 0.560370 0.524029 0.587414 0.524029 0.587414 0.533043 0.560370 0.533043
1 0.362703 0.577340 0.391774 0.577340 0.391774 0.587634 0.362703 0.587634
1 0.858776 0.553110 0.885684 0.553110 0.885684 0.562108 0.858776 0.562108
1 0.837591 0.600182 0.845988 0.600182 0.845988 0.628048 0.837591 0.628048
1 0.485167 0.401701 0.493791 0.401701 0.493791 0.429820 0.485167 0.429820
1 0.755590 0.599838 0.763975 0.599838 0.763975 0.627317 0.755590 0.627317
0 0.443700 0.737721 0.459612 0.737721 0.459612 0.745344 0.443700 0.745344
1 0.559890 0.551368 0.586936 0.551368 0.586936 0.560453 0.559890 0.560453
1 0.701262 0.404571 0.710499 0.404571 0.710499 0.430898 0.701262 0.430898
1 0.484085 0.597568 0.492431 0.597568 0.492431 0.626929 0.484085 0.626929
1 0.364005 0.441108 0.392542 0.441108 0.392542 0.449941 0.364005 0.449941
1 0.858872 0.457581 0.886988 0.457581 0.886988 0.466402 0.858872 0.466402
1 0.470271 0.597591 0.478894 0.597591 0.478894 0.625397 0.470271 0.625397
1 0.859165 0.539501 0.886936 0.539501 0.886936 0.548562 0.859165 0.548562
1 0.797571 0.403886 0.806053 0.403886 0.806053 0.431388 0.797571 0.431388
1 0.560106 0.455917 0.588333 0.455917 0.588333 0.464885 0.560106 0.464885
1 0.560497 0.510520 0.588117 0.510520 0.588117 0.519627 0.560497 0.519627
1 0.526213 0.403580 0.534796 0.403580 0.534796 0.430316 0.526213 0.430316
1 0.858084 0.580458 0.886045 0.580458 0.886045 0.589322 0.858084 0.589322
1 0.714583 0.599421 0.723102 0.599421 0.723102 0.626725 0.714583 0.626725
1 0.838536 0.405348 0.847137 0.405348 0.847137 0.432111 0.838536 0.432111
1 0.416998 0.402918 0.425628 0.402918 0.425628 0.429438 0.416998 0.429438
1 0.824936 0.405359 0.833510 0.405359 0.833510 0.431654 0.824936 0.431654
1 0.662062 0.511147 0.690097 0.511147 0.690097 0.520140 0.662062 0.520140
1 0.858899 0.444254 0.886030 0.444254 0.886030 0.452882 0.858899 0.452882
1 0.560910 0.483046 0.587496 0.483046 0.587496 0.492124 0.560910 0.492124
1 0.363222 0.522917 0.391768 0.522917 0.391768 0.531902 0.363222 0.531902
1 0.662316 0.565607 0.689663 0.565607 0.689663 0.574715 0.662316 0.574715
1 0.364371 0.468478 0.391767 0.468478 0.391767 0.477256 0.364371 0.477256
1 0.769191 0.599770 0.777708 0.599770 0.777708 0.627012 0.769191 0.627012
1 0.682593 0.671147 0.690625 0.671147 0.690625 0.694792 0.682593 0.694792
1 0.770297 0.405014 0.778954 0.405014 0.778954 0.431149 0.770297 0.431149
1 0.362836 0.550186 0.391554 0.550186 0.391554 0.559343 0.362836 0.559343
1 0.662306 0.456477 0.690514 0.456477 0.690514 0.465432 0.662306 0.465432
1 0.363594 0.495647 0.391594 0.495647 0.391594 0.504586 0.363594 0.504586
1 0.662527 0.483732 0.690373 0.483732 0.690373 0.492704 0.662527 0.492704
1 0.858541 0.566956 0.886321 0.566956 0.886321 0.575661 0.858541 0.575661
1 0.742892 0.404016 0.751613 0.404016 0.751613 0.431033 0.742892 0.431033
1 0.498930 0.402013 0.507365 0.402013 0.507365 0.430076 0.498930 0.430076
1 0.661654 0.538493 0.690027 0.538493 0.690027 0.547237 0.661654 0.547237
1 0.811348 0.405329 0.819880 0.405329 0.819880 0.431480 0.811348 0.431480
1 0.457808 0.401828 0.466543 0.401828 0.466543 0.429631 0.457808 0.429631
1 0.859429 0.484768 0.886292 0.484768 0.886292 0.493802 0.859429 0.493802
1 0.429254 0.597144 0.437933 0.597144 0.437933 0.625155 0.429254 0.625155
1 0.729333 0.404724 0.737940 0.404724 0.737940 0.430947 0.729333 0.430947
1 0.402003 0.596732 0.410623 0.596732 0.410623 0.625022 0.402003 0.625022
1 0.456676 0.597225 0.465138 0.597225 0.465138 0.625738 0.456676 0.625738
1 0.444301 0.401973 0.452934 0.401973 0.452934 0.429441 0.444301 0.429441
1 0.796661 0.600140 0.804937 0.600140 0.804937 0.628755 0.796661 0.628755
1 0.823865 0.600226 0.832259 0.600226 0.832259 0.627520 0.823865 0.627520
1 0.783981 0.403694 0.792539 0.403694 0.792539 0.431237 0.783981 0.431237
1 0.538696 0.597963 0.547071 0.597963 0.547071 0.627279 0.538696 0.627279
1 0.511439 0.597632 0.519790 0.597632 0.519790 0.625631 0.511439 0.625631
1 0.741977 0.599662 0.750327 0.599662 0.750327 0.627404 0.741977 0.627404
1 0.471617 0.403292 0.480131 0.403292 0.480131 0.429554 0.471617 0.429554
1 0.578849 0.633806 0.583491 0.633806 0.583491 0.649839 0.578849 0.649839
1 0.756622 0.403873 0.765201 0.403873 0.765201 0.431076 0.756622 0.431076
1 0.906175 0.564662 0.914433 0.564662 0.914433 0.567969 0.906175 0.567969
1 0.549630 0.634285 0.554523 0.634285 0.554523 0.650142 0.549630 0.650142
1 0.645284 0.541634 0.648892 0.541634 0.648892 0.549921 0.645284 0.549921
1 0.250946 0.632577 0.256089 0.632577 0.256089 0.648600 0.250946 0.648600
1 0.529574 0.696781 0.533900 0.696781 0.533900 0.713053 0.529574 0.713053
1 0.880834 0.635280 0.885671 0.635280 0.885671 0.650641 0.880834 0.650641
1 0.483334 0.688678 0.487733 0.688678 0.487733 0.704833 0.483334 0.704833
1 0.483847 0.712685 0.487628 0.712685 0.487628 0.728760 0.483847 0.728760
1 0.656692 0.599199 0.660633 0.599199 0.660633 0.607521 0.656692 0.607521
1 0.023343 0.548002 0.027007 0.548002 0.027007 0.556044 0.023343 0.556044
1 0.043137 0.547891 0.046666 0.547891 0.046666 0.556058 0.043137 0.556058
1 0.625670 0.541522 0.629270 0.541522 0.629270 0.549889 0.625670 0.549889
1 0.045321 0.580224 0.049472 0.580224 0.049472 0.589126 0.045321 0.589126
1 0.499804 0.696484 0.503957 0.696484 0.503957 0.712546 0.499804 0.712546
1 0.280904 0.632370 0.284943 0.632370 0.284943 0.648428 0.280904 0.648428
1 0.346939 0.538831 0.350247 0.538831 0.350247 0.546650 0.346939 0.546650
1 0.453782 0.688689 0.457762 0.688689 0.457762 0.704800 0.453782 0.704800
1 0.358022 0.600134 0.362142 0.600134 0.362142 0.608527 0.358022 0.608527
1 0.852042 0.635204 0.856581 0.635204 0.856581 0.650591 0.852042 0.650591
1 0.327187 0.538721 0.330654 0.538721 0.330654 0.546871 0.327187 0.546871
1 0.302351 0.542881 0.310332 0.542881 0.310332 0.546599 0.302351 0.546599
1 0.637526 0.599102 0.640841 0.599102 0.640841 0.607240 0.637526 0.607240
1 0.610200 0.720623 0.613738 0.720623 0.613738 0.729456 0.610200 0.729456
1 0.604265 0.542957 0.612516 0.542957 0.612516 0.546691 0.604265 0.546691
1 0.440383 0.737569 0.443663 0.737569 0.443663 0.745058 0.440383 0.745058
1 0.453196 0.712973 0.456468 0.712973 0.456468 0.728057 0.453196 0.728057
1 0.604188 0.562412 0.612549 0.562412 0.612549 0.565841 0.604188 0.565841
1 0.590740 0.720625 0.594036 0.720625 0.594036 0.729766 0.590740 0.729766
1 0.338616 0.600073 0.342093 0.600073 0.342093 0.608538 0.338616 0.608538
1 0.302018 0.562302 0.310438 0.562302 0.310438 0.565616 0.302018 0.565616
1 0.025418 0.580134 0.029452 0.580134 0.029452 0.588738 0.025418 0.588738
1 0.906124 0.544680 0.914393 0.544680 0.914393 0.548626 0.906124 0.548626
1 0.459789 0.737702 0.462835 0.737702 0.462835 0.745794 0.459789 0.745794
1 0.101799 0.408847 0.111803 0.408847 0.111803 0.434791 0.101799 0.434791
1 0.116421 0.402800 0.125106 0.402800 0.125106 0.428525 0.116421 0.428525
1 0.130053 0.402580 0.138737 0.402580 0.138737 0.428305 0.130053 0.428305
1 0.143575 0.402910 0.152259 0.402910 0.152259 0.428635 0.143575 0.428635
1 0.157206 0.402690 0.165891 0.402690 0.165891 0.428415 0.157206 0.428415
1 0.170948 0.402910 0.179633 0.402910 0.179633 0.428635 0.170948 0.428635
1 0.184580 0.402690 0.193265 0.402690 0.193265 0.428415 0.184580 0.428415
1 0.198102 0.403020 0.206787 0.403020 0.206787 0.428745 0.198102 0.428745
1 0.211734 0.402800 0.220419 0.402800 0.220419 0.428525 0.211734 0.428525
1 0.226245 0.403570 0.234930 0.403570 0.234930 0.429294 0.226245 0.429294
1 0.239877 0.403350 0.248562 0.403350 0.248562 0.429075 0.239877 0.429075
1 0.064344 0.447337 0.092526 0.447337 0.092526 0.455150 0.064344 0.455150
1 0.064065 0.461289 0.092247 0.461289 0.092247 0.469102 0.064065 0.469102
1 0.063842 0.474961 0.092023 0.474961 0.092023 0.482774 0.063842 0.482774
1 0.063618 0.489045 0.091800 0.489045 0.091800 0.496858 0.063618 0.496858
1 0.063372 0.516057 0.091554 0.516057 0.091554 0.523869 0.063372 0.523869
1 0.063149 0.529652 0.091331 0.529652 0.091331 0.537465 0.063149 0.537465
1 0.062926 0.543352 0.091108 0.543352 0.091108 0.551164 0.062926 0.551164
1 0.063652 0.502105 0.091833 0.502105 0.091833 0.509918 0.063652 0.509918
1 0.062772 0.584043 0.090998 0.584043 0.090998 0.593139 0.062772 0.593139
1 0.063219 0.556748 0.091400 0.556748 0.091400 0.564561 0.063219 0.564561
1 0.062995 0.570343 0.091177 0.570343 0.091177 0.578156 0.062995 0.578156
1 0.101228 0.602985 0.110074 0.602985 0.110074 0.630369 0.101228 0.630369
1 0.115843 0.598062 0.123843 0.598062 0.123843 0.624985 0.115843 0.624985
1 0.129381 0.597755 0.137381 0.597755 0.137381 0.624677 0.129381 0.624677
1 0.143304 0.598370 0.151304 0.598370 0.151304 0.625292 0.143304 0.625292
1 0.156842 0.598062 0.164842 0.598062 0.164842 0.624985 0.156842 0.624985
1 0.170380 0.598216 0.178380 0.598216 0.178380 0.625138 0.170380 0.625138
1 0.183919 0.597908 0.192226 0.597908 0.192226 0.626138 0.183919 0.626138
1 0.197841 0.598524 0.205841 0.598524 0.205841 0.626215 0.197841 0.626215
1 0.211379 0.598216 0.219379 0.598216 0.219379 0.625138 0.211379 0.625138
1 0.224764 0.597831 0.232764 0.597831 0.232764 0.625523 0.224764 0.625523
1 0.238456 0.598139 0.246763 0.598139 0.246763 0.626523 0.238456 0.626523
1 0.260840 0.442528 0.286454 0.442528 0.286454 0.450604 0.260840 0.450604
1 0.261378 0.456296 0.287839 0.456296 0.287839 0.464219 0.261378 0.464219
1 0.260532 0.470142 0.287762 0.470142 0.287762 0.478450 0.260532 0.478450
1 0.260686 0.483834 0.287147 0.483834 0.287147 0.491757 0.260686 0.491757
1 0.260763 0.538294 0.287224 0.538294 0.287224 0.546217 0.260763 0.546217
1 0.260917 0.496988 0.287301 0.496988 0.287301 0.505372 0.260917 0.505372
1 0.260917 0.510757 0.287378 0.510757 0.287378 0.518680 0.260917 0.518680
1 0.260609 0.524602 0.287839 0.524602 0.287839 0.532910 0.260609 0.532910
1 0.259994 0.551756 0.286454 0.551756 0.286454 0.559679 0.259994 0.559679
1 0.259686 0.565601 0.286916 0.565601 0.286916 0.573909 0.259686 0.573909
1 0.259840 0.579293 0.286301 0.579293 0.286301 0.587216 0.259840 0.587216
