0 0.093458 0.426526 0.259806 0.426526 0.259806 0.593295 0.093458 0.593295
0 0.392585 0.426718 0.561029 0.426718 0.561029 0.593539 0.392585 0.593539
0 0.693242 0.428242 0.860060 0.428242 0.860060 0.595397 0.693242 0.595397
0 0.301779 0.361759 0.326922 0.361759 0.326922 0.412761 0.301779 0.412761
0 0.460105 0.687049 0.485547 0.687049 0.485547 0.700277 0.460105 0.700277
0 0.257686 0.630765 0.281885 0.630765 0.281885 0.643273 0.257686 0.643273
0 0.302786 0.627076 0.355219 0.627076 0.355219 0.652372 0.302786 0.652372
0 0.458233 0.709806 0.485684 0.709806 0.485684 0.724234 0.458233 0.724234
0 0.030293 0.576753 0.045872 0.576753 0.045872 0.585045 0.030293 0.585045
0 0.343887 0.596435 0.359498 0.596435 0.359498 0.604619 0.343887 0.604619
0 0.285385 0.669240 0.356740 0.669240 0.356740 0.726325 0.285385 0.726325
0 0.027691 0.544557 0.043550 0.544557 0.043550 0.552979 0.027691 0.552979
0 0.332195 0.534744 0.348443 0.534744 0.348443 0.543196 0.332195 0.543196
0 0.303603 0.542602 0.311756 0.542602 0.311756 0.558314 0.303603 0.558314
0 0.445499 0.733388 0.461576 0.733388 0.461576 0.741749 0.445499 0.741749
0 0.902017 0.381855 0.927107 0.381855 0.927107 0.433229 0.902017 0.433229
0 0.602285 0.350247 0.627250 0.350247 0.627250 0.401723 0.602285 0.401723
0 0.556259 0.632007 0.580160 0.632007 0.580160 0.644223 0.556259 0.644223
0 0.673569 0.706318 0.707745 0.706318 0.707745 0.727128 0.673569 0.727128
0 0.628190 0.686030 0.649247 0.686030 0.649247 0.719413 0.628190 0.719413
0 0.604227 0.629047 0.655787 0.629047 0.655787 0.654614 0.604227 0.654614
0 0.505829 0.694641 0.531278 0.694641 0.531278 0.707891 0.505829 0.707891
0 0.692749 0.668247 0.726323 0.668247 0.726323 0.689165 0.692749 0.689165
0 0.901102 0.593443 0.925825 0.593443 0.925825 0.644829 0.901102 0.644829
0 0.857971 0.633054 0.882191 0.633054 0.882191 0.645464 0.857971 0.645464
0 0.605481 0.543316 0.613909 0.543316 0.613909 0.558902 0.605481 0.558902
0 0.642768 0.595536 0.658500 0.595536 0.658500 0.603990 0.642768 0.603990
0 0.631418 0.537795 0.647671 0.537795 0.647671 0.546102 0.631418 0.546102
0 0.908279 0.544757 0.916392 0.544757 0.916392 0.560515 0.908279 0.560515
0 0.596044 0.716956 0.612375 0.716956 0.612375 0.725971 0.596044 0.725971
1 0.213953 0.399657 0.222289 0.399657 0.222289 0.426700 0.213953 0.426700
1 0.132165 0.399296 0.140332 0.399296 0.140332 0.426372 0.132165 0.426372
1 0.173086 0.399412 0.181302 0.399412 0.181302 0.426371 0.173086 0.426371
1 0.227704 0.400266 0.236038 0.400266 0.236038 0.426765 0.227704 0.426765
1 0.065046 0.450964 0.093297 0.450964 0.093297 0.460249 0.065046 0.460249
1 0.065083 0.437183 0.093632 0.437183 0.093632 0.446838 0.065083 0.446838
1 0.104013 0.399374 0.113045 0.399374 0.113045 0.426396 0.104013 0.426396
1 0.145842 0.399179 0.153992 0.399179 0.153992 0.425951 0.145842 0.425951
1 0.065168 0.478225 0.092908 0.478225 0.092908 0.487667 0.065168 0.487667
1 0.186647 0.398555 0.194981 0.398555 0.194981 0.426168 0.186647 0.426168
1 0.200102 0.398406 0.208511 0.398406 0.208511 0.426244 0.200102 0.426244
1 0.065734 0.464741 0.092999 0.464741 0.092999 0.474134 0.065734 0.474134
1 0.065105 0.491993 0.092942 0.491993 0.092942 0.501361 0.065105 0.501361
1 0.241050 0.399977 0.249497 0.399977 0.249497 0.427105 0.241050 0.427105
1 0.159362 0.399443 0.167673 0.399443 0.167673 0.425884 0.159362 0.425884
1 0.118381 0.399487 0.126703 0.399487 0.126703 0.426091 0.118381 0.426091
1 0.240148 0.594590 0.248260 0.594590 0.248260 0.623901 0.240148 0.623901
1 0.158313 0.594598 0.166488 0.594598 0.166488 0.622751 0.158313 0.622751
1 0.199121 0.594753 0.207393 0.594753 0.207393 0.623674 0.199121 0.623674
1 0.117359 0.594127 0.125585 0.594127 0.125585 0.621828 0.117359 0.621828
1 0.171979 0.594812 0.180250 0.594812 0.180250 0.622207 0.171979 0.622207
1 0.212799 0.594915 0.221204 0.594915 0.221204 0.622525 0.212799 0.622525
1 0.130942 0.594495 0.139410 0.594495 0.139410 0.621939 0.130942 0.621939
1 0.064104 0.573830 0.093150 0.573830 0.093150 0.584223 0.064104 0.584223
1 0.065127 0.560039 0.092718 0.560039 0.092718 0.569490 0.065127 0.569490
1 0.103140 0.593791 0.112066 0.593791 0.112066 0.621833 0.103140 0.621833
1 0.064389 0.532821 0.092808 0.532821 0.092808 0.542152 0.064389 0.542152
1 0.064601 0.546614 0.092920 0.546614 0.092920 0.555831 0.064601 0.555831
1 0.064937 0.519041 0.092663 0.519041 0.092663 0.528556 0.064937 0.528556
1 0.226500 0.594666 0.234888 0.594666 0.234888 0.622927 0.226500 0.622927
1 0.144747 0.594401 0.153047 0.594401 0.153047 0.622681 0.144747 0.622681
1 0.185619 0.594780 0.193961 0.594780 0.193961 0.623611 0.185619 0.623611
1 0.065237 0.505480 0.092877 0.505480 0.092877 0.514996 0.065237 0.514996
1 0.252859 0.628704 0.257613 0.628704 0.257613 0.644922 0.252859 0.644922
1 0.046077 0.576077 0.049735 0.576077 0.049735 0.585586 0.046077 0.585586
1 0.026203 0.576135 0.029912 0.576135 0.029912 0.585817 0.026203 0.585817
1 0.043816 0.543890 0.047290 0.543890 0.047290 0.553112 0.043816 0.553112
1 0.023843 0.544220 0.027671 0.544220 0.027671 0.553061 0.023843 0.553061
1 0.299288 0.413219 0.328365 0.413219 0.328365 0.424640 0.299288 0.424640
1 0.299650 0.349639 0.328530 0.349639 0.328530 0.360908 0.299650 0.360908
1 0.404075 0.397830 0.413394 0.397830 0.413394 0.425618 0.404075 0.425618
1 0.445845 0.398778 0.454348 0.398778 0.454348 0.425416 0.445845 0.425416
1 0.418740 0.399196 0.427037 0.399196 0.427037 0.425511 0.418740 0.425511
1 0.365991 0.464468 0.392837 0.464468 0.392837 0.473776 0.365991 0.473776
1 0.459733 0.398790 0.468052 0.398790 0.468052 0.425674 0.459733 0.425674
1 0.261709 0.452191 0.289663 0.452191 0.289663 0.461245 0.261709 0.461245
1 0.261242 0.465755 0.289612 0.465755 0.289612 0.474955 0.261242 0.474955
1 0.365323 0.450890 0.392962 0.450890 0.392962 0.459919 0.365323 0.459919
1 0.486812 0.398481 0.495415 0.398481 0.495415 0.426027 0.486812 0.426027
1 0.432351 0.399440 0.440787 0.399440 0.440787 0.425597 0.432351 0.425597
1 0.473340 0.399519 0.481774 0.399519 0.481774 0.425934 0.473340 0.425934
1 0.261432 0.493003 0.289618 0.493003 0.289618 0.502363 0.261432 0.502363
1 0.365262 0.491889 0.393062 0.491889 0.393062 0.500928 0.365262 0.500928
1 0.365650 0.436949 0.393731 0.436949 0.393731 0.446294 0.365650 0.446294
1 0.261609 0.438678 0.289109 0.438678 0.289109 0.447917 0.261609 0.447917
1 0.365451 0.477940 0.392912 0.477940 0.392912 0.487297 0.365451 0.487297
1 0.261052 0.479504 0.289014 0.479504 0.289014 0.488766 0.261052 0.488766
1 0.265955 0.677265 0.285019 0.677265 0.285019 0.719738 0.265955 0.719738
1 0.485758 0.594858 0.494145 0.594858 0.494145 0.623704 0.485758 0.623704
1 0.444730 0.594609 0.453153 0.594609 0.453153 0.622607 0.444730 0.622607
1 0.403591 0.594148 0.412330 0.594148 0.412330 0.621504 0.403591 0.621504
1 0.364686 0.546508 0.392483 0.546508 0.392483 0.555593 0.364686 0.555593
1 0.357263 0.676325 0.376794 0.676325 0.376794 0.720720 0.357263 0.720720
1 0.364858 0.573606 0.392432 0.573606 0.392432 0.583778 0.364858 0.583778
1 0.365284 0.505409 0.392598 0.505409 0.392598 0.514637 0.365284 0.514637
1 0.260860 0.575081 0.288841 0.575081 0.288841 0.583819 0.260860 0.583819
1 0.458603 0.594990 0.467005 0.594990 0.467005 0.622531 0.458603 0.622531
1 0.355264 0.625229 0.366857 0.625229 0.366857 0.654438 0.355264 0.654438
1 0.260906 0.547508 0.288497 0.547508 0.288497 0.556811 0.260906 0.556811
1 0.364649 0.532874 0.392411 0.532874 0.392411 0.541867 0.364649 0.541867
1 0.417574 0.594714 0.425888 0.594714 0.425888 0.621392 0.417574 0.621392
1 0.261156 0.533920 0.289265 0.533920 0.289265 0.543125 0.261156 0.543125
1 0.292259 0.624756 0.302603 0.624756 0.302603 0.654016 0.292259 0.654016
1 0.499576 0.595307 0.507805 0.595307 0.507805 0.623790 0.499576 0.623790
1 0.431246 0.594590 0.439579 0.594590 0.439579 0.622028 0.431246 0.622028
1 0.472132 0.594923 0.480584 0.594923 0.480584 0.622606 0.472132 0.622606
1 0.365089 0.559967 0.392685 0.559967 0.392685 0.569322 0.365089 0.569322
1 0.261135 0.506589 0.289412 0.506589 0.289412 0.515858 0.261135 0.515858
1 0.364798 0.519078 0.392698 0.519078 0.392698 0.528317 0.364798 0.528317
1 0.485807 0.685414 0.489471 0.685414 0.489471 0.701702 0.485807 0.701702
1 0.260749 0.561312 0.289159 0.561312 0.289159 0.570702 0.260749 0.570702
1 0.282157 0.628907 0.286713 0.628907 0.286713 0.644736 0.282157 0.644736
1 0.486083 0.709527 0.489935 0.709527 0.489935 0.724828 0.486083 0.724828
1 0.260942 0.520282 0.288769 0.520282 0.288769 0.529661 0.260942 0.529661
1 0.339815 0.596373 0.343961 0.596373 0.343961 0.604623 0.339815 0.604623
1 0.359695 0.596606 0.363981 0.596606 0.363981 0.604623 0.359695 0.604623
1 0.455986 0.685263 0.459802 0.685263 0.459802 0.701455 0.455986 0.701455
1 0.348482 0.534348 0.352283 0.534348 0.352283 0.542893 0.348482 0.542893
1 0.328250 0.534560 0.332155 0.534560 0.332155 0.543207 0.328250 0.543207
1 0.455229 0.709151 0.458215 0.709151 0.458215 0.724566 0.455229 0.724566
1 0.303408 0.558248 0.312018 0.558248 0.312018 0.561983 0.303408 0.561983
1 0.442241 0.733250 0.445807 0.733250 0.445807 0.741712 0.442241 0.741712
1 0.461641 0.733440 0.465184 0.733440 0.465184 0.741761 0.461641 0.741761
1 0.703436 0.401023 0.712194 0.401023 0.712194 0.427183 0.703436 0.427183
1 0.730937 0.400829 0.739519 0.400829 0.739519 0.427417 0.730937 0.427417
1 0.541621 0.399954 0.549917 0.399954 0.549917 0.426787 0.541621 0.426787
1 0.562109 0.438431 0.589489 0.438431 0.589489 0.447729 0.562109 0.447729
1 0.599376 0.402148 0.628900 0.402148 0.628900 0.413337 0.599376 0.413337
1 0.500449 0.398461 0.509094 0.398461 0.509094 0.426162 0.500449 0.426162
1 0.562406 0.465579 0.589948 0.465579 0.589948 0.474734 0.562406 0.474734
1 0.664117 0.452224 0.692285 0.452224 0.692285 0.461501 0.664117 0.461501
1 0.514345 0.399774 0.522803 0.399774 0.522803 0.426065 0.514345 0.426065
1 0.562068 0.451832 0.589903 0.451832 0.589903 0.461125 0.562068 0.461125
1 0.527850 0.399830 0.536245 0.399830 0.536245 0.426286 0.527850 0.426286
1 0.599646 0.338192 0.629392 0.338192 0.629392 0.349738 0.599646 0.349738
1 0.664642 0.465889 0.691830 0.465889 0.691830 0.475183 0.664642 0.475183
1 0.562328 0.479177 0.589626 0.479177 0.589626 0.488605 0.562328 0.488605
1 0.664214 0.438571 0.692843 0.438571 0.692843 0.447949 0.664214 0.447949
1 0.562228 0.492889 0.589998 0.492889 0.589998 0.502067 0.562228 0.502067
1 0.663903 0.493350 0.691978 0.493350 0.691978 0.502460 0.663903 0.502460
1 0.664127 0.479604 0.691883 0.479604 0.691883 0.488908 0.664127 0.488908
1 0.717456 0.401028 0.725788 0.401028 0.725788 0.427078 0.717456 0.427078
1 0.656426 0.627547 0.667352 0.627547 0.667352 0.656698 0.656426 0.656698
1 0.526863 0.595012 0.535204 0.595012 0.535204 0.622384 0.526863 0.622384
1 0.592547 0.626858 0.603483 0.626858 0.603483 0.656592 0.592547 0.656592
1 0.663800 0.575006 0.691533 0.575006 0.691533 0.585378 0.663800 0.585378
1 0.730180 0.596364 0.738423 0.596364 0.738423 0.623500 0.730180 0.623500
1 0.540639 0.595169 0.548803 0.595169 0.548803 0.623540 0.540639 0.623540
1 0.561868 0.547453 0.589251 0.547453 0.589251 0.556700 0.561868 0.556700
1 0.665475 0.704677 0.673310 0.704677 0.673310 0.728983 0.665475 0.728983
1 0.663199 0.534255 0.691750 0.534255 0.691750 0.543457 0.663199 0.543457
1 0.663203 0.547877 0.691638 0.547877 0.691638 0.557231 0.663203 0.557231
1 0.561493 0.561081 0.589895 0.561081 0.589895 0.570602 0.561493 0.570602
1 0.627178 0.676791 0.651629 0.676791 0.651629 0.685763 0.627178 0.685763
1 0.716346 0.596043 0.724601 0.596043 0.724601 0.623072 0.716346 0.623072
1 0.701931 0.595960 0.711270 0.595960 0.711270 0.623155 0.701931 0.623155
1 0.561553 0.574766 0.589265 0.574766 0.589265 0.583644 0.561553 0.583644
1 0.561933 0.506477 0.590075 0.506477 0.590075 0.515664 0.561933 0.515664
1 0.663880 0.507060 0.691627 0.507060 0.691627 0.516212 0.663880 0.516212
1 0.707787 0.704156 0.716719 0.704156 0.716719 0.728947 0.707787 0.728947
1 0.562154 0.533760 0.589808 0.533760 0.589808 0.542919 0.562154 0.542919
1 0.726794 0.667200 0.736143 0.667200 0.736143 0.691570 0.726794 0.691570
1 0.562222 0.520035 0.589738 0.520035 0.589738 0.529527 0.562222 0.529527
1 0.513210 0.594933 0.521529 0.594933 0.521529 0.622464 0.513210 0.622464
1 0.625920 0.719274 0.652303 0.719274 0.652303 0.728908 0.625920 0.728908
1 0.663724 0.520605 0.691622 0.520605 0.691622 0.529864 0.663724 0.529864
1 0.664121 0.561477 0.691336 0.561477 0.691336 0.570961 0.664121 0.570961
1 0.501918 0.692860 0.505556 0.692860 0.505556 0.709208 0.501918 0.709208
1 0.551748 0.630445 0.556216 0.630445 0.556216 0.646186 0.551748 0.646186
1 0.684379 0.667271 0.692320 0.667271 0.692320 0.691046 0.684379 0.691046
1 0.580531 0.630097 0.585126 0.630097 0.585126 0.646267 0.580531 0.646267
1 0.638902 0.595584 0.642707 0.595584 0.642707 0.603816 0.638902 0.603816
1 0.531447 0.693168 0.536057 0.693168 0.536057 0.709591 0.531447 0.709591
1 0.605763 0.539549 0.614073 0.539549 0.614073 0.543198 0.605763 0.543198
1 0.627343 0.537460 0.631365 0.537460 0.631365 0.545888 0.627343 0.545888
1 0.658524 0.595284 0.662710 0.595284 0.662710 0.603804 0.658524 0.603804
1 0.605343 0.558878 0.614064 0.558878 0.614064 0.562302 0.605343 0.562302
1 0.612427 0.717081 0.616269 0.717081 0.616269 0.725778 0.612427 0.725778
1 0.647691 0.537400 0.651247 0.537400 0.651247 0.545551 0.647691 0.545551
1 0.592351 0.716786 0.595954 0.716786 0.595954 0.725944 0.592351 0.725944
1 0.899832 0.433723 0.928843 0.433723 0.928843 0.444740 0.899832 0.444740
1 0.900175 0.369653 0.929326 0.369653 0.929326 0.381093 0.900175 0.381093
1 0.826792 0.401569 0.835058 0.401569 0.835058 0.427886 0.826792 0.427886
1 0.812973 0.401190 0.821500 0.401190 0.821500 0.427615 0.812973 0.427615
1 0.785771 0.400158 0.794138 0.400158 0.794138 0.427274 0.785771 0.427274
1 0.771950 0.400904 0.780492 0.400904 0.780492 0.427223 0.771950 0.427223
1 0.861345 0.453531 0.888531 0.453531 0.888531 0.462837 0.861345 0.462837
1 0.744735 0.400319 0.753176 0.400319 0.753176 0.427233 0.744735 0.427233
1 0.861593 0.467095 0.888675 0.467095 0.888675 0.476410 0.861593 0.476410
1 0.861152 0.440116 0.888066 0.440116 0.888066 0.449353 0.861152 0.449353
1 0.861449 0.480849 0.888101 0.480849 0.888101 0.490282 0.861449 0.490282
1 0.840354 0.401480 0.848940 0.401480 0.848940 0.428192 0.840354 0.428192
1 0.758426 0.400451 0.767184 0.400451 0.767184 0.427381 0.758426 0.427381
1 0.799275 0.400172 0.807819 0.400172 0.807819 0.427215 0.799275 0.427215
1 0.899019 0.581314 0.928127 0.581314 0.928127 0.592885 0.899019 0.592885
1 0.899102 0.645094 0.927716 0.645094 0.927716 0.656424 0.899102 0.656424
1 0.784912 0.597109 0.793170 0.597109 0.793170 0.625408 0.784912 0.625408
1 0.860266 0.576271 0.887583 0.576271 0.887583 0.585362 0.860266 0.585362
1 0.812171 0.596822 0.820344 0.596822 0.820344 0.623986 0.812171 0.623986
1 0.771214 0.596557 0.779347 0.596557 0.779347 0.623767 0.771214 0.623767
1 0.860974 0.548996 0.887692 0.548996 0.887692 0.558349 0.860974 0.558349
1 0.861155 0.535234 0.888213 0.535234 0.888213 0.544786 0.861155 0.544786
1 0.825916 0.597004 0.834082 0.597004 0.834082 0.623848 0.825916 0.623848
1 0.743928 0.596832 0.752070 0.596832 0.752070 0.624195 0.743928 0.624195
1 0.861296 0.507982 0.888672 0.507982 0.888672 0.517381 0.861296 0.517381
1 0.861247 0.521691 0.887554 0.521691 0.887554 0.531098 0.861247 0.531098
1 0.860929 0.562767 0.888325 0.562767 0.888325 0.572147 0.860929 0.572147
1 0.839220 0.596602 0.847748 0.596602 0.847748 0.624488 0.839220 0.624488
1 0.861284 0.494316 0.889065 0.494316 0.889065 0.503858 0.861284 0.503858
1 0.757354 0.596647 0.765654 0.596647 0.765654 0.624147 0.757354 0.624147
1 0.798310 0.596808 0.806851 0.596808 0.806851 0.625276 0.798310 0.625276
1 0.853794 0.631258 0.857820 0.631258 0.857820 0.647496 0.853794 0.647496
1 0.908256 0.541013 0.916477 0.541013 0.916477 0.544737 0.908256 0.544737
1 0.882390 0.631260 0.887909 0.631260 0.887909 0.646871 0.882390 0.646871
1 0.908413 0.560672 0.916659 0.560672 0.916659 0.564270 0.908413 0.564270
1 0.303408 0.538796 0.312018 0.538796 0.312018 0.542530 0.303408 0.542530
