0 0.367902 0.070766 0.392220 0.070766 0.392220 0.083301 0.367902 0.083301
0 0.075659 0.067106 0.101251 0.067106 0.101251 0.079804 0.075659 0.079804
0 0.413467 0.066969 0.465625 0.066969 0.465625 0.092437 0.413467 0.092437
0 0.023484 0.068205 0.049495 0.068205 0.049495 0.081420 0.023484 0.081420
0 0.140669 0.016934 0.156439 0.016934 0.156439 0.025153 0.140669 0.025153
0 0.395906 0.110056 0.466483 0.110056 0.466483 0.166463 0.395906 0.166463
0 0.454146 0.036437 0.469854 0.036437 0.469854 0.044642 0.454146 0.044642
0 0.181946 0.892961 0.215670 0.892961 0.215670 0.913901 0.181946 0.913901
0 0.181909 0.857451 0.215782 0.857451 0.215782 0.878076 0.181909 0.878076
0 0.456617 0.958132 0.489080 0.958132 0.489080 0.978852 0.456617 0.978852
0 0.453342 0.701572 0.478439 0.701572 0.478439 0.714610 0.453342 0.714610
0 0.077675 0.867265 0.103624 0.867265 0.103624 0.880814 0.077675 0.880814
0 0.177472 0.828837 0.203266 0.828837 0.203266 0.842197 0.177472 0.842197
0 0.461550 0.789677 0.469790 0.789677 0.469790 0.805480 0.461550 0.805480
0 0.118285 0.659294 0.167605 0.659294 0.167605 0.683678 0.118285 0.683678
0 0.477559 0.790027 0.485961 0.790027 0.485961 0.805632 0.477559 0.805632
0 0.041580 0.869450 0.063078 0.869450 0.063078 0.902729 0.041580 0.902729
0 0.160686 0.715353 0.169709 0.715353 0.169709 0.732712 0.160686 0.732712
0 0.078716 0.661246 0.100221 0.661246 0.100221 0.692653 0.078716 0.692653
0 0.093280 0.716227 0.119425 0.716227 0.119425 0.730934 0.093280 0.730934
0 0.010276 0.918669 0.023490 0.918669 0.023490 0.944246 0.010276 0.944246
0 0.462227 0.884018 0.477870 0.884018 0.477870 0.892307 0.462227 0.892307
0 0.492929 0.784066 0.501529 0.784066 0.501529 0.800023 0.492929 0.800023
0 0.179068 0.928409 0.204957 0.928409 0.204957 0.941710 0.179068 0.941710
0 0.455827 0.832639 0.471846 0.832639 0.471846 0.841158 0.455827 0.841158
0 0.462233 0.900910 0.478025 0.900910 0.478025 0.909298 0.462233 0.909298
0 0.462120 0.919114 0.478096 0.919114 0.478096 0.927306 0.462120 0.927306
0 0.147623 0.619727 0.164861 0.619727 0.164861 0.629871 0.147623 0.629871
0 0.381211 0.919007 0.398367 0.919007 0.398367 0.928929 0.381211 0.928929
0 0.282928 0.885988 0.299186 0.885988 0.299186 0.894149 0.282928 0.894149
0 0.458962 0.867346 0.474709 0.867346 0.474709 0.875815 0.458962 0.875815
0 0.458763 0.849589 0.474741 0.849589 0.474741 0.857776 0.458763 0.857776
0 0.344070 0.841931 0.361311 0.841931 0.361311 0.851759 0.344070 0.851759
0 0.352754 0.933690 0.369998 0.933690 0.369998 0.943600 0.352754 0.943600
0 0.461940 0.938430 0.477771 0.938430 0.477771 0.946708 0.461940 0.946708
0 0.283027 0.868835 0.299334 0.868835 0.299334 0.877099 0.283027 0.877099
0 0.616122 0.134722 0.641646 0.134722 0.641646 0.147988 0.616122 0.147988
0 0.968420 0.073030 0.992672 0.073030 0.992672 0.085535 0.968420 0.085535
0 0.784095 0.146324 0.817907 0.146324 0.817907 0.167357 0.784095 0.167357
0 0.570371 0.127037 0.595803 0.127037 0.595803 0.140153 0.570371 0.140153
0 0.738548 0.126049 0.759766 0.126049 0.759766 0.159246 0.738548 0.159246
0 0.568628 0.149963 0.596270 0.149963 0.596270 0.164314 0.568628 0.164314
0 0.666616 0.072109 0.690765 0.072109 0.690765 0.084435 0.666616 0.084435
0 0.706377 0.156983 0.722759 0.156983 0.722759 0.165969 0.706377 0.165969
0 0.753138 0.035521 0.768932 0.035521 0.768932 0.043992 0.753138 0.043992
0 0.714575 0.069250 0.766178 0.069250 0.766178 0.094489 0.714575 0.094489
0 0.555983 0.173543 0.572063 0.173543 0.572063 0.181851 0.555983 0.181851
0 0.803199 0.108218 0.836762 0.108218 0.836762 0.129294 0.803199 0.129294
0 0.629363 0.958448 0.654589 0.958448 0.654589 0.971518 0.629363 0.971518
0 0.533062 0.922912 0.545358 0.922912 0.545358 0.947923 0.533062 0.947923
0 0.557358 0.656207 0.582867 0.656207 0.582867 0.669263 0.557358 0.669263
0 0.734202 0.552986 0.747056 0.552986 0.747056 0.578296 0.734202 0.578296
0 0.700021 0.809735 0.716001 0.809735 0.716001 0.817948 0.700021 0.817948
0 0.695663 0.735049 0.704134 0.735049 0.704134 0.751000 0.695663 0.751000
0 0.875219 0.740126 0.889317 0.740126 0.889317 0.767642 0.875219 0.767642
0 0.816550 0.784841 0.826055 0.784841 0.826055 0.801250 0.816550 0.801250
0 0.850172 0.740155 0.864251 0.740155 0.864251 0.767719 0.850172 0.767719
0 0.705835 0.672767 0.722083 0.672767 0.722083 0.680879 0.705835 0.680879
0 0.521365 0.968092 0.537708 0.968092 0.537708 0.976402 0.521365 0.976402
0 0.778739 0.726624 0.788883 0.726624 0.788883 0.743404 0.778739 0.743404
0 0.754699 0.800303 0.764235 0.800303 0.764235 0.816539 0.754699 0.816539
0 0.503842 0.719461 0.519963 0.719461 0.519963 0.727583 0.503842 0.727583
0 0.732915 0.653308 0.749748 0.653308 0.749748 0.662642 0.732915 0.662642
0 0.500590 0.917594 0.508790 0.917594 0.508790 0.933408 0.500590 0.933408
0 0.583881 0.865248 0.592170 0.865248 0.592170 0.881340 0.583881 0.881340
0 0.864745 0.810958 0.882383 0.810958 0.882383 0.820432 0.864745 0.820432
0 0.799579 0.785018 0.807770 0.785018 0.807770 0.800610 0.799579 0.800610
0 0.701189 0.919254 0.709590 0.919254 0.709590 0.935176 0.701189 0.935176
0 0.598588 0.733000 0.606939 0.733000 0.606939 0.749123 0.598588 0.749123
0 0.803330 0.686878 0.811655 0.686878 0.811655 0.702985 0.803330 0.702985
0 0.560141 0.909817 0.568506 0.909817 0.568506 0.926016 0.560141 0.926016
0 0.738114 0.800139 0.746319 0.800139 0.746319 0.815713 0.738114 0.815713
0 0.700208 0.872833 0.708368 0.872833 0.708368 0.889027 0.700208 0.889027
1 0.019988 0.066738 0.023349 0.066738 0.023349 0.082699 0.019988 0.082699
1 0.101731 0.065675 0.104886 0.065675 0.104886 0.081545 0.101731 0.081545
1 0.156592 0.016149 0.160536 0.016149 0.160536 0.025596 0.156592 0.025596
1 0.136254 0.016203 0.140248 0.016203 0.140248 0.026075 0.136254 0.026075
1 0.049736 0.066877 0.052693 0.066877 0.052693 0.082715 0.049736 0.082715
1 0.072882 0.065709 0.075658 0.065709 0.075658 0.081127 0.072882 0.081127
1 0.138615 0.683804 0.164150 0.683804 0.164150 0.699759 0.138615 0.699759
1 0.076942 0.650667 0.103659 0.650667 0.103659 0.660902 0.076942 0.660902
1 0.077654 0.693089 0.101943 0.693089 0.101943 0.703083 0.077654 0.703083
1 0.136362 0.642285 0.149908 0.642285 0.149908 0.658936 0.136362 0.658936
1 0.154255 0.643119 0.164606 0.643119 0.164606 0.659387 0.154255 0.659387
1 0.122071 0.643113 0.131840 0.643113 0.131840 0.658996 0.122071 0.658996
1 0.121234 0.683570 0.131942 0.683570 0.131942 0.698927 0.121234 0.698927
1 0.119684 0.715288 0.123895 0.715288 0.123895 0.731795 0.119684 0.731795
1 0.090142 0.715367 0.093228 0.715367 0.093228 0.731363 0.090142 0.731363
1 0.164657 0.620340 0.167634 0.620340 0.167634 0.629624 0.164657 0.629624
1 0.160877 0.732791 0.169420 0.732791 0.169420 0.735728 0.160877 0.735728
1 0.160939 0.711809 0.169745 0.711809 0.169745 0.715383 0.160939 0.715383
1 0.144661 0.619939 0.147705 0.619939 0.147705 0.628932 0.144661 0.628932
1 0.039728 0.902736 0.066388 0.902736 0.066388 0.912778 0.039728 0.912778
1 0.215930 0.890681 0.224294 0.890681 0.224294 0.914712 0.215930 0.914712
1 0.041114 0.860157 0.065039 0.860157 0.065039 0.868836 0.041114 0.868836
1 0.216018 0.856128 0.224638 0.856128 0.224638 0.880150 0.216018 0.880150
1 0.172518 0.889426 0.181411 0.889426 0.181411 0.915635 0.172518 0.915635
1 0.172287 0.855048 0.181598 0.855048 0.181598 0.881285 0.172287 0.881285
1 0.174918 0.926299 0.178967 0.926299 0.178967 0.943036 0.174918 0.943036
1 0.173620 0.827069 0.177329 0.827069 0.177329 0.843696 0.173620 0.843696
1 0.008223 0.944619 0.024966 0.944619 0.024966 0.948899 0.008223 0.948899
1 0.073674 0.865757 0.077517 0.865757 0.077517 0.881752 0.073674 0.881752
1 0.009308 0.914171 0.024911 0.914171 0.024911 0.918122 0.009308 0.918122
1 0.203605 0.827345 0.207852 0.827345 0.207852 0.843469 0.203605 0.843469
1 0.204724 0.927181 0.208828 0.927181 0.208828 0.942660 0.204724 0.942660
1 0.103634 0.865353 0.107412 0.865353 0.107412 0.881838 0.103634 0.881838
1 0.465828 0.065527 0.477073 0.065527 0.477073 0.094249 0.465828 0.094249
1 0.402509 0.065272 0.412935 0.065272 0.412935 0.094017 0.402509 0.094017
1 0.467028 0.116324 0.487028 0.116324 0.487028 0.160567 0.467028 0.160567
1 0.376246 0.117038 0.395361 0.117038 0.395361 0.159651 0.376246 0.159651
1 0.363447 0.069176 0.367917 0.069176 0.367917 0.084919 0.363447 0.084919
1 0.392540 0.068739 0.397191 0.068739 0.397191 0.084778 0.392540 0.084778
1 0.450553 0.036183 0.454239 0.036183 0.454239 0.044625 0.450553 0.044625
1 0.470140 0.036525 0.474040 0.036525 0.474040 0.044596 0.470140 0.044596
1 0.478800 0.699749 0.482723 0.699749 0.482723 0.715690 0.478800 0.715690
1 0.449600 0.699206 0.453634 0.699206 0.453634 0.715234 0.449600 0.715234
1 0.446473 0.954938 0.456418 0.954938 0.456418 0.980600 0.446473 0.980600
1 0.489404 0.955761 0.499228 0.955761 0.499228 0.980696 0.489404 0.980696
1 0.461573 0.785944 0.469983 0.785944 0.469983 0.789847 0.461573 0.789847
1 0.477586 0.786244 0.486102 0.786244 0.486102 0.790110 0.477586 0.790110
1 0.454997 0.867465 0.458824 0.867465 0.458824 0.875439 0.454997 0.875439
1 0.458237 0.884202 0.462046 0.884202 0.462046 0.892147 0.458237 0.892147
1 0.377554 0.919411 0.381108 0.919411 0.381108 0.928565 0.377554 0.928565
1 0.493442 0.780536 0.501728 0.780536 0.501728 0.784067 0.493442 0.784067
1 0.398326 0.919326 0.402303 0.919326 0.402303 0.928527 0.398326 0.928527
1 0.477977 0.884030 0.481223 0.884030 0.481223 0.892047 0.477977 0.892047
1 0.361430 0.842260 0.364904 0.842260 0.364904 0.851522 0.361430 0.851522
1 0.340795 0.842513 0.343988 0.842513 0.343988 0.851242 0.340795 0.851242
1 0.474884 0.867094 0.478512 0.867094 0.478512 0.875668 0.474884 0.875668
1 0.477390 0.805812 0.486279 0.805812 0.486279 0.809398 0.477390 0.809398
1 0.461008 0.805631 0.470060 0.805631 0.470060 0.809405 0.461008 0.809405
1 0.370036 0.933502 0.373993 0.933502 0.373993 0.943528 0.370036 0.943528
1 0.451942 0.832517 0.455853 0.832517 0.455853 0.841160 0.451942 0.841160
1 0.458961 0.919214 0.461942 0.919214 0.461942 0.927475 0.458961 0.927475
1 0.478398 0.900956 0.481370 0.900956 0.481370 0.909230 0.478398 0.909230
1 0.458450 0.900695 0.462434 0.900695 0.462434 0.909406 0.458450 0.909406
1 0.455150 0.849760 0.458630 0.849760 0.458630 0.857628 0.455150 0.857628
1 0.299404 0.886165 0.302806 0.886165 0.302806 0.894232 0.299404 0.894232
1 0.472001 0.832584 0.475319 0.832584 0.475319 0.841025 0.472001 0.841025
1 0.348869 0.933603 0.352912 0.933603 0.352912 0.943236 0.348869 0.943236
1 0.474912 0.849831 0.478078 0.849831 0.478078 0.857567 0.474912 0.857567
1 0.478192 0.918981 0.481610 0.918981 0.481610 0.927140 0.478192 0.927140
1 0.279341 0.885899 0.282807 0.885899 0.282807 0.894073 0.279341 0.894073
1 0.279820 0.869188 0.283054 0.869188 0.283054 0.877218 0.279820 0.877218
1 0.299428 0.869333 0.302397 0.869333 0.302397 0.877109 0.299428 0.877109
1 0.492745 0.800058 0.501444 0.800058 0.501444 0.803965 0.492745 0.803965
1 0.459245 0.938460 0.462262 0.938460 0.462262 0.947063 0.459245 0.947063
1 0.477684 0.938373 0.481264 0.938373 0.481264 0.946779 0.477684 0.946779
1 0.500407 0.933235 0.508077 0.933235 0.508077 0.937446 0.500407 0.937446
1 0.703092 0.067177 0.713824 0.067177 0.713824 0.096532 0.703092 0.096532
1 0.566279 0.125169 0.570202 0.125169 0.570202 0.141355 0.566279 0.141355
1 0.641837 0.133108 0.646401 0.133108 0.646401 0.149183 0.641837 0.149183
1 0.612054 0.132942 0.615934 0.132942 0.615934 0.148827 0.612054 0.148827
1 0.552596 0.173383 0.556240 0.173383 0.556240 0.181667 0.552596 0.181667
1 0.662330 0.070230 0.666691 0.070230 0.666691 0.086292 0.662330 0.086292
1 0.722824 0.156874 0.726612 0.156874 0.726612 0.166250 0.722824 0.166250
1 0.690819 0.070125 0.695439 0.070125 0.695439 0.086314 0.690819 0.086314
1 0.565652 0.149328 0.568585 0.149328 0.568585 0.164656 0.565652 0.164656
1 0.702769 0.156915 0.706368 0.156915 0.706368 0.166243 0.702769 0.166243
1 0.596114 0.125087 0.600185 0.125087 0.600185 0.141458 0.596114 0.141458
1 0.571990 0.173315 0.575516 0.173315 0.575516 0.181769 0.571990 0.181769
1 0.749642 0.035212 0.753086 0.035212 0.753086 0.044042 0.749642 0.044042
1 0.596432 0.149043 0.600548 0.149043 0.600548 0.165113 0.596432 0.165113
1 0.582965 0.654260 0.587830 0.654260 0.587830 0.670186 0.582965 0.670186
1 0.552798 0.654429 0.557394 0.654429 0.557394 0.669887 0.552798 0.669887
1 0.732381 0.578414 0.749271 0.578414 0.749271 0.582878 0.732381 0.582878
1 0.733198 0.548483 0.749210 0.548483 0.749210 0.552935 0.733198 0.552935
1 0.729145 0.653015 0.733040 0.653015 0.733040 0.662420 0.729145 0.662420
1 0.695735 0.731404 0.704113 0.731404 0.704113 0.735039 0.695735 0.735039
1 0.722005 0.672362 0.725326 0.672362 0.725326 0.680879 0.722005 0.680879
1 0.598413 0.729571 0.606998 0.729571 0.606998 0.733318 0.598413 0.733318
1 0.701989 0.672414 0.705706 0.672414 0.705706 0.680919 0.701989 0.680919
1 0.520004 0.718844 0.524369 0.718844 0.524369 0.727350 0.520004 0.727350
1 0.749959 0.653001 0.753788 0.653001 0.753788 0.662736 0.749959 0.662736
1 0.500279 0.719102 0.503845 0.719102 0.503845 0.727470 0.500279 0.727470
1 0.531142 0.917317 0.547560 0.917317 0.547560 0.922424 0.531142 0.922424
1 0.654685 0.956616 0.659310 0.956616 0.659310 0.972360 0.654685 0.972360
1 0.530875 0.947864 0.546965 0.947864 0.546965 0.952305 0.530875 0.952305
1 0.716251 0.809845 0.720209 0.809845 0.720209 0.818132 0.716251 0.818132
1 0.583874 0.861721 0.591961 0.861721 0.591961 0.865177 0.583874 0.865177
1 0.696434 0.809518 0.700015 0.809518 0.700015 0.818102 0.696434 0.818102
1 0.500765 0.913776 0.508810 0.913776 0.508810 0.917678 0.500765 0.917678
1 0.695624 0.750977 0.704553 0.750977 0.704553 0.754861 0.695624 0.754861
1 0.700286 0.869250 0.708357 0.869250 0.708357 0.872668 0.700286 0.872668
1 0.625026 0.956589 0.629494 0.956589 0.629494 0.972155 0.625026 0.972155
1 0.559993 0.906236 0.568328 0.906236 0.568328 0.909744 0.559993 0.909744
1 0.583816 0.881489 0.592532 0.881489 0.592532 0.885298 0.583816 0.885298
1 0.517626 0.967898 0.521347 0.967898 0.521347 0.976830 0.517626 0.976830
1 0.738011 0.815947 0.746210 0.815947 0.746210 0.819889 0.738011 0.819889
1 0.598582 0.749237 0.606936 0.749237 0.606936 0.752694 0.598582 0.752694
1 0.537617 0.967826 0.541329 0.967826 0.541329 0.976374 0.537617 0.976374
1 0.701311 0.915207 0.709705 0.915207 0.709705 0.919253 0.701311 0.919253
1 0.559979 0.926018 0.568572 0.926018 0.568572 0.929136 0.559979 0.929136
1 0.699851 0.889148 0.708555 0.889148 0.708555 0.893021 0.699851 0.893021
1 0.701079 0.935445 0.709894 0.935445 0.709894 0.939503 0.701079 0.939503
1 0.837388 0.107448 0.846391 0.107448 0.846391 0.131048 0.837388 0.131048
1 0.766615 0.067771 0.777698 0.067771 0.777698 0.096964 0.766615 0.096964
1 0.794971 0.107301 0.802571 0.107301 0.802571 0.131034 0.794971 0.131034
1 0.737848 0.116866 0.761659 0.116866 0.761659 0.125810 0.737848 0.125810
1 0.818355 0.144472 0.827220 0.144472 0.827220 0.168883 0.818355 0.168883
1 0.775928 0.144722 0.783739 0.144722 0.783739 0.169061 0.775928 0.169061
1 0.737868 0.159752 0.762472 0.159752 0.762472 0.168870 0.737868 0.168870
1 0.964124 0.071514 0.968163 0.071514 0.968163 0.087426 0.964124 0.087426
1 0.992690 0.071301 0.998103 0.071301 0.998103 0.087522 0.992690 0.087522
1 0.768978 0.035207 0.772970 0.035207 0.772970 0.043946 0.768978 0.043946
1 0.849390 0.735906 0.865215 0.735906 0.865215 0.740311 0.849390 0.740311
1 0.874685 0.736068 0.890669 0.736068 0.890669 0.740318 0.874685 0.740318
1 0.803344 0.683088 0.811498 0.683088 0.811498 0.686535 0.803344 0.686535
1 0.778838 0.723220 0.788931 0.723220 0.788931 0.726365 0.778838 0.726365
1 0.802490 0.703093 0.812047 0.703093 0.812047 0.706752 0.802490 0.706752
1 0.754889 0.796778 0.764037 0.796778 0.764037 0.800305 0.754889 0.800305
1 0.816297 0.780654 0.826094 0.780654 0.826094 0.784783 0.816297 0.784783
1 0.816188 0.801018 0.826081 0.801018 0.826081 0.804190 0.816188 0.804190
1 0.799446 0.780304 0.807813 0.780304 0.807813 0.784778 0.799446 0.784778
1 0.778474 0.743564 0.789078 0.743564 0.789078 0.747260 0.778474 0.747260
1 0.738204 0.795999 0.746409 0.795999 0.746409 0.800205 0.738204 0.800205
1 0.874617 0.767985 0.890290 0.767985 0.890290 0.772612 0.874617 0.772612
1 0.754701 0.816361 0.763696 0.816361 0.763696 0.819476 0.754701 0.819476
1 0.799444 0.800604 0.807813 0.800604 0.807813 0.803897 0.799444 0.803897
1 0.849450 0.768012 0.864629 0.768012 0.864629 0.772457 0.849450 0.772457
1 0.882298 0.810319 0.885545 0.810319 0.885545 0.820689 0.882298 0.820689
1 0.861480 0.811452 0.864772 0.811452 0.864772 0.820514 0.861480 0.820514
1 0.288803 0.549443 0.313690 0.549443 0.313690 0.560004 0.288803 0.560004
1 0.293295 0.736758 0.317939 0.736758 0.317939 0.761037 0.293295 0.761037
0 0.006701 0.103307 0.057760 0.103307 0.057760 0.144189 0.006701 0.144189
1 0.058185 0.097455 0.071755 0.097455 0.071755 0.151823 0.058185 0.151823
1 0.174808 0.014080 0.204324 0.014080 0.204324 0.023834 0.174808 0.023834
1 0.213739 0.034096 0.222730 0.034096 0.222730 0.061238 0.213739 0.061238
1 0.227225 0.034096 0.236216 0.034096 0.236216 0.061238 0.227225 0.061238
1 0.240880 0.033927 0.249871 0.033927 0.249871 0.061068 0.240880 0.061068
1 0.254366 0.033927 0.263357 0.033927 0.263357 0.061068 0.254366 0.061068
1 0.309158 0.034436 0.318234 0.034436 0.318234 0.062595 0.309158 0.062595
1 0.295672 0.034436 0.304748 0.034436 0.304748 0.062934 0.295672 0.062934
1 0.281932 0.034690 0.290923 0.034690 0.290923 0.061832 0.281932 0.061832
1 0.268531 0.034605 0.277521 0.034605 0.277521 0.061747 0.268531 0.061747
1 0.336130 0.034775 0.345121 0.034775 0.345121 0.061916 0.336130 0.061916
1 0.322729 0.034690 0.331720 0.034690 0.331720 0.061832 0.322729 0.061832
1 0.349870 0.034521 0.358946 0.034521 0.358946 0.063019 0.349870 0.063019
1 0.372177 0.001612 0.399064 0.001612 0.399064 0.009839 0.372177 0.009839
1 0.371753 0.015352 0.398640 0.015352 0.398640 0.023579 0.371753 0.023579
1 0.476163 0.000170 0.503050 0.000170 0.503050 0.009075 0.476163 0.009075
1 0.475484 0.013995 0.503050 0.013995 0.503050 0.023834 0.475484 0.023834
1 0.514416 0.033927 0.522728 0.033927 0.522728 0.060899 0.514416 0.060899
1 0.527986 0.033927 0.536298 0.033927 0.536298 0.060899 0.527986 0.060899
1 0.541727 0.034181 0.550039 0.034181 0.550039 0.061153 0.541727 0.061153
1 0.555297 0.034181 0.563609 0.034181 0.563609 0.061153 0.555297 0.061153
1 0.568953 0.034860 0.577265 0.034860 0.577265 0.061832 0.568953 0.061832
1 0.582524 0.034860 0.590836 0.034860 0.590836 0.061832 0.582524 0.061832
1 0.596264 0.035114 0.604322 0.035114 0.604322 0.062595 0.596264 0.062595
1 0.609835 0.035114 0.617638 0.035114 0.617638 0.062765 0.609835 0.062765
1 0.623660 0.035114 0.631972 0.035114 0.631972 0.062086 0.623660 0.062086
1 0.637231 0.035114 0.645543 0.035114 0.645543 0.062086 0.637231 0.062086
1 0.650971 0.035369 0.659029 0.035369 0.659029 0.062849 0.650971 0.062849
1 0.672515 0.001951 0.699741 0.001951 0.699741 0.009669 0.672515 0.009669
1 0.672515 0.015776 0.698808 0.015776 0.698808 0.023325 0.672515 0.023325
1 0.774889 0.001696 0.802285 0.001696 0.802285 0.010348 0.774889 0.010348
1 0.774465 0.015437 0.801945 0.015437 0.801945 0.025191 0.774465 0.025191
1 0.813650 0.035029 0.821453 0.035029 0.821453 0.062849 0.813650 0.062849
1 0.827051 0.035199 0.834854 0.035199 0.834854 0.063019 0.827051 0.063019
1 0.840876 0.035369 0.848680 0.035369 0.848680 0.063189 0.840876 0.063189
1 0.854277 0.035538 0.862081 0.035538 0.862081 0.063358 0.854277 0.063358
1 0.868357 0.035284 0.876160 0.035284 0.876160 0.063104 0.868357 0.063104
1 0.881758 0.035454 0.889561 0.035454 0.889561 0.063274 0.881758 0.063274
1 0.895583 0.035623 0.903302 0.035623 0.903302 0.064800 0.895583 0.064800
1 0.908985 0.035793 0.916788 0.035793 0.916788 0.064291 0.908985 0.064291
1 0.922725 0.035454 0.930528 0.035454 0.930528 0.063274 0.922725 0.063274
1 0.936550 0.035623 0.944353 0.035623 0.944353 0.063443 0.936550 0.063443
1 0.949951 0.035793 0.957754 0.035793 0.957754 0.063613 0.949951 0.063613
1 0.971834 0.002969 0.999060 0.002969 0.999060 0.011535 0.971834 0.011535
1 0.972173 0.017387 0.997873 0.017387 0.997873 0.025191 0.972173 0.025191
