0 0.230747 0.400985 0.464101 0.400985 0.464101 0.636640 0.230747 0.636640
0 0.633223 0.416686 0.792721 0.416686 0.792721 0.568526 0.633223 0.568526
0 0.129528 0.878462 0.143995 0.878462 0.143995 0.904260 0.129528 0.904260
0 0.272478 0.844520 0.305950 0.844520 0.305950 0.862862 0.272478 0.862862
0 0.077735 0.918624 0.090871 0.918624 0.090871 0.944046 0.077735 0.944046
0 0.215939 0.833681 0.229028 0.833681 0.229028 0.859161 0.215939 0.859161
0 0.340698 0.844886 0.374360 0.844886 0.374360 0.863241 0.340698 0.863241
0 0.272756 0.915939 0.280959 0.915939 0.280959 0.931677 0.272756 0.931677
0 0.177220 0.957268 0.191819 0.957268 0.191819 0.983489 0.177220 0.983489
0 0.022683 0.961305 0.036024 0.961305 0.036024 0.987049 0.022683 0.987049
0 0.037474 0.935611 0.062924 0.935611 0.062924 0.948883 0.037474 0.948883
0 0.172320 0.881231 0.185354 0.881231 0.185354 0.906502 0.172320 0.906502
0 0.216086 0.880954 0.230272 0.880954 0.230272 0.906476 0.216086 0.906476
0 0.059321 0.668989 0.085257 0.668989 0.085257 0.683231 0.059321 0.683231
0 0.264330 0.949033 0.281362 0.949033 0.281362 0.958561 0.264330 0.958561
0 0.047252 0.886523 0.060509 0.886523 0.060509 0.912081 0.047252 0.912081
0 0.100807 0.961704 0.114795 0.961704 0.114795 0.987597 0.100807 0.987597
0 0.118462 0.783010 0.144498 0.783010 0.144498 0.797257 0.118462 0.797257
0 0.322098 0.833461 0.329968 0.833461 0.329968 0.849304 0.322098 0.849304
0 0.193365 0.881436 0.207780 0.881436 0.207780 0.907243 0.193365 0.907243
0 0.256152 0.915576 0.265603 0.915576 0.265603 0.932071 0.256152 0.932071
0 0.085884 0.823856 0.099104 0.823856 0.099104 0.848997 0.085884 0.848997
0 0.078849 0.864632 0.091976 0.864632 0.091976 0.890050 0.078849 0.890050
0 0.051467 0.961920 0.065770 0.961920 0.065770 0.988016 0.051467 0.988016
0 0.128039 0.951086 0.142279 0.951086 0.142279 0.976819 0.128039 0.976819
0 0.328514 0.916499 0.345580 0.916499 0.345580 0.925717 0.328514 0.925717
0 0.143968 0.835356 0.157484 0.835356 0.157484 0.860595 0.143968 0.860595
0 0.103333 0.867456 0.116375 0.867456 0.116375 0.893007 0.103333 0.893007
0 0.079128 0.961780 0.092298 0.961780 0.092298 0.987091 0.079128 0.987091
0 0.217293 0.665287 0.226706 0.665287 0.226706 0.682080 0.217293 0.682080
0 0.207785 0.952846 0.216206 0.952846 0.216206 0.968561 0.207785 0.968561
0 0.162382 0.525100 0.170487 0.525100 0.170487 0.541111 0.162382 0.541111
0 0.322218 0.863713 0.331039 0.863713 0.331039 0.880654 0.322218 0.880654
0 0.062923 0.635536 0.078405 0.635536 0.078405 0.643405 0.062923 0.643405
0 0.247148 0.737444 0.255152 0.737444 0.255152 0.752966 0.247148 0.752966
0 0.225277 0.952643 0.233274 0.952643 0.233274 0.968401 0.225277 0.968401
0 0.247977 0.693024 0.255921 0.693024 0.255921 0.708990 0.247977 0.708990
0 0.288684 0.893258 0.304300 0.893258 0.304300 0.901445 0.288684 0.901445
0 0.263828 0.736984 0.273090 0.736984 0.273090 0.753998 0.263828 0.753998
0 0.245324 0.942258 0.253413 0.942258 0.253413 0.958040 0.245324 0.958040
0 0.486993 0.639776 0.503830 0.639776 0.503830 0.649522 0.486993 0.649522
0 0.209004 0.930740 0.225226 0.930740 0.225226 0.939522 0.209004 0.939522
0 0.549903 0.482571 0.575676 0.482571 0.575676 0.495292 0.549903 0.495292
0 0.547594 0.405961 0.573247 0.405961 0.573247 0.418992 0.547594 0.418992
0 0.546607 0.428517 0.572721 0.428517 0.572721 0.442975 0.546607 0.442975
0 0.547379 0.382238 0.572578 0.382238 0.572578 0.395031 0.547379 0.395031
0 0.548022 0.459694 0.573528 0.459694 0.573528 0.472682 0.548022 0.472682
0 0.547268 0.357801 0.573122 0.357801 0.573122 0.371107 0.547268 0.371107
0 0.488725 0.350407 0.501828 0.350407 0.501828 0.375697 0.488725 0.375697
0 0.588528 0.414996 0.601401 0.414996 0.601401 0.440264 0.588528 0.440264
0 0.720831 0.330098 0.730082 0.330098 0.730082 0.347253 0.720831 0.347253
0 0.555087 0.743625 0.564157 0.743625 0.564157 0.760740 0.555087 0.760740
0 0.557441 0.511114 0.569824 0.511114 0.569824 0.535373 0.557441 0.535373
0 0.709978 0.772234 0.731273 0.772234 0.731273 0.805956 0.709978 0.805956
0 0.741902 0.771474 0.763493 0.771474 0.763493 0.805063 0.741902 0.805063
0 0.776475 0.773602 0.789661 0.773602 0.789661 0.799028 0.776475 0.799028
0 0.558258 0.770706 0.575433 0.770706 0.575433 0.779661 0.558258 0.779661
0 0.517610 0.642083 0.534717 0.642083 0.534717 0.651393 0.517610 0.651393
0 0.543928 0.697414 0.553175 0.697414 0.553175 0.714649 0.543928 0.714649
0 0.521438 0.569163 0.529391 0.569163 0.529391 0.584917 0.521438 0.584917
0 0.554253 0.609175 0.562782 0.609175 0.562782 0.625027 0.554253 0.625027
0 0.688268 0.639600 0.757428 0.639600 0.757428 0.693025 0.688268 0.693025
0 0.572957 0.608996 0.581832 0.608996 0.581832 0.626032 0.572957 0.626032
0 0.521161 0.602107 0.528970 0.602107 0.528970 0.618104 0.521161 0.618104
0 0.549266 0.554461 0.557240 0.554461 0.557240 0.570436 0.549266 0.570436
1 0.189772 0.421145 0.228681 0.421145 0.228681 0.429130 0.189772 0.429130
1 0.189947 0.409967 0.229044 0.409967 0.229044 0.418217 0.189947 0.418217
1 0.190039 0.476831 0.228553 0.476831 0.228553 0.484792 0.190039 0.484792
1 0.190758 0.443337 0.228562 0.443337 0.228562 0.451283 0.190758 0.451283
1 0.190881 0.432499 0.228549 0.432499 0.228549 0.440407 0.190881 0.440407
1 0.190678 0.465658 0.228572 0.465658 0.228572 0.473581 0.190678 0.473581
1 0.237723 0.362225 0.245345 0.362225 0.245345 0.402217 0.237723 0.402217
1 0.189949 0.499053 0.228638 0.499053 0.228638 0.507155 0.189949 0.507155
1 0.189889 0.454365 0.228679 0.454365 0.228679 0.462644 0.189889 0.462644
1 0.189674 0.487840 0.228864 0.487840 0.228864 0.495993 0.189674 0.495993
1 0.190042 0.543410 0.229011 0.543410 0.229011 0.551416 0.190042 0.551416
1 0.190123 0.576450 0.228908 0.576450 0.228908 0.584549 0.190123 0.584549
1 0.189986 0.510106 0.228986 0.510106 0.228986 0.517866 0.189986 0.517866
1 0.190260 0.565642 0.229176 0.565642 0.229176 0.573693 0.190260 0.573693
1 0.190472 0.598861 0.229184 0.598861 0.229184 0.606913 0.190472 0.606913
1 0.190556 0.587886 0.229232 0.587886 0.229232 0.595986 0.190556 0.595986
1 0.190043 0.609944 0.229047 0.609944 0.229047 0.618280 0.190043 0.618280
1 0.190527 0.532278 0.229160 0.532278 0.229160 0.540177 0.190527 0.540177
1 0.191330 0.621033 0.229138 0.621033 0.229138 0.628853 0.191330 0.628853
1 0.238444 0.638767 0.245671 0.638767 0.245671 0.677065 0.238444 0.677065
1 0.190510 0.554386 0.229266 0.554386 0.229266 0.562467 0.190510 0.562467
1 0.189801 0.521211 0.229790 0.521211 0.229790 0.529267 0.189801 0.529267
1 0.217234 0.682113 0.226696 0.682113 0.226696 0.685640 0.217234 0.685640
1 0.058972 0.635593 0.062971 0.635593 0.062971 0.643155 0.058972 0.643155
1 0.162118 0.521256 0.170600 0.521256 0.170600 0.525092 0.162118 0.525092
1 0.078187 0.635447 0.082803 0.635447 0.082803 0.643452 0.078187 0.643452
1 0.162131 0.541111 0.170688 0.541111 0.170688 0.544921 0.162131 0.544921
1 0.085807 0.668952 0.089691 0.668952 0.089691 0.683584 0.085807 0.683584
1 0.217364 0.662029 0.226260 0.662029 0.226260 0.665282 0.217364 0.665282
1 0.056260 0.669141 0.059517 0.669141 0.059517 0.683623 0.056260 0.683623
1 0.084711 0.818664 0.100124 0.818664 0.100124 0.823977 0.084711 0.823977
1 0.215325 0.876237 0.230620 0.876237 0.230620 0.880907 0.215325 0.880907
1 0.100093 0.956945 0.115614 0.956945 0.115614 0.961950 0.100093 0.961950
1 0.051018 0.957273 0.066199 0.957273 0.066199 0.962275 0.051018 0.962275
1 0.129152 0.873409 0.144513 0.873409 0.144513 0.878453 0.129152 0.878453
1 0.076258 0.914341 0.091712 0.914341 0.091712 0.918634 0.076258 0.918634
1 0.171242 0.876477 0.186327 0.876477 0.186327 0.881169 0.171242 0.881169
1 0.127139 0.977064 0.143175 0.977064 0.143175 0.981058 0.127139 0.981058
1 0.129175 0.904418 0.144492 0.904418 0.144492 0.907712 0.129175 0.907712
1 0.045850 0.912173 0.060966 0.912173 0.060966 0.915927 0.045850 0.915927
1 0.142766 0.860552 0.158392 0.860552 0.158392 0.864779 0.142766 0.864779
1 0.114102 0.782087 0.118417 0.782087 0.118417 0.798170 0.114102 0.798170
1 0.076913 0.944057 0.091724 0.944057 0.091724 0.948150 0.076913 0.948150
1 0.102365 0.893092 0.117559 0.893092 0.117559 0.897231 0.102365 0.897231
1 0.207322 0.968539 0.216836 0.968539 0.216836 0.972816 0.207322 0.972816
1 0.101758 0.863860 0.117079 0.863860 0.117079 0.867578 0.101758 0.867578
1 0.077951 0.860361 0.093159 0.860361 0.093159 0.864604 0.077951 0.864604
1 0.100317 0.987639 0.115677 0.987639 0.115677 0.991699 0.100317 0.991699
1 0.032364 0.934190 0.037481 0.934190 0.037481 0.950302 0.032364 0.950302
1 0.142484 0.831611 0.158380 0.831611 0.158380 0.835419 0.142484 0.835419
1 0.077742 0.890003 0.092868 0.890003 0.092868 0.893852 0.077742 0.893852
1 0.176584 0.953042 0.193078 0.953042 0.193078 0.957572 0.176584 0.957572
1 0.127503 0.946244 0.143359 0.946244 0.143359 0.951075 0.127503 0.951075
1 0.084900 0.849118 0.100002 0.849118 0.100002 0.852891 0.084900 0.852891
1 0.175923 0.983500 0.192683 0.983500 0.192683 0.988034 0.175923 0.988034
1 0.193185 0.876368 0.208263 0.876368 0.208263 0.881442 0.193185 0.881442
1 0.214759 0.829289 0.230029 0.829289 0.230029 0.833486 0.214759 0.833486
1 0.215468 0.906754 0.230614 0.906754 0.230614 0.910375 0.215468 0.910375
1 0.224981 0.968371 0.233597 0.968371 0.233597 0.972632 0.224981 0.972632
1 0.077784 0.956899 0.093748 0.956899 0.093748 0.961864 0.077784 0.961864
1 0.022029 0.987023 0.036824 0.987023 0.036824 0.991416 0.022029 0.991416
1 0.171316 0.906423 0.186192 0.906423 0.186192 0.910294 0.171316 0.910294
1 0.077838 0.987230 0.093224 0.987230 0.093224 0.991463 0.077838 0.991463
1 0.050986 0.987948 0.066404 0.987948 0.066404 0.991661 0.050986 0.991661
1 0.225085 0.931174 0.229215 0.931174 0.229215 0.939197 0.225085 0.939197
1 0.204731 0.930652 0.209186 0.930652 0.209186 0.939145 0.204731 0.939145
1 0.021616 0.957446 0.037487 0.957446 0.037487 0.961597 0.021616 0.961597
1 0.245395 0.938747 0.253533 0.938747 0.253533 0.942426 0.245395 0.942426
1 0.044917 0.882380 0.061073 0.882380 0.061073 0.886334 0.044917 0.886334
1 0.207719 0.948834 0.216565 0.948834 0.216565 0.952861 0.207719 0.952861
1 0.225339 0.949018 0.233350 0.949018 0.233350 0.952753 0.225339 0.952753
1 0.245216 0.957973 0.253669 0.957973 0.253669 0.961995 0.245216 0.961995
1 0.144498 0.782356 0.148182 0.782356 0.148182 0.797976 0.144498 0.797976
1 0.062149 0.934165 0.066083 0.934165 0.066083 0.949505 0.062149 0.949505
1 0.192941 0.907341 0.208364 0.907341 0.208364 0.910954 0.192941 0.910954
1 0.214789 0.859331 0.229957 0.859331 0.229957 0.863122 0.214789 0.863122
1 0.392028 0.361050 0.400930 0.361050 0.400930 0.400981 0.392028 0.400981
1 0.293392 0.360815 0.301993 0.360815 0.301993 0.401373 0.293392 0.401373
1 0.426472 0.361217 0.434047 0.361217 0.434047 0.400844 0.426472 0.400844
1 0.466046 0.431751 0.505830 0.431751 0.505830 0.439538 0.466046 0.439538
1 0.448741 0.362525 0.456180 0.362525 0.456180 0.400915 0.448741 0.400915
1 0.404151 0.360628 0.411812 0.360628 0.411812 0.400678 0.404151 0.400678
1 0.465330 0.420486 0.505198 0.420486 0.505198 0.428445 0.465330 0.428445
1 0.437534 0.361786 0.445104 0.361786 0.445104 0.400704 0.437534 0.400704
1 0.271041 0.360980 0.278543 0.360980 0.278543 0.401607 0.271041 0.401607
1 0.259964 0.361000 0.267731 0.361000 0.267731 0.401803 0.259964 0.401803
1 0.415251 0.360690 0.423175 0.360690 0.423175 0.400734 0.415251 0.400734
1 0.465431 0.409329 0.505014 0.409329 0.505014 0.417361 0.465431 0.417361
1 0.248674 0.360908 0.256376 0.360908 0.256376 0.401686 0.248674 0.401686
1 0.281943 0.361184 0.289717 0.361184 0.289717 0.401680 0.281943 0.401680
1 0.465752 0.442711 0.505728 0.442711 0.505728 0.450595 0.465752 0.450595
1 0.311866 0.360676 0.382755 0.360676 0.382755 0.400831 0.311866 0.400831
1 0.487230 0.345463 0.503035 0.345463 0.503035 0.350188 0.487230 0.350188
1 0.465983 0.465050 0.505765 0.465050 0.505765 0.472986 0.465983 0.472986
1 0.465272 0.453977 0.505888 0.453977 0.505888 0.461845 0.465272 0.461845
1 0.465826 0.476125 0.505286 0.476125 0.505286 0.484217 0.465826 0.484217
1 0.465166 0.487085 0.505245 0.487085 0.505245 0.495306 0.465166 0.495306
1 0.486773 0.375834 0.503813 0.375834 0.503813 0.379917 0.486773 0.379917
1 0.465803 0.498351 0.504590 0.498351 0.504590 0.506658 0.465803 0.506658
1 0.404699 0.637790 0.412239 0.637790 0.412239 0.677006 0.404699 0.677006
1 0.415860 0.637112 0.423494 0.637112 0.423494 0.676647 0.415860 0.676647
1 0.293718 0.637918 0.302208 0.637918 0.302208 0.676557 0.293718 0.676557
1 0.393258 0.637480 0.401558 0.637480 0.401558 0.676216 0.393258 0.676216
1 0.449223 0.636691 0.456843 0.636691 0.456843 0.676329 0.449223 0.676329
1 0.271501 0.638261 0.279050 0.638261 0.279050 0.677539 0.271501 0.677539
1 0.427233 0.637243 0.434635 0.637243 0.434635 0.676086 0.427233 0.676086
1 0.260561 0.638425 0.267964 0.638425 0.267964 0.677372 0.260561 0.677372
1 0.466404 0.620655 0.504224 0.620655 0.504224 0.628685 0.466404 0.628685
1 0.465481 0.609643 0.505166 0.609643 0.505166 0.617479 0.465481 0.617479
1 0.249220 0.638192 0.256795 0.638192 0.256795 0.677453 0.249220 0.677453
1 0.311503 0.637625 0.383818 0.637625 0.383818 0.677132 0.311503 0.677132
1 0.247531 0.708944 0.255917 0.708944 0.255917 0.713039 0.247531 0.713039
1 0.465521 0.576176 0.504705 0.576176 0.504705 0.584063 0.465521 0.584063
1 0.465911 0.598458 0.505412 0.598458 0.505412 0.606257 0.465911 0.606257
1 0.246786 0.733769 0.255180 0.733769 0.255180 0.737912 0.246786 0.737912
1 0.465932 0.587276 0.505374 0.587276 0.505374 0.595284 0.465932 0.595284
1 0.264044 0.733491 0.272900 0.733491 0.272900 0.737057 0.264044 0.737057
1 0.465811 0.565078 0.505558 0.565078 0.505558 0.572965 0.465811 0.572965
1 0.248131 0.689892 0.255976 0.689892 0.255976 0.693041 0.248131 0.693041
1 0.282704 0.638599 0.290209 0.638599 0.290209 0.677147 0.282704 0.677147
1 0.483671 0.640614 0.487104 0.640614 0.487104 0.648523 0.483671 0.648523
1 0.438274 0.637510 0.445743 0.637510 0.445743 0.675208 0.438274 0.675208
1 0.465800 0.553734 0.505488 0.553734 0.505488 0.561890 0.465800 0.561890
1 0.465810 0.531637 0.504739 0.531637 0.504739 0.539527 0.465810 0.539527
1 0.465964 0.542865 0.504696 0.542865 0.504696 0.550811 0.465964 0.550811
1 0.465697 0.520635 0.504809 0.520635 0.504809 0.528704 0.465697 0.528704
1 0.465660 0.509201 0.504654 0.509201 0.504654 0.517412 0.465660 0.517412
1 0.343089 0.830479 0.349806 0.830479 0.349806 0.845011 0.343089 0.845011
1 0.343123 0.863587 0.349794 0.863587 0.349794 0.876951 0.343123 0.876951
1 0.296617 0.863130 0.303847 0.863130 0.303847 0.877297 0.296617 0.877297
1 0.365058 0.863277 0.371793 0.863277 0.371793 0.878012 0.365058 0.878012
1 0.274404 0.828891 0.281538 0.828891 0.281538 0.844756 0.274404 0.844756
1 0.365161 0.830507 0.371665 0.830507 0.371665 0.844693 0.365161 0.844693
1 0.353940 0.863460 0.361034 0.863460 0.361034 0.877229 0.353940 0.877229
1 0.285507 0.829397 0.292527 0.829397 0.292527 0.844527 0.285507 0.844527
1 0.274463 0.863023 0.281827 0.863023 0.281827 0.877228 0.274463 0.877228
1 0.296693 0.829556 0.303330 0.829556 0.303330 0.844472 0.296693 0.844472
1 0.272763 0.931652 0.281041 0.931652 0.281041 0.935464 0.272763 0.935464
1 0.322138 0.849442 0.329999 0.849442 0.329999 0.852953 0.322138 0.852953
1 0.322254 0.880720 0.331308 0.880720 0.331308 0.884612 0.322254 0.884612
1 0.260642 0.949158 0.264497 0.949158 0.264497 0.958450 0.260642 0.958450
1 0.322237 0.861081 0.330471 0.861081 0.330471 0.863899 0.322237 0.863899
1 0.256023 0.932002 0.265406 0.932002 0.265406 0.936428 0.256023 0.936428
1 0.284598 0.893135 0.288709 0.893135 0.288709 0.901249 0.284598 0.901249
1 0.263273 0.753907 0.272777 0.753907 0.272777 0.757780 0.263273 0.757780
1 0.281334 0.949391 0.285155 0.949391 0.285155 0.958351 0.281334 0.958351
1 0.304369 0.893279 0.308792 0.893279 0.308792 0.901450 0.304369 0.901450
1 0.321972 0.829447 0.330092 0.829447 0.330092 0.833563 0.321972 0.833563
1 0.345476 0.916946 0.348936 0.916946 0.348936 0.925402 0.345476 0.925402
1 0.272638 0.912082 0.280844 0.912082 0.280844 0.916074 0.272638 0.916074
1 0.256641 0.911988 0.264773 0.911988 0.264773 0.915681 0.256641 0.915681
1 0.324807 0.917083 0.328686 0.917083 0.328686 0.925644 0.324807 0.925644
1 0.246873 0.753129 0.255302 0.753129 0.255302 0.757274 0.246873 0.757274
1 0.543273 0.458663 0.548299 0.458663 0.548299 0.474650 0.543273 0.474650
1 0.573126 0.404562 0.577906 0.404562 0.577906 0.419848 0.573126 0.419848
1 0.541763 0.427178 0.546634 0.427178 0.546634 0.443402 0.541763 0.443402
1 0.573539 0.458552 0.578762 0.458552 0.578762 0.474291 0.573539 0.474291
1 0.544973 0.481169 0.549885 0.481169 0.549885 0.496757 0.544973 0.496757
1 0.542914 0.379965 0.547650 0.379965 0.547650 0.396272 0.542914 0.396272
1 0.542904 0.355832 0.547593 0.355832 0.547593 0.372397 0.542904 0.372397
1 0.573170 0.356249 0.578233 0.356249 0.578233 0.371945 0.573170 0.371945
1 0.586748 0.410009 0.602313 0.410009 0.602313 0.414653 0.586748 0.414653
1 0.572762 0.427442 0.577341 0.427442 0.577341 0.442980 0.572762 0.442980
1 0.655608 0.318087 0.684753 0.318087 0.684753 0.416343 0.655608 0.416343
1 0.572753 0.380520 0.577433 0.380520 0.577433 0.396140 0.572753 0.396140
1 0.575717 0.481165 0.580911 0.481165 0.580911 0.496783 0.575717 0.496783
1 0.542280 0.404075 0.547737 0.404075 0.547737 0.420098 0.542280 0.420098
1 0.720967 0.325693 0.729925 0.325693 0.729925 0.330101 0.720967 0.330101
1 0.586869 0.440335 0.602547 0.440335 0.602547 0.445155 0.586869 0.445155
1 0.720520 0.347154 0.729764 0.347154 0.729764 0.350542 0.720520 0.350542
1 0.666861 0.645593 0.687751 0.645593 0.687751 0.689386 0.666861 0.689386
1 0.555063 0.535897 0.570725 0.535897 0.570725 0.540789 0.555063 0.540789
1 0.555270 0.506998 0.570270 0.506998 0.570270 0.510976 0.555270 0.510976
1 0.521376 0.584977 0.529705 0.584977 0.529705 0.588970 0.521376 0.588970
1 0.521202 0.597941 0.529042 0.597941 0.529042 0.602105 0.521202 0.602105
1 0.520972 0.618178 0.529075 0.618178 0.529075 0.622361 0.520972 0.622361
1 0.543937 0.694061 0.552867 0.694061 0.552867 0.697523 0.543937 0.697523
1 0.521176 0.565446 0.529435 0.565446 0.529435 0.569336 0.521176 0.569336
1 0.549125 0.570340 0.557691 0.570340 0.557691 0.574444 0.549125 0.574444
1 0.553657 0.625156 0.563032 0.625156 0.563032 0.628357 0.553657 0.628357
1 0.503852 0.640330 0.507492 0.640330 0.507492 0.648766 0.503852 0.648766
1 0.549217 0.550393 0.557372 0.550393 0.557372 0.554233 0.549217 0.554233
1 0.544170 0.714633 0.553082 0.714633 0.553082 0.717983 0.544170 0.717983
1 0.573020 0.626083 0.581953 0.626083 0.581953 0.629195 0.573020 0.629195
1 0.513940 0.642356 0.517560 0.642356 0.517560 0.651302 0.513940 0.651302
1 0.554206 0.605390 0.562954 0.605390 0.562954 0.609010 0.554206 0.609010
1 0.573259 0.605368 0.582131 0.605368 0.582131 0.609111 0.573259 0.609111
1 0.534931 0.642507 0.537909 0.642507 0.537909 0.651467 0.534931 0.651467
1 0.708437 0.806157 0.732199 0.806157 0.732199 0.814433 0.708437 0.814433
1 0.707141 0.762258 0.733027 0.762258 0.733027 0.771859 0.707141 0.771859
1 0.554213 0.770686 0.557942 0.770686 0.557942 0.779673 0.554213 0.779673
1 0.575646 0.770983 0.578495 0.770983 0.578495 0.779942 0.575646 0.779942
1 0.554811 0.740348 0.564332 0.740348 0.564332 0.743666 0.554811 0.743666
1 0.554846 0.760847 0.564055 0.760847 0.564055 0.764011 0.554846 0.764011
1 0.742487 0.317748 0.771952 0.317748 0.771952 0.416071 0.742487 0.416071
1 0.757783 0.644969 0.779184 0.644969 0.779184 0.689461 0.757783 0.689461
1 0.740753 0.805342 0.765126 0.805342 0.765126 0.814215 0.740753 0.814215
1 0.740924 0.763013 0.764655 0.763013 0.764655 0.771021 0.740924 0.771021
1 0.775678 0.798911 0.790763 0.798911 0.790763 0.803656 0.775678 0.803656
1 0.775493 0.769403 0.790741 0.769403 0.790741 0.773831 0.775493 0.773831
1 0.622777 0.569175 0.805661 0.569175 0.805661 0.604440 0.622777 0.604440
1 0.706565 0.396294 0.720723 0.396294 0.720723 0.416343 0.706565 0.416343
1 0.008827 0.367434 0.012314 0.367434 0.012314 0.376151 0.008827 0.376151
1 0.005382 0.391597 0.010565 0.391597 0.010565 0.420501 0.005382 0.420501
1 0.088804 0.438042 0.116213 0.438042 0.116213 0.444421 0.088804 0.444421
1 0.013954 0.391896 0.019136 0.391896 0.019136 0.420800 0.013954 0.420800
1 0.022326 0.391497 0.027508 0.391497 0.027508 0.420401 0.022326 0.420401
1 0.030897 0.391796 0.036080 0.391796 0.036080 0.420700 0.030897 0.420700
1 0.039369 0.391696 0.044552 0.391696 0.044552 0.420600 0.039369 0.420600
1 0.047940 0.391995 0.053123 0.391995 0.053123 0.420899 0.047940 0.420899
1 0.056313 0.391597 0.061495 0.391597 0.061495 0.420501 0.056313 0.420501
1 0.064884 0.391896 0.070864 0.391896 0.070864 0.420899 0.064884 0.420899
1 0.088705 0.447411 0.116114 0.447411 0.116114 0.453790 0.088705 0.453790
1 0.088705 0.455783 0.116612 0.455783 0.116612 0.462062 0.088705 0.462062
1 0.088406 0.464753 0.116512 0.464753 0.116512 0.471431 0.088406 0.471431
1 0.089103 0.472926 0.117110 0.472926 0.117110 0.479604 0.089103 0.479604
1 0.088605 0.481697 0.116811 0.481697 0.116811 0.487777 0.088605 0.487777
1 0.089004 0.490268 0.116911 0.490268 0.116911 0.496547 0.089004 0.496547
1 0.088804 0.498940 0.117609 0.498940 0.117609 0.505119 0.088804 0.505119
1 0.088306 0.524255 0.117509 0.524255 0.117509 0.530136 0.088306 0.530136
1 0.088007 0.533225 0.117210 0.533225 0.117210 0.539206 0.088007 0.539206
1 0.088705 0.541398 0.116712 0.541398 0.116712 0.548076 0.088705 0.548076
1 0.088206 0.550169 0.116413 0.550169 0.116413 0.556249 0.088206 0.556249
1 0.088505 0.558641 0.116413 0.558641 0.116413 0.564920 0.088505 0.564920
1 0.088406 0.567412 0.117210 0.567412 0.117210 0.573591 0.088406 0.573591
1 0.088306 0.515883 0.117210 0.515883 0.117210 0.521564 0.088306 0.521564
1 0.088406 0.506514 0.117409 0.506514 0.117409 0.513292 0.088406 0.513292
1 0.065079 0.591144 0.071434 0.591144 0.071434 0.619552 0.065079 0.619552
1 0.056027 0.591048 0.062383 0.591048 0.062383 0.619455 0.056027 0.619455
1 0.047553 0.590855 0.053908 0.590855 0.053908 0.619263 0.047553 0.619263
1 0.038501 0.590759 0.044857 0.590759 0.044857 0.619166 0.038501 0.619166
1 0.030412 0.591144 0.036768 0.591144 0.036768 0.619552 0.030412 0.619552
1 0.021360 0.591048 0.027716 0.591048 0.027716 0.619455 0.021360 0.619455
1 0.012886 0.590855 0.019242 0.590855 0.019242 0.619263 0.012886 0.619263
1 0.003835 0.590759 0.010190 0.590759 0.010190 0.619166 0.003835 0.619166
