0 0.658167 0.428731 0.825799 0.428731 0.825799 0.597855 0.658167 0.597855
0 0.422810 0.521277 0.523273 0.521277 0.523273 0.623071 0.422810 0.623071
0 0.244172 0.381893 0.344968 0.381893 0.344968 0.486348 0.244172 0.486348
0 0.421812 0.389211 0.522940 0.389211 0.522940 0.494997 0.421812 0.494997
0 0.243506 0.514624 0.344635 0.514624 0.344635 0.619079 0.243506 0.619079
1 0.523691 0.465089 0.588600 0.465089 0.588600 0.493761 0.523691 0.493761
1 0.523431 0.385252 0.589183 0.385252 0.589183 0.415974 0.523431 0.415974
1 0.179342 0.592395 0.242716 0.592395 0.242716 0.623363 0.179342 0.623363
0 0.293336 0.749453 0.345438 0.749453 0.345438 0.815818 0.293336 0.815818
0 0.166294 0.700571 0.185303 0.700571 0.185303 0.747378 0.166294 0.747378
1 0.181093 0.461491 0.243403 0.461491 0.243403 0.490487 0.181093 0.490487
0 0.432761 0.719472 0.484573 0.719472 0.484573 0.786711 0.432761 0.786711
1 0.181238 0.515775 0.242057 0.515775 0.242057 0.542979 0.181238 0.542979
1 0.524372 0.517036 0.588203 0.517036 0.588203 0.548098 0.524372 0.548098
0 0.866155 0.958624 0.880460 0.958624 0.880460 0.984398 0.866155 0.984398
1 0.181024 0.383092 0.242837 0.383092 0.242837 0.410331 0.181024 0.410331
1 0.524627 0.597195 0.586554 0.597195 0.586554 0.625373 0.524627 0.625373
0 0.915875 0.965116 0.930072 0.965116 0.930072 0.991042 0.915875 0.991042
0 0.775196 0.943135 0.800890 0.943135 0.800890 0.956442 0.775196 0.956442
1 0.391575 0.392927 0.421479 0.392927 0.421479 0.487346 0.391575 0.487346
0 0.867190 0.885069 0.881842 0.885069 0.881842 0.910569 0.867190 0.910569
0 0.152847 0.769229 0.187141 0.769229 0.187141 0.790599 0.152847 0.790599
0 0.856812 0.790937 0.883031 0.790937 0.883031 0.804966 0.856812 0.804966
0 0.516882 0.715397 0.553558 0.715397 0.553558 0.783800 0.516882 0.783800
0 0.931648 0.888839 0.946044 0.888839 0.946044 0.915128 0.931648 0.915128
0 0.734453 0.943090 0.748011 0.943090 0.748011 0.968784 0.734453 0.968784
0 0.760569 0.968762 0.774148 0.968762 0.774148 0.994576 0.760569 0.994576
0 0.840891 0.874914 0.853770 0.874914 0.853770 0.900753 0.840891 0.900753
0 0.881754 0.842268 0.895121 0.842268 0.895121 0.867783 0.881754 0.867783
0 0.798141 0.677370 0.824357 0.677370 0.824357 0.691525 0.798141 0.691525
0 0.784517 0.894080 0.797457 0.894080 0.797457 0.919740 0.784517 0.919740
0 0.839469 0.968761 0.852688 0.968761 0.852688 0.994508 0.839469 0.994508
0 0.953627 0.840846 0.967256 0.840846 0.967256 0.866420 0.953627 0.866420
1 0.344968 0.389544 0.376454 0.389544 0.376454 0.482892 0.344968 0.482892
0 0.816941 0.871981 0.829887 0.871981 0.829887 0.897350 0.816941 0.897350
0 0.817051 0.968295 0.830283 0.968295 0.830283 0.994528 0.817051 0.994528
1 0.437879 0.697154 0.479625 0.697154 0.479625 0.719181 0.437879 0.719181
1 0.345300 0.521610 0.376326 0.521610 0.376326 0.615617 0.345300 0.615617
0 0.953776 0.888358 0.967870 0.888358 0.967870 0.914217 0.953776 0.914217
0 0.815551 0.925407 0.828734 0.925407 0.828734 0.951062 0.815551 0.951062
1 0.298059 0.729047 0.340199 0.729047 0.340199 0.749162 0.298059 0.749162
0 0.909861 0.888680 0.922661 0.888680 0.922661 0.914176 0.909861 0.914176
1 0.520375 0.784091 0.549091 0.784091 0.549091 0.800769 0.520375 0.800769
0 0.899934 0.532582 0.907974 0.532582 0.907974 0.548209 0.899934 0.548209
0 0.789179 0.968307 0.803040 0.968307 0.803040 0.993975 0.789179 0.993975
1 0.523115 0.432372 0.538596 0.432372 0.538596 0.448076 0.523115 0.448076
0 0.823937 0.830812 0.836975 0.830812 0.836975 0.856301 0.823937 0.856301
1 0.391117 0.524617 0.422810 0.524617 0.422810 0.619079 0.391117 0.619079
1 0.297993 0.816109 0.341613 0.816109 0.341613 0.840166 0.297993 0.840166
0 0.955626 0.673080 0.965055 0.673080 0.965055 0.689715 0.955626 0.689715
1 0.150041 0.700880 0.166147 0.700880 0.166147 0.713083 0.150041 0.713083
0 0.139083 0.442572 0.154917 0.442572 0.154917 0.451323 0.139083 0.451323
1 0.520933 0.695099 0.549192 0.695099 0.549192 0.715106 0.520933 0.715106
0 0.947166 0.938776 0.963454 0.938776 0.963454 0.947291 0.947166 0.947291
1 0.229053 0.558517 0.243157 0.558517 0.243157 0.573766 0.229053 0.573766
0 0.139071 0.426830 0.155086 0.426830 0.155086 0.435910 0.139071 0.435910
1 0.435963 0.787002 0.480141 0.787002 0.480141 0.808209 0.435963 0.808209
1 0.185951 0.715788 0.201776 0.715788 0.201776 0.731046 0.185951 0.731046
1 0.229806 0.428539 0.243724 0.428539 0.243724 0.444416 0.229806 0.444416
1 0.187137 0.767808 0.196998 0.767808 0.196998 0.793521 0.187137 0.793521
0 0.800959 0.643019 0.816303 0.643019 0.816303 0.650766 0.800959 0.650766
0 0.564849 0.446079 0.581066 0.446079 0.581066 0.455210 0.564849 0.455210
1 0.523605 0.563857 0.539515 0.563857 0.539515 0.579204 0.523605 0.579204
0 0.945864 0.960038 0.954458 0.960038 0.954458 0.976159 0.945864 0.976159
1 0.826118 0.514333 0.855948 0.514333 0.855948 0.520572 0.826118 0.520572
1 0.148773 0.733022 0.165096 0.733022 0.165096 0.745821 0.148773 0.745821
0 0.985529 0.700444 0.993804 0.700444 0.993804 0.716434 0.985529 0.716434
1 0.826162 0.523024 0.855971 0.523024 0.855971 0.529024 0.826162 0.529024
1 0.826010 0.471874 0.855550 0.471874 0.855550 0.477916 0.826010 0.477916
0 0.530609 0.653042 0.546715 0.653042 0.546715 0.662239 0.530609 0.662239
0 0.963580 0.959522 0.971016 0.959522 0.971016 0.975458 0.963580 0.975458
1 0.825917 0.463253 0.854890 0.463253 0.854890 0.469309 0.825917 0.469309
1 0.626794 0.565961 0.656722 0.565961 0.656722 0.572011 0.626794 0.572011
0 0.984908 0.744691 0.992975 0.744691 0.992975 0.760091 0.984908 0.760091
1 0.826007 0.505924 0.855827 0.505924 0.855827 0.511983 0.826007 0.511983
1 0.626863 0.557333 0.656690 0.557333 0.656690 0.563478 0.626863 0.563478
1 0.825861 0.454707 0.854832 0.454707 0.854832 0.460703 0.825861 0.460703
0 0.983814 0.949723 0.991725 0.949723 0.991725 0.965591 0.983814 0.965591
1 0.826257 0.565903 0.854898 0.565903 0.854898 0.571753 0.826257 0.571753
1 0.826021 0.480299 0.855806 0.480299 0.855806 0.486324 0.826021 0.486324
1 0.627972 0.506016 0.656684 0.506016 0.656684 0.512191 0.627972 0.512191
0 0.730291 0.375400 0.746190 0.375400 0.746190 0.383036 0.730291 0.383036
1 0.627777 0.463345 0.656578 0.463345 0.656578 0.469467 0.627777 0.469467
1 0.627937 0.514586 0.656691 0.514586 0.656691 0.520731 0.627937 0.520731
1 0.626926 0.548856 0.656681 0.548856 0.656681 0.554851 0.626926 0.554851
1 0.826157 0.557203 0.855010 0.557203 0.855010 0.563259 0.826157 0.563259
0 0.153230 0.409447 0.169262 0.409447 0.169262 0.418321 0.153230 0.418321
1 0.826028 0.497436 0.855863 0.497436 0.855863 0.503454 0.826028 0.503454
1 0.802844 0.597882 0.809811 0.597882 0.809811 0.627560 0.802844 0.627560
1 0.144253 0.768353 0.152887 0.768353 0.152887 0.792367 0.144253 0.792367
1 0.627150 0.471827 0.656590 0.471827 0.656590 0.478070 0.627150 0.478070
1 0.826420 0.574428 0.854900 0.574428 0.854900 0.581109 0.826420 0.581109
1 0.627718 0.523097 0.656717 0.523097 0.656717 0.529280 0.627718 0.529280
1 0.628236 0.497530 0.656676 0.497530 0.656676 0.503643 0.628236 0.503643
1 0.826231 0.540199 0.856120 0.540199 0.856120 0.546146 0.826231 0.546146
1 0.826198 0.548746 0.855665 0.548746 0.855665 0.554652 0.826198 0.554652
1 0.826205 0.531557 0.856016 0.531557 0.856016 0.537559 0.826205 0.537559
1 0.802533 0.398701 0.809527 0.398701 0.809527 0.428332 0.802533 0.428332
1 0.826039 0.488940 0.855871 0.488940 0.855871 0.494848 0.826039 0.494848
0 0.597831 0.427221 0.606756 0.427221 0.606756 0.442987 0.597831 0.442987
1 0.626979 0.540231 0.656729 0.540231 0.656729 0.546420 0.626979 0.546420
1 0.825913 0.445138 0.854811 0.445138 0.854811 0.452289 0.825913 0.452289
1 0.627072 0.574588 0.656748 0.574588 0.656748 0.581636 0.627072 0.581636
1 0.627056 0.480302 0.656647 0.480302 0.656647 0.486623 0.627056 0.486623
1 0.700444 0.597846 0.705948 0.597846 0.705948 0.627138 0.700444 0.627138
1 0.734387 0.597865 0.740021 0.597865 0.740021 0.627555 0.734387 0.627555
1 0.691811 0.597985 0.697252 0.597985 0.697252 0.626309 0.691811 0.626309
1 0.759703 0.399122 0.765594 0.399122 0.765594 0.428564 0.759703 0.428564
1 0.743015 0.597725 0.748514 0.597725 0.748514 0.627601 0.743015 0.627601
1 0.673225 0.399123 0.680173 0.399123 0.680173 0.428632 0.673225 0.428632
1 0.777136 0.597779 0.782658 0.597779 0.782658 0.627499 0.777136 0.627499
1 0.742712 0.399317 0.748476 0.399317 0.748476 0.428493 0.742712 0.428493
1 0.708629 0.399205 0.714436 0.399205 0.714436 0.428607 0.708629 0.428607
1 0.768717 0.597763 0.774225 0.597763 0.774225 0.627716 0.768717 0.627716
1 0.760018 0.597806 0.765635 0.597806 0.765635 0.627805 0.760018 0.627805
1 0.717109 0.399121 0.722832 0.399121 0.722832 0.428558 0.717109 0.428558
1 0.751593 0.597652 0.757156 0.597652 0.757156 0.627824 0.751593 0.627824
1 0.627396 0.488949 0.656665 0.488949 0.656665 0.495110 0.627396 0.495110
1 0.785377 0.399079 0.791198 0.399079 0.791198 0.428454 0.785377 0.428454
1 0.627909 0.454892 0.656632 0.454892 0.656632 0.460767 0.627909 0.460767
1 0.627040 0.531516 0.656738 0.531516 0.656738 0.537787 0.627040 0.537787
1 0.793974 0.398834 0.799757 0.398834 0.799757 0.428299 0.793974 0.428299
1 0.794266 0.597842 0.799685 0.597842 0.799685 0.627789 0.794266 0.627789
1 0.725662 0.399188 0.731398 0.399188 0.731398 0.428546 0.725662 0.428546
1 0.734184 0.399122 0.740011 0.399122 0.740011 0.428497 0.734184 0.428497
1 0.785675 0.597770 0.791178 0.597770 0.791178 0.627627 0.785675 0.627627
1 0.691488 0.398993 0.697216 0.398993 0.697216 0.428597 0.691488 0.428597
1 0.865346 0.954717 0.881232 0.954717 0.881232 0.958506 0.865346 0.958506
1 0.768487 0.399054 0.774049 0.399054 0.774049 0.428552 0.768487 0.428552
1 0.776984 0.398932 0.782601 0.398932 0.782601 0.428455 0.776984 0.428455
1 0.699981 0.399083 0.705868 0.399083 0.705868 0.428553 0.699981 0.428553
1 0.717383 0.597887 0.722886 0.597887 0.722886 0.627592 0.717383 0.627592
1 0.899729 0.548231 0.908440 0.548231 0.908440 0.552020 0.899729 0.552020
1 0.627667 0.445466 0.656635 0.445466 0.656635 0.452172 0.627667 0.452172
1 0.908988 0.884346 0.924298 0.884346 0.924298 0.888474 0.908988 0.888474
1 0.725931 0.597880 0.731440 0.597880 0.731440 0.627686 0.725931 0.627686
1 0.880242 0.867914 0.896359 0.867914 0.896359 0.872294 0.880242 0.872294
1 0.751219 0.399605 0.757077 0.399605 0.757077 0.428525 0.751219 0.428525
1 0.674966 0.598002 0.680307 0.598002 0.680307 0.627042 0.674966 0.627042
1 0.683012 0.398946 0.688659 0.398946 0.688659 0.428634 0.683012 0.428634
1 0.952929 0.884170 0.968854 0.884170 0.968854 0.888388 0.952929 0.888388
1 0.683312 0.597904 0.688800 0.597904 0.688800 0.627330 0.683312 0.627330
1 0.708864 0.597878 0.714449 0.597878 0.714449 0.627589 0.708864 0.627589
1 0.822696 0.856155 0.838100 0.856155 0.838100 0.860270 0.822696 0.860270
1 0.930978 0.915140 0.947060 0.915140 0.947060 0.918956 0.930978 0.918956
1 0.955461 0.669428 0.965208 0.669428 0.965208 0.673091 0.955461 0.673091
1 0.952572 0.836406 0.968098 0.836406 0.968098 0.840685 0.952572 0.840685
1 0.793900 0.676044 0.798171 0.676044 0.798171 0.692293 0.793900 0.692293
1 0.839118 0.900700 0.855926 0.900700 0.855926 0.904922 0.839118 0.904922
1 0.930995 0.884568 0.947080 0.884568 0.947080 0.888883 0.930995 0.888883
1 0.746275 0.375339 0.750261 0.375339 0.750261 0.383241 0.746275 0.383241
0 0.530921 0.636565 0.547353 0.636565 0.547353 0.645694 0.530921 0.645694
1 0.814267 0.951005 0.829747 0.951005 0.829747 0.955520 0.814267 0.955520
1 0.837622 0.964962 0.853878 0.964962 0.853878 0.968674 0.837622 0.968674
1 0.771048 0.941813 0.775170 0.941813 0.775170 0.957802 0.771048 0.957802
1 0.822239 0.826790 0.838197 0.826790 0.838197 0.830742 0.822239 0.830742
1 0.914665 0.960957 0.931026 0.960957 0.931026 0.964994 0.914665 0.964994
1 0.813901 0.921506 0.829774 0.921506 0.829774 0.925310 0.813901 0.925310
1 0.169290 0.409304 0.172882 0.409304 0.172882 0.418527 0.169290 0.418527
1 0.839523 0.870623 0.855302 0.870623 0.855302 0.874816 0.839523 0.874816
1 0.983528 0.965674 0.992211 0.965674 0.992211 0.969269 0.983528 0.969269
1 0.801122 0.941933 0.804760 0.941933 0.804760 0.957601 0.801122 0.957601
1 0.824594 0.676165 0.828073 0.676165 0.828073 0.692044 0.824594 0.692044
1 0.759437 0.965101 0.775299 0.965101 0.775299 0.968624 0.759437 0.968624
1 0.963104 0.975534 0.971395 0.975534 0.971395 0.979480 0.963104 0.979480
1 0.952780 0.914351 0.969061 0.914351 0.969061 0.918313 0.952780 0.918313
1 0.952164 0.866485 0.968339 0.866485 0.968339 0.870654 0.952164 0.870654
1 0.865663 0.984476 0.881088 0.984476 0.881088 0.988195 0.865663 0.988195
1 0.547463 0.636672 0.551293 0.636672 0.551293 0.645722 0.547463 0.645722
1 0.867218 0.881201 0.882263 0.881201 0.882263 0.885035 0.867218 0.885035
1 0.782957 0.890139 0.799225 0.890139 0.799225 0.894187 0.782957 0.894187
1 0.946278 0.956281 0.954298 0.956281 0.954298 0.960128 0.946278 0.960128
1 0.155330 0.426480 0.159314 0.426480 0.159314 0.435905 0.155330 0.435905
1 0.727168 0.375545 0.730417 0.375545 0.730417 0.382886 0.727168 0.382886
1 0.135398 0.427079 0.139067 0.427079 0.139067 0.435922 0.135398 0.435922
1 0.733641 0.939233 0.749531 0.939233 0.749531 0.942848 0.733641 0.942848
1 0.815554 0.868023 0.831472 0.868023 0.831472 0.871828 0.815554 0.871828
1 0.546782 0.652819 0.550578 0.652819 0.550578 0.662251 0.546782 0.662251
1 0.883190 0.790196 0.887957 0.790196 0.887957 0.805277 0.883190 0.805277
1 0.733673 0.968847 0.749312 0.968847 0.749312 0.972745 0.733673 0.972745
1 0.788167 0.964703 0.804592 0.964703 0.804592 0.968235 0.788167 0.968235
1 0.815893 0.897427 0.831761 0.897427 0.831761 0.901275 0.815893 0.901275
1 0.852488 0.789893 0.856590 0.789893 0.856590 0.805859 0.852488 0.805859
1 0.985162 0.741524 0.992979 0.741524 0.992979 0.744745 0.985162 0.744745
1 0.963729 0.956158 0.971226 0.956158 0.971226 0.959563 0.963729 0.959563
1 0.866714 0.910634 0.882610 0.910634 0.882610 0.914499 0.866714 0.914499
1 0.985306 0.716421 0.994319 0.716421 0.994319 0.719946 0.985306 0.719946
1 0.945594 0.976217 0.954743 0.976217 0.954743 0.979857 0.945594 0.979857
1 0.561785 0.446214 0.564976 0.446214 0.564976 0.454416 0.561785 0.454416
1 0.983802 0.946207 0.991840 0.946207 0.991840 0.949658 0.983802 0.949658
1 0.581251 0.446380 0.584526 0.446380 0.584526 0.454698 0.581251 0.454698
1 0.597480 0.442853 0.607534 0.442853 0.607534 0.446422 0.597480 0.446422
1 0.815483 0.965098 0.831671 0.965098 0.831671 0.968350 0.815483 0.968350
1 0.955409 0.689759 0.965201 0.689759 0.965201 0.693007 0.955409 0.693007
1 0.914717 0.991160 0.930890 0.991160 0.930890 0.995515 0.914717 0.995515
1 0.155139 0.442822 0.159083 0.442822 0.159083 0.451375 0.155139 0.451375
1 0.909116 0.914229 0.924751 0.914229 0.924751 0.917931 0.909116 0.917931
1 0.816454 0.642972 0.820048 0.642972 0.820048 0.650955 0.816454 0.650955
1 0.782915 0.919767 0.798582 0.919767 0.798582 0.923278 0.782915 0.923278
1 0.527515 0.653090 0.530591 0.653090 0.530591 0.662106 0.527515 0.662106
1 0.879768 0.838777 0.896400 0.838777 0.896400 0.842288 0.879768 0.842288
1 0.815480 0.994621 0.831783 0.994621 0.831783 0.998345 0.815480 0.998345
1 0.759558 0.994671 0.775369 0.994671 0.775369 0.997953 0.759558 0.997953
1 0.798029 0.643215 0.800872 0.643215 0.800872 0.650933 0.798029 0.650933
1 0.984834 0.760154 0.993486 0.760154 0.993486 0.763791 0.984834 0.763791
1 0.837506 0.994644 0.854226 0.994644 0.854226 0.998663 0.837506 0.998663
1 0.150044 0.409453 0.153227 0.409453 0.153227 0.418315 0.150044 0.418315
1 0.963600 0.938279 0.967096 0.938279 0.967096 0.947024 0.963600 0.947024
1 0.985837 0.697040 0.993857 0.697040 0.993857 0.700452 0.985837 0.700452
1 0.943927 0.939148 0.947149 0.939148 0.947149 0.947486 0.943927 0.947486
1 0.136502 0.442856 0.139104 0.442856 0.139104 0.451496 0.136502 0.451496
1 0.788309 0.994067 0.804025 0.994067 0.804025 0.998418 0.788309 0.998418
1 0.527544 0.636880 0.530837 0.636880 0.530837 0.645330 0.527544 0.645330
1 0.597339 0.423589 0.606823 0.423589 0.606823 0.427260 0.597339 0.427260
1 0.899938 0.528366 0.908650 0.528366 0.908650 0.532155 0.899938 0.532155
1 0.698785 0.957819 0.723137 0.957819 0.723137 0.967559 0.698785 0.967559
1 0.988095 0.644902 0.994648 0.644902 0.994648 0.683101 0.988095 0.683101
1 0.976479 0.644455 0.983925 0.644455 0.983925 0.683250 0.976479 0.683250
1 0.929568 0.628074 0.968512 0.628074 0.968512 0.636413 0.929568 0.636413
1 0.929494 0.617202 0.968437 0.617202 0.968437 0.625542 0.929494 0.625542
1 0.929494 0.595162 0.968437 0.595162 0.968437 0.603501 0.929494 0.603501
1 0.929568 0.606033 0.968512 0.606033 0.968512 0.614373 0.929568 0.614373
1 0.929196 0.550559 0.968139 0.550559 0.968139 0.558899 0.929196 0.558899
1 0.929271 0.561431 0.968214 0.561431 0.968214 0.569770 0.929271 0.569770
1 0.929196 0.572600 0.968139 0.572600 0.968139 0.580940 0.929196 0.580940
1 0.929271 0.583471 0.968214 0.583471 0.968214 0.591811 0.929271 0.591811
1 0.928973 0.494713 0.967916 0.494713 0.967916 0.503053 0.928973 0.503053
1 0.929047 0.505585 0.967990 0.505585 0.967990 0.513924 0.929047 0.513924
1 0.928973 0.516754 0.967916 0.516754 0.967916 0.525094 0.928973 0.525094
1 0.929047 0.527625 0.967990 0.527625 0.967990 0.535965 0.929047 0.535965
1 0.929271 0.539316 0.968214 0.539316 0.968214 0.547655 0.929271 0.547655
1 0.929122 0.428070 0.968065 0.428070 0.968065 0.436410 0.929122 0.436410
1 0.929196 0.438942 0.968139 0.438942 0.968139 0.447281 0.929196 0.447281
1 0.929419 0.450632 0.968363 0.450632 0.968363 0.458972 0.929419 0.458972
1 0.929196 0.416901 0.968139 0.416901 0.968139 0.425241 0.929196 0.425241
1 0.929345 0.483916 0.968288 0.483916 0.968288 0.492256 0.929345 0.492256
1 0.929419 0.472747 0.968363 0.472747 0.968363 0.481087 0.929419 0.481087
1 0.929345 0.461876 0.968288 0.461876 0.968288 0.470215 0.929345 0.470215
1 0.975883 0.369916 0.983702 0.369916 0.983702 0.408338 0.975883 0.408338
1 0.986978 0.368724 0.994648 0.368724 0.994648 0.408487 0.986978 0.408487
