0 0.506737 0.746453 0.675891 0.746453 0.675891 0.863411 0.506737 0.863411
0 0.571483 0.459076 0.683143 0.459076 0.683143 0.570737 0.571483 0.570737
0 0.319010 0.325125 0.333082 0.325125 0.333082 0.350714 0.319010 0.350714
0 0.466311 0.297581 0.487105 0.297581 0.487105 0.331150 0.466311 0.331150
0 0.436178 0.416607 0.462249 0.416607 0.462249 0.430724 0.436178 0.430724
0 0.368391 0.342850 0.390015 0.342850 0.390015 0.376405 0.368391 0.376405
0 0.299051 0.177274 0.313585 0.177274 0.313585 0.202829 0.299051 0.202829
0 0.435273 0.391860 0.463231 0.391860 0.463231 0.406368 0.435273 0.406368
0 0.436140 0.366592 0.462241 0.366592 0.462241 0.380914 0.436140 0.380914
0 0.299997 0.246617 0.321204 0.246617 0.321204 0.279823 0.299997 0.279823
0 0.346388 0.069114 0.374068 0.069114 0.374068 0.083626 0.346388 0.083626
0 0.362685 0.188519 0.377123 0.188519 0.377123 0.214224 0.362685 0.214224
0 0.340334 0.255720 0.373955 0.255720 0.373955 0.276214 0.340334 0.276214
0 0.346151 0.047225 0.373986 0.047225 0.373986 0.061925 0.346151 0.061925
0 0.446296 0.208999 0.459507 0.208999 0.459507 0.233887 0.446296 0.233887
0 0.288454 0.379042 0.301495 0.379042 0.301495 0.404298 0.288454 0.404298
0 0.036897 0.454953 0.056266 0.454953 0.056266 0.501156 0.036897 0.501156
0 0.301465 0.037861 0.313623 0.037861 0.313623 0.061990 0.301465 0.061990
0 0.322835 0.042501 0.331887 0.042501 0.331887 0.059273 0.322835 0.059273
0 0.080159 0.692502 0.181714 0.692502 0.181714 0.796167 0.080159 0.796167
0 0.367397 0.595268 0.388305 0.595268 0.388305 0.628662 0.367397 0.628662
0 0.399815 0.595534 0.420865 0.595534 0.420865 0.629082 0.399815 0.629082
0 0.305729 0.586946 0.355532 0.586946 0.355532 0.612621 0.305729 0.612621
0 0.401409 0.536301 0.422655 0.536301 0.422655 0.569911 0.401409 0.569911
0 0.279201 0.772657 0.292587 0.772657 0.292587 0.798128 0.279201 0.798128
0 0.262741 0.702964 0.277147 0.702964 0.277147 0.728700 0.262741 0.728700
0 0.435406 0.536261 0.456561 0.536261 0.456561 0.569630 0.435406 0.569630
0 0.515180 0.514143 0.523365 0.514143 0.523365 0.529937 0.515180 0.529937
0 0.431521 0.594579 0.453042 0.594579 0.453042 0.627857 0.431521 0.627857
0 0.369084 0.536977 0.390661 0.536977 0.390661 0.570257 0.369084 0.570257
0 0.226045 0.750497 0.243133 0.750497 0.243133 0.760001 0.226045 0.760001
0 0.087203 0.893503 0.124872 0.893503 0.124872 0.961307 0.087203 0.961307
0 0.038563 0.602830 0.105941 0.602830 0.105941 0.654245 0.038563 0.654245
0 0.042098 0.534273 0.061417 0.534273 0.061417 0.580730 0.042098 0.580730
0 0.025803 0.893880 0.064225 0.893880 0.064225 0.961683 0.025803 0.961683
0 0.563298 0.032697 0.588727 0.032697 0.588727 0.045717 0.563298 0.045717
0 0.500441 0.297753 0.521016 0.297753 0.521016 0.330861 0.500441 0.330861
0 0.742947 0.011784 0.776046 0.011784 0.776046 0.032180 0.742947 0.032180
0 0.719671 0.292660 0.735287 0.292660 0.735287 0.300774 0.719671 0.300774
0 0.703176 0.428672 0.711379 0.428672 0.711379 0.444448 0.703176 0.444448
0 0.686348 0.408037 0.694496 0.408037 0.694496 0.423884 0.686348 0.423884
0 0.521971 0.030252 0.548133 0.030252 0.548133 0.044476 0.521971 0.044476
0 0.518488 0.157748 0.544852 0.157748 0.544852 0.172610 0.518488 0.172610
0 0.620811 0.206919 0.636258 0.206919 0.636258 0.215033 0.620811 0.215033
0 0.620687 0.223798 0.636384 0.223798 0.636384 0.231914 0.620687 0.231914
0 0.519587 0.189093 0.553575 0.189093 0.553575 0.210197 0.519587 0.210197
0 0.766904 0.395425 0.776155 0.395425 0.776155 0.412798 0.766904 0.412798
0 0.572254 0.224502 0.599095 0.224502 0.599095 0.239358 0.572254 0.239358
0 0.519686 0.223569 0.553269 0.223569 0.553269 0.243969 0.519686 0.243969
0 0.730704 0.313967 0.746382 0.313967 0.746382 0.322271 0.730704 0.322271
0 0.803007 0.003138 0.836431 0.003138 0.836431 0.023499 0.803007 0.023499
0 0.587413 0.059830 0.604132 0.059830 0.604132 0.069503 0.587413 0.069503
0 0.767105 0.355528 0.776359 0.355528 0.776359 0.372969 0.767105 0.372969
0 0.607658 0.294364 0.622158 0.294364 0.622158 0.320010 0.607658 0.320010
0 0.730053 0.275322 0.745741 0.275322 0.745741 0.283577 0.730053 0.283577
0 0.619197 0.403487 0.635217 0.403487 0.635217 0.411659 0.619197 0.411659
0 0.772337 0.125182 0.781763 0.125182 0.781763 0.141372 0.772337 0.141372
0 0.707145 0.747424 0.813688 0.747424 0.813688 0.848398 0.707145 0.848398
0 0.956511 0.912513 0.981545 0.912513 0.981545 0.925187 0.956511 0.925187
0 0.669053 0.671992 0.695299 0.671992 0.695299 0.686717 0.669053 0.686717
0 0.878349 0.889922 0.903852 0.889922 0.903852 0.903318 0.878349 0.903318
0 0.825654 0.960118 0.850273 0.960118 0.850273 0.972607 0.825654 0.972607
0 0.520958 0.629653 0.542412 0.629653 0.542412 0.662880 0.520958 0.662880
0 0.805074 0.590559 0.831623 0.590559 0.831623 0.604732 0.805074 0.604732
0 0.954410 0.943202 0.967634 0.943202 0.967634 0.968679 0.954410 0.968679
0 0.554994 0.628879 0.576133 0.628879 0.576133 0.662704 0.554994 0.662704
0 0.865522 0.956037 0.891740 0.956037 0.891740 0.970489 0.865522 0.970489
0 0.527686 0.588462 0.543154 0.588462 0.543154 0.596442 0.527686 0.596442
0 0.771932 0.641097 0.787543 0.641097 0.787543 0.649171 0.771932 0.649171
0 0.834116 0.817238 0.847130 0.817238 0.847130 0.842580 0.834116 0.842580
0 0.835127 0.764960 0.842958 0.764960 0.842958 0.780842 0.835127 0.780842
0 0.907570 0.936218 0.920653 0.936218 0.920653 0.961701 0.907570 0.961701
0 0.584583 0.681161 0.601866 0.681161 0.601866 0.690680 0.584583 0.690680
0 0.760836 0.591246 0.787233 0.591246 0.787233 0.605348 0.760836 0.605348
0 0.931012 0.929136 0.944238 0.929136 0.944238 0.954522 0.931012 0.954522
0 0.709961 0.584385 0.725835 0.584385 0.725835 0.592639 0.709961 0.592639
0 0.726819 0.924023 0.797259 0.924023 0.797259 0.978309 0.726819 0.978309
0 0.812694 0.642509 0.828269 0.642509 0.828269 0.650687 0.812694 0.650687
0 0.829110 0.679506 0.846200 0.679506 0.846200 0.688673 0.829110 0.688673
0 0.629686 0.654237 0.638809 0.654237 0.638809 0.671112 0.629686 0.671112
0 0.881378 0.861042 0.897372 0.861042 0.897372 0.869412 0.881378 0.869412
0 0.884232 0.918374 0.893821 0.918374 0.893821 0.935352 0.884232 0.935352
0 0.918452 0.909091 0.934571 0.909091 0.934571 0.917544 0.918452 0.917544
0 0.646992 0.654697 0.655770 0.654697 0.655770 0.670593 0.646992 0.670593
1 0.056269 0.455950 0.071697 0.455950 0.071697 0.468742 0.056269 0.468742
1 0.056486 0.488116 0.071779 0.488116 0.071779 0.501001 0.056486 0.501001
1 0.021404 0.470864 0.036157 0.470864 0.036157 0.484937 0.021404 0.484937
1 0.106498 0.607471 0.126014 0.607471 0.126014 0.648462 0.106498 0.648462
1 0.016986 0.607689 0.038192 0.607689 0.038192 0.649976 0.016986 0.649976
1 0.024892 0.549117 0.041735 0.549117 0.041735 0.565133 0.024892 0.565133
1 0.061601 0.534388 0.076907 0.534388 0.076907 0.547490 0.061601 0.547490
1 0.061527 0.566844 0.076998 0.566844 0.076998 0.579768 0.061527 0.579768
1 0.181392 0.692478 0.247809 0.692478 0.247809 0.720922 0.181392 0.720922
1 0.051565 0.697560 0.079864 0.697560 0.079864 0.790987 0.051565 0.790987
1 0.031453 0.962060 0.059387 0.962060 0.059387 0.979283 0.031453 0.979283
1 0.030715 0.875251 0.059328 0.875251 0.059328 0.893315 0.030715 0.893315
1 0.182829 0.770027 0.247336 0.770027 0.247336 0.798070 0.182829 0.798070
1 0.091866 0.874459 0.120917 0.874459 0.120917 0.893315 0.091866 0.893315
1 0.091912 0.961495 0.120757 0.961495 0.120757 0.978876 0.091912 0.978876
1 0.243153 0.750748 0.246080 0.750748 0.246080 0.760009 0.243153 0.760009
1 0.222600 0.750391 0.226113 0.750391 0.226113 0.760097 0.222600 0.760097
1 0.298881 0.237169 0.322780 0.237169 0.322780 0.246251 0.298881 0.246251
1 0.361960 0.214657 0.378638 0.214657 0.378638 0.218529 0.361960 0.218529
1 0.444781 0.204542 0.460452 0.204542 0.460452 0.208721 0.444781 0.208721
1 0.299052 0.032976 0.314979 0.032976 0.314979 0.037515 0.299052 0.037515
1 0.298718 0.172832 0.314569 0.172832 0.314569 0.176916 0.298718 0.176916
1 0.362230 0.184622 0.377879 0.184622 0.377879 0.188291 0.362230 0.188291
1 0.298192 0.062062 0.315204 0.062062 0.315204 0.066368 0.298192 0.066368
1 0.444466 0.234327 0.460071 0.234327 0.460071 0.238211 0.444466 0.238211
1 0.373949 0.046554 0.377675 0.046554 0.377675 0.062722 0.373949 0.062722
1 0.374017 0.068874 0.377253 0.068874 0.377253 0.084710 0.374017 0.084710
1 0.343017 0.068127 0.346699 0.068127 0.346699 0.084383 0.343017 0.084383
1 0.298862 0.203188 0.315029 0.203188 0.315029 0.206880 0.298862 0.206880
1 0.323216 0.059347 0.331844 0.059347 0.331844 0.062108 0.323216 0.062108
1 0.322919 0.039537 0.331767 0.039537 0.331767 0.042261 0.322919 0.042261
1 0.342779 0.046679 0.345863 0.046679 0.345863 0.063131 0.342779 0.063131
1 0.365876 0.333437 0.391873 0.333437 0.391873 0.342266 0.365876 0.342266
1 0.367169 0.376852 0.391177 0.376852 0.391177 0.385982 0.367169 0.385982
1 0.298444 0.280134 0.322881 0.280134 0.322881 0.288682 0.298444 0.288682
1 0.374439 0.254454 0.382604 0.254454 0.382604 0.278140 0.374439 0.278140
1 0.331005 0.254340 0.340046 0.254340 0.340046 0.278330 0.331005 0.278330
1 0.464915 0.288437 0.488279 0.288437 0.488279 0.297324 0.464915 0.297324
1 0.464779 0.331431 0.488515 0.331431 0.488515 0.339565 0.464779 0.339565
1 0.318168 0.320523 0.333788 0.320523 0.333788 0.324666 0.318168 0.324666
1 0.286575 0.404622 0.303222 0.404622 0.303222 0.408526 0.286575 0.408526
1 0.286869 0.373995 0.303187 0.373995 0.303187 0.378640 0.286869 0.378640
1 0.463222 0.391327 0.467341 0.391327 0.467341 0.406979 0.463222 0.406979
1 0.462540 0.365575 0.466042 0.365575 0.466042 0.381800 0.462540 0.381800
1 0.317615 0.351066 0.334367 0.351066 0.334367 0.355277 0.317615 0.355277
1 0.462613 0.415126 0.466054 0.415126 0.466054 0.431072 0.462613 0.431072
1 0.431868 0.391049 0.435057 0.391049 0.435057 0.407413 0.431868 0.407413
1 0.432511 0.415439 0.435916 0.415439 0.435916 0.431154 0.432511 0.431154
1 0.432446 0.365493 0.435553 0.365493 0.435553 0.381925 0.432446 0.381925
1 0.365945 0.628828 0.389858 0.628828 0.389858 0.637192 0.365945 0.637192
1 0.340742 0.567269 0.351177 0.567269 0.351177 0.586848 0.340742 0.586848
1 0.430724 0.627986 0.454819 0.627986 0.454819 0.637160 0.430724 0.637160
1 0.324583 0.612723 0.335403 0.612723 0.335403 0.632067 0.324583 0.632067
1 0.399854 0.570038 0.423754 0.570038 0.423754 0.579136 0.399854 0.579136
1 0.367457 0.570469 0.391306 0.570469 0.391306 0.579169 0.367457 0.579169
1 0.398404 0.629112 0.422301 0.629112 0.422301 0.637258 0.398404 0.637258
1 0.308150 0.612686 0.319109 0.612686 0.319109 0.632076 0.308150 0.632076
1 0.340871 0.612840 0.351674 0.612840 0.351674 0.632183 0.340871 0.632183
1 0.324461 0.567279 0.335192 0.567279 0.335192 0.586891 0.324461 0.586891
1 0.308198 0.567161 0.319065 0.567161 0.319065 0.586857 0.308198 0.586857
1 0.434014 0.569878 0.458008 0.569878 0.458008 0.579101 0.434014 0.579101
1 0.434309 0.527642 0.457927 0.527642 0.457927 0.536014 0.434309 0.536014
1 0.398365 0.586008 0.421980 0.586008 0.421980 0.595038 0.398365 0.595038
1 0.366200 0.585955 0.389534 0.585955 0.389534 0.594799 0.366200 0.594799
1 0.367465 0.527918 0.391178 0.527918 0.391178 0.536475 0.367465 0.536475
1 0.400242 0.527855 0.423584 0.527855 0.423584 0.536244 0.400242 0.536244
1 0.431039 0.585859 0.454627 0.585859 0.454627 0.594100 0.431039 0.594100
1 0.261783 0.728959 0.278222 0.728959 0.278222 0.732752 0.261783 0.732752
1 0.261967 0.698363 0.277986 0.698363 0.277986 0.702748 0.261967 0.702748
1 0.277685 0.798337 0.294230 0.798337 0.294230 0.802701 0.277685 0.802701
1 0.277526 0.768305 0.293377 0.768305 0.293377 0.772504 0.277526 0.772504
1 0.246113 0.771704 0.247701 0.771704 0.247701 0.797291 0.246113 0.797291
1 0.509145 0.186184 0.519464 0.186184 0.519464 0.212983 0.509145 0.212983
1 0.509148 0.220410 0.519450 0.220410 0.519450 0.247136 0.509148 0.247136
1 0.734061 0.009706 0.742674 0.009706 0.742674 0.034550 0.734061 0.034550
1 0.553827 0.187704 0.561891 0.187704 0.561891 0.211307 0.553827 0.211307
1 0.516955 0.028651 0.521679 0.028651 0.521679 0.045460 0.516955 0.045460
1 0.553533 0.221606 0.562055 0.221606 0.562055 0.245883 0.553533 0.245883
1 0.568864 0.222972 0.572019 0.222972 0.572019 0.240476 0.568864 0.240476
1 0.558811 0.030869 0.563169 0.030869 0.563169 0.046843 0.558811 0.046843
1 0.636530 0.206904 0.639633 0.206904 0.639633 0.215269 0.636530 0.215269
1 0.599341 0.223380 0.602622 0.223380 0.602622 0.239966 0.599341 0.239966
1 0.617130 0.206888 0.620564 0.206888 0.620564 0.215011 0.617130 0.215011
1 0.636379 0.223750 0.639445 0.223750 0.639445 0.231873 0.636379 0.231873
1 0.617110 0.223827 0.620479 0.223827 0.620479 0.232082 0.617110 0.232082
1 0.545297 0.157006 0.548416 0.157006 0.548416 0.172727 0.545297 0.172727
1 0.584641 0.060305 0.587513 0.060305 0.587513 0.068971 0.584641 0.068971
1 0.548227 0.029279 0.551738 0.029279 0.551738 0.045018 0.548227 0.045018
1 0.513902 0.157109 0.518084 0.157109 0.518084 0.173299 0.513902 0.173299
1 0.604464 0.060368 0.607039 0.060368 0.607039 0.068620 0.604464 0.068620
1 0.589009 0.031036 0.592305 0.031036 0.592305 0.046636 0.589009 0.046636
1 0.616550 0.429577 0.624566 0.429577 0.624566 0.457964 0.616550 0.457964
1 0.684677 0.462973 0.713615 0.462973 0.713615 0.472587 0.684677 0.472587
1 0.657526 0.428859 0.665529 0.428859 0.665529 0.458063 0.657526 0.458063
1 0.574914 0.428748 0.583537 0.428748 0.583537 0.457895 0.574914 0.457895
1 0.499098 0.288196 0.522745 0.288196 0.522745 0.297003 0.499098 0.297003
1 0.541937 0.476745 0.570180 0.476745 0.570180 0.485864 0.541937 0.485864
1 0.671192 0.429772 0.679278 0.429772 0.679278 0.458173 0.671192 0.458173
1 0.684887 0.476465 0.713147 0.476465 0.713147 0.485691 0.684887 0.485691
1 0.541911 0.463363 0.570137 0.463363 0.570137 0.472326 0.541911 0.472326
1 0.630217 0.429338 0.638244 0.429338 0.638244 0.457924 0.630217 0.457924
1 0.589001 0.428696 0.597244 0.428696 0.597244 0.457964 0.589001 0.457964
1 0.685034 0.490598 0.713841 0.490598 0.713841 0.499436 0.685034 0.499436
1 0.498971 0.331574 0.522768 0.331574 0.522768 0.339574 0.498971 0.339574
1 0.541700 0.490511 0.569843 0.490511 0.569843 0.499425 0.541700 0.499425
1 0.606250 0.320096 0.623240 0.320096 0.623240 0.324404 0.606250 0.324404
1 0.643796 0.429350 0.651901 0.429350 0.651901 0.457843 0.643796 0.457843
1 0.602756 0.428994 0.610867 0.428994 0.610867 0.457683 0.602756 0.457683
1 0.635094 0.403524 0.639220 0.403524 0.639220 0.411781 0.635094 0.411781
1 0.702980 0.444608 0.711647 0.444608 0.711647 0.447564 0.702980 0.447564
1 0.606573 0.290584 0.622876 0.290584 0.622876 0.294042 0.606573 0.294042
1 0.716647 0.292671 0.719817 0.292671 0.719817 0.300892 0.716647 0.300892
1 0.703171 0.425364 0.711361 0.425364 0.711361 0.428678 0.703171 0.428678
1 0.686309 0.405188 0.694460 0.405188 0.694460 0.408045 0.686309 0.408045
1 0.686078 0.423967 0.694467 0.423967 0.694467 0.427306 0.686078 0.427306
1 0.727006 0.313620 0.730616 0.313620 0.730616 0.322751 0.727006 0.322751
1 0.735397 0.292412 0.738480 0.292412 0.738480 0.300876 0.735397 0.300876
1 0.727169 0.275150 0.730202 0.275150 0.730202 0.283598 0.727169 0.283598
1 0.615662 0.403362 0.619415 0.403362 0.619415 0.411811 0.615662 0.411811
1 0.540148 0.558581 0.570450 0.558581 0.570450 0.568823 0.540148 0.568823
1 0.630408 0.572756 0.638273 0.572756 0.638273 0.602255 0.630408 0.602255
1 0.589192 0.572706 0.597382 0.572706 0.597382 0.603107 0.589192 0.603107
1 0.510851 0.704037 0.520916 0.704037 0.520916 0.741497 0.510851 0.741497
1 0.671316 0.572610 0.679078 0.572610 0.679078 0.602386 0.671316 0.602386
1 0.684867 0.545102 0.713197 0.545102 0.713197 0.554313 0.684867 0.554313
1 0.684857 0.531525 0.713917 0.531525 0.713917 0.540434 0.684857 0.540434
1 0.540228 0.531405 0.570090 0.531405 0.570090 0.540634 0.540228 0.540634
1 0.574126 0.572779 0.583825 0.572779 0.583825 0.603037 0.574126 0.603037
1 0.684646 0.558644 0.713213 0.558644 0.713213 0.567760 0.684646 0.567760
1 0.616532 0.572630 0.624526 0.572630 0.624526 0.602018 0.616532 0.602018
1 0.649124 0.703053 0.658019 0.703053 0.658019 0.741682 0.649124 0.741682
1 0.553937 0.620107 0.577742 0.620107 0.577742 0.628611 0.553937 0.628611
1 0.608311 0.703512 0.616556 0.703512 0.616556 0.741866 0.608311 0.741866
1 0.539811 0.703226 0.548005 0.703226 0.548005 0.741497 0.539811 0.741497
1 0.541633 0.517633 0.570331 0.517633 0.570331 0.526932 0.541633 0.526932
1 0.567225 0.703280 0.575646 0.703280 0.575646 0.741682 0.567225 0.741682
1 0.621926 0.703185 0.630377 0.703185 0.630377 0.742050 0.621926 0.742050
1 0.657527 0.572435 0.665565 0.572435 0.665565 0.602610 0.657527 0.602610
1 0.580886 0.703401 0.589652 0.703401 0.589652 0.742234 0.580886 0.742234
1 0.684915 0.517630 0.713710 0.517630 0.713710 0.526882 0.684915 0.526882
1 0.526081 0.703436 0.534184 0.703436 0.534184 0.741682 0.526081 0.741682
1 0.684942 0.503984 0.713831 0.503984 0.713831 0.513254 0.684942 0.513254
1 0.540663 0.545040 0.570228 0.545040 0.570228 0.554643 0.540663 0.554643
1 0.662760 0.703394 0.672024 0.703394 0.672024 0.742234 0.662760 0.742234
1 0.540616 0.504024 0.570278 0.504024 0.570278 0.513408 0.540616 0.513408
1 0.635572 0.702654 0.644382 0.702654 0.644382 0.742050 0.635572 0.742050
1 0.518486 0.619016 0.544818 0.619016 0.544818 0.629408 0.518486 0.629408
1 0.553944 0.662844 0.577908 0.662844 0.577908 0.671220 0.553944 0.671220
1 0.520041 0.663321 0.543907 0.663321 0.543907 0.671493 0.520041 0.671493
1 0.664991 0.671276 0.668970 0.671276 0.668970 0.687603 0.664991 0.687603
1 0.695504 0.671673 0.700345 0.671673 0.700345 0.687126 0.695504 0.687126
1 0.725902 0.584180 0.729667 0.584180 0.729667 0.592881 0.725902 0.592881
1 0.524213 0.588210 0.527745 0.588210 0.527745 0.596375 0.524213 0.596375
1 0.602818 0.572765 0.611013 0.572765 0.611013 0.601474 0.602818 0.601474
1 0.515079 0.510937 0.523390 0.510937 0.523390 0.514282 0.515079 0.514282
1 0.629703 0.651223 0.638360 0.651223 0.638360 0.654466 0.629703 0.654466
1 0.643856 0.572767 0.651937 0.572767 0.651937 0.602182 0.643856 0.602182
1 0.543304 0.588635 0.546427 0.588635 0.546427 0.596478 0.543304 0.596478
1 0.706486 0.584339 0.709788 0.584339 0.709788 0.592557 0.706486 0.592557
1 0.601824 0.681353 0.605425 0.681353 0.605425 0.690044 0.601824 0.690044
1 0.515069 0.529929 0.523621 0.529929 0.523621 0.533856 0.515069 0.533856
1 0.581658 0.681316 0.584684 0.681316 0.584684 0.689980 0.581658 0.689980
1 0.553496 0.703758 0.562010 0.703758 0.562010 0.741682 0.553496 0.741682
1 0.646404 0.670265 0.655787 0.670265 0.655787 0.673522 0.646404 0.673522
1 0.629742 0.671019 0.639206 0.671019 0.639206 0.674256 0.629742 0.674256
1 0.594584 0.703453 0.603288 0.703453 0.603288 0.742050 0.594584 0.742050
1 0.647218 0.651561 0.655363 0.651561 0.655363 0.654950 0.647218 0.654950
1 0.706461 0.928997 0.726528 0.928997 0.726528 0.972924 0.706461 0.972924
1 0.708073 0.848398 0.735130 0.848398 0.735130 0.910697 0.708073 0.910697
1 0.511886 0.864596 0.521094 0.864596 0.521094 0.906496 0.511886 0.906496
1 0.776721 0.009749 0.785418 0.009749 0.785418 0.033742 0.776721 0.033742
1 0.794113 0.001311 0.802533 0.001311 0.802533 0.025297 0.794113 0.025297
1 0.836884 0.000665 0.846604 0.000665 0.846604 0.026464 0.836884 0.026464
1 0.772073 0.141485 0.781883 0.141485 0.781883 0.144696 0.772073 0.144696
1 0.772385 0.121578 0.781518 0.121578 0.781518 0.125460 0.772385 0.125460
1 0.766956 0.351711 0.775997 0.351711 0.775997 0.355394 0.766956 0.355394
1 0.746620 0.313941 0.749715 0.313941 0.749715 0.322652 0.746620 0.322652
1 0.766764 0.412887 0.776407 0.412887 0.776407 0.417146 0.766764 0.417146
1 0.767122 0.373048 0.776485 0.373048 0.776485 0.376420 0.767122 0.376420
1 0.766697 0.391330 0.775948 0.391330 0.775948 0.395640 0.766697 0.395640
1 0.745576 0.275199 0.748689 0.275199 0.748689 0.283915 0.745576 0.283915
1 0.757104 0.589955 0.760987 0.589955 0.760987 0.605951 0.757104 0.605951
1 0.831546 0.589140 0.835198 0.589140 0.835198 0.605543 0.831546 0.605543
1 0.787513 0.641212 0.791158 0.641212 0.791158 0.648979 0.787513 0.648979
1 0.846508 0.679914 0.849571 0.679914 0.849571 0.688446 0.846508 0.688446
1 0.787445 0.589524 0.790795 0.589524 0.790795 0.605877 0.787445 0.605877
1 0.828154 0.642742 0.832066 0.642742 0.832066 0.650912 0.828154 0.650912
1 0.809163 0.642460 0.812774 0.642460 0.812774 0.650882 0.809163 0.650882
1 0.713982 0.715136 0.807191 0.715136 0.807191 0.747238 0.713982 0.747238
1 0.768062 0.641096 0.772075 0.641096 0.772075 0.649452 0.768062 0.649452
1 0.801784 0.589008 0.805310 0.589008 0.805310 0.605455 0.801784 0.605455
1 0.826157 0.680053 0.829228 0.680053 0.829228 0.688430 0.826157 0.688430
1 0.797259 0.928535 0.816885 0.928535 0.816885 0.973452 0.797259 0.973452
1 0.786588 0.848769 0.814987 0.848769 0.814987 0.912435 0.786588 0.912435
1 0.904091 0.887850 0.907800 0.887850 0.907800 0.904266 0.904091 0.904266
1 0.952683 0.938493 0.968987 0.938493 0.968987 0.942791 0.952683 0.942791
1 0.833142 0.813239 0.848182 0.813239 0.848182 0.817222 0.833142 0.817222
1 0.906144 0.961982 0.922879 0.961982 0.922879 0.966147 0.906144 0.966147
1 0.951575 0.910085 0.956354 0.910085 0.956354 0.926735 0.951575 0.926735
1 0.929817 0.954746 0.945530 0.954746 0.945530 0.959156 0.929817 0.959156
1 0.821609 0.957952 0.825598 0.957952 0.825598 0.974328 0.821609 0.974328
1 0.832601 0.842913 0.849357 0.842913 0.849357 0.847580 0.832601 0.847580
1 0.873872 0.887855 0.878142 0.887855 0.878142 0.903886 0.873872 0.903886
1 0.861702 0.954989 0.865270 0.954989 0.865270 0.971598 0.861702 0.971598
1 0.905862 0.931728 0.922153 0.931728 0.922153 0.936120 0.905862 0.936120
1 0.953045 0.968757 0.968947 0.968757 0.968947 0.973089 0.953045 0.973089
1 0.929356 0.924777 0.945506 0.924777 0.945506 0.929024 0.929356 0.929024
1 0.981534 0.910243 0.986085 0.910243 0.986085 0.926671 0.981534 0.926671
1 0.834948 0.761684 0.843244 0.761684 0.843244 0.765052 0.834948 0.765052
1 0.884036 0.914995 0.893660 0.914995 0.893660 0.918325 0.884036 0.918325
1 0.834984 0.780731 0.843209 0.780731 0.843209 0.783794 0.834984 0.783794
1 0.883617 0.935404 0.894106 0.935404 0.894106 0.938838 0.883617 0.938838
1 0.934606 0.908901 0.937673 0.908901 0.937673 0.917709 0.934606 0.917709
1 0.915197 0.908814 0.918535 0.908814 0.918535 0.917759 0.915197 0.917759
1 0.897227 0.861266 0.900308 0.861266 0.900308 0.869401 0.897227 0.869401
1 0.850424 0.958513 0.854535 0.958513 0.854535 0.973956 0.850424 0.973956
1 0.891727 0.954483 0.895775 0.954483 0.895775 0.970734 0.891727 0.970734
1 0.878535 0.860771 0.881401 0.860771 0.881401 0.869381 0.878535 0.869381
1 0.181392 0.736174 0.197083 0.736174 0.197083 0.752471 0.181392 0.752471
1 0.753178 0.848769 0.768955 0.848769 0.768955 0.863618 0.753178 0.863618
1 0.526260 0.864596 0.535468 0.864596 0.535468 0.906496 0.526260 0.906496
1 0.539159 0.864411 0.548367 0.864411 0.548367 0.906311 0.539159 0.906311
1 0.553533 0.864411 0.562741 0.864411 0.562741 0.906311 0.553533 0.906311
1 0.566801 0.864596 0.576009 0.864596 0.576009 0.906496 0.566801 0.906496
1 0.581175 0.864596 0.590383 0.864596 0.590383 0.906496 0.581175 0.906496
1 0.594074 0.864411 0.603282 0.864411 0.603282 0.906311 0.594074 0.906311
1 0.608448 0.864411 0.617656 0.864411 0.617656 0.906311 0.608448 0.906311
1 0.621532 0.864780 0.630740 0.864780 0.630740 0.906680 0.621532 0.906680
1 0.635906 0.864780 0.645114 0.864780 0.645114 0.906680 0.635906 0.906680
1 0.648805 0.864596 0.658013 0.864596 0.658013 0.906496 0.648805 0.906496
1 0.663179 0.864596 0.672387 0.864596 0.672387 0.906496 0.663179 0.906496
1 0.614262 0.018226 0.629614 0.018226 0.629614 0.022741 0.614262 0.022741
1 0.991944 0.848175 0.997092 0.848175 0.997092 0.878687 0.991944 0.878687
1 0.868390 0.826076 0.898651 0.826076 0.898651 0.831349 0.868390 0.831349
1 0.983155 0.848175 0.988303 0.848175 0.988303 0.878687 0.983155 0.878687
1 0.974867 0.848175 0.980015 0.848175 0.980015 0.878687 0.974867 0.878687
1 0.966078 0.848175 0.971226 0.848175 0.971226 0.878687 0.966078 0.878687
1 0.957916 0.848049 0.963065 0.848049 0.963065 0.878561 0.957916 0.878561
1 0.949127 0.848049 0.954275 0.848049 0.954275 0.878561 0.949127 0.878561
1 0.940840 0.848049 0.945988 0.848049 0.945988 0.878561 0.940840 0.878561
1 0.932051 0.848049 0.937199 0.848049 0.937199 0.878561 0.932051 0.878561
1 0.923261 0.847798 0.928660 0.847798 0.928660 0.877682 0.923261 0.877682
1 0.914472 0.847798 0.920624 0.847798 0.920624 0.878561 0.914472 0.878561
1 0.868516 0.817161 0.898777 0.817161 0.898777 0.822435 0.868516 0.822435
1 0.868516 0.808748 0.898777 0.808748 0.898777 0.814022 0.868516 0.814022
1 0.867888 0.800084 0.898902 0.800084 0.898902 0.805107 0.867888 0.805107
1 0.867386 0.765806 0.898400 0.765806 0.898400 0.770828 0.867386 0.770828
1 0.868014 0.774470 0.898274 0.774470 0.898274 0.779743 0.868014 0.779743
1 0.868014 0.782757 0.898274 0.782757 0.898274 0.788030 0.868014 0.788030
1 0.867888 0.791672 0.898149 0.791672 0.898149 0.796945 0.867888 0.796945
1 0.867511 0.697123 0.898023 0.697123 0.898023 0.702648 0.867511 0.702648
1 0.867386 0.706164 0.897646 0.706164 0.897646 0.711437 0.867386 0.711437
1 0.867386 0.714451 0.897646 0.714451 0.897646 0.719724 0.867386 0.719724
1 0.867260 0.723366 0.897521 0.723366 0.897521 0.728639 0.867260 0.728639
1 0.867260 0.731778 0.898274 0.731778 0.898274 0.736801 0.867260 0.736801
1 0.867888 0.740442 0.898149 0.740442 0.898149 0.745716 0.867888 0.745716
1 0.867888 0.748855 0.898149 0.748855 0.898149 0.754128 0.867888 0.754128
1 0.867763 0.757770 0.898023 0.757770 0.898023 0.763043 0.867763 0.763043
1 0.991693 0.650163 0.997343 0.650163 0.997343 0.679042 0.991693 0.679042
1 0.983280 0.650037 0.988930 0.650037 0.988930 0.678917 0.983280 0.678917
1 0.974491 0.650037 0.980141 0.650037 0.980141 0.678917 0.974491 0.678917
1 0.966078 0.649912 0.971728 0.649912 0.971728 0.678791 0.966078 0.678791
1 0.957665 0.650037 0.963316 0.650037 0.963316 0.678917 0.957665 0.678917
1 0.949253 0.649912 0.954903 0.649912 0.954903 0.678791 0.949253 0.678791
1 0.940463 0.649912 0.946114 0.649912 0.946114 0.678791 0.940463 0.678791
1 0.932051 0.649786 0.937701 0.649786 0.937701 0.678665 0.932051 0.678665
1 0.923136 0.650288 0.928786 0.650288 0.928786 0.679168 0.923136 0.679168
1 0.914723 0.650163 0.920373 0.650163 0.920373 0.679042 0.914723 0.679042
