0 0.232330 0.404893 0.439495 0.404893 0.439495 0.519036 0.232330 0.519036
0 0.694123 0.436512 0.863181 0.436512 0.863181 0.554340 0.694123 0.554340
0 0.752461 0.659520 0.803377 0.659520 0.803377 0.700782 0.752461 0.700782
0 0.828606 0.355607 0.853797 0.355607 0.853797 0.368196 0.828606 0.368196
0 0.233904 0.700996 0.258651 0.700996 0.258651 0.713127 0.233904 0.713127
0 0.196334 0.605934 0.220698 0.605934 0.220698 0.618467 0.196334 0.618467
0 0.687282 0.620957 0.712774 0.620957 0.712774 0.634273 0.687282 0.634273
0 0.255573 0.930213 0.268080 0.930213 0.268080 0.954561 0.255573 0.954561
0 0.770661 0.624294 0.796217 0.624294 0.796217 0.637667 0.770661 0.637667
0 0.274044 0.614814 0.298849 0.614814 0.298849 0.627768 0.274044 0.627768
0 0.231592 0.822497 0.256217 0.822497 0.256217 0.834925 0.231592 0.834925
0 0.370416 0.805091 0.395136 0.805091 0.395136 0.818091 0.370416 0.818091
0 0.368032 0.942305 0.392539 0.942305 0.392539 0.954550 0.368032 0.954550
0 0.225337 0.880452 0.237394 0.880452 0.237394 0.904665 0.225337 0.904665
0 0.098898 0.887389 0.123258 0.887389 0.123258 0.900099 0.098898 0.900099
0 0.824369 0.624291 0.849774 0.624291 0.849774 0.637098 0.824369 0.637098
0 0.371057 0.711744 0.395723 0.711744 0.395723 0.724179 0.371057 0.724179
0 0.369641 0.984877 0.394259 0.984877 0.394259 0.997634 0.369641 0.997634
0 0.237339 0.726320 0.262070 0.726320 0.262070 0.738932 0.237339 0.738932
0 0.395409 0.897969 0.407390 0.897969 0.407390 0.922652 0.395409 0.922652
0 0.098887 0.939122 0.123499 0.939122 0.123499 0.951820 0.098887 0.951820
0 0.096282 0.709089 0.120862 0.709089 0.120862 0.721995 0.096282 0.721995
0 0.885074 0.540506 0.900641 0.540506 0.900641 0.548704 0.885074 0.548704
0 0.225149 0.929564 0.237184 0.929564 0.237184 0.953962 0.225149 0.953962
0 0.371914 0.651159 0.396724 0.651159 0.396724 0.664045 0.371914 0.664045
0 0.097214 0.646749 0.121824 0.646749 0.121824 0.659219 0.097214 0.659219
0 0.097588 0.830321 0.122313 0.830321 0.122313 0.842545 0.097588 0.842545
0 0.096447 0.767838 0.120815 0.767838 0.120815 0.780548 0.096447 0.780548
0 0.370791 0.831209 0.395460 0.831209 0.395460 0.843658 0.370791 0.843658
0 0.098849 0.984899 0.123298 0.984899 0.123298 0.996909 0.098849 0.996909
0 0.230127 0.795879 0.254842 0.795879 0.254842 0.807965 0.230127 0.807965
0 0.257097 0.753977 0.269142 0.753977 0.269142 0.778541 0.257097 0.778541
0 0.370612 0.875922 0.382599 0.875922 0.382599 0.900220 0.370612 0.900220
0 0.253079 0.851387 0.264799 0.851387 0.264799 0.875782 0.253079 0.875782
1 0.362651 0.525327 0.373246 0.525327 0.373246 0.564104 0.362651 0.564104
0 0.697752 0.341018 0.714744 0.341018 0.714744 0.350098 0.697752 0.350098
1 0.233662 0.364917 0.244235 0.364917 0.244235 0.400597 0.233662 0.400597
1 0.405342 0.525777 0.416423 0.525777 0.416423 0.564321 0.405342 0.564321
0 0.731239 0.609368 0.747376 0.609368 0.747376 0.617595 0.731239 0.617595
0 0.887448 0.572871 0.903005 0.572871 0.903005 0.581030 0.887448 0.581030
1 0.741019 0.653569 0.752249 0.653569 0.752249 0.706137 0.741019 0.706137
1 0.255757 0.364622 0.265993 0.364622 0.265993 0.402332 0.255757 0.402332
1 0.427811 0.526226 0.439444 0.526226 0.439444 0.563958 0.427811 0.563958
1 0.277164 0.363740 0.287584 0.363740 0.287584 0.402731 0.277164 0.402731
0 0.467465 0.435928 0.477242 0.435928 0.477242 0.452985 0.467465 0.452985
1 0.803861 0.654550 0.818292 0.654550 0.818292 0.707857 0.803861 0.707857
1 0.231517 0.525657 0.243092 0.525657 0.243092 0.565024 0.231517 0.565024
1 0.699213 0.392153 0.708658 0.392153 0.708658 0.430239 0.699213 0.430239
1 0.384221 0.524878 0.394677 0.524878 0.394677 0.565369 0.384221 0.565369
0 0.308704 0.585989 0.324648 0.585989 0.324648 0.594146 0.308704 0.594146
1 0.712632 0.554441 0.721263 0.554441 0.721263 0.594920 0.712632 0.594920
1 0.319268 0.525411 0.329715 0.525411 0.329715 0.564189 0.319268 0.564189
1 0.727169 0.392484 0.736042 0.392484 0.736042 0.430172 0.727169 0.430172
1 0.836298 0.392711 0.845162 0.392711 0.845162 0.430923 0.836298 0.430923
1 0.298858 0.364720 0.309265 0.364720 0.309265 0.403450 0.298858 0.403450
1 0.385762 0.365415 0.396098 0.365415 0.396098 0.404178 0.385762 0.404178
1 0.740003 0.554689 0.748591 0.554689 0.748591 0.593893 0.740003 0.593893
1 0.713435 0.392379 0.722324 0.392379 0.722324 0.430004 0.713435 0.430004
1 0.341001 0.526247 0.351371 0.526247 0.351371 0.564202 0.341001 0.564202
1 0.850072 0.392833 0.860015 0.392833 0.860015 0.430298 0.850072 0.430298
1 0.429042 0.364811 0.440684 0.364811 0.440684 0.403129 0.429042 0.403129
1 0.275915 0.525446 0.286315 0.525446 0.286315 0.564168 0.275915 0.564168
1 0.342162 0.365220 0.352716 0.365220 0.352716 0.403580 0.342162 0.403580
1 0.407314 0.365620 0.417799 0.365620 0.417799 0.403472 0.407314 0.403472
1 0.297738 0.525300 0.308036 0.525300 0.308036 0.564444 0.297738 0.564444
1 0.808943 0.393031 0.817786 0.393031 0.817786 0.431096 0.808943 0.431096
1 0.822709 0.392018 0.831434 0.392018 0.831434 0.430791 0.822709 0.430791
1 0.781731 0.392430 0.790602 0.392430 0.790602 0.430807 0.781731 0.430807
1 0.821824 0.555307 0.830556 0.555307 0.830556 0.593144 0.821824 0.593144
1 0.754376 0.392417 0.763253 0.392417 0.763253 0.430642 0.754376 0.430642
1 0.254276 0.525520 0.264785 0.525520 0.264785 0.563631 0.254276 0.563631
1 0.767299 0.555165 0.775826 0.555165 0.775826 0.594600 0.767299 0.594600
1 0.835528 0.555307 0.844237 0.555307 0.844237 0.594914 0.835528 0.594914
1 0.794661 0.555383 0.803180 0.555383 0.803180 0.593854 0.794661 0.593854
1 0.363820 0.365310 0.374289 0.365310 0.374289 0.404452 0.363820 0.404452
1 0.740787 0.392300 0.749703 0.392300 0.749703 0.430362 0.740787 0.430362
1 0.697950 0.554626 0.707726 0.554626 0.707726 0.594174 0.697950 0.594174
1 0.795402 0.392585 0.804171 0.392585 0.804171 0.430746 0.795402 0.430746
1 0.768091 0.392594 0.776943 0.392594 0.776943 0.430529 0.768091 0.430529
1 0.726322 0.554444 0.734968 0.554444 0.734968 0.593198 0.726322 0.593198
1 0.320711 0.365111 0.330972 0.365111 0.330972 0.403373 0.320711 0.403373
1 0.753595 0.554833 0.762270 0.554833 0.762270 0.594685 0.753595 0.594685
1 0.849275 0.555150 0.858571 0.555150 0.858571 0.594209 0.849275 0.594209
1 0.253938 0.778676 0.269881 0.778676 0.269881 0.782938 0.253938 0.782938
1 0.252758 0.954776 0.268798 0.954776 0.268798 0.959129 0.252758 0.959129
1 0.253904 0.749099 0.270041 0.749099 0.270041 0.754023 0.253904 0.754023
1 0.365307 0.829022 0.370697 0.829022 0.370697 0.844780 0.365307 0.844780
1 0.222628 0.875500 0.238358 0.875500 0.238358 0.880296 0.222628 0.880296
1 0.393664 0.893506 0.408652 0.893506 0.408652 0.897927 0.393664 0.897927
1 0.808271 0.555294 0.816884 0.555294 0.816884 0.593981 0.808271 0.593981
1 0.780954 0.555259 0.789625 0.555259 0.789625 0.594041 0.780954 0.594041
1 0.222337 0.954117 0.237946 0.954117 0.237946 0.958292 0.222337 0.958292
1 0.392842 0.922838 0.409040 0.922838 0.409040 0.926924 0.392842 0.926924
1 0.226453 0.820340 0.231557 0.820340 0.231557 0.836098 0.226453 0.836098
1 0.250904 0.876006 0.266542 0.876006 0.266542 0.880511 0.250904 0.880511
1 0.365932 0.803722 0.370270 0.803722 0.370270 0.819403 0.365932 0.819403
1 0.765525 0.623090 0.770685 0.623090 0.770685 0.638939 0.765525 0.638939
1 0.366605 0.649818 0.371629 0.649818 0.371629 0.665651 0.366605 0.665651
1 0.191399 0.604360 0.196142 0.604360 0.196142 0.620040 0.191399 0.620040
1 0.683192 0.619856 0.687157 0.619856 0.687157 0.635674 0.683192 0.635674
1 0.223153 0.904999 0.238532 0.904999 0.238532 0.909319 0.223153 0.909319
1 0.819794 0.621723 0.824123 0.621723 0.824123 0.637836 0.819794 0.637836
1 0.363349 0.940027 0.367851 0.940027 0.367851 0.955523 0.363349 0.955523
1 0.225502 0.794088 0.229850 0.794088 0.229850 0.810077 0.225502 0.810077
1 0.092204 0.766098 0.096213 0.766098 0.096213 0.781820 0.092204 0.781820
1 0.222001 0.925164 0.238378 0.925164 0.238378 0.929438 0.222001 0.929438
1 0.365140 0.982779 0.369446 0.982779 0.369446 0.998077 0.365140 0.998077
1 0.712925 0.619958 0.716563 0.619958 0.716563 0.635786 0.712925 0.635786
1 0.900808 0.540294 0.903973 0.540294 0.903973 0.548918 0.900808 0.548918
1 0.232667 0.724841 0.237118 0.724841 0.237118 0.740750 0.232667 0.740750
1 0.903204 0.572793 0.907132 0.572793 0.907132 0.581603 0.903204 0.581603
1 0.252949 0.925514 0.269028 0.925514 0.269028 0.929906 0.252949 0.929906
1 0.250473 0.846832 0.266373 0.846832 0.266373 0.851240 0.250473 0.851240
1 0.367768 0.900444 0.383434 0.900444 0.383434 0.904823 0.367768 0.904823
1 0.093342 0.828482 0.097248 0.828482 0.097248 0.844288 0.093342 0.844288
1 0.092878 0.644884 0.096853 0.644884 0.096853 0.660623 0.092878 0.660623
1 0.367786 0.871221 0.383703 0.871221 0.383703 0.875743 0.367786 0.875743
1 0.366445 0.709462 0.370874 0.709462 0.370874 0.725267 0.366445 0.725267
1 0.094362 0.937397 0.098533 0.937397 0.098533 0.953502 0.094362 0.953502
1 0.256313 0.820834 0.260642 0.820834 0.260642 0.836083 0.256313 0.836083
1 0.305330 0.585650 0.308607 0.585650 0.308607 0.594547 0.305330 0.594547
1 0.094444 0.886043 0.098584 0.886043 0.098584 0.902158 0.094444 0.902158
1 0.392784 0.940046 0.396453 0.940046 0.396453 0.955936 0.392784 0.955936
1 0.255025 0.794339 0.258568 0.794339 0.258568 0.809996 0.255025 0.809996
1 0.262255 0.725050 0.266091 0.725050 0.266091 0.740617 0.262255 0.740617
1 0.220982 0.604233 0.224112 0.604233 0.224112 0.619858 0.220982 0.619858
1 0.824142 0.353491 0.828442 0.353491 0.828442 0.369723 0.824142 0.369723
1 0.094313 0.982788 0.098450 0.982788 0.098450 0.998350 0.094313 0.998350
1 0.467380 0.453223 0.477439 0.453223 0.477439 0.456879 0.467380 0.456879
1 0.395430 0.803475 0.399564 0.803475 0.399564 0.819700 0.395430 0.819700
1 0.229570 0.699113 0.233686 0.699113 0.233686 0.715170 0.229570 0.715170
1 0.270090 0.613261 0.273847 0.613261 0.273847 0.629169 0.270090 0.629169
1 0.747573 0.609444 0.750952 0.609444 0.750952 0.617798 0.747573 0.617798
1 0.396012 0.709786 0.399744 0.709786 0.399744 0.725534 0.396012 0.725534
1 0.881685 0.540312 0.885025 0.540312 0.885025 0.548698 0.881685 0.548698
1 0.395689 0.829147 0.399327 0.829147 0.399327 0.845123 0.395689 0.845123
1 0.122455 0.828409 0.125913 0.828409 0.125913 0.843905 0.122455 0.843905
1 0.299020 0.613174 0.302763 0.613174 0.302763 0.629275 0.299020 0.629275
1 0.258841 0.699584 0.262385 0.699584 0.262385 0.715289 0.258841 0.715289
1 0.796426 0.622896 0.800144 0.622896 0.800144 0.639229 0.796426 0.639229
1 0.883452 0.572961 0.887275 0.572961 0.887275 0.581136 0.883452 0.581136
1 0.121123 0.707275 0.124557 0.707275 0.124557 0.722660 0.121123 0.722660
1 0.324801 0.585632 0.327926 0.585632 0.327926 0.594938 0.324801 0.594938
1 0.120960 0.766098 0.124245 0.766098 0.124245 0.781584 0.120960 0.781584
1 0.122015 0.645026 0.124702 0.645026 0.124702 0.660205 0.122015 0.660205
1 0.394646 0.982652 0.398128 0.982652 0.398128 0.998800 0.394646 0.998800
1 0.728087 0.609608 0.731177 0.609608 0.731177 0.617612 0.728087 0.617612
1 0.694289 0.341247 0.697575 0.341247 0.697575 0.350196 0.694289 0.350196
1 0.714872 0.340818 0.717714 0.340818 0.717714 0.350221 0.714872 0.350221
1 0.849898 0.622607 0.853079 0.622607 0.853079 0.638397 0.849898 0.638397
1 0.092252 0.707143 0.095953 0.707143 0.095953 0.723056 0.092252 0.723056
1 0.854149 0.353601 0.857645 0.353601 0.857645 0.369277 0.854149 0.369277
1 0.123450 0.886435 0.127229 0.886435 0.127229 0.901645 0.123450 0.901645
1 0.396914 0.649920 0.400255 0.649920 0.400255 0.665668 0.396914 0.665668
1 0.467305 0.432378 0.477380 0.432378 0.477380 0.435800 0.467305 0.435800
1 0.123779 0.937821 0.127203 0.937821 0.127203 0.953420 0.123779 0.953420
1 0.123966 0.982788 0.128104 0.982788 0.128104 0.998350 0.123966 0.998350
1 0.989307 0.395790 0.998065 0.395790 0.998065 0.423813 0.989307 0.423813
1 0.975296 0.395133 0.984272 0.395133 0.984272 0.424688 0.975296 0.424688
1 0.960847 0.395352 0.970698 0.395352 0.970698 0.424250 0.960847 0.424250
1 0.923481 0.433677 0.950997 0.433677 0.950997 0.442700 0.923481 0.442700
1 0.923184 0.447743 0.950701 0.447743 0.950701 0.456766 0.923184 0.456766
1 0.923777 0.461217 0.951293 0.461217 0.951293 0.470240 0.923777 0.470240
1 0.923481 0.475282 0.950997 0.475282 0.950997 0.484305 0.923481 0.484305
1 0.922444 0.501934 0.949961 0.501934 0.949961 0.510957 0.922444 0.510957
1 0.922740 0.487868 0.950257 0.487868 0.950257 0.496891 0.922740 0.496891
1 0.923036 0.515407 0.950553 0.515407 0.950553 0.524430 0.923036 0.524430
1 0.922740 0.529473 0.950257 0.529473 0.950257 0.538496 0.922740 0.538496
1 0.922296 0.543243 0.949813 0.543243 0.949813 0.552266 0.922296 0.552266
1 0.922888 0.556717 0.950405 0.556717 0.950405 0.565740 0.922888 0.565740
1 0.921385 0.570181 0.950109 0.570181 0.950109 0.579806 0.921385 0.579806
1 0.960029 0.591058 0.969209 0.591058 0.969209 0.617265 0.960029 0.617265
1 0.974391 0.591354 0.983571 0.591354 0.983571 0.617561 0.974391 0.617561
1 0.987865 0.591354 0.997045 0.591354 0.997045 0.617561 0.987865 0.617561
1 0.252884 0.972762 0.268431 0.972762 0.268431 0.977500 0.252884 0.977500
1 0.221939 0.972614 0.238078 0.972614 0.238078 0.977649 0.221939 0.977649
