0 0.692190 0.436411 0.856962 0.436411 0.856962 0.601825 0.692190 0.601825
0 0.392612 0.432729 0.557830 0.432729 0.557830 0.599434 0.392612 0.599434
0 0.302300 0.366683 0.329078 0.366683 0.329078 0.419555 0.302300 0.419555
0 0.459312 0.715581 0.485286 0.715581 0.485286 0.729960 0.459312 0.729960
0 0.304074 0.631783 0.356331 0.631783 0.356331 0.659415 0.304074 0.659415
0 0.458878 0.692005 0.484961 0.692005 0.484961 0.706188 0.458878 0.706188
0 0.257733 0.635862 0.281879 0.635862 0.281879 0.648122 0.257733 0.648122
0 0.343190 0.601552 0.358882 0.601552 0.358882 0.609827 0.343190 0.609827
0 0.445200 0.738653 0.460982 0.738653 0.460982 0.746808 0.445200 0.746808
0 0.284993 0.676829 0.355837 0.676829 0.355837 0.731520 0.284993 0.731520
0 0.331859 0.540015 0.347606 0.540015 0.347606 0.548438 0.331859 0.548438
0 0.030659 0.582059 0.046254 0.582059 0.046254 0.590146 0.030659 0.590146
0 0.303355 0.547842 0.311435 0.547842 0.311435 0.563453 0.303355 0.563453
0 0.028373 0.549547 0.043949 0.549547 0.043949 0.557723 0.028373 0.557723
0 0.600856 0.356337 0.628871 0.356337 0.628871 0.408695 0.600856 0.408695
0 0.902781 0.387533 0.929886 0.387533 0.929886 0.439546 0.902781 0.439546
0 0.858761 0.639234 0.883097 0.639234 0.883097 0.651468 0.858761 0.651468
0 0.505215 0.699945 0.533020 0.699945 0.533020 0.714544 0.505215 0.714544
0 0.673874 0.711606 0.707496 0.711606 0.707496 0.732512 0.673874 0.732512
0 0.627116 0.691606 0.648313 0.691606 0.648313 0.724972 0.627116 0.724972
0 0.556040 0.638127 0.580084 0.638127 0.580084 0.650306 0.556040 0.650306
0 0.641965 0.600503 0.657674 0.600503 0.657674 0.608663 0.641965 0.608663
0 0.594913 0.721822 0.612287 0.721822 0.612287 0.731483 0.594913 0.731483
0 0.899595 0.599565 0.926680 0.599565 0.926680 0.651098 0.899595 0.651098
0 0.604614 0.634607 0.656961 0.634607 0.656961 0.662098 0.604614 0.662098
0 0.692822 0.673684 0.726432 0.673684 0.726432 0.694651 0.692822 0.694651
0 0.605497 0.548261 0.613678 0.548261 0.613678 0.563894 0.605497 0.563894
0 0.630835 0.543418 0.646539 0.543418 0.646539 0.551476 0.630835 0.551476
0 0.907487 0.550122 0.915513 0.550122 0.915513 0.565704 0.907487 0.565704
1 0.252678 0.634028 0.257637 0.634028 0.257637 0.649854 0.252678 0.649854
1 0.026874 0.581685 0.030505 0.581685 0.030505 0.589934 0.026874 0.589934
1 0.043937 0.549310 0.047726 0.549310 0.047726 0.557349 0.043937 0.557349
1 0.046230 0.581573 0.050761 0.581573 0.050761 0.590153 0.046230 0.590153
1 0.024682 0.549301 0.028373 0.549301 0.028373 0.557157 0.024682 0.557157
1 0.445622 0.404475 0.453803 0.404475 0.453803 0.432866 0.445622 0.432866
1 0.486545 0.404156 0.494709 0.404156 0.494709 0.433050 0.486545 0.433050
1 0.404039 0.403441 0.412812 0.403441 0.412812 0.432911 0.404039 0.432911
1 0.365043 0.456578 0.392999 0.456578 0.392999 0.465661 0.365043 0.465661
1 0.418356 0.404780 0.426448 0.404780 0.426448 0.432817 0.418356 0.432817
1 0.365381 0.442794 0.393027 0.442794 0.393027 0.452018 0.365381 0.452018
1 0.365228 0.483809 0.392881 0.483809 0.392881 0.492962 0.365228 0.492962
1 0.459262 0.404350 0.467574 0.404350 0.467574 0.432933 0.459262 0.432933
1 0.365119 0.497327 0.392960 0.497327 0.392960 0.506593 0.365119 0.506593
1 0.299285 0.354794 0.328464 0.354794 0.328464 0.366583 0.299285 0.366583
1 0.431996 0.404803 0.440243 0.404803 0.440243 0.433035 0.431996 0.433035
1 0.472982 0.404973 0.481195 0.404973 0.481195 0.433129 0.472982 0.433129
1 0.298945 0.419463 0.327853 0.419463 0.327853 0.429492 0.298945 0.429492
1 0.365823 0.469953 0.392909 0.469953 0.392909 0.479271 0.365823 0.479271
1 0.364855 0.579201 0.392527 0.579201 0.392527 0.588943 0.364855 0.588943
1 0.291840 0.630234 0.303056 0.630234 0.303056 0.659134 0.291840 0.659134
1 0.356678 0.630443 0.366265 0.630443 0.366265 0.659672 0.356678 0.659672
1 0.364323 0.538448 0.392761 0.538448 0.392761 0.547519 0.364323 0.547519
1 0.471986 0.599547 0.480334 0.599547 0.480334 0.627586 0.471986 0.627586
1 0.417227 0.599506 0.425524 0.599506 0.425524 0.626646 0.417227 0.626646
1 0.431014 0.599563 0.439339 0.599563 0.439339 0.627019 0.431014 0.627019
1 0.365217 0.565625 0.392575 0.565625 0.392575 0.574852 0.365217 0.574852
1 0.265308 0.682337 0.284762 0.682337 0.284762 0.724828 0.265308 0.724828
1 0.364594 0.524803 0.392775 0.524803 0.392775 0.533748 0.364594 0.533748
1 0.458222 0.599493 0.466514 0.599493 0.466514 0.627587 0.458222 0.627587
1 0.356068 0.681676 0.375602 0.681676 0.375602 0.725400 0.356068 0.725400
1 0.485619 0.599481 0.493875 0.599481 0.493875 0.628507 0.485619 0.628507
1 0.364034 0.551755 0.392947 0.551755 0.392947 0.561093 0.364034 0.561093
1 0.403048 0.599403 0.412058 0.599403 0.412058 0.626511 0.403048 0.626511
1 0.444525 0.599278 0.452868 0.599278 0.452868 0.627437 0.444525 0.627437
1 0.499233 0.599475 0.507612 0.599475 0.507612 0.628618 0.499233 0.628618
1 0.364913 0.510913 0.393018 0.510913 0.393018 0.520200 0.364913 0.520200
1 0.454738 0.714039 0.459107 0.714039 0.459107 0.730390 0.454738 0.730390
1 0.485217 0.690904 0.488753 0.690904 0.488753 0.706743 0.485217 0.706743
1 0.485544 0.714611 0.489067 0.714611 0.489067 0.730400 0.485544 0.730400
1 0.454973 0.690838 0.458905 0.690838 0.458905 0.706610 0.454973 0.706610
1 0.282073 0.634234 0.286079 0.634234 0.286079 0.649523 0.282073 0.649523
1 0.339624 0.601714 0.343468 0.601714 0.343468 0.609613 0.339624 0.609613
1 0.441586 0.738498 0.445206 0.738498 0.445206 0.746587 0.441586 0.746587
1 0.501185 0.698388 0.505182 0.698388 0.505182 0.714715 0.501185 0.714715
1 0.358818 0.601608 0.363608 0.601608 0.363608 0.609855 0.358818 0.609855
1 0.328074 0.539923 0.332100 0.539923 0.332100 0.548303 0.328074 0.548303
1 0.348098 0.539685 0.351974 0.539685 0.351974 0.548471 0.348098 0.548471
1 0.303043 0.563377 0.311454 0.563377 0.311454 0.567123 0.303043 0.567123
1 0.303459 0.544843 0.311561 0.544843 0.311561 0.548212 0.303459 0.548212
1 0.460866 0.738521 0.464502 0.738521 0.464502 0.746504 0.460866 0.746504
1 0.527538 0.405388 0.535629 0.405388 0.535629 0.433162 0.527538 0.433162
1 0.730698 0.406665 0.738749 0.406665 0.738749 0.435379 0.730698 0.435379
1 0.702873 0.406976 0.711568 0.406976 0.711568 0.435338 0.702873 0.435338
1 0.663873 0.444752 0.691574 0.444752 0.691574 0.454228 0.663873 0.454228
1 0.560054 0.457310 0.589516 0.457310 0.589516 0.466362 0.560054 0.466362
1 0.663780 0.458634 0.691514 0.458634 0.691514 0.467779 0.663780 0.467779
1 0.541209 0.405353 0.549417 0.405353 0.549417 0.433163 0.541209 0.433163
1 0.599572 0.343661 0.628971 0.343661 0.628971 0.355807 0.599572 0.355807
1 0.663893 0.485801 0.691495 0.485801 0.691495 0.495355 0.663893 0.495355
1 0.500266 0.404184 0.508434 0.404184 0.508434 0.433043 0.500266 0.433043
1 0.513934 0.405341 0.522161 0.405341 0.522161 0.433320 0.513934 0.433320
1 0.599349 0.408627 0.628455 0.408627 0.628455 0.418461 0.599349 0.418461
1 0.559756 0.443770 0.588753 0.443770 0.588753 0.452912 0.559756 0.452912
1 0.559901 0.470942 0.589700 0.470942 0.589700 0.480256 0.559901 0.480256
1 0.559793 0.498311 0.589321 0.498311 0.589321 0.507215 0.559793 0.507215
1 0.664537 0.472126 0.691520 0.472126 0.691520 0.481498 0.664537 0.481498
1 0.559779 0.484588 0.588995 0.484588 0.588995 0.493639 0.559779 0.493639
1 0.744271 0.406373 0.752471 0.406373 0.752471 0.435206 0.744271 0.435206
1 0.716946 0.406898 0.725335 0.406898 0.725335 0.434965 0.716946 0.434965
1 0.663616 0.581081 0.691579 0.581081 0.691579 0.590820 0.663616 0.590820
1 0.512911 0.599771 0.521314 0.599771 0.521314 0.627453 0.512911 0.627453
1 0.662886 0.540199 0.691577 0.540199 0.691577 0.549705 0.662886 0.549705
1 0.716137 0.601721 0.724328 0.601721 0.724328 0.628158 0.716137 0.628158
1 0.663906 0.567486 0.691683 0.567486 0.691683 0.577156 0.663906 0.577156
1 0.701704 0.601625 0.710811 0.601625 0.710811 0.628377 0.701704 0.628377
1 0.657158 0.633256 0.666654 0.633256 0.666654 0.662118 0.657158 0.662118
1 0.592141 0.632865 0.603872 0.632865 0.603872 0.661821 0.592141 0.661821
1 0.663591 0.526524 0.691624 0.526524 0.691624 0.536125 0.663591 0.536125
1 0.559641 0.580078 0.588138 0.580078 0.588138 0.589056 0.559641 0.589056
1 0.663823 0.499220 0.691617 0.499220 0.691617 0.508737 0.663823 0.508737
1 0.540075 0.599414 0.548391 0.599414 0.548391 0.628814 0.540075 0.628814
1 0.559784 0.539264 0.588834 0.539264 0.588834 0.548210 0.559784 0.548210
1 0.626743 0.682124 0.650652 0.682124 0.650652 0.691516 0.626743 0.691516
1 0.707881 0.709788 0.715948 0.709788 0.715948 0.734242 0.707881 0.734242
1 0.726738 0.672730 0.735051 0.672730 0.735051 0.696602 0.726738 0.696602
1 0.729861 0.601936 0.738009 0.601936 0.738009 0.628389 0.729861 0.628389
1 0.663215 0.553754 0.691552 0.553754 0.691552 0.563434 0.663215 0.563434
1 0.526584 0.599475 0.534936 0.599475 0.534936 0.627369 0.526584 0.627369
1 0.665047 0.709997 0.673496 0.709997 0.673496 0.734075 0.665047 0.734075
1 0.559568 0.566418 0.588928 0.566418 0.588928 0.575650 0.559568 0.575650
1 0.663843 0.512959 0.691542 0.512959 0.691542 0.522591 0.663843 0.522591
1 0.559692 0.525467 0.588863 0.525467 0.588863 0.534567 0.559692 0.534567
1 0.559371 0.552540 0.588353 0.552540 0.588353 0.561852 0.559371 0.561852
1 0.624828 0.724978 0.651026 0.724978 0.651026 0.734399 0.624828 0.734399
1 0.683876 0.672773 0.692388 0.672773 0.692388 0.696433 0.683876 0.696433
1 0.638031 0.600812 0.642061 0.600812 0.642061 0.608638 0.638031 0.608638
1 0.626812 0.543253 0.630857 0.543253 0.630857 0.551250 0.626812 0.551250
1 0.591097 0.722180 0.594981 0.722180 0.594981 0.731156 0.591097 0.731156
1 0.559930 0.511775 0.589194 0.511775 0.589194 0.520979 0.559930 0.520979
1 0.605471 0.544804 0.613576 0.544804 0.613576 0.548452 0.605471 0.548452
1 0.646955 0.543014 0.650445 0.543014 0.650445 0.551157 0.646955 0.551157
1 0.605542 0.563770 0.613731 0.563770 0.613731 0.567471 0.605542 0.567471
1 0.612194 0.722144 0.615902 0.722144 0.615902 0.731005 0.612194 0.731005
1 0.532883 0.698887 0.535787 0.698887 0.535787 0.714736 0.532883 0.714736
1 0.551468 0.636370 0.555816 0.636370 0.555816 0.651134 0.551468 0.651134
1 0.657657 0.600407 0.662350 0.600407 0.662350 0.608735 0.657657 0.608735
1 0.580178 0.636313 0.584149 0.636313 0.584149 0.650952 0.580178 0.650952
1 0.812545 0.406958 0.820861 0.406958 0.820861 0.435449 0.812545 0.435449
1 0.900041 0.375321 0.929136 0.375321 0.929136 0.387114 0.900041 0.387114
1 0.771558 0.406691 0.779912 0.406691 0.779912 0.435441 0.771558 0.435441
1 0.826250 0.407455 0.834509 0.407455 0.834509 0.435159 0.826250 0.435159
1 0.858460 0.459508 0.888371 0.459508 0.888371 0.468385 0.858460 0.468385
1 0.899500 0.440230 0.928532 0.440230 0.928532 0.450053 0.899500 0.450053
1 0.858452 0.473150 0.888139 0.473150 0.888139 0.481983 0.858452 0.481983
1 0.785240 0.405911 0.793546 0.405911 0.793546 0.435317 0.785240 0.435317
1 0.858288 0.486447 0.887447 0.486447 0.887447 0.495595 0.858288 0.495595
1 0.858558 0.445658 0.887194 0.445658 0.887194 0.454683 0.858558 0.454683
1 0.839850 0.407356 0.848241 0.407356 0.848241 0.435163 0.839850 0.435163
1 0.757851 0.406467 0.766271 0.406467 0.766271 0.435260 0.757851 0.435260
1 0.798911 0.406155 0.807349 0.406155 0.807349 0.435049 0.798911 0.435049
1 0.898674 0.587258 0.927608 0.587258 0.927608 0.598851 0.898674 0.598851
1 0.838927 0.601973 0.847548 0.601973 0.847548 0.629745 0.838927 0.629745
1 0.898569 0.651287 0.927350 0.651287 0.927350 0.661861 0.898569 0.661861
1 0.798028 0.601907 0.806424 0.601907 0.806424 0.630308 0.798028 0.630308
1 0.858443 0.541286 0.887762 0.541286 0.887762 0.550179 0.858443 0.550179
1 0.858712 0.582100 0.886812 0.582100 0.886812 0.590900 0.858712 0.590900
1 0.756998 0.601862 0.765373 0.601862 0.765373 0.629425 0.756998 0.629425
1 0.858420 0.554856 0.887092 0.554856 0.887092 0.563912 0.858420 0.563912
1 0.858535 0.568294 0.887500 0.568294 0.887500 0.577458 0.858535 0.577458
1 0.858505 0.500304 0.888087 0.500304 0.888087 0.509143 0.858505 0.509143
1 0.858527 0.513988 0.887854 0.513988 0.887854 0.522954 0.858527 0.522954
1 0.811695 0.601985 0.820066 0.601985 0.820066 0.629078 0.811695 0.629078
1 0.825321 0.601986 0.833872 0.601986 0.833872 0.629306 0.825321 0.629306
1 0.858498 0.527400 0.886889 0.527400 0.886889 0.536610 0.858498 0.536610
1 0.770795 0.601887 0.779086 0.601887 0.779086 0.628906 0.770795 0.628906
1 0.784313 0.601812 0.792834 0.601812 0.792834 0.630296 0.784313 0.630296
1 0.743267 0.601662 0.751789 0.601662 0.751789 0.629493 0.743267 0.629493
1 0.853734 0.637393 0.858673 0.637393 0.858673 0.652426 0.853734 0.652426
1 0.907463 0.565635 0.915752 0.565635 0.915752 0.569596 0.907463 0.569596
1 0.883168 0.637521 0.887874 0.637521 0.887874 0.651792 0.883168 0.651792
1 0.907486 0.546811 0.915402 0.546811 0.915402 0.550294 0.907486 0.550294
1 0.103133 0.605991 0.111671 0.605991 0.111671 0.632392 0.103133 0.632392
1 0.117738 0.600262 0.125153 0.600262 0.125153 0.626213 0.117738 0.626213
1 0.064374 0.585095 0.092685 0.585095 0.092685 0.594869 0.064374 0.594869
1 0.065160 0.571838 0.092910 0.571838 0.092910 0.581163 0.065160 0.581163
1 0.131332 0.600374 0.138747 0.600374 0.138747 0.626326 0.131332 0.626326
1 0.144589 0.600823 0.152003 0.600823 0.152003 0.626775 0.144589 0.626775
1 0.158182 0.600936 0.165597 0.600936 0.165597 0.626887 0.158182 0.626887
1 0.212895 0.601273 0.220309 0.601273 0.220309 0.627224 0.212895 0.627224
1 0.198964 0.601834 0.206379 0.601834 0.206379 0.627786 0.198964 0.627786
1 0.185707 0.601497 0.192897 0.601497 0.192897 0.628123 0.185707 0.628123
1 0.172113 0.601385 0.179528 0.601385 0.179528 0.627337 0.172113 0.627337
1 0.240194 0.601048 0.247946 0.601048 0.247946 0.628011 0.240194 0.628011
1 0.226601 0.600936 0.234015 0.600936 0.234015 0.626887 0.226601 0.626887
1 0.064823 0.544426 0.092573 0.544426 0.092573 0.553751 0.064823 0.553751
1 0.064037 0.557795 0.092348 0.557795 0.092348 0.567569 0.064037 0.567569
1 0.064711 0.489938 0.092460 0.489938 0.092460 0.499263 0.064711 0.499263
1 0.063925 0.503195 0.092236 0.503195 0.092236 0.512969 0.063925 0.512969
1 0.065048 0.517238 0.092797 0.517238 0.092797 0.526563 0.065048 0.526563
1 0.064262 0.530495 0.092573 0.530495 0.092573 0.540269 0.064262 0.540269
1 0.064823 0.448595 0.093134 0.448595 0.093134 0.458369 0.064823 0.458369
1 0.065160 0.462638 0.092910 0.462638 0.092910 0.471963 0.065160 0.471963
1 0.064599 0.475670 0.092910 0.475670 0.092910 0.485445 0.064599 0.485445
1 0.102908 0.410622 0.112682 0.410622 0.112682 0.440282 0.102908 0.440282
1 0.118075 0.404106 0.126052 0.404106 0.126052 0.434215 0.118075 0.434215
1 0.131669 0.403994 0.139645 0.403994 0.139645 0.434103 0.131669 0.434103
1 0.145712 0.403769 0.153689 0.403769 0.153689 0.433878 0.145712 0.433878
1 0.159306 0.403657 0.167282 0.403657 0.167282 0.433766 0.159306 0.433766
1 0.172563 0.403882 0.180539 0.403882 0.180539 0.433990 0.172563 0.433990
1 0.186156 0.403769 0.194133 0.403769 0.194133 0.433878 0.186156 0.433878
1 0.200200 0.403545 0.208176 0.403545 0.208176 0.433653 0.200200 0.433653
1 0.213793 0.403432 0.221770 0.403432 0.221770 0.433541 0.213793 0.433541
1 0.240981 0.403994 0.248957 0.403994 0.248957 0.434103 0.240981 0.434103
1 0.227387 0.404106 0.235364 0.404106 0.235364 0.434215 0.227387 0.434215
1 0.259630 0.444551 0.287380 0.444551 0.287380 0.452078 0.259630 0.452078
1 0.260417 0.458369 0.288952 0.458369 0.288952 0.465896 0.260417 0.465896
1 0.259967 0.471626 0.288503 0.471626 0.288503 0.479490 0.259967 0.479490
1 0.260754 0.485557 0.288503 0.485557 0.288503 0.493084 0.260754 0.493084
1 0.259181 0.499263 0.287829 0.499263 0.287829 0.506790 0.259181 0.506790
1 0.259967 0.513081 0.288503 0.513081 0.288503 0.520609 0.259967 0.520609
1 0.259518 0.526338 0.288054 0.526338 0.288054 0.534202 0.259518 0.534202
1 0.259630 0.540494 0.288054 0.540494 0.288054 0.547796 0.259630 0.547796
1 0.259069 0.553751 0.287717 0.553751 0.287717 0.561278 0.259069 0.561278
1 0.259069 0.567344 0.287604 0.567344 0.287604 0.574871 0.259069 0.574871
1 0.259406 0.580938 0.287941 0.580938 0.287941 0.588802 0.259406 0.588802
