0 0.417553 0.328938 0.517751 0.328938 0.517751 0.432853 0.417553 0.432853
1 0.518187 0.406479 0.584019 0.406479 0.584019 0.433596 0.518187 0.433596
0 0.860648 0.766523 0.894039 0.766523 0.894039 0.787378 0.860648 0.787378
0 0.765562 0.630634 0.786557 0.630634 0.786557 0.663864 0.765562 0.663864
0 0.025962 0.868249 0.050511 0.868249 0.050511 0.880837 0.025962 0.880837
0 0.860864 0.731744 0.894136 0.731744 0.894136 0.752619 0.860864 0.752619
0 0.795523 0.631274 0.816578 0.631274 0.816578 0.664665 0.795523 0.664665
1 0.388779 0.333303 0.416890 0.333303 0.416890 0.425993 0.388779 0.425993
0 0.161631 0.599211 0.174127 0.599211 0.174127 0.623293 0.161631 0.623293
0 0.162189 0.555640 0.173876 0.555640 0.173876 0.580114 0.162189 0.580114
0 0.188363 0.331559 0.200431 0.331559 0.200431 0.355748 0.188363 0.355748
0 0.646161 0.714661 0.667436 0.714661 0.667436 0.747677 0.646161 0.747677
0 0.031961 0.200028 0.056461 0.200028 0.056461 0.212479 0.031961 0.212479
0 0.690390 0.787044 0.703427 0.787044 0.703427 0.812195 0.690390 0.812195
0 0.036468 0.644796 0.060880 0.644796 0.060880 0.657365 0.036468 0.657365
0 0.360216 0.957329 0.381678 0.957329 0.381678 0.990898 0.360216 0.990898
0 0.031408 0.251876 0.056010 0.251876 0.056010 0.263857 0.031408 0.263857
0 0.031135 0.380137 0.055647 0.380137 0.055647 0.393003 0.031135 0.393003
0 0.215359 0.870747 0.240101 0.870747 0.240101 0.883560 0.215359 0.883560
1 0.518789 0.328001 0.584564 0.328001 0.584564 0.355756 0.518789 0.355756
0 0.158465 0.192540 0.170325 0.192540 0.170325 0.216879 0.158465 0.216879
0 0.300355 0.466702 0.324973 0.466702 0.324973 0.478962 0.300355 0.478962
0 0.304281 0.023893 0.328964 0.023893 0.328964 0.036752 0.304281 0.036752
0 0.030861 0.142604 0.055880 0.142604 0.055880 0.154615 0.030861 0.154615
0 0.304750 0.645051 0.329340 0.645051 0.329340 0.657582 0.304750 0.657582
0 0.757156 0.735328 0.782910 0.735328 0.782910 0.748528 0.757156 0.748528
0 0.305181 0.551617 0.329536 0.551617 0.329536 0.564009 0.305181 0.564009
0 0.029566 0.020783 0.054342 0.020783 0.054342 0.032928 0.029566 0.032928
0 0.035709 0.592585 0.060228 0.592585 0.060228 0.605496 0.035709 0.605496
0 0.031563 0.296491 0.056204 0.296491 0.056204 0.309394 0.031563 0.309394
0 0.301854 0.424707 0.326606 0.424707 0.326606 0.437563 0.301854 0.437563
0 0.158571 0.241841 0.170928 0.241841 0.170928 0.266003 0.158571 0.266003
0 0.856552 0.703522 0.882441 0.703522 0.882441 0.716892 0.856552 0.716892
0 0.192738 0.598522 0.204588 0.598522 0.204588 0.622800 0.192738 0.622800
0 0.302477 0.337768 0.327336 0.337768 0.327336 0.350742 0.302477 0.350742
0 0.157032 0.378714 0.169961 0.378714 0.169961 0.403046 0.157032 0.403046
0 0.328374 0.210239 0.340632 0.210239 0.340632 0.234911 0.328374 0.234911
0 0.188450 0.242285 0.201069 0.242285 0.201069 0.266610 0.188450 0.266610
0 0.170417 0.039305 0.194748 0.039305 0.194748 0.051878 0.170417 0.051878
0 0.209013 0.678577 0.233763 0.678577 0.233763 0.690734 0.209013 0.690734
0 0.857790 0.802664 0.883681 0.802664 0.883681 0.815895 0.857790 0.815895
0 0.035757 0.550341 0.060300 0.550341 0.060300 0.562609 0.035757 0.562609
0 0.611122 0.797470 0.637029 0.797470 0.637029 0.811253 0.611122 0.811253
0 0.187539 0.290053 0.200572 0.290053 0.200572 0.314569 0.187539 0.314569
0 0.303830 0.117501 0.328093 0.117501 0.328093 0.130028 0.303830 0.130028
0 0.214844 0.959017 0.239559 0.959017 0.239559 0.971616 0.214844 0.971616
0 0.187860 0.420106 0.199754 0.420106 0.199754 0.444443 0.187860 0.444443
0 0.157078 0.419564 0.169495 0.419564 0.169495 0.443688 0.157078 0.443688
0 0.713251 0.930633 0.726653 0.930633 0.726653 0.955983 0.713251 0.955983
0 0.031177 0.336242 0.055781 0.336242 0.055781 0.349106 0.031177 0.349106
0 0.164629 0.134841 0.189236 0.134841 0.189236 0.147077 0.164629 0.147077
0 0.166670 0.012746 0.191415 0.012746 0.191415 0.024818 0.166670 0.024818
0 0.303836 0.188453 0.315588 0.188453 0.315588 0.212668 0.303836 0.212668
0 0.578682 0.758280 0.591664 0.758280 0.591664 0.783435 0.578682 0.783435
0 0.302819 0.382668 0.327193 0.382668 0.327193 0.395106 0.302819 0.395106
0 0.188073 0.466786 0.200110 0.466786 0.200110 0.491312 0.188073 0.491312
0 0.029971 0.080396 0.054366 0.080396 0.054366 0.092667 0.029971 0.092667
0 0.189908 0.066549 0.201798 0.066549 0.201798 0.090876 0.189908 0.090876
0 0.157690 0.330817 0.170529 0.330817 0.170529 0.355177 0.157690 0.355177
0 0.192227 0.555941 0.204613 0.555941 0.204613 0.580344 0.192227 0.580344
0 0.300943 0.254255 0.325777 0.254255 0.325777 0.266427 0.300943 0.266427
0 0.602584 0.757150 0.616718 0.757150 0.616718 0.782903 0.602584 0.782903
0 0.156310 0.466715 0.168448 0.466715 0.168448 0.490874 0.156310 0.490874
0 0.030934 0.464117 0.055727 0.464117 0.055727 0.476304 0.030934 0.476304
0 0.187089 0.378770 0.199206 0.378770 0.199206 0.403207 0.187089 0.403207
0 0.304287 0.593788 0.328903 0.593788 0.328903 0.606344 0.304287 0.606344
0 0.302871 0.296600 0.327612 0.296600 0.327612 0.309591 0.302871 0.309591
0 0.156743 0.289612 0.169010 0.289612 0.169010 0.314072 0.156743 0.314072
0 0.030469 0.422113 0.055097 0.422113 0.055097 0.434729 0.030469 0.434729
0 0.163381 0.108376 0.188137 0.108376 0.188137 0.120607 0.163381 0.120607
0 0.159173 0.649236 0.172055 0.649236 0.172055 0.673547 0.159173 0.673547
0 0.187248 0.163678 0.198909 0.163678 0.198909 0.187892 0.187248 0.187892
1 0.518085 0.372905 0.533037 0.372905 0.533037 0.389113 0.518085 0.389113
0 0.303371 0.143810 0.327994 0.143810 0.327994 0.155737 0.303371 0.155737
1 0.794853 0.621849 0.818279 0.621849 0.818279 0.630986 0.794853 0.630986
1 0.850691 0.728964 0.860712 0.728964 0.860712 0.755743 0.850691 0.755743
1 0.794620 0.665045 0.818018 0.665045 0.818018 0.672814 0.794620 0.672814
0 0.961750 0.737461 0.977488 0.737461 0.977488 0.745963 0.961750 0.745963
0 0.961919 0.754342 0.977756 0.754342 0.977756 0.762500 0.961919 0.762500
1 0.850333 0.762887 0.860634 0.762887 0.860634 0.789734 0.850333 0.789734
0 0.558196 0.389373 0.575085 0.389373 0.575085 0.399189 0.558196 0.399189
1 0.645850 0.705470 0.669221 0.705470 0.669221 0.714415 0.645850 0.714415
1 0.764070 0.621737 0.787563 0.621737 0.787563 0.630105 0.764070 0.630105
1 0.645643 0.748035 0.668793 0.748035 0.668793 0.756235 0.645643 0.756235
1 0.894214 0.730998 0.903121 0.730998 0.903121 0.754399 0.894214 0.754399
1 0.763857 0.664212 0.787272 0.664212 0.787272 0.672669 0.763857 0.672669
0 0.600521 0.401422 0.614664 0.401422 0.614664 0.428537 0.600521 0.428537
1 0.894221 0.765018 0.902997 0.765018 0.902997 0.788776 0.894221 0.788776
1 0.359272 0.947293 0.383918 0.947293 0.383918 0.957187 0.359272 0.957187
1 0.185574 0.266805 0.201861 0.266805 0.201861 0.271142 0.185574 0.271142
1 0.184708 0.462146 0.200621 0.462146 0.200621 0.466627 0.184708 0.466627
1 0.186798 0.061255 0.202744 0.061255 0.202744 0.066397 0.186798 0.066397
1 0.185635 0.284890 0.201423 0.284890 0.201423 0.289807 0.185635 0.289807
1 0.186553 0.091079 0.202345 0.091079 0.202345 0.095263 0.186553 0.095263
1 0.153881 0.462048 0.169803 0.462048 0.169803 0.466538 0.153881 0.466538
1 0.185394 0.373729 0.200951 0.373729 0.200951 0.378626 0.185394 0.378626
1 0.164346 0.036800 0.170304 0.036800 0.170304 0.052837 0.164346 0.052837
1 0.154407 0.373494 0.170318 0.373494 0.170318 0.378546 0.154407 0.378546
1 0.210213 0.868794 0.215251 0.868794 0.215251 0.885023 0.210213 0.885023
1 0.326438 0.205633 0.341941 0.205633 0.341941 0.210187 0.326438 0.210187
1 0.184777 0.414827 0.200785 0.414827 0.200785 0.419879 0.184777 0.419879
1 0.688652 0.782700 0.704548 0.782700 0.704548 0.786900 0.688652 0.786900
1 0.154549 0.414447 0.170649 0.414447 0.170649 0.419399 0.154549 0.419399
1 0.154711 0.284599 0.170781 0.284599 0.170781 0.289477 0.154711 0.289477
1 0.358605 0.991294 0.382609 0.991294 0.382609 0.998966 0.358605 0.998966
1 0.297225 0.379797 0.302605 0.379797 0.302605 0.395801 0.297225 0.395801
1 0.209874 0.956816 0.214771 0.956816 0.214771 0.972690 0.209874 0.972690
1 0.688560 0.812287 0.704779 0.812287 0.704779 0.816539 0.688560 0.816539
1 0.297890 0.294636 0.302719 0.294636 0.302719 0.310326 0.297890 0.310326
1 0.298921 0.115830 0.303659 0.115830 0.303659 0.131218 0.298921 0.131218
1 0.599733 0.397112 0.615591 0.397112 0.615591 0.401137 0.599733 0.401137
1 0.576120 0.753140 0.592330 0.753140 0.592330 0.757963 0.576120 0.757963
1 0.185664 0.355930 0.201156 0.355930 0.201156 0.359977 0.185664 0.359977
0 0.601015 0.320701 0.615510 0.320701 0.615510 0.348207 0.601015 0.348207
1 0.159206 0.550902 0.175006 0.550902 0.175006 0.555514 0.159206 0.555514
1 0.190087 0.551073 0.205795 0.551073 0.205795 0.555700 0.190087 0.555700
1 0.159224 0.132277 0.164491 0.132277 0.164491 0.148140 0.159224 0.148140
1 0.183824 0.403364 0.200745 0.403364 0.200745 0.407264 0.183824 0.407264
1 0.155392 0.266164 0.171333 0.266164 0.171333 0.270500 0.155392 0.270500
1 0.155609 0.187429 0.171296 0.187429 0.171296 0.192437 0.155609 0.192437
1 0.782981 0.733765 0.786920 0.733765 0.786920 0.749736 0.782981 0.749736
1 0.154924 0.237065 0.171670 0.237065 0.171670 0.241672 0.154924 0.241672
1 0.297469 0.335431 0.302370 0.335431 0.302370 0.351462 0.297469 0.351462
1 0.183845 0.491515 0.200672 0.491515 0.200672 0.495806 0.183845 0.495806
1 0.185759 0.237261 0.202054 0.237261 0.202054 0.242149 0.185759 0.242149
1 0.601667 0.752738 0.617791 0.752738 0.617791 0.756957 0.601667 0.756957
1 0.711534 0.925957 0.727840 0.925957 0.727840 0.930448 0.711534 0.930448
1 0.239591 0.957023 0.243875 0.957023 0.243875 0.972642 0.239591 0.972642
1 0.606094 0.795988 0.610881 0.795988 0.610881 0.812086 0.606094 0.812086
1 0.158088 0.105963 0.163163 0.105963 0.163163 0.121995 0.158088 0.121995
1 0.154404 0.403248 0.171154 0.403248 0.171154 0.407089 0.154404 0.407089
1 0.031007 0.642597 0.036033 0.642597 0.036033 0.658421 0.031007 0.658421
1 0.325842 0.235121 0.341928 0.235121 0.341928 0.238935 0.325842 0.238935
1 0.298280 0.140865 0.303307 0.140865 0.303307 0.156615 0.298280 0.156615
1 0.154092 0.443829 0.169941 0.443829 0.169941 0.448481 0.154092 0.448481
1 0.026033 0.462045 0.030773 0.462045 0.030773 0.477501 0.026033 0.477501
1 0.154695 0.325858 0.171163 0.325858 0.171163 0.330550 0.154695 0.330550
1 0.159215 0.594429 0.174938 0.594429 0.174938 0.598852 0.159215 0.598852
1 0.154622 0.314175 0.171704 0.314175 0.171704 0.318237 0.154622 0.318237
1 0.189308 0.580367 0.205560 0.580367 0.205560 0.584495 0.189308 0.584495
1 0.183328 0.158900 0.199773 0.158900 0.199773 0.163554 0.183328 0.163554
1 0.154919 0.355425 0.170807 0.355425 0.170807 0.359511 0.154919 0.359511
1 0.155991 0.217072 0.171642 0.217072 0.171642 0.221135 0.155991 0.221135
1 0.576510 0.783537 0.592335 0.783537 0.592335 0.786727 0.576510 0.786727
1 0.161810 0.011101 0.166450 0.011101 0.166450 0.027002 0.161810 0.027002
1 0.031197 0.547999 0.035478 0.547999 0.035478 0.563689 0.031197 0.563689
1 0.030915 0.590514 0.035384 0.590514 0.035384 0.606423 0.030915 0.606423
1 0.752773 0.733826 0.757039 0.733826 0.757039 0.749668 0.752773 0.749668
1 0.184904 0.326084 0.201527 0.326084 0.201527 0.331219 0.184904 0.331219
1 0.158462 0.644458 0.174420 0.644458 0.174420 0.648834 0.158462 0.648834
1 0.300491 0.183360 0.316762 0.183360 0.316762 0.188191 0.300491 0.188191
1 0.852226 0.701797 0.856446 0.701797 0.856446 0.717681 0.852226 0.717681
1 0.882466 0.702349 0.886762 0.702349 0.886762 0.717578 0.882466 0.717578
1 0.184869 0.444570 0.200603 0.444570 0.200603 0.448726 0.184869 0.448726
1 0.184079 0.188156 0.199609 0.188156 0.199609 0.192554 0.184079 0.192554
1 0.883632 0.801437 0.887952 0.801437 0.887952 0.816595 0.883632 0.816595
1 0.295548 0.464377 0.300156 0.464377 0.300156 0.479932 0.295548 0.479932
1 0.711543 0.956160 0.727828 0.956160 0.727828 0.960107 0.711543 0.960107
1 0.240120 0.868886 0.244464 0.868886 0.244464 0.884786 0.240120 0.884786
1 0.153922 0.491120 0.170297 0.491120 0.170297 0.495689 0.153922 0.495689
1 0.296571 0.252179 0.300787 0.252179 0.300787 0.267592 0.296571 0.267592
1 0.297088 0.422675 0.301614 0.422675 0.301614 0.438078 0.297088 0.438078
1 0.027650 0.198188 0.031609 0.198188 0.031609 0.214048 0.027650 0.214048
1 0.195141 0.037047 0.199433 0.037047 0.199433 0.052769 0.195141 0.052769
1 0.189432 0.593873 0.205428 0.593873 0.205428 0.598223 0.189432 0.598223
1 0.027267 0.294692 0.031315 0.294692 0.031315 0.310561 0.027267 0.310561
1 0.600496 0.316684 0.616114 0.316684 0.616114 0.320619 0.600496 0.320619
1 0.055946 0.334170 0.059694 0.334170 0.059694 0.349543 0.055946 0.349543
1 0.026770 0.378016 0.030926 0.378016 0.030926 0.394066 0.026770 0.394066
1 0.599229 0.428719 0.615363 0.428719 0.615363 0.432550 0.599229 0.432550
1 0.026330 0.420267 0.030306 0.420267 0.030306 0.435790 0.026330 0.435790
1 0.977612 0.737562 0.980845 0.737562 0.980845 0.746175 0.977612 0.746175
1 0.027290 0.249252 0.031161 0.249252 0.031161 0.265269 0.027290 0.265269
1 0.300376 0.643095 0.304555 0.643095 0.304555 0.658761 0.300376 0.658761
1 0.601550 0.782988 0.617345 0.782988 0.617345 0.786717 0.601550 0.786717
1 0.204415 0.675961 0.208790 0.675961 0.208790 0.691560 0.204415 0.691560
1 0.026575 0.140279 0.030575 0.140279 0.030575 0.155930 0.026575 0.155930
1 0.958132 0.754502 0.961735 0.754502 0.961735 0.762747 0.958132 0.762747
1 0.977794 0.754351 0.980731 0.754351 0.980731 0.762596 0.977794 0.762596
1 0.575125 0.390021 0.578277 0.390021 0.578277 0.399058 0.575125 0.399058
1 0.026916 0.333996 0.030957 0.333996 0.030957 0.349820 0.026916 0.349820
1 0.299803 0.021488 0.304071 0.021488 0.304071 0.037221 0.299803 0.037221
1 0.554925 0.389531 0.558120 0.389531 0.558120 0.398800 0.554925 0.398800
1 0.056613 0.198318 0.060032 0.198318 0.060032 0.213496 0.056613 0.213496
1 0.233723 0.675991 0.237256 0.675991 0.237256 0.691595 0.233723 0.691595
1 0.328311 0.141210 0.332211 0.141210 0.332211 0.157022 0.328311 0.157022
1 0.159408 0.623522 0.174787 0.623522 0.174787 0.627441 0.159408 0.627441
1 0.191649 0.011385 0.195298 0.011385 0.195298 0.026979 0.191649 0.026979
1 0.055271 0.420527 0.059119 0.420527 0.059119 0.435388 0.055271 0.435388
1 0.329128 0.592309 0.333230 0.592309 0.333230 0.607785 0.329128 0.607785
1 0.300952 0.549292 0.304824 0.549292 0.304824 0.565031 0.300952 0.565031
1 0.637276 0.796549 0.640740 0.796549 0.640740 0.811841 0.637276 0.811841
1 0.056384 0.294538 0.059894 0.294538 0.059894 0.310322 0.056384 0.310322
1 0.020922 0.866011 0.025507 0.866011 0.025507 0.881950 0.020922 0.881950
1 0.329631 0.643156 0.333215 0.643156 0.333215 0.659043 0.329631 0.659043
1 0.300362 0.591967 0.304085 0.591967 0.304085 0.607133 0.300362 0.607133
1 0.025169 0.077912 0.029656 0.077912 0.029656 0.093805 0.025169 0.093805
1 0.328553 0.115414 0.332554 0.115414 0.332554 0.131544 0.328553 0.131544
1 0.329107 0.021966 0.332529 0.021966 0.332529 0.037387 0.329107 0.037387
1 0.325154 0.464755 0.328636 0.464755 0.328636 0.480016 0.325154 0.480016
1 0.055946 0.378570 0.059303 0.378570 0.059303 0.393708 0.055946 0.393708
1 0.188375 0.106306 0.191453 0.106306 0.191453 0.121952 0.188375 0.121952
1 0.056282 0.249523 0.059845 0.249523 0.059845 0.264663 0.056282 0.264663
1 0.853558 0.800700 0.857646 0.800700 0.857646 0.816704 0.853558 0.816704
1 0.327513 0.380266 0.330608 0.380266 0.330608 0.396123 0.327513 0.396123
1 0.189626 0.623099 0.205469 0.623099 0.205469 0.627281 0.189626 0.627281
1 0.054534 0.077909 0.057600 0.077909 0.057600 0.093679 0.054534 0.093679
1 0.054541 0.018808 0.057866 0.018808 0.057866 0.033934 0.054541 0.033934
1 0.184480 0.314731 0.201406 0.314731 0.201406 0.318582 0.184480 0.318582
1 0.327476 0.335829 0.331006 0.335829 0.331006 0.351852 0.327476 0.351852
1 0.958529 0.737448 0.961759 0.737448 0.961759 0.745850 0.958529 0.745850
1 0.327913 0.294641 0.330948 0.294641 0.330948 0.310655 0.327913 0.310655
1 0.055963 0.140173 0.058756 0.140173 0.058756 0.155561 0.055963 0.155561
1 0.050777 0.866182 0.053662 0.866182 0.053662 0.882060 0.050777 0.882060
1 0.055892 0.462582 0.058950 0.462582 0.058950 0.476745 0.055892 0.476745
1 0.329839 0.549421 0.333442 0.549421 0.333442 0.565337 0.329839 0.565337
1 0.159553 0.580292 0.175658 0.580292 0.175658 0.584239 0.159553 0.584239
1 0.300916 0.213051 0.316317 0.213051 0.316317 0.217193 0.300916 0.217193
1 0.600124 0.348529 0.615997 0.348529 0.615997 0.352002 0.600124 0.352002
1 0.325950 0.251976 0.329514 0.251976 0.329514 0.268243 0.325950 0.268243
1 0.189268 0.132587 0.193583 0.132587 0.193583 0.148518 0.189268 0.148518
1 0.060315 0.590795 0.063534 0.590795 0.063534 0.605846 0.060315 0.605846
1 0.025138 0.018816 0.029255 0.018816 0.029255 0.034938 0.025138 0.034938
1 0.158221 0.673881 0.174064 0.673881 0.174064 0.678056 0.158221 0.678056
1 0.326841 0.422713 0.330299 0.422713 0.330299 0.438721 0.326841 0.438721
1 0.060355 0.548091 0.063521 0.548091 0.063521 0.563207 0.060355 0.563207
1 0.972425 0.611146 0.997149 0.611146 0.997149 0.629856 0.972425 0.629856
1 0.966857 0.418478 0.992471 0.418478 0.992471 0.435184 0.966857 0.435184
1 0.158561 0.532563 0.174911 0.532563 0.174911 0.537468 0.158561 0.537468
1 0.189898 0.533108 0.205839 0.533108 0.205839 0.536923 0.189898 0.536923
0 0.162921 0.508584 0.174366 0.508584 0.174366 0.532018 0.162921 0.532018
0 0.193577 0.508447 0.205158 0.508447 0.205158 0.532427 0.193577 0.532427
0 0.306391 0.509129 0.329825 0.509129 0.329825 0.521391 0.306391 0.521391
1 0.564619 0.688036 0.589652 0.688036 0.589652 0.705791 0.564619 0.705791
0 0.489812 0.511934 0.663585 0.511934 0.663585 0.686289 0.489812 0.686289
