0 0.029868 0.167067 0.063275 0.167067 0.063275 0.188025 0.029868 0.188025
0 0.212388 0.480287 0.246473 0.480287 0.246473 0.501607 0.212388 0.501607
0 0.041221 0.097466 0.060526 0.097466 0.060526 0.144963 0.041221 0.144963
0 0.406689 0.033406 0.424055 0.033406 0.424055 0.042639 0.406689 0.042639
0 0.406870 0.049542 0.423522 0.049542 0.423522 0.058849 0.406870 0.058849
0 0.170119 0.146333 0.221714 0.146333 0.221714 0.214030 0.170119 0.214030
0 0.391869 0.111571 0.429925 0.111571 0.429925 0.181096 0.391869 0.181096
0 0.307706 0.115596 0.359302 0.115596 0.359302 0.181828 0.307706 0.181828
0 0.349456 0.773841 0.375264 0.773841 0.375264 0.788324 0.349456 0.788324
0 0.259586 0.728972 0.283732 0.728972 0.283732 0.741555 0.259586 0.741555
0 0.146601 0.665278 0.167760 0.665278 0.167760 0.698895 0.146601 0.698895
0 0.108534 0.700547 0.134240 0.700547 0.134240 0.715041 0.108534 0.715041
0 0.285707 0.691986 0.318962 0.691986 0.318962 0.713599 0.285707 0.713599
0 0.393721 0.522149 0.407868 0.522149 0.407868 0.547634 0.393721 0.547634
0 0.178696 0.801977 0.200353 0.801977 0.200353 0.835967 0.178696 0.835967
0 0.146529 0.802072 0.168032 0.802072 0.168032 0.836065 0.146529 0.836065
0 0.177298 0.665776 0.198179 0.665776 0.198179 0.699541 0.177298 0.699541
0 0.029705 0.690987 0.062925 0.690987 0.062925 0.711894 0.029705 0.711894
0 0.408185 0.777601 0.441203 0.777601 0.441203 0.799222 0.408185 0.799222
0 0.029805 0.656457 0.063388 0.656457 0.063388 0.677567 0.029805 0.677567
0 0.285293 0.755488 0.319155 0.755488 0.319155 0.776602 0.285293 0.776602
0 0.340445 0.502088 0.354636 0.502088 0.354636 0.527674 0.340445 0.527674
0 0.373109 0.661072 0.398835 0.661072 0.398835 0.675866 0.373109 0.675866
0 0.094840 0.802332 0.116236 0.802332 0.116236 0.836178 0.094840 0.836178
0 0.408922 0.810311 0.442267 0.810311 0.442267 0.831226 0.408922 0.831226
0 0.114159 0.647313 0.135691 0.647313 0.135691 0.681019 0.114159 0.681019
0 0.230971 0.559098 0.243320 0.559098 0.243320 0.583302 0.230971 0.583302
0 0.137926 0.579192 0.163457 0.579192 0.163457 0.592289 0.137926 0.592289
0 0.034086 0.807264 0.053835 0.807264 0.053835 0.853779 0.034086 0.853779
0 0.271866 0.837628 0.289011 0.837628 0.289011 0.847438 0.271866 0.847438
0 0.302288 0.650250 0.327757 0.650250 0.327757 0.663453 0.302288 0.663453
0 0.266832 0.894656 0.299910 0.894656 0.299910 0.913522 0.266832 0.913522
0 0.220155 0.817617 0.245594 0.817617 0.245594 0.830779 0.220155 0.830779
0 0.391020 0.629046 0.401095 0.629046 0.401095 0.646122 0.391020 0.646122
0 0.303347 0.856959 0.320809 0.856959 0.320809 0.866287 0.303347 0.866287
0 0.158461 0.605168 0.178155 0.605168 0.178155 0.639277 0.158461 0.639277
0 0.073345 0.536182 0.087575 0.536182 0.087575 0.561932 0.073345 0.561932
0 0.224242 0.969469 0.241062 0.969469 0.241062 0.979074 0.224242 0.979074
0 0.029050 0.600875 0.076300 0.600875 0.076300 0.620811 0.029050 0.620811
0 0.165301 0.854053 0.222222 0.854053 0.222222 0.932889 0.165301 0.932889
0 0.031250 0.882798 0.099841 0.882798 0.099841 0.934028 0.031250 0.934028
0 0.289390 0.552368 0.347735 0.552368 0.347735 0.631774 0.289390 0.631774
0 0.302488 0.839335 0.319718 0.839335 0.319718 0.849152 0.302488 0.849152
0 0.255211 0.959145 0.264823 0.959145 0.264823 0.975706 0.255211 0.975706
0 0.753576 0.472775 0.766372 0.472775 0.766372 0.498214 0.753576 0.498214
0 0.672749 0.074016 0.700310 0.074016 0.700310 0.088540 0.672749 0.088540
0 0.878612 0.353976 0.895583 0.353976 0.895583 0.363065 0.878612 0.363065
0 0.886449 0.248643 0.919813 0.248643 0.919813 0.266848 0.886449 0.266848
0 0.576630 0.363572 0.598085 0.363572 0.598085 0.397469 0.576630 0.397469
0 0.647905 0.455670 0.660643 0.455670 0.660643 0.480942 0.647905 0.480942
0 0.784673 0.423809 0.800325 0.423809 0.800325 0.431849 0.784673 0.431849
0 0.717586 0.272476 0.730340 0.272476 0.730340 0.297960 0.717586 0.297960
0 0.669011 0.406539 0.682212 0.406539 0.682212 0.432330 0.669011 0.432330
0 0.732986 0.187157 0.759057 0.187157 0.759057 0.201282 0.732986 0.201282
0 0.784472 0.403179 0.800305 0.403179 0.800305 0.411307 0.784472 0.411307
0 0.758330 0.240084 0.771628 0.240084 0.771628 0.265508 0.758330 0.265508
0 0.936116 0.269014 0.945441 0.269014 0.945441 0.285657 0.936116 0.285657
0 0.716021 0.366520 0.728176 0.366520 0.728176 0.391920 0.716021 0.391920
0 0.623736 0.469267 0.636491 0.469267 0.636491 0.494562 0.623736 0.494562
0 0.611828 0.340854 0.624591 0.340854 0.624591 0.366543 0.611828 0.366543
0 0.651385 0.340292 0.676862 0.340292 0.676862 0.353453 0.651385 0.353453
0 0.700179 0.228296 0.713509 0.228296 0.713509 0.253694 0.700179 0.253694
0 0.666180 0.366746 0.679028 0.366746 0.679028 0.392182 0.666180 0.392182
0 0.691952 0.323784 0.704855 0.323784 0.704855 0.349129 0.691952 0.349129
0 0.830096 0.238413 0.843347 0.238413 0.843347 0.263746 0.830096 0.263746
0 0.694095 0.366306 0.706935 0.366306 0.706935 0.391982 0.694095 0.391982
0 0.743164 0.356529 0.755935 0.356529 0.755935 0.381946 0.743164 0.381946
0 0.887255 0.321118 0.895316 0.321118 0.895316 0.336863 0.887255 0.336863
0 0.878330 0.141789 0.887412 0.141789 0.887412 0.158555 0.878330 0.158555
0 0.701438 0.480920 0.726781 0.480920 0.726781 0.494800 0.701438 0.494800
0 0.745120 0.282582 0.758012 0.282582 0.758012 0.308049 0.745120 0.308049
0 0.903052 0.297830 0.918748 0.297830 0.918748 0.305851 0.903052 0.305851
0 0.637192 0.366523 0.649982 0.366523 0.649982 0.392217 0.637192 0.392217
0 0.954195 0.249092 0.988098 0.249092 0.988098 0.267730 0.954195 0.267730
0 0.661297 0.291290 0.674319 0.291290 0.674319 0.316754 0.661297 0.316754
0 0.786007 0.286430 0.799206 0.286430 0.799206 0.311903 0.786007 0.311903
0 0.655346 0.497298 0.680649 0.497298 0.680649 0.510528 0.655346 0.510528
0 0.693702 0.268988 0.706659 0.268988 0.706659 0.294523 0.693702 0.294523
0 0.831245 0.286397 0.844151 0.286397 0.844151 0.311864 0.831245 0.311864
0 0.870475 0.320810 0.880118 0.320810 0.880118 0.337376 0.870475 0.337376
0 0.822207 0.357466 0.830604 0.357466 0.830604 0.373574 0.822207 0.373574
0 0.859738 0.347218 0.867867 0.347218 0.867867 0.363142 0.859738 0.363142
0 0.792581 0.363232 0.805393 0.363232 0.805393 0.388560 0.792581 0.388560
0 0.762652 0.396040 0.771243 0.396040 0.771243 0.411925 0.762652 0.411925
0 0.808793 0.286172 0.821709 0.286172 0.821709 0.311695 0.808793 0.311695
0 0.861447 0.142245 0.869445 0.142245 0.869445 0.157601 0.861447 0.157601
0 0.839737 0.357298 0.847577 0.357298 0.847577 0.373328 0.839737 0.373328
0 0.862007 0.097677 0.869914 0.097677 0.869914 0.113663 0.862007 0.113663
0 0.695621 0.411064 0.704797 0.411064 0.704797 0.427323 0.695621 0.427323
0 0.942705 0.321339 0.959577 0.321339 0.959577 0.330981 0.942705 0.330981
0 0.773610 0.442328 0.781763 0.442328 0.781763 0.458115 0.773610 0.458115
0 0.677302 0.040352 0.692634 0.040352 0.692634 0.048208 0.677302 0.048208
0 0.937006 0.237719 0.944915 0.237719 0.944915 0.253470 0.937006 0.253470
0 0.757526 0.438737 0.766485 0.438737 0.766485 0.455146 0.757526 0.455146
0 0.831667 0.070388 0.840780 0.070388 0.840780 0.086907 0.831667 0.086907
0 0.822560 0.335445 0.839061 0.335445 0.839061 0.344389 0.822560 0.344389
0 0.583624 0.782908 0.608828 0.782908 0.608828 0.796310 0.583624 0.796310
0 0.558522 0.975616 0.584095 0.975616 0.584095 0.989014 0.558522 0.989014
0 0.517077 0.973558 0.542992 0.973558 0.542992 0.987848 0.517077 0.987848
0 0.587031 0.809998 0.612663 0.809998 0.612663 0.824084 0.587031 0.824084
0 0.630320 0.838305 0.652192 0.838305 0.652192 0.871692 0.630320 0.871692
0 0.561465 0.660712 0.575760 0.660712 0.575760 0.686494 0.561465 0.686494
0 0.610178 0.935483 0.624460 0.935483 0.624460 0.961078 0.610178 0.961078
0 0.715244 0.875486 0.740582 0.875486 0.740582 0.889111 0.715244 0.889111
0 0.650044 0.519693 0.675396 0.519693 0.675396 0.532966 0.650044 0.532966
0 0.665759 0.596508 0.691028 0.596508 0.691028 0.610045 0.665759 0.610045
0 0.545238 0.580596 0.570848 0.580596 0.570848 0.594782 0.545238 0.594782
0 0.622435 0.729059 0.649828 0.729059 0.649828 0.743512 0.622435 0.743512
0 0.593253 0.701877 0.606079 0.701877 0.606079 0.727392 0.593253 0.727392
0 0.701333 0.503821 0.726690 0.503821 0.726690 0.517407 0.701333 0.517407
0 0.759585 0.874007 0.784906 0.874007 0.784906 0.887300 0.759585 0.887300
0 0.873786 0.825634 0.895151 0.825634 0.895151 0.858166 0.873786 0.858166
0 0.674650 0.873692 0.700001 0.873692 0.700001 0.886844 0.674650 0.886844
0 0.738763 0.954617 0.771619 0.954617 0.771619 0.975514 0.738763 0.975514
0 0.707566 0.640906 0.720702 0.640906 0.720702 0.666438 0.707566 0.666438
0 0.821384 0.780550 0.836984 0.780550 0.836984 0.788758 0.821384 0.788758
0 0.772805 0.625389 0.788599 0.625389 0.788599 0.633586 0.772805 0.633586
0 0.797768 0.945815 0.830564 0.945815 0.830564 0.966479 0.797768 0.966479
0 0.821420 0.804725 0.837238 0.804725 0.837238 0.812814 0.821420 0.812814
0 0.561548 0.609796 0.595096 0.609796 0.595096 0.631242 0.561548 0.631242
0 0.662618 0.805421 0.676848 0.805421 0.676848 0.832816 0.662618 0.832816
0 0.740160 0.636468 0.755729 0.636468 0.755729 0.644868 0.740160 0.644868
0 0.789210 0.649075 0.797354 0.649075 0.797354 0.664948 0.789210 0.664948
0 0.739605 0.685318 0.755457 0.685318 0.755457 0.693605 0.739605 0.693605
0 0.912365 0.817524 0.927644 0.817524 0.927644 0.825217 0.912365 0.825217
0 0.781181 0.691795 0.796889 0.691795 0.796889 0.700006 0.781181 0.700006
0 0.780739 0.732272 0.796044 0.732272 0.796044 0.740298 0.780739 0.740298
0 0.712062 0.543970 0.727779 0.543970 0.727779 0.552213 0.712062 0.552213
0 0.663553 0.843996 0.688871 0.843996 0.688871 0.857107 0.663553 0.857107
0 0.968996 0.806475 0.976991 0.806475 0.976991 0.822276 0.968996 0.822276
0 0.651289 0.777971 0.676530 0.777971 0.676530 0.791821 0.651289 0.791821
0 0.968907 0.847492 0.977121 0.847492 0.977121 0.863484 0.968907 0.863484
0 0.765588 0.609007 0.781509 0.609007 0.781509 0.617434 0.765588 0.617434
0 0.704239 0.846471 0.729242 0.846471 0.729242 0.860173 0.704239 0.860173
0 0.640430 0.559770 0.654796 0.559770 0.654796 0.585703 0.640430 0.585703
0 0.790797 0.548863 0.803464 0.548863 0.803464 0.574054 0.790797 0.574054
0 0.779715 0.805523 0.795492 0.805523 0.795492 0.813379 0.779715 0.813379
0 0.734861 0.712812 0.747643 0.712812 0.747643 0.737262 0.734861 0.737262
0 0.821254 0.761732 0.836983 0.761732 0.836983 0.769885 0.821254 0.769885
0 0.945761 0.806572 0.953545 0.806572 0.953545 0.822488 0.945761 0.822488
0 0.779577 0.781787 0.795455 0.781787 0.795455 0.789976 0.779577 0.789976
0 0.779627 0.758523 0.795500 0.758523 0.795500 0.766783 0.779627 0.766783
0 0.945469 0.847773 0.953655 0.847773 0.953655 0.863588 0.945469 0.863588
0 0.918813 0.853073 0.934533 0.853073 0.934533 0.861300 0.918813 0.861300
0 0.711980 0.526372 0.727885 0.526372 0.727885 0.536095 0.711980 0.536095
0 0.790430 0.675288 0.806695 0.675288 0.806695 0.684315 0.790430 0.684315
0 0.854956 0.824052 0.863733 0.824052 0.863733 0.840201 0.854956 0.840201
0 0.712724 0.607027 0.728836 0.607027 0.728836 0.616008 0.712724 0.616008
0 0.991803 0.806549 0.999825 0.806549 0.999825 0.822402 0.991803 0.822402
0 0.991878 0.847329 0.999856 0.847329 0.999856 0.863216 0.991878 0.863216
1 0.061086 0.112487 0.078437 0.112487 0.078437 0.128678 0.061086 0.128678
1 0.063790 0.164943 0.072842 0.164943 0.072842 0.190552 0.063790 0.190552
1 0.025062 0.130711 0.040676 0.130711 0.040676 0.143664 0.025062 0.143664
1 0.173778 0.214395 0.217045 0.214395 0.217045 0.237062 0.173778 0.237062
1 0.021143 0.165774 0.029702 0.165774 0.029702 0.189927 0.021143 0.189927
1 0.026153 0.097985 0.041121 0.097985 0.041121 0.110963 0.026153 0.110963
1 0.175527 0.126160 0.215493 0.126160 0.215493 0.145968 0.175527 0.145968
1 0.205009 0.479273 0.212163 0.479273 0.212163 0.503118 0.205009 0.503118
1 0.176024 0.699718 0.200026 0.699718 0.200026 0.708128 0.176024 0.708128
1 0.062858 0.620960 0.075975 0.620960 0.075975 0.635773 0.062858 0.635773
1 0.030172 0.620861 0.043268 0.620861 0.043268 0.636006 0.030172 0.636006
1 0.063393 0.689257 0.071571 0.689257 0.071571 0.713722 0.063393 0.713722
1 0.045083 0.583961 0.060902 0.583961 0.060902 0.601146 0.045083 0.601146
1 0.112845 0.638209 0.136705 0.638209 0.136705 0.646931 0.112845 0.646931
1 0.112945 0.681023 0.136590 0.681023 0.136590 0.689209 0.112945 0.689209
1 0.145410 0.607331 0.158285 0.607331 0.158285 0.617485 0.145410 0.617485
1 0.176114 0.656919 0.199885 0.656919 0.199885 0.665278 0.176114 0.665278
1 0.145417 0.656872 0.169020 0.656872 0.169020 0.664822 0.145417 0.664822
1 0.063600 0.655352 0.071657 0.655352 0.071657 0.678917 0.063600 0.678917
1 0.178162 0.618365 0.190911 0.618365 0.190911 0.628593 0.178162 0.628593
1 0.145160 0.629418 0.158383 0.629418 0.158383 0.639575 0.145160 0.639575
1 0.145501 0.699247 0.169263 0.699247 0.169263 0.708172 0.145501 0.708172
1 0.021016 0.655042 0.029681 0.655042 0.029681 0.679045 0.021016 0.679045
1 0.021231 0.689442 0.029428 0.689442 0.029428 0.713221 0.021231 0.713221
1 0.134451 0.700472 0.137996 0.700472 0.137996 0.715611 0.134451 0.715611
1 0.072795 0.531844 0.088227 0.531844 0.088227 0.536268 0.072795 0.536268
1 0.072747 0.561950 0.087142 0.561950 0.087142 0.565521 0.072747 0.565521
1 0.134725 0.578661 0.138107 0.578661 0.138107 0.592868 0.134725 0.592868
1 0.255030 0.727298 0.259354 0.727298 0.259354 0.743640 0.255030 0.743640
1 0.229018 0.583446 0.245364 0.583446 0.245364 0.588127 0.229018 0.588127
1 0.229525 0.554665 0.244912 0.554665 0.244912 0.558942 0.229525 0.558942
1 0.163587 0.578215 0.167612 0.578215 0.167612 0.593680 0.163587 0.593680
1 0.104882 0.700412 0.108610 0.700412 0.108610 0.715654 0.104882 0.715654
1 0.130227 0.877397 0.158857 0.877397 0.158857 0.888636 0.130227 0.888636
1 0.223809 0.856313 0.253421 0.856313 0.253421 0.866877 0.223809 0.866877
1 0.144270 0.792173 0.170594 0.792173 0.170594 0.802116 0.144270 0.802116
1 0.019399 0.840838 0.034208 0.840838 0.034208 0.853806 0.019399 0.853806
1 0.019140 0.808342 0.034071 0.808342 0.034071 0.821225 0.019140 0.821225
1 0.176636 0.792303 0.202735 0.792303 0.202735 0.801961 0.176636 0.801961
1 0.128806 0.899043 0.158830 0.899043 0.158830 0.910162 0.128806 0.910162
1 0.054519 0.823333 0.069781 0.823333 0.069781 0.837495 0.054519 0.837495
1 0.223788 0.921026 0.253418 0.921026 0.253418 0.931965 0.223788 0.931965
1 0.103141 0.885859 0.121170 0.885859 0.121170 0.929698 0.103141 0.929698
1 0.144357 0.835945 0.170688 0.835945 0.170688 0.845759 0.144357 0.845759
1 0.009374 0.885713 0.028665 0.885713 0.028665 0.930197 0.009374 0.930197
1 0.223886 0.899195 0.253139 0.899195 0.253139 0.910179 0.223886 0.910179
1 0.128925 0.855179 0.158979 0.855179 0.158979 0.867049 0.128925 0.867049
1 0.093070 0.836288 0.119405 0.836288 0.119405 0.845863 0.093070 0.845863
1 0.176668 0.835946 0.201678 0.835946 0.201678 0.845709 0.176668 0.845709
1 0.093066 0.792373 0.119218 0.792373 0.119218 0.802067 0.093066 0.802067
1 0.223803 0.877456 0.253028 0.877456 0.253028 0.888664 0.223803 0.888664
1 0.130103 0.920717 0.159039 0.920717 0.159039 0.932052 0.130103 0.932052
1 0.216014 0.816209 0.220004 0.816209 0.220004 0.831832 0.216014 0.831832
1 0.245630 0.816582 0.249426 0.816582 0.249426 0.831855 0.245630 0.831855
1 0.241067 0.969601 0.245131 0.969601 0.245131 0.979686 0.241067 0.979686
1 0.221057 0.969666 0.224221 0.969666 0.224221 0.978891 0.221057 0.978891
1 0.313741 0.094604 0.356374 0.094604 0.356374 0.115230 0.313741 0.115230
1 0.312463 0.181828 0.355713 0.181828 0.355713 0.205228 0.312463 0.205228
1 0.396302 0.092274 0.425900 0.092274 0.425900 0.111571 0.396302 0.111571
1 0.394423 0.181486 0.425761 0.181486 0.425761 0.197374 0.394423 0.197374
1 0.403030 0.049579 0.406812 0.049579 0.406812 0.058861 0.403030 0.058861
1 0.403033 0.033495 0.406728 0.033495 0.406728 0.042628 0.403033 0.042628
1 0.423100 0.049600 0.427124 0.049600 0.427124 0.059141 0.423100 0.059141
1 0.423627 0.033530 0.427627 0.033530 0.427627 0.042870 0.423627 0.042870
1 0.246825 0.479277 0.255649 0.479277 0.255649 0.502900 0.246825 0.502900
1 0.340035 0.497547 0.355731 0.497547 0.355731 0.502200 0.340035 0.502200
1 0.257750 0.553372 0.287256 0.553372 0.287256 0.565412 0.257750 0.565412
1 0.258598 0.619399 0.287453 0.619399 0.287453 0.630455 0.258598 0.630455
1 0.353522 0.575565 0.382480 0.575565 0.382480 0.586944 0.353522 0.586944
1 0.259084 0.597731 0.287235 0.597731 0.287235 0.608598 0.259084 0.608598
1 0.353494 0.597207 0.382709 0.597207 0.382709 0.608821 0.353494 0.608821
1 0.353166 0.618871 0.383022 0.618871 0.383022 0.630352 0.353166 0.630352
1 0.277209 0.691275 0.285087 0.691275 0.285087 0.714880 0.277209 0.714880
1 0.353810 0.553985 0.382430 0.553985 0.382430 0.565198 0.353810 0.565198
1 0.319729 0.691061 0.327607 0.691061 0.327607 0.714735 0.319729 0.714735
1 0.258281 0.575595 0.287269 0.575595 0.287269 0.587186 0.258281 0.587186
1 0.340430 0.527898 0.355404 0.527898 0.355404 0.531703 0.340430 0.531703
1 0.283574 0.727409 0.288115 0.727409 0.288115 0.743353 0.283574 0.743353
1 0.398633 0.660383 0.403011 0.660383 0.403011 0.676234 0.398633 0.676234
1 0.391454 0.646258 0.400851 0.646258 0.400851 0.649894 0.391454 0.649894
1 0.298468 0.649163 0.302214 0.649163 0.302214 0.664700 0.298468 0.664700
1 0.369194 0.660685 0.373069 0.660685 0.373069 0.676537 0.369194 0.676537
1 0.391328 0.625467 0.401300 0.625467 0.401300 0.629370 0.391328 0.629370
1 0.327896 0.649306 0.331586 0.649306 0.331586 0.664405 0.327896 0.664405
1 0.393009 0.547651 0.409394 0.547651 0.409394 0.552179 0.393009 0.552179
1 0.393398 0.518047 0.408471 0.518047 0.408471 0.522101 0.393398 0.522101
1 0.441738 0.774909 0.451953 0.774909 0.451953 0.801373 0.441738 0.801373
1 0.319525 0.753918 0.327885 0.753918 0.327885 0.777932 0.319525 0.777932
1 0.277072 0.754179 0.285059 0.754179 0.285059 0.778068 0.277072 0.778068
1 0.278660 0.913336 0.289298 0.913336 0.289298 0.927513 0.278660 0.927513
1 0.442719 0.808596 0.450901 0.808596 0.450901 0.832336 0.442719 0.832336
1 0.289663 0.881051 0.300280 0.881051 0.300280 0.895335 0.289663 0.895335
1 0.267700 0.880474 0.277990 0.880474 0.277990 0.895089 0.267700 0.895089
1 0.400059 0.808922 0.408558 0.808922 0.408558 0.832349 0.400059 0.832349
1 0.400015 0.776205 0.407928 0.776205 0.407928 0.799907 0.400015 0.799907
1 0.345463 0.773328 0.349645 0.773328 0.349645 0.789219 0.345463 0.789219
1 0.268061 0.838064 0.271873 0.838064 0.271873 0.847233 0.268061 0.847233
1 0.320563 0.857171 0.324314 0.857171 0.324314 0.866163 0.320563 0.866163
1 0.255533 0.975290 0.264118 0.975290 0.264118 0.979137 0.255533 0.979137
1 0.299738 0.857037 0.303489 0.857037 0.303489 0.865980 0.299738 0.865980
1 0.288810 0.837954 0.292452 0.837954 0.292452 0.846906 0.288810 0.846906
1 0.255401 0.955534 0.264617 0.955534 0.264617 0.959281 0.255401 0.959281
1 0.299061 0.839869 0.302793 0.839869 0.302793 0.848943 0.299061 0.848943
1 0.319488 0.840190 0.322923 0.840190 0.322923 0.848642 0.319488 0.848642
1 0.375172 0.772966 0.378920 0.772966 0.378920 0.789518 0.375172 0.789518
1 0.699079 0.253773 0.714465 0.253773 0.714465 0.258079 0.699079 0.258079
1 0.699050 0.223826 0.714615 0.223826 0.714615 0.228199 0.699050 0.228199
1 0.700337 0.073048 0.703751 0.073048 0.703751 0.089102 0.700337 0.089102
1 0.672834 0.040344 0.677094 0.040344 0.677094 0.048672 0.672834 0.048672
1 0.692746 0.040100 0.696735 0.040100 0.696735 0.048523 0.692746 0.048523
1 0.759041 0.187027 0.762767 0.187027 0.762767 0.201962 0.759041 0.201962
1 0.669981 0.074060 0.672663 0.074060 0.672663 0.088910 0.669981 0.088910
1 0.575645 0.355478 0.599212 0.355478 0.599212 0.363444 0.575645 0.363444
1 0.692330 0.265043 0.708048 0.265043 0.708048 0.269043 0.692330 0.269043
1 0.636126 0.362783 0.651571 0.362783 0.651571 0.366622 0.636126 0.366622
1 0.575385 0.397676 0.599101 0.397676 0.599101 0.406756 0.575385 0.406756
1 0.716448 0.298169 0.731613 0.298169 0.731613 0.301978 0.716448 0.301978
1 0.690701 0.319721 0.705927 0.319721 0.705927 0.323617 0.690701 0.323617
1 0.693121 0.362590 0.707670 0.362590 0.707670 0.366332 0.693121 0.366332
1 0.714569 0.362407 0.729838 0.362407 0.729838 0.366390 0.714569 0.366390
1 0.667787 0.402993 0.682818 0.402993 0.682818 0.406567 0.667787 0.406567
1 0.692925 0.294639 0.707615 0.294639 0.707615 0.298981 0.692925 0.298981
1 0.646134 0.451552 0.661820 0.451552 0.661820 0.455490 0.646134 0.455490
1 0.647772 0.339183 0.651315 0.339183 0.651315 0.354090 0.647772 0.354090
1 0.676980 0.338732 0.681157 0.338732 0.681157 0.354336 0.676980 0.354336
1 0.659488 0.287303 0.675801 0.287303 0.675801 0.291179 0.659488 0.291179
1 0.659984 0.316734 0.675037 0.316734 0.675037 0.321019 0.659984 0.321019
1 0.695649 0.407409 0.704593 0.407409 0.704593 0.411046 0.695649 0.411046
1 0.610537 0.336736 0.625884 0.336736 0.625884 0.340671 0.610537 0.340671
1 0.665148 0.362956 0.680013 0.362956 0.680013 0.366925 0.665148 0.366925
1 0.691278 0.349343 0.705889 0.349343 0.705889 0.353165 0.691278 0.353165
1 0.697280 0.479822 0.701385 0.479822 0.701385 0.495477 0.697280 0.495477
1 0.726730 0.479788 0.730858 0.479788 0.730858 0.495740 0.726730 0.495740
1 0.610527 0.366383 0.625700 0.366383 0.625700 0.370544 0.610527 0.370544
1 0.695320 0.427236 0.705110 0.427236 0.705110 0.431370 0.695320 0.431370
1 0.665194 0.392178 0.680691 0.392178 0.680691 0.396090 0.665194 0.396090
1 0.716344 0.268380 0.731462 0.268380 0.731462 0.272499 0.716344 0.272499
1 0.622051 0.464921 0.637978 0.464921 0.637978 0.469285 0.622051 0.469285
1 0.635974 0.392338 0.651667 0.392338 0.651667 0.395953 0.635974 0.395953
1 0.667995 0.432312 0.683227 0.432312 0.683227 0.436304 0.667995 0.436304
1 0.646294 0.481224 0.661652 0.481224 0.661652 0.484968 0.646294 0.484968
1 0.714882 0.391978 0.729850 0.391978 0.729850 0.395797 0.714882 0.395797
1 0.693060 0.392154 0.707976 0.392154 0.707976 0.395928 0.693060 0.395928
1 0.550696 0.608974 0.561345 0.608974 0.561345 0.633320 0.550696 0.633320
1 0.691286 0.595184 0.695115 0.595184 0.695115 0.610960 0.691286 0.610960
1 0.595223 0.608928 0.602837 0.608928 0.602837 0.632280 0.595223 0.632280
1 0.540898 0.579917 0.544977 0.579917 0.544977 0.595931 0.540898 0.595931
1 0.560936 0.656812 0.576167 0.656812 0.576167 0.660574 0.560936 0.660574
1 0.706418 0.666633 0.721695 0.666633 0.721695 0.670560 0.706418 0.670560
1 0.592427 0.697665 0.607330 0.697665 0.607330 0.701833 0.592427 0.701833
1 0.570628 0.580299 0.574546 0.580299 0.574546 0.595822 0.570628 0.595822
1 0.675421 0.518147 0.679360 0.518147 0.679360 0.533597 0.675421 0.533597
1 0.728817 0.607331 0.732894 0.607331 0.732894 0.616047 0.728817 0.616047
1 0.697466 0.503145 0.701312 0.503145 0.701312 0.518519 0.697466 0.518519
1 0.680650 0.495837 0.684493 0.495837 0.684493 0.511417 0.680650 0.511417
1 0.727851 0.544121 0.732008 0.544121 0.732008 0.552541 0.727851 0.552541
1 0.726661 0.502766 0.730636 0.502766 0.730636 0.518519 0.726661 0.518519
1 0.650802 0.496375 0.654846 0.496375 0.654846 0.511527 0.650802 0.511527
1 0.707977 0.543973 0.712073 0.543973 0.712073 0.552280 0.707977 0.552280
1 0.618842 0.728563 0.622265 0.728563 0.622265 0.743843 0.618842 0.743843
1 0.733632 0.737506 0.750090 0.737506 0.750090 0.741955 0.733632 0.741955
1 0.708127 0.527449 0.711860 0.527449 0.711860 0.535959 0.708127 0.535959
1 0.706223 0.636237 0.722107 0.636237 0.722107 0.640822 0.706223 0.640822
1 0.727958 0.526998 0.731814 0.526998 0.731814 0.535747 0.727958 0.535747
1 0.733940 0.708326 0.749739 0.708326 0.749739 0.712483 0.733940 0.712483
1 0.639649 0.585900 0.655708 0.585900 0.655708 0.590067 0.639649 0.590067
1 0.736066 0.636599 0.740287 0.636599 0.740287 0.644888 0.736066 0.644888
1 0.735365 0.685730 0.739272 0.685730 0.739272 0.693706 0.735365 0.693706
1 0.709105 0.607428 0.712734 0.607428 0.712734 0.615560 0.709105 0.615560
1 0.649830 0.728779 0.652893 0.728779 0.652893 0.744343 0.649830 0.744343
1 0.622343 0.494911 0.637975 0.494911 0.637975 0.499039 0.622343 0.499039
1 0.639435 0.555847 0.655663 0.555847 0.655663 0.559850 0.639435 0.559850
1 0.592307 0.727481 0.606843 0.727481 0.606843 0.731364 0.592307 0.731364
1 0.561413 0.686412 0.576305 0.686412 0.576305 0.690257 0.561413 0.690257
1 0.645409 0.518569 0.649860 0.518569 0.649860 0.533762 0.645409 0.533762
1 0.661569 0.595787 0.665468 0.595787 0.665468 0.610932 0.661569 0.610932
1 0.629028 0.827404 0.653975 0.827404 0.653975 0.837520 0.629028 0.837520
1 0.729770 0.953344 0.738199 0.953344 0.738199 0.977745 0.729770 0.977745
1 0.543085 0.973069 0.546804 0.973069 0.546804 0.988792 0.543085 0.988792
1 0.628948 0.871905 0.652636 0.871905 0.652636 0.879139 0.628948 0.879139
1 0.646899 0.777222 0.651086 0.777222 0.651086 0.792290 0.646899 0.792290
1 0.676531 0.777229 0.680700 0.777229 0.680700 0.792860 0.676531 0.792860
1 0.608670 0.930901 0.625950 0.930901 0.625950 0.935369 0.608670 0.935369
1 0.659725 0.842972 0.663531 0.842972 0.663531 0.858543 0.659725 0.858543
1 0.609264 0.781588 0.613356 0.781588 0.613356 0.796732 0.609264 0.796732
1 0.688829 0.842575 0.692807 0.842575 0.692807 0.858478 0.688829 0.858478
1 0.700059 0.872434 0.704256 0.872434 0.704256 0.888003 0.700059 0.888003
1 0.584298 0.974277 0.588285 0.974277 0.588285 0.990144 0.584298 0.990144
1 0.608876 0.961396 0.625449 0.961396 0.625449 0.965626 0.608876 0.965626
1 0.729353 0.845300 0.733447 0.845300 0.733447 0.860930 0.729353 0.860930
1 0.583077 0.808948 0.586768 0.808948 0.586768 0.824907 0.583077 0.824907
1 0.740755 0.874841 0.744782 0.874841 0.744782 0.890312 0.740755 0.890312
1 0.554224 0.974381 0.558365 0.974381 0.558365 0.990050 0.554224 0.990050
1 0.662016 0.832770 0.677245 0.832770 0.677245 0.835847 0.662016 0.835847
1 0.700197 0.845345 0.704061 0.845345 0.704061 0.860833 0.700197 0.860833
1 0.512793 0.972633 0.516879 0.972633 0.516879 0.988594 0.512793 0.988594
1 0.670735 0.872761 0.674610 0.872761 0.674610 0.888069 0.670735 0.888069
1 0.579404 0.781475 0.583309 0.781475 0.583309 0.797226 0.579404 0.797226
1 0.711384 0.874368 0.715431 0.874368 0.715431 0.889752 0.711384 0.889752
1 0.612512 0.809186 0.616220 0.809186 0.616220 0.824541 0.612512 0.824541
1 0.662014 0.802238 0.677676 0.802238 0.677676 0.805269 0.662014 0.805269
1 0.957044 0.235488 0.964022 0.235488 0.964022 0.249313 0.957044 0.249313
1 0.899786 0.233702 0.906573 0.233702 0.906573 0.248768 0.899786 0.248768
1 0.888817 0.233456 0.895666 0.233456 0.895666 0.249096 0.888817 0.249096
1 0.979100 0.234399 0.986339 0.234399 0.986339 0.248983 0.979100 0.248983
1 0.910552 0.234303 0.917790 0.234303 0.917790 0.248770 0.910552 0.248770
1 0.936682 0.233630 0.945273 0.233630 0.945273 0.237557 0.936682 0.237557
1 0.828804 0.234154 0.844290 0.234154 0.844290 0.238188 0.828804 0.238188
1 0.878005 0.138387 0.886991 0.138387 0.886991 0.141887 0.878005 0.141887
1 0.861678 0.093903 0.870113 0.093903 0.870113 0.097687 0.861678 0.097687
1 0.831648 0.086661 0.841317 0.086661 0.841317 0.090296 0.831648 0.090296
1 0.831835 0.066557 0.840885 0.066557 0.840885 0.070238 0.831835 0.070238
1 0.878179 0.158707 0.887480 0.158707 0.887480 0.162459 0.878179 0.162459
1 0.861130 0.139010 0.869402 0.139010 0.869402 0.142426 0.861130 0.142426
1 0.861358 0.157873 0.869581 0.157873 0.869581 0.160781 0.861358 0.160781
1 0.757142 0.236237 0.772578 0.236237 0.772578 0.240146 0.757142 0.240146
1 0.861859 0.113688 0.870135 0.113688 0.870135 0.116686 0.861859 0.116686
1 0.888329 0.267313 0.895944 0.267313 0.895944 0.282559 0.888329 0.282559
1 0.978921 0.267511 0.985804 0.267511 0.985804 0.282849 0.978921 0.282849
1 0.956970 0.268175 0.964062 0.268175 0.964062 0.282315 0.956970 0.282315
1 0.752174 0.467887 0.768007 0.467887 0.768007 0.472671 0.752174 0.472671
1 0.756906 0.265753 0.773026 0.265753 0.773026 0.270045 0.756906 0.270045
1 0.743713 0.278501 0.759233 0.278501 0.759233 0.282543 0.743713 0.282543
1 0.967424 0.267716 0.975015 0.267716 0.975015 0.282725 0.967424 0.282725
1 0.785409 0.281972 0.801046 0.281972 0.801046 0.286304 0.785409 0.286304
1 0.828922 0.282230 0.845230 0.282230 0.845230 0.286436 0.828922 0.286436
1 0.910481 0.266986 0.918013 0.266986 0.918013 0.282267 0.910481 0.282267
1 0.800297 0.424145 0.804260 0.424145 0.804260 0.431860 0.800297 0.431860
1 0.918651 0.298327 0.923004 0.298327 0.923004 0.305943 0.918651 0.305943
1 0.800235 0.403225 0.804337 0.403225 0.804337 0.410922 0.800235 0.410922
1 0.829943 0.311891 0.844971 0.311891 0.844971 0.315344 0.829943 0.315344
1 0.939088 0.322008 0.942959 0.322008 0.942959 0.330084 0.939088 0.330084
1 0.887320 0.336823 0.895261 0.336823 0.895261 0.340431 0.887320 0.340431
1 0.936896 0.253764 0.945065 0.253764 0.945065 0.257568 0.936896 0.257568
1 0.773499 0.438166 0.781908 0.438166 0.781908 0.442262 0.773499 0.442262
1 0.785607 0.311916 0.799482 0.311916 0.799482 0.315526 0.785607 0.315526
1 0.871036 0.337241 0.879355 0.337241 0.879355 0.340600 0.871036 0.340600
1 0.791615 0.388745 0.806772 0.388745 0.806772 0.392654 0.791615 0.392654
1 0.959377 0.321621 0.963108 0.321621 0.963108 0.331194 0.959377 0.331194
1 0.887227 0.316935 0.895386 0.316935 0.895386 0.321083 0.887227 0.321083
1 0.822179 0.373480 0.830661 0.373480 0.830661 0.377268 0.822179 0.377268
1 0.807746 0.282293 0.823862 0.282293 0.823862 0.286102 0.807746 0.286102
1 0.743648 0.308222 0.759049 0.308222 0.759049 0.312691 0.743648 0.312691
1 0.898741 0.297840 0.902972 0.297840 0.902972 0.305617 0.898741 0.305617
1 0.859783 0.343819 0.867764 0.343819 0.867764 0.347255 0.859783 0.347255
1 0.780632 0.424118 0.784641 0.424118 0.784641 0.431694 0.780632 0.431694
1 0.936641 0.265492 0.944879 0.265492 0.944879 0.269159 0.936641 0.269159
1 0.822315 0.353975 0.830526 0.353975 0.830526 0.357460 0.822315 0.357460
1 0.895409 0.354018 0.899259 0.354018 0.899259 0.362901 0.895409 0.362901
1 0.839770 0.353610 0.847474 0.353610 0.847474 0.357181 0.839770 0.357181
1 0.762285 0.412160 0.771522 0.412160 0.771522 0.415737 0.762285 0.415737
1 0.807766 0.311557 0.822630 0.311557 0.822630 0.315346 0.807766 0.315346
1 0.780724 0.403404 0.784342 0.403404 0.784342 0.411237 0.780724 0.411237
1 0.860069 0.363220 0.868046 0.363220 0.868046 0.366708 0.860069 0.366708
1 0.742386 0.351827 0.757365 0.351827 0.757365 0.356137 0.742386 0.356137
1 0.839388 0.373282 0.847733 0.373282 0.847733 0.377245 0.839388 0.377245
1 0.870641 0.317280 0.879217 0.317280 0.879217 0.321045 0.870641 0.321045
1 0.742066 0.381920 0.757469 0.381920 0.757469 0.385828 0.742066 0.385828
1 0.875179 0.354400 0.878844 0.354400 0.878844 0.362975 0.875179 0.362975
1 0.819066 0.335748 0.822689 0.335748 0.822689 0.343769 0.819066 0.343769
1 0.828187 0.263961 0.844305 0.263961 0.844305 0.268372 0.828187 0.268372
1 0.936539 0.285933 0.945507 0.285933 0.945507 0.289294 0.936539 0.289294
1 0.791452 0.358780 0.807138 0.358780 0.807138 0.363167 0.791452 0.363167
1 0.757415 0.454747 0.766226 0.454747 0.766226 0.458230 0.757415 0.458230
1 0.762061 0.392468 0.770970 0.392468 0.770970 0.396135 0.762061 0.396135
1 0.757698 0.434979 0.766199 0.434979 0.766199 0.438829 0.757698 0.438829
1 0.773618 0.458138 0.782081 0.458138 0.782081 0.461448 0.773618 0.461448
1 0.752415 0.498351 0.767974 0.498351 0.767974 0.502280 0.752415 0.502280
1 0.841209 0.413921 0.845418 0.413921 0.845418 0.422316 0.841209 0.422316
1 0.839003 0.335842 0.843559 0.335842 0.843559 0.343824 0.839003 0.343824
1 0.788910 0.544436 0.804670 0.544436 0.804670 0.548666 0.788910 0.548666
1 0.789413 0.574233 0.804096 0.574233 0.804096 0.577951 0.789413 0.577951
1 0.789130 0.664897 0.797453 0.664897 0.797453 0.668714 0.789130 0.668714
1 0.755846 0.636480 0.760154 0.636480 0.760154 0.644719 0.755846 0.644719
1 0.781640 0.609386 0.785760 0.609386 0.785760 0.617622 0.781640 0.617622
1 0.788575 0.625542 0.792389 0.625542 0.792389 0.633510 0.788575 0.633510
1 0.796280 0.732702 0.800280 0.732702 0.800280 0.740416 0.796280 0.740416
1 0.777176 0.692007 0.781215 0.692007 0.781215 0.699972 0.777176 0.699972
1 0.797075 0.692129 0.800901 0.692129 0.800901 0.700234 0.797075 0.700234
1 0.755469 0.685553 0.759501 0.685553 0.759501 0.693469 0.755469 0.693469
1 0.776951 0.732601 0.780695 0.732601 0.780695 0.740370 0.776951 0.740370
1 0.789274 0.645291 0.797420 0.645291 0.797420 0.649078 0.789274 0.649078
1 0.769252 0.625436 0.772767 0.625436 0.772767 0.633565 0.769252 0.633565
1 0.806577 0.675651 0.810276 0.675651 0.810276 0.684434 0.806577 0.684434
1 0.762555 0.609402 0.765703 0.609402 0.765703 0.616903 0.762555 0.616903
1 0.787073 0.675655 0.790766 0.675655 0.790766 0.684198 0.787073 0.684198
1 0.873110 0.815717 0.897893 0.815717 0.897893 0.825419 0.873110 0.825419
1 0.772091 0.953535 0.780784 0.953535 0.780784 0.977219 0.772091 0.977219
1 0.789470 0.945074 0.797292 0.945074 0.797292 0.968696 0.789470 0.968696
1 0.873369 0.858217 0.897407 0.858217 0.897407 0.866811 0.873369 0.866811
1 0.755613 0.872672 0.759565 0.872672 0.759565 0.888746 0.755613 0.888746
1 0.968818 0.843668 0.977133 0.843668 0.977133 0.847523 0.968818 0.847523
1 0.837193 0.804756 0.841516 0.804756 0.841516 0.813029 0.837193 0.813029
1 0.831246 0.943758 0.841013 0.943758 0.841013 0.969502 0.831246 0.969502
1 0.945425 0.843414 0.953843 0.843414 0.953843 0.847743 0.945425 0.847743
1 0.836960 0.780735 0.840537 0.780735 0.840537 0.788982 0.836960 0.788982
1 0.837174 0.761739 0.841455 0.761739 0.841455 0.770100 0.837174 0.770100
1 0.817491 0.804950 0.821306 0.804950 0.821306 0.812694 0.817491 0.812694
1 0.795580 0.805873 0.799483 0.805873 0.799483 0.813761 0.795580 0.813761
1 0.775833 0.805484 0.779623 0.805484 0.779623 0.813483 0.775833 0.813483
1 0.795397 0.781932 0.799230 0.781932 0.799230 0.789712 0.795397 0.789712
1 0.968838 0.802940 0.977253 0.802940 0.977253 0.806464 0.968838 0.806464
1 0.775815 0.782266 0.779638 0.782266 0.779638 0.789806 0.775815 0.789806
1 0.855026 0.820094 0.863983 0.820094 0.863983 0.823922 0.855026 0.823922
1 0.945726 0.822600 0.953857 0.822600 0.953857 0.826354 0.945726 0.826354
1 0.945373 0.802534 0.953800 0.802534 0.953800 0.806497 0.945373 0.806497
1 0.817405 0.761853 0.821304 0.761853 0.821304 0.769906 0.817405 0.769906
1 0.927724 0.817493 0.931596 0.817493 0.931596 0.825404 0.927724 0.825404
1 0.968659 0.822508 0.977184 0.822508 0.977184 0.826376 0.968659 0.826376
1 0.908564 0.817514 0.912295 0.817514 0.912295 0.825571 0.908564 0.825571
1 0.914991 0.853313 0.918820 0.853313 0.918820 0.861301 0.914991 0.861301
1 0.817459 0.780696 0.821433 0.780696 0.821433 0.788714 0.817459 0.788714
1 0.795398 0.758679 0.799457 0.758679 0.799457 0.766776 0.795398 0.766776
1 0.854908 0.840110 0.863752 0.840110 0.863752 0.843810 0.854908 0.843810
1 0.945546 0.863852 0.954043 0.863852 0.954043 0.867724 0.945546 0.867724
1 0.934547 0.853015 0.938723 0.853015 0.938723 0.861395 0.934547 0.861395
1 0.991939 0.843838 0.999730 0.843838 0.999730 0.847302 0.991939 0.847302
1 0.991809 0.822494 0.999877 0.822494 0.999877 0.826321 0.991809 0.826321
1 0.968457 0.863707 0.977376 0.863707 0.977376 0.867484 0.968457 0.867484
1 0.776167 0.758889 0.779827 0.758889 0.779827 0.766545 0.776167 0.766545
1 0.991771 0.802917 0.999823 0.802917 0.999823 0.806432 0.991771 0.806432
1 0.991714 0.863341 0.999984 0.863341 0.999984 0.867279 0.991714 0.867279
1 0.785246 0.872104 0.789163 0.872104 0.789163 0.888611 0.785246 0.888611
0 0.825588 0.413624 0.841221 0.413624 0.841221 0.422796 0.825588 0.422796
1 0.821451 0.414156 0.825660 0.414156 0.825660 0.422551 0.821451 0.422551
1 0.728697 0.187027 0.732423 0.187027 0.732423 0.201962 0.728697 0.201962
1 0.294266 0.976132 0.311229 0.976132 0.311229 0.980592 0.294266 0.980592
1 0.318258 0.982687 0.327653 0.982687 0.327653 0.985661 0.318258 0.985661
1 0.990257 0.758778 0.996137 0.758778 0.996137 0.788988 0.990257 0.788988
1 0.981876 0.758846 0.987756 0.758846 0.987756 0.789056 0.981876 0.789056
1 0.973225 0.758913 0.979105 0.758913 0.979105 0.789124 0.973225 0.789124
1 0.964845 0.758981 0.970725 0.758981 0.970725 0.789191 0.964845 0.789191
1 0.956126 0.759386 0.962006 0.759386 0.962006 0.789597 0.956126 0.789597
1 0.947746 0.759454 0.953626 0.759454 0.953626 0.789664 0.947746 0.789664
1 0.939095 0.759521 0.944975 0.759521 0.944975 0.789732 0.939095 0.789732
1 0.930714 0.759589 0.936594 0.759589 0.936594 0.789800 0.930714 0.789800
1 0.913683 0.759657 0.919563 0.759657 0.919563 0.789867 0.913683 0.789867
1 0.905302 0.759724 0.911182 0.759724 0.911182 0.789935 0.905302 0.789935
1 0.896584 0.760130 0.902464 0.760130 0.902464 0.790340 0.896584 0.790340
1 0.888203 0.760197 0.894083 0.760197 0.894083 0.790408 0.888203 0.790408
1 0.879553 0.760265 0.885432 0.760265 0.885432 0.790475 0.879553 0.790475
1 0.871172 0.760332 0.877052 0.760332 0.877052 0.790543 0.871172 0.790543
1 0.922334 0.759589 0.928214 0.759589 0.928214 0.789800 0.922334 0.789800
1 0.825417 0.737489 0.854478 0.737489 0.854478 0.743098 0.825417 0.743098
1 0.825214 0.728365 0.854411 0.728365 0.854411 0.734650 0.825214 0.734650
1 0.824876 0.711468 0.853735 0.711468 0.853735 0.717686 0.824876 0.717686
1 0.824876 0.720052 0.854073 0.720052 0.854073 0.726134 0.824876 0.726134
1 0.824336 0.677541 0.853397 0.677541 0.853397 0.683150 0.824336 0.683150
1 0.824403 0.686192 0.853465 0.686192 0.853465 0.691801 0.824403 0.691801
1 0.824538 0.694369 0.853803 0.694369 0.853803 0.700317 0.824538 0.700317
1 0.824809 0.703020 0.853870 0.703020 0.853870 0.708630 0.824809 0.708630
1 0.825214 0.617931 0.852721 0.617931 0.852721 0.623743 0.825214 0.623743
1 0.824741 0.626919 0.853127 0.626919 0.853127 0.632326 0.824741 0.632326
1 0.823862 0.634827 0.853127 0.634827 0.853127 0.640774 0.823862 0.640774
1 0.824133 0.643207 0.853194 0.643207 0.853194 0.648817 0.824133 0.648817
1 0.824200 0.651791 0.853059 0.651791 0.853059 0.658009 0.824200 0.658009
1 0.823998 0.660306 0.853194 0.660306 0.853194 0.666389 0.823998 0.666389
1 0.824538 0.668957 0.853735 0.668957 0.853735 0.675243 0.824538 0.675243
1 0.824628 0.558116 0.853014 0.558116 0.853014 0.563523 0.824628 0.563523
1 0.825102 0.549406 0.852609 0.549406 0.852609 0.555219 0.825102 0.555219
1 0.824888 0.566319 0.853200 0.566319 0.853200 0.572157 0.824888 0.572157
1 0.824888 0.575354 0.853361 0.575354 0.853361 0.580479 0.824888 0.580479
1 0.825261 0.583737 0.853226 0.583737 0.853226 0.589484 0.825261 0.589484
1 0.825540 0.591934 0.853175 0.591934 0.853175 0.598238 0.825540 0.598238
1 0.824519 0.600619 0.853716 0.600619 0.853716 0.606905 0.824519 0.606905
1 0.824409 0.609389 0.853471 0.609389 0.853471 0.614999 0.824409 0.614999
1 0.824788 0.472203 0.853206 0.472203 0.853206 0.478272 0.824788 0.478272
1 0.825047 0.480406 0.853108 0.480406 0.853108 0.486876 0.825047 0.486876
1 0.825261 0.463885 0.852768 0.463885 0.852768 0.469697 0.825261 0.469697
1 0.825047 0.489441 0.853597 0.489441 0.853597 0.495382 0.825047 0.495382
1 0.825029 0.497726 0.852994 0.497726 0.852994 0.503474 0.825029 0.503474
1 0.825211 0.506510 0.852845 0.506510 0.852845 0.512814 0.825211 0.512814
1 0.824873 0.514902 0.854070 0.514902 0.854070 0.521188 0.824873 0.521188
1 0.825147 0.523440 0.853825 0.523440 0.853825 0.529672 0.825147 0.529672
1 0.825373 0.532116 0.852880 0.532116 0.852880 0.537928 0.825373 0.537928
1 0.824900 0.541007 0.853304 0.541007 0.853304 0.546807 0.824900 0.546807
1 0.825261 0.455575 0.852768 0.455575 0.852768 0.461387 0.825261 0.461387
1 0.825261 0.447069 0.852768 0.447069 0.852768 0.452881 0.825261 0.452881
1 0.825163 0.438563 0.852670 0.438563 0.852670 0.444376 0.825163 0.444376
1 0.870511 0.392825 0.876083 0.392825 0.876083 0.420884 0.870511 0.420884
1 0.879016 0.392629 0.884589 0.392629 0.884589 0.420688 0.879016 0.420688
1 0.887815 0.392434 0.893388 0.392434 0.893388 0.420493 0.887815 0.420493
1 0.896321 0.392238 0.901894 0.392238 0.901894 0.420297 0.896321 0.420297
1 0.905022 0.392629 0.910595 0.392629 0.910595 0.420688 0.905022 0.420688
1 0.913528 0.392434 0.919100 0.392434 0.919100 0.420493 0.913528 0.420493
1 0.922327 0.392238 0.927899 0.392238 0.927899 0.420297 0.922327 0.420297
1 0.930832 0.392043 0.936405 0.392043 0.936405 0.420102 0.930832 0.420102
1 0.947648 0.392140 0.953221 0.392140 0.953221 0.420199 0.947648 0.420199
1 0.956154 0.391945 0.961726 0.391945 0.961726 0.420004 0.956154 0.420004
1 0.964855 0.392336 0.970428 0.392336 0.970428 0.420395 0.964855 0.420395
1 0.973361 0.392140 0.978933 0.392140 0.978933 0.420199 0.973361 0.420199
1 0.982160 0.391945 0.987732 0.391945 0.987732 0.420004 0.982160 0.420004
1 0.990665 0.391749 0.996238 0.391749 0.996238 0.419808 0.990665 0.419808
1 0.938849 0.392336 0.944422 0.392336 0.944422 0.420395 0.938849 0.420395
1 0.926431 0.043938 0.997106 0.043938 0.997106 0.080397 0.926431 0.080397
1 0.908349 0.040650 0.916841 0.040650 0.916841 0.080881 0.908349 0.080881
1 0.896516 0.040789 0.905008 0.040789 0.905008 0.081021 0.896516 0.081021
1 0.885380 0.040650 0.893871 0.040650 0.893871 0.080881 0.885380 0.080881
1 0.873547 0.040928 0.882038 0.040928 0.882038 0.081160 0.873547 0.081160
1 0.863384 0.040510 0.871876 0.040510 0.871876 0.080742 0.863384 0.080742
1 0.851551 0.040789 0.860043 0.040789 0.860043 0.081021 0.851551 0.081021
1 0.805751 0.014339 0.845008 0.014339 0.845008 0.021438 0.805751 0.021438
1 0.805612 0.003341 0.844869 0.003341 0.844869 0.010441 0.805612 0.010441
1 0.805890 0.025615 0.845148 0.025615 0.845148 0.032714 0.805890 0.032714
