0 0.663736 0.430782 0.830870 0.430782 0.830870 0.598222 0.663736 0.598222
0 0.250240 0.386501 0.351464 0.386501 0.351464 0.487419 0.250240 0.487419
0 0.145577 0.426903 0.162041 0.426903 0.162041 0.435961 0.145577 0.435961
0 0.430771 0.388655 0.531506 0.388655 0.531506 0.491360 0.430771 0.491360
0 0.146222 0.442935 0.162541 0.442935 0.162541 0.452098 0.146222 0.452098
0 0.159191 0.409785 0.176544 0.409785 0.176544 0.419122 0.159191 0.419122
0 0.250236 0.517960 0.350725 0.517960 0.350725 0.617217 0.250236 0.617217
0 0.160200 0.770480 0.193635 0.770480 0.193635 0.791474 0.160200 0.791474
0 0.296828 0.749162 0.354753 0.749162 0.354753 0.820184 0.296828 0.820184
0 0.437418 0.715979 0.493014 0.715979 0.493014 0.787293 0.437418 0.787293
0 0.172120 0.699778 0.191050 0.699778 0.191050 0.747187 0.172120 0.747187
0 0.430525 0.520423 0.530521 0.520423 0.530521 0.622143 0.430525 0.622143
0 0.166740 0.508186 0.175927 0.508186 0.175927 0.525595 0.166740 0.525595
0 0.736776 0.376411 0.752601 0.376411 0.752601 0.384675 0.736776 0.384675
0 0.603288 0.427052 0.613113 0.427052 0.613113 0.443731 0.603288 0.443731
0 0.570879 0.446305 0.587576 0.446305 0.587576 0.455278 0.570879 0.455278
0 0.790424 0.895204 0.804630 0.895204 0.804630 0.920782 0.790424 0.920782
0 0.872360 0.960186 0.886441 0.960186 0.886441 0.985867 0.872360 0.985867
0 0.741654 0.944634 0.754817 0.944634 0.754817 0.970198 0.741654 0.970198
0 0.937861 0.890962 0.952367 0.890962 0.952367 0.916015 0.937861 0.916015
0 0.969828 0.961442 0.977651 0.961442 0.977651 0.977171 0.969828 0.977171
0 0.959207 0.842249 0.973300 0.842249 0.973300 0.867405 0.959207 0.867405
0 0.803701 0.677958 0.829538 0.677958 0.829538 0.692533 0.803701 0.692533
0 0.822637 0.873094 0.837055 0.873094 0.837055 0.898550 0.822637 0.898550
0 0.873807 0.886814 0.888165 0.886814 0.888165 0.912116 0.873807 0.912116
0 0.916441 0.890334 0.929432 0.890334 0.929432 0.915848 0.916441 0.915848
0 0.823525 0.970011 0.836434 0.970011 0.836434 0.995485 0.823525 0.995485
0 0.921948 0.967171 0.936109 0.967171 0.936109 0.992514 0.921948 0.992514
0 0.952200 0.961636 0.960817 0.961636 0.960817 0.977580 0.952200 0.977580
0 0.821121 0.927360 0.835424 0.927360 0.835424 0.952905 0.821121 0.952905
0 0.862757 0.792469 0.888297 0.792469 0.888297 0.805647 0.862757 0.805647
0 0.781587 0.944507 0.807291 0.944507 0.807291 0.957849 0.781587 0.957849
0 0.887987 0.844284 0.901367 0.844284 0.901367 0.869427 0.887987 0.869427
0 0.953202 0.939362 0.969672 0.939362 0.969672 0.948522 0.953202 0.948522
0 0.537173 0.636703 0.554550 0.636703 0.554550 0.645784 0.537173 0.645784
0 0.767318 0.970514 0.780115 0.970514 0.780115 0.996484 0.767318 0.996484
0 0.960038 0.889992 0.974662 0.889992 0.974662 0.915218 0.960038 0.915218
0 0.846948 0.876198 0.861270 0.876198 0.861270 0.901678 0.846948 0.901678
0 0.845199 0.970927 0.859264 0.970927 0.859264 0.996476 0.845199 0.996476
0 0.961696 0.674020 0.970797 0.674020 0.970797 0.690478 0.961696 0.690478
0 0.796306 0.970857 0.809403 0.970857 0.809403 0.996159 0.796306 0.996159
0 0.829244 0.831997 0.843721 0.831997 0.843721 0.857342 0.829244 0.857342
0 0.521249 0.713650 0.561417 0.713650 0.561417 0.780307 0.521249 0.780307
0 0.906358 0.533643 0.914522 0.533643 0.914522 0.549545 0.906358 0.549545
0 0.537059 0.652700 0.553518 0.652700 0.553518 0.661887 0.537059 0.661887
0 0.989847 0.951207 0.997915 0.951207 0.997915 0.967119 0.989847 0.967119
0 0.807549 0.644312 0.823228 0.644312 0.823228 0.652287 0.807549 0.652287
0 0.991954 0.702282 0.999835 0.702282 0.999835 0.718067 0.991954 0.718067
0 0.991632 0.746497 0.999834 0.746497 0.999834 0.761922 0.991632 0.761922
1 0.188315 0.383437 0.249349 0.383437 0.249349 0.411071 0.188315 0.411071
1 0.188204 0.462347 0.249516 0.462347 0.249516 0.491298 0.188204 0.491298
1 0.141601 0.426778 0.145410 0.426778 0.145410 0.436196 0.141601 0.436196
1 0.176517 0.409964 0.180458 0.409964 0.180458 0.419197 0.176517 0.419197
1 0.162254 0.426804 0.166059 0.426804 0.166059 0.435601 0.162254 0.435601
1 0.162637 0.443124 0.166366 0.443124 0.166366 0.451984 0.162637 0.451984
1 0.155541 0.409621 0.159140 0.409621 0.159140 0.419244 0.155541 0.419244
1 0.142419 0.442684 0.145917 0.442684 0.145917 0.452336 0.142419 0.452336
1 0.165970 0.504818 0.175710 0.504818 0.175710 0.508052 0.165970 0.508052
1 0.191191 0.716178 0.208118 0.716178 0.208118 0.731768 0.191191 0.731768
1 0.155156 0.733755 0.171162 0.733755 0.171162 0.746846 0.155156 0.746846
1 0.188509 0.515858 0.249498 0.515858 0.249498 0.543821 0.188509 0.543821
1 0.156256 0.701229 0.171594 0.701229 0.171594 0.714069 0.156256 0.714069
1 0.187723 0.593875 0.250182 0.593875 0.250182 0.623328 0.187723 0.623328
1 0.166190 0.525562 0.175833 0.525562 0.175833 0.529701 0.166190 0.529701
1 0.194076 0.768340 0.202782 0.768340 0.202782 0.793469 0.194076 0.793469
1 0.151083 0.769195 0.159703 0.769195 0.159703 0.792699 0.151083 0.792699
1 0.305933 0.729303 0.346311 0.729303 0.346311 0.749453 0.305933 0.749453
1 0.444005 0.697491 0.485737 0.697491 0.485737 0.715688 0.444005 0.715688
1 0.443170 0.787566 0.485877 0.787566 0.485877 0.808375 0.443170 0.808375
1 0.303814 0.820184 0.347072 0.820184 0.347072 0.839846 0.303814 0.839846
1 0.679493 0.400367 0.686071 0.400367 0.686071 0.429990 0.679493 0.429990
1 0.697476 0.400255 0.703254 0.400255 0.703254 0.429841 0.697476 0.429841
1 0.689092 0.400337 0.694838 0.400337 0.694838 0.429889 0.689092 0.429889
1 0.706079 0.400240 0.711802 0.400240 0.711802 0.429812 0.706079 0.429812
1 0.714658 0.400183 0.720345 0.400183 0.720345 0.429772 0.714658 0.429772
1 0.723159 0.400158 0.728866 0.400158 0.728866 0.429780 0.723159 0.429780
1 0.731693 0.400136 0.737477 0.400136 0.737477 0.429727 0.731693 0.429727
1 0.531999 0.466238 0.593571 0.466238 0.593571 0.493717 0.531999 0.493717
1 0.634006 0.490072 0.661999 0.490072 0.661999 0.496646 0.634006 0.496646
1 0.740183 0.400216 0.746109 0.400216 0.746109 0.429715 0.740183 0.429715
1 0.531752 0.385945 0.594435 0.385945 0.594435 0.415736 0.531752 0.415736
1 0.634297 0.472910 0.661975 0.472910 0.661975 0.479258 0.634297 0.479258
1 0.634561 0.464456 0.662009 0.464456 0.662009 0.470684 0.634561 0.470684
1 0.634573 0.455775 0.662119 0.455775 0.662119 0.462289 0.634573 0.462289
1 0.633989 0.481431 0.661934 0.481431 0.661934 0.487927 0.633989 0.487927
1 0.634654 0.446707 0.662048 0.446707 0.662048 0.453900 0.634654 0.453900
1 0.603149 0.422984 0.613293 0.422984 0.613293 0.427121 0.603149 0.427121
1 0.603386 0.443292 0.613260 0.443292 0.613260 0.447091 0.603386 0.447091
1 0.732808 0.376306 0.737045 0.376306 0.737045 0.384805 0.732808 0.384805
1 0.587619 0.446573 0.591681 0.446573 0.591681 0.455275 0.587619 0.455275
1 0.567379 0.446515 0.570821 0.446515 0.570821 0.455057 0.567379 0.455057
1 0.633729 0.558314 0.662427 0.558314 0.662427 0.564875 0.633729 0.564875
1 0.530767 0.598006 0.592859 0.598006 0.592859 0.625098 0.530767 0.625098
1 0.681232 0.598865 0.686733 0.598865 0.686733 0.628654 0.681232 0.628654
1 0.634541 0.507138 0.662271 0.507138 0.662271 0.513594 0.634541 0.513594
1 0.633664 0.566949 0.662483 0.566949 0.662483 0.573333 0.633664 0.573333
1 0.633771 0.549818 0.662400 0.549818 0.662400 0.556379 0.633771 0.556379
1 0.634099 0.524165 0.662280 0.524165 0.662280 0.530724 0.634099 0.530724
1 0.689548 0.599109 0.695306 0.599109 0.695306 0.628395 0.689548 0.628395
1 0.633761 0.541204 0.662381 0.541204 0.662381 0.547839 0.633761 0.547839
1 0.634284 0.515701 0.662198 0.515701 0.662198 0.522200 0.634284 0.522200
1 0.697898 0.599259 0.703808 0.599259 0.703808 0.627969 0.697898 0.627969
1 0.633879 0.532653 0.662285 0.532653 0.662285 0.539163 0.633879 0.539163
1 0.706586 0.599276 0.712478 0.599276 0.712478 0.628354 0.706586 0.628354
1 0.634685 0.498600 0.662184 0.498600 0.662184 0.505136 0.634685 0.505136
1 0.633586 0.575489 0.662733 0.575489 0.662733 0.582739 0.633586 0.582739
1 0.530767 0.517960 0.593103 0.517960 0.593103 0.547397 0.530767 0.547397
1 0.732110 0.599105 0.738070 0.599105 0.738070 0.628776 0.732110 0.628776
1 0.527461 0.695622 0.555158 0.695622 0.555158 0.713568 0.527461 0.713568
1 0.715073 0.599065 0.721007 0.599065 0.721007 0.628834 0.715073 0.628834
1 0.723668 0.599044 0.729583 0.599044 0.729583 0.628798 0.723668 0.628798
1 0.554161 0.636744 0.557984 0.636744 0.557984 0.645908 0.554161 0.645908
1 0.553450 0.652934 0.557609 0.652934 0.557609 0.662458 0.553450 0.662458
1 0.533097 0.637450 0.537212 0.637450 0.537212 0.646210 0.533097 0.646210
1 0.533517 0.653001 0.537274 0.653001 0.537274 0.661904 0.533517 0.661904
1 0.526878 0.780954 0.556423 0.780954 0.556423 0.800398 0.526878 0.800398
1 0.740808 0.940378 0.756368 0.940378 0.756368 0.944504 0.740808 0.944504
1 0.748848 0.400372 0.754610 0.400372 0.754610 0.429944 0.748848 0.429944
1 0.757333 0.400665 0.763117 0.400665 0.763117 0.429838 0.757333 0.429838
1 0.765793 0.400366 0.771622 0.400366 0.771622 0.429752 0.765793 0.429752
1 0.831084 0.446276 0.861093 0.446276 0.861093 0.453191 0.831084 0.453191
1 0.791474 0.400140 0.797200 0.400140 0.797200 0.429755 0.791474 0.429755
1 0.799993 0.400131 0.805777 0.400131 0.805777 0.429777 0.799993 0.429777
1 0.782955 0.400271 0.788641 0.400271 0.788641 0.429748 0.782955 0.429748
1 0.808559 0.400078 0.815043 0.400078 0.815043 0.429626 0.808559 0.429626
1 0.752742 0.375791 0.756909 0.375791 0.756909 0.384948 0.752742 0.384948
1 0.831306 0.455403 0.860613 0.455403 0.860613 0.461619 0.831306 0.461619
1 0.831471 0.481150 0.861149 0.481150 0.861149 0.487202 0.831471 0.487202
1 0.831504 0.489792 0.861239 0.489792 0.861239 0.495710 0.831504 0.495710
1 0.831544 0.464021 0.860633 0.464021 0.860633 0.470064 0.831544 0.470064
1 0.774407 0.400349 0.780158 0.400349 0.780158 0.429755 0.774407 0.429755
1 0.831538 0.472565 0.861029 0.472565 0.861029 0.478608 0.831538 0.478608
1 0.831423 0.549536 0.861005 0.549536 0.861005 0.555447 0.831423 0.555447
1 0.831372 0.558135 0.860847 0.558135 0.860847 0.564252 0.831372 0.564252
1 0.831255 0.566493 0.860979 0.566493 0.860979 0.572688 0.831255 0.572688
1 0.831385 0.540929 0.861026 0.540929 0.861026 0.547008 0.831385 0.547008
1 0.831250 0.523831 0.861315 0.523831 0.861315 0.529943 0.831250 0.529943
1 0.831360 0.532532 0.861159 0.532532 0.861159 0.538562 0.831360 0.538562
1 0.831254 0.515270 0.861320 0.515270 0.861320 0.521377 0.831254 0.521377
1 0.831410 0.575008 0.860993 0.575008 0.860993 0.582083 0.831410 0.582083
1 0.831278 0.506818 0.861448 0.506818 0.861448 0.513037 0.831278 0.513037
1 0.740589 0.598642 0.746681 0.598642 0.746681 0.628624 0.740589 0.628624
1 0.749212 0.598722 0.755154 0.598722 0.755154 0.628631 0.749212 0.628631
1 0.757631 0.598679 0.763688 0.598679 0.763688 0.628757 0.757631 0.628757
1 0.829397 0.676748 0.833180 0.676748 0.833180 0.693525 0.829397 0.693525
1 0.809131 0.598321 0.815175 0.598321 0.815175 0.628609 0.809131 0.628609
1 0.800234 0.677256 0.803561 0.677256 0.803561 0.693329 0.800234 0.693329
1 0.800363 0.598290 0.806580 0.598290 0.806580 0.628564 0.800363 0.628564
1 0.961983 0.690327 0.970564 0.690327 0.970564 0.692993 0.961983 0.692993
1 0.962050 0.671135 0.970264 0.671135 0.970264 0.674006 0.962050 0.674006
1 0.791842 0.598530 0.798030 0.598530 0.798030 0.628439 0.791842 0.628439
1 0.774768 0.598959 0.780916 0.598959 0.780916 0.628570 0.774768 0.628570
1 0.783276 0.598734 0.789458 0.598734 0.789458 0.628558 0.783276 0.628558
1 0.831262 0.498255 0.861555 0.498255 0.861555 0.504509 0.831262 0.504509
1 0.766180 0.598896 0.772241 0.598896 0.772241 0.628548 0.766180 0.628548
1 0.992496 0.698978 0.999492 0.698978 0.999492 0.702127 0.992496 0.702127
1 0.992742 0.718090 0.999447 0.718090 0.999447 0.720548 0.992742 0.720548
1 0.822962 0.644364 0.825359 0.644364 0.825359 0.652274 0.822962 0.652274
1 0.804923 0.643673 0.807973 0.643673 0.807973 0.652386 0.804923 0.652386
1 0.907016 0.531152 0.914114 0.531152 0.914114 0.533948 0.907016 0.533948
1 0.906857 0.549552 0.913815 0.549552 0.913815 0.552128 0.906857 0.552128
1 0.871875 0.955026 0.886805 0.955026 0.886805 0.960039 0.871875 0.960039
1 0.937918 0.887309 0.952337 0.887309 0.952337 0.890740 0.937918 0.890740
1 0.846637 0.872530 0.861128 0.872530 0.861128 0.876421 0.846637 0.876421
1 0.886488 0.869398 0.902834 0.869398 0.902834 0.873512 0.886488 0.873512
1 0.872389 0.986082 0.886654 0.986082 0.886654 0.989420 0.872389 0.989420
1 0.873749 0.912539 0.888172 0.912539 0.888172 0.915802 0.873749 0.915802
1 0.888587 0.790962 0.892233 0.790962 0.892233 0.806394 0.888587 0.806394
1 0.915788 0.886774 0.929965 0.886774 0.929965 0.890325 0.915788 0.890325
1 0.790468 0.920986 0.804385 0.920986 0.804385 0.924620 0.790468 0.924620
1 0.845037 0.965810 0.859556 0.965810 0.859556 0.970780 0.845037 0.970780
1 0.846988 0.901747 0.860993 0.901747 0.860993 0.905631 0.846988 0.905631
1 0.921988 0.961356 0.936775 0.961356 0.936775 0.966834 0.921988 0.966834
1 0.886136 0.840660 0.902509 0.840660 0.902509 0.844317 0.886136 0.844317
1 0.959145 0.838551 0.973631 0.838551 0.973631 0.841875 0.959145 0.841875
1 0.740175 0.970266 0.755927 0.970266 0.755927 0.974241 0.740175 0.974241
1 0.820903 0.953211 0.835378 0.953211 0.835378 0.956644 0.820903 0.956644
1 0.807049 0.943061 0.811023 0.943061 0.811023 0.958259 0.807049 0.958259
1 0.822844 0.965220 0.837120 0.965220 0.837120 0.969946 0.822844 0.969946
1 0.777718 0.943380 0.781883 0.943380 0.781883 0.958073 0.777718 0.958073
1 0.822378 0.869684 0.836628 0.869684 0.836628 0.872782 0.822378 0.872782
1 0.766696 0.966243 0.780734 0.966243 0.780734 0.970190 0.766696 0.970190
1 0.796506 0.966509 0.810262 0.966509 0.810262 0.970625 0.796506 0.970625
1 0.959961 0.886709 0.974635 0.886709 0.974635 0.890033 0.959961 0.890033
1 0.823119 0.995466 0.837039 0.995466 0.837039 0.999535 0.823119 0.999535
1 0.822847 0.898945 0.837022 0.898945 0.837022 0.902368 0.822847 0.902368
1 0.959634 0.915010 0.974469 0.915010 0.974469 0.918654 0.959634 0.918654
1 0.921950 0.992612 0.936214 0.992612 0.936214 0.996119 0.921950 0.996119
1 0.952957 0.977890 0.960066 0.977890 0.960066 0.981004 0.952957 0.981004
1 0.795514 0.996120 0.809786 0.996120 0.809786 0.999753 0.795514 0.999753
1 0.766928 0.996154 0.780955 0.996154 0.780955 0.999817 0.766928 0.999817
1 0.953107 0.958437 0.959883 0.958437 0.959883 0.961566 0.953107 0.961566
1 0.858991 0.790704 0.863074 0.790704 0.863074 0.806468 0.858991 0.806468
1 0.969903 0.940290 0.972482 0.940290 0.972482 0.947329 0.969903 0.947329
1 0.829076 0.828679 0.843362 0.828679 0.843362 0.831804 0.829076 0.831804
1 0.938464 0.915797 0.951991 0.915797 0.951991 0.919008 0.938464 0.919008
1 0.873680 0.883272 0.888566 0.883272 0.888566 0.886714 0.873680 0.886714
1 0.958698 0.868008 0.973630 0.868008 0.973630 0.871672 0.958698 0.871672
1 0.916621 0.915675 0.929246 0.915675 0.929246 0.918803 0.916621 0.918803
1 0.845201 0.996551 0.859288 0.996551 0.859288 0.999802 0.845201 0.999802
1 0.829025 0.857554 0.843016 0.857554 0.843016 0.860553 0.829025 0.860553
1 0.970479 0.977566 0.976916 0.977566 0.976916 0.979835 0.970479 0.979835
1 0.950266 0.940181 0.952983 0.940181 0.952983 0.947184 0.950266 0.947184
1 0.821137 0.923884 0.835307 0.923884 0.835307 0.927241 0.821137 0.927241
1 0.970570 0.959242 0.976668 0.959242 0.976668 0.961286 0.970570 0.961286
1 0.990688 0.948948 0.997009 0.948948 0.997009 0.951014 0.990688 0.951014
1 0.790330 0.891682 0.804330 0.891682 0.804330 0.894716 0.790330 0.894716
1 0.990547 0.967106 0.997273 0.967106 0.997273 0.969293 0.990547 0.969293
1 0.992080 0.762002 0.999261 0.762002 0.999261 0.764642 0.992080 0.764642
1 0.991958 0.743279 0.999460 0.743279 0.999460 0.746240 0.991958 0.746240
1 0.398244 0.393943 0.430279 0.393943 0.430279 0.486927 0.398244 0.486927
1 0.351464 0.389394 0.383482 0.389394 0.383482 0.483031 0.351464 0.483031
1 0.350233 0.521654 0.383581 0.521654 0.383581 0.615875 0.350233 0.615875
1 0.397551 0.525420 0.430525 0.525420 0.430525 0.618941 0.397551 0.618941
1 0.235153 0.428811 0.250256 0.428811 0.250256 0.444562 0.235153 0.444562
1 0.234422 0.560544 0.249524 0.560544 0.249524 0.576295 0.234422 0.576295
1 0.531999 0.432495 0.548485 0.432495 0.548485 0.447856 0.531999 0.447856
1 0.530521 0.564510 0.547387 0.564510 0.547387 0.579955 0.530521 0.579955
1 0.705951 0.959008 0.729173 0.959008 0.729173 0.967580 0.705951 0.967580
1 0.982929 0.644655 0.990504 0.644655 0.990504 0.684622 0.982929 0.684622
1 0.936085 0.629405 0.974856 0.629405 0.974856 0.636581 0.936085 0.636581
1 0.935487 0.618641 0.974258 0.618641 0.974258 0.625817 0.935487 0.625817
1 0.934789 0.596913 0.973560 0.596913 0.973560 0.604090 0.934789 0.604090
1 0.935287 0.607678 0.974058 0.607678 0.974058 0.614854 0.935287 0.614854
1 0.934390 0.552661 0.973161 0.552661 0.973161 0.559837 0.934390 0.559837
1 0.934889 0.563425 0.973660 0.563425 0.973660 0.570601 0.934889 0.570601
1 0.934988 0.574089 0.973759 0.574089 0.973759 0.581266 0.934988 0.581266
1 0.935487 0.584854 0.974258 0.584854 0.974258 0.592030 0.935487 0.592030
1 0.934889 0.496149 0.973660 0.496149 0.973660 0.503325 0.934889 0.503325
1 0.934490 0.485285 0.973261 0.485285 0.973261 0.492461 0.934490 0.492461
1 0.934889 0.507611 0.973660 0.507611 0.973660 0.514787 0.934889 0.514787
1 0.934988 0.518674 0.973759 0.518674 0.973759 0.525850 0.934988 0.525850
1 0.934789 0.529837 0.973560 0.529837 0.973560 0.537013 0.934789 0.537013
1 0.935387 0.540601 0.974158 0.540601 0.974158 0.547777 0.935387 0.547777
1 0.934590 0.474122 0.973361 0.474122 0.973361 0.481298 0.934590 0.481298
1 0.934889 0.462561 0.973660 0.462561 0.973660 0.469737 0.934889 0.469737
1 0.934988 0.451597 0.973759 0.451597 0.973759 0.458773 0.934988 0.458773
1 0.934988 0.440434 0.973759 0.440434 0.973759 0.447610 0.934988 0.447610
1 0.934689 0.429471 0.973460 0.429471 0.973460 0.436647 0.934689 0.436647
1 0.934789 0.418408 0.973560 0.418408 0.973560 0.425584 0.934789 0.425584
1 0.982430 0.371364 0.990005 0.371364 0.990005 0.409437 0.982430 0.409437
