0 0.307088 0.660288 0.475922 0.660288 0.475922 0.826103 0.307088 0.826103
0 0.199843 0.096556 0.557994 0.096556 0.557994 0.451525 0.199843 0.451525
0 0.485013 0.046251 0.502422 0.046251 0.502422 0.055551 0.485013 0.055551
0 0.177345 0.333827 0.186307 0.333827 0.186307 0.351079 0.177345 0.351079
0 0.031023 0.202629 0.046741 0.202629 0.046741 0.210530 0.031023 0.210530
0 0.140888 0.292933 0.156750 0.292933 0.156750 0.301269 0.140888 0.301269
0 0.177293 0.373807 0.186634 0.373807 0.186634 0.391066 0.177293 0.391066
0 0.018528 0.273276 0.032252 0.273276 0.032252 0.299255 0.018528 0.299255
0 0.445043 0.047965 0.462358 0.047965 0.462358 0.057147 0.445043 0.057147
0 0.096832 0.386374 0.105198 0.386374 0.105198 0.402319 0.096832 0.402319
0 0.029686 0.381958 0.045768 0.381958 0.045768 0.390187 0.029686 0.390187
0 0.031350 0.185097 0.047141 0.185097 0.047141 0.193535 0.031350 0.193535
0 0.114066 0.407039 0.122094 0.407039 0.122094 0.422550 0.114066 0.422550
0 0.140464 0.253118 0.156184 0.253118 0.156184 0.261457 0.140464 0.261457
0 0.130247 0.270191 0.146053 0.270191 0.146053 0.278539 0.130247 0.278539
0 0.182153 0.103319 0.191979 0.103319 0.191979 0.120228 0.182153 0.120228
0 0.235384 0.938457 0.259974 0.938457 0.259974 0.950994 0.235384 0.950994
0 0.117096 0.726528 0.223214 0.726528 0.223214 0.825327 0.117096 0.825327
0 0.077813 0.650044 0.105673 0.650044 0.105673 0.664578 0.077813 0.664578
0 0.215212 0.568553 0.241103 0.568553 0.241103 0.582043 0.215212 0.582043
0 0.365272 0.889952 0.390370 0.889952 0.390370 0.902592 0.365272 0.902592
0 0.275106 0.933180 0.301025 0.933180 0.301025 0.948236 0.275106 0.948236
0 0.170524 0.568710 0.196414 0.568710 0.196414 0.582222 0.170524 0.582222
0 0.286858 0.866651 0.312961 0.866651 0.312961 0.881265 0.286858 0.881265
0 0.340763 0.907766 0.353461 0.907766 0.353461 0.933075 0.340763 0.933075
0 0.436522 0.931747 0.468575 0.931747 0.468575 0.952512 0.436522 0.952512
0 0.442813 0.507911 0.486963 0.507911 0.486963 0.561618 0.442813 0.561618
0 0.243394 0.795993 0.257693 0.795993 0.257693 0.821469 0.243394 0.821469
0 0.439540 0.907301 0.464237 0.907301 0.464237 0.919887 0.439540 0.919887
0 0.238500 0.657881 0.255886 0.657881 0.255886 0.667191 0.238500 0.667191
0 0.369991 0.476373 0.413535 0.476373 0.413535 0.530599 0.369991 0.530599
0 0.317526 0.914826 0.330742 0.914826 0.330742 0.940290 0.317526 0.940290
0 0.039283 0.632412 0.048622 0.632412 0.048622 0.649269 0.039283 0.649269
0 0.119812 0.562723 0.135789 0.562723 0.135789 0.570893 0.119812 0.570893
0 0.363394 0.921569 0.377799 0.921569 0.377799 0.947049 0.363394 0.947049
0 0.244910 0.743179 0.253009 0.743179 0.253009 0.758996 0.244910 0.758996
0 0.290347 0.839090 0.306521 0.839090 0.306521 0.847349 0.290347 0.847349
0 0.136035 0.900302 0.207992 0.900302 0.207992 0.959729 0.136035 0.959729
0 0.328525 0.887407 0.344568 0.887407 0.344568 0.895572 0.328525 0.895572
0 0.221847 0.620874 0.237760 0.620874 0.237760 0.629123 0.221847 0.629123
0 0.056205 0.631802 0.065223 0.631802 0.065223 0.648348 0.056205 0.648348
0 0.180709 0.619194 0.196584 0.619194 0.196584 0.627300 0.180709 0.627300
0 0.293941 0.896443 0.302989 0.896443 0.302989 0.913358 0.293941 0.913358
0 0.670579 0.358771 0.678750 0.358771 0.678750 0.374712 0.670579 0.374712
0 0.604627 0.300654 0.659782 0.300654 0.659782 0.383458 0.604627 0.383458
0 0.670467 0.304015 0.678501 0.304015 0.678501 0.320088 0.670467 0.320088
0 0.749943 0.355592 0.760172 0.355592 0.760172 0.372855 0.749943 0.372855
0 0.616728 0.853277 0.641463 0.853277 0.641463 0.865943 0.616728 0.865943
0 0.608673 0.933742 0.634742 0.933742 0.634742 0.947429 0.608673 0.947429
0 0.541608 0.929101 0.567330 0.929101 0.567330 0.942505 0.541608 0.942505
0 0.494770 0.864754 0.519719 0.864754 0.519719 0.877309 0.494770 0.877309
0 0.649469 0.934524 0.675794 0.934524 0.675794 0.949124 0.649469 0.949124
0 0.619039 0.893824 0.632350 0.893824 0.632350 0.919543 0.619039 0.919543
0 0.707642 0.856676 0.733535 0.856676 0.733535 0.870288 0.707642 0.870288
0 0.536127 0.855575 0.561079 0.855575 0.561079 0.868536 0.536127 0.868536
0 0.490594 0.904833 0.516548 0.904833 0.516548 0.918642 0.490594 0.918642
0 0.649512 0.882341 0.675840 0.882341 0.675840 0.897080 0.649512 0.897080
0 0.535676 0.903520 0.561483 0.903520 0.561483 0.918867 0.535676 0.918867
0 0.696382 0.655243 0.720959 0.655243 0.720959 0.668226 0.696382 0.668226
0 0.558494 0.531328 0.582658 0.531328 0.582658 0.583779 0.558494 0.583779
0 0.774087 0.857103 0.800349 0.857103 0.800349 0.872306 0.774087 0.872306
0 0.716983 0.890812 0.789361 0.890812 0.789361 0.947007 0.716983 0.947007
0 0.482552 0.835151 0.490675 0.835151 0.490675 0.850828 0.482552 0.850828
0 0.739684 0.687556 0.749283 0.687556 0.749283 0.704099 0.739684 0.704099
0 0.774242 0.506975 0.783876 0.506975 0.783876 0.523772 0.774242 0.523772
0 0.515057 0.577477 0.523309 0.577477 0.523309 0.593301 0.515057 0.593301
0 0.502781 0.533171 0.511124 0.533171 0.511124 0.549086 0.502781 0.549086
0 0.623761 0.581212 0.639772 0.581212 0.639772 0.589555 0.623761 0.589555
1 0.182599 0.120043 0.192210 0.120043 0.192210 0.123971 0.182599 0.123971
1 0.182424 0.099203 0.192066 0.099203 0.192066 0.103122 0.182424 0.103122
1 0.027270 0.185245 0.031191 0.185245 0.031191 0.193841 0.027270 0.193841
1 0.046961 0.202467 0.050729 0.202467 0.050729 0.210791 0.046961 0.210791
1 0.047247 0.185112 0.051193 0.185112 0.051193 0.193976 0.047247 0.193976
1 0.027344 0.202660 0.030831 0.202660 0.030831 0.210773 0.027344 0.210773
1 0.156149 0.253437 0.160205 0.253437 0.160205 0.261856 0.156149 0.261856
1 0.136431 0.253324 0.140439 0.253324 0.140439 0.261786 0.136431 0.261786
1 0.156587 0.292803 0.160729 0.292803 0.160729 0.301242 0.156587 0.301242
1 0.017194 0.299240 0.033219 0.299240 0.033219 0.303130 0.017194 0.303130
1 0.045447 0.381509 0.050024 0.381509 0.050024 0.390742 0.045447 0.390742
1 0.096616 0.402265 0.105169 0.402265 0.105169 0.406162 0.096616 0.406162
1 0.136258 0.292821 0.140851 0.292821 0.140851 0.301674 0.136258 0.301674
1 0.177220 0.369740 0.186466 0.369740 0.186466 0.373814 0.177220 0.373814
1 0.176882 0.391044 0.186684 0.391044 0.186684 0.395095 0.176882 0.395095
1 0.016893 0.269595 0.033883 0.269595 0.033883 0.273605 0.016893 0.273605
1 0.176904 0.329653 0.186382 0.329653 0.186382 0.333836 0.176904 0.333836
1 0.096751 0.382229 0.105287 0.382229 0.105287 0.386398 0.096751 0.386398
1 0.113887 0.403055 0.122165 0.403055 0.122165 0.407087 0.113887 0.407087
1 0.113839 0.422575 0.122246 0.422575 0.122246 0.426838 0.113839 0.426838
1 0.177230 0.351128 0.186603 0.351128 0.186603 0.354922 0.177230 0.354922
1 0.146023 0.270608 0.150633 0.270608 0.150633 0.279226 0.146023 0.279226
1 0.125869 0.270273 0.130421 0.270273 0.130421 0.278827 0.125869 0.278827
1 0.025456 0.381252 0.029807 0.381252 0.029807 0.390530 0.025456 0.390530
1 0.123330 0.693159 0.216952 0.693159 0.216952 0.726741 0.123330 0.726741
1 0.167028 0.567046 0.170518 0.567046 0.170518 0.583258 0.167028 0.583258
1 0.217299 0.620759 0.221844 0.620759 0.221844 0.629371 0.217299 0.629371
1 0.196405 0.567416 0.200466 0.567416 0.200466 0.582861 0.196405 0.582861
1 0.237731 0.620935 0.241951 0.620935 0.241951 0.628987 0.237731 0.628987
1 0.241002 0.567171 0.244589 0.567171 0.244589 0.582980 0.241002 0.582980
1 0.038574 0.649217 0.048815 0.649217 0.048815 0.652787 0.038574 0.652787
1 0.074845 0.649820 0.077866 0.649820 0.077866 0.664854 0.074845 0.664854
1 0.038305 0.628145 0.048708 0.628145 0.048708 0.632283 0.038305 0.632283
1 0.135680 0.562709 0.139330 0.562709 0.139330 0.571104 0.135680 0.571104
1 0.196381 0.618288 0.201315 0.618288 0.201315 0.627923 0.196381 0.627923
1 0.176297 0.619035 0.180773 0.619035 0.180773 0.627646 0.176297 0.627646
1 0.055447 0.648617 0.065330 0.648617 0.065330 0.652378 0.055447 0.652378
1 0.056119 0.628024 0.065485 0.628024 0.065485 0.631608 0.056119 0.631608
1 0.234932 0.657561 0.238585 0.657561 0.238585 0.667436 0.234932 0.667436
1 0.116754 0.562277 0.119922 0.562277 0.119922 0.570982 0.116754 0.570982
1 0.255780 0.657372 0.259156 0.657372 0.259156 0.667088 0.255780 0.667088
1 0.211602 0.567697 0.215173 0.567697 0.215173 0.582842 0.211602 0.582842
1 0.105560 0.649765 0.108583 0.649765 0.108583 0.665209 0.105560 0.665209
1 0.208059 0.906954 0.226157 0.906954 0.226157 0.950972 0.208059 0.950972
1 0.116314 0.907919 0.136233 0.907919 0.136233 0.950731 0.116314 0.950731
1 0.163348 0.825961 0.177572 0.825961 0.177572 0.841077 0.163348 0.841077
1 0.195890 0.826126 0.224212 0.826126 0.224212 0.889459 0.195890 0.889459
1 0.117381 0.826205 0.145038 0.826205 0.145038 0.888581 0.117381 0.888581
1 0.242271 0.821846 0.258616 0.821846 0.258616 0.825004 0.242271 0.825004
1 0.230929 0.936397 0.235338 0.936397 0.235338 0.952425 0.230929 0.952425
1 0.244418 0.758835 0.253261 0.758835 0.253261 0.762657 0.244418 0.762657
1 0.242335 0.792142 0.258258 0.792142 0.258258 0.795898 0.242335 0.795898
1 0.244336 0.739067 0.253277 0.739067 0.253277 0.743194 0.244336 0.743194
1 0.481113 0.046251 0.484903 0.046251 0.484903 0.055545 0.481113 0.055545
1 0.462520 0.048399 0.466134 0.048399 0.466134 0.057312 0.462520 0.057312
1 0.441625 0.048293 0.445195 0.048293 0.445195 0.056793 0.441625 0.056793
1 0.365158 0.464663 0.418721 0.464663 0.418721 0.476307 0.365158 0.476307
1 0.436883 0.495388 0.490668 0.495388 0.490668 0.507728 0.436883 0.507728
1 0.427152 0.628708 0.432889 0.628708 0.432889 0.659308 0.427152 0.659308
1 0.435852 0.628436 0.441458 0.628436 0.441458 0.659309 0.435852 0.659309
1 0.418622 0.629301 0.424298 0.629301 0.424298 0.659193 0.418622 0.659193
1 0.444358 0.628573 0.449941 0.628573 0.449941 0.659342 0.444358 0.659342
1 0.276957 0.674234 0.308149 0.674234 0.308149 0.681142 0.276957 0.681142
1 0.277844 0.683786 0.307920 0.683786 0.307920 0.689691 0.277844 0.689691
1 0.452732 0.629401 0.458269 0.629401 0.458269 0.659357 0.452732 0.659357
1 0.410099 0.628342 0.415826 0.628342 0.415826 0.659272 0.410099 0.659272
1 0.475432 0.683829 0.503751 0.683829 0.503751 0.689791 0.475432 0.689791
1 0.393009 0.628102 0.398719 0.628102 0.398719 0.659338 0.393009 0.659338
1 0.401567 0.628149 0.407234 0.628149 0.407234 0.659307 0.401567 0.659307
1 0.384444 0.628062 0.390197 0.628062 0.390197 0.659377 0.384444 0.659377
1 0.475519 0.675581 0.503830 0.675581 0.503830 0.681082 0.475519 0.681082
1 0.366694 0.531442 0.417645 0.531442 0.417645 0.542346 0.366694 0.542346
1 0.375870 0.628053 0.381664 0.628053 0.381664 0.659445 0.375870 0.659445
1 0.277701 0.692221 0.307958 0.692221 0.307958 0.698118 0.277701 0.698118
1 0.324308 0.628624 0.330351 0.628624 0.330351 0.659004 0.324308 0.659004
1 0.475681 0.709534 0.505136 0.709534 0.505136 0.715372 0.475681 0.715372
1 0.278431 0.709299 0.307752 0.709299 0.307752 0.715262 0.278431 0.715262
1 0.475601 0.700946 0.504692 0.700946 0.504692 0.706766 0.475601 0.706766
1 0.475588 0.735101 0.503787 0.735101 0.503787 0.741105 0.475588 0.741105
1 0.333033 0.628618 0.338873 0.628618 0.338873 0.659241 0.333033 0.659241
1 0.276814 0.735193 0.307656 0.735193 0.307656 0.741073 0.276814 0.741073
1 0.475828 0.718133 0.505027 0.718133 0.505027 0.723902 0.475828 0.723902
1 0.278407 0.700798 0.307922 0.700798 0.307922 0.706796 0.278407 0.706796
1 0.350197 0.628286 0.355922 0.628286 0.355922 0.659088 0.350197 0.659088
1 0.475994 0.743689 0.503704 0.743689 0.503704 0.749539 0.475994 0.749539
1 0.341621 0.628311 0.347293 0.628311 0.347293 0.659146 0.341621 0.659146
1 0.277148 0.717896 0.307811 0.717896 0.307811 0.723769 0.277148 0.723769
1 0.278346 0.743607 0.307612 0.743607 0.307612 0.749487 0.278346 0.749487
1 0.358843 0.628347 0.364484 0.628347 0.364484 0.659123 0.358843 0.659123
1 0.475852 0.726626 0.504772 0.726626 0.504772 0.732410 0.475852 0.732410
1 0.276850 0.726564 0.307742 0.726564 0.307742 0.732428 0.276850 0.732428
1 0.475508 0.692401 0.503702 0.692401 0.503702 0.698083 0.475508 0.698083
1 0.367271 0.628303 0.372923 0.628303 0.372923 0.659070 0.367271 0.659070
1 0.437271 0.562821 0.490182 0.562821 0.490182 0.572777 0.437271 0.572777
1 0.427243 0.826324 0.432844 0.826324 0.432844 0.856395 0.427243 0.856395
1 0.475631 0.803501 0.505282 0.803501 0.505282 0.810798 0.475631 0.810798
1 0.435790 0.826357 0.441346 0.826357 0.441346 0.856434 0.435790 0.856434
1 0.418645 0.826231 0.424179 0.826231 0.424179 0.856521 0.418645 0.856521
1 0.452832 0.826252 0.459178 0.826252 0.459178 0.855426 0.452832 0.855426
1 0.444160 0.826263 0.449755 0.826263 0.449755 0.856241 0.444160 0.856241
1 0.410045 0.826238 0.415636 0.826238 0.415636 0.856686 0.410045 0.856686
1 0.278184 0.803352 0.308033 0.803352 0.308033 0.809313 0.278184 0.809313
1 0.401566 0.826173 0.407151 0.826173 0.407151 0.856866 0.401566 0.856866
1 0.392943 0.826176 0.398611 0.826176 0.398611 0.857018 0.392943 0.857018
1 0.277351 0.794846 0.308066 0.794846 0.308066 0.800855 0.277351 0.800855
1 0.384428 0.826091 0.390087 0.826091 0.390087 0.857056 0.384428 0.857056
1 0.475492 0.794857 0.505268 0.794857 0.505268 0.800904 0.475492 0.800904
1 0.277975 0.786316 0.308084 0.786316 0.308084 0.792365 0.277975 0.792365
1 0.339137 0.903519 0.354918 0.903519 0.354918 0.907621 0.339137 0.907621
1 0.475363 0.786235 0.505136 0.786235 0.505136 0.792339 0.475363 0.792339
1 0.475409 0.777749 0.505204 0.777749 0.505204 0.783638 0.475409 0.783638
1 0.312802 0.866091 0.316828 0.866091 0.316828 0.882090 0.312802 0.882090
1 0.276741 0.777740 0.308130 0.777740 0.308130 0.783820 0.276741 0.783820
1 0.475366 0.769299 0.505396 0.769299 0.505396 0.775170 0.475366 0.775170
1 0.427988 0.930623 0.436043 0.930623 0.436043 0.955528 0.427988 0.955528
1 0.271749 0.932915 0.275478 0.932915 0.275478 0.949133 0.271749 0.949133
1 0.316100 0.910452 0.332142 0.910452 0.332142 0.914666 0.316100 0.914666
1 0.435596 0.905526 0.439608 0.905526 0.439608 0.921506 0.435596 0.921506
1 0.362270 0.917489 0.378140 0.917489 0.378140 0.921560 0.362270 0.921560
1 0.361779 0.888315 0.365516 0.888315 0.365516 0.903975 0.361779 0.903975
1 0.286448 0.838618 0.290650 0.838618 0.290650 0.847279 0.286448 0.847279
1 0.324367 0.887439 0.328728 0.887439 0.328728 0.895694 0.324367 0.895694
1 0.486865 0.903410 0.490704 0.903410 0.490704 0.919484 0.486865 0.919484
1 0.482208 0.830764 0.490819 0.830764 0.490819 0.835283 0.482208 0.835283
1 0.375822 0.825994 0.381575 0.825994 0.381575 0.857051 0.375822 0.857051
1 0.283457 0.865998 0.287096 0.865998 0.287096 0.881832 0.283457 0.881832
1 0.469074 0.929805 0.478196 0.929805 0.478196 0.954836 0.469074 0.954836
1 0.490682 0.862883 0.494884 0.862883 0.494884 0.878439 0.490682 0.878439
1 0.344456 0.887308 0.348492 0.887308 0.348492 0.895460 0.344456 0.895460
1 0.390191 0.888232 0.394214 0.888232 0.394214 0.903923 0.390191 0.903923
1 0.306564 0.838813 0.310465 0.838813 0.310465 0.847398 0.306564 0.847398
1 0.293780 0.913396 0.303134 0.913396 0.303134 0.917096 0.293780 0.917096
1 0.324659 0.826033 0.330110 0.826033 0.330110 0.856400 0.324659 0.856400
1 0.362038 0.947466 0.378690 0.947466 0.378690 0.951012 0.362038 0.951012
1 0.276435 0.769280 0.308189 0.769280 0.308189 0.775207 0.276435 0.775207
1 0.333002 0.825892 0.338658 0.825892 0.338658 0.855617 0.333002 0.855617
1 0.293957 0.892817 0.303082 0.892817 0.303082 0.896380 0.293957 0.896380
1 0.339135 0.933526 0.355137 0.933526 0.355137 0.937394 0.339135 0.937394
1 0.259783 0.936874 0.263663 0.936874 0.263663 0.952130 0.259783 0.952130
1 0.482206 0.851187 0.490976 0.851187 0.490976 0.855258 0.482206 0.855258
1 0.276970 0.752164 0.307933 0.752164 0.307933 0.757925 0.276970 0.757925
1 0.464179 0.905451 0.468225 0.905451 0.468225 0.921241 0.464179 0.921241
1 0.475727 0.752231 0.504815 0.752231 0.504815 0.758037 0.475727 0.758037
1 0.358811 0.826157 0.364461 0.826157 0.364461 0.855792 0.358811 0.855792
1 0.341534 0.826247 0.347299 0.826247 0.347299 0.856533 0.341534 0.856533
1 0.300987 0.932713 0.305275 0.932713 0.305275 0.948936 0.300987 0.948936
1 0.367354 0.826267 0.372963 0.826267 0.372963 0.856720 0.367354 0.856720
1 0.350208 0.826023 0.355768 0.826023 0.355768 0.856355 0.350208 0.856355
1 0.475586 0.760776 0.505077 0.760776 0.505077 0.766604 0.475586 0.766604
1 0.276598 0.760731 0.307965 0.760731 0.307965 0.766470 0.276598 0.766470
1 0.316062 0.940505 0.331961 0.940505 0.331961 0.944079 0.316062 0.944079
1 0.502271 0.046259 0.505755 0.046259 0.505755 0.055692 0.502271 0.055692
1 0.610196 0.289695 0.651152 0.289695 0.651152 0.300607 0.610196 0.300607
1 0.610102 0.383845 0.650683 0.383845 0.650683 0.395496 0.610102 0.395496
1 0.670156 0.299486 0.678929 0.299486 0.678929 0.304170 0.670156 0.304170
1 0.670103 0.319914 0.678733 0.319914 0.678733 0.323982 0.670103 0.323982
1 0.670476 0.374712 0.679124 0.374712 0.679124 0.378931 0.670476 0.378931
1 0.670254 0.354461 0.678716 0.354461 0.678716 0.358907 0.670254 0.358907
1 0.556350 0.584327 0.583529 0.584327 0.583529 0.594828 0.556350 0.594828
1 0.556771 0.521050 0.583290 0.521050 0.583290 0.531420 0.556771 0.531420
1 0.655684 0.653189 0.674959 0.653189 0.674959 0.667124 0.655684 0.667124
1 0.691955 0.654075 0.696368 0.654075 0.696368 0.669804 0.691955 0.669804
1 0.720942 0.653543 0.725187 0.653543 0.725187 0.670077 0.720942 0.670077
1 0.514785 0.573918 0.523333 0.573918 0.523333 0.577658 0.514785 0.577658
1 0.502392 0.529053 0.511353 0.529053 0.511353 0.533059 0.502392 0.533059
1 0.502207 0.548988 0.511227 0.548988 0.511227 0.552978 0.502207 0.552978
1 0.514940 0.593429 0.523464 0.593429 0.523464 0.597211 0.514940 0.597211
1 0.619236 0.581230 0.623747 0.581230 0.623747 0.589956 0.619236 0.589956
1 0.639662 0.581110 0.643595 0.581110 0.643595 0.589671 0.639662 0.589671
1 0.656083 0.685385 0.724662 0.685385 0.724662 0.712960 0.656083 0.712960
1 0.739373 0.704043 0.749010 0.704043 0.749010 0.707722 0.739373 0.707722
1 0.696957 0.896451 0.716788 0.896451 0.716788 0.936967 0.696957 0.936967
1 0.666065 0.776564 0.685388 0.776564 0.685388 0.790398 0.666065 0.790398
1 0.617963 0.919575 0.633763 0.919575 0.633763 0.923502 0.617963 0.923502
1 0.617701 0.889375 0.633274 0.889375 0.633274 0.893663 0.617701 0.893663
1 0.516398 0.903693 0.520533 0.903693 0.520533 0.919689 0.516398 0.919689
1 0.641512 0.851886 0.644842 0.851886 0.644842 0.865944 0.641512 0.865944
1 0.733430 0.855390 0.737324 0.855390 0.737324 0.872070 0.733430 0.872070
1 0.519691 0.862542 0.523679 0.862542 0.523679 0.878043 0.519691 0.878043
1 0.634669 0.932906 0.638631 0.932906 0.638631 0.948044 0.634669 0.948044
1 0.567487 0.927644 0.571594 0.927644 0.571594 0.943393 0.567487 0.943393
1 0.703904 0.855354 0.707806 0.855354 0.707806 0.871020 0.703904 0.871020
1 0.561291 0.903465 0.564938 0.903465 0.564938 0.919726 0.561291 0.919726
1 0.675629 0.881368 0.679420 0.881368 0.679420 0.896803 0.675629 0.896803
1 0.532166 0.854496 0.536197 0.854496 0.536197 0.869399 0.532166 0.869399
1 0.560994 0.854489 0.564256 0.854489 0.564256 0.869422 0.560994 0.869422
1 0.538226 0.927996 0.541547 0.927996 0.541547 0.943462 0.538226 0.943462
1 0.612210 0.852292 0.616709 0.852292 0.616709 0.866362 0.612210 0.866362
1 0.531545 0.903564 0.535375 0.903564 0.535375 0.919795 0.531545 0.919795
1 0.675659 0.934172 0.679131 0.934172 0.679131 0.949933 0.675659 0.949933
1 0.645855 0.934561 0.649579 0.934561 0.649579 0.949566 0.645855 0.949566
1 0.605107 0.932788 0.608842 0.932788 0.608842 0.948039 0.605107 0.948039
1 0.646112 0.881270 0.649964 0.881270 0.649964 0.896802 0.646112 0.896802
1 0.666219 0.808491 0.731612 0.808491 0.731612 0.836517 0.666219 0.836517
1 0.750073 0.351872 0.759897 0.351872 0.759897 0.355965 0.750073 0.355965
1 0.749930 0.372813 0.759848 0.372813 0.759848 0.376620 0.749930 0.376620
1 0.774252 0.503032 0.783840 0.503032 0.783840 0.507347 0.774252 0.507347
1 0.739449 0.683901 0.748751 0.683901 0.748751 0.687765 0.739449 0.687765
1 0.774285 0.523627 0.783716 0.523627 0.783716 0.527421 0.774285 0.527421
1 0.789215 0.894737 0.807112 0.894737 0.807112 0.938537 0.789215 0.938537
1 0.770129 0.856702 0.774136 0.856702 0.774136 0.873044 0.770129 0.873044
1 0.800035 0.857350 0.804534 0.857350 0.804534 0.873189 0.800035 0.873189
1 0.655751 0.607019 0.724331 0.607019 0.724331 0.634594 0.655751 0.634594
1 0.666219 0.730192 0.731612 0.730192 0.731612 0.758217 0.666219 0.758217
1 0.528817 0.614102 0.564328 0.614102 0.564328 0.706956 0.528817 0.706956
0 0.564707 0.608055 0.655147 0.608055 0.655147 0.711302 0.564707 0.711302
0 0.575419 0.733354 0.665859 0.733354 0.665859 0.836601 0.575419 0.836601
1 0.536205 0.737004 0.575100 0.737004 0.575100 0.830509 0.536205 0.830509
1 0.014614 0.038094 0.018472 0.038094 0.018472 0.048767 0.014614 0.048767
1 0.010016 0.201798 0.014121 0.201798 0.014121 0.216576 0.010016 0.216576
1 0.012397 0.406963 0.021264 0.406963 0.021264 0.434384 0.012397 0.434384
1 0.094988 0.441937 0.122245 0.441937 0.122245 0.449900 0.094988 0.449900
1 0.025697 0.407537 0.034563 0.407537 0.034563 0.434958 0.025697 0.434958
1 0.040228 0.407455 0.049095 0.407455 0.049095 0.434876 0.040228 0.434876
1 0.053446 0.407537 0.062313 0.407537 0.062313 0.434958 0.053446 0.434958
1 0.081031 0.407619 0.089898 0.407619 0.089898 0.435040 0.081031 0.435040
1 0.067813 0.407537 0.076680 0.407537 0.076680 0.434958 0.067813 0.434958
1 0.095399 0.455975 0.122655 0.455975 0.122655 0.463939 0.095399 0.463939
1 0.095399 0.468865 0.122655 0.468865 0.122655 0.476828 0.095399 0.476828
1 0.095809 0.482904 0.123066 0.482904 0.123066 0.490867 0.095809 0.490867
1 0.095234 0.496778 0.122491 0.496778 0.122491 0.504742 0.095234 0.504742
1 0.095316 0.509996 0.122573 0.509996 0.122573 0.517960 0.095316 0.517960
1 0.095316 0.523625 0.122573 0.523625 0.122573 0.531588 0.095316 0.531588
1 0.095727 0.537664 0.122984 0.537664 0.122984 0.545627 0.095727 0.545627
1 0.011904 0.552113 0.020771 0.552113 0.020771 0.578713 0.011904 0.578713
1 0.025615 0.552359 0.034481 0.552359 0.034481 0.578959 0.025615 0.578959
1 0.053200 0.552441 0.062067 0.552441 0.062067 0.579041 0.053200 0.579041
1 0.039489 0.552195 0.048356 0.552195 0.048356 0.578795 0.039489 0.578795
1 0.080292 0.552605 0.089159 0.552605 0.089159 0.579205 0.080292 0.579205
1 0.066582 0.552359 0.075449 0.552359 0.075449 0.578959 0.066582 0.578959
1 0.004105 0.681336 0.011740 0.681336 0.011740 0.719430 0.004105 0.719430
1 0.017651 0.680926 0.025286 0.680926 0.025286 0.719019 0.017651 0.719019
1 0.031772 0.680843 0.039407 0.680843 0.039407 0.718937 0.031772 0.718937
1 0.045318 0.680433 0.052954 0.680433 0.052954 0.718527 0.045318 0.718527
1 0.059029 0.680843 0.066664 0.680843 0.066664 0.718937 0.059029 0.718937
1 0.072739 0.682239 0.081360 0.682239 0.081360 0.718855 0.072739 0.718855
1 0.004269 0.843399 0.012479 0.843399 0.012479 0.883216 0.004269 0.883216
1 0.018062 0.843399 0.026272 0.843399 0.026272 0.883216 0.018062 0.883216
1 0.031444 0.843563 0.039654 0.843563 0.039654 0.883381 0.031444 0.883381
1 0.045236 0.843563 0.053446 0.843563 0.053446 0.883381 0.045236 0.883381
1 0.059521 0.843563 0.067731 0.843563 0.067731 0.883381 0.059521 0.883381
1 0.072575 0.843645 0.081524 0.843645 0.081524 0.883381 0.072575 0.883381
