0 0.663862 0.429494 0.831712 0.429494 0.831712 0.598193 0.663862 0.598193
0 0.251720 0.385282 0.351617 0.385282 0.351617 0.485546 0.251720 0.485546
0 0.159538 0.409951 0.177099 0.409951 0.177099 0.419285 0.159538 0.419285
0 0.145991 0.427110 0.162370 0.427110 0.162370 0.436211 0.145991 0.436211
0 0.431905 0.391078 0.532613 0.391078 0.532613 0.490626 0.431905 0.490626
0 0.146521 0.442989 0.162819 0.442989 0.162819 0.452236 0.146521 0.452236
0 0.250988 0.516284 0.352349 0.516284 0.352349 0.619840 0.250988 0.619840
0 0.159855 0.770351 0.193182 0.770351 0.193182 0.791427 0.159855 0.791427
0 0.437560 0.716912 0.493611 0.716912 0.493611 0.788934 0.437560 0.788934
0 0.172540 0.700377 0.192318 0.700377 0.192318 0.748694 0.172540 0.748694
0 0.430154 0.520729 0.532084 0.520729 0.532084 0.622924 0.430154 0.622924
0 0.299066 0.746471 0.356273 0.746471 0.356273 0.818477 0.299066 0.818477
0 0.604058 0.427302 0.613706 0.427302 0.613706 0.443818 0.604058 0.443818
0 0.737270 0.376115 0.753057 0.376115 0.753057 0.384315 0.737270 0.384315
0 0.571372 0.445885 0.588810 0.445885 0.588810 0.455211 0.571372 0.455211
0 0.863751 0.792571 0.889245 0.792571 0.889245 0.805895 0.863751 0.805895
0 0.804098 0.678521 0.829935 0.678521 0.829935 0.692848 0.804098 0.692848
0 0.873182 0.960276 0.887244 0.960276 0.887244 0.985880 0.873182 0.985880
0 0.790655 0.895314 0.804840 0.895314 0.804840 0.920851 0.790655 0.920851
0 0.781969 0.944227 0.807537 0.944227 0.807537 0.957520 0.781969 0.957520
0 0.741776 0.944840 0.754991 0.944840 0.754991 0.970293 0.741776 0.970293
0 0.959822 0.842245 0.974164 0.842245 0.974164 0.867847 0.959822 0.867847
0 0.969960 0.961441 0.977912 0.961441 0.977912 0.977054 0.969960 0.977054
0 0.823303 0.873329 0.837750 0.873329 0.837750 0.898736 0.823303 0.898736
0 0.874803 0.886954 0.889110 0.886954 0.889110 0.912342 0.874803 0.912342
0 0.916721 0.890024 0.929809 0.890024 0.929809 0.915601 0.916721 0.915601
0 0.821549 0.927483 0.835754 0.927483 0.835754 0.953013 0.821549 0.953013
0 0.537594 0.636780 0.554979 0.636780 0.554979 0.645831 0.537594 0.645831
0 0.922252 0.967192 0.936417 0.967192 0.936417 0.992727 0.922252 0.992727
0 0.830070 0.832284 0.844605 0.832284 0.844605 0.857681 0.830070 0.857681
0 0.938324 0.889958 0.952891 0.889958 0.952891 0.915025 0.938324 0.915025
0 0.823499 0.969906 0.836668 0.969906 0.836668 0.995488 0.823499 0.995488
0 0.960679 0.890436 0.974840 0.890436 0.974840 0.915964 0.960679 0.915964
0 0.952692 0.961551 0.961221 0.961551 0.961221 0.977559 0.952692 0.977559
0 0.522842 0.713597 0.561937 0.713597 0.561937 0.780545 0.522842 0.780545
0 0.888520 0.844067 0.901848 0.844067 0.901848 0.869433 0.888520 0.869433
0 0.953882 0.939589 0.969993 0.939589 0.969993 0.948539 0.953882 0.948539
0 0.846411 0.875992 0.860877 0.875992 0.860877 0.901889 0.846411 0.901889
0 0.767400 0.970204 0.780563 0.970204 0.780563 0.995580 0.767400 0.995580
0 0.845018 0.970071 0.859294 0.970071 0.859294 0.995575 0.845018 0.995575
0 0.796707 0.970426 0.809848 0.970426 0.809848 0.995961 0.796707 0.995961
0 0.962114 0.674432 0.970910 0.674432 0.970910 0.690657 0.962114 0.690657
0 0.906794 0.533696 0.914862 0.533696 0.914862 0.549504 0.906794 0.549504
0 0.808178 0.644512 0.823641 0.644512 0.823641 0.652346 0.808178 0.652346
0 0.537393 0.653283 0.553864 0.653283 0.553864 0.661854 0.537393 0.661854
0 0.989972 0.951374 0.998039 0.951374 0.998039 0.967209 0.989972 0.967209
0 0.991923 0.746652 0.999997 0.746652 0.999997 0.762153 0.991923 0.762153
0 0.992639 0.701791 0.999920 0.701791 0.999920 0.717916 0.992639 0.717916
1 0.188483 0.383402 0.250221 0.383402 0.250221 0.411109 0.188483 0.411109
1 0.188763 0.462442 0.250281 0.462442 0.250281 0.491309 0.188763 0.491309
1 0.176918 0.410153 0.180764 0.410153 0.180764 0.419061 0.176918 0.419061
1 0.163101 0.443510 0.166857 0.443510 0.166857 0.452061 0.163101 0.452061
1 0.142121 0.426837 0.145845 0.426837 0.145845 0.436013 0.142121 0.436013
1 0.162569 0.427149 0.166446 0.427149 0.166446 0.436042 0.162569 0.436042
1 0.155927 0.409789 0.159464 0.409789 0.159464 0.419530 0.155927 0.419530
1 0.143175 0.442694 0.146569 0.442694 0.146569 0.452330 0.143175 0.452330
1 0.167080 0.504936 0.176239 0.504936 0.176239 0.508137 0.167080 0.508137
1 0.192489 0.716158 0.208729 0.716158 0.208729 0.731907 0.192489 0.731907
1 0.157198 0.701291 0.172978 0.701291 0.172978 0.713998 0.157198 0.713998
1 0.188878 0.516044 0.250486 0.516044 0.250486 0.543816 0.188878 0.543816
1 0.155819 0.733734 0.172346 0.733734 0.172346 0.746752 0.155819 0.746752
1 0.188564 0.594392 0.250306 0.594392 0.250306 0.623526 0.188564 0.623526
1 0.193587 0.768848 0.202964 0.768848 0.202964 0.792912 0.193587 0.792912
1 0.151610 0.769252 0.159449 0.769252 0.159449 0.792552 0.151610 0.792552
1 0.306219 0.729286 0.346881 0.729286 0.346881 0.745902 0.306219 0.745902
1 0.444855 0.697626 0.486680 0.697626 0.486680 0.716610 0.444855 0.716610
1 0.443575 0.789177 0.486165 0.789177 0.486165 0.808668 0.443575 0.808668
1 0.305897 0.818761 0.348095 0.818761 0.348095 0.840201 0.305897 0.840201
1 0.680154 0.399817 0.686533 0.399817 0.686533 0.428893 0.680154 0.428893
1 0.689551 0.400288 0.695032 0.400288 0.695032 0.429258 0.689551 0.429258
1 0.697926 0.400502 0.703472 0.400502 0.703472 0.429444 0.697926 0.429444
1 0.706436 0.400459 0.711995 0.400459 0.711995 0.429555 0.706436 0.429555
1 0.715011 0.400345 0.720580 0.400345 0.720580 0.429607 0.715011 0.429607
1 0.731986 0.400276 0.737673 0.400276 0.737673 0.429497 0.731986 0.429497
1 0.723474 0.400305 0.729062 0.400305 0.729062 0.429572 0.723474 0.429572
1 0.532882 0.386784 0.594935 0.386784 0.594935 0.416037 0.532882 0.416037
1 0.634885 0.445832 0.662500 0.445832 0.662500 0.452862 0.634885 0.452862
1 0.533387 0.465586 0.594262 0.465586 0.594262 0.493512 0.533387 0.493512
1 0.634645 0.489363 0.662528 0.489363 0.662528 0.495657 0.634645 0.495657
1 0.634367 0.480724 0.662639 0.480724 0.662639 0.486963 0.634367 0.486963
1 0.603796 0.443510 0.614010 0.443510 0.614010 0.447481 0.603796 0.447481
1 0.634676 0.472203 0.662572 0.472203 0.662572 0.478456 0.634676 0.478456
1 0.635045 0.454873 0.662264 0.454873 0.662264 0.461416 0.635045 0.461416
1 0.733182 0.375968 0.737448 0.375968 0.737448 0.384751 0.733182 0.384751
1 0.635693 0.497910 0.662523 0.497910 0.662523 0.504125 0.635693 0.504125
1 0.603631 0.423194 0.613875 0.423194 0.613875 0.427474 0.603631 0.427474
1 0.635163 0.463585 0.662267 0.463585 0.662267 0.469725 0.635163 0.469725
1 0.567632 0.446312 0.571344 0.446312 0.571344 0.455370 0.567632 0.455370
1 0.588619 0.446166 0.592577 0.446166 0.592577 0.455430 0.588619 0.455430
1 0.681482 0.598059 0.687257 0.598059 0.687257 0.627985 0.681482 0.627985
1 0.633766 0.566281 0.663588 0.566281 0.663588 0.572035 0.633766 0.572035
1 0.690108 0.598400 0.695613 0.598400 0.695613 0.628029 0.690108 0.628029
1 0.532474 0.597500 0.593333 0.597500 0.593333 0.625072 0.532474 0.625072
1 0.634095 0.532154 0.663324 0.532154 0.663324 0.537903 0.634095 0.537903
1 0.633932 0.549326 0.663428 0.549326 0.663428 0.555018 0.633932 0.555018
1 0.633909 0.557787 0.663621 0.557787 0.663621 0.563581 0.633909 0.563581
1 0.633903 0.540681 0.663294 0.540681 0.663294 0.546356 0.633903 0.546356
1 0.634804 0.523599 0.663357 0.523599 0.663357 0.529385 0.634804 0.529385
1 0.698442 0.598520 0.704065 0.598520 0.704065 0.627877 0.698442 0.627877
1 0.633962 0.574861 0.663397 0.574861 0.663397 0.581614 0.633962 0.581614
1 0.732494 0.598188 0.738266 0.598188 0.738266 0.629049 0.732494 0.629049
1 0.531981 0.518195 0.594323 0.518195 0.594323 0.547668 0.531981 0.547668
1 0.724059 0.598213 0.729736 0.598213 0.729736 0.629090 0.724059 0.629090
1 0.706959 0.598446 0.712660 0.598446 0.712660 0.628488 0.706959 0.628488
1 0.634952 0.515107 0.663335 0.515107 0.663335 0.520954 0.634952 0.520954
1 0.715521 0.598349 0.721203 0.598349 0.721203 0.628864 0.715521 0.628864
1 0.527793 0.695732 0.556068 0.695732 0.556068 0.713038 0.527793 0.713038
1 0.741046 0.598172 0.746801 0.598172 0.746801 0.629029 0.741046 0.629029
1 0.553781 0.653514 0.557882 0.653514 0.557882 0.662567 0.553781 0.662567
1 0.533771 0.637499 0.537666 0.637499 0.537666 0.646038 0.533771 0.646038
1 0.554688 0.636925 0.558348 0.636925 0.558348 0.646078 0.554688 0.646078
1 0.635350 0.506529 0.663065 0.506529 0.663065 0.512339 0.635350 0.512339
1 0.527227 0.780986 0.556639 0.780986 0.556639 0.800782 0.527227 0.800782
1 0.740469 0.400398 0.746214 0.400398 0.746214 0.429697 0.740469 0.429697
1 0.831425 0.446144 0.861444 0.446144 0.861444 0.452908 0.831425 0.452908
1 0.749124 0.400549 0.754824 0.400549 0.754824 0.429561 0.749124 0.429561
1 0.757583 0.400720 0.763352 0.400720 0.763352 0.429457 0.757583 0.429457
1 0.783242 0.400331 0.788918 0.400331 0.788918 0.429421 0.783242 0.429421
1 0.791803 0.400356 0.797493 0.400356 0.797493 0.429446 0.791803 0.429446
1 0.753148 0.375742 0.757295 0.375742 0.757295 0.384720 0.753148 0.384720
1 0.800256 0.400440 0.805929 0.400440 0.805929 0.429324 0.800256 0.429324
1 0.774771 0.400459 0.780382 0.400459 0.780382 0.429383 0.774771 0.429383
1 0.831626 0.455105 0.861211 0.455105 0.861211 0.461388 0.831626 0.461388
1 0.831859 0.463692 0.861233 0.463692 0.861233 0.469760 0.831859 0.469760
1 0.831862 0.472126 0.861564 0.472126 0.861564 0.478243 0.831862 0.478243
1 0.808885 0.400284 0.815357 0.400284 0.815357 0.428889 0.808885 0.428889
1 0.831774 0.489405 0.861570 0.489405 0.861570 0.495426 0.831774 0.495426
1 0.766211 0.400549 0.771918 0.400549 0.771918 0.429405 0.766211 0.429405
1 0.831728 0.480842 0.861755 0.480842 0.861755 0.486855 0.831728 0.486855
1 0.832062 0.557835 0.861482 0.557835 0.861482 0.563838 0.832062 0.563838
1 0.832150 0.566173 0.861395 0.566173 0.861395 0.572280 0.832150 0.572280
1 0.832324 0.574733 0.861440 0.574733 0.861440 0.581878 0.832324 0.581878
1 0.831922 0.549217 0.861600 0.549217 0.861600 0.555228 0.831922 0.555228
1 0.831874 0.532137 0.861712 0.532137 0.861712 0.538107 0.831874 0.538107
1 0.831915 0.540602 0.861628 0.540602 0.861628 0.546561 0.831915 0.546561
1 0.831678 0.523513 0.861954 0.523513 0.861954 0.529577 0.831678 0.529577
1 0.831488 0.514903 0.861885 0.514903 0.861885 0.520996 0.831488 0.520996
1 0.829955 0.677388 0.833769 0.677388 0.833769 0.693716 0.829955 0.693716
1 0.809532 0.597641 0.816008 0.597641 0.816008 0.629143 0.809532 0.629143
1 0.800366 0.677717 0.803862 0.677717 0.803862 0.693513 0.800366 0.693513
1 0.749615 0.598335 0.755410 0.598335 0.755410 0.628918 0.749615 0.628918
1 0.800762 0.598229 0.806704 0.598229 0.806704 0.628445 0.800762 0.628445
1 0.961534 0.690635 0.971104 0.690635 0.971104 0.693951 0.961534 0.693951
1 0.831712 0.497941 0.861775 0.497941 0.861775 0.503938 0.831712 0.503938
1 0.962121 0.670967 0.970780 0.670967 0.970780 0.674385 0.962121 0.674385
1 0.792390 0.598189 0.798198 0.598189 0.798198 0.628365 0.792390 0.628365
1 0.831506 0.506487 0.861924 0.506487 0.861924 0.512716 0.831506 0.512716
1 0.766669 0.598311 0.772453 0.598311 0.772453 0.628539 0.766669 0.628539
1 0.758197 0.598489 0.763956 0.598489 0.763956 0.628438 0.758197 0.628438
1 0.783876 0.598084 0.789753 0.598084 0.789753 0.628652 0.783876 0.628652
1 0.775218 0.598286 0.781043 0.598286 0.781043 0.628653 0.775218 0.628653
1 0.804131 0.643818 0.808367 0.643818 0.808367 0.652760 0.804131 0.652760
1 0.992710 0.698289 0.999836 0.698289 0.999836 0.701872 0.992710 0.701872
1 0.991858 0.742653 0.999902 0.742653 0.999902 0.746385 0.991858 0.746385
1 0.823564 0.644053 0.827438 0.644053 0.827438 0.652782 0.823564 0.652782
1 0.992840 0.718000 0.999915 0.718000 0.999915 0.721188 0.992840 0.721188
1 0.906949 0.549533 0.914877 0.549533 0.914877 0.553508 0.906949 0.553508
1 0.906739 0.530674 0.915062 0.530674 0.915062 0.533867 0.906739 0.533867
1 0.872416 0.955151 0.887507 0.955151 0.887507 0.960044 0.872416 0.960044
1 0.874274 0.912612 0.888952 0.912612 0.888952 0.916188 0.874274 0.916188
1 0.844771 0.965540 0.860125 0.965540 0.860125 0.970167 0.844771 0.970167
1 0.846466 0.872217 0.861311 0.872217 0.861311 0.876493 0.846466 0.876493
1 0.886953 0.840454 0.902982 0.840454 0.902982 0.844113 0.886953 0.844113
1 0.790591 0.920966 0.805026 0.920966 0.805026 0.924851 0.790591 0.924851
1 0.846440 0.901891 0.861329 0.901891 0.861329 0.905890 0.846440 0.905890
1 0.887585 0.869508 0.902756 0.869508 0.902756 0.873497 0.887585 0.873497
1 0.872854 0.986091 0.887673 0.986091 0.887673 0.989616 0.872854 0.989616
1 0.821323 0.953235 0.836011 0.953235 0.836011 0.956888 0.821323 0.956888
1 0.741383 0.970275 0.755465 0.970275 0.755465 0.974571 0.741383 0.974571
1 0.922026 0.961506 0.936954 0.961506 0.936954 0.966976 0.922026 0.966976
1 0.960468 0.886668 0.975052 0.886668 0.975052 0.890701 0.960468 0.890701
1 0.822798 0.869061 0.837942 0.869061 0.837942 0.873137 0.822798 0.873137
1 0.916213 0.886330 0.930558 0.886330 0.930558 0.890178 0.916213 0.890178
1 0.822854 0.965168 0.837690 0.965168 0.837690 0.969914 0.822854 0.969914
1 0.859718 0.790731 0.863796 0.790731 0.863796 0.806527 0.859718 0.806527
1 0.777843 0.943294 0.782173 0.943294 0.782173 0.958269 0.777843 0.958269
1 0.823220 0.898753 0.838123 0.898753 0.838123 0.902567 0.823220 0.902567
1 0.796358 0.966317 0.810531 0.966317 0.810531 0.970410 0.796358 0.970410
1 0.938571 0.914739 0.952879 0.914739 0.952879 0.918758 0.938571 0.918758
1 0.959344 0.838319 0.974400 0.838319 0.974400 0.842049 0.959344 0.842049
1 0.938548 0.886137 0.952946 0.886137 0.952946 0.889867 0.938548 0.889867
1 0.807313 0.942961 0.811412 0.942961 0.811412 0.958206 0.807313 0.958206
1 0.889300 0.791003 0.892777 0.791003 0.892777 0.806747 0.889300 0.806747
1 0.916872 0.915262 0.929744 0.915262 0.929744 0.919527 0.916872 0.919527
1 0.823164 0.995532 0.837482 0.995532 0.837482 0.999739 0.823164 0.999739
1 0.829630 0.828457 0.844591 0.828457 0.844591 0.832410 0.829630 0.832410
1 0.766998 0.966039 0.781503 0.966039 0.781503 0.970019 0.766998 0.970019
1 0.952999 0.977893 0.960677 0.977893 0.960677 0.981231 0.952999 0.981231
1 0.969849 0.940563 0.972623 0.940563 0.972623 0.947725 0.969849 0.947725
1 0.953102 0.958043 0.960618 0.958043 0.960618 0.961501 0.953102 0.961501
1 0.950500 0.939650 0.953711 0.939650 0.953711 0.947594 0.950500 0.947594
1 0.821450 0.923347 0.835795 0.923347 0.835795 0.927508 0.821450 0.927508
1 0.845355 0.995694 0.860006 0.995694 0.860006 0.999697 0.845355 0.999697
1 0.829798 0.857949 0.844420 0.857949 0.844420 0.861020 0.829798 0.861020
1 0.959439 0.868206 0.974460 0.868206 0.974460 0.871825 0.959439 0.871825
1 0.741179 0.940546 0.755303 0.940546 0.755303 0.944611 0.741179 0.944611
1 0.922209 0.992719 0.936657 0.992719 0.936657 0.996387 0.922209 0.996387
1 0.874364 0.883144 0.889151 0.883144 0.889151 0.887098 0.874364 0.887098
1 0.795982 0.995841 0.810498 0.995841 0.810498 0.999765 0.795982 0.999765
1 0.767013 0.995579 0.781256 0.995579 0.781256 0.999677 0.767013 0.999677
1 0.790549 0.891481 0.804814 0.891481 0.804814 0.895182 0.790549 0.895182
1 0.970646 0.958800 0.977374 0.958800 0.977374 0.961408 0.970646 0.961408
1 0.970485 0.977399 0.977391 0.977399 0.977391 0.979950 0.970485 0.979950
1 0.960387 0.915832 0.974886 0.915832 0.974886 0.918951 0.960387 0.918951
1 0.990635 0.967282 0.997664 0.967282 0.997664 0.969609 0.990635 0.969609
1 0.990710 0.948729 0.997411 0.948729 0.997411 0.951196 0.990710 0.951196
1 0.991919 0.762187 0.999753 0.762187 0.999753 0.765402 0.991919 0.765402
1 0.351251 0.389308 0.383736 0.389308 0.383736 0.483888 0.351251 0.483888
1 0.399008 0.393873 0.431323 0.393873 0.431323 0.487894 0.399008 0.487894
1 0.353081 0.522504 0.384099 0.522504 0.384099 0.616363 0.353081 0.616363
1 0.398307 0.525675 0.429906 0.525675 0.429906 0.619362 0.398307 0.619362
0 0.167022 0.508343 0.176414 0.508343 0.176414 0.525519 0.167022 0.525519
1 0.167402 0.525483 0.176470 0.525483 0.176470 0.527686 0.167402 0.527686
1 0.534000 0.653446 0.537350 0.653446 0.537350 0.662257 0.534000 0.662257
1 0.234834 0.428532 0.251171 0.428532 0.251171 0.444298 0.234834 0.444298
1 0.235240 0.560672 0.251578 0.560672 0.251578 0.576438 0.235240 0.576438
1 0.532453 0.432598 0.548790 0.432598 0.548790 0.448364 0.532453 0.448364
1 0.532046 0.563111 0.548383 0.563111 0.548383 0.578877 0.532046 0.578877
1 0.706326 0.959121 0.729393 0.959121 0.729393 0.968240 0.706326 0.968240
1 0.983395 0.645307 0.990502 0.645307 0.990502 0.684198 0.983395 0.684198
1 0.936457 0.629616 0.974812 0.629616 0.974812 0.636187 0.936457 0.636187
1 0.936054 0.618351 0.974409 0.618351 0.974409 0.624922 0.936054 0.624922
1 0.935652 0.596223 0.974007 0.596223 0.974007 0.602794 0.935652 0.602794
1 0.936054 0.607622 0.974409 0.607622 0.974409 0.614194 0.936054 0.614194
1 0.935920 0.585226 0.974275 0.585226 0.974275 0.591797 0.935920 0.591797
1 0.935518 0.574095 0.973873 0.574095 0.973873 0.580666 0.935518 0.580666
1 0.935518 0.563366 0.973873 0.563366 0.973873 0.569938 0.935518 0.569938
1 0.934981 0.551967 0.973337 0.551967 0.973337 0.558538 0.934981 0.558538
1 0.935920 0.540702 0.974275 0.540702 0.974275 0.547273 0.935920 0.547273
1 0.935518 0.529437 0.973873 0.529437 0.973873 0.536008 0.935518 0.536008
1 0.935518 0.518708 0.973873 0.518708 0.973873 0.525279 0.935518 0.525279
1 0.935116 0.507309 0.973471 0.507309 0.973471 0.513880 0.935116 0.513880
1 0.935384 0.496312 0.974141 0.496312 0.974141 0.503286 0.935384 0.503286
1 0.934981 0.485181 0.974141 0.485181 0.974141 0.492021 0.934981 0.492021
1 0.934981 0.474452 0.973873 0.474452 0.973873 0.480755 0.934981 0.480755
1 0.934445 0.463053 0.974141 0.463053 0.974141 0.469758 0.934445 0.469758
1 0.934981 0.440657 0.974141 0.440657 0.974141 0.447496 0.934981 0.447496
1 0.935384 0.451788 0.974141 0.451788 0.974141 0.458762 0.935384 0.458762
1 0.934981 0.429928 0.973873 0.429928 0.973873 0.436231 0.934981 0.436231
1 0.934445 0.418529 0.974141 0.418529 0.974141 0.425234 0.934445 0.425234
1 0.983126 0.370786 0.990771 0.370786 0.990771 0.409275 0.983126 0.409275
