0 0.263263 0.511821 0.601787 0.511821 0.601787 0.847419 0.263263 0.847419
0 0.167455 0.329365 0.180699 0.329365 0.180699 0.354873 0.167455 0.354873
0 0.082925 0.163599 0.108773 0.163599 0.108773 0.178278 0.082925 0.178278
0 0.108943 0.317732 0.123469 0.317732 0.123469 0.343031 0.108943 0.343031
0 0.125499 0.361641 0.139799 0.361641 0.139799 0.387332 0.125499 0.387332
0 0.201265 0.452518 0.215275 0.452518 0.215275 0.478004 0.201265 0.478004
0 0.296103 0.338703 0.329247 0.338703 0.329247 0.357211 0.296103 0.357211
0 0.102305 0.358566 0.116541 0.358566 0.116541 0.384086 0.102305 0.384086
0 0.102573 0.455445 0.115596 0.455445 0.115596 0.480979 0.102573 0.480979
0 0.345669 0.358822 0.354662 0.358822 0.354662 0.374649 0.345669 0.374649
0 0.195702 0.375388 0.208503 0.375388 0.208503 0.400800 0.195702 0.400800
0 0.268875 0.436755 0.276993 0.436755 0.276993 0.452463 0.268875 0.452463
0 0.020814 0.430414 0.033960 0.430414 0.033960 0.455661 0.020814 0.455661
0 0.217234 0.375122 0.231757 0.375122 0.231757 0.400317 0.217234 0.400317
0 0.061128 0.429591 0.086674 0.429591 0.086674 0.442771 0.061128 0.442771
0 0.239451 0.375494 0.253798 0.375494 0.253798 0.401425 0.239451 0.401425
0 0.069617 0.380803 0.083826 0.380803 0.083826 0.406304 0.069617 0.406304
0 0.046428 0.455753 0.059521 0.455753 0.059521 0.481236 0.046428 0.481236
0 0.185738 0.019121 0.193775 0.019121 0.193775 0.034808 0.185738 0.034808
0 0.100332 0.412642 0.114769 0.412642 0.114769 0.438343 0.100332 0.438343
0 0.075812 0.455797 0.088820 0.455797 0.088820 0.481345 0.075812 0.481345
0 0.364772 0.338442 0.397778 0.338442 0.397778 0.357120 0.364772 0.357120
0 0.142785 0.277871 0.168078 0.277871 0.168078 0.291312 0.142785 0.291312
0 0.288269 0.443500 0.304624 0.443500 0.304624 0.452531 0.288269 0.452531
0 0.287557 0.231308 0.296334 0.231308 0.296334 0.248199 0.287557 0.248199
0 0.170891 0.485767 0.179829 0.485767 0.179829 0.501666 0.170891 0.501666
0 0.152020 0.445536 0.166053 0.445536 0.166053 0.471181 0.152020 0.471181
0 0.124228 0.455647 0.138331 0.455647 0.138331 0.481043 0.124228 0.481043
0 0.153739 0.372099 0.168006 0.372099 0.168006 0.397705 0.153739 0.397705
0 0.238676 0.327873 0.252970 0.327873 0.252970 0.353281 0.238676 0.353281
0 0.232697 0.424853 0.248916 0.424853 0.248916 0.433806 0.232697 0.433806
0 0.346168 0.327203 0.353815 0.327203 0.353815 0.343012 0.346168 0.343012
0 0.271666 0.187344 0.279571 0.187344 0.279571 0.203238 0.271666 0.203238
0 0.312509 0.387530 0.328117 0.387530 0.328117 0.395493 0.312509 0.395493
0 0.103840 0.500309 0.113694 0.500309 0.113694 0.517097 0.103840 0.517097
0 0.087150 0.129878 0.102439 0.129878 0.102439 0.137714 0.087150 0.137714
0 0.270930 0.231849 0.279121 0.231849 0.279121 0.247386 0.270930 0.247386
0 0.192811 0.492760 0.208646 0.492760 0.208646 0.500992 0.192811 0.500992
0 0.296215 0.410476 0.304406 0.410476 0.304406 0.426148 0.296215 0.426148
0 0.279592 0.410464 0.289144 0.410464 0.289144 0.426557 0.279592 0.426557
0 0.192770 0.513315 0.208678 0.513315 0.208678 0.521470 0.192770 0.521470
0 0.352165 0.410952 0.368313 0.410952 0.368313 0.420090 0.352165 0.420090
0 0.249000 0.446868 0.256879 0.446868 0.256879 0.462713 0.249000 0.462713
0 0.231656 0.446922 0.240109 0.446922 0.240109 0.463150 0.231656 0.463150
0 0.241140 0.159834 0.250118 0.159834 0.250118 0.176241 0.241140 0.176241
0 0.083790 0.963453 0.108893 0.963453 0.108893 0.976521 0.083790 0.976521
0 0.049233 0.648906 0.062106 0.648906 0.062106 0.674066 0.049233 0.674066
0 0.059032 0.608843 0.084404 0.608843 0.084404 0.623202 0.059032 0.623202
0 0.072564 0.933225 0.097259 0.933225 0.097259 0.947290 0.072564 0.947290
0 0.031614 0.818905 0.057097 0.818905 0.057097 0.833141 0.031614 0.833141
0 0.031375 0.558116 0.045425 0.558116 0.045425 0.583637 0.031375 0.583637
0 0.198709 0.764619 0.215857 0.764619 0.215857 0.773724 0.198709 0.773724
0 0.063788 0.585978 0.089196 0.585978 0.089196 0.600580 0.063788 0.600580
0 0.059348 0.866714 0.084729 0.866714 0.084729 0.881661 0.059348 0.881661
0 0.354603 0.937149 0.362653 0.937149 0.362653 0.952808 0.354603 0.952808
0 0.124164 0.964608 0.149524 0.964608 0.149524 0.979016 0.124164 0.979016
0 0.354503 0.896268 0.362493 0.896268 0.362493 0.912014 0.354503 0.912014
0 0.077207 0.496148 0.090464 0.496148 0.090464 0.521573 0.077207 0.521573
0 0.114836 0.729991 0.129197 0.729991 0.129197 0.755176 0.114836 0.755176
0 0.182205 0.531686 0.190024 0.531686 0.190024 0.547219 0.182205 0.547219
0 0.144045 0.802301 0.156725 0.802301 0.156725 0.826585 0.144045 0.826585
0 0.109820 0.593010 0.135048 0.593010 0.135048 0.607455 0.109820 0.607455
0 0.173957 0.698325 0.189691 0.698325 0.189691 0.706403 0.173957 0.706403
0 0.112908 0.935947 0.137884 0.935947 0.137884 0.950426 0.112908 0.950426
0 0.038799 0.925556 0.060533 0.925556 0.060533 0.959832 0.038799 0.959832
0 0.074245 0.684823 0.099458 0.684823 0.099458 0.699555 0.074245 0.699555
0 0.120371 0.633699 0.136050 0.633699 0.136050 0.641812 0.120371 0.641812
0 0.167605 0.962431 0.193156 0.962431 0.193156 0.977126 0.167605 0.977126
0 0.400622 0.896014 0.408529 0.896014 0.408529 0.911989 0.400622 0.911989
0 0.070882 0.895493 0.085164 0.895493 0.085164 0.921190 0.070882 0.921190
0 0.197814 0.637383 0.212021 0.637383 0.212021 0.662585 0.197814 0.662585
0 0.189848 0.781393 0.205508 0.781393 0.205508 0.789554 0.189848 0.789554
0 0.161286 0.561781 0.175456 0.561781 0.175456 0.586889 0.161286 0.586889
0 0.109718 0.570127 0.135023 0.570127 0.135023 0.584590 0.109718 0.584590
0 0.427825 0.944776 0.443196 0.944776 0.443196 0.952487 0.427825 0.952487
0 0.321047 0.906926 0.336625 0.906926 0.336625 0.914863 0.321047 0.914863
0 0.055113 0.544380 0.069604 0.544380 0.069604 0.569917 0.055113 0.569917
0 0.263555 0.913232 0.272115 0.913232 0.272115 0.929181 0.263555 0.929181
0 0.460462 0.928812 0.475845 0.928812 0.475845 0.936838 0.460462 0.936838
0 0.181217 0.714596 0.197024 0.714596 0.197024 0.722737 0.181217 0.722737
0 0.453958 0.909061 0.469391 0.909061 0.469391 0.917195 0.453958 0.917195
0 0.400951 0.936902 0.408932 0.936902 0.408932 0.952863 0.400951 0.952863
0 0.120347 0.615982 0.136390 0.615982 0.136390 0.625827 0.120347 0.625827
0 0.377645 0.895817 0.385697 0.895817 0.385697 0.911725 0.377645 0.911725
0 0.230057 0.870570 0.245899 0.870570 0.245899 0.878816 0.230057 0.878816
0 0.285533 0.914745 0.306796 0.914745 0.306796 0.946055 0.285533 0.946055
0 0.188399 0.871146 0.203968 0.871146 0.203968 0.878996 0.188399 0.878996
0 0.189505 0.821818 0.204848 0.821818 0.204848 0.829798 0.189505 0.829798
0 0.377630 0.936860 0.385691 0.936860 0.385691 0.952671 0.377630 0.952671
0 0.165762 0.528213 0.174668 0.528213 0.174668 0.544097 0.165762 0.544097
0 0.148706 0.725601 0.164533 0.725601 0.164533 0.733871 0.148706 0.733871
0 0.229977 0.894084 0.245868 0.894084 0.245868 0.902146 0.229977 0.902146
0 0.188334 0.895642 0.203910 0.895642 0.203910 0.903357 0.188334 0.903357
0 0.427695 0.922647 0.443248 0.922647 0.443248 0.930638 0.427695 0.930638
0 0.120807 0.696386 0.137584 0.696386 0.137584 0.705813 0.120807 0.705813
0 0.230013 0.851382 0.245738 0.851382 0.245738 0.859541 0.230013 0.859541
0 0.197900 0.738250 0.205971 0.738250 0.205971 0.753969 0.197900 0.753969
0 0.188295 0.848128 0.203876 0.848128 0.203876 0.856002 0.188295 0.856002
0 0.147715 0.774351 0.163439 0.774351 0.163439 0.782592 0.147715 0.782592
0 0.327583 0.942654 0.343004 0.942654 0.343004 0.950825 0.327583 0.950825
0 0.454988 0.950595 0.463353 0.950595 0.463353 0.966398 0.454988 0.966398
0 0.733486 0.265517 0.755088 0.265517 0.755088 0.299824 0.733486 0.299824
0 0.765887 0.265718 0.787029 0.265718 0.787029 0.299882 0.765887 0.299882
0 0.801420 0.267874 0.813577 0.267874 0.813577 0.293138 0.801420 0.293138
0 0.709586 0.130807 0.784506 0.130807 0.784506 0.191591 0.709586 0.191591
0 0.541081 0.136107 0.558629 0.136107 0.558629 0.146086 0.541081 0.146086
0 0.567474 0.191414 0.576976 0.191414 0.576976 0.208731 0.567474 0.208731
0 0.510834 0.133601 0.527499 0.133601 0.527499 0.143466 0.510834 0.143466
0 0.544795 0.096560 0.552696 0.096560 0.552696 0.112323 0.544795 0.112323
0 0.596513 0.102871 0.606429 0.102871 0.606429 0.119764 0.596513 0.119764
0 0.572881 0.048360 0.581088 0.048360 0.581088 0.064452 0.572881 0.064452
0 0.545623 0.063310 0.553539 0.063310 0.553539 0.078743 0.545623 0.078743
0 0.578643 0.237671 0.587823 0.237671 0.587823 0.254867 0.578643 0.254867
0 0.581531 0.264941 0.598606 0.264941 0.598606 0.273945 0.581531 0.273945
0 0.578009 0.103110 0.586977 0.103110 0.586977 0.119197 0.578009 0.119197
0 0.670338 0.734887 0.712317 0.734887 0.712317 0.788422 0.670338 0.788422
0 0.768068 0.732243 0.776544 0.732243 0.776544 0.747886 0.768068 0.747886
0 0.649573 0.695021 0.657599 0.695021 0.657599 0.710831 0.649573 0.710831
0 0.768140 0.773295 0.776399 0.773295 0.776399 0.789028 0.768140 0.789028
0 0.552123 0.895827 0.559959 0.895827 0.559959 0.911491 0.552123 0.911491
0 0.734328 0.608415 0.744291 0.608415 0.744291 0.624539 0.734328 0.624539
0 0.738196 0.655410 0.763950 0.655410 0.763950 0.671128 0.738196 0.671128
0 0.698440 0.526163 0.707731 0.526163 0.707731 0.542451 0.698440 0.542451
0 0.751611 0.557476 0.766621 0.557476 0.766621 0.583074 0.751611 0.583074
0 0.649088 0.738568 0.658731 0.738568 0.658731 0.755721 0.649088 0.755721
0 0.618002 0.866255 0.633052 0.866255 0.633052 0.874309 0.618002 0.874309
0 0.585287 0.928512 0.600843 0.928512 0.600843 0.936639 0.585287 0.936639
0 0.626139 0.931606 0.642656 0.931606 0.642656 0.941146 0.626139 0.941146
0 0.613762 0.849331 0.628820 0.849331 0.628820 0.857586 0.613762 0.857586
0 0.700103 0.603603 0.708079 0.603603 0.708079 0.619478 0.700103 0.619478
0 0.681314 0.603681 0.689482 0.603681 0.689482 0.619362 0.681314 0.619362
0 0.721769 0.686652 0.738194 0.686652 0.738194 0.695599 0.721769 0.695599
0 0.554009 0.972420 0.570074 0.972420 0.570074 0.980902 0.554009 0.980902
0 0.732564 0.513881 0.742222 0.513881 0.742222 0.530089 0.732564 0.530089
0 0.595242 0.884284 0.610558 0.884284 0.610558 0.892471 0.595242 0.892471
0 0.618363 0.956077 0.626436 0.956077 0.626436 0.971289 0.618363 0.971289
0 0.717129 0.603706 0.726446 0.603706 0.726446 0.619697 0.717129 0.619697
0 0.594476 0.901103 0.610888 0.901103 0.610888 0.909703 0.594476 0.909703
0 0.557104 0.950867 0.573055 0.950867 0.573055 0.959735 0.557104 0.959735
1 0.108914 0.162516 0.112617 0.162516 0.112617 0.179205 0.108914 0.179205
1 0.240501 0.176007 0.250327 0.176007 0.250327 0.179547 0.240501 0.179547
1 0.083039 0.129372 0.087334 0.129372 0.087334 0.138221 0.083039 0.138221
1 0.241077 0.156376 0.249751 0.156376 0.249751 0.159866 0.241077 0.159866
1 0.079312 0.163006 0.082874 0.163006 0.082874 0.179198 0.079312 0.179198
1 0.102520 0.129601 0.106187 0.129601 0.106187 0.138405 0.102520 0.138405
1 0.185847 0.034877 0.193774 0.034877 0.193774 0.038504 0.185847 0.038504
1 0.185729 0.016679 0.193591 0.016679 0.193591 0.019414 0.185729 0.019414
1 0.056983 0.428695 0.061135 0.428695 0.061135 0.443899 0.056983 0.443899
1 0.076536 0.491056 0.091038 0.491056 0.091038 0.495935 0.076536 0.495935
1 0.166454 0.354924 0.181714 0.354924 0.181714 0.358831 0.166454 0.358831
1 0.101913 0.450754 0.116389 0.450754 0.116389 0.455264 0.101913 0.455264
1 0.020054 0.426022 0.034377 0.426022 0.034377 0.430092 0.020054 0.430092
1 0.101896 0.354569 0.116715 0.354569 0.116715 0.358429 0.101896 0.358429
1 0.086332 0.428463 0.090500 0.428463 0.090500 0.443570 0.086332 0.443570
1 0.101883 0.480959 0.116499 0.480959 0.116499 0.485366 0.101883 0.485366
1 0.217780 0.371577 0.231673 0.371577 0.231673 0.375252 0.217780 0.375252
1 0.125318 0.387404 0.140112 0.387404 0.140112 0.391200 0.125318 0.391200
1 0.153273 0.368647 0.168094 0.368647 0.168094 0.372465 0.153273 0.372465
1 0.195283 0.371743 0.209321 0.371743 0.209321 0.375466 0.195283 0.375466
1 0.069392 0.406382 0.084117 0.406382 0.084117 0.410354 0.069392 0.410354
1 0.020156 0.455683 0.034454 0.455683 0.034454 0.459982 0.020156 0.459982
1 0.199763 0.478286 0.216692 0.478286 0.216692 0.481819 0.199763 0.481819
1 0.100492 0.438584 0.114904 0.438584 0.114904 0.442235 0.100492 0.442235
1 0.200204 0.448402 0.217722 0.448402 0.217722 0.452377 0.200204 0.452377
1 0.100455 0.408926 0.114779 0.408926 0.114779 0.412987 0.100455 0.412987
1 0.168213 0.276575 0.171713 0.276575 0.171713 0.292169 0.168213 0.292169
1 0.138632 0.276291 0.142712 0.276291 0.142712 0.291824 0.138632 0.291824
1 0.108770 0.314040 0.123264 0.314040 0.123264 0.317608 0.108770 0.317608
1 0.125349 0.357523 0.140232 0.357523 0.140232 0.361831 0.125349 0.361831
1 0.195782 0.400750 0.208455 0.400750 0.208455 0.404850 0.195782 0.404850
1 0.123753 0.451110 0.139007 0.451110 0.139007 0.455643 0.123753 0.455643
1 0.075148 0.451797 0.089424 0.451797 0.089424 0.455748 0.075148 0.455748
1 0.069589 0.376845 0.083746 0.376845 0.083746 0.380554 0.069589 0.380554
1 0.151931 0.471451 0.166718 0.471451 0.166718 0.475070 0.151931 0.475070
1 0.239644 0.372278 0.253857 0.372278 0.253857 0.376159 0.239644 0.376159
1 0.045513 0.481021 0.060057 0.481021 0.060057 0.485141 0.045513 0.485141
1 0.045917 0.451451 0.060207 0.451451 0.060207 0.455427 0.045917 0.455427
1 0.153313 0.397915 0.167814 0.397915 0.167814 0.401613 0.153313 0.401613
1 0.151692 0.440887 0.166356 0.440887 0.166356 0.445705 0.151692 0.445705
1 0.123911 0.481039 0.138655 0.481039 0.138655 0.485324 0.123911 0.485324
1 0.232055 0.443598 0.239395 0.443598 0.239395 0.446824 0.232055 0.446824
1 0.232130 0.463153 0.239719 0.463153 0.239719 0.466545 0.232130 0.466545
1 0.239440 0.401181 0.253919 0.401181 0.253919 0.404302 0.239440 0.404302
1 0.238428 0.323642 0.253196 0.323642 0.253196 0.327315 0.238428 0.327315
1 0.102298 0.384172 0.117125 0.384172 0.117125 0.388131 0.102298 0.388131
1 0.074719 0.481190 0.089488 0.481190 0.089488 0.485461 0.074719 0.485461
1 0.248780 0.425937 0.251439 0.425937 0.251439 0.433034 0.248780 0.433034
1 0.238253 0.353677 0.253303 0.353677 0.253303 0.357163 0.238253 0.357163
1 0.165685 0.325896 0.181953 0.325896 0.181953 0.329558 0.165685 0.329558
1 0.229709 0.425192 0.232767 0.425192 0.232767 0.432838 0.229709 0.432838
1 0.171243 0.501891 0.179280 0.501891 0.179280 0.505415 0.171243 0.505415
1 0.217717 0.400144 0.231782 0.400144 0.231782 0.404082 0.217717 0.404082
1 0.108948 0.343425 0.123427 0.343425 0.123427 0.346399 0.108948 0.346399
1 0.172231 0.482049 0.179713 0.482049 0.179713 0.485705 0.172231 0.485705
1 0.230354 0.504182 0.233373 0.504182 0.233373 0.507951 0.230354 0.507951
1 0.233651 0.663741 0.261579 0.663741 0.261579 0.670635 0.233651 0.670635
1 0.233251 0.629591 0.261653 0.629591 0.261653 0.636553 0.233251 0.636553
1 0.233326 0.638224 0.261623 0.638224 0.261623 0.645006 0.233326 0.645006
1 0.233674 0.655221 0.261557 0.655221 0.261557 0.662076 0.233674 0.662076
1 0.233641 0.680890 0.261556 0.680890 0.261556 0.687739 0.233641 0.687739
1 0.233624 0.672276 0.261644 0.672276 0.261644 0.679149 0.233624 0.679149
1 0.233553 0.646734 0.261575 0.646734 0.261575 0.653573 0.233553 0.653573
1 0.233579 0.689458 0.261519 0.689458 0.261519 0.696185 0.233579 0.696185
1 0.233433 0.621156 0.261721 0.621156 0.261721 0.628012 0.233433 0.628012
1 0.233088 0.612648 0.261722 0.612648 0.261722 0.619508 0.233088 0.619508
1 0.233461 0.697884 0.261567 0.697884 0.261567 0.704670 0.233461 0.704670
1 0.233072 0.544267 0.261655 0.544267 0.261655 0.551171 0.233072 0.551171
1 0.233447 0.706518 0.261638 0.706518 0.261638 0.713284 0.233447 0.713284
1 0.233280 0.715031 0.261644 0.715031 0.261644 0.721779 0.233280 0.721779
1 0.233233 0.535737 0.261651 0.535737 0.261651 0.542568 0.233233 0.542568
1 0.232799 0.723414 0.261582 0.723414 0.261582 0.730292 0.232799 0.730292
1 0.233418 0.527085 0.261275 0.527085 0.261275 0.533968 0.233418 0.533968
1 0.232975 0.732083 0.262066 0.732083 0.262066 0.738996 0.232975 0.738996
1 0.054657 0.539085 0.070028 0.539085 0.070028 0.544320 0.054657 0.544320
1 0.059749 0.585279 0.063637 0.585279 0.063637 0.601079 0.059749 0.601079
1 0.031077 0.584342 0.045863 0.584342 0.045863 0.588379 0.031077 0.588379
1 0.031001 0.553280 0.045855 0.553280 0.045855 0.557991 0.031001 0.557991
1 0.099714 0.684306 0.103485 0.684306 0.103485 0.700705 0.099714 0.700705
1 0.233209 0.595521 0.261460 0.595521 0.261460 0.602404 0.233209 0.602404
1 0.084519 0.607425 0.087857 0.607425 0.087857 0.623963 0.084519 0.623963
1 0.233252 0.587034 0.261430 0.587034 0.261430 0.593897 0.233252 0.593897
1 0.135264 0.591973 0.138788 0.591973 0.138788 0.608887 0.135264 0.608887
1 0.054639 0.570393 0.070122 0.570393 0.070122 0.574747 0.054639 0.574747
1 0.197402 0.633614 0.212721 0.633614 0.212721 0.637258 0.197402 0.637258
1 0.076439 0.521834 0.090898 0.521834 0.090898 0.525956 0.076439 0.525956
1 0.233040 0.603915 0.261473 0.603915 0.261473 0.611029 0.233040 0.611029
1 0.161071 0.558443 0.175454 0.558443 0.175454 0.562017 0.161071 0.562017
1 0.114789 0.725895 0.129566 0.725895 0.129566 0.729829 0.114789 0.729829
1 0.070038 0.684270 0.074171 0.684270 0.074171 0.701041 0.070038 0.701041
1 0.233142 0.578429 0.261412 0.578429 0.261412 0.585501 0.233142 0.585501
1 0.105997 0.569273 0.109821 0.569273 0.109821 0.585458 0.105997 0.585458
1 0.048103 0.644535 0.063163 0.644535 0.063163 0.648683 0.048103 0.648683
1 0.233201 0.552832 0.261685 0.552832 0.261685 0.559703 0.233201 0.559703
1 0.103661 0.517119 0.114012 0.517119 0.114012 0.521312 0.103661 0.521312
1 0.233178 0.569842 0.261338 0.569842 0.261338 0.576732 0.233178 0.576732
1 0.233093 0.561314 0.261390 0.561314 0.261390 0.568156 0.233093 0.568156
1 0.135200 0.569687 0.138610 0.569687 0.138610 0.585413 0.135200 0.585413
1 0.104130 0.496793 0.113668 0.496793 0.113668 0.500125 0.104130 0.500125
1 0.117640 0.696725 0.120780 0.696725 0.120780 0.705189 0.117640 0.705189
1 0.054674 0.607898 0.058857 0.607898 0.058857 0.624462 0.054674 0.624462
1 0.197305 0.662978 0.212665 0.662978 0.212665 0.666968 0.197305 0.666968
1 0.048375 0.674414 0.063044 0.674414 0.063044 0.679035 0.048375 0.679035
1 0.182472 0.528927 0.189773 0.528927 0.189773 0.531911 0.182472 0.531911
1 0.089400 0.585330 0.092783 0.585330 0.092783 0.601559 0.089400 0.601559
1 0.161227 0.587069 0.175501 0.587069 0.175501 0.590984 0.161227 0.590984
1 0.136333 0.617180 0.139272 0.617180 0.139272 0.624905 0.136333 0.624905
1 0.135996 0.633873 0.139520 0.633873 0.139520 0.641779 0.135996 0.641779
1 0.198353 0.734904 0.205809 0.734904 0.205809 0.738042 0.198353 0.738042
1 0.208544 0.513643 0.211414 0.513643 0.211414 0.520897 0.208544 0.520897
1 0.105969 0.592183 0.109213 0.592183 0.109213 0.608799 0.105969 0.608799
1 0.189619 0.699047 0.192755 0.699047 0.192755 0.705964 0.189619 0.705964
1 0.117492 0.633990 0.120493 0.633990 0.120493 0.641623 0.117492 0.641623
1 0.137742 0.696821 0.141324 0.696821 0.141324 0.705517 0.137742 0.705517
1 0.166034 0.525454 0.174243 0.525454 0.174243 0.528871 0.166034 0.528871
1 0.165853 0.544526 0.174656 0.544526 0.174656 0.547691 0.165853 0.547691
1 0.189640 0.493192 0.192932 0.493192 0.192932 0.500605 0.189640 0.500605
1 0.116655 0.616743 0.120288 0.616743 0.120288 0.625177 0.116655 0.625177
1 0.189968 0.513625 0.192973 0.513625 0.192973 0.521087 0.189968 0.521087
1 0.196853 0.715447 0.199553 0.715447 0.199553 0.722432 0.196853 0.722432
1 0.164649 0.725706 0.167916 0.725706 0.167916 0.733709 0.164649 0.733709
1 0.182405 0.547258 0.189785 0.547258 0.189785 0.549755 0.182405 0.549755
1 0.178651 0.715153 0.181235 0.715153 0.181235 0.722264 0.178651 0.722264
1 0.170779 0.699228 0.173715 0.699228 0.173715 0.706002 0.170779 0.706002
1 0.145510 0.726216 0.148667 0.726216 0.148667 0.733726 0.145510 0.733726
1 0.208465 0.493109 0.210969 0.493109 0.210969 0.500515 0.208465 0.500515
1 0.232765 0.749097 0.261979 0.749097 0.261979 0.756078 0.232765 0.756078
1 0.233289 0.817739 0.261997 0.817739 0.261997 0.824384 0.233289 0.824384
1 0.233734 0.826495 0.261928 0.826495 0.261928 0.832600 0.233734 0.832600
1 0.037692 0.959986 0.061283 0.959986 0.061283 0.968272 0.037692 0.968272
1 0.037861 0.916810 0.061951 0.916810 0.061951 0.924676 0.037861 0.924676
1 0.109145 0.962154 0.113221 0.962154 0.113221 0.977656 0.109145 0.977656
1 0.232873 0.740506 0.261695 0.740506 0.261695 0.747558 0.232873 0.747558
1 0.232842 0.757718 0.261912 0.757718 0.261912 0.764668 0.232842 0.764668
1 0.142556 0.798053 0.157447 0.798053 0.157447 0.801926 0.142556 0.801926
1 0.149622 0.963623 0.153359 0.963623 0.153359 0.980275 0.149622 0.980275
1 0.070578 0.921247 0.085284 0.921247 0.085284 0.924905 0.070578 0.924905
1 0.085033 0.866283 0.088703 0.866283 0.088703 0.883275 0.085033 0.883275
1 0.027632 0.817528 0.031425 0.817528 0.031425 0.833511 0.027632 0.833511
1 0.142422 0.826856 0.157601 0.826856 0.157601 0.830965 0.142422 0.830965
1 0.233282 0.809097 0.261886 0.809097 0.261886 0.816092 0.233282 0.816092
1 0.068564 0.932621 0.072474 0.932621 0.072474 0.948331 0.068564 0.948331
1 0.114699 0.755559 0.129915 0.755559 0.129915 0.759668 0.114699 0.759668
1 0.193346 0.961481 0.197424 0.961481 0.197424 0.978281 0.193346 0.978281
1 0.233294 0.791952 0.261695 0.791952 0.261695 0.798855 0.233294 0.798855
1 0.163971 0.961911 0.167702 0.961911 0.167702 0.978209 0.163971 0.978209
1 0.233441 0.800527 0.261744 0.800527 0.261744 0.807421 0.233441 0.807421
1 0.119834 0.963541 0.124077 0.963541 0.124077 0.979872 0.119834 0.979872
1 0.108911 0.934790 0.112515 0.934790 0.112515 0.950845 0.108911 0.950845
1 0.233179 0.774712 0.261578 0.774712 0.261578 0.781711 0.233179 0.781711
1 0.233299 0.783414 0.261659 0.783414 0.261659 0.790393 0.233299 0.790393
1 0.215657 0.764961 0.218909 0.764961 0.218909 0.773429 0.215657 0.773429
1 0.097752 0.932538 0.101492 0.932538 0.101492 0.948273 0.097752 0.948273
1 0.233046 0.766233 0.261575 0.766233 0.261575 0.773173 0.233046 0.773173
1 0.057321 0.818274 0.060458 0.818274 0.060458 0.833617 0.057321 0.833617
1 0.226465 0.870629 0.230212 0.870629 0.230212 0.878574 0.226465 0.878574
1 0.195404 0.764956 0.198912 0.764956 0.198912 0.773728 0.195404 0.773728
1 0.226140 0.894168 0.229948 0.894168 0.229948 0.902152 0.226140 0.902152
1 0.184531 0.895426 0.188238 0.895426 0.188238 0.903406 0.184531 0.903406
1 0.245572 0.851560 0.249445 0.851560 0.249445 0.859110 0.245572 0.859110
1 0.197802 0.754013 0.206010 0.754013 0.206010 0.757072 0.197802 0.757072
1 0.143524 0.774463 0.147734 0.774463 0.147734 0.782612 0.143524 0.782612
1 0.138088 0.934385 0.141946 0.934385 0.141946 0.951467 0.138088 0.951467
1 0.204176 0.871463 0.207691 0.871463 0.207691 0.878661 0.204176 0.878661
1 0.226602 0.851849 0.230103 0.851849 0.230103 0.859286 0.226602 0.859286
1 0.070894 0.892029 0.085619 0.892029 0.085619 0.895720 0.070894 0.895720
1 0.204965 0.822543 0.208324 0.822543 0.208324 0.829249 0.204965 0.829249
1 0.184597 0.871281 0.188528 0.871281 0.188528 0.878433 0.184597 0.878433
1 0.079579 0.962525 0.083713 0.962525 0.083713 0.978187 0.079579 0.978187
1 0.205465 0.781807 0.208391 0.781807 0.208391 0.789195 0.205465 0.789195
1 0.203938 0.895594 0.207600 0.895594 0.207600 0.902858 0.203938 0.902858
1 0.204085 0.848398 0.207698 0.848398 0.207698 0.855864 0.204085 0.855864
1 0.163579 0.775058 0.167252 0.775058 0.167252 0.782487 0.163579 0.782487
1 0.055942 0.866330 0.059138 0.866330 0.059138 0.881993 0.055942 0.881993
1 0.186417 0.781690 0.189875 0.781690 0.189875 0.789254 0.186417 0.789254
1 0.185322 0.848277 0.188847 0.848277 0.188847 0.855921 0.185322 0.855921
1 0.186432 0.821833 0.189862 0.821833 0.189862 0.829447 0.186432 0.829447
1 0.271365 0.183494 0.279555 0.183494 0.279555 0.187354 0.271365 0.187354
1 0.271485 0.203394 0.279849 0.203394 0.279849 0.207315 0.271485 0.207315
1 0.287462 0.227348 0.296323 0.227348 0.296323 0.231298 0.287462 0.231298
1 0.270674 0.228074 0.279080 0.228074 0.279080 0.231896 0.270674 0.231896
1 0.287351 0.248469 0.296561 0.248469 0.296561 0.252470 0.287351 0.252470
1 0.270852 0.247680 0.279275 0.247680 0.279275 0.251882 0.270852 0.251882
1 0.308780 0.323294 0.316487 0.323294 0.316487 0.338794 0.308780 0.338794
1 0.297531 0.323069 0.305306 0.323069 0.305306 0.338995 0.297531 0.338995
1 0.279396 0.481530 0.285660 0.481530 0.285660 0.509650 0.279396 0.509650
1 0.377145 0.357374 0.385109 0.357374 0.385109 0.371934 0.377145 0.371934
1 0.388571 0.323931 0.395860 0.323931 0.395860 0.339188 0.388571 0.339188
1 0.366187 0.324512 0.373733 0.324512 0.373733 0.339277 0.366187 0.339277
1 0.319648 0.323272 0.327299 0.323272 0.327299 0.338974 0.319648 0.338974
1 0.366628 0.357436 0.373652 0.357436 0.373652 0.371594 0.366628 0.371594
1 0.319674 0.357370 0.327471 0.357370 0.327471 0.372248 0.319674 0.372248
1 0.297836 0.357554 0.305672 0.357554 0.305672 0.371620 0.297836 0.371620
1 0.388376 0.357476 0.395474 0.357476 0.395474 0.372353 0.388376 0.372353
1 0.280426 0.426594 0.288542 0.426594 0.288542 0.430298 0.280426 0.430298
1 0.346003 0.323753 0.353864 0.323753 0.353864 0.327268 0.346003 0.327268
1 0.304371 0.443842 0.308174 0.443842 0.308174 0.452108 0.304371 0.452108
1 0.296938 0.426109 0.304012 0.426109 0.304012 0.429428 0.296938 0.429428
1 0.296534 0.406803 0.304136 0.406803 0.304136 0.410214 0.296534 0.410214
1 0.346384 0.356021 0.353850 0.356021 0.353850 0.358839 0.346384 0.358839
1 0.346198 0.343201 0.353933 0.343201 0.353933 0.346580 0.346198 0.346580
1 0.284758 0.444285 0.288195 0.444285 0.288195 0.452153 0.284758 0.452153
1 0.279943 0.407000 0.288280 0.407000 0.288280 0.410577 0.279943 0.410577
1 0.368304 0.411498 0.371476 0.411498 0.371476 0.419472 0.368304 0.419472
1 0.346005 0.374805 0.354424 0.374805 0.354424 0.378236 0.346005 0.378236
1 0.349079 0.411723 0.352279 0.411723 0.352279 0.419600 0.349079 0.419600
1 0.327858 0.387566 0.330999 0.387566 0.330999 0.395351 0.327858 0.395351
1 0.309445 0.387482 0.312537 0.387482 0.312537 0.395579 0.309445 0.395579
1 0.269637 0.433775 0.276495 0.433775 0.276495 0.436547 0.269637 0.436547
1 0.249575 0.444025 0.256353 0.444025 0.256353 0.446780 0.249575 0.446780
1 0.269533 0.452698 0.276846 0.452698 0.276846 0.455385 0.269533 0.455385
1 0.249328 0.462882 0.256311 0.462882 0.256311 0.465521 0.249328 0.465521
1 0.249617 0.503646 0.253723 0.503646 0.253723 0.512790 0.249617 0.512790
1 0.279769 0.849384 0.285573 0.849384 0.285573 0.879456 0.279769 0.879456
1 0.288365 0.849490 0.294206 0.849490 0.294206 0.879492 0.288365 0.879492
1 0.476412 0.848977 0.482246 0.848977 0.482246 0.878318 0.476412 0.878318
1 0.467850 0.849063 0.473643 0.849063 0.473643 0.878305 0.467850 0.878305
1 0.485066 0.848897 0.490817 0.848897 0.490817 0.878625 0.485066 0.878625
1 0.296842 0.849441 0.302693 0.849441 0.302693 0.879472 0.296842 0.879472
1 0.313946 0.849414 0.319795 0.849414 0.319795 0.879824 0.313946 0.879824
1 0.459288 0.849083 0.465077 0.849083 0.465077 0.878658 0.459288 0.878658
1 0.305358 0.849415 0.311238 0.849415 0.311238 0.879564 0.305358 0.879564
1 0.450719 0.849182 0.456530 0.849182 0.456530 0.879589 0.450719 0.879589
1 0.322447 0.849329 0.328285 0.849329 0.328285 0.879911 0.322447 0.879911
1 0.442191 0.849117 0.448008 0.849117 0.448008 0.879998 0.442191 0.879998
1 0.330897 0.849298 0.336810 0.849298 0.336810 0.879954 0.330897 0.879954
1 0.433634 0.849068 0.439463 0.849068 0.439463 0.880066 0.433634 0.880066
1 0.502051 0.848959 0.507955 0.848959 0.507955 0.879397 0.502051 0.879397
1 0.339501 0.849260 0.345476 0.849260 0.345476 0.879946 0.339501 0.879946
1 0.425070 0.849024 0.431012 0.849024 0.431012 0.880010 0.425070 0.880010
1 0.282013 0.946869 0.306091 0.946869 0.306091 0.956507 0.282013 0.956507
1 0.281910 0.905633 0.306598 0.905633 0.306598 0.914077 0.281910 0.914077
1 0.390944 0.849196 0.396869 0.849196 0.396869 0.878840 0.390944 0.878840
1 0.476141 0.928512 0.480401 0.928512 0.480401 0.937198 0.476141 0.937198
1 0.455999 0.928531 0.460106 0.928531 0.460106 0.936767 0.455999 0.936767
1 0.399547 0.849136 0.405310 0.849136 0.405310 0.879618 0.399547 0.879618
1 0.354317 0.933139 0.362663 0.933139 0.362663 0.937243 0.354317 0.937243
1 0.263361 0.909557 0.272366 0.909557 0.272366 0.913223 0.263361 0.913223
1 0.377094 0.911979 0.385868 0.911979 0.385868 0.915645 0.377094 0.915645
1 0.443444 0.944826 0.446945 0.944826 0.446945 0.952426 0.443444 0.952426
1 0.336766 0.907092 0.340471 0.907092 0.340471 0.914924 0.336766 0.914924
1 0.400429 0.912150 0.408856 0.912150 0.408856 0.915557 0.400429 0.915557
1 0.317006 0.906794 0.320878 0.906794 0.320878 0.914937 0.317006 0.914937
1 0.263066 0.929444 0.272220 0.929444 0.272220 0.933081 0.263066 0.933081
1 0.382290 0.849133 0.388133 0.849133 0.388133 0.879535 0.382290 0.879535
1 0.354027 0.912173 0.362765 0.912173 0.362765 0.915991 0.354027 0.915991
1 0.373820 0.849123 0.379705 0.849123 0.379705 0.879635 0.373820 0.879635
1 0.377649 0.933256 0.385650 0.933256 0.385650 0.936848 0.377649 0.936848
1 0.407974 0.849167 0.413767 0.849167 0.413767 0.879768 0.407974 0.879768
1 0.365202 0.849264 0.371186 0.849264 0.371186 0.879706 0.365202 0.879706
1 0.354229 0.892665 0.362596 0.892665 0.362596 0.896296 0.354229 0.896296
1 0.400452 0.892989 0.408586 0.892989 0.408586 0.896138 0.400452 0.896138
1 0.377332 0.953127 0.385563 0.953127 0.385563 0.957213 0.377332 0.957213
1 0.469740 0.908850 0.473961 0.908850 0.473961 0.917564 0.469740 0.917564
1 0.443217 0.922287 0.447175 0.922287 0.447175 0.930267 0.443217 0.930267
1 0.450519 0.908917 0.453764 0.908917 0.453764 0.917113 0.450519 0.917113
1 0.354169 0.953026 0.362919 0.953026 0.362919 0.957151 0.354169 0.957151
1 0.343345 0.942770 0.347165 0.942770 0.347165 0.950939 0.343345 0.950939
1 0.416489 0.848839 0.422507 0.848839 0.422507 0.880115 0.416489 0.880115
1 0.422974 0.922251 0.427353 0.922251 0.427353 0.930634 0.422974 0.930634
1 0.356685 0.849354 0.362557 0.849354 0.362557 0.879923 0.356685 0.879923
1 0.455073 0.946833 0.463350 0.946833 0.463350 0.950551 0.455073 0.950551
1 0.454909 0.966627 0.463315 0.966627 0.463315 0.970553 0.454909 0.970553
1 0.323602 0.942667 0.327652 0.942667 0.327652 0.950963 0.323602 0.950963
1 0.423914 0.944387 0.427499 0.944387 0.427499 0.952605 0.423914 0.952605
1 0.377394 0.892675 0.385738 0.892675 0.385738 0.895930 0.377394 0.895930
1 0.400446 0.953147 0.409237 0.953147 0.409237 0.956353 0.400446 0.956353
1 0.400758 0.933569 0.409043 0.933569 0.409043 0.936804 0.400758 0.936804
1 0.245743 0.893839 0.249552 0.893839 0.249552 0.902658 0.245743 0.902658
1 0.348237 0.849385 0.353992 0.849385 0.353992 0.879903 0.348237 0.879903
1 0.245959 0.870133 0.249270 0.870133 0.249270 0.877766 0.245959 0.877766
1 0.690590 0.139804 0.710535 0.139804 0.710535 0.183501 0.690590 0.183501
1 0.578076 0.099373 0.586953 0.099373 0.586953 0.103042 0.578076 0.103042
1 0.568041 0.188314 0.576782 0.188314 0.576782 0.191657 0.568041 0.191657
1 0.544559 0.112357 0.553012 0.112357 0.553012 0.116652 0.544559 0.116652
1 0.578979 0.234308 0.587516 0.234308 0.587516 0.237705 0.578979 0.237705
1 0.558303 0.137228 0.561709 0.137228 0.561709 0.145266 0.558303 0.145266
1 0.572579 0.064492 0.581369 0.064492 0.581369 0.068780 0.572579 0.068780
1 0.527331 0.134711 0.530731 0.134711 0.530731 0.142712 0.527331 0.142712
1 0.544813 0.092089 0.552812 0.092089 0.552812 0.096353 0.544813 0.096353
1 0.572865 0.044798 0.581131 0.044798 0.581131 0.048426 0.572865 0.048426
1 0.507417 0.135038 0.511071 0.135038 0.511071 0.142928 0.507417 0.142928
1 0.596768 0.099557 0.605565 0.099557 0.605565 0.103119 0.596768 0.103119
1 0.577679 0.119180 0.586624 0.119180 0.586624 0.122948 0.577679 0.122948
1 0.545432 0.078834 0.553718 0.078834 0.553718 0.082550 0.545432 0.082550
1 0.596874 0.119529 0.606073 0.119529 0.606073 0.123342 0.596874 0.123342
1 0.545182 0.059413 0.553476 0.059413 0.553476 0.063409 0.545182 0.063409
1 0.538150 0.136650 0.541258 0.136650 0.541258 0.145205 0.538150 0.145205
1 0.567553 0.208901 0.576677 0.208901 0.576677 0.212169 0.567553 0.212169
1 0.732311 0.299948 0.753945 0.299948 0.753945 0.308033 0.732311 0.308033
1 0.730752 0.256418 0.753739 0.256418 0.753739 0.265552 0.730752 0.265552
1 0.578511 0.254900 0.587892 0.254900 0.587892 0.258570 0.578511 0.258570
1 0.577975 0.265344 0.581585 0.265344 0.581585 0.273827 0.577975 0.273827
1 0.598888 0.265222 0.602001 0.265222 0.602001 0.273976 0.598888 0.273976
1 0.602443 0.697474 0.630711 0.697474 0.630711 0.703764 0.602443 0.703764
1 0.602396 0.688912 0.630560 0.688912 0.630560 0.695220 0.602396 0.695220
1 0.602265 0.646355 0.629903 0.646355 0.629903 0.652523 0.602265 0.652523
1 0.602304 0.654777 0.629680 0.654777 0.629680 0.661145 0.602304 0.661145
1 0.602343 0.680432 0.630393 0.680432 0.630393 0.686617 0.602343 0.686617
1 0.602378 0.671892 0.630221 0.671892 0.630221 0.678174 0.602378 0.678174
1 0.602468 0.706076 0.630667 0.706076 0.630667 0.712315 0.602468 0.712315
1 0.602335 0.663359 0.629724 0.663359 0.629724 0.669672 0.602335 0.669672
1 0.602459 0.714554 0.630635 0.714554 0.630635 0.720734 0.602459 0.720734
1 0.602052 0.637716 0.629696 0.637716 0.629696 0.644077 0.602052 0.644077
1 0.602423 0.723051 0.630070 0.723051 0.630070 0.729390 0.602423 0.729390
1 0.602105 0.526502 0.630125 0.526502 0.630125 0.532966 0.602105 0.532966
1 0.601965 0.535202 0.629709 0.535202 0.629709 0.541427 0.601965 0.541427
1 0.602425 0.731644 0.629934 0.731644 0.629934 0.737924 0.602425 0.737924
1 0.602074 0.560686 0.630056 0.560686 0.630056 0.567227 0.602074 0.567227
1 0.602024 0.543726 0.629953 0.543726 0.629953 0.549923 0.602024 0.549923
1 0.601998 0.552228 0.630208 0.552228 0.630208 0.558610 0.601998 0.558610
1 0.602417 0.740181 0.630119 0.740181 0.630119 0.746501 0.602417 0.746501
1 0.681921 0.727776 0.699117 0.727776 0.699117 0.734736 0.681921 0.734736
1 0.602050 0.569171 0.630089 0.569171 0.630089 0.575778 0.602050 0.575778
1 0.717253 0.599639 0.726456 0.599639 0.726456 0.603763 0.717253 0.603763
1 0.602361 0.620644 0.630028 0.620644 0.630028 0.627052 0.602361 0.627052
1 0.602335 0.612092 0.630316 0.612092 0.630316 0.618514 0.602335 0.618514
1 0.602098 0.629192 0.629672 0.629192 0.629672 0.635724 0.602098 0.635724
1 0.602363 0.603650 0.630279 0.603650 0.630279 0.610109 0.602363 0.610109
1 0.681310 0.599731 0.689561 0.599731 0.689561 0.603660 0.681310 0.603660
1 0.717870 0.686438 0.721839 0.686438 0.721839 0.695071 0.717870 0.695071
1 0.734457 0.654484 0.738170 0.654484 0.738170 0.671469 0.734457 0.671469
1 0.602173 0.577816 0.629796 0.577816 0.629796 0.584431 0.602173 0.584431
1 0.732324 0.530107 0.742445 0.530107 0.742445 0.534145 0.732324 0.534145
1 0.602250 0.586387 0.630042 0.586387 0.630042 0.592880 0.602250 0.592880
1 0.700091 0.599734 0.708119 0.599734 0.708119 0.603520 0.700091 0.603520
1 0.698184 0.542448 0.707653 0.542448 0.707653 0.546954 0.698184 0.546954
1 0.602252 0.595074 0.630339 0.595074 0.630339 0.601480 0.602252 0.601480
1 0.732465 0.510019 0.742124 0.510019 0.742124 0.513767 0.732465 0.513767
1 0.717568 0.619807 0.726525 0.619807 0.726525 0.623620 0.717568 0.623620
1 0.698318 0.522454 0.707634 0.522454 0.707634 0.526384 0.698318 0.526384
1 0.734219 0.624808 0.743937 0.624808 0.743937 0.628556 0.734219 0.628556
1 0.681212 0.619819 0.689440 0.619819 0.689440 0.623988 0.681212 0.623988
1 0.699982 0.619613 0.708313 0.619613 0.708313 0.623407 0.699982 0.623407
1 0.734515 0.604551 0.743626 0.604551 0.743626 0.608532 0.734515 0.608532
1 0.649295 0.735059 0.658599 0.735059 0.658599 0.738730 0.649295 0.738730
1 0.649668 0.691309 0.657854 0.691309 0.657854 0.695040 0.649668 0.695040
1 0.649677 0.710959 0.657583 0.710959 0.657583 0.713832 0.649677 0.713832
1 0.510553 0.848134 0.516399 0.848134 0.516399 0.878615 0.510553 0.878615
1 0.493492 0.848238 0.499247 0.848238 0.499247 0.879574 0.493492 0.879574
1 0.519031 0.848180 0.524891 0.848180 0.524891 0.878548 0.519031 0.878548
1 0.527608 0.848165 0.533471 0.848165 0.533471 0.878910 0.527608 0.878910
1 0.536176 0.848090 0.542027 0.848090 0.542027 0.878450 0.536176 0.878450
1 0.681924 0.788276 0.699278 0.788276 0.699278 0.795777 0.681924 0.795777
1 0.602119 0.765748 0.630349 0.765748 0.630349 0.771964 0.602119 0.771964
1 0.602216 0.748907 0.630280 0.748907 0.630280 0.754965 0.602216 0.754965
1 0.602137 0.757254 0.630651 0.757254 0.630651 0.763464 0.602137 0.763464
1 0.580897 0.928414 0.585176 0.928414 0.585176 0.936719 0.580897 0.936719
1 0.602484 0.825680 0.629885 0.825680 0.629885 0.831795 0.602484 0.831795
1 0.602257 0.817103 0.630425 0.817103 0.630425 0.823354 0.602257 0.823354
1 0.602328 0.782898 0.630344 0.782898 0.630344 0.789036 0.602328 0.789036
1 0.602343 0.808600 0.630099 0.808600 0.630099 0.814800 0.602343 0.814800
1 0.602398 0.800013 0.629947 0.800013 0.629947 0.806367 0.602398 0.806367
1 0.602448 0.791414 0.630228 0.791414 0.630228 0.797684 0.602448 0.797684
1 0.551824 0.891985 0.560226 0.891985 0.560226 0.895863 0.551824 0.895863
1 0.618223 0.951807 0.626634 0.951807 0.626634 0.956007 0.618223 0.956007
1 0.551750 0.911752 0.560095 0.911752 0.560095 0.915595 0.551750 0.915595
1 0.614062 0.866312 0.617796 0.866312 0.617796 0.874324 0.614062 0.874324
1 0.579043 0.847717 0.584787 0.847717 0.584787 0.879294 0.579043 0.879294
1 0.648925 0.755832 0.658832 0.755832 0.658832 0.759471 0.648925 0.759471
1 0.633495 0.866225 0.637138 0.866225 0.637138 0.874579 0.633495 0.874579
1 0.602228 0.774348 0.630413 0.774348 0.630413 0.780702 0.602228 0.780702
1 0.617846 0.971618 0.626948 0.971618 0.626948 0.975910 0.617846 0.975910
1 0.601240 0.928787 0.604773 0.928787 0.604773 0.936739 0.601240 0.936739
1 0.591526 0.884527 0.595090 0.884527 0.595090 0.892515 0.591526 0.892515
1 0.629087 0.849269 0.633134 0.849269 0.633134 0.857681 0.629087 0.857681
1 0.553391 0.848245 0.559179 0.848245 0.559179 0.878903 0.553391 0.878903
1 0.610858 0.884352 0.614426 0.884352 0.614426 0.892581 0.610858 0.892581
1 0.570250 0.972131 0.573717 0.972131 0.573717 0.980825 0.570250 0.980825
1 0.610876 0.901419 0.614820 0.901419 0.614820 0.909544 0.610876 0.909544
1 0.544687 0.848013 0.550607 0.848013 0.550607 0.878645 0.544687 0.878645
1 0.553308 0.950905 0.556822 0.950905 0.556822 0.959671 0.553308 0.959671
1 0.609410 0.849306 0.613422 0.849306 0.613422 0.857294 0.609410 0.857294
1 0.561908 0.848108 0.567652 0.848108 0.567652 0.879159 0.561908 0.879159
1 0.573325 0.950668 0.577219 0.950668 0.577219 0.959489 0.573325 0.959489
1 0.570424 0.847925 0.576266 0.847925 0.576266 0.879330 0.570424 0.879330
1 0.590757 0.901194 0.594337 0.901194 0.594337 0.909570 0.590757 0.909570
1 0.549881 0.972184 0.553719 0.972184 0.553719 0.980889 0.549881 0.980889
1 0.622186 0.931237 0.626031 0.931237 0.626031 0.941589 0.622186 0.941589
1 0.642845 0.931767 0.646516 0.931767 0.646516 0.940857 0.642845 0.940857
1 0.784493 0.139889 0.802558 0.139889 0.802558 0.182790 0.784493 0.182790
1 0.764550 0.257175 0.788331 0.257175 0.788331 0.265487 0.764550 0.265487
1 0.764742 0.300106 0.788501 0.300106 0.788501 0.308056 0.764742 0.308056
1 0.799592 0.263959 0.814454 0.263959 0.814454 0.267729 0.799592 0.267729
1 0.799597 0.293470 0.814536 0.293470 0.814536 0.297660 0.799597 0.297660
1 0.751806 0.583638 0.767473 0.583638 0.767473 0.587343 0.751806 0.587343
1 0.764023 0.654221 0.767917 0.654221 0.767917 0.671747 0.764023 0.671747
1 0.751254 0.553273 0.767874 0.553273 0.767874 0.557250 0.751254 0.557250
1 0.738192 0.686654 0.742067 0.686654 0.742067 0.695672 0.738192 0.695672
1 0.768539 0.728787 0.775955 0.728787 0.775955 0.732205 0.768539 0.732205
1 0.768088 0.789697 0.776697 0.789697 0.776697 0.793550 0.768088 0.793550
1 0.768101 0.748297 0.776924 0.748297 0.776924 0.752306 0.768101 0.752306
1 0.768312 0.769535 0.776463 0.769535 0.776463 0.773419 0.768312 0.773419
1 0.288027 0.481669 0.294291 0.481669 0.294291 0.509789 0.288027 0.509789
1 0.296658 0.481808 0.302922 0.481808 0.302922 0.509929 0.296658 0.509929
1 0.305010 0.481390 0.311275 0.481390 0.311275 0.509511 0.305010 0.509511
1 0.313642 0.481530 0.319906 0.481530 0.319906 0.509650 0.313642 0.509650
1 0.322273 0.481669 0.328537 0.481669 0.328537 0.509789 0.322273 0.509789
1 0.330625 0.481947 0.336890 0.481947 0.336890 0.510068 0.330625 0.510068
1 0.339256 0.482086 0.345521 0.482086 0.345521 0.510207 0.339256 0.510207
1 0.347887 0.482226 0.354152 0.482226 0.354152 0.510346 0.347887 0.510346
1 0.356379 0.482086 0.362644 0.482086 0.362644 0.510207 0.356379 0.510207
1 0.365010 0.482226 0.371275 0.482226 0.371275 0.510346 0.365010 0.510346
1 0.373641 0.481947 0.379906 0.481947 0.379906 0.510068 0.373641 0.510068
1 0.382133 0.482226 0.388398 0.482226 0.388398 0.510346 0.382133 0.510346
1 0.390486 0.482226 0.396750 0.482226 0.396750 0.510346 0.390486 0.510346
1 0.399117 0.482226 0.405381 0.482226 0.405381 0.510346 0.399117 0.510346
1 0.407330 0.482086 0.413595 0.482086 0.413595 0.510207 0.407330 0.510207
1 0.415961 0.482226 0.422226 0.482226 0.422226 0.510346 0.415961 0.510346
1 0.424592 0.481947 0.430857 0.481947 0.430857 0.510068 0.424592 0.510068
1 0.433084 0.482226 0.439349 0.482226 0.439349 0.510346 0.433084 0.510346
1 0.441437 0.482226 0.447701 0.482226 0.447701 0.510346 0.441437 0.510346
1 0.450068 0.482226 0.456332 0.482226 0.456332 0.510346 0.450068 0.510346
1 0.458699 0.482226 0.464963 0.482226 0.464963 0.510346 0.458699 0.510346
1 0.467330 0.482365 0.473595 0.482365 0.473595 0.510485 0.467330 0.510485
1 0.475961 0.482086 0.482226 0.482086 0.482226 0.510207 0.475961 0.510207
1 0.484453 0.482365 0.490717 0.482365 0.490717 0.510485 0.484453 0.510485
1 0.492806 0.482365 0.499070 0.482365 0.499070 0.510485 0.492806 0.510485
1 0.501437 0.482365 0.507701 0.482365 0.507701 0.510485 0.501437 0.510485
1 0.552945 0.482226 0.559209 0.482226 0.559209 0.510346 0.552945 0.510346
1 0.510207 0.482086 0.516471 0.482086 0.516471 0.510207 0.510207 0.510207
1 0.518838 0.482226 0.525102 0.482226 0.525102 0.510346 0.518838 0.510346
1 0.527469 0.481947 0.533734 0.481947 0.533734 0.510068 0.527469 0.510068
1 0.535961 0.482226 0.542225 0.482226 0.542225 0.510346 0.535961 0.510346
1 0.544314 0.482226 0.550578 0.482226 0.550578 0.510346 0.544314 0.510346
1 0.578281 0.481808 0.584545 0.481808 0.584545 0.509929 0.578281 0.509929
1 0.561297 0.481808 0.567562 0.481808 0.567562 0.509929 0.561297 0.509929
1 0.569650 0.481808 0.575914 0.481808 0.575914 0.509929 0.569650 0.509929
1 0.646834 0.063106 0.829023 0.063106 0.829023 0.097379 0.646834 0.097379
1 0.489471 0.003289 0.527345 0.003289 0.527345 0.010665 0.489471 0.010665
1 0.489969 0.014253 0.527843 0.014253 0.527843 0.021628 0.489969 0.021628
1 0.489770 0.025615 0.527644 0.025615 0.527644 0.032990 0.489770 0.032990
1 0.490169 0.036678 0.528043 0.036678 0.528043 0.044053 0.490169 0.044053
1 0.491066 0.081230 0.528940 0.081230 0.528940 0.088605 0.491066 0.088605
1 0.490866 0.058804 0.528740 0.058804 0.528740 0.066180 0.490866 0.066180
1 0.490567 0.047841 0.528441 0.047841 0.528441 0.055216 0.490567 0.055216
1 0.490667 0.070166 0.528541 0.070166 0.528541 0.077542 0.490667 0.077542
1 0.490468 0.092293 0.528342 0.092293 0.528342 0.099668 0.490468 0.099668
1 0.490567 0.114619 0.528441 0.114619 0.528441 0.121994 0.490567 0.121994
1 0.490767 0.103256 0.528641 0.103256 0.528641 0.110632 0.490767 0.110632
1 0.336381 0.133356 0.405650 0.133356 0.405650 0.169137 0.336381 0.169137
1 0.417112 0.129967 0.424986 0.129967 0.424986 0.169635 0.417112 0.169635
1 0.429172 0.130366 0.435949 0.130366 0.435949 0.170831 0.429172 0.170831
1 0.440534 0.130864 0.447012 0.130864 0.447012 0.170532 0.440534 0.170532
1 0.451597 0.130466 0.458375 0.130466 0.458375 0.169635 0.451597 0.169635
1 0.462760 0.130167 0.470036 0.130167 0.470036 0.169635 0.462760 0.169635
1 0.473723 0.130466 0.480900 0.130466 0.480900 0.169735 0.473723 0.169735
1 0.262327 0.129469 0.269603 0.129469 0.269603 0.170333 0.262327 0.170333
1 0.273789 0.129469 0.281065 0.129469 0.281065 0.170333 0.273789 0.170333
1 0.284553 0.129768 0.291829 0.129768 0.291829 0.170632 0.284553 0.170632
1 0.295816 0.129768 0.303091 0.129768 0.303091 0.170632 0.295816 0.170632
1 0.306978 0.129868 0.314254 0.129868 0.314254 0.170732 0.306978 0.170732
1 0.318241 0.129868 0.325517 0.129868 0.325517 0.170732 0.318241 0.170732
1 0.214785 0.004086 0.253456 0.004086 0.253456 0.010864 0.214785 0.010864
1 0.214785 0.015050 0.253456 0.015050 0.253456 0.021827 0.214785 0.021827
1 0.214586 0.026412 0.253257 0.026412 0.253257 0.033190 0.214586 0.033190
1 0.214586 0.037376 0.253257 0.037376 0.253257 0.044153 0.214586 0.044153
1 0.214985 0.048339 0.253656 0.048339 0.253656 0.055117 0.214985 0.055117
1 0.214985 0.059303 0.253656 0.059303 0.253656 0.066080 0.214985 0.066080
1 0.214785 0.070665 0.253456 0.070665 0.253456 0.077442 0.214785 0.077442
1 0.214785 0.081628 0.253456 0.081628 0.253456 0.088406 0.214785 0.088406
1 0.214985 0.092692 0.253656 0.092692 0.253656 0.099469 0.214985 0.099469
1 0.214785 0.104054 0.253456 0.104054 0.253456 0.110831 0.214785 0.110831
1 0.214785 0.115017 0.253456 0.115017 0.253456 0.121795 0.214785 0.121795
1 0.110907 0.000473 0.140577 0.000473 0.140577 0.006488 0.110907 0.006488
1 0.111042 0.008989 0.140712 0.008989 0.140712 0.015004 0.111042 0.015004
1 0.110840 0.017640 0.140509 0.017640 0.140509 0.023655 0.110840 0.023655
1 0.110975 0.026155 0.140645 0.026155 0.140645 0.032171 0.110975 0.032171
1 0.111110 0.034874 0.140780 0.034874 0.140780 0.040889 0.111110 0.040889
1 0.111245 0.043390 0.140915 0.043390 0.140915 0.049405 0.111245 0.049405
1 0.111042 0.052041 0.140712 0.052041 0.140712 0.058056 0.111042 0.058056
1 0.111177 0.060556 0.140712 0.060556 0.140712 0.067518 0.111177 0.067518
1 0.003244 0.083603 0.007975 0.083603 0.007975 0.113137 0.003244 0.113137
1 0.011895 0.083738 0.016626 0.083738 0.016626 0.113273 0.011895 0.113273
1 0.020411 0.083468 0.025142 0.083468 0.025142 0.113002 0.020411 0.113002
1 0.029062 0.083603 0.033793 0.083603 0.033793 0.113137 0.029062 0.113137
1 0.063395 0.083670 0.068126 0.083670 0.068126 0.113205 0.063395 0.113205
1 0.054406 0.083670 0.059475 0.083670 0.059475 0.113746 0.054406 0.113746
1 0.046228 0.083806 0.050959 0.083806 0.050959 0.113340 0.046228 0.113340
1 0.037577 0.083670 0.042308 0.083670 0.042308 0.113205 0.037577 0.113205
1 0.071978 0.083738 0.076709 0.083738 0.076709 0.113273 0.071978 0.113273
1 0.080156 0.083603 0.085225 0.083603 0.085225 0.113678 0.080156 0.113678
1 0.088739 0.083468 0.094687 0.083468 0.094687 0.114016 0.088739 0.114016
1 0.002163 0.698289 0.011219 0.698289 0.011219 0.721268 0.002163 0.721268
1 0.000135 0.816090 0.015950 0.816090 0.015950 0.821227 0.000135 0.821227
1 0.000338 0.785812 0.015477 0.785812 0.015477 0.789800 0.000338 0.789800
0 0.000743 0.790070 0.014936 0.790070 0.014936 0.815685 0.000743 0.815685
1 0.018383 0.871780 0.022709 0.871780 0.022709 0.887054 0.018383 0.887054
1 0.021695 0.898544 0.025480 0.898544 0.025480 0.915440 0.021695 0.915440
