0 0.018620 0.028939 0.043212 0.028939 0.043212 0.041463 0.018620 0.041463
0 0.018287 0.249370 0.042626 0.249370 0.042626 0.262214 0.018287 0.262214
0 0.288830 0.413495 0.313499 0.413495 0.313499 0.426500 0.288830 0.426500
0 0.018506 0.122408 0.043156 0.122408 0.043156 0.134863 0.018506 0.134863
0 0.018332 0.336444 0.042873 0.336444 0.042873 0.349372 0.018332 0.349372
0 0.176163 0.444617 0.188906 0.444617 0.188906 0.469447 0.176163 0.469447
0 0.175780 0.404108 0.188518 0.404108 0.188518 0.428368 0.175780 0.428368
0 0.288381 0.450965 0.313278 0.450965 0.313278 0.464227 0.288381 0.464227
0 0.161219 0.172525 0.185933 0.172525 0.185933 0.185153 0.161219 0.185153
0 0.175446 0.133263 0.188124 0.133263 0.188124 0.157331 0.175446 0.157331
0 0.018294 0.421051 0.042655 0.421051 0.042655 0.433497 0.018294 0.433497
0 0.018093 0.291786 0.042548 0.291786 0.042548 0.304301 0.018093 0.304301
0 0.175248 0.330265 0.187707 0.330265 0.187707 0.354502 0.175248 0.354502
0 0.286097 0.191568 0.298934 0.191568 0.298934 0.215884 0.286097 0.215884
0 0.176344 0.242892 0.188622 0.242892 0.188622 0.267187 0.176344 0.267187
0 0.175323 0.288717 0.187529 0.288717 0.187529 0.312975 0.175323 0.312975
0 0.287683 0.122969 0.312134 0.122969 0.312134 0.135850 0.287683 0.135850
0 0.175941 0.201812 0.188539 0.201812 0.188539 0.225927 0.175941 0.225927
0 0.018589 0.165064 0.043137 0.165064 0.043137 0.177875 0.018589 0.177875
0 0.286841 0.273346 0.299398 0.273346 0.299398 0.297889 0.286841 0.297889
0 0.018409 0.207395 0.043030 0.207395 0.043030 0.219885 0.018409 0.219885
0 0.287584 0.082629 0.312269 0.082629 0.312269 0.095131 0.287584 0.095131
0 0.286299 0.232717 0.298393 0.232717 0.298393 0.257135 0.286299 0.257135
0 0.141761 0.244475 0.154676 0.244475 0.154676 0.268752 0.141761 0.268752
0 0.018026 0.379262 0.042790 0.379262 0.042790 0.391697 0.018026 0.391697
0 0.176576 0.031546 0.189201 0.031546 0.189201 0.056280 0.176576 0.056280
0 0.286152 0.150848 0.298382 0.150848 0.298382 0.175446 0.286152 0.175446
0 0.176597 0.082702 0.189215 0.082702 0.189215 0.106660 0.176597 0.106660
0 0.287740 0.038740 0.312614 0.038740 0.312614 0.051843 0.287740 0.051843
0 0.288967 0.383212 0.313915 0.383212 0.313915 0.396094 0.288967 0.396094
0 0.018625 0.079840 0.043390 0.079840 0.043390 0.093140 0.018625 0.093140
0 0.018161 0.464836 0.043006 0.464836 0.043006 0.478361 0.018161 0.478361
0 0.141529 0.199878 0.154542 0.199878 0.154542 0.224234 0.141529 0.224234
0 0.319954 0.233784 0.334196 0.233784 0.334196 0.259617 0.319954 0.259617
0 0.143887 0.115074 0.156562 0.115074 0.156562 0.139656 0.143887 0.139656
0 0.141632 0.329741 0.154187 0.329741 0.154187 0.354067 0.141632 0.354067
0 0.350091 0.313135 0.374770 0.313135 0.374770 0.325586 0.350091 0.325586
0 0.141534 0.288291 0.154377 0.288291 0.154377 0.312654 0.141534 0.312654
0 0.144780 0.074184 0.157191 0.074184 0.157191 0.098476 0.144780 0.098476
0 0.142461 0.370320 0.167175 0.370320 0.167175 0.383398 0.142461 0.383398
0 0.287116 0.345903 0.312007 0.345903 0.312007 0.358636 0.287116 0.358636
0 0.146058 0.033559 0.158286 0.033559 0.158286 0.057749 0.146058 0.057749
0 0.140995 0.445414 0.153467 0.445414 0.153467 0.470376 0.140995 0.470376
0 0.141259 0.404852 0.153713 0.404852 0.153713 0.428961 0.141259 0.428961
0 0.361181 0.418125 0.379262 0.418125 0.379262 0.464071 0.361181 0.464071
0 0.017975 0.635236 0.042531 0.635236 0.042531 0.647715 0.017975 0.647715
0 0.293601 0.897638 0.318211 0.897638 0.318211 0.910508 0.293601 0.910508
0 0.017901 0.549003 0.042342 0.549003 0.042342 0.561878 0.017901 0.561878
0 0.018177 0.720244 0.042781 0.720244 0.042781 0.733239 0.018177 0.733239
0 0.018802 0.507175 0.043236 0.507175 0.043236 0.520212 0.018802 0.520212
0 0.175834 0.592280 0.188601 0.592280 0.188601 0.616449 0.175834 0.616449
0 0.147716 0.678644 0.159890 0.678644 0.159890 0.702837 0.147716 0.702837
0 0.017967 0.760758 0.042512 0.760758 0.042512 0.773857 0.017967 0.773857
0 0.175941 0.718931 0.188304 0.718931 0.188304 0.743213 0.175941 0.743213
0 0.175914 0.634115 0.188486 0.634115 0.188486 0.658016 0.175914 0.658016
0 0.017767 0.590847 0.042139 0.590847 0.042139 0.603598 0.017767 0.603598
0 0.147905 0.719717 0.160669 0.719717 0.160669 0.743899 0.147905 0.743899
0 0.018215 0.678609 0.042785 0.678609 0.042785 0.691423 0.018215 0.691423
0 0.175439 0.677617 0.187996 0.677617 0.187996 0.702068 0.175439 0.702068
0 0.286267 0.718784 0.310862 0.718784 0.310862 0.731658 0.286267 0.731658
0 0.147583 0.812312 0.160195 0.812312 0.160195 0.836351 0.147583 0.836351
0 0.168554 0.969357 0.193306 0.969357 0.193306 0.982246 0.168554 0.982246
0 0.285945 0.847199 0.310771 0.847199 0.310771 0.860297 0.285945 0.860297
0 0.381276 0.782588 0.407464 0.782588 0.407464 0.797111 0.381276 0.797111
0 0.017216 0.804426 0.041849 0.804426 0.041849 0.817255 0.017216 0.817255
0 0.286399 0.942562 0.311049 0.942562 0.311049 0.955413 0.286399 0.955413
0 0.144135 0.586604 0.156452 0.586604 0.156452 0.610734 0.144135 0.610734
0 0.287129 0.762156 0.311651 0.762156 0.311651 0.774838 0.287129 0.774838
0 0.175381 0.541667 0.188262 0.541667 0.188262 0.565739 0.175381 0.565739
0 0.140925 0.541824 0.153415 0.541824 0.153415 0.566004 0.140925 0.566004
0 0.174367 0.759809 0.186925 0.759809 0.186925 0.783892 0.174367 0.783892
0 0.285974 0.800921 0.310605 0.800921 0.310605 0.813414 0.285974 0.813414
0 0.148662 0.770689 0.161436 0.770689 0.161436 0.794970 0.148662 0.794970
0 0.286883 0.635942 0.311498 0.635942 0.311498 0.648469 0.286883 0.648469
0 0.286658 0.676395 0.311309 0.676395 0.311309 0.689274 0.286658 0.689274
0 0.174893 0.881744 0.187510 0.881744 0.187510 0.905830 0.174893 0.905830
0 0.174753 0.840848 0.187149 0.840848 0.187149 0.864965 0.174753 0.864965
0 0.141966 0.500666 0.154297 0.500666 0.154297 0.524941 0.141966 0.524941
0 0.140935 0.631504 0.153793 0.631504 0.153793 0.655592 0.140935 0.655592
0 0.174341 0.799709 0.187226 0.799709 0.187226 0.823874 0.174341 0.823874
0 0.690279 0.331569 0.723793 0.331569 0.723793 0.351539 0.690279 0.351539
0 0.617956 0.273156 0.638784 0.273156 0.638784 0.306832 0.617956 0.306832
0 0.650546 0.272959 0.671304 0.272959 0.671304 0.306718 0.650546 0.306718
0 0.689618 0.225018 0.723059 0.225018 0.723059 0.245933 0.689618 0.245933
0 0.690434 0.296247 0.724208 0.296247 0.724208 0.316354 0.690434 0.316354
0 0.690285 0.262128 0.723777 0.262128 0.723777 0.281929 0.690285 0.281929
0 0.537698 0.449235 0.558892 0.449235 0.558892 0.483247 0.537698 0.483247
0 0.804370 0.443767 0.882545 0.443767 0.882545 0.501983 0.804370 0.501983
0 0.647648 0.331098 0.668961 0.331098 0.668961 0.364892 0.647648 0.364892
0 0.636237 0.213681 0.657952 0.213681 0.657952 0.247074 0.636237 0.247074
0 0.584254 0.457261 0.597758 0.457261 0.597758 0.483558 0.584254 0.483558
0 0.861338 0.028977 0.874330 0.028977 0.874330 0.054646 0.861338 0.054646
0 0.887556 0.340950 0.914092 0.340950 0.914092 0.354671 0.887556 0.354671
0 0.799481 0.368848 0.823921 0.368848 0.823921 0.381613 0.799481 0.381613
0 0.583425 0.273995 0.604065 0.273995 0.604065 0.307350 0.583425 0.307350
0 0.853563 0.348271 0.875345 0.348271 0.875345 0.381937 0.853563 0.381937
0 0.966580 0.019643 0.979761 0.019643 0.979761 0.045122 0.966580 0.045122
0 0.756909 0.129989 0.771373 0.129989 0.771373 0.156118 0.756909 0.156118
0 0.552190 0.275817 0.572134 0.275817 0.572134 0.304378 0.552190 0.304378
0 0.900788 0.473269 0.909116 0.473269 0.909116 0.488767 0.900788 0.488767
0 0.803330 0.347027 0.820510 0.347027 0.820510 0.356214 0.803330 0.356214
0 0.556113 0.579637 0.589905 0.579637 0.589905 0.600679 0.556113 0.600679
0 0.927754 0.487643 0.941113 0.487643 0.941113 0.513164 0.927754 0.513164
0 0.939069 0.524181 0.956136 0.524181 0.956136 0.533922 0.939069 0.533922
0 0.784901 0.511374 0.795179 0.511374 0.795179 0.528335 0.784901 0.528335
1 0.142495 0.110265 0.158048 0.110265 0.158048 0.114911 0.142495 0.114911
1 0.174826 0.107085 0.190481 0.107085 0.190481 0.111825 0.174826 0.111825
1 0.174705 0.238125 0.190300 0.238125 0.190300 0.242718 0.174705 0.242718
1 0.144274 0.058207 0.160098 0.058207 0.160098 0.062516 0.144274 0.062516
1 0.175108 0.027411 0.190572 0.027411 0.190572 0.031469 0.175108 0.031469
1 0.140531 0.195577 0.156422 0.195577 0.156422 0.200114 0.140531 0.200114
1 0.043416 0.078147 0.047263 0.078147 0.047263 0.093755 0.043416 0.093755
1 0.043488 0.028119 0.047403 0.028119 0.047403 0.043145 0.043488 0.043145
1 0.174462 0.078449 0.190764 0.078449 0.190764 0.082331 0.174462 0.082331
1 0.043397 0.163325 0.047349 0.163325 0.047349 0.179358 0.043397 0.179358
1 0.173864 0.157687 0.189601 0.157687 0.189601 0.162042 0.173864 0.162042
1 0.174761 0.056710 0.190483 0.056710 0.190483 0.061014 0.174761 0.061014
1 0.174222 0.197558 0.190401 0.197558 0.190401 0.201557 0.174222 0.201557
1 0.043389 0.120965 0.047323 0.120965 0.047323 0.136537 0.043389 0.136537
1 0.142341 0.140111 0.158352 0.140111 0.158352 0.144094 0.142341 0.144094
1 0.157493 0.171300 0.161213 0.171300 0.161213 0.186668 0.157493 0.186668
1 0.140575 0.240036 0.156323 0.240036 0.156323 0.244535 0.140575 0.244535
1 0.144157 0.029038 0.160017 0.029038 0.160017 0.033345 0.144157 0.033345
1 0.140327 0.224705 0.156520 0.224705 0.156520 0.229160 0.140327 0.229160
1 0.043148 0.205735 0.047114 0.205735 0.047114 0.221544 0.043148 0.221544
1 0.174413 0.226279 0.190511 0.226279 0.190511 0.230609 0.174413 0.230609
1 0.143789 0.098468 0.159967 0.098468 0.159967 0.102791 0.143789 0.102791
1 0.144069 0.069800 0.160042 0.069800 0.160042 0.073996 0.144069 0.073996
1 0.173576 0.128514 0.189810 0.128514 0.189810 0.133019 0.173576 0.133019
1 0.185828 0.171376 0.190359 0.171376 0.190359 0.186666 0.185828 0.186666
1 0.014057 0.205853 0.018281 0.205853 0.018281 0.221433 0.014057 0.221433
1 0.014245 0.120632 0.018356 0.120632 0.018356 0.136198 0.014245 0.136198
1 0.014281 0.163294 0.018547 0.163294 0.018547 0.178980 0.014281 0.178980
1 0.014312 0.078102 0.018440 0.078102 0.018440 0.093746 0.014312 0.093746
1 0.014608 0.027969 0.018545 0.027969 0.018545 0.043275 0.014608 0.043275
1 0.174175 0.313197 0.190168 0.313197 0.190168 0.317490 0.174175 0.317490
1 0.174117 0.470247 0.191059 0.470247 0.191059 0.475281 0.174117 0.475281
1 0.043025 0.462952 0.047103 0.462952 0.047103 0.479435 0.043025 0.479435
1 0.173788 0.354753 0.189961 0.354753 0.189961 0.358928 0.173788 0.358928
1 0.140120 0.400018 0.156097 0.400018 0.156097 0.404619 0.140120 0.404619
1 0.140310 0.354341 0.156363 0.354341 0.156363 0.358755 0.140310 0.358755
1 0.042831 0.290982 0.046965 0.290982 0.046965 0.306474 0.042831 0.306474
1 0.043032 0.420201 0.046871 0.420201 0.046871 0.435926 0.043032 0.435926
1 0.140254 0.470824 0.156721 0.470824 0.156721 0.475254 0.140254 0.475254
1 0.173339 0.428759 0.190140 0.428759 0.190140 0.433448 0.173339 0.433448
1 0.140170 0.440523 0.156100 0.440523 0.156100 0.445264 0.140170 0.445264
1 0.042832 0.377710 0.046934 0.377710 0.046934 0.393563 0.042832 0.393563
1 0.140599 0.269055 0.156752 0.269055 0.156752 0.273572 0.140599 0.273572
1 0.174101 0.267557 0.190199 0.267557 0.190199 0.271995 0.174101 0.271995
1 0.174322 0.324945 0.190020 0.324945 0.190020 0.330074 0.174322 0.330074
1 0.043112 0.335116 0.047016 0.335116 0.047016 0.351104 0.043112 0.351104
1 0.042992 0.248277 0.046976 0.248277 0.046976 0.263801 0.042992 0.263801
1 0.013735 0.420180 0.017978 0.420180 0.017978 0.436071 0.013735 0.436071
1 0.140193 0.429354 0.156437 0.429354 0.156437 0.433578 0.140193 0.433578
1 0.140166 0.324777 0.156173 0.324777 0.156173 0.329654 0.140166 0.329654
1 0.139963 0.312837 0.156439 0.312837 0.156439 0.317399 0.139963 0.317399
1 0.013830 0.377564 0.017853 0.377564 0.017853 0.393534 0.013830 0.393534
1 0.167475 0.369733 0.171303 0.369733 0.171303 0.385296 0.167475 0.385296
1 0.138274 0.369374 0.142760 0.369374 0.142760 0.384804 0.138274 0.384804
1 0.174473 0.399870 0.190185 0.399870 0.190185 0.404155 0.174473 0.404155
1 0.013920 0.463042 0.018152 0.463042 0.018152 0.479463 0.013920 0.479463
1 0.174576 0.440303 0.190007 0.440303 0.190007 0.444502 0.174576 0.444502
1 0.140283 0.284311 0.156274 0.284311 0.156274 0.288290 0.140283 0.288290
1 0.014040 0.335235 0.018198 0.335235 0.018198 0.350739 0.014040 0.350739
1 0.174346 0.284527 0.190255 0.284527 0.190255 0.288552 0.174346 0.288552
1 0.014217 0.248387 0.018191 0.248387 0.018191 0.263629 0.014217 0.263629
1 0.014075 0.290698 0.018070 0.290698 0.018070 0.306379 0.014075 0.306379
1 0.042642 0.547112 0.046839 0.547112 0.046839 0.563004 0.042642 0.563004
1 0.042573 0.589439 0.046751 0.589439 0.046751 0.605429 0.042573 0.605429
1 0.142061 0.611037 0.157710 0.611037 0.157710 0.615538 0.142061 0.615538
1 0.042849 0.676650 0.046705 0.676650 0.046705 0.692327 0.042849 0.692327
1 0.141934 0.582427 0.158046 0.582427 0.158046 0.586367 0.141934 0.586367
1 0.042918 0.633814 0.046848 0.633814 0.046848 0.649548 0.042918 0.649548
1 0.174026 0.566101 0.189991 0.566101 0.189991 0.570394 0.174026 0.570394
1 0.140216 0.525315 0.156420 0.525315 0.156420 0.529555 0.140216 0.529555
1 0.043388 0.506311 0.047040 0.506311 0.047040 0.521756 0.043388 0.521756
1 0.042999 0.719206 0.046673 0.719206 0.046673 0.734624 0.042999 0.734624
1 0.173987 0.658360 0.190161 0.658360 0.190161 0.662957 0.173987 0.662957
1 0.173994 0.673040 0.189698 0.673040 0.189698 0.677529 0.173994 0.677529
1 0.140055 0.655771 0.156019 0.655771 0.156019 0.660484 0.140055 0.660484
1 0.146818 0.674118 0.162545 0.674118 0.162545 0.678430 0.146818 0.678430
1 0.174091 0.629968 0.189969 0.629968 0.189969 0.634065 0.174091 0.634065
1 0.173819 0.714298 0.190114 0.714298 0.190114 0.718715 0.173819 0.718715
1 0.140331 0.536724 0.156157 0.536724 0.156157 0.541601 0.140331 0.541601
1 0.140081 0.566152 0.156415 0.566152 0.156415 0.570590 0.140081 0.570590
1 0.013656 0.718893 0.017935 0.718893 0.017935 0.734617 0.013656 0.734617
1 0.174510 0.536910 0.189937 0.536910 0.189937 0.541435 0.174510 0.541435
1 0.013614 0.676480 0.018001 0.676480 0.018001 0.692323 0.013614 0.692323
1 0.140180 0.627301 0.156160 0.627301 0.156160 0.631340 0.140180 0.631340
1 0.140790 0.495962 0.156246 0.495962 0.156246 0.500641 0.140790 0.500641
1 0.013661 0.633917 0.017704 0.633917 0.017704 0.649455 0.013661 0.649455
1 0.013808 0.547210 0.017660 0.547210 0.017660 0.562598 0.013808 0.562598
1 0.146540 0.714599 0.162854 0.714599 0.162854 0.719656 0.146540 0.719656
1 0.174250 0.616797 0.190176 0.616797 0.190176 0.621400 0.174250 0.621400
1 0.014317 0.505963 0.018625 0.505963 0.018625 0.521647 0.014317 0.521647
1 0.013693 0.589663 0.017587 0.589663 0.017587 0.605160 0.013693 0.605160
1 0.173429 0.702201 0.189907 0.702201 0.189907 0.706154 0.173429 0.706154
1 0.174049 0.588166 0.190118 0.588166 0.190118 0.592192 0.174049 0.592192
1 0.146639 0.703124 0.163168 0.703124 0.163168 0.707168 0.146639 0.707168
1 0.146209 0.807364 0.163039 0.807364 0.163039 0.812185 0.146209 0.812185
1 0.173724 0.877074 0.189386 0.877074 0.189386 0.881644 0.173724 0.881644
1 0.173510 0.754259 0.189690 0.754259 0.189690 0.759618 0.173510 0.759618
1 0.147331 0.765759 0.163186 0.765759 0.163186 0.770476 0.147331 0.770476
1 0.146133 0.836674 0.162463 0.836674 0.162463 0.841255 0.146133 0.841255
1 0.042653 0.759831 0.046582 0.759831 0.046582 0.775307 0.042653 0.775307
1 0.042235 0.802395 0.046362 0.802395 0.046362 0.818351 0.042235 0.818351
1 0.172874 0.795330 0.189279 0.795330 0.189279 0.799799 0.172874 0.799799
1 0.173315 0.865310 0.189624 0.865310 0.189624 0.869684 0.173315 0.869684
1 0.173208 0.824235 0.189403 0.824235 0.189403 0.828782 0.173208 0.828782
1 0.173120 0.836690 0.189344 0.836690 0.189344 0.840835 0.173120 0.840835
1 0.193369 0.968063 0.198011 0.968063 0.198011 0.984000 0.193369 0.984000
1 0.172947 0.906267 0.189131 0.906267 0.189131 0.910790 0.172947 0.910790
1 0.013674 0.759615 0.017781 0.759615 0.017781 0.775325 0.013674 0.775325
1 0.013262 0.802464 0.017154 0.802464 0.017154 0.818229 0.013262 0.818229
1 0.147509 0.795107 0.163942 0.795107 0.163942 0.799404 0.147509 0.799404
1 0.164275 0.968337 0.168372 0.968337 0.168372 0.983567 0.164275 0.983567
1 0.146489 0.744323 0.162390 0.744323 0.162390 0.748639 0.146489 0.748639
1 0.174026 0.743383 0.189952 0.743383 0.189952 0.747523 0.174026 0.747523
1 0.172503 0.784166 0.189501 0.784166 0.189501 0.788357 0.172503 0.788357
1 0.285178 0.227806 0.300818 0.227806 0.300818 0.232545 0.285178 0.232545
1 0.285309 0.175863 0.301676 0.175863 0.301676 0.180044 0.285309 0.180044
1 0.285399 0.146575 0.300434 0.146575 0.300434 0.150863 0.285399 0.150863
1 0.285414 0.187246 0.300739 0.187246 0.300739 0.191481 0.285414 0.191481
1 0.284878 0.216366 0.301582 0.216366 0.301582 0.220859 0.284878 0.220859
1 0.283406 0.121416 0.287592 0.121416 0.287592 0.136884 0.283406 0.136884
1 0.319248 0.229460 0.334972 0.229460 0.334972 0.233372 0.319248 0.233372
1 0.312659 0.038004 0.316590 0.038004 0.316590 0.053472 0.312659 0.053472
1 0.312400 0.121429 0.316342 0.121429 0.316342 0.137383 0.312400 0.137383
1 0.312478 0.080690 0.316301 0.080690 0.316301 0.096479 0.312478 0.096479
1 0.283752 0.080645 0.287545 0.080645 0.287545 0.095992 0.283752 0.095992
1 0.283746 0.037915 0.287626 0.037915 0.287626 0.053105 0.283746 0.053105
1 0.379963 0.433435 0.396001 0.433435 0.396001 0.448651 0.379963 0.448651
1 0.345557 0.418338 0.360412 0.418338 0.360412 0.430974 0.345557 0.430974
1 0.345244 0.450757 0.359890 0.450757 0.359890 0.463615 0.345244 0.463615
1 0.313826 0.382480 0.317498 0.382480 0.317498 0.397663 0.313826 0.397663
1 0.313468 0.412466 0.317476 0.412466 0.317476 0.428019 0.313468 0.428019
1 0.285091 0.257533 0.301311 0.257533 0.301311 0.262008 0.285091 0.262008
1 0.285351 0.298436 0.301362 0.298436 0.301362 0.302799 0.285351 0.302799
1 0.346515 0.312454 0.350500 0.312454 0.350500 0.327259 0.346515 0.327259
1 0.285293 0.268930 0.300731 0.268930 0.300731 0.273224 0.285293 0.273224
1 0.283285 0.344429 0.287116 0.344429 0.287116 0.359876 0.283285 0.359876
1 0.311855 0.344824 0.315705 0.344824 0.315705 0.360220 0.311855 0.360220
1 0.313189 0.449967 0.317798 0.449967 0.317798 0.465928 0.313189 0.465928
1 0.319447 0.259958 0.334981 0.259958 0.334981 0.264039 0.319447 0.264039
1 0.284649 0.449882 0.288656 0.449882 0.288656 0.465222 0.284649 0.465222
1 0.374830 0.312109 0.379048 0.312109 0.379048 0.327377 0.374830 0.327377
1 0.284843 0.381981 0.289068 0.381981 0.289068 0.396959 0.284843 0.396959
1 0.284767 0.412643 0.288993 0.412643 0.288993 0.427763 0.284767 0.427763
1 0.311406 0.675181 0.315830 0.675181 0.315830 0.690979 0.311406 0.690979
1 0.282745 0.675076 0.286677 0.675076 0.286677 0.690667 0.282745 0.690667
1 0.282657 0.717590 0.286463 0.717590 0.286463 0.733205 0.282657 0.733205
1 0.311296 0.717804 0.315533 0.717804 0.315533 0.733615 0.311296 0.733615
1 0.283023 0.634560 0.286724 0.634560 0.286724 0.649896 0.283023 0.649896
1 0.311858 0.634436 0.315982 0.634436 0.315982 0.650147 0.311858 0.650147
1 0.289858 0.896504 0.293500 0.896504 0.293500 0.911888 0.289858 0.911888
1 0.310932 0.798675 0.315401 0.798675 0.315401 0.814363 0.310932 0.814363
1 0.377302 0.781719 0.381433 0.781719 0.381433 0.797667 0.377302 0.797667
1 0.282857 0.760406 0.286894 0.760406 0.286894 0.775560 0.282857 0.775560
1 0.282276 0.941158 0.286299 0.941158 0.286299 0.956585 0.282276 0.956585
1 0.311100 0.940843 0.315080 0.940843 0.315080 0.956653 0.311100 0.956653
1 0.311553 0.760742 0.315454 0.760742 0.315454 0.776031 0.311553 0.776031
1 0.318403 0.896695 0.322759 0.896695 0.322759 0.912342 0.318403 0.912342
1 0.310915 0.845562 0.315235 0.845562 0.315235 0.861261 0.310915 0.861261
1 0.282482 0.798918 0.286212 0.798918 0.286212 0.814086 0.282482 0.814086
1 0.282303 0.845438 0.286058 0.845438 0.286058 0.861135 0.282303 0.861135
1 0.407292 0.781964 0.411294 0.781964 0.411294 0.797505 0.407292 0.797505
1 0.681377 0.223629 0.689256 0.223629 0.689256 0.247404 0.681377 0.247404
1 0.635392 0.204917 0.659333 0.204917 0.659333 0.213185 0.635392 0.213185
1 0.723677 0.223884 0.732261 0.223884 0.732261 0.247335 0.723677 0.247335
1 0.616684 0.264474 0.640437 0.264474 0.640437 0.272985 0.616684 0.272985
1 0.649033 0.264454 0.672741 0.264454 0.672741 0.272746 0.649033 0.272746
1 0.550983 0.305021 0.574816 0.305021 0.574816 0.315442 0.550983 0.315442
1 0.582463 0.264418 0.606284 0.264418 0.606284 0.273667 0.582463 0.273667
1 0.551280 0.264491 0.574942 0.264491 0.574942 0.275167 0.551280 0.275167
1 0.724068 0.259231 0.732202 0.259231 0.732202 0.283325 0.724068 0.283325
1 0.724088 0.293707 0.731937 0.293707 0.731937 0.317300 0.724088 0.317300
1 0.681253 0.329387 0.689935 0.329387 0.689935 0.352972 0.681253 0.352972
1 0.681342 0.293389 0.690187 0.293389 0.690187 0.317065 0.681342 0.317065
1 0.646797 0.365205 0.671314 0.365205 0.671314 0.373852 0.646797 0.373852
1 0.723970 0.329245 0.731947 0.329245 0.731947 0.352991 0.723970 0.352991
1 0.681389 0.259342 0.689990 0.259342 0.689990 0.283212 0.681389 0.283212
1 0.536367 0.484001 0.559883 0.484001 0.559883 0.491954 0.536367 0.491954
1 0.647192 0.322486 0.671097 0.322486 0.671097 0.331066 0.647192 0.331066
1 0.536069 0.439699 0.559945 0.439699 0.559945 0.448607 0.536069 0.448607
1 0.616222 0.307184 0.640202 0.307184 0.640202 0.315850 0.616222 0.315850
1 0.648832 0.307020 0.672431 0.307020 0.672431 0.315753 0.648832 0.315753
1 0.635349 0.247261 0.658986 0.247261 0.658986 0.256117 0.635349 0.256117
1 0.582367 0.307956 0.606200 0.307956 0.606200 0.315708 0.582367 0.315708
1 0.583303 0.453195 0.598492 0.453195 0.598492 0.457224 0.583303 0.457224
1 0.582924 0.483804 0.598933 0.483804 0.598933 0.487925 0.582924 0.487925
1 0.547059 0.577195 0.556145 0.577195 0.556145 0.603182 0.547059 0.603182
1 0.590167 0.578226 0.598899 0.578226 0.598899 0.602003 0.590167 0.602003
1 0.859832 0.024786 0.875485 0.024786 0.875485 0.028748 0.859832 0.028748
1 0.965571 0.045389 0.980570 0.045389 0.980570 0.049356 0.965571 0.049356
1 0.756405 0.125884 0.771979 0.125884 0.771979 0.130090 0.756405 0.130090
1 0.756325 0.156359 0.771966 0.156359 0.771966 0.160317 0.756325 0.160317
1 0.859586 0.054655 0.875769 0.054655 0.875769 0.058813 0.859586 0.058813
1 0.965441 0.015481 0.980778 0.015481 0.980778 0.019454 0.965441 0.019454
1 0.850237 0.409246 0.859619 0.409246 0.859619 0.437663 0.850237 0.437663
1 0.828561 0.409109 0.837970 0.409109 0.837970 0.437582 0.828561 0.437582
1 0.852807 0.381818 0.876682 0.381818 0.876682 0.390852 0.852807 0.390852
1 0.805932 0.407749 0.816640 0.407749 0.816640 0.438255 0.805932 0.438255
1 0.871696 0.409117 0.881346 0.409117 0.881346 0.437884 0.871696 0.437884
1 0.823772 0.367260 0.828424 0.367260 0.828424 0.383239 0.823772 0.383239
1 0.853052 0.339903 0.876544 0.339903 0.876544 0.347818 0.853052 0.347818
1 0.795318 0.366969 0.799474 0.366969 0.799474 0.383640 0.795318 0.383640
1 0.914212 0.339938 0.918161 0.339938 0.918161 0.355756 0.914212 0.355756
1 0.926083 0.482964 0.942410 0.482964 0.942410 0.487297 0.926083 0.487297
1 0.820331 0.346958 0.824180 0.346958 0.824180 0.356288 0.820331 0.356288
1 0.799720 0.346835 0.803368 0.346835 0.803368 0.355962 0.799720 0.355962
1 0.883848 0.339924 0.887800 0.339924 0.887800 0.355986 0.883848 0.355986
1 0.900666 0.469508 0.909378 0.469508 0.909378 0.473285 0.900666 0.473285
1 0.900864 0.488943 0.909247 0.488943 0.909247 0.492336 0.900864 0.492336
1 0.828425 0.503675 0.838450 0.503675 0.838450 0.535466 0.828425 0.535466
1 0.850028 0.503977 0.859894 0.503977 0.859894 0.535260 0.850028 0.535260
1 0.871437 0.503676 0.881852 0.503676 0.881852 0.533770 0.871437 0.533770
1 0.806538 0.503557 0.816640 0.503557 0.816640 0.534347 0.806538 0.534347
1 0.926052 0.513027 0.942651 0.513027 0.942651 0.517288 0.926052 0.517288
1 0.955959 0.524493 0.959473 0.524493 0.959473 0.533896 0.955959 0.533896
1 0.935809 0.524492 0.939157 0.524492 0.939157 0.533568 0.935809 0.533568
1 0.784931 0.528347 0.795013 0.528347 0.795013 0.531798 0.784931 0.531798
1 0.785061 0.507330 0.794942 0.507330 0.794942 0.511462 0.785061 0.511462
1 0.852469 0.003745 0.868509 0.003745 0.868509 0.007591 0.852469 0.007591
1 0.830700 0.004400 0.846577 0.004400 0.846577 0.008082 0.830700 0.008082
1 0.806886 0.003417 0.822599 0.003417 0.822599 0.007755 0.806886 0.007755
