0 0.659687 0.687254 0.659760 0.513129 0.483124 0.513054 0.483051 0.687180
0 0.421979 0.430540 0.523299 0.430588 0.523348 0.328928 0.422027 0.328880
0 0.166648 0.012685 0.166671 0.025214 0.191112 0.025171 0.191090 0.012641
0 0.187928 0.354315 0.200295 0.354299 0.200263 0.329805 0.187896 0.329822
0 0.164792 0.134206 0.164819 0.146651 0.189589 0.146599 0.189563 0.134154
0 0.188820 0.313654 0.201741 0.313644 0.201722 0.289213 0.188801 0.289223
0 0.031147 0.142089 0.031189 0.155093 0.055890 0.155012 0.055847 0.142008
0 0.300791 0.464211 0.300812 0.476605 0.325447 0.476563 0.325426 0.464169
0 0.302330 0.211639 0.314878 0.211627 0.314855 0.187253 0.302307 0.187265
0 0.189257 0.490057 0.201476 0.490046 0.201453 0.465658 0.189234 0.465669
0 0.188791 0.443141 0.201467 0.443123 0.201434 0.418876 0.188758 0.418893
0 0.158826 0.216060 0.171063 0.216049 0.171040 0.191632 0.158803 0.191643
0 0.301491 0.252501 0.301534 0.265400 0.326111 0.265319 0.326068 0.252419
0 0.031874 0.420977 0.031907 0.433783 0.056379 0.433719 0.056345 0.420914
0 0.156973 0.354389 0.169798 0.354371 0.169765 0.329923 0.156940 0.329941
0 0.032030 0.462695 0.032052 0.475126 0.056570 0.475084 0.056549 0.462653
0 0.029647 0.080102 0.029665 0.092457 0.054263 0.092422 0.054246 0.080067
0 0.302556 0.336191 0.302575 0.349067 0.327324 0.349030 0.327305 0.336155
0 0.187803 0.265415 0.200597 0.265403 0.200574 0.241191 0.187780 0.241203
0 0.303415 0.022671 0.303436 0.035682 0.328520 0.035641 0.328499 0.022630
0 0.029473 0.021548 0.029495 0.034458 0.054264 0.034416 0.054243 0.021506
0 0.169932 0.038938 0.169968 0.051773 0.194886 0.051703 0.194850 0.038867
0 0.032055 0.250959 0.032074 0.263912 0.056750 0.263877 0.056731 0.250924
0 0.188655 0.401805 0.200870 0.401786 0.200832 0.377561 0.188617 0.377580
0 0.033013 0.199963 0.033041 0.212898 0.057755 0.212846 0.057728 0.199911
0 0.188750 0.090178 0.201448 0.090160 0.201414 0.066031 0.188716 0.066049
0 0.032238 0.335485 0.032262 0.348005 0.056770 0.347959 0.056746 0.335439
0 0.303263 0.141546 0.303285 0.154369 0.328168 0.154327 0.328146 0.141503
0 0.032078 0.296563 0.032093 0.309396 0.056643 0.309367 0.056628 0.296535
0 0.158156 0.265532 0.170813 0.265517 0.170784 0.241175 0.158127 0.241191
0 0.302755 0.294742 0.302775 0.307720 0.327423 0.307681 0.327402 0.294703
0 0.032319 0.380214 0.032344 0.393107 0.056892 0.393060 0.056867 0.380167
0 0.162903 0.108128 0.162913 0.120520 0.187712 0.120499 0.187702 0.108107
0 0.157088 0.490335 0.169586 0.490323 0.169564 0.465890 0.157065 0.465901
0 0.303715 0.115626 0.303736 0.128789 0.328512 0.128750 0.328491 0.115587
0 0.302879 0.422458 0.302901 0.435515 0.327748 0.435474 0.327726 0.422418
0 0.157507 0.313557 0.169983 0.313543 0.169956 0.289331 0.157480 0.289345
0 0.328665 0.233648 0.341097 0.233634 0.341070 0.209102 0.328638 0.209116
0 0.303081 0.380612 0.303108 0.393440 0.327940 0.393388 0.327913 0.380560
0 0.185881 0.187576 0.198463 0.187562 0.198436 0.163382 0.185853 0.163396
0 0.157551 0.442736 0.170308 0.442734 0.170305 0.418332 0.157548 0.418334
0 0.157614 0.402174 0.170391 0.402175 0.170392 0.377563 0.157615 0.377563
0 0.188617 0.579736 0.201090 0.579718 0.201055 0.555470 0.188582 0.555489
0 0.301216 0.593265 0.301259 0.605705 0.325865 0.605620 0.325822 0.593180
0 0.300621 0.644282 0.300645 0.657150 0.325408 0.657104 0.325384 0.644236
0 0.301608 0.506828 0.301650 0.520121 0.326275 0.520044 0.326234 0.506751
0 0.187991 0.531726 0.200755 0.531715 0.200734 0.506726 0.187970 0.506737
0 0.300986 0.550326 0.301006 0.562909 0.325757 0.562869 0.325737 0.550286
0 0.032011 0.644103 0.032027 0.656877 0.056501 0.656846 0.056484 0.644071
0 0.156913 0.673229 0.169904 0.673214 0.169876 0.648891 0.156885 0.648906
0 0.205669 0.677465 0.205691 0.689800 0.230364 0.689757 0.230343 0.677422
0 0.158313 0.531927 0.170629 0.531912 0.170598 0.507034 0.158281 0.507049
0 0.022790 0.866880 0.022825 0.879538 0.047351 0.879470 0.047316 0.866812
0 0.031754 0.591660 0.031768 0.604442 0.056280 0.604416 0.056266 0.591633
0 0.032764 0.506540 0.032787 0.520030 0.057518 0.519987 0.057495 0.506497
0 0.212649 0.868904 0.212670 0.881365 0.237221 0.881325 0.237201 0.868864
0 0.158072 0.579100 0.170634 0.579078 0.170592 0.555013 0.158029 0.555035
0 0.188532 0.622170 0.201102 0.622158 0.201079 0.597778 0.188509 0.597789
0 0.211972 0.956735 0.211985 0.969478 0.236468 0.969454 0.236456 0.956710
0 0.357748 0.988021 0.379217 0.987969 0.379135 0.954000 0.357665 0.954052
0 0.032817 0.550201 0.032842 0.562875 0.057196 0.562827 0.057171 0.550153
0 0.157724 0.622017 0.170204 0.622003 0.170175 0.597776 0.157696 0.597791
0 0.601092 0.425005 0.615907 0.425001 0.615901 0.399459 0.601085 0.399463
0 0.601577 0.345975 0.616054 0.345959 0.616025 0.320337 0.601548 0.320354
0 0.559067 0.387467 0.559071 0.396885 0.576362 0.396877 0.576358 0.387460
0 0.853866 0.798732 0.853902 0.811972 0.879569 0.811902 0.879533 0.798662
0 0.761345 0.661961 0.782258 0.661946 0.782233 0.628437 0.761321 0.628453
0 0.606270 0.794693 0.606289 0.808601 0.632450 0.808564 0.632431 0.794656
0 0.890819 0.749787 0.890820 0.729029 0.857544 0.729026 0.857543 0.749785
0 0.643811 0.745223 0.664565 0.745191 0.664513 0.711930 0.643760 0.711962
0 0.574510 0.779561 0.586900 0.779543 0.586864 0.754712 0.574474 0.754730
0 0.857268 0.762784 0.857272 0.783459 0.890808 0.783453 0.890805 0.762778
0 0.852272 0.700327 0.852293 0.713685 0.877815 0.713646 0.877795 0.700288
0 0.791104 0.660756 0.812478 0.660750 0.812470 0.627374 0.791095 0.627380
0 0.753531 0.732444 0.753554 0.745673 0.779213 0.745628 0.779190 0.732399
0 0.686398 0.809002 0.699619 0.808983 0.699584 0.783646 0.686362 0.783665
0 0.958206 0.739689 0.958229 0.748207 0.974268 0.748164 0.974245 0.739646
0 0.710452 0.952137 0.723974 0.952138 0.723976 0.926669 0.710454 0.926668
0 0.599904 0.779974 0.613139 0.779972 0.613135 0.754511 0.599900 0.754512
0 0.958269 0.756894 0.958283 0.765337 0.974249 0.765309 0.974234 0.756866
1 0.187077 0.090582 0.187078 0.094939 0.203363 0.094934 0.203362 0.090577
1 0.186870 0.236670 0.186873 0.241201 0.203229 0.241192 0.203227 0.236661
1 0.187721 0.061521 0.187723 0.065660 0.203011 0.065653 0.203009 0.061514
1 0.172401 0.191647 0.172401 0.186908 0.156688 0.186907 0.156688 0.191646
1 0.191232 0.026802 0.196158 0.026798 0.196147 0.011715 0.191221 0.011718
1 0.028091 0.214339 0.032801 0.214337 0.032793 0.198494 0.028084 0.198496
1 0.184344 0.158649 0.184349 0.163149 0.200683 0.163132 0.200678 0.158632
1 0.156739 0.216413 0.156740 0.220879 0.173127 0.220878 0.173127 0.216411
1 0.189445 0.148200 0.193947 0.148200 0.193946 0.132821 0.189444 0.132821
1 0.057714 0.214382 0.061579 0.214380 0.061572 0.198486 0.057706 0.198488
1 0.160066 0.148110 0.164733 0.148108 0.164727 0.132289 0.160060 0.132291
1 0.156348 0.236705 0.156349 0.241131 0.172522 0.241130 0.172522 0.236705
1 0.187948 0.121521 0.192477 0.121518 0.192464 0.106308 0.187935 0.106312
1 0.184620 0.187900 0.184622 0.192413 0.200638 0.192405 0.200636 0.187893
1 0.194683 0.052437 0.199688 0.052432 0.199673 0.037014 0.194668 0.037019
1 0.157844 0.121678 0.163118 0.121674 0.163108 0.106060 0.157834 0.106063
1 0.161601 0.026828 0.166731 0.026825 0.166719 0.011178 0.161589 0.011182
1 0.025285 0.035439 0.029385 0.035436 0.029374 0.019906 0.025275 0.019909
1 0.054408 0.094245 0.058316 0.094245 0.058317 0.078538 0.054409 0.078538
1 0.165257 0.052823 0.169951 0.052817 0.169931 0.037178 0.165237 0.037184
1 0.025931 0.156412 0.031060 0.156412 0.031062 0.140477 0.025934 0.140476
1 0.054537 0.035569 0.058520 0.035565 0.058505 0.019619 0.054523 0.019623
1 0.025325 0.094028 0.029509 0.094023 0.029489 0.078384 0.025305 0.078390
1 0.056094 0.156190 0.060021 0.156189 0.060017 0.140220 0.056090 0.140221
1 0.187061 0.413851 0.187062 0.418616 0.202679 0.418613 0.202678 0.413849
1 0.186498 0.313944 0.186500 0.318104 0.202893 0.318093 0.202890 0.313933
1 0.187171 0.373133 0.187173 0.377212 0.202637 0.377203 0.202635 0.373125
1 0.186579 0.402108 0.186580 0.406247 0.202598 0.406247 0.202598 0.402107
1 0.156278 0.313718 0.156287 0.317948 0.172430 0.317913 0.172420 0.313683
1 0.057016 0.349545 0.061149 0.349542 0.061138 0.333990 0.057005 0.333993
1 0.186840 0.265947 0.186845 0.270962 0.202886 0.270947 0.202881 0.265932
1 0.186923 0.443375 0.186924 0.447623 0.202768 0.447621 0.202767 0.443374
1 0.156245 0.265829 0.156247 0.270620 0.172439 0.270611 0.172436 0.265821
1 0.028172 0.310246 0.032133 0.310243 0.032122 0.294911 0.028162 0.294914
1 0.057162 0.265040 0.061239 0.265038 0.061231 0.249461 0.057154 0.249463
1 0.057082 0.310517 0.061249 0.310514 0.061236 0.294733 0.057069 0.294736
1 0.027702 0.476872 0.031780 0.476868 0.031765 0.461411 0.027687 0.461415
1 0.056980 0.477007 0.061066 0.477004 0.061057 0.461474 0.056970 0.461476
1 0.028296 0.349304 0.032075 0.349300 0.032061 0.333947 0.028282 0.333951
1 0.028473 0.264899 0.032136 0.264897 0.032127 0.249523 0.028464 0.249525
1 0.186303 0.490413 0.186304 0.494734 0.202865 0.494731 0.202864 0.490410
1 0.186822 0.354631 0.186827 0.359393 0.202658 0.359374 0.202652 0.354613
1 0.187046 0.461412 0.187050 0.465696 0.202568 0.465685 0.202565 0.461400
1 0.027805 0.435146 0.031720 0.435141 0.031703 0.419653 0.027789 0.419657
1 0.171712 0.465763 0.171714 0.461487 0.156066 0.461478 0.156064 0.465754
1 0.156113 0.373082 0.156116 0.377319 0.171837 0.377307 0.171833 0.373070
1 0.057209 0.394038 0.061099 0.394033 0.061081 0.378149 0.057191 0.378154
1 0.156258 0.413949 0.156261 0.418220 0.172117 0.418207 0.172113 0.413936
1 0.028083 0.393756 0.032158 0.393752 0.032142 0.378144 0.028068 0.378149
1 0.172281 0.359311 0.172281 0.354610 0.156037 0.354608 0.156037 0.359309
1 0.156147 0.442897 0.156151 0.447355 0.172000 0.447338 0.171996 0.442880
1 0.056813 0.435406 0.060900 0.435402 0.060885 0.419598 0.056798 0.419602
1 0.156202 0.402133 0.156205 0.406137 0.172185 0.406123 0.172181 0.402120
1 0.202666 0.329751 0.202666 0.325248 0.186792 0.325247 0.186791 0.329750
1 0.172271 0.330021 0.172273 0.325304 0.155894 0.325295 0.155892 0.330012
1 0.172337 0.494614 0.172339 0.490569 0.155852 0.490560 0.155850 0.494605
1 0.156169 0.284760 0.156170 0.289073 0.172176 0.289071 0.172175 0.284758
1 0.202719 0.289069 0.202719 0.284992 0.187250 0.284989 0.187249 0.289066
1 0.186742 0.532171 0.186745 0.536757 0.202740 0.536746 0.202736 0.532159
1 0.187058 0.551065 0.187063 0.555225 0.202752 0.555207 0.202748 0.551047
1 0.186829 0.622713 0.186830 0.626900 0.202366 0.626895 0.202364 0.622708
1 0.156158 0.550869 0.156163 0.554908 0.172121 0.554887 0.172115 0.550849
1 0.186895 0.593501 0.186896 0.597736 0.202795 0.597730 0.202794 0.593495
1 0.156222 0.502242 0.156224 0.507445 0.172153 0.507439 0.172151 0.502235
1 0.028623 0.563900 0.032695 0.563898 0.032686 0.548269 0.028613 0.548271
1 0.186916 0.502097 0.186919 0.506941 0.202540 0.506933 0.202538 0.502089
1 0.230615 0.691270 0.234774 0.691265 0.234756 0.675232 0.230598 0.675237
1 0.057364 0.563989 0.061051 0.563986 0.061039 0.548322 0.057351 0.548325
1 0.056828 0.658376 0.060767 0.658372 0.060754 0.642578 0.056815 0.642581
1 0.155677 0.673527 0.155678 0.678159 0.171363 0.678157 0.171362 0.673525
1 0.156120 0.622534 0.156122 0.626863 0.172003 0.626855 0.172001 0.622526
1 0.027975 0.658180 0.032005 0.658179 0.032001 0.642591 0.027971 0.642592
1 0.028347 0.521231 0.032636 0.521228 0.032623 0.505005 0.028335 0.505008
1 0.156266 0.532337 0.156269 0.536872 0.172302 0.536860 0.172299 0.532325
1 0.156069 0.593563 0.156070 0.597836 0.172147 0.597830 0.172145 0.593557
1 0.057475 0.520877 0.061116 0.520873 0.061098 0.505057 0.057458 0.505061
1 0.201701 0.690778 0.205559 0.690776 0.205554 0.675230 0.201697 0.675231
1 0.155827 0.644447 0.155828 0.648469 0.172040 0.648467 0.172039 0.644445
1 0.028096 0.606162 0.031881 0.606160 0.031871 0.590430 0.028086 0.590432
1 0.056776 0.606573 0.060809 0.606568 0.060788 0.590532 0.056755 0.590537
1 0.172333 0.583991 0.172337 0.579556 0.156020 0.579539 0.156015 0.583974
1 0.202818 0.584083 0.202818 0.580034 0.186504 0.580033 0.186503 0.584082
1 0.237376 0.883206 0.241887 0.883204 0.241883 0.867455 0.237372 0.867456
1 0.208882 0.882525 0.212544 0.882525 0.212541 0.867950 0.208880 0.867951
1 0.236886 0.971321 0.242313 0.971314 0.242291 0.955558 0.236865 0.955565
1 0.208255 0.970263 0.212131 0.970257 0.212108 0.955459 0.208232 0.955465
1 0.017588 0.881270 0.022873 0.881268 0.022867 0.865690 0.017581 0.865693
1 0.047324 0.881203 0.052531 0.881194 0.052502 0.865287 0.047294 0.865296
1 0.326814 0.204281 0.326819 0.208966 0.342830 0.208951 0.342825 0.204265
1 0.326494 0.233828 0.326496 0.238123 0.343132 0.238117 0.343130 0.233821
1 0.301295 0.211835 0.301296 0.216355 0.317149 0.216350 0.317147 0.211829
1 0.301307 0.182678 0.301311 0.186784 0.317331 0.186770 0.317328 0.182664
1 0.328419 0.036597 0.332455 0.036594 0.332446 0.021578 0.328410 0.021580
1 0.328136 0.156251 0.332271 0.156250 0.332268 0.140343 0.328132 0.140344
1 0.299480 0.155823 0.303385 0.155820 0.303372 0.140403 0.299467 0.140406
1 0.299263 0.131014 0.303455 0.131009 0.303436 0.114439 0.299244 0.114444
1 0.299671 0.036444 0.303463 0.036439 0.303442 0.021112 0.299650 0.021117
1 0.328927 0.130642 0.332511 0.130640 0.332504 0.114601 0.328920 0.114603
1 0.325790 0.478728 0.331239 0.478724 0.331227 0.462977 0.325778 0.462981
1 0.327782 0.437070 0.332577 0.437067 0.332566 0.421283 0.327772 0.421286
1 0.327929 0.394634 0.332602 0.394633 0.332600 0.379012 0.327928 0.379013
1 0.327467 0.350449 0.331899 0.350448 0.331893 0.334673 0.327461 0.334674
1 0.327521 0.309352 0.331833 0.309351 0.331828 0.293864 0.327516 0.293865
1 0.297286 0.266660 0.301313 0.266655 0.301291 0.250883 0.297264 0.250889
1 0.298891 0.308802 0.302689 0.308799 0.302677 0.293622 0.298878 0.293625
1 0.296471 0.478594 0.300725 0.478590 0.300710 0.462717 0.296456 0.462721
1 0.298812 0.436776 0.302990 0.436773 0.302980 0.420962 0.298802 0.420965
1 0.298801 0.349965 0.302553 0.349962 0.302542 0.334604 0.298790 0.334607
1 0.298936 0.394326 0.302930 0.394323 0.302920 0.378709 0.298925 0.378712
1 0.390521 0.424159 0.421725 0.424119 0.421610 0.333505 0.390405 0.333545
1 0.326071 0.267078 0.331058 0.267066 0.331021 0.251391 0.326034 0.251403
1 0.325593 0.658195 0.330911 0.658194 0.330910 0.642387 0.325591 0.642387
1 0.326010 0.564626 0.330827 0.564622 0.330816 0.549116 0.325998 0.549119
1 0.326267 0.521839 0.331181 0.521834 0.331165 0.506155 0.326252 0.506159
1 0.297013 0.564626 0.300925 0.564619 0.300895 0.548232 0.296983 0.548239
1 0.326039 0.607203 0.331145 0.607193 0.331115 0.591553 0.326009 0.591563
1 0.296421 0.657877 0.300699 0.657870 0.300672 0.642231 0.296394 0.642238
1 0.297145 0.521611 0.301521 0.521610 0.301518 0.505352 0.297142 0.505352
1 0.296641 0.606840 0.301374 0.606841 0.301376 0.591226 0.296643 0.591225
1 0.357176 0.944716 0.357202 0.954137 0.382547 0.954066 0.382520 0.944645
1 0.356639 0.988325 0.356650 0.997163 0.381230 0.997134 0.381220 0.988297
1 0.523375 0.325991 0.523426 0.354075 0.584826 0.353964 0.584775 0.325879
1 0.536616 0.385844 0.536675 0.372303 0.522953 0.372243 0.522894 0.385785
1 0.523474 0.404418 0.523515 0.431635 0.584832 0.431545 0.584792 0.404327
1 0.600437 0.425284 0.600438 0.429921 0.617001 0.429916 0.617000 0.425280
1 0.600835 0.395429 0.600840 0.399278 0.616408 0.399260 0.616403 0.395411
1 0.600922 0.315696 0.600924 0.320089 0.616967 0.320081 0.616965 0.315689
1 0.601282 0.346519 0.601288 0.350308 0.616268 0.350282 0.616262 0.346494
1 0.576218 0.397003 0.579453 0.397001 0.579449 0.387841 0.576214 0.387843
1 0.556178 0.396921 0.559493 0.396919 0.559485 0.387436 0.556171 0.387438
1 0.665835 0.711596 0.665836 0.703006 0.642320 0.703002 0.642318 0.711592
1 0.585790 0.704360 0.585805 0.687881 0.560777 0.687858 0.560762 0.704336
1 0.585923 0.512897 0.585971 0.492916 0.560914 0.492856 0.560867 0.512837
1 0.642036 0.745791 0.642050 0.753878 0.665967 0.753838 0.665953 0.745750
1 0.632575 0.808947 0.636851 0.808942 0.636832 0.793403 0.632556 0.793409
1 0.601982 0.808985 0.606536 0.808983 0.606528 0.793433 0.601975 0.793436
1 0.572507 0.750227 0.572508 0.754471 0.589219 0.754467 0.589218 0.750223
1 0.589340 0.784235 0.589341 0.779423 0.572427 0.779421 0.572426 0.784233
1 0.709518 0.952292 0.709520 0.955915 0.724365 0.955908 0.724364 0.952284
1 0.708868 0.922116 0.708870 0.926249 0.724747 0.926240 0.724745 0.922107
1 0.598680 0.779831 0.598680 0.784148 0.613924 0.784148 0.613924 0.779831
1 0.598121 0.750087 0.598123 0.754244 0.614969 0.754234 0.614966 0.750077
1 0.685230 0.779134 0.685232 0.782878 0.700811 0.782869 0.700809 0.779125
1 0.683933 0.809190 0.683934 0.813934 0.701810 0.813930 0.701809 0.809186
1 0.759580 0.618793 0.759581 0.628070 0.783445 0.628068 0.783444 0.618791
1 0.759662 0.662323 0.759671 0.669895 0.783258 0.669865 0.783248 0.662293
1 0.846913 0.752410 0.856925 0.752403 0.856907 0.725653 0.846895 0.725659
1 0.790377 0.661092 0.790384 0.670237 0.813908 0.670219 0.813901 0.661074
1 0.814073 0.626797 0.814073 0.618825 0.790283 0.618824 0.790283 0.626796
1 0.891272 0.751402 0.899011 0.751389 0.898971 0.726962 0.891231 0.726975
1 0.848024 0.714743 0.852175 0.714740 0.852163 0.698480 0.848012 0.698483
1 0.877890 0.714691 0.882077 0.714691 0.882077 0.698373 0.877890 0.698373
1 0.749253 0.747020 0.753287 0.747016 0.753271 0.730695 0.749236 0.730699
1 0.779374 0.746684 0.783535 0.746683 0.783528 0.731298 0.779368 0.731300
1 0.737871 0.742382 0.740614 0.742382 0.740613 0.725252 0.737871 0.725252
1 0.847093 0.785998 0.856803 0.785991 0.856786 0.760034 0.847077 0.760040
1 0.891198 0.785133 0.898932 0.785112 0.898867 0.761269 0.891134 0.761290
1 0.879430 0.813439 0.883335 0.813436 0.883323 0.797457 0.879418 0.797460
1 0.849501 0.812903 0.853729 0.812903 0.853730 0.796860 0.849502 0.796860
1 0.974344 0.765361 0.978094 0.765360 0.978092 0.757150 0.974342 0.757151
1 0.954572 0.765103 0.958223 0.765118 0.958259 0.756515 0.954608 0.756500
1 0.955262 0.747823 0.958098 0.747835 0.958132 0.739833 0.955295 0.739821
1 0.974368 0.748412 0.977738 0.748406 0.977724 0.739920 0.974355 0.739925
1 0.968567 0.420045 0.993450 0.420045 0.993450 0.438891 0.968567 0.438891
1 0.968750 0.615815 0.993999 0.615815 0.993999 0.631184 0.968750 0.631184
