0 0.713195 0.432437 0.881951 0.432437 0.881951 0.549964 0.713195 0.549964
0 0.250121 0.404814 0.460061 0.404814 0.460061 0.520331 0.250121 0.520331
0 0.485603 0.434673 0.495359 0.434673 0.495359 0.451744 0.485603 0.451744
0 0.116176 0.766278 0.140753 0.766278 0.140753 0.779071 0.116176 0.779071
0 0.256816 0.725460 0.281404 0.725460 0.281404 0.738116 0.256816 0.738116
0 0.293161 0.613770 0.317967 0.613770 0.317967 0.626718 0.293161 0.626718
0 0.116245 0.707688 0.140983 0.707688 0.140983 0.720740 0.116245 0.720740
0 0.387917 0.938817 0.412535 0.938817 0.412535 0.951402 0.387917 0.951402
0 0.274217 0.927905 0.287137 0.927905 0.287137 0.952284 0.274217 0.952284
0 0.390545 0.709431 0.415180 0.709431 0.415180 0.722192 0.390545 0.722192
0 0.389948 0.827997 0.415206 0.827997 0.415206 0.840946 0.389948 0.840946
0 0.116618 0.646180 0.141263 0.646180 0.141263 0.658676 0.116618 0.658676
0 0.414686 0.895472 0.427429 0.895472 0.427429 0.920050 0.414686 0.920050
0 0.117517 0.828586 0.142174 0.828586 0.142174 0.841196 0.117517 0.841196
0 0.390127 0.802537 0.414886 0.802537 0.414886 0.815070 0.390127 0.815070
0 0.390506 0.649919 0.415101 0.649919 0.415101 0.662704 0.390506 0.662704
0 0.275583 0.752624 0.287854 0.752624 0.287854 0.776772 0.275583 0.776772
0 0.251083 0.820949 0.275824 0.820949 0.275824 0.833211 0.251083 0.833211
0 0.119150 0.937447 0.143988 0.937447 0.143988 0.950367 0.119150 0.950367
0 0.215077 0.604740 0.239727 0.604740 0.239727 0.617499 0.215077 0.617499
0 0.252707 0.699242 0.277347 0.699242 0.277347 0.712104 0.252707 0.712104
0 0.119028 0.982470 0.143889 0.982470 0.143889 0.994975 0.119028 0.994975
0 0.388921 0.873643 0.401302 0.873643 0.401302 0.898035 0.388921 0.898035
0 0.244421 0.878411 0.256759 0.878411 0.256759 0.902739 0.244421 0.902739
0 0.249380 0.794592 0.273965 0.794592 0.273965 0.807015 0.249380 0.807015
0 0.389488 0.981117 0.414502 0.981117 0.414502 0.994400 0.389488 0.994400
0 0.243974 0.927962 0.256560 0.927962 0.256560 0.952093 0.243974 0.952093
0 0.119193 0.886955 0.143943 0.886955 0.143943 0.899468 0.119193 0.899468
0 0.272554 0.849564 0.285180 0.849564 0.285180 0.873649 0.272554 0.873649
0 0.327491 0.583971 0.343295 0.583971 0.343295 0.592322 0.327491 0.592322
0 0.845231 0.353170 0.870168 0.353170 0.870168 0.365616 0.845231 0.365616
0 0.715292 0.338572 0.732173 0.338572 0.732173 0.347553 0.715292 0.347553
0 0.788276 0.621185 0.814150 0.621185 0.814150 0.634391 0.788276 0.634391
0 0.772076 0.656864 0.823246 0.656864 0.823246 0.699051 0.772076 0.699051
0 0.704907 0.618641 0.730600 0.618641 0.730600 0.631770 0.704907 0.631770
0 0.841275 0.620203 0.866389 0.620203 0.866389 0.632774 0.841275 0.632774
0 0.902398 0.537601 0.918484 0.537601 0.918484 0.545828 0.902398 0.545828
0 0.904484 0.569823 0.920136 0.569823 0.920136 0.578020 0.904484 0.578020
0 0.749200 0.606503 0.764936 0.606503 0.764936 0.614780 0.749200 0.614780
1 0.209881 0.603154 0.215093 0.603154 0.215093 0.618947 0.209881 0.618947
1 0.110921 0.706143 0.115952 0.706143 0.115952 0.721970 0.110921 0.721970
1 0.111228 0.644233 0.116232 0.644233 0.116232 0.659948 0.111228 0.659948
1 0.141309 0.643721 0.146110 0.643721 0.146110 0.659517 0.141309 0.659517
1 0.239737 0.602836 0.244842 0.602836 0.244842 0.619016 0.239737 0.619016
1 0.140981 0.706205 0.145941 0.706205 0.145941 0.722089 0.140981 0.722089
1 0.143834 0.935751 0.148862 0.935751 0.148862 0.951769 0.143834 0.951769
1 0.110726 0.764806 0.115787 0.764806 0.115787 0.780613 0.110726 0.780613
1 0.143663 0.981065 0.148797 0.981065 0.148797 0.996871 0.143663 0.996871
1 0.242839 0.903048 0.259176 0.903048 0.259176 0.907226 0.242839 0.907226
1 0.142310 0.826692 0.147430 0.826692 0.147430 0.842623 0.142310 0.842623
1 0.113761 0.936237 0.118825 0.936237 0.118825 0.951629 0.113761 0.951629
1 0.113728 0.981527 0.118685 0.981527 0.118685 0.996752 0.113728 0.996752
1 0.246049 0.818719 0.251088 0.818719 0.251088 0.834426 0.246049 0.834426
1 0.242869 0.873419 0.258612 0.873419 0.258612 0.878215 0.242869 0.878215
1 0.114246 0.885039 0.118980 0.885039 0.118980 0.900837 0.114246 0.900837
1 0.143924 0.884654 0.148731 0.884654 0.148731 0.900960 0.143924 0.900960
1 0.242572 0.923045 0.258891 0.923045 0.258891 0.927757 0.242572 0.927757
1 0.244825 0.792812 0.249423 0.792812 0.249423 0.807822 0.244825 0.807822
1 0.112430 0.827176 0.117523 0.827176 0.117523 0.842803 0.112430 0.842803
1 0.242383 0.952384 0.258722 0.952384 0.258722 0.956947 0.242383 0.956947
1 0.140893 0.764818 0.145951 0.764818 0.145951 0.780568 0.140893 0.780568
1 0.274024 0.363250 0.284621 0.363250 0.284621 0.404148 0.274024 0.404148
1 0.446930 0.363141 0.458831 0.363141 0.458831 0.403863 0.446930 0.403863
1 0.382297 0.363973 0.392528 0.363973 0.392528 0.404211 0.382297 0.404211
1 0.317296 0.363680 0.327590 0.363680 0.327590 0.403936 0.317296 0.403936
1 0.338931 0.363568 0.349383 0.363568 0.349383 0.404193 0.338931 0.404193
1 0.425525 0.363853 0.435756 0.363853 0.435756 0.404503 0.425525 0.404503
1 0.251479 0.364088 0.262847 0.364088 0.262847 0.403077 0.251479 0.403077
1 0.404156 0.363579 0.414219 0.363579 0.414219 0.404656 0.404156 0.404656
1 0.360588 0.364258 0.370974 0.364258 0.370974 0.404278 0.360588 0.404278
1 0.295698 0.363460 0.306082 0.363460 0.306082 0.404103 0.295698 0.404103
1 0.485733 0.431201 0.495436 0.431201 0.495436 0.434475 0.485733 0.434475
1 0.295203 0.523417 0.305788 0.523417 0.305788 0.563456 0.295203 0.563456
1 0.360138 0.523728 0.370633 0.523728 0.370633 0.563061 0.360138 0.563061
1 0.425089 0.523894 0.435492 0.523894 0.435492 0.563208 0.425089 0.563208
1 0.403639 0.524326 0.413818 0.524326 0.413818 0.564171 0.403639 0.564171
1 0.317032 0.523927 0.327240 0.523927 0.327240 0.563519 0.317032 0.563519
1 0.338605 0.523792 0.349003 0.523792 0.349003 0.563154 0.338605 0.563154
1 0.446552 0.523856 0.458918 0.523856 0.458918 0.562275 0.446552 0.562275
1 0.381784 0.524306 0.392374 0.524306 0.392374 0.562466 0.381784 0.562466
1 0.250313 0.523677 0.262770 0.523677 0.262770 0.563473 0.250313 0.563473
1 0.273424 0.523629 0.284154 0.523629 0.284154 0.563365 0.273424 0.563365
1 0.277512 0.697934 0.282867 0.697934 0.282867 0.713756 0.277512 0.713756
1 0.281456 0.723469 0.286438 0.723469 0.286438 0.739357 0.281456 0.739357
1 0.289071 0.611751 0.293032 0.611751 0.293032 0.627840 0.289071 0.627840
1 0.415159 0.648173 0.419508 0.648173 0.419508 0.663893 0.415159 0.663893
1 0.343388 0.583679 0.347678 0.583679 0.347678 0.593018 0.343388 0.593018
1 0.386158 0.707242 0.390334 0.707242 0.390334 0.722919 0.386158 0.722919
1 0.323797 0.583631 0.327483 0.583631 0.327483 0.592534 0.323797 0.592534
1 0.251603 0.723309 0.256869 0.723309 0.256869 0.739381 0.251603 0.739381
1 0.415279 0.707699 0.418962 0.707699 0.418962 0.723138 0.415279 0.723138
1 0.248005 0.697408 0.252905 0.697408 0.252905 0.713612 0.248005 0.713612
1 0.318050 0.611222 0.322347 0.611222 0.322347 0.627697 0.318050 0.627697
1 0.385535 0.648094 0.390437 0.648094 0.390437 0.663486 0.385535 0.663486
1 0.273878 0.747766 0.289470 0.747766 0.289470 0.752418 0.273878 0.752418
1 0.412823 0.920316 0.429379 0.920316 0.429379 0.924812 0.412823 0.924812
1 0.387810 0.869154 0.403588 0.869154 0.403588 0.873192 0.387810 0.873192
1 0.413191 0.890565 0.429163 0.890565 0.429163 0.895335 0.413191 0.895335
1 0.274148 0.792871 0.278703 0.792871 0.278703 0.808038 0.274148 0.808038
1 0.387747 0.898241 0.403402 0.898241 0.403402 0.902719 0.387747 0.902719
1 0.273180 0.923217 0.288953 0.923217 0.288953 0.927616 0.273180 0.927616
1 0.412732 0.937314 0.417030 0.937314 0.417030 0.953437 0.412732 0.953437
1 0.270857 0.845105 0.286936 0.845105 0.286936 0.849289 0.270857 0.849289
1 0.273482 0.777315 0.289808 0.777315 0.289808 0.781714 0.273482 0.781714
1 0.385802 0.826635 0.389941 0.826635 0.389941 0.842255 0.385802 0.842255
1 0.385711 0.800951 0.389678 0.800951 0.389678 0.817083 0.385711 0.817083
1 0.275826 0.819205 0.280410 0.819205 0.280410 0.834426 0.275826 0.834426
1 0.270949 0.874067 0.286973 0.874067 0.286973 0.878788 0.270949 0.878788
1 0.414428 0.980233 0.418815 0.980233 0.418815 0.995693 0.414428 0.995693
1 0.385472 0.979876 0.389547 0.979876 0.389547 0.995613 0.385472 0.995613
1 0.383865 0.937225 0.387803 0.937225 0.387803 0.952956 0.383865 0.952956
1 0.415205 0.826918 0.418772 0.826918 0.418772 0.842666 0.415205 0.842666
1 0.415145 0.801022 0.418873 0.801022 0.418873 0.816938 0.415145 0.816938
1 0.273132 0.952729 0.289132 0.952729 0.289132 0.957278 0.273132 0.957278
1 0.716780 0.389804 0.726454 0.389804 0.726454 0.427901 0.716780 0.427901
1 0.730790 0.390004 0.739909 0.390004 0.739909 0.428032 0.730790 0.428032
1 0.744362 0.389139 0.753661 0.389139 0.753661 0.427957 0.744362 0.427957
1 0.732753 0.337932 0.735714 0.337932 0.735714 0.348003 0.732753 0.348003
1 0.711618 0.337830 0.715134 0.337830 0.715134 0.348406 0.711618 0.348406
1 0.485898 0.451673 0.495203 0.451673 0.495203 0.454983 0.485898 0.454983
1 0.730419 0.550048 0.739798 0.550048 0.739798 0.590918 0.730419 0.590918
1 0.744000 0.549780 0.753360 0.549780 0.753360 0.590093 0.744000 0.590093
1 0.730809 0.617028 0.734749 0.617028 0.734749 0.632868 0.730809 0.632868
1 0.716120 0.549842 0.726089 0.549842 0.726089 0.591371 0.716120 0.591371
1 0.701432 0.617682 0.704770 0.617682 0.704770 0.632045 0.701432 0.632045
1 0.785462 0.389513 0.794212 0.389513 0.794212 0.428022 0.785462 0.428022
1 0.826315 0.390216 0.835067 0.390216 0.835067 0.427754 0.826315 0.427754
1 0.758339 0.389320 0.767150 0.389320 0.767150 0.428219 0.758339 0.428219
1 0.867172 0.390248 0.876820 0.390248 0.876820 0.427907 0.867172 0.427907
1 0.771872 0.389651 0.780604 0.389651 0.780604 0.428195 0.771872 0.428195
1 0.812727 0.389841 0.821399 0.389841 0.821399 0.428101 0.812727 0.428101
1 0.853664 0.389906 0.862317 0.389906 0.862317 0.428063 0.853664 0.428063
1 0.799230 0.389141 0.807993 0.389141 0.807993 0.428327 0.799230 0.428327
1 0.840958 0.351360 0.844855 0.351360 0.844855 0.367076 0.840958 0.367076
1 0.839948 0.389191 0.848686 0.389191 0.848686 0.427594 0.839948 0.427594
1 0.870139 0.350494 0.874548 0.350494 0.874548 0.367430 0.870139 0.367430
1 0.866665 0.550043 0.876844 0.550043 0.876844 0.590456 0.866665 0.590456
1 0.825757 0.550128 0.835095 0.550128 0.835095 0.590859 0.825757 0.590859
1 0.784934 0.549977 0.794202 0.549977 0.794202 0.591136 0.784934 0.591136
1 0.823538 0.650752 0.836585 0.650752 0.836585 0.704126 0.823538 0.704126
1 0.853101 0.550339 0.862341 0.550339 0.862341 0.590838 0.853101 0.590838
1 0.771376 0.550211 0.780626 0.550211 0.780626 0.590928 0.771376 0.590928
1 0.812195 0.550496 0.821465 0.550496 0.821465 0.590788 0.812195 0.590788
1 0.757705 0.549808 0.767216 0.549808 0.767216 0.590949 0.757705 0.590949
1 0.839392 0.550317 0.848635 0.550317 0.848635 0.590847 0.839392 0.590847
1 0.814190 0.620145 0.817557 0.620145 0.817557 0.635542 0.814190 0.635542
1 0.798574 0.550105 0.807836 0.550105 0.807836 0.591411 0.798574 0.591411
1 0.837674 0.618432 0.841196 0.618432 0.841196 0.633936 0.837674 0.633936
1 0.760036 0.650907 0.771000 0.650907 0.771000 0.702720 0.760036 0.702720
1 0.765088 0.606012 0.768761 0.606012 0.768761 0.615218 0.765088 0.615218
1 0.745447 0.605869 0.749312 0.605869 0.749312 0.615078 0.745447 0.615078
1 0.898564 0.537090 0.902153 0.537090 0.902153 0.546021 0.898564 0.546021
1 0.918774 0.536450 0.922336 0.536450 0.922336 0.545967 0.918774 0.545967
1 0.920456 0.568948 0.924352 0.568948 0.924352 0.578464 0.920456 0.578464
1 0.900900 0.569263 0.904359 0.569263 0.904359 0.578035 0.900900 0.578035
1 0.866653 0.619147 0.870093 0.619147 0.870093 0.633753 0.866653 0.633753
1 0.784842 0.619999 0.788189 0.619999 0.788189 0.635187 0.784842 0.635187
1 0.243526 0.971752 0.258994 0.971752 0.258994 0.975464 0.243526 0.975464
1 0.273224 0.970762 0.288939 0.970762 0.288939 0.975217 0.273224 0.975217
0 0.244392 0.976083 0.255853 0.976083 0.255853 0.999744 0.244392 0.999744
0 0.274338 0.975712 0.286465 0.975712 0.286465 0.999470 0.274338 0.999470
1 0.978929 0.592480 0.987220 0.592480 0.987220 0.619456 0.978929 0.619456
1 0.977815 0.397462 0.987344 0.397462 0.987344 0.425799 0.977815 0.425799
1 0.932996 0.572575 0.966211 0.572575 0.966211 0.581622 0.932996 0.581622
1 0.932996 0.572575 0.966211 0.572575 0.966211 0.581622 0.932996 0.581622
1 0.932996 0.572575 0.966211 0.572575 0.966211 0.581622 0.932996 0.581622
1 0.934277 0.559341 0.967492 0.559341 0.967492 0.568388 0.934277 0.568388
1 0.934277 0.559341 0.967492 0.559341 0.967492 0.568388 0.934277 0.568388
1 0.934277 0.545253 0.967492 0.545253 0.967492 0.554300 0.934277 0.554300
1 0.934277 0.518357 0.967492 0.518357 0.967492 0.527404 0.934277 0.527404
1 0.932996 0.531592 0.966211 0.531592 0.966211 0.540638 0.932996 0.540638
1 0.934277 0.504269 0.967492 0.504269 0.967492 0.513316 0.934277 0.513316
1 0.934277 0.463286 0.967492 0.463286 0.967492 0.472332 0.934277 0.472332
1 0.934277 0.477374 0.967492 0.477374 0.967492 0.486420 0.934277 0.486420
1 0.932996 0.490608 0.966211 0.490608 0.966211 0.499655 0.932996 0.499655
1 0.934277 0.435109 0.967492 0.435109 0.967492 0.444156 0.934277 0.444156
1 0.934277 0.449197 0.967492 0.449197 0.967492 0.458244 0.934277 0.458244
