0 0.843161 0.614311 0.981726 0.614311 0.981726 0.755140 0.843161 0.755140
0 0.224444 0.618356 0.398553 0.618356 0.398553 0.793068 0.224444 0.793068
0 0.032660 0.113552 0.058549 0.113552 0.058549 0.126590 0.032660 0.126590
0 0.016448 0.149145 0.067560 0.149145 0.067560 0.191320 0.016448 0.191320
0 0.376327 0.119772 0.400858 0.119772 0.400858 0.132319 0.376327 0.132319
0 0.421648 0.115704 0.473835 0.115704 0.473835 0.141635 0.421648 0.141635
0 0.085689 0.112569 0.110933 0.112569 0.110933 0.125149 0.085689 0.125149
0 0.148879 0.062143 0.164600 0.062143 0.164600 0.070255 0.148879 0.070255
0 0.403398 0.159559 0.475664 0.159559 0.475664 0.214981 0.403398 0.214981
0 0.146807 0.029927 0.162630 0.029927 0.162630 0.038185 0.146807 0.038185
0 0.462109 0.085839 0.477944 0.085839 0.477944 0.094140 0.462109 0.094140
0 0.450629 0.024226 0.466516 0.024226 0.466516 0.032524 0.450629 0.032524
0 0.421897 0.032434 0.429962 0.032434 0.429962 0.048077 0.421897 0.048077
0 0.350102 0.890844 0.367149 0.890844 0.367149 0.900549 0.350102 0.900549
0 0.122218 0.806423 0.143386 0.806423 0.143386 0.840190 0.122218 0.840190
0 0.083987 0.910936 0.109440 0.910936 0.109440 0.924158 0.083987 0.924158
0 0.458681 0.749692 0.484046 0.749692 0.484046 0.762891 0.458681 0.762891
0 0.184571 0.977141 0.211245 0.977141 0.211245 0.990579 0.184571 0.990579
0 0.091809 0.806338 0.112906 0.806338 0.112906 0.840307 0.091809 0.840307
0 0.464573 0.899032 0.480526 0.899032 0.480526 0.907234 0.464573 0.907234
0 0.188231 0.941310 0.222358 0.941310 0.222358 0.962242 0.188231 0.962242
0 0.182537 0.878023 0.209569 0.878023 0.209569 0.891579 0.182537 0.891579
0 0.188778 0.907304 0.222408 0.907304 0.222408 0.928202 0.188778 0.928202
0 0.017221 0.962661 0.030376 0.962661 0.030376 0.988011 0.017221 0.988011
0 0.289265 0.935282 0.305180 0.935282 0.305180 0.943541 0.289265 0.943541
0 0.464807 0.915794 0.480205 0.915794 0.480205 0.923913 0.464807 0.923913
0 0.482902 0.838511 0.491196 0.838511 0.491196 0.853783 0.482902 0.853783
0 0.387538 0.967303 0.404622 0.967303 0.404622 0.977033 0.387538 0.977033
0 0.499406 0.833418 0.507750 0.833418 0.507750 0.849222 0.499406 0.849222
0 0.461715 0.881930 0.477268 0.881930 0.477268 0.890090 0.461715 0.890090
0 0.467954 0.987211 0.483520 0.987211 0.483520 0.995593 0.467954 0.995593
0 0.359161 0.981830 0.376354 0.981830 0.376354 0.991878 0.359161 0.991878
0 0.467872 0.967794 0.483827 0.967794 0.483827 0.976043 0.467872 0.976043
0 0.468482 0.949801 0.483709 0.949801 0.483709 0.957890 0.468482 0.957890
0 0.289241 0.918248 0.305411 0.918248 0.305411 0.926751 0.289241 0.926751
0 0.468050 0.932511 0.483576 0.932511 0.483576 0.940861 0.468050 0.940861
0 0.624376 0.182995 0.649749 0.182995 0.649749 0.196392 0.624376 0.196392
0 0.746318 0.174711 0.767486 0.174711 0.767486 0.208031 0.746318 0.208031
0 0.578353 0.175404 0.603756 0.175404 0.603756 0.188966 0.578353 0.188966
0 0.792105 0.194460 0.825776 0.194460 0.825776 0.215006 0.792105 0.215006
0 0.577313 0.198550 0.604732 0.198550 0.604732 0.212949 0.577313 0.212949
0 0.721953 0.117552 0.773422 0.117552 0.773422 0.142682 0.721953 0.142682
0 0.760633 0.084152 0.776182 0.084152 0.776182 0.092240 0.760633 0.092240
0 0.723138 0.031696 0.731209 0.031696 0.731209 0.047199 0.723138 0.047199
0 0.748921 0.026923 0.764781 0.026923 0.764781 0.035158 0.748921 0.035158
0 0.810707 0.157136 0.844251 0.157136 0.844251 0.178085 0.810707 0.178085
0 0.675110 0.120889 0.699468 0.120889 0.699468 0.133510 0.675110 0.133510
0 0.713870 0.204848 0.730868 0.204848 0.730868 0.214199 0.713870 0.214199
0 0.564381 0.222620 0.580190 0.222620 0.580190 0.230752 0.564381 0.230752
0 0.562746 0.704591 0.587878 0.704591 0.587878 0.717383 0.562746 0.717383
0 0.879884 0.787875 0.893896 0.787875 0.893896 0.815250 0.879884 0.815250
0 0.854089 0.787684 0.868154 0.787684 0.868154 0.815045 0.854089 0.815045
0 0.869096 0.857855 0.886649 0.857855 0.886649 0.867113 0.869096 0.867113
0 0.537992 0.969889 0.550847 0.969889 0.550847 0.994692 0.537992 0.994692
0 0.603763 0.780758 0.611960 0.780758 0.611960 0.796403 0.603763 0.796403
0 0.710460 0.720101 0.726427 0.720101 0.726427 0.728267 0.710460 0.728267
0 0.506016 0.966392 0.514259 0.966392 0.514259 0.981883 0.506016 0.981883
0 0.509242 0.767437 0.525324 0.767437 0.525324 0.775531 0.509242 0.775531
0 0.743815 0.600789 0.756405 0.600789 0.756405 0.625595 0.743815 0.625595
0 0.759272 0.846783 0.769389 0.846783 0.769389 0.863961 0.759272 0.863961
0 0.742835 0.847512 0.751126 0.847512 0.751126 0.863310 0.742835 0.863310
0 0.706561 0.966839 0.714797 0.966839 0.714797 0.982672 0.706561 0.982672
0 0.704574 0.857889 0.720367 0.857889 0.720367 0.866066 0.704574 0.866066
0 0.588945 0.913470 0.597213 0.913470 0.597213 0.929329 0.588945 0.929329
0 0.821029 0.832068 0.830932 0.832068 0.830932 0.849186 0.821029 0.849186
0 0.737476 0.681935 0.753743 0.681935 0.753743 0.691515 0.737476 0.691515
0 0.565165 0.957905 0.573439 0.957905 0.573439 0.973624 0.565165 0.973624
0 0.737258 0.701363 0.753449 0.701363 0.753449 0.710235 0.737258 0.710235
0 0.700489 0.783313 0.708800 0.783313 0.708800 0.799211 0.700489 0.799211
0 0.783550 0.774434 0.793100 0.774434 0.793100 0.790879 0.783550 0.790879
0 0.804147 0.832540 0.812422 0.832540 0.812422 0.848091 0.804147 0.848091
0 0.704909 0.920697 0.713192 0.920697 0.713192 0.936619 0.704909 0.936619
0 0.807515 0.734802 0.815875 0.734802 0.815875 0.750846 0.807515 0.750846
1 0.068045 0.142578 0.080944 0.142578 0.080944 0.196399 0.068045 0.196399
1 0.058542 0.112285 0.062017 0.112285 0.062017 0.127973 0.058542 0.127973
1 0.029090 0.112186 0.032516 0.112186 0.032516 0.127741 0.029090 0.127741
1 0.143020 0.029396 0.146493 0.029396 0.146493 0.038264 0.143020 0.038264
1 0.004181 0.142869 0.015667 0.142869 0.015667 0.195066 0.004181 0.195066
1 0.082083 0.110699 0.085575 0.110699 0.085575 0.126262 0.082083 0.126262
1 0.164836 0.061116 0.168598 0.061116 0.168598 0.070676 0.164836 0.070676
1 0.111004 0.111228 0.114432 0.111228 0.114432 0.126051 0.111004 0.126051
1 0.145198 0.061292 0.148739 0.061292 0.148739 0.070447 0.145198 0.070447
1 0.163217 0.028879 0.166633 0.028879 0.166633 0.038045 0.163217 0.038045
1 0.090515 0.797784 0.114198 0.797784 0.114198 0.806203 0.090515 0.806203
1 0.121066 0.840366 0.144955 0.840366 0.144955 0.849314 0.121066 0.849314
1 0.222517 0.939560 0.230786 0.939560 0.230786 0.963587 0.222517 0.963587
1 0.177738 0.904976 0.188347 0.904976 0.188347 0.931086 0.177738 0.931086
1 0.177735 0.938968 0.187683 0.938968 0.187683 0.965037 0.177735 0.965037
1 0.222909 0.905575 0.230977 0.905575 0.230977 0.929457 0.222909 0.929457
1 0.121013 0.797987 0.145115 0.797987 0.145115 0.806212 0.121013 0.806212
1 0.090366 0.840343 0.114056 0.840343 0.114056 0.848808 0.090366 0.848808
1 0.109908 0.909479 0.113938 0.909479 0.113938 0.925381 0.109908 0.925381
1 0.209565 0.876668 0.213773 0.876668 0.213773 0.892595 0.209565 0.892595
1 0.015344 0.988281 0.032363 0.988281 0.032363 0.992391 0.015344 0.992391
1 0.180061 0.976014 0.184071 0.976014 0.184071 0.991998 0.180061 0.991998
1 0.211273 0.975521 0.215754 0.975521 0.215754 0.991773 0.211273 0.991773
1 0.080078 0.910228 0.084143 0.910228 0.084143 0.925135 0.080078 0.925135
1 0.178630 0.877399 0.182509 0.877399 0.182509 0.892695 0.178630 0.892695
1 0.016336 0.957586 0.032125 0.957586 0.032125 0.961717 0.016336 0.961717
1 0.384749 0.166576 0.402921 0.166576 0.402921 0.209243 0.384749 0.209243
1 0.410851 0.114620 0.421550 0.114620 0.421550 0.143463 0.410851 0.143463
1 0.473881 0.114764 0.485618 0.114764 0.485618 0.143720 0.473881 0.143720
1 0.476119 0.164969 0.495324 0.164969 0.495324 0.209363 0.476119 0.209363
1 0.400822 0.118146 0.405341 0.118146 0.405341 0.133858 0.400822 0.133858
1 0.372095 0.118290 0.376573 0.118290 0.376573 0.134375 0.372095 0.134375
1 0.466944 0.023553 0.470724 0.023553 0.470724 0.032200 0.466944 0.032200
1 0.458855 0.085342 0.462393 0.085342 0.462393 0.094170 0.458855 0.094170
1 0.477939 0.085898 0.482330 0.085898 0.482330 0.094202 0.477939 0.094202
1 0.447550 0.024100 0.450715 0.024100 0.450715 0.032308 0.447550 0.032308
1 0.421883 0.048067 0.430119 0.048067 0.430119 0.050766 0.421883 0.050766
1 0.422159 0.028840 0.430247 0.028840 0.430247 0.032434 0.422159 0.032434
1 0.298838 0.598725 0.323777 0.598725 0.323777 0.617588 0.298838 0.617588
1 0.299253 0.794138 0.324460 0.794138 0.324460 0.810123 0.299253 0.810123
1 0.484085 0.748561 0.488167 0.748561 0.488167 0.764332 0.484085 0.764332
1 0.346968 0.890625 0.349991 0.890625 0.349991 0.900493 0.346968 0.900493
1 0.305639 0.918574 0.309069 0.918574 0.309069 0.926889 0.305639 0.926889
1 0.305607 0.935394 0.309018 0.935394 0.309018 0.943592 0.305607 0.943592
1 0.499732 0.829401 0.507819 0.829401 0.507819 0.833330 0.499732 0.833330
1 0.480747 0.899127 0.484207 0.899127 0.484207 0.906916 0.480747 0.906916
1 0.454607 0.747550 0.458872 0.747550 0.458872 0.763581 0.454607 0.763581
1 0.482941 0.834761 0.491272 0.834761 0.491272 0.838560 0.482941 0.838560
1 0.285618 0.935071 0.289208 0.935071 0.289208 0.943496 0.285618 0.943496
1 0.480378 0.915810 0.483280 0.915810 0.483280 0.923382 0.480378 0.923382
1 0.477395 0.882097 0.480515 0.882097 0.480515 0.889334 0.477395 0.889334
1 0.465387 0.968551 0.467876 0.968551 0.467876 0.975555 0.465387 0.975555
1 0.483443 0.932791 0.486493 0.932791 0.486493 0.940357 0.483443 0.940357
1 0.285895 0.918247 0.289280 0.918247 0.289280 0.926521 0.285895 0.926521
1 0.462225 0.916223 0.464775 0.916223 0.464775 0.923392 0.462225 0.923392
1 0.499370 0.849303 0.507724 0.849303 0.507724 0.852827 0.499370 0.852827
1 0.367207 0.890612 0.370524 0.890612 0.370524 0.900473 0.367207 0.900473
1 0.483079 0.854082 0.491390 0.854082 0.491390 0.857485 0.483079 0.857485
1 0.462180 0.899344 0.464602 0.899344 0.464602 0.906533 0.462180 0.906533
1 0.384290 0.967017 0.387616 0.967017 0.387616 0.976788 0.384290 0.976788
1 0.355431 0.982145 0.359204 0.982145 0.359204 0.991567 0.355431 0.991567
1 0.483786 0.950345 0.486379 0.950345 0.486379 0.957425 0.483786 0.957425
1 0.483614 0.968333 0.486441 0.968333 0.486441 0.975560 0.483614 0.975560
1 0.459384 0.882014 0.461963 0.882014 0.461963 0.889074 0.459384 0.889074
1 0.376757 0.982208 0.380291 0.982208 0.380291 0.991628 0.376757 0.991628
1 0.483793 0.987762 0.487312 0.987762 0.487312 0.995284 0.483793 0.995284
1 0.465198 0.987776 0.468055 0.987776 0.468055 0.995306 0.465198 0.995306
1 0.465478 0.933051 0.468031 0.933051 0.468031 0.940031 0.465478 0.940031
1 0.404825 0.967073 0.408591 0.967073 0.408591 0.976270 0.404825 0.976270
1 0.465801 0.950232 0.468371 0.950232 0.468371 0.957236 0.465801 0.957236
1 0.710928 0.115854 0.721194 0.115854 0.721194 0.144919 0.710928 0.144919
1 0.699522 0.118585 0.703355 0.118585 0.703355 0.134382 0.699522 0.134382
1 0.574227 0.173454 0.578231 0.173454 0.578231 0.190152 0.574227 0.190152
1 0.670448 0.118437 0.675089 0.118437 0.675089 0.135529 0.670448 0.135529
1 0.603912 0.173862 0.608024 0.173862 0.608024 0.190317 0.603912 0.190317
1 0.620276 0.181864 0.624084 0.181864 0.624084 0.197340 0.620276 0.197340
1 0.649956 0.181700 0.654558 0.181700 0.654558 0.197588 0.649956 0.197588
1 0.560918 0.222552 0.564455 0.222552 0.564455 0.230580 0.560918 0.230580
1 0.710067 0.204844 0.713675 0.204844 0.713675 0.214118 0.710067 0.214118
1 0.573783 0.197699 0.577093 0.197699 0.577093 0.213486 0.573783 0.213486
1 0.723199 0.027754 0.731135 0.027754 0.731135 0.031282 0.723199 0.031282
1 0.722904 0.047226 0.731529 0.047226 0.731529 0.050176 0.722904 0.050176
1 0.731088 0.204563 0.735229 0.204563 0.735229 0.214630 0.731088 0.214630
1 0.580432 0.222082 0.583994 0.222082 0.583994 0.231023 0.580432 0.231023
1 0.604722 0.197786 0.608812 0.197786 0.608812 0.213764 0.604722 0.213764
1 0.557758 0.702452 0.562573 0.702452 0.562573 0.718554 0.557758 0.718554
1 0.588049 0.702461 0.592401 0.702461 0.592401 0.718122 0.588049 0.718122
1 0.726362 0.720664 0.728787 0.720664 0.728787 0.727782 0.726362 0.727782
1 0.734369 0.701955 0.737214 0.701955 0.737214 0.709223 0.734369 0.709223
1 0.706617 0.720097 0.710142 0.720097 0.710142 0.728359 0.706617 0.728359
1 0.733807 0.681978 0.737323 0.681978 0.737323 0.690821 0.733807 0.690821
1 0.589126 0.929454 0.597216 0.929454 0.597216 0.932059 0.589126 0.932059
1 0.537132 0.965177 0.552739 0.965177 0.552739 0.969750 0.537132 0.969750
1 0.506698 0.963367 0.513840 0.963367 0.513840 0.966479 0.506698 0.966479
1 0.707167 0.963659 0.714495 0.963659 0.714495 0.966948 0.707167 0.966948
1 0.604008 0.777478 0.611590 0.777478 0.611590 0.780614 0.604008 0.780614
1 0.565136 0.954120 0.573252 0.954120 0.573252 0.957820 0.565136 0.957820
1 0.589076 0.910221 0.597221 0.910221 0.597221 0.913456 0.589076 0.913456
1 0.705329 0.936798 0.712849 0.936798 0.712849 0.939045 0.705329 0.939045
1 0.701485 0.857969 0.704658 0.857969 0.704658 0.865837 0.701485 0.865837
1 0.536670 0.995175 0.552710 0.995175 0.552710 0.999851 0.536670 0.999851
1 0.705003 0.916932 0.713015 0.916932 0.713015 0.920724 0.705003 0.920724
1 0.525336 0.767655 0.528939 0.767655 0.528939 0.775159 0.525336 0.775159
1 0.700774 0.779585 0.708530 0.779585 0.708530 0.783023 0.700774 0.783023
1 0.565459 0.973762 0.573342 0.973762 0.573342 0.976339 0.565459 0.976339
1 0.604010 0.796631 0.611527 0.796631 0.611527 0.799252 0.604010 0.799252
1 0.505638 0.767243 0.509089 0.767243 0.509089 0.775293 0.505638 0.775293
1 0.700666 0.799152 0.708881 0.799152 0.708881 0.801806 0.700666 0.801806
1 0.506451 0.981919 0.513940 0.981919 0.513940 0.984643 0.506451 0.984643
1 0.707251 0.982914 0.714155 0.982914 0.714155 0.985133 0.707251 0.985133
1 0.720492 0.857837 0.724269 0.857837 0.724269 0.866131 0.720492 0.866131
1 0.774005 0.116181 0.785456 0.116181 0.785456 0.145026 0.774005 0.145026
1 0.844821 0.155451 0.853655 0.155451 0.853655 0.179169 0.844821 0.179169
1 0.745659 0.164881 0.769249 0.164881 0.769249 0.174483 0.745659 0.174483
1 0.802716 0.155618 0.810471 0.155618 0.810471 0.179261 0.802716 0.179261
1 0.783904 0.192844 0.791899 0.192844 0.791899 0.217239 0.783904 0.217239
1 0.826123 0.192433 0.834852 0.192433 0.834852 0.216976 0.826123 0.216976
1 0.744381 0.208716 0.770246 0.208716 0.770246 0.217287 0.744381 0.217287
1 0.744768 0.026408 0.748881 0.026408 0.748881 0.035217 0.744768 0.035217
1 0.764994 0.026541 0.768664 0.026541 0.768664 0.034724 0.764994 0.034724
1 0.757372 0.083768 0.760568 0.083768 0.760568 0.092097 0.757372 0.092097
1 0.776214 0.083850 0.780320 0.083850 0.780320 0.092503 0.776214 0.092503
1 0.821288 0.672496 0.840511 0.672496 0.840511 0.697872 0.821288 0.697872
1 0.741767 0.625665 0.758675 0.625665 0.758675 0.630046 0.741767 0.630046
1 0.754166 0.682148 0.758152 0.682148 0.758152 0.691884 0.754166 0.691884
1 0.753975 0.701084 0.757477 0.701084 0.757477 0.710369 0.753975 0.710369
1 0.742689 0.596468 0.758216 0.596468 0.758216 0.600698 0.742689 0.600698
1 0.807837 0.731557 0.815462 0.731557 0.815462 0.734645 0.807837 0.734645
1 0.807497 0.750749 0.815480 0.750749 0.815480 0.753463 0.807497 0.753463
1 0.982732 0.672760 0.999653 0.672760 0.999653 0.698258 0.982732 0.698258
1 0.878642 0.815293 0.894913 0.815293 0.894913 0.819733 0.878642 0.819733
1 0.878971 0.783602 0.894634 0.783602 0.894634 0.787936 0.878971 0.787936
1 0.743120 0.843628 0.751312 0.843628 0.751312 0.847475 0.743120 0.847475
1 0.853264 0.814928 0.869216 0.814928 0.869216 0.819329 0.853264 0.819329
1 0.853477 0.783488 0.869212 0.783488 0.869212 0.787774 0.853477 0.787774
1 0.760086 0.844126 0.768242 0.844126 0.768242 0.846973 0.760086 0.846973
1 0.784258 0.771369 0.792369 0.771369 0.792369 0.774527 0.784258 0.774527
1 0.760021 0.863988 0.768638 0.863988 0.768638 0.866702 0.760021 0.866702
1 0.821385 0.848715 0.830111 0.848715 0.830111 0.851739 0.821385 0.851739
1 0.783781 0.790971 0.792931 0.790971 0.792931 0.794324 0.783781 0.794324
1 0.743262 0.863619 0.750787 0.863619 0.750787 0.865907 0.743262 0.865907
1 0.886673 0.857876 0.889768 0.857876 0.889768 0.867173 0.886673 0.867173
1 0.804216 0.848168 0.812213 0.848168 0.812213 0.850901 0.804216 0.850901
1 0.821963 0.828615 0.829726 0.828615 0.829726 0.832229 0.821963 0.832229
1 0.804584 0.828211 0.811937 0.828211 0.811937 0.831954 0.804584 0.831954
1 0.866094 0.858515 0.869386 0.858515 0.869386 0.866658 0.866094 0.866658
1 0.009531 0.098587 0.013403 0.098587 0.013403 0.107125 0.009531 0.107125
1 0.002283 0.042493 0.010325 0.042493 0.010325 0.081411 0.002283 0.081411
1 0.016580 0.042791 0.024523 0.042791 0.024523 0.082106 0.016580 0.082106
1 0.043783 0.042890 0.051726 0.042890 0.051726 0.082205 0.043783 0.082205
1 0.029983 0.042592 0.037926 0.042592 0.037926 0.081908 0.029983 0.081908
1 0.098190 0.043287 0.106132 0.043287 0.106132 0.082603 0.098190 0.082603
1 0.084787 0.043188 0.092729 0.043188 0.092729 0.082503 0.084787 0.082503
1 0.070887 0.043287 0.078830 0.043287 0.078830 0.082603 0.070887 0.082603
1 0.057186 0.043088 0.065228 0.043088 0.065228 0.082007 0.057186 0.082007
1 0.111692 0.042989 0.121124 0.042989 0.121124 0.082305 0.111692 0.082305
1 0.222590 0.085283 0.230731 0.085283 0.230731 0.111494 0.222590 0.111494
1 0.236688 0.085283 0.244829 0.085283 0.244829 0.111494 0.236688 0.111494
1 0.250091 0.085383 0.258232 0.085383 0.258232 0.111593 0.250091 0.111593
1 0.264189 0.085383 0.272331 0.085383 0.272331 0.111593 0.264189 0.111593
1 0.277493 0.085482 0.285634 0.085482 0.285634 0.111692 0.277493 0.111692
1 0.291591 0.085482 0.299732 0.085482 0.299732 0.111692 0.291591 0.111692
1 0.304994 0.085581 0.313235 0.085581 0.313235 0.112486 0.304994 0.112486
1 0.318695 0.085780 0.326439 0.085780 0.326439 0.112685 0.318695 0.112685
1 0.359500 0.085482 0.367244 0.085482 0.367244 0.112387 0.359500 0.112387
1 0.332297 0.085482 0.340041 0.085482 0.340041 0.112387 0.332297 0.112387
1 0.345799 0.085184 0.353543 0.085184 0.353543 0.112089 0.345799 0.112089
1 0.379654 0.010524 0.406163 0.010524 0.406163 0.018764 0.379654 0.018764
1 0.380151 0.024622 0.406659 0.024622 0.406659 0.032862 0.380151 0.032862
1 0.379555 0.037926 0.406063 0.037926 0.406063 0.046166 0.379555 0.046166
1 0.380051 0.052024 0.406560 0.052024 0.406560 0.060264 0.380051 0.060264
1 0.380151 0.065328 0.406659 0.065328 0.406659 0.073568 0.380151 0.073568
1 0.484496 0.008935 0.510806 0.008935 0.510806 0.017275 0.484496 0.017275
1 0.484298 0.022736 0.510607 0.022736 0.510607 0.031075 0.484298 0.031075
1 0.484695 0.036536 0.511004 0.036536 0.511004 0.044875 0.484695 0.044875
1 0.484496 0.050336 0.510806 0.050336 0.510806 0.058676 0.484496 0.058676
1 0.484595 0.064235 0.510905 0.064235 0.510905 0.072575 0.484595 0.072575
1 0.523018 0.083695 0.530960 0.083695 0.530960 0.110799 0.523018 0.110799
1 0.536718 0.083595 0.544661 0.083595 0.544661 0.110699 0.536718 0.110699
1 0.550122 0.083695 0.558064 0.083695 0.558064 0.110799 0.550122 0.110799
1 0.563822 0.083595 0.571765 0.083595 0.571765 0.110699 0.563822 0.110699
1 0.577226 0.083993 0.585168 0.083993 0.585168 0.111097 0.577226 0.111097
1 0.590926 0.083893 0.598869 0.083893 0.598869 0.110997 0.590926 0.110997
1 0.604329 0.083993 0.612272 0.083993 0.612272 0.111097 0.604329 0.111097
1 0.618030 0.083893 0.625973 0.083893 0.625973 0.110997 0.618030 0.110997
1 0.631831 0.083695 0.639773 0.083695 0.639773 0.110799 0.631831 0.110799
1 0.645234 0.083695 0.653176 0.083695 0.653176 0.110799 0.645234 0.110799
1 0.659034 0.083595 0.666976 0.083595 0.666976 0.111990 0.659034 0.111990
1 0.679585 0.009531 0.706094 0.009531 0.706094 0.017573 0.679585 0.017573
1 0.679585 0.023728 0.706987 0.023728 0.706987 0.031870 0.679585 0.031870
1 0.679784 0.036933 0.706292 0.036933 0.706292 0.044975 0.679784 0.044975
1 0.679784 0.051130 0.707186 0.051130 0.707186 0.059271 0.679784 0.059271
1 0.679685 0.064136 0.707086 0.064136 0.707086 0.072277 0.679685 0.072277
1 0.781917 0.009874 0.809589 0.009874 0.809589 0.018103 0.781917 0.018103
1 0.821316 0.084455 0.829134 0.084455 0.829134 0.111201 0.821316 0.111201
1 0.781917 0.023247 0.809589 0.023247 0.809589 0.031476 0.781917 0.031476
1 0.782019 0.037443 0.809692 0.037443 0.809692 0.045672 0.782019 0.045672
1 0.782019 0.050816 0.809692 0.050816 0.809692 0.059046 0.782019 0.059046
1 0.782122 0.064806 0.809795 0.064806 0.809795 0.073036 0.782122 0.073036
1 0.834689 0.084352 0.842507 0.084352 0.842507 0.111098 0.834689 0.111098
1 0.848165 0.084763 0.855983 0.084763 0.855983 0.111510 0.848165 0.111510
1 0.861538 0.084660 0.869357 0.084660 0.869357 0.111407 0.861538 0.111407
1 0.875940 0.084660 0.883758 0.084660 0.883758 0.111407 0.875940 0.111407
1 0.889313 0.084557 0.897132 0.084557 0.897132 0.111304 0.889313 0.111304
1 0.902789 0.084969 0.910608 0.084969 0.910608 0.111715 0.902789 0.111715
1 0.916163 0.084866 0.923981 0.084866 0.923981 0.111612 0.916163 0.111612
1 0.930153 0.084763 0.937971 0.084763 0.937971 0.111510 0.930153 0.111510
1 0.943629 0.085175 0.951447 0.085175 0.951447 0.111921 0.943629 0.111921
1 0.957002 0.085072 0.964820 0.085072 0.964820 0.111818 0.957002 0.111818
1 0.970657 0.118682 0.975353 0.118682 0.975353 0.135474 0.970657 0.135474
0 0.975495 0.120959 0.999402 0.120959 0.999402 0.132485 0.975495 0.132485
