0 0.489514 0.514789 0.662392 0.514789 0.662392 0.686811 0.489514 0.686811
0 0.423311 0.329333 0.524668 0.329333 0.524668 0.430061 0.423311 0.430061
0 0.034149 0.463045 0.058667 0.463045 0.058667 0.475338 0.034149 0.475338
0 0.034252 0.421249 0.059051 0.421249 0.059051 0.434159 0.034252 0.434159
0 0.034425 0.200162 0.059093 0.200162 0.059093 0.212787 0.034425 0.212787
0 0.159046 0.289298 0.171635 0.289298 0.171635 0.313488 0.159046 0.313488
0 0.304676 0.380103 0.329247 0.380103 0.329247 0.393166 0.304676 0.393166
0 0.304525 0.422057 0.329002 0.422057 0.329002 0.435025 0.304525 0.435025
0 0.304808 0.294412 0.329500 0.294412 0.329500 0.307678 0.304808 0.307678
0 0.034114 0.295780 0.058796 0.295780 0.058796 0.308241 0.034114 0.308241
0 0.034158 0.334669 0.058697 0.334669 0.058697 0.347534 0.034158 0.347534
0 0.304502 0.336424 0.329495 0.336424 0.329495 0.349562 0.304502 0.349562
0 0.031267 0.020948 0.056111 0.020948 0.056111 0.033978 0.031267 0.033978
0 0.187690 0.162788 0.200348 0.162788 0.200348 0.186930 0.187690 0.186930
0 0.189173 0.288767 0.202089 0.288767 0.202089 0.313352 0.189173 0.313352
0 0.034273 0.250722 0.058835 0.250722 0.058835 0.263629 0.034273 0.263629
0 0.034404 0.379492 0.058943 0.379492 0.058943 0.392340 0.034404 0.392340
0 0.166304 0.134191 0.191052 0.134191 0.191052 0.146652 0.166304 0.146652
0 0.303048 0.252125 0.327862 0.252125 0.327862 0.264826 0.303048 0.264826
0 0.158605 0.329522 0.171560 0.329522 0.171560 0.354114 0.158605 0.354114
0 0.305177 0.115797 0.329808 0.115797 0.329808 0.128271 0.305177 0.128271
0 0.158731 0.465591 0.171033 0.465591 0.171033 0.490131 0.158731 0.490131
0 0.159679 0.191698 0.171911 0.191698 0.171911 0.216021 0.159679 0.216021
0 0.304109 0.186861 0.316387 0.186861 0.316387 0.211275 0.304109 0.211275
0 0.189768 0.329809 0.202651 0.329809 0.202651 0.354319 0.189768 0.354319
0 0.305133 0.141326 0.330520 0.141326 0.330520 0.154363 0.305133 0.154363
0 0.159167 0.241191 0.171700 0.241191 0.171700 0.265375 0.159167 0.265375
0 0.305774 0.022706 0.330508 0.022706 0.330508 0.035606 0.305774 0.035606
0 0.032821 0.141798 0.057617 0.141798 0.057617 0.154438 0.032821 0.154438
0 0.164532 0.107731 0.189129 0.107731 0.189129 0.120086 0.164532 0.120086
0 0.031105 0.079551 0.055822 0.079551 0.055822 0.092188 0.031105 0.092188
0 0.190198 0.465505 0.202756 0.465505 0.202756 0.489735 0.190198 0.489735
0 0.302534 0.464630 0.327296 0.464630 0.327296 0.477432 0.302534 0.477432
0 0.171973 0.038720 0.196659 0.038720 0.196659 0.051368 0.171973 0.051368
0 0.189348 0.241080 0.202246 0.241080 0.202246 0.265539 0.189348 0.265539
0 0.167958 0.012401 0.192588 0.012401 0.192588 0.025231 0.167958 0.025231
0 0.190252 0.418221 0.202855 0.418221 0.202855 0.442528 0.190252 0.442528
0 0.158740 0.377056 0.171554 0.377056 0.171554 0.401697 0.158740 0.401697
0 0.158830 0.418314 0.171199 0.418314 0.171199 0.442586 0.158830 0.442586
0 0.190370 0.377113 0.202714 0.377113 0.202714 0.401533 0.190370 0.401533
0 0.190679 0.066020 0.203174 0.066020 0.203174 0.090282 0.190679 0.090282
0 0.329808 0.208839 0.342687 0.208839 0.342687 0.233523 0.329808 0.233523
0 0.215250 0.868399 0.239876 0.868399 0.239876 0.881368 0.215250 0.881368
0 0.034697 0.507213 0.059037 0.507213 0.059037 0.519993 0.034697 0.519993
0 0.159855 0.555011 0.172044 0.555011 0.172044 0.579258 0.159855 0.579258
0 0.034076 0.549586 0.058955 0.549586 0.058955 0.562411 0.034076 0.562411
0 0.033702 0.644073 0.058637 0.644073 0.058637 0.656946 0.033702 0.656946
0 0.159758 0.648696 0.172759 0.648696 0.172759 0.672970 0.159758 0.672970
0 0.159468 0.597378 0.171696 0.597378 0.171696 0.621673 0.159468 0.621673
0 0.207724 0.676976 0.232330 0.676976 0.232330 0.689642 0.207724 0.689642
0 0.360262 0.953743 0.381728 0.953743 0.381728 0.987406 0.360262 0.987406
0 0.214502 0.957123 0.239240 0.957123 0.239240 0.969558 0.214502 0.969558
0 0.159656 0.507430 0.172278 0.507430 0.172278 0.531738 0.159656 0.531738
0 0.302669 0.643876 0.327581 0.643876 0.327581 0.656355 0.302669 0.656355
0 0.034495 0.592066 0.059112 0.592066 0.059112 0.604833 0.034495 0.604833
0 0.190127 0.555270 0.202663 0.555270 0.202663 0.579540 0.190127 0.579540
0 0.024828 0.866468 0.049711 0.866468 0.049711 0.879305 0.024828 0.879305
0 0.303361 0.549795 0.327970 0.549795 0.327970 0.562360 0.303361 0.562360
0 0.302831 0.593215 0.327532 0.593215 0.327532 0.605832 0.302831 0.605832
0 0.302947 0.508387 0.327859 0.508387 0.327859 0.520971 0.302947 0.520971
0 0.190195 0.597633 0.202741 0.597633 0.202741 0.621629 0.190195 0.621629
0 0.190507 0.507477 0.203224 0.507477 0.203224 0.531771 0.190507 0.531771
0 0.602798 0.399487 0.617135 0.399487 0.617135 0.425021 0.602798 0.425021
0 0.602866 0.319235 0.617531 0.319235 0.617531 0.344968 0.602866 0.344968
0 0.560416 0.387184 0.577413 0.387184 0.577413 0.396625 0.560416 0.396625
0 0.608407 0.794278 0.634735 0.794278 0.634735 0.808437 0.608407 0.808437
0 0.755186 0.731931 0.780549 0.731931 0.780549 0.745273 0.755186 0.745273
0 0.858958 0.762391 0.893141 0.762391 0.893141 0.783290 0.858958 0.783290
0 0.853702 0.699153 0.880479 0.699153 0.880479 0.712735 0.853702 0.712735
0 0.645390 0.710534 0.666475 0.710534 0.666475 0.744169 0.645390 0.744169
0 0.688168 0.783540 0.701222 0.783540 0.701222 0.808801 0.688168 0.808801
0 0.601597 0.754663 0.614921 0.754663 0.614921 0.779936 0.601597 0.779936
0 0.762603 0.627733 0.783555 0.627733 0.783555 0.661195 0.762603 0.661195
0 0.793043 0.627563 0.814269 0.627563 0.814269 0.660892 0.793043 0.660892
0 0.712098 0.926363 0.725476 0.926363 0.725476 0.951801 0.712098 0.951801
0 0.859625 0.728473 0.893306 0.728473 0.893306 0.749452 0.859625 0.749452
0 0.960038 0.739133 0.976318 0.739133 0.976318 0.747645 0.960038 0.747645
0 0.960062 0.756073 0.976080 0.756073 0.976080 0.764460 0.960062 0.764460
0 0.855129 0.797976 0.881924 0.797976 0.881924 0.811614 0.855129 0.811614
0 0.575924 0.754640 0.588739 0.754640 0.588739 0.779285 0.575924 0.779285
1 0.158151 0.186736 0.173903 0.186736 0.173903 0.191621 0.158151 0.191621
1 0.192665 0.011270 0.197874 0.011270 0.197874 0.026626 0.192665 0.026626
1 0.157970 0.236366 0.173862 0.236366 0.173862 0.241158 0.157970 0.241158
1 0.163010 0.010861 0.168071 0.010861 0.168071 0.026444 0.163010 0.026444
1 0.186243 0.158355 0.201990 0.158355 0.201990 0.162630 0.186243 0.162630
1 0.026961 0.019408 0.031152 0.019408 0.031152 0.034874 0.026961 0.034874
1 0.186239 0.187279 0.202173 0.187279 0.202173 0.192312 0.186239 0.192312
1 0.157996 0.216294 0.174597 0.216294 0.174597 0.220635 0.157996 0.220635
1 0.189272 0.106067 0.194058 0.106067 0.194058 0.121392 0.189272 0.121392
1 0.029654 0.198142 0.034192 0.198142 0.034192 0.214144 0.029654 0.214144
1 0.167131 0.036499 0.171960 0.036499 0.171960 0.052434 0.167131 0.052434
1 0.059247 0.197711 0.063444 0.197711 0.063444 0.214166 0.059247 0.214166
1 0.189229 0.061307 0.204761 0.061307 0.204761 0.065606 0.189229 0.065606
1 0.196655 0.036947 0.201143 0.036947 0.201143 0.052308 0.196655 0.052308
1 0.188538 0.090492 0.204908 0.090492 0.204908 0.094872 0.188538 0.094872
1 0.188380 0.236331 0.204451 0.236331 0.204451 0.240926 0.188380 0.240926
1 0.057705 0.139934 0.061708 0.139934 0.061708 0.155946 0.057705 0.155946
1 0.159208 0.105920 0.164698 0.105920 0.164698 0.121217 0.159208 0.121217
1 0.056395 0.019439 0.060264 0.019439 0.060264 0.035038 0.056395 0.035038
1 0.191098 0.132509 0.195978 0.132509 0.195978 0.147697 0.191098 0.147697
1 0.027627 0.140308 0.032690 0.140308 0.032690 0.155884 0.027627 0.155884
1 0.161454 0.131792 0.166452 0.131792 0.166452 0.147699 0.161454 0.147699
1 0.026899 0.077693 0.031250 0.077693 0.031250 0.093839 0.026899 0.093839
1 0.056298 0.077987 0.060006 0.077987 0.060006 0.093751 0.056298 0.093751
1 0.157696 0.265591 0.173973 0.265591 0.173973 0.270368 0.157696 0.270368
1 0.157743 0.413547 0.173098 0.413547 0.173098 0.418239 0.157743 0.418239
1 0.157725 0.372609 0.173331 0.372609 0.173331 0.376971 0.157725 0.376971
1 0.157701 0.313605 0.173961 0.313605 0.173961 0.317613 0.157701 0.317613
1 0.157609 0.401707 0.173926 0.401707 0.173926 0.405926 0.157609 0.405926
1 0.157493 0.442765 0.173470 0.442765 0.173470 0.447551 0.157493 0.447551
1 0.188201 0.324965 0.204250 0.324965 0.204250 0.329772 0.188201 0.329772
1 0.058848 0.333614 0.062658 0.333614 0.062658 0.349141 0.058848 0.349141
1 0.188329 0.413491 0.204189 0.413491 0.204189 0.417959 0.188329 0.417959
1 0.187994 0.401586 0.204303 0.401586 0.204303 0.406031 0.187994 0.406031
1 0.188494 0.372698 0.204148 0.372698 0.204148 0.376869 0.188494 0.376869
1 0.187902 0.313515 0.204099 0.313515 0.204099 0.317718 0.187902 0.317718
1 0.059056 0.294254 0.062975 0.294254 0.062975 0.310053 0.059056 0.310053
1 0.029938 0.333420 0.033930 0.333420 0.033930 0.349208 0.029938 0.349208
1 0.157462 0.324873 0.173837 0.324873 0.173837 0.329610 0.157462 0.329610
1 0.157687 0.461026 0.173293 0.461026 0.173293 0.465716 0.157687 0.465716
1 0.188311 0.442624 0.204329 0.442624 0.204329 0.447474 0.188311 0.447474
1 0.029680 0.461229 0.033877 0.461229 0.033877 0.476557 0.029680 0.476557
1 0.059031 0.377682 0.062803 0.377682 0.062803 0.393571 0.059031 0.393571
1 0.059068 0.249469 0.062813 0.249469 0.062813 0.264671 0.059068 0.264671
1 0.059001 0.461091 0.062659 0.461091 0.062659 0.476666 0.059001 0.476666
1 0.188338 0.266008 0.204279 0.266008 0.204279 0.270780 0.188338 0.270780
1 0.029695 0.419429 0.033940 0.419429 0.033940 0.435011 0.029695 0.435011
1 0.059250 0.419436 0.062709 0.419436 0.062709 0.435174 0.059250 0.435174
1 0.029803 0.377496 0.034083 0.377496 0.034083 0.393514 0.029803 0.393514
1 0.029854 0.294428 0.033899 0.294428 0.033899 0.309871 0.029854 0.309871
1 0.157900 0.502167 0.173742 0.502167 0.173742 0.507532 0.157900 0.507532
1 0.157423 0.490325 0.173865 0.490325 0.173865 0.494526 0.157423 0.494526
1 0.157423 0.354332 0.173840 0.354332 0.173840 0.359157 0.157423 0.359157
1 0.188516 0.502067 0.203968 0.502067 0.203968 0.507342 0.188516 0.507342
1 0.187729 0.489880 0.204458 0.489880 0.204458 0.494432 0.187729 0.494432
1 0.188690 0.354517 0.204421 0.354517 0.204421 0.359135 0.188690 0.359135
1 0.188560 0.461076 0.204013 0.461076 0.204013 0.465424 0.188560 0.465424
1 0.157584 0.284474 0.173745 0.284474 0.173745 0.289079 0.157584 0.289079
1 0.188469 0.284552 0.204233 0.284552 0.204233 0.288597 0.188469 0.288597
1 0.030142 0.249277 0.034119 0.249277 0.034119 0.264671 0.030142 0.264671
1 0.157981 0.532144 0.174098 0.532144 0.174098 0.536693 0.157981 0.536693
1 0.158045 0.550689 0.173566 0.550689 0.173566 0.554794 0.158045 0.554794
1 0.157870 0.644154 0.173927 0.644154 0.173927 0.648362 0.157870 0.648362
1 0.158077 0.622123 0.173433 0.622123 0.173433 0.626560 0.158077 0.626560
1 0.058880 0.642288 0.062810 0.642288 0.062810 0.658257 0.058880 0.658257
1 0.157809 0.592992 0.173803 0.592992 0.173803 0.597428 0.157809 0.597428
1 0.232579 0.674757 0.236546 0.674757 0.236546 0.690489 0.232579 0.690489
1 0.059029 0.548102 0.062714 0.548102 0.062714 0.563403 0.059029 0.563403
1 0.157843 0.673359 0.173625 0.673359 0.173625 0.677772 0.157843 0.677772
1 0.059130 0.505734 0.062915 0.505734 0.062915 0.520665 0.059130 0.520665
1 0.187931 0.593007 0.203847 0.593007 0.203847 0.597406 0.187931 0.597406
1 0.188408 0.550657 0.204346 0.550657 0.204346 0.554898 0.188408 0.554898
1 0.203509 0.674818 0.207722 0.674818 0.207722 0.690534 0.203509 0.690534
1 0.058981 0.590393 0.062667 0.590393 0.062667 0.606168 0.058981 0.606168
1 0.188356 0.622243 0.204070 0.622243 0.204070 0.626662 0.188356 0.626662
1 0.030002 0.547917 0.033982 0.547917 0.033982 0.563488 0.030002 0.563488
1 0.030008 0.590292 0.034246 0.590292 0.034246 0.606055 0.030008 0.606055
1 0.029789 0.642245 0.033717 0.642245 0.033717 0.658007 0.029789 0.658007
1 0.188590 0.532328 0.204558 0.532328 0.204558 0.536733 0.188590 0.536733
1 0.030338 0.505578 0.034569 0.505578 0.034569 0.520781 0.030338 0.520781
1 0.187875 0.579769 0.204309 0.579769 0.204309 0.583831 0.187875 0.583831
1 0.157883 0.579616 0.174205 0.579616 0.174205 0.583894 0.157883 0.583894
1 0.240002 0.867273 0.243736 0.867273 0.243736 0.883028 0.240002 0.883028
1 0.239104 0.955407 0.244115 0.955407 0.244115 0.971073 0.239104 0.971073
1 0.049704 0.865198 0.054180 0.865198 0.054180 0.880972 0.049704 0.880972
1 0.019635 0.865021 0.024775 0.865021 0.024775 0.880704 0.019635 0.880704
1 0.210476 0.867098 0.215043 0.867098 0.215043 0.882753 0.210476 0.882753
1 0.210237 0.955256 0.214412 0.955256 0.214412 0.970394 0.210237 0.970394
1 0.330559 0.021293 0.334192 0.021293 0.334192 0.036278 0.330559 0.036278
1 0.328459 0.203827 0.344563 0.203827 0.344563 0.208637 0.328459 0.208637
1 0.328109 0.233581 0.344780 0.233581 0.344780 0.237979 0.328109 0.237979
1 0.302713 0.182439 0.318896 0.182439 0.318896 0.186415 0.302713 0.186415
1 0.330468 0.140164 0.333891 0.140164 0.333891 0.155946 0.330468 0.155946
1 0.302849 0.211606 0.318906 0.211606 0.318906 0.216161 0.302849 0.216161
1 0.330285 0.114280 0.333905 0.114280 0.333905 0.130478 0.330285 0.130478
1 0.301650 0.020707 0.305730 0.020707 0.305730 0.036188 0.301650 0.036188
1 0.301215 0.140161 0.305269 0.140161 0.305269 0.155592 0.301215 0.155592
1 0.301016 0.114289 0.305066 0.114289 0.305066 0.130024 0.301016 0.130024
1 0.297935 0.462277 0.302712 0.462277 0.302712 0.478372 0.297935 0.478372
1 0.391849 0.332081 0.423809 0.332081 0.423809 0.424480 0.391849 0.424480
1 0.329516 0.334237 0.333505 0.334237 0.333505 0.350301 0.329516 0.350301
1 0.329699 0.293448 0.333547 0.293448 0.333547 0.308991 0.329699 0.308991
1 0.327873 0.462934 0.332941 0.462934 0.332941 0.478713 0.327873 0.478713
1 0.327983 0.250886 0.333017 0.250886 0.333017 0.266745 0.327983 0.266745
1 0.300139 0.378182 0.304503 0.378182 0.304503 0.394131 0.300139 0.394131
1 0.329052 0.421023 0.334236 0.421023 0.334236 0.436770 0.329052 0.436770
1 0.300111 0.420544 0.304482 0.420544 0.304482 0.436315 0.300111 0.436315
1 0.329258 0.378579 0.334284 0.378579 0.334284 0.394393 0.329258 0.394393
1 0.299401 0.250589 0.303103 0.250589 0.303103 0.266166 0.299401 0.266166
1 0.300638 0.334328 0.304527 0.334328 0.304527 0.349933 0.300638 0.349933
1 0.300901 0.293320 0.304767 0.293320 0.304767 0.308645 0.300901 0.308645
1 0.327594 0.642063 0.332590 0.642063 0.332590 0.657951 0.327594 0.657951
1 0.327852 0.506836 0.332896 0.506836 0.332896 0.521734 0.327852 0.521734
1 0.327731 0.591237 0.332842 0.591237 0.332842 0.607048 0.327731 0.607048
1 0.298694 0.548172 0.303239 0.548172 0.303239 0.564203 0.298694 0.564203
1 0.328047 0.548897 0.332802 0.548897 0.332802 0.564270 0.328047 0.564270
1 0.298266 0.641661 0.302752 0.641661 0.302752 0.657437 0.298266 0.657437
1 0.298905 0.505715 0.302998 0.505715 0.302998 0.521651 0.298905 0.521651
1 0.298314 0.590849 0.302977 0.590849 0.302977 0.606801 0.298314 0.606801
1 0.359227 0.944155 0.384080 0.944155 0.384080 0.953537 0.359227 0.953537
1 0.358438 0.987629 0.382966 0.987629 0.382966 0.996987 0.358438 0.996987
1 0.525065 0.371996 0.539445 0.371996 0.539445 0.385757 0.525065 0.385757
1 0.525868 0.325647 0.586347 0.325647 0.586347 0.353558 0.525868 0.353558
1 0.525423 0.403345 0.586655 0.403345 0.586655 0.431672 0.525423 0.431672
1 0.602244 0.395256 0.617843 0.395256 0.617843 0.399246 0.602244 0.399246
1 0.602237 0.345587 0.617969 0.345587 0.617969 0.350013 0.602237 0.350013
1 0.557450 0.387406 0.560728 0.387406 0.560728 0.396432 0.557450 0.396432
1 0.602162 0.425282 0.618354 0.425282 0.618354 0.429907 0.602162 0.429907
1 0.602734 0.314914 0.618228 0.314914 0.618228 0.319026 0.602734 0.319026
1 0.577408 0.387331 0.580913 0.387331 0.580913 0.396945 0.577408 0.396945
1 0.643765 0.702619 0.667637 0.702619 0.667637 0.710433 0.643765 0.710433
1 0.562520 0.687905 0.587693 0.687905 0.587693 0.703853 0.562520 0.703853
1 0.562279 0.492712 0.587825 0.492712 0.587825 0.512536 0.562279 0.512536
1 0.603578 0.792826 0.608589 0.792826 0.608589 0.808986 0.603578 0.808986
1 0.643636 0.744572 0.667561 0.744572 0.667561 0.753728 0.643636 0.753728
1 0.600162 0.750040 0.616432 0.750040 0.616432 0.754416 0.600162 0.754416
1 0.634743 0.793224 0.638992 0.793224 0.638992 0.808608 0.634743 0.808608
1 0.710292 0.921721 0.726252 0.921721 0.726252 0.925945 0.710292 0.925945
1 0.600340 0.780050 0.615971 0.780050 0.615971 0.784259 0.600340 0.784259
1 0.573942 0.779259 0.591031 0.779259 0.591031 0.784049 0.573942 0.784049
1 0.574317 0.749905 0.591050 0.749905 0.591050 0.754447 0.574317 0.754447
1 0.711164 0.952134 0.726070 0.952134 0.726070 0.955845 0.711164 0.955845
1 0.686993 0.778962 0.702499 0.778962 0.702499 0.782846 0.686993 0.782846
1 0.685606 0.809035 0.703419 0.809035 0.703419 0.813796 0.685606 0.813796
1 0.761301 0.661478 0.784781 0.661478 0.784781 0.669809 0.761301 0.669809
1 0.791946 0.661419 0.815725 0.661419 0.815725 0.670001 0.791946 0.670001
1 0.848476 0.725474 0.859141 0.725474 0.859141 0.752316 0.848476 0.752316
1 0.761427 0.618653 0.785059 0.618653 0.785059 0.627220 0.761427 0.627220
1 0.792086 0.618921 0.815796 0.618921 0.815796 0.627272 0.792086 0.627272
1 0.893649 0.726441 0.901995 0.726441 0.901995 0.750478 0.893649 0.750478
1 0.849411 0.698294 0.853408 0.698294 0.853408 0.714103 0.849411 0.714103
1 0.880625 0.697561 0.884812 0.697561 0.884812 0.713609 0.880625 0.713609
1 0.750926 0.730686 0.754805 0.730686 0.754805 0.746773 0.750926 0.746773
1 0.780845 0.730752 0.785368 0.730752 0.785368 0.746578 0.780845 0.746578
1 0.893354 0.760509 0.901729 0.760509 0.901729 0.784472 0.893354 0.784472
1 0.848500 0.760083 0.858683 0.760083 0.858683 0.785869 0.848500 0.785869
1 0.882106 0.796570 0.886362 0.796570 0.886362 0.812935 0.882106 0.812935
1 0.976150 0.756233 0.980081 0.756233 0.980081 0.764637 0.976150 0.764637
1 0.850753 0.796893 0.855097 0.796893 0.855097 0.812694 0.850753 0.812694
1 0.956286 0.755959 0.959902 0.755959 0.959902 0.764422 0.956286 0.764422
1 0.976315 0.739498 0.979942 0.739498 0.979942 0.747714 0.976315 0.747714
1 0.957055 0.739363 0.959988 0.739363 0.959988 0.747440 0.957055 0.747440
1 0.737954 0.738062 0.742254 0.738062 0.742254 0.742044 0.737954 0.742044
1 0.969759 0.419642 0.994373 0.419642 0.994373 0.438252 0.969759 0.438252
1 0.970159 0.614554 0.994973 0.614554 0.994973 0.630963 0.970159 0.630963
