0 0.094767 0.599017 0.259918 0.599015 0.259916 0.432488 0.094765 0.432490
0 0.693670 0.596992 0.857472 0.596964 0.857445 0.431630 0.693643 0.431657
0 0.394343 0.596818 0.559239 0.596770 0.559191 0.431039 0.394295 0.431087
0 0.300073 0.416758 0.327120 0.416765 0.327134 0.365323 0.300087 0.365316
0 0.460747 0.711766 0.460778 0.726208 0.486677 0.726153 0.486646 0.711711
0 0.258890 0.634625 0.258913 0.647048 0.283311 0.647001 0.283288 0.634578
0 0.460504 0.687275 0.460536 0.702366 0.486727 0.702310 0.486695 0.687220
0 0.356683 0.655727 0.356685 0.628898 0.304028 0.628894 0.304026 0.655723
0 0.286020 0.674562 0.286268 0.730350 0.358279 0.730030 0.358031 0.674241
0 0.031578 0.575739 0.031590 0.583972 0.047178 0.583949 0.047167 0.575716
0 0.332772 0.537773 0.332793 0.546079 0.348853 0.546038 0.348831 0.537732
0 0.303824 0.561896 0.312146 0.561866 0.312090 0.546235 0.303768 0.546265
0 0.028568 0.543958 0.028584 0.552129 0.044424 0.552098 0.044408 0.543927
0 0.344464 0.599007 0.344486 0.607218 0.360497 0.607174 0.360474 0.598963
0 0.446889 0.735611 0.446916 0.743663 0.462570 0.743611 0.462543 0.735559
0 0.599741 0.404066 0.626705 0.404071 0.626715 0.352468 0.599751 0.352462
0 0.899905 0.434183 0.926936 0.434182 0.926935 0.382360 0.899903 0.382361
0 0.858283 0.633799 0.858310 0.646005 0.882564 0.645952 0.882538 0.633747
0 0.506865 0.696502 0.506879 0.709931 0.532322 0.709904 0.532308 0.696475
0 0.694059 0.670862 0.694067 0.691753 0.727489 0.691741 0.727482 0.670851
0 0.556636 0.634396 0.556660 0.646767 0.581169 0.646720 0.581145 0.634348
0 0.675313 0.708106 0.675349 0.729444 0.708955 0.729387 0.708918 0.708049
0 0.603729 0.630615 0.603734 0.657165 0.656167 0.657155 0.656162 0.630605
0 0.596408 0.717731 0.596424 0.726993 0.613356 0.726964 0.613340 0.717702
0 0.628345 0.721689 0.649973 0.721665 0.649935 0.687677 0.628307 0.687701
0 0.899285 0.644739 0.926050 0.644735 0.926043 0.592472 0.899278 0.592475
0 0.642518 0.596663 0.642527 0.604756 0.657864 0.604738 0.657855 0.596645
0 0.906508 0.560513 0.914792 0.560496 0.914759 0.544554 0.906474 0.544572
0 0.630890 0.539753 0.630904 0.547800 0.646652 0.547773 0.646638 0.539726
0 0.605368 0.560507 0.613748 0.560488 0.613712 0.544947 0.605332 0.544967
1 0.065575 0.470192 0.065582 0.478918 0.095307 0.478896 0.095301 0.470170
1 0.186938 0.433288 0.195324 0.433273 0.195268 0.402352 0.186883 0.402367
1 0.173200 0.433130 0.181641 0.433119 0.181601 0.404119 0.173161 0.404130
1 0.241098 0.433383 0.249574 0.433378 0.249559 0.404331 0.241083 0.404336
1 0.064182 0.443152 0.064196 0.451683 0.095145 0.451631 0.095131 0.443100
1 0.214078 0.433232 0.222492 0.433221 0.222453 0.404172 0.214040 0.404183
1 0.132393 0.432987 0.140628 0.432977 0.140591 0.404412 0.132356 0.404422
1 0.064043 0.484083 0.064056 0.492531 0.095255 0.492483 0.095242 0.484035
1 0.104014 0.432997 0.113479 0.432975 0.113411 0.404134 0.103947 0.404156
1 0.146135 0.433027 0.154451 0.433014 0.154405 0.403445 0.146089 0.403458
1 0.064352 0.456877 0.064364 0.465452 0.095092 0.465408 0.095080 0.456833
1 0.227817 0.433354 0.236057 0.433338 0.236000 0.404456 0.227760 0.404472
1 0.064401 0.497658 0.064417 0.506251 0.095453 0.506196 0.095438 0.497604
1 0.200307 0.433278 0.208881 0.433276 0.208873 0.402206 0.200299 0.402208
1 0.118775 0.432956 0.127246 0.432958 0.127253 0.404646 0.118783 0.404644
1 0.159688 0.432808 0.168067 0.432808 0.168068 0.403977 0.159688 0.403977
1 0.260286 0.452247 0.262161 0.452242 0.262141 0.443269 0.260267 0.443273
1 0.104182 0.626244 0.113320 0.626231 0.113280 0.598347 0.104142 0.598360
1 0.227657 0.626347 0.235820 0.626337 0.235787 0.598764 0.227624 0.598774
1 0.064029 0.551964 0.064037 0.560608 0.094874 0.560577 0.094865 0.551934
1 0.186879 0.627012 0.195114 0.627002 0.195080 0.598870 0.186845 0.598880
1 0.146075 0.626928 0.154196 0.626918 0.154162 0.598806 0.146041 0.598816
1 0.065362 0.565680 0.065374 0.574359 0.094678 0.574317 0.094665 0.565639
1 0.063961 0.511131 0.063969 0.519786 0.095122 0.519758 0.095114 0.511102
1 0.064283 0.524864 0.064295 0.533338 0.094980 0.533296 0.094969 0.524822
1 0.214041 0.626152 0.222190 0.626140 0.222149 0.598782 0.214000 0.598794
1 0.064495 0.579204 0.064509 0.588717 0.094878 0.588671 0.094863 0.579159
1 0.132309 0.626163 0.140457 0.626150 0.140416 0.598772 0.132268 0.598784
1 0.173148 0.626282 0.181373 0.626269 0.181330 0.598822 0.173106 0.598835
1 0.064143 0.538484 0.064155 0.547160 0.094918 0.547118 0.094906 0.538441
1 0.241123 0.626930 0.249391 0.626924 0.249369 0.598435 0.241100 0.598442
1 0.200275 0.626897 0.208645 0.626891 0.208625 0.598723 0.200255 0.598729
1 0.159605 0.626486 0.167818 0.626485 0.167815 0.599076 0.159602 0.599077
1 0.118750 0.625848 0.126955 0.625848 0.126957 0.598855 0.118752 0.598854
1 0.027292 0.584274 0.031507 0.584289 0.031538 0.575089 0.027323 0.575075
1 0.024388 0.552511 0.028568 0.552530 0.028612 0.543285 0.024432 0.543266
1 0.044699 0.552308 0.048625 0.552326 0.048666 0.543088 0.044740 0.543070
1 0.254317 0.648461 0.258819 0.648460 0.258814 0.631864 0.254312 0.631865
1 0.047225 0.584261 0.051227 0.584248 0.051197 0.575089 0.047195 0.575101
1 0.431924 0.431037 0.440363 0.431028 0.440332 0.402653 0.431893 0.402662
1 0.472815 0.431021 0.481202 0.431012 0.481174 0.402514 0.472787 0.402522
1 0.366316 0.468560 0.366325 0.476789 0.394676 0.476755 0.394666 0.468526
1 0.261275 0.443325 0.261288 0.451761 0.289169 0.451716 0.289155 0.443280
1 0.364999 0.441384 0.365010 0.449627 0.394881 0.449589 0.394871 0.441346
1 0.364966 0.482301 0.364975 0.490584 0.394266 0.490554 0.394258 0.482271
1 0.459199 0.430934 0.467543 0.430919 0.467492 0.401874 0.459148 0.401888
1 0.261089 0.470252 0.261097 0.478758 0.289553 0.478730 0.289544 0.470225
1 0.261012 0.484099 0.261022 0.492319 0.289295 0.492284 0.289284 0.484064
1 0.418260 0.430963 0.426693 0.430949 0.426645 0.402566 0.418212 0.402580
1 0.445494 0.430858 0.453973 0.430843 0.453923 0.402011 0.445443 0.402026
1 0.299252 0.417918 0.299275 0.428079 0.326672 0.428019 0.326649 0.417857
1 0.261213 0.456877 0.261224 0.465387 0.289709 0.465351 0.289698 0.456841
1 0.298968 0.353539 0.298992 0.364711 0.327802 0.364647 0.327777 0.353475
1 0.404028 0.431109 0.413070 0.431083 0.412984 0.400367 0.403942 0.400392
1 0.486419 0.430955 0.494814 0.430941 0.494766 0.400996 0.486370 0.401010
1 0.394487 0.463080 0.394492 0.454933 0.365149 0.454916 0.365145 0.463062
1 0.472637 0.624664 0.481222 0.624654 0.481192 0.596942 0.472607 0.596952
1 0.431713 0.624468 0.440324 0.624458 0.440291 0.596800 0.431681 0.596810
1 0.403984 0.624353 0.412984 0.624338 0.412936 0.596232 0.403936 0.596247
1 0.418170 0.624271 0.426662 0.624262 0.426632 0.596850 0.418139 0.596859
1 0.459027 0.625125 0.467447 0.625115 0.467413 0.596972 0.458993 0.596982
1 0.445270 0.624974 0.453989 0.624964 0.453955 0.596757 0.445236 0.596768
1 0.293235 0.657465 0.303062 0.657452 0.303022 0.628237 0.293195 0.628250
1 0.357357 0.657272 0.367665 0.657256 0.367620 0.628450 0.357312 0.628466
1 0.357732 0.722705 0.377581 0.722675 0.377512 0.678503 0.357663 0.678534
1 0.365044 0.550027 0.365055 0.558724 0.394274 0.558687 0.394262 0.549990
1 0.267134 0.722979 0.286260 0.722938 0.286171 0.680608 0.267044 0.680649
1 0.365872 0.563894 0.365883 0.572454 0.394161 0.572418 0.394150 0.563858
1 0.364986 0.523047 0.364995 0.531536 0.394249 0.531503 0.394240 0.523015
1 0.486290 0.625157 0.494697 0.625147 0.494663 0.597051 0.486256 0.597062
1 0.261170 0.565538 0.261181 0.574252 0.289585 0.574216 0.289574 0.565501
1 0.365272 0.509157 0.365283 0.517898 0.394404 0.517860 0.394393 0.509118
1 0.261223 0.579101 0.261234 0.587801 0.289198 0.587767 0.289187 0.579066
1 0.261118 0.551859 0.261128 0.560552 0.289362 0.560519 0.289351 0.551825
1 0.261169 0.538369 0.261179 0.547022 0.289655 0.546989 0.289645 0.538336
1 0.260890 0.511043 0.260900 0.519758 0.289697 0.519727 0.289688 0.511012
1 0.260897 0.524765 0.260908 0.533261 0.289210 0.533226 0.289200 0.524730
1 0.261146 0.497478 0.261158 0.506143 0.289876 0.506102 0.289863 0.497437
1 0.365206 0.577027 0.365209 0.586673 0.394601 0.586663 0.394598 0.577017
1 0.486905 0.727105 0.490402 0.727099 0.490373 0.711131 0.486877 0.711137
1 0.283130 0.647685 0.287504 0.647684 0.287499 0.631966 0.283125 0.631968
1 0.442723 0.743761 0.446788 0.743778 0.446824 0.735274 0.442759 0.735257
1 0.394136 0.545169 0.394141 0.536413 0.365146 0.536398 0.365141 0.545154
1 0.394244 0.504341 0.394248 0.495485 0.365489 0.495472 0.365485 0.504328
1 0.462720 0.743805 0.466893 0.743825 0.466935 0.734844 0.462761 0.734825
1 0.487073 0.703288 0.490572 0.703287 0.490567 0.687365 0.487068 0.687367
1 0.340932 0.607541 0.344560 0.607557 0.344599 0.598705 0.340970 0.598689
1 0.329140 0.546212 0.332660 0.546237 0.332724 0.537287 0.329204 0.537262
1 0.312295 0.565471 0.312304 0.561893 0.303537 0.561869 0.303528 0.565447
1 0.348994 0.546115 0.352665 0.546132 0.352707 0.537132 0.349037 0.537115
1 0.303362 0.542103 0.303367 0.546017 0.312650 0.546004 0.312645 0.542091
1 0.360325 0.607451 0.364021 0.607459 0.364039 0.598812 0.360343 0.598804
1 0.456652 0.703428 0.460554 0.703427 0.460547 0.686874 0.456645 0.686875
1 0.456802 0.727181 0.460741 0.727180 0.460736 0.710782 0.456797 0.710783
1 0.701974 0.431330 0.710949 0.431318 0.710911 0.402624 0.701936 0.402636
1 0.513730 0.431286 0.522120 0.431277 0.522092 0.402594 0.513702 0.402602
1 0.664137 0.468500 0.664146 0.476774 0.692813 0.476744 0.692804 0.468470
1 0.540888 0.431171 0.549048 0.431156 0.548995 0.402694 0.540836 0.402709
1 0.527286 0.431261 0.535688 0.431246 0.535638 0.402656 0.527235 0.402671
1 0.560660 0.482398 0.560669 0.490501 0.588837 0.490468 0.588827 0.482365
1 0.500030 0.431163 0.508375 0.431150 0.508325 0.400762 0.499981 0.400775
1 0.560883 0.441567 0.560894 0.449499 0.588469 0.449460 0.588458 0.441528
1 0.662661 0.441289 0.662671 0.449530 0.692727 0.449491 0.692716 0.441250
1 0.716357 0.430936 0.724639 0.430926 0.724606 0.402729 0.716325 0.402738
1 0.662811 0.482246 0.662822 0.490562 0.692676 0.490523 0.692665 0.482207
1 0.598692 0.340821 0.598711 0.351696 0.627539 0.351644 0.627519 0.340769
1 0.729951 0.431027 0.738167 0.431013 0.738118 0.402715 0.729902 0.402729
1 0.560873 0.468633 0.560887 0.476783 0.589393 0.476735 0.589379 0.468585
1 0.598671 0.404857 0.598679 0.415139 0.627111 0.415116 0.627102 0.404835
1 0.589317 0.463398 0.589320 0.455179 0.561034 0.455168 0.561031 0.463387
1 0.692156 0.463275 0.692160 0.455033 0.663074 0.455018 0.663070 0.463260
1 0.527175 0.624242 0.535566 0.624232 0.535533 0.596555 0.527142 0.596565
1 0.540970 0.625272 0.549097 0.625263 0.549066 0.596681 0.540939 0.596690
1 0.701648 0.624356 0.711160 0.624344 0.711127 0.596483 0.701615 0.596494
1 0.729984 0.624433 0.738333 0.624423 0.738298 0.596566 0.729950 0.596576
1 0.513551 0.624253 0.522081 0.624243 0.522051 0.596669 0.513521 0.596678
1 0.560725 0.564028 0.560736 0.572534 0.589363 0.572494 0.589351 0.563988
1 0.663140 0.550137 0.663150 0.558778 0.692853 0.558742 0.692843 0.550101
1 0.656689 0.657868 0.667076 0.657850 0.667028 0.629506 0.656640 0.629524
1 0.561061 0.523060 0.561071 0.531488 0.589064 0.531454 0.589054 0.523026
1 0.500026 0.625100 0.508344 0.625088 0.508303 0.596988 0.499985 0.597000
1 0.663235 0.509368 0.663246 0.517877 0.692849 0.517841 0.692838 0.509331
1 0.716242 0.624181 0.724696 0.624174 0.724671 0.596590 0.716217 0.596598
1 0.560947 0.550208 0.560963 0.558662 0.588698 0.558610 0.588682 0.550156
1 0.685075 0.692347 0.693617 0.692337 0.693591 0.668480 0.685049 0.668489
1 0.663869 0.563831 0.663881 0.572463 0.692746 0.572422 0.692733 0.563790
1 0.663230 0.523068 0.663241 0.531530 0.692727 0.531490 0.692716 0.523028
1 0.627818 0.678611 0.627842 0.687623 0.651494 0.687561 0.651470 0.678549
1 0.560847 0.509456 0.560862 0.517829 0.589534 0.517778 0.589519 0.509405
1 0.560471 0.577109 0.560472 0.585938 0.589018 0.585934 0.589017 0.577105
1 0.627033 0.721691 0.627053 0.729969 0.652208 0.729908 0.652188 0.721630
1 0.666164 0.730136 0.674576 0.730118 0.674527 0.706106 0.666115 0.706123
1 0.728140 0.692168 0.735958 0.692151 0.735906 0.668417 0.728087 0.668434
1 0.663514 0.577100 0.663518 0.586432 0.692834 0.586417 0.692830 0.577086
1 0.593018 0.658158 0.602837 0.658141 0.602788 0.629163 0.592970 0.629179
1 0.532477 0.710619 0.536684 0.710617 0.536676 0.694811 0.532469 0.694813
1 0.502471 0.710958 0.506400 0.710951 0.506371 0.694744 0.502443 0.694751
1 0.709259 0.729733 0.717065 0.729733 0.717064 0.705804 0.709258 0.705804
1 0.589349 0.545281 0.589353 0.536698 0.561027 0.536684 0.561023 0.545267
1 0.552601 0.647746 0.556551 0.647742 0.556538 0.631905 0.552587 0.631909
1 0.638886 0.605039 0.642447 0.605055 0.642484 0.596566 0.638923 0.596550
1 0.589463 0.504300 0.589468 0.495758 0.560936 0.495741 0.560931 0.504282
1 0.647223 0.547706 0.650930 0.547720 0.650965 0.538837 0.647258 0.538822
1 0.692637 0.504247 0.692637 0.495517 0.663423 0.495515 0.663422 0.504245
1 0.627377 0.547943 0.630722 0.547957 0.630756 0.539231 0.627411 0.539218
1 0.692632 0.545319 0.692633 0.536471 0.663251 0.536467 0.663250 0.545316
1 0.592689 0.727117 0.596393 0.727113 0.596382 0.717588 0.592677 0.717592
1 0.605192 0.560618 0.605196 0.563990 0.613875 0.563980 0.613871 0.560609
1 0.657990 0.605187 0.662071 0.605184 0.662066 0.596405 0.657984 0.596407
1 0.613594 0.727149 0.617347 0.727150 0.617349 0.717240 0.613596 0.717239
1 0.614108 0.544685 0.614119 0.540655 0.604823 0.540631 0.604813 0.544662
1 0.581160 0.647236 0.584607 0.647233 0.584596 0.632206 0.581149 0.632209
1 0.784482 0.431331 0.792777 0.431321 0.792743 0.401030 0.784449 0.401040
1 0.825364 0.431283 0.833639 0.431274 0.833608 0.402813 0.825332 0.402822
1 0.743549 0.431340 0.751916 0.431328 0.751876 0.401703 0.743509 0.401714
1 0.898255 0.435030 0.898272 0.445368 0.927086 0.445320 0.927069 0.434981
1 0.838946 0.431349 0.847130 0.431335 0.847082 0.402646 0.838899 0.402659
1 0.811668 0.431242 0.819893 0.431227 0.819842 0.402714 0.811618 0.402728
1 0.858975 0.468617 0.858984 0.476927 0.887537 0.476898 0.887529 0.468588
1 0.859058 0.441596 0.859068 0.449717 0.886693 0.449680 0.886682 0.441560
1 0.858616 0.482296 0.858625 0.490645 0.887332 0.490617 0.887324 0.482267
1 0.770863 0.431069 0.779041 0.431056 0.778994 0.402695 0.770816 0.402709
1 0.757094 0.431251 0.765542 0.431238 0.765498 0.401789 0.757050 0.401802
1 0.798051 0.431284 0.806307 0.431274 0.806268 0.400882 0.798012 0.400893
1 0.898579 0.370518 0.898601 0.381673 0.927026 0.381617 0.927004 0.370461
1 0.887339 0.463541 0.887341 0.454952 0.859379 0.454947 0.859377 0.463536
1 0.784603 0.625429 0.792991 0.625420 0.792959 0.596929 0.784571 0.596938
1 0.811750 0.624587 0.820239 0.624576 0.820204 0.596786 0.811715 0.596797
1 0.825279 0.624396 0.833857 0.624386 0.833825 0.596828 0.825248 0.596837
1 0.743625 0.625223 0.752090 0.625212 0.752054 0.596898 0.743589 0.596908
1 0.770740 0.624558 0.779312 0.624547 0.779278 0.596795 0.770706 0.596805
1 0.858960 0.550261 0.858970 0.558855 0.887035 0.558823 0.887026 0.550230
1 0.898282 0.581974 0.898301 0.592056 0.927023 0.592002 0.927004 0.581920
1 0.838806 0.624548 0.847229 0.624539 0.847198 0.596979 0.838775 0.596988
1 0.899253 0.645404 0.899268 0.655928 0.926916 0.655888 0.926900 0.645364
1 0.859013 0.563982 0.859024 0.572543 0.887296 0.572509 0.887286 0.563948
1 0.859052 0.509494 0.859061 0.518041 0.887499 0.518011 0.887490 0.509464
1 0.797933 0.625320 0.806445 0.625308 0.806403 0.596804 0.797891 0.596816
1 0.858792 0.523148 0.858801 0.531703 0.886505 0.531673 0.886496 0.523118
1 0.757062 0.625042 0.765689 0.625030 0.765648 0.596807 0.757020 0.596820
1 0.859041 0.576957 0.859053 0.586034 0.887129 0.585995 0.887117 0.576917
1 0.853954 0.647288 0.858056 0.647279 0.858020 0.631315 0.853918 0.631324
1 0.887305 0.545284 0.887307 0.536567 0.858989 0.536561 0.858987 0.545278
1 0.887485 0.504535 0.887487 0.495629 0.859018 0.495621 0.859016 0.504526
1 0.915068 0.563939 0.915069 0.560683 0.906948 0.560680 0.906946 0.563936
1 0.882447 0.646923 0.886474 0.646924 0.886478 0.631924 0.882451 0.631923
1 0.914799 0.544504 0.914815 0.540783 0.906631 0.540747 0.906615 0.544469
