0 0.047659 0.648813 0.062079 0.648813 0.062079 0.675357 0.047659 0.675357
0 0.712190 0.135858 0.780134 0.135858 0.780134 0.188173 0.712190 0.188173
0 0.196390 0.375650 0.208689 0.375650 0.208689 0.400690 0.196390 0.400690
0 0.056118 0.545303 0.070251 0.545303 0.070251 0.570139 0.056118 0.570139
0 0.071267 0.895164 0.085013 0.895164 0.085013 0.922679 0.071267 0.922679
0 0.102904 0.456120 0.114957 0.456120 0.114957 0.482296 0.102904 0.482296
0 0.076091 0.456258 0.089136 0.456258 0.089136 0.481878 0.076091 0.481878
0 0.020985 0.430567 0.034182 0.430567 0.034182 0.456286 0.020985 0.456286
0 0.125386 0.456322 0.138938 0.456322 0.138938 0.482306 0.125386 0.482306
0 0.732881 0.265951 0.754398 0.265951 0.754398 0.300472 0.732881 0.300472
0 0.217194 0.375898 0.232979 0.375898 0.232979 0.401255 0.217194 0.401255
0 0.801176 0.268372 0.813615 0.268372 0.813615 0.293827 0.801176 0.293827
0 0.115668 0.730898 0.128126 0.730898 0.128126 0.756973 0.115668 0.756973
0 0.240319 0.376608 0.253813 0.376608 0.253813 0.401299 0.240319 0.401299
0 0.100636 0.413076 0.115069 0.413076 0.115069 0.439297 0.100636 0.439297
0 0.047134 0.456021 0.059417 0.456021 0.059417 0.482293 0.047134 0.482293
0 0.102220 0.358432 0.116725 0.358432 0.116725 0.384462 0.102220 0.384462
0 0.152473 0.446210 0.166556 0.446210 0.166556 0.472453 0.152473 0.472453
0 0.125873 0.362522 0.140033 0.362522 0.140033 0.387883 0.125873 0.387883
0 0.038122 0.925441 0.060884 0.925441 0.060884 0.959749 0.038122 0.959749
0 0.031665 0.558983 0.045837 0.558983 0.045837 0.584760 0.031665 0.584760
0 0.649795 0.695772 0.657781 0.695772 0.657781 0.711529 0.649795 0.711529
0 0.698448 0.526782 0.707824 0.526782 0.707824 0.543803 0.698448 0.543803
0 0.076718 0.496953 0.090925 0.496953 0.090925 0.523263 0.076718 0.523263
0 0.059233 0.866806 0.084421 0.866806 0.084421 0.882007 0.059233 0.882007
0 0.142432 0.277405 0.167835 0.277405 0.167835 0.291504 0.142432 0.291504
0 0.059135 0.609994 0.084482 0.609994 0.084482 0.622822 0.059135 0.622822
0 0.320615 0.907495 0.335416 0.907495 0.335416 0.915012 0.320615 0.915012
0 0.363743 0.340156 0.398166 0.340156 0.398166 0.357840 0.363743 0.357840
0 0.229904 0.894907 0.245506 0.894907 0.245506 0.902618 0.229904 0.902618
0 0.239243 0.327894 0.253236 0.327894 0.253236 0.354379 0.239243 0.354379
0 0.201726 0.451330 0.215399 0.451330 0.215399 0.477956 0.201726 0.477956
0 0.123897 0.965704 0.149442 0.965704 0.149442 0.979222 0.123897 0.979222
0 0.168102 0.963763 0.193884 0.963763 0.193884 0.977657 0.168102 0.977657
0 0.288184 0.443321 0.304888 0.443321 0.304888 0.452527 0.288184 0.452527
0 0.061482 0.429940 0.086504 0.429940 0.086504 0.443606 0.061482 0.443606
0 0.296141 0.338592 0.328907 0.338592 0.328907 0.356579 0.296141 0.356579
0 0.400503 0.937162 0.408704 0.937162 0.408704 0.953548 0.400503 0.953548
0 0.161335 0.562314 0.175516 0.562314 0.175516 0.587091 0.161335 0.587091
0 0.751754 0.557603 0.766445 0.557603 0.766445 0.583160 0.751754 0.583160
0 0.766089 0.266699 0.787131 0.266699 0.787131 0.301190 0.766089 0.301190
0 0.082724 0.163691 0.109797 0.163691 0.109797 0.178292 0.082724 0.178292
0 0.197788 0.738938 0.205885 0.738938 0.205885 0.754169 0.197788 0.754169
0 0.283173 0.915103 0.304039 0.915103 0.304039 0.947970 0.283173 0.947970
0 0.153068 0.372936 0.167742 0.372936 0.167742 0.398732 0.153068 0.398732
0 0.185687 0.020166 0.193504 0.020166 0.193504 0.034759 0.185687 0.034759
0 0.626409 0.932315 0.642497 0.932315 0.642497 0.940949 0.626409 0.940949
0 0.030976 0.819227 0.057556 0.819227 0.057556 0.833633 0.030976 0.833633
0 0.732540 0.513909 0.741511 0.513909 0.741511 0.532072 0.732540 0.532072
0 0.268829 0.437193 0.277119 0.437193 0.277119 0.452919 0.268829 0.452919
0 0.545142 0.064240 0.552479 0.064240 0.552479 0.078725 0.545142 0.078725
0 0.070323 0.380212 0.084210 0.380212 0.084210 0.406571 0.070323 0.406571
0 0.193450 0.514046 0.208032 0.514046 0.208032 0.521541 0.193450 0.521541
0 0.738045 0.655227 0.763926 0.655227 0.763926 0.671309 0.738045 0.671309
1 0.779917 0.139114 0.803021 0.139114 0.803021 0.183310 0.779917 0.183310
0 0.104162 0.501677 0.113927 0.501677 0.113927 0.517390 0.104162 0.517390
0 0.143471 0.802335 0.156209 0.802335 0.156209 0.826685 0.143471 0.826685
1 0.601355 0.536245 0.629896 0.536245 0.629896 0.543064 0.601355 0.543064
0 0.182571 0.532472 0.190476 0.532472 0.190476 0.547238 0.182571 0.547238
0 0.649293 0.739359 0.658866 0.739359 0.658866 0.755622 0.649293 0.755622
0 0.112269 0.936257 0.137549 0.936257 0.137549 0.949400 0.112269 0.949400
0 0.084179 0.963455 0.109227 0.963455 0.109227 0.978060 0.084179 0.978060
0 0.249535 0.447485 0.257027 0.447485 0.257027 0.463293 0.249535 0.463293
0 0.618524 0.956400 0.626934 0.956400 0.626934 0.971579 0.618524 0.971579
1 0.601280 0.818309 0.630090 0.818309 0.630090 0.824740 0.601280 0.824740
1 0.601281 0.698757 0.630248 0.698757 0.630248 0.705214 0.601281 0.705214
1 0.601407 0.630177 0.629831 0.630177 0.629831 0.637046 0.601407 0.637046
0 0.454731 0.951520 0.462916 0.951520 0.462916 0.966249 0.454731 0.966249
0 0.072319 0.934283 0.096582 0.934283 0.096582 0.946971 0.072319 0.946971
1 0.601346 0.724292 0.629955 0.724292 0.629955 0.730994 0.601346 0.730994
1 0.601370 0.604777 0.630105 0.604777 0.630105 0.611336 0.601370 0.611336
0 0.174033 0.699383 0.189939 0.699383 0.189939 0.707306 0.174033 0.707306
0 0.074434 0.686070 0.099050 0.686070 0.099050 0.699710 0.074434 0.699710
0 0.567040 0.191385 0.577308 0.191385 0.577308 0.208472 0.567040 0.208472
0 0.109746 0.570469 0.135482 0.570469 0.135482 0.584467 0.109746 0.584467
0 0.541007 0.136384 0.558939 0.136384 0.558939 0.146133 0.541007 0.146133
1 0.232973 0.818479 0.261238 0.818479 0.261238 0.825351 0.232973 0.825351
0 0.063275 0.586914 0.088214 0.586914 0.088214 0.599996 0.063275 0.599996
0 0.198515 0.638503 0.212855 0.638503 0.212855 0.664128 0.198515 0.664128
0 0.312494 0.388235 0.328187 0.388235 0.328187 0.395563 0.312494 0.395563
1 0.601381 0.792688 0.630112 0.792688 0.630112 0.799154 0.601381 0.799154
1 0.601308 0.655697 0.629808 0.655697 0.629808 0.662516 0.601308 0.662516
1 0.232945 0.767218 0.260956 0.767218 0.260956 0.774051 0.232945 0.774051
1 0.601342 0.561808 0.629845 0.561808 0.629845 0.568760 0.601342 0.568760
0 0.510769 0.133775 0.527676 0.133775 0.527676 0.144063 0.510769 0.144063
0 0.279290 0.409670 0.289779 0.409670 0.289779 0.427222 0.279290 0.427222
0 0.109245 0.317335 0.123387 0.317335 0.123387 0.343102 0.109245 0.343102
1 0.232965 0.792603 0.261112 0.792603 0.261112 0.799915 0.232965 0.799915
1 0.233026 0.698665 0.261030 0.698665 0.261030 0.705741 0.233026 0.705741
1 0.601372 0.767103 0.629920 0.767103 0.629920 0.773463 0.601372 0.773463
1 0.232771 0.604795 0.260973 0.604795 0.260973 0.611887 0.232771 0.611887
1 0.232961 0.630286 0.261026 0.630286 0.261026 0.637491 0.232961 0.637491
0 0.427933 0.945095 0.443236 0.945095 0.443236 0.952894 0.427933 0.952894
0 0.345495 0.359215 0.354848 0.359215 0.354848 0.375820 0.345495 0.375820
1 0.232906 0.562165 0.261175 0.562165 0.261175 0.569192 0.232906 0.569192
1 0.233309 0.655918 0.261151 0.655918 0.261151 0.663141 0.233309 0.663141
0 0.109360 0.593537 0.135424 0.593537 0.135424 0.607852 0.109360 0.607852
1 0.232656 0.724250 0.261322 0.724250 0.261322 0.731600 0.232656 0.731600
1 0.233159 0.536551 0.260997 0.536551 0.260997 0.543674 0.233159 0.543674
0 0.188013 0.896143 0.203819 0.896143 0.203819 0.903112 0.188013 0.903112
0 0.768105 0.733124 0.776639 0.733124 0.776639 0.749020 0.768105 0.749020
0 0.190214 0.782119 0.205138 0.782119 0.205138 0.789770 0.190214 0.789770
1 0.601221 0.749841 0.629990 0.749841 0.629990 0.756568 0.601221 0.756568
1 0.232804 0.579432 0.261011 0.579432 0.261011 0.586213 0.232804 0.586213
1 0.233268 0.673280 0.260891 0.673280 0.260891 0.680055 0.233268 0.680055
1 0.601405 0.587585 0.630085 0.587585 0.630085 0.594450 0.601405 0.594450
0 0.574048 0.049244 0.581395 0.049244 0.581395 0.065328 0.574048 0.065328
0 0.400049 0.896623 0.407713 0.896623 0.407713 0.912649 0.400049 0.912649
1 0.601304 0.681541 0.630120 0.681541 0.630120 0.688374 0.601304 0.688374
1 0.601512 0.638788 0.629785 0.638788 0.629785 0.645595 0.601512 0.645595
1 0.232888 0.750117 0.261272 0.750117 0.261272 0.757032 0.232888 0.757032
1 0.233038 0.613351 0.261195 0.613351 0.261195 0.620546 0.233038 0.620546
1 0.601558 0.732848 0.629818 0.732848 0.629818 0.739457 0.601558 0.739457
1 0.233031 0.775744 0.261233 0.775744 0.261233 0.782790 0.233031 0.782790
0 0.545241 0.096724 0.552604 0.096724 0.552604 0.112983 0.545241 0.112983
1 0.232724 0.587839 0.261261 0.587839 0.261261 0.594794 0.232724 0.594794
0 0.354900 0.938027 0.362725 0.938027 0.362725 0.953594 0.354900 0.953594
1 0.601400 0.544918 0.629908 0.544918 0.629908 0.551723 0.601400 0.551723
1 0.232924 0.741750 0.261097 0.741750 0.261097 0.748412 0.232924 0.748412
1 0.233254 0.681741 0.261265 0.681741 0.261265 0.688848 0.233254 0.688848
1 0.601615 0.570515 0.629808 0.570515 0.629808 0.577286 0.601615 0.577286
0 0.680976 0.604103 0.689528 0.604103 0.689528 0.620217 0.680976 0.620217
1 0.601290 0.775691 0.630145 0.775691 0.630145 0.782295 0.601290 0.782295
1 0.601415 0.613385 0.630191 0.613385 0.630191 0.620263 0.601415 0.620263
1 0.601539 0.664385 0.629790 0.664385 0.629790 0.670983 0.601539 0.670983
1 0.304286 0.850018 0.311069 0.850018 0.311069 0.879828 0.304286 0.879828
1 0.466894 0.849820 0.473464 0.849820 0.473464 0.879577 0.466894 0.879577
1 0.601479 0.801183 0.629990 0.801183 0.629990 0.807917 0.601479 0.807917
1 0.233215 0.707255 0.261223 0.707255 0.261223 0.714419 0.233215 0.714419
1 0.233177 0.801287 0.261265 0.801287 0.261265 0.808263 0.233177 0.808263
0 0.733720 0.608154 0.744203 0.608154 0.744203 0.625319 0.733720 0.625319
1 0.601432 0.673080 0.629913 0.673080 0.629913 0.679514 0.601432 0.679514
1 0.601300 0.707212 0.630378 0.707212 0.630378 0.714084 0.601300 0.714084
1 0.233285 0.545209 0.261175 0.545209 0.261175 0.552062 0.233285 0.552062
1 0.372861 0.849872 0.379487 0.849872 0.379487 0.879951 0.372861 0.879951
0 0.768264 0.773617 0.777009 0.773617 0.777009 0.789127 0.768264 0.789127
0 0.618335 0.867046 0.633345 0.867046 0.633345 0.874895 0.618335 0.874895
1 0.233364 0.647769 0.261017 0.647769 0.261017 0.654554 0.233364 0.654554
0 0.119430 0.615966 0.136588 0.615966 0.136588 0.626378 0.119430 0.626378
1 0.329991 0.849772 0.336440 0.849772 0.336440 0.880459 0.329991 0.880459
1 0.233220 0.638997 0.261138 0.638997 0.261138 0.645967 0.233220 0.645967
1 0.535289 0.849858 0.541877 0.849858 0.541877 0.879454 0.535289 0.879454
0 0.165471 0.529038 0.174816 0.529038 0.174816 0.546430 0.165471 0.546430
1 0.398426 0.849871 0.404927 0.849871 0.404927 0.879781 0.398426 0.879781
1 0.492473 0.849682 0.498915 0.849682 0.498915 0.879914 0.492473 0.879914
1 0.355924 0.849821 0.362133 0.849821 0.362133 0.880296 0.355924 0.880296
1 0.601544 0.579115 0.629879 0.579115 0.629879 0.585670 0.601544 0.585670
0 0.193453 0.493324 0.208789 0.493324 0.208789 0.501475 0.193453 0.501475
0 0.147611 0.774951 0.163601 0.774951 0.163601 0.782724 0.147611 0.782724
1 0.233200 0.553980 0.261048 0.553980 0.261048 0.560643 0.233200 0.560643
1 0.441451 0.849711 0.447960 0.849711 0.447960 0.879977 0.441451 0.879977
1 0.347483 0.849656 0.353991 0.849656 0.353991 0.880104 0.347483 0.880104
0 0.230194 0.870634 0.245704 0.870634 0.245704 0.878817 0.230194 0.878817
0 0.087373 0.130547 0.102285 0.130547 0.102285 0.138268 0.087373 0.138268
0 0.613888 0.849651 0.629076 0.849651 0.629076 0.857957 0.613888 0.857957
0 0.595028 0.884760 0.610160 0.884760 0.610160 0.893104 0.595028 0.893104
1 0.232998 0.732895 0.261341 0.732895 0.261341 0.739836 0.232998 0.739836
1 0.601551 0.758482 0.630093 0.758482 0.630093 0.765038 0.601551 0.765038
1 0.560964 0.849885 0.567305 0.849885 0.567305 0.880005 0.560964 0.880005
0 0.121156 0.696933 0.138387 0.696933 0.138387 0.706152 0.121156 0.706152
1 0.518393 0.849714 0.524652 0.849714 0.524652 0.879605 0.518393 0.879605
1 0.233055 0.570852 0.261209 0.570852 0.261209 0.577597 0.233055 0.577597
1 0.037250 0.960236 0.061113 0.960236 0.061113 0.969463 0.037250 0.969463
1 0.601480 0.827040 0.630217 0.827040 0.630217 0.833453 0.601480 0.833453
0 0.189423 0.821858 0.203872 0.821858 0.203872 0.829448 0.189423 0.829448
1 0.509895 0.849642 0.516393 0.849642 0.516393 0.879531 0.509895 0.879531
1 0.233513 0.664641 0.261052 0.664641 0.261052 0.671458 0.233513 0.671458
1 0.233007 0.715805 0.261296 0.715805 0.261296 0.722988 0.233007 0.722988
1 0.287463 0.849854 0.293872 0.849854 0.293872 0.880198 0.287463 0.880198
0 0.597082 0.103253 0.606485 0.103253 0.606485 0.120090 0.597082 0.120090
1 0.388183 0.358536 0.395546 0.358536 0.395546 0.372837 0.388183 0.372837
1 0.233136 0.810025 0.261197 0.810025 0.261197 0.816844 0.233136 0.816844
1 0.601518 0.527326 0.630598 0.527326 0.630598 0.534315 0.601518 0.534315
1 0.037687 0.916862 0.061741 0.916862 0.061741 0.925831 0.037687 0.925831
1 0.544244 0.849770 0.550419 0.849770 0.550419 0.879662 0.544244 0.879662
0 0.120866 0.634704 0.136553 0.634704 0.136553 0.642277 0.120866 0.642277
1 0.424419 0.849832 0.430516 0.849832 0.430516 0.879976 0.424419 0.879976
1 0.450227 0.849710 0.456326 0.849710 0.456326 0.880127 0.450227 0.880127
1 0.313175 0.849842 0.319697 0.849842 0.319697 0.880173 0.313175 0.880173
1 0.381817 0.849784 0.388000 0.849784 0.388000 0.880027 0.381817 0.880027
1 0.475748 0.849747 0.482132 0.849747 0.482132 0.879689 0.475748 0.879689
0 0.188251 0.871702 0.203709 0.871702 0.203709 0.879586 0.188251 0.879586
1 0.601412 0.741475 0.629870 0.741475 0.629870 0.748011 0.601412 0.748011
0 0.287256 0.231722 0.296097 0.231722 0.296097 0.247676 0.287256 0.247676
1 0.279150 0.849579 0.285521 0.849579 0.285521 0.880151 0.279150 0.880151
0 0.427838 0.923115 0.443236 0.923115 0.443236 0.930795 0.427838 0.930795
0 0.354669 0.896941 0.362569 0.896941 0.362569 0.912791 0.354669 0.912791
1 0.233170 0.758666 0.261221 0.758666 0.261221 0.765219 0.233170 0.765219
1 0.569952 0.849764 0.575877 0.849764 0.575877 0.880355 0.569952 0.880355
0 0.188661 0.848555 0.204148 0.848555 0.204148 0.856390 0.188661 0.856390
1 0.138276 0.934543 0.142933 0.934543 0.142933 0.949134 0.138276 0.949134
1 0.233297 0.621950 0.261105 0.621950 0.261105 0.629017 0.233297 0.629017
1 0.366811 0.358190 0.373907 0.358190 0.373907 0.371765 0.366811 0.371765
0 0.328067 0.942753 0.343369 0.942753 0.343369 0.951205 0.328067 0.951205
1 0.601492 0.553340 0.629961 0.553340 0.629961 0.560248 0.601492 0.560248
1 0.233329 0.827212 0.261182 0.827212 0.261182 0.833532 0.233329 0.833532
1 0.601520 0.809691 0.630027 0.809691 0.630027 0.816403 0.601520 0.816403
0 0.149290 0.727006 0.164577 0.727006 0.164577 0.735308 0.149290 0.735308
1 0.730831 0.256310 0.756981 0.256310 0.756981 0.265408 0.730831 0.265408
1 0.233185 0.784121 0.261229 0.784121 0.261229 0.791536 0.233185 0.791536
1 0.407435 0.849786 0.413699 0.849786 0.413699 0.880072 0.407435 0.880072
0 0.296607 0.410372 0.304583 0.410372 0.304583 0.425905 0.296607 0.425905
1 0.601573 0.647429 0.629818 0.647429 0.629818 0.654042 0.601573 0.654042
1 0.501464 0.849646 0.507933 0.849646 0.507933 0.880112 0.501464 0.880112
1 0.338950 0.849637 0.345523 0.849637 0.345523 0.880591 0.338950 0.880591
0 0.585064 0.929527 0.600294 0.929527 0.600294 0.937417 0.585064 0.937417
0 0.271741 0.188745 0.279491 0.188745 0.279491 0.203533 0.271741 0.203533
1 0.102183 0.451322 0.116328 0.451322 0.116328 0.456167 0.102183 0.456167
1 0.193856 0.962897 0.199051 0.962897 0.199051 0.978824 0.193856 0.978824
1 0.115040 0.756586 0.129306 0.756586 0.129306 0.760994 0.115040 0.760994
1 0.764556 0.257674 0.788059 0.257674 0.788059 0.266199 0.764556 0.266199
0 0.271479 0.232920 0.278908 0.232920 0.278908 0.246999 0.271479 0.246999
1 0.799569 0.264578 0.815100 0.264578 0.815100 0.267920 0.799569 0.267920
1 0.764461 0.301792 0.789356 0.301792 0.789356 0.308674 0.764461 0.308674
0 0.181308 0.715508 0.196928 0.715508 0.196928 0.723715 0.181308 0.723715
1 0.075176 0.481900 0.090349 0.481900 0.090349 0.486186 0.075176 0.486186
1 0.601658 0.596243 0.630280 0.596243 0.630280 0.602732 0.601658 0.602732
0 0.377384 0.896528 0.385636 0.896528 0.385636 0.912366 0.377384 0.912366
0 0.240858 0.159805 0.250499 0.159805 0.250499 0.177000 0.240858 0.177000
1 0.296077 0.849945 0.302355 0.849945 0.302355 0.879917 0.296077 0.879917
1 0.601458 0.715753 0.630292 0.715753 0.630292 0.722522 0.601458 0.722522
1 0.084853 0.130298 0.087077 0.130298 0.087077 0.138053 0.084853 0.138053
1 0.102369 0.130370 0.104594 0.130370 0.104594 0.138124 0.102369 0.138124
1 0.109961 0.161934 0.113475 0.161934 0.113475 0.179776 0.109961 0.179776
1 0.079886 0.162407 0.082386 0.162407 0.082386 0.180587 0.079886 0.180587
0 0.167478 0.330323 0.181030 0.330323 0.181030 0.355696 0.167478 0.355696
1 0.186314 0.017731 0.193334 0.017731 0.193334 0.020008 0.186314 0.020008
1 0.186219 0.035187 0.193334 0.035187 0.193334 0.037369 0.186219 0.037369
1 0.241813 0.157094 0.249782 0.157094 0.249782 0.159656 0.241813 0.159656
1 0.241528 0.177112 0.249972 0.177112 0.249972 0.179673 0.241528 0.179673
1 0.271925 0.184413 0.279207 0.184413 0.279207 0.188054 0.271925 0.188054
1 0.272181 0.203960 0.279079 0.203960 0.279079 0.205876 0.272181 0.205876
1 0.288709 0.229044 0.295113 0.229044 0.295113 0.231568 0.288709 0.231568
1 0.288709 0.248070 0.295421 0.248070 0.295421 0.251457 0.288709 0.251457
1 0.271899 0.247947 0.278919 0.247947 0.278919 0.250102 0.271899 0.250102
1 0.271407 0.230152 0.278365 0.230152 0.278365 0.232061 0.271407 0.232061
1 0.168259 0.277359 0.172743 0.277359 0.172743 0.291848 0.168259 0.291848
1 0.138298 0.277076 0.142239 0.277076 0.142239 0.291880 0.138298 0.291880
1 0.108685 0.314823 0.123258 0.314823 0.123258 0.317198 0.108685 0.317198
1 0.109070 0.343711 0.123514 0.343711 0.123514 0.346857 0.109070 0.346857
1 0.101880 0.355395 0.116902 0.355395 0.116902 0.358284 0.101880 0.358284
1 0.102073 0.384734 0.116902 0.384734 0.116902 0.388521 0.102073 0.388521
1 0.126018 0.388393 0.139949 0.388393 0.139949 0.391795 0.126018 0.391795
1 0.125984 0.358539 0.139870 0.358539 0.139870 0.362247 0.125984 0.362247
1 0.153351 0.369122 0.167574 0.369122 0.167574 0.372627 0.153351 0.372627
1 0.153149 0.398983 0.167440 0.398983 0.167440 0.402084 0.153149 0.402084
1 0.070159 0.377470 0.084191 0.377470 0.084191 0.380118 0.070159 0.380118
1 0.070424 0.406791 0.084125 0.406791 0.084125 0.410233 0.070424 0.410233
1 0.100738 0.409770 0.114505 0.409770 0.114505 0.412881 0.100738 0.412881
1 0.100738 0.439554 0.114969 0.439554 0.114969 0.442599 0.100738 0.442599
1 0.056789 0.428964 0.061224 0.428964 0.061224 0.444121 0.056789 0.444121
1 0.086574 0.429163 0.090479 0.429163 0.090479 0.444121 0.086574 0.444121
1 0.020452 0.426714 0.034815 0.426714 0.034815 0.430288 0.020452 0.430288
1 0.020386 0.456234 0.035212 0.456234 0.035212 0.460271 0.020386 0.460271
1 0.046067 0.452100 0.060430 0.452100 0.060430 0.455674 0.046067 0.455674
1 0.045886 0.482192 0.060712 0.482192 0.060712 0.486229 0.045886 0.486229
1 0.101756 0.482289 0.116119 0.482289 0.116119 0.485863 0.101756 0.485863
1 0.075503 0.452003 0.090329 0.452003 0.090329 0.456040 0.075503 0.456040
1 0.124794 0.451322 0.138938 0.451322 0.138938 0.456167 0.124794 0.456167
1 0.124841 0.482289 0.139204 0.482289 0.139204 0.485863 0.124841 0.485863
1 0.152464 0.441045 0.166609 0.441045 0.166609 0.445890 0.152464 0.445890
1 0.152511 0.472644 0.166874 0.472644 0.166874 0.476218 0.152511 0.476218
1 0.201644 0.446680 0.215789 0.446680 0.215789 0.451525 0.201644 0.451525
1 0.201692 0.478279 0.216054 0.478279 0.216054 0.481853 0.201692 0.481853
1 0.048120 0.645021 0.061583 0.645021 0.061583 0.648163 0.048120 0.648163
1 0.047486 0.676211 0.061848 0.676211 0.061848 0.679785 0.047486 0.679785
1 0.076186 0.492816 0.091013 0.492816 0.091013 0.496853 0.076186 0.496853
1 0.076030 0.523737 0.091203 0.523737 0.091203 0.528023 0.076030 0.528023
1 0.055733 0.540412 0.070559 0.540412 0.070559 0.544449 0.055733 0.544449
1 0.055576 0.571333 0.070749 0.571333 0.070749 0.575619 0.055576 0.575619
1 0.031541 0.554405 0.046367 0.554405 0.046367 0.558442 0.031541 0.558442
1 0.031384 0.585326 0.046557 0.585326 0.046557 0.589612 0.031384 0.589612
1 0.238990 0.324172 0.253852 0.324172 0.253852 0.327555 0.238990 0.327555
1 0.238749 0.354740 0.253610 0.354740 0.253610 0.358123 0.238749 0.358123
1 0.239595 0.401499 0.254456 0.401499 0.254456 0.404882 0.239595 0.404882
1 0.239715 0.372743 0.254577 0.372743 0.254577 0.376126 0.239715 0.376126
1 0.217605 0.401258 0.232466 0.401258 0.232466 0.404641 0.217605 0.404641
1 0.217725 0.372260 0.232587 0.372260 0.232587 0.375643 0.217725 0.375643
1 0.196219 0.372260 0.209147 0.372260 0.209147 0.375401 0.196219 0.375401
1 0.196702 0.401016 0.209389 0.401016 0.209389 0.403795 0.196702 0.403795
1 0.001377 0.788273 0.014047 0.788273 0.014047 0.791028 0.001377 0.791028
1 0.001494 0.817614 0.013647 0.817614 0.013647 0.820512 0.001494 0.820512
1 0.057633 0.819672 0.060786 0.819672 0.060786 0.832381 0.057633 0.832381
1 0.027618 0.817538 0.030599 0.817538 0.030599 0.833661 0.027618 0.833661
1 0.055499 0.866012 0.058992 0.866012 0.058992 0.882157 0.055499 0.882157
1 0.085150 0.866710 0.089108 0.866710 0.089108 0.883321 0.085150 0.883321
1 0.069532 0.892378 0.086658 0.892378 0.086658 0.895036 0.069532 0.895036
1 0.069237 0.922791 0.087248 0.922791 0.087248 0.925596 0.069237 0.925596
1 0.067686 0.932240 0.072189 0.932240 0.072189 0.948996 0.067686 0.948996
1 0.096897 0.931857 0.101493 0.931857 0.101493 0.949600 0.096897 0.949600
1 0.109329 0.962781 0.112900 0.962781 0.112900 0.978260 0.109329 0.978260
1 0.079990 0.963100 0.083980 0.963100 0.083980 0.978262 0.079990 0.978262
1 0.108662 0.934172 0.112092 0.934172 0.112092 0.951322 0.108662 0.951322
1 0.119608 0.964093 0.123549 0.964093 0.123549 0.980293 0.119608 0.980293
1 0.149602 0.963655 0.153251 0.963655 0.153251 0.981680 0.149602 0.981680
1 0.164101 0.961671 0.168061 0.961671 0.168061 0.978535 0.164101 0.978535
1 0.103649 0.497628 0.113542 0.497628 0.113542 0.501016 0.103649 0.501016
1 0.104049 0.517855 0.113400 0.517855 0.113400 0.521243 0.104049 0.521243
1 0.059738 0.585315 0.062991 0.585315 0.062991 0.601172 0.059738 0.601172
1 0.088474 0.585339 0.092578 0.585339 0.092578 0.601681 0.088474 0.601681
1 0.054346 0.608293 0.058906 0.608293 0.058906 0.625547 0.054346 0.625547
1 0.084610 0.607552 0.087616 0.607552 0.087616 0.624587 0.084610 0.624587
1 0.069707 0.684945 0.073999 0.684945 0.073999 0.701976 0.069707 0.701976
1 0.099268 0.684253 0.103421 0.684253 0.103421 0.701976 0.099268 0.701976
1 0.138621 0.696621 0.140693 0.696621 0.140693 0.707043 0.138621 0.707043
1 0.118594 0.696872 0.121042 0.696872 0.121042 0.705850 0.118594 0.705850
1 0.118029 0.634970 0.120666 0.634970 0.120666 0.642001 0.118029 0.642001
1 0.136800 0.635095 0.138872 0.635095 0.138872 0.642378 0.136800 0.642378
1 0.116459 0.616638 0.119284 0.616638 0.119284 0.625239 0.116459 0.625239
1 0.136694 0.617722 0.139062 0.617722 0.139062 0.624788 0.136694 0.624788
1 0.135733 0.569932 0.138968 0.569932 0.138968 0.585478 0.135733 0.585478
1 0.106101 0.569828 0.109597 0.569828 0.109597 0.585687 0.106101 0.585687
1 0.106362 0.592782 0.109075 0.592782 0.109075 0.609841 0.106362 0.609841
1 0.135546 0.592004 0.138929 0.592004 0.138929 0.609209 0.135546 0.609209
1 0.165679 0.326456 0.181628 0.326456 0.181628 0.330000 0.165679 0.330000
1 0.165760 0.355615 0.182353 0.355615 0.182353 0.359723 0.165760 0.359723
1 0.297303 0.323362 0.305446 0.323362 0.305446 0.338316 0.297303 0.338316
1 0.346311 0.324842 0.353567 0.324842 0.353567 0.327656 0.346311 0.327656
1 0.346904 0.343942 0.354011 0.343942 0.354011 0.346608 0.346904 0.346608
0 0.346238 0.327855 0.353876 0.327855 0.353876 0.343603 0.346238 0.343603
1 0.319538 0.323565 0.327682 0.323565 0.327682 0.338519 0.319538 0.338519
1 0.319538 0.323565 0.327682 0.323565 0.327682 0.338519 0.319538 0.338519
1 0.308725 0.323429 0.316868 0.323429 0.316868 0.338384 0.308725 0.338384
1 0.319606 0.356816 0.327749 0.356816 0.327749 0.371771 0.319606 0.371771
1 0.297506 0.356884 0.305649 0.356884 0.305649 0.371838 0.297506 0.371838
1 0.346836 0.356378 0.353943 0.356378 0.353943 0.359043 0.346836 0.359043
1 0.346701 0.376045 0.353808 0.376045 0.353808 0.378711 0.346701 0.378711
1 0.376986 0.357965 0.385148 0.357965 0.385148 0.371874 0.376986 0.371874
1 0.366405 0.325006 0.373948 0.325006 0.373948 0.339953 0.366405 0.339953
1 0.388710 0.324110 0.395959 0.324110 0.395959 0.339809 0.388710 0.339809
1 0.309900 0.388300 0.312169 0.388300 0.312169 0.395628 0.309900 0.395628
1 0.328381 0.388106 0.330651 0.388106 0.330651 0.395433 0.328381 0.395433
0 0.352575 0.411363 0.369302 0.411363 0.369302 0.420741 0.352575 0.420741
1 0.369463 0.412321 0.371732 0.412321 0.371732 0.419648 0.369463 0.419648
1 0.349937 0.412531 0.352206 0.412531 0.352206 0.419858 0.349937 0.419858
1 0.249086 0.425789 0.251356 0.425789 0.251356 0.433117 0.249086 0.433117
0 0.232198 0.424728 0.248925 0.424728 0.248925 0.434106 0.232198 0.434106
1 0.229560 0.425896 0.231830 0.425896 0.231830 0.433223 0.229560 0.433223
1 0.297101 0.407522 0.303793 0.407522 0.303793 0.410175 0.297101 0.410175
1 0.280140 0.406829 0.287178 0.406829 0.287178 0.409483 0.280140 0.409483
1 0.280948 0.427598 0.288448 0.427598 0.288448 0.430598 0.280948 0.430598
1 0.297332 0.426560 0.304255 0.426560 0.304255 0.429444 0.297332 0.429444
1 0.269871 0.434521 0.276332 0.434521 0.276332 0.436713 0.269871 0.436713
1 0.269777 0.453076 0.276436 0.453076 0.276436 0.455269 0.269777 0.455269
1 0.250194 0.445086 0.255991 0.445086 0.255991 0.447122 0.250194 0.447122
1 0.250273 0.463651 0.256069 0.463651 0.256069 0.465531 0.250273 0.465531
1 0.231943 0.444067 0.239228 0.444067 0.239228 0.446887 0.231943 0.446887
1 0.232099 0.463886 0.239854 0.463886 0.239854 0.466784 0.232099 0.466784
0 0.231412 0.447057 0.240321 0.447057 0.240321 0.463762 0.231412 0.463762
1 0.284992 0.444360 0.287999 0.444360 0.287999 0.451599 0.284992 0.451599
1 0.305002 0.444668 0.307999 0.444668 0.307999 0.451736 0.305002 0.451736
1 0.190657 0.493883 0.193278 0.493883 0.193278 0.500655 0.190657 0.500655
1 0.209062 0.494102 0.211684 0.494102 0.211684 0.500437 0.209062 0.500437
1 0.172467 0.482068 0.178891 0.482068 0.178891 0.484292 0.172467 0.484292
1 0.190093 0.514272 0.193058 0.514272 0.193058 0.521190 0.190093 0.521190
1 0.208624 0.514437 0.211836 0.514437 0.211836 0.521190 0.208624 0.521190
1 0.165961 0.526050 0.174197 0.526050 0.174197 0.528932 0.165961 0.528932
1 0.165878 0.546476 0.174032 0.546476 0.174032 0.548699 0.165878 0.548699
1 0.182763 0.529921 0.190010 0.529921 0.190010 0.532309 0.182763 0.532309
1 0.183504 0.547629 0.189846 0.547629 0.189846 0.549770 0.183504 0.549770
1 0.161184 0.559324 0.175515 0.559324 0.175515 0.562042 0.161184 0.562042
1 0.161760 0.587410 0.175432 0.587410 0.175432 0.591693 0.161760 0.591693
1 0.197988 0.634824 0.213478 0.634824 0.213478 0.638112 0.197988 0.638112
1 0.197846 0.664334 0.213404 0.664334 0.213404 0.667712 0.197846 0.667712
1 0.114431 0.726623 0.129665 0.726623 0.129665 0.730668 0.114431 0.730668
1 0.145613 0.727359 0.148973 0.727359 0.148973 0.734304 0.145613 0.734304
1 0.165073 0.726666 0.167665 0.726666 0.167665 0.734950 0.165073 0.734950
1 0.171313 0.700137 0.173820 0.700137 0.173820 0.706403 0.171313 0.706403
1 0.190113 0.700137 0.192541 0.700137 0.192541 0.707187 0.190113 0.707187
1 0.178755 0.716038 0.181105 0.716038 0.181105 0.722853 0.178755 0.722853
1 0.197085 0.716743 0.199435 0.716743 0.199435 0.723245 0.197085 0.723245
0 0.198965 0.764839 0.215493 0.764839 0.215493 0.774083 0.198965 0.774083
1 0.197711 0.736405 0.205545 0.736405 0.205545 0.738833 0.197711 0.738833
1 0.198260 0.754499 0.206093 0.754499 0.206093 0.757163 0.198260 0.757163
1 0.195518 0.765388 0.198886 0.765388 0.198886 0.774004 0.195518 0.774004
1 0.215571 0.765231 0.218861 0.765231 0.218861 0.773769 0.215571 0.773769
1 0.186823 0.782777 0.189643 0.782777 0.189643 0.789514 0.186823 0.789514
1 0.205388 0.782151 0.207816 0.782151 0.207816 0.789122 0.205388 0.789122
1 0.186557 0.822492 0.189220 0.822492 0.189220 0.829072 0.186557 0.829072
1 0.204181 0.822727 0.207001 0.822727 0.207001 0.829307 0.204181 0.829307
1 0.142800 0.798679 0.156430 0.798679 0.156430 0.802204 0.142800 0.802204
1 0.141547 0.826800 0.158310 0.826800 0.158310 0.831344 0.141547 0.831344
1 0.143996 0.775596 0.147535 0.775596 0.147535 0.781827 0.143996 0.781827
1 0.163663 0.775907 0.166485 0.775907 0.166485 0.782180 0.163663 0.782180
0 0.229763 0.852213 0.245594 0.852213 0.245594 0.859688 0.229763 0.859688
1 0.204072 0.849441 0.206891 0.849441 0.206891 0.856021 0.204072 0.856021
1 0.185897 0.849206 0.188560 0.849206 0.188560 0.855786 0.185897 0.855786
1 0.203962 0.872637 0.206782 0.872637 0.206782 0.879217 0.203962 0.879217
1 0.185787 0.872402 0.188450 0.872402 0.188450 0.878982 0.185787 0.878982
1 0.185237 0.896148 0.187901 0.896148 0.187901 0.902728 0.185237 0.902728
1 0.203852 0.895834 0.206672 0.895834 0.206672 0.902414 0.203852 0.902414
1 0.245627 0.895284 0.248447 0.895284 0.248447 0.901864 0.245627 0.901864
1 0.226903 0.895159 0.229566 0.895159 0.229566 0.901739 0.226903 0.901739
1 0.245957 0.871538 0.248777 0.871538 0.248777 0.878118 0.245957 0.878118
1 0.227232 0.871413 0.229896 0.871413 0.229896 0.877993 0.227232 0.877993
1 0.227013 0.852504 0.229676 0.852504 0.229676 0.859084 0.227013 0.859084
1 0.245737 0.852629 0.248557 0.852629 0.248557 0.859209 0.245737 0.859209
0 0.263310 0.913755 0.272415 0.913755 0.272415 0.930265 0.263310 0.930265
1 0.263310 0.910477 0.271929 0.910477 0.271929 0.913269 0.263310 0.913269
1 0.263436 0.930760 0.272371 0.930760 0.272371 0.933143 0.263436 0.933143
1 0.281635 0.905266 0.306616 0.905266 0.306616 0.915284 0.281635 0.915284
1 0.317134 0.908263 0.320536 0.908263 0.320536 0.914876 0.317134 0.914876
1 0.336265 0.907814 0.339539 0.907814 0.339539 0.915197 0.336265 0.915197
1 0.281396 0.948234 0.307011 0.948234 0.307011 0.957748 0.281396 0.957748
1 0.324838 0.943628 0.327885 0.943628 0.327885 0.950546 0.324838 0.950546
1 0.343781 0.943710 0.346417 0.943710 0.346417 0.950629 0.343781 0.950629
1 0.354241 0.934733 0.362478 0.934733 0.362478 0.937698 0.354241 0.937698
1 0.355559 0.954005 0.362807 0.954005 0.362807 0.956559 0.355559 0.956559
1 0.321358 0.849772 0.327808 0.849772 0.327808 0.880459 0.321358 0.880459
1 0.354100 0.893551 0.362336 0.893551 0.362336 0.896516 0.354100 0.896516
1 0.355418 0.912824 0.362666 0.912824 0.362666 0.915377 0.355418 0.915377
1 0.378344 0.913107 0.385591 0.913107 0.385591 0.915660 0.378344 0.915660
1 0.377026 0.893834 0.385262 0.893834 0.385262 0.896799 0.377026 0.896799
1 0.400703 0.913248 0.407951 0.913248 0.407951 0.915802 0.400703 0.915802
1 0.399669 0.893409 0.407905 0.893409 0.407905 0.896374 0.399669 0.896374
1 0.400376 0.933884 0.408612 0.933884 0.408612 0.936849 0.400376 0.936849
1 0.401411 0.953722 0.408659 0.953722 0.408659 0.956276 0.401411 0.956276
1 0.378061 0.953722 0.385308 0.953722 0.385308 0.956276 0.378061 0.956276
1 0.377026 0.933884 0.385262 0.933884 0.385262 0.936849 0.377026 0.936849
0 0.377153 0.937162 0.385353 0.937162 0.385353 0.953548 0.377153 0.953548
1 0.415662 0.849832 0.421759 0.849832 0.421759 0.879976 0.415662 0.879976
1 0.389012 0.849871 0.395513 0.849871 0.395513 0.879781 0.389012 0.879781
1 0.363885 0.849872 0.370510 0.849872 0.370510 0.879951 0.363885 0.879951
1 0.432912 0.849711 0.439422 0.849711 0.439422 0.879977 0.432912 0.879977
1 0.458136 0.849820 0.464707 0.849820 0.464707 0.879577 0.458136 0.879577
1 0.484153 0.849682 0.490595 0.849682 0.490595 0.879914 0.484153 0.879914
1 0.526917 0.849858 0.533506 0.849858 0.533506 0.879454 0.526917 0.879454
1 0.552593 0.850135 0.558934 0.850135 0.558934 0.880255 0.552593 0.880255
1 0.578323 0.849889 0.584248 0.849889 0.584248 0.880480 0.578323 0.880480
1 0.601290 0.783656 0.630145 0.783656 0.630145 0.790259 0.601290 0.790259
1 0.601631 0.621780 0.630406 0.621780 0.630406 0.628658 0.601631 0.628658
0 0.460484 0.929394 0.475882 0.929394 0.475882 0.937073 0.460484 0.937073
0 0.453955 0.910308 0.469353 0.910308 0.469353 0.917988 0.453955 0.917988
1 0.425154 0.923493 0.427452 0.923493 0.427452 0.930045 0.425154 0.930045
1 0.443535 0.923663 0.445918 0.923663 0.445918 0.930130 0.443535 0.930130
1 0.425696 0.946058 0.427687 0.946058 0.427687 0.952449 0.425696 0.952449
1 0.443401 0.945691 0.445706 0.945691 0.445706 0.952030 0.443401 0.952030
1 0.455135 0.948834 0.462102 0.948834 0.462102 0.951349 0.455135 0.951349
1 0.455606 0.967220 0.462573 0.967220 0.462573 0.969630 0.455606 0.969630
1 0.451751 0.911036 0.453897 0.911036 0.453897 0.917474 0.451751 0.917474
1 0.469741 0.910853 0.471841 0.910853 0.471841 0.917474 0.469741 0.917474
1 0.458143 0.929802 0.460289 0.929802 0.460289 0.936377 0.458143 0.936377
1 0.476042 0.930121 0.478553 0.930121 0.478553 0.936696 0.476042 0.936696
0 0.552596 0.896516 0.559768 0.896516 0.559768 0.912227 0.552596 0.912227
0 0.557377 0.950820 0.573770 0.950820 0.573770 0.959870 0.557377 0.959870
0 0.553791 0.972678 0.570526 0.972678 0.570526 0.981728 0.553791 0.981728
0 0.594604 0.901469 0.611168 0.901469 0.611168 0.910178 0.594604 0.910178
1 0.553174 0.894135 0.558866 0.894135 0.558866 0.896222 0.553174 0.896222
1 0.553649 0.912445 0.558866 0.912445 0.558866 0.914342 0.553649 0.914342
1 0.592545 0.885502 0.594727 0.885502 0.594727 0.892712 0.592545 0.892712
1 0.610760 0.886071 0.613227 0.886071 0.613227 0.892712 0.610760 0.892712
1 0.591596 0.902579 0.594253 0.902579 0.594253 0.909409 0.591596 0.909409
1 0.611140 0.902294 0.614081 0.902294 0.614081 0.909504 0.611140 0.909504
1 0.582529 0.930532 0.584733 0.930532 0.584733 0.937142 0.582529 0.937142
1 0.600595 0.930669 0.603186 0.930669 0.603186 0.937831 0.600595 0.937831
1 0.554133 0.952371 0.557263 0.952371 0.557263 0.958703 0.554133 0.958703
1 0.573913 0.952300 0.576830 0.952300 0.576830 0.958774 0.573913 0.958774
1 0.550646 0.973218 0.553706 0.973218 0.553706 0.980547 0.550646 0.980547
1 0.570569 0.973645 0.573842 0.973645 0.573842 0.981259 0.570569 0.981259
1 0.618539 0.953066 0.626054 0.953066 0.626054 0.955975 0.618539 0.955975
1 0.618781 0.971812 0.626296 0.971812 0.626296 0.974641 0.618781 0.974641
1 0.610898 0.850382 0.613515 0.850382 0.613515 0.856579 0.610898 0.856579
1 0.629489 0.850245 0.632244 0.850245 0.632244 0.857819 0.629489 0.857819
1 0.633896 0.867183 0.636651 0.867183 0.636651 0.874758 0.633896 0.874758
1 0.615167 0.866908 0.617922 0.866908 0.617922 0.874482 0.615167 0.874482
1 0.642873 0.933148 0.645464 0.933148 0.645464 0.940309 0.642873 0.940309
1 0.623981 0.933286 0.626184 0.933286 0.626184 0.939896 0.623981 0.939896
1 0.650010 0.755875 0.658730 0.755875 0.658730 0.759145 0.650010 0.759145
1 0.649874 0.735710 0.657776 0.735710 0.657776 0.739389 0.649874 0.739389
1 0.768953 0.730378 0.775382 0.730378 0.775382 0.733031 0.768953 0.733031
1 0.769259 0.748951 0.775586 0.748951 0.775586 0.751196 0.769259 0.751196
1 0.769259 0.770994 0.775178 0.770994 0.775178 0.773443 0.769259 0.773443
1 0.769259 0.789771 0.775382 0.789771 0.775382 0.792220 0.769259 0.792220
0 0.668704 0.734789 0.710836 0.734789 0.710836 0.789021 0.668704 0.789021
1 0.681612 0.789481 0.699383 0.789481 0.699383 0.796779 0.681612 0.796779
1 0.681925 0.728739 0.699260 0.728739 0.699260 0.734977 0.681925 0.734977
1 0.649938 0.692822 0.657565 0.692822 0.657565 0.695484 0.649938 0.695484
1 0.650370 0.711817 0.657134 0.711817 0.657134 0.714191 0.650370 0.714191
0 0.722038 0.687367 0.738597 0.687367 0.738597 0.696164 0.722038 0.696164
1 0.719366 0.687820 0.721782 0.687820 0.721782 0.695904 0.719366 0.695904
1 0.738742 0.687029 0.740851 0.687029 0.740851 0.696080 0.738742 0.696080
1 0.734537 0.654727 0.737840 0.654727 0.737840 0.671309 0.734537 0.671309
1 0.764129 0.654187 0.768914 0.654187 0.768914 0.671848 0.764129 0.671848
1 0.735268 0.625598 0.742910 0.625598 0.742910 0.628612 0.735268 0.628612
1 0.735053 0.605580 0.742587 0.605580 0.742587 0.607840 0.735053 0.607840
0 0.717403 0.604073 0.726658 0.604073 0.726658 0.620217 0.717403 0.620217
0 0.699967 0.604396 0.707932 0.604396 0.707932 0.619894 0.699967 0.619894
1 0.718371 0.620755 0.726013 0.620755 0.726013 0.622908 0.718371 0.622908
1 0.718156 0.601060 0.725582 0.601060 0.725582 0.603535 0.718156 0.603535
1 0.699967 0.602029 0.707501 0.602029 0.707501 0.604289 0.699967 0.604289
1 0.700290 0.620217 0.707932 0.620217 0.707932 0.622585 0.700290 0.622585
1 0.681886 0.600952 0.688559 0.600952 0.688559 0.603751 0.681886 0.603751
1 0.681994 0.620325 0.688667 0.620325 0.688667 0.623123 0.681994 0.623123
1 0.752596 0.583840 0.766910 0.583840 0.766910 0.587607 0.752596 0.587607
1 0.750336 0.554458 0.767879 0.554458 0.767879 0.557257 0.750336 0.557257
1 0.698676 0.524108 0.706748 0.524108 0.706748 0.526583 0.698676 0.526583
1 0.698783 0.544019 0.707609 0.544019 0.707609 0.546494 0.698783 0.546494
1 0.733223 0.510763 0.740650 0.510763 0.740650 0.513453 0.733223 0.513453
1 0.733331 0.532180 0.740972 0.532180 0.740972 0.534440 0.733331 0.534440
1 0.732128 0.300730 0.756284 0.300730 0.756284 0.308674 0.732128 0.308674
1 0.799569 0.293759 0.814484 0.293759 0.814484 0.297974 0.799569 0.297974
1 0.690985 0.140127 0.711973 0.140127 0.711973 0.183397 0.690985 0.183397
0 0.578146 0.103668 0.586831 0.103668 0.586831 0.120049 0.578146 0.120049
0 0.578509 0.238730 0.587602 0.238730 0.587602 0.255379 0.578509 0.255379
0 0.581967 0.266009 0.598489 0.266009 0.598489 0.274334 0.581967 0.274334
1 0.578845 0.266323 0.581590 0.266323 0.581590 0.273298 0.578845 0.273298
1 0.598628 0.265979 0.601144 0.265979 0.601144 0.273184 0.598628 0.273184
1 0.578502 0.235448 0.587307 0.235448 0.587307 0.238535 0.578502 0.238535
1 0.578731 0.255459 0.587765 0.255459 0.587765 0.257746 0.578731 0.257746
1 0.567868 0.189021 0.576558 0.189021 0.576558 0.191308 0.567868 0.191308
1 0.567753 0.208804 0.576673 0.208804 0.576673 0.211548 0.567753 0.211548
1 0.538822 0.137791 0.540766 0.137791 0.540766 0.144309 0.538822 0.144309
1 0.559063 0.138249 0.561693 0.138249 0.561693 0.145224 0.559063 0.145224
1 0.578731 0.120296 0.586393 0.120296 0.586393 0.123040 0.578731 0.123040
1 0.597713 0.119953 0.605718 0.119953 0.605718 0.122811 0.597713 0.122811
1 0.597713 0.100627 0.604346 0.100627 0.604346 0.103143 0.597713 0.103143
1 0.507095 0.135991 0.510743 0.135991 0.510743 0.142045 0.507095 0.142045
1 0.527817 0.135164 0.530308 0.135164 0.530308 0.142893 0.527817 0.142893
1 0.578536 0.100351 0.585626 0.100351 0.585626 0.103545 0.578536 0.103545
1 0.545747 0.112973 0.551912 0.112973 0.551912 0.115696 0.545747 0.115696
1 0.545891 0.094383 0.551482 0.094383 0.551482 0.096677 0.545891 0.096677
1 0.545891 0.078851 0.552103 0.078851 0.552103 0.080811 0.545891 0.080811
1 0.545747 0.061695 0.551673 0.061695 0.551673 0.064180 0.545747 0.064180
1 0.574612 0.065327 0.580633 0.065327 0.580633 0.067143 0.574612 0.067143
1 0.574229 0.047215 0.580585 0.047215 0.580585 0.049079 0.574229 0.049079
1 0.601419 0.689502 0.630235 0.689502 0.630235 0.696335 0.601419 0.696335
1 0.233026 0.689755 0.261030 0.689755 0.261030 0.696831 0.233026 0.696831
1 0.232724 0.596500 0.261261 0.596500 0.261261 0.603455 0.232724 0.603455
1 0.232975 0.528259 0.260813 0.528259 0.260813 0.535381 0.232975 0.535381
0 0.262557 0.511886 0.600524 0.511886 0.600524 0.848932 0.262557 0.848932
0 0.000767 0.790909 0.015698 0.790909 0.015698 0.817074 0.000767 0.817074
1 0.021125 0.898762 0.026023 0.898762 0.026023 0.915396 0.021125 0.915396
1 0.017961 0.870698 0.022655 0.870698 0.022655 0.886515 0.017961 0.886515
1 0.002857 0.698334 0.011736 0.698334 0.011736 0.722520 0.002857 0.722520
1 0.230431 0.503315 0.233492 0.503315 0.233492 0.513111 0.230431 0.513111
1 0.251147 0.503519 0.253902 0.503519 0.253902 0.513928 0.251147 0.513928
0 0.233900 0.503621 0.250331 0.503621 0.250331 0.513418 0.233900 0.513418
1 0.170580 0.502261 0.180261 0.502261 0.180261 0.505740 0.170580 0.505740
1 0.003339 0.083673 0.008574 0.083673 0.008574 0.114034 0.003339 0.114034
1 0.011714 0.083324 0.016949 0.083324 0.016949 0.113685 0.011714 0.113685
1 0.020369 0.083743 0.025604 0.083743 0.025604 0.114104 0.020369 0.114104
1 0.028814 0.083603 0.034049 0.083603 0.034049 0.113964 0.028814 0.113964
1 0.054359 0.083743 0.059594 0.083743 0.059594 0.114104 0.054359 0.114104
1 0.037120 0.083464 0.042354 0.083464 0.042354 0.113824 0.037120 0.113824
1 0.046123 0.083603 0.051358 0.083603 0.051358 0.113964 0.046123 0.113964
1 0.088768 0.083673 0.094910 0.083673 0.094910 0.114173 0.088768 0.114173
1 0.063223 0.083533 0.068458 0.083533 0.068458 0.113894 0.063223 0.113894
1 0.071529 0.083394 0.076763 0.083394 0.076763 0.113755 0.071529 0.113755
1 0.080323 0.083533 0.085557 0.083533 0.085557 0.113894 0.080323 0.113894
1 0.111870 0.061269 0.140207 0.061269 0.140207 0.068388 0.111870 0.068388
1 0.111870 0.052684 0.140277 0.052684 0.140277 0.059035 0.111870 0.059035
1 0.112010 0.043750 0.140486 0.043750 0.140486 0.050590 0.112010 0.050590
1 0.112289 0.035584 0.140416 0.035584 0.140416 0.041517 0.112289 0.041517
1 0.112429 0.026581 0.140835 0.026581 0.140835 0.032932 0.112429 0.032932
1 0.112568 0.017647 0.141044 0.017647 0.141044 0.024487 0.112568 0.024487
1 0.112498 0.009481 0.140626 0.009481 0.140626 0.015414 0.112498 0.015414
1 0.112498 0.001524 0.140626 0.001524 0.140626 0.007457 0.112498 0.007457
1 0.214957 0.004456 0.252856 0.004456 0.252856 0.011994 0.214957 0.011994
1 0.214678 0.014995 0.252577 0.014995 0.252577 0.022533 0.214678 0.022533
1 0.215167 0.026790 0.253065 0.026790 0.253065 0.034328 0.215167 0.034328
1 0.214888 0.037329 0.252786 0.037329 0.252786 0.044867 0.214888 0.044867
1 0.214608 0.049264 0.252507 0.049264 0.252507 0.056802 0.214608 0.056802
1 0.214329 0.059664 0.252228 0.059664 0.252228 0.067201 0.214329 0.067201
1 0.214818 0.071459 0.252716 0.071459 0.252716 0.078997 0.214818 0.078997
1 0.214539 0.081998 0.252437 0.081998 0.252437 0.089536 0.214539 0.089536
1 0.214259 0.104960 0.252158 0.104960 0.252158 0.112498 0.214259 0.112498
1 0.213771 0.093165 0.251669 0.093165 0.251669 0.100703 0.213771 0.100703
1 0.214329 0.115569 0.252228 0.115569 0.252228 0.123107 0.214329 0.123107
1 0.261580 0.130436 0.269607 0.130436 0.269607 0.170498 0.261580 0.170498
1 0.272678 0.130156 0.280704 0.130156 0.280704 0.170219 0.272678 0.170219
1 0.283426 0.130575 0.291173 0.130575 0.291173 0.171405 0.283426 0.171405
1 0.294524 0.130296 0.302620 0.130296 0.302620 0.171335 0.294524 0.171335
1 0.306668 0.130575 0.314694 0.130575 0.314694 0.170638 0.306668 0.170638
1 0.317765 0.130296 0.326350 0.130296 0.326350 0.170917 0.317765 0.170917
1 0.335982 0.133995 0.406754 0.133995 0.406754 0.170638 0.335982 0.170638
1 0.416106 0.129528 0.425180 0.129528 0.425180 0.170358 0.416106 0.170358
1 0.428181 0.129947 0.435858 0.129947 0.435858 0.171196 0.428181 0.171196
1 0.439837 0.129668 0.447165 0.129668 0.447165 0.171056 0.439837 0.171056
1 0.450515 0.130087 0.458332 0.130087 0.458332 0.169870 0.450515 0.169870
1 0.461892 0.129947 0.469360 0.129947 0.469360 0.169730 0.461892 0.169730
1 0.473199 0.130575 0.480388 0.130575 0.480388 0.170638 0.473199 0.170638
1 0.487367 0.004037 0.527848 0.004037 0.527848 0.011226 0.487367 0.011226
1 0.487716 0.015134 0.528197 0.015134 0.528197 0.022323 0.487716 0.022323
1 0.488274 0.026441 0.528756 0.026441 0.528756 0.033630 0.488274 0.033630
1 0.488623 0.037539 0.529105 0.037539 0.529105 0.044727 0.488623 0.044727
1 0.488484 0.048496 0.528965 0.048496 0.528965 0.055685 0.488484 0.055685
1 0.488833 0.059594 0.529314 0.059594 0.529314 0.066783 0.488833 0.066783
1 0.488693 0.070901 0.528337 0.070901 0.528337 0.078089 0.488693 0.078089
1 0.488554 0.081858 0.529035 0.081858 0.529035 0.089047 0.488554 0.089047
1 0.488623 0.093095 0.529105 0.093095 0.529105 0.100284 0.488623 0.100284
1 0.488833 0.104263 0.529314 0.104263 0.529314 0.111451 0.488833 0.111451
1 0.488833 0.115151 0.528476 0.115151 0.528476 0.122339 0.488833 0.122339
1 0.646709 0.064671 0.830070 0.064671 0.830070 0.100177 0.646709 0.100177
