0 0.791555 0.895348 0.806129 0.895348 0.806129 0.921409 0.791555 0.921409
0 0.174308 0.700840 0.192400 0.700840 0.192400 0.747906 0.174308 0.747906
0 0.847385 0.876942 0.862582 0.876942 0.862582 0.903287 0.847385 0.903287
0 0.439081 0.718625 0.491521 0.718625 0.491521 0.786998 0.439081 0.786998
0 0.797375 0.970908 0.810670 0.970908 0.810670 0.996892 0.797375 0.996892
0 0.874878 0.887177 0.889489 0.887177 0.889489 0.912976 0.874878 0.912976
0 0.831322 0.832965 0.845820 0.832965 0.845820 0.857796 0.831322 0.857796
0 0.889784 0.844739 0.902521 0.844739 0.902521 0.870439 0.889784 0.870439
0 0.873918 0.961438 0.888605 0.961438 0.888605 0.987016 0.873918 0.987016
0 0.822452 0.927611 0.836812 0.927611 0.836812 0.954153 0.822452 0.954153
0 0.769294 0.971126 0.781502 0.971126 0.781502 0.996930 0.769294 0.996930
0 0.824033 0.873953 0.838788 0.873953 0.838788 0.899310 0.824033 0.899310
0 0.301096 0.749243 0.354553 0.749243 0.354553 0.818514 0.301096 0.818514
0 0.847168 0.970898 0.860559 0.970898 0.860559 0.996766 0.847168 0.996766
0 0.864444 0.792630 0.890108 0.792630 0.890108 0.806611 0.864444 0.806611
0 0.161898 0.770850 0.194978 0.770850 0.194978 0.791663 0.161898 0.791663
0 0.918062 0.890413 0.931193 0.890413 0.931193 0.915288 0.918062 0.915288
0 0.430418 0.519409 0.530236 0.519409 0.530236 0.623717 0.430418 0.623717
0 0.939596 0.890376 0.953818 0.890376 0.953818 0.916532 0.939596 0.916532
1 0.305773 0.818514 0.349231 0.818514 0.349231 0.840984 0.305773 0.840984
0 0.252320 0.385012 0.352253 0.385012 0.352253 0.489041 0.252320 0.489041
0 0.824821 0.970728 0.837488 0.970728 0.837488 0.996883 0.824821 0.996883
0 0.604638 0.427252 0.614665 0.427252 0.614665 0.444274 0.604638 0.444274
0 0.783224 0.945392 0.808651 0.945392 0.808651 0.958304 0.783224 0.958304
0 0.538691 0.637359 0.555035 0.637359 0.555035 0.645887 0.538691 0.645887
1 0.634629 0.567167 0.664760 0.567167 0.664760 0.574347 0.634629 0.574347
0 0.431832 0.385560 0.531292 0.385560 0.531292 0.491946 0.431832 0.491946
1 0.834366 0.498855 0.862086 0.498855 0.862086 0.505443 0.834366 0.505443
1 0.634544 0.549912 0.664772 0.549912 0.664772 0.557427 0.634544 0.557427
1 0.834495 0.524516 0.862159 0.524516 0.862159 0.531051 0.834495 0.531051
0 0.908026 0.534362 0.915931 0.534362 0.915931 0.549983 0.908026 0.549983
1 0.635193 0.498706 0.664718 0.498706 0.664718 0.505997 0.635193 0.505997
1 0.634899 0.524240 0.664755 0.524240 0.664755 0.531713 0.634899 0.531713
1 0.444527 0.787402 0.487079 0.787402 0.487079 0.808619 0.444527 0.808619
1 0.834768 0.567216 0.862139 0.567216 0.862139 0.573674 0.834768 0.573674
1 0.834574 0.550482 0.861859 0.550482 0.861859 0.556527 0.834574 0.556527
1 0.834156 0.456413 0.861454 0.456413 0.861454 0.462691 0.834156 0.462691
1 0.634878 0.473186 0.664883 0.473186 0.664883 0.480242 0.634878 0.480242
1 0.834291 0.482000 0.862030 0.482000 0.862030 0.488330 0.834291 0.488330
1 0.741527 0.401158 0.748243 0.401158 0.748243 0.430193 0.741527 0.430193
1 0.834279 0.473379 0.861968 0.473379 0.861968 0.479716 0.834279 0.479716
1 0.716140 0.599620 0.723068 0.599620 0.723068 0.628978 0.716140 0.628978
0 0.961559 0.891327 0.976216 0.891327 0.976216 0.916510 0.961559 0.916510
1 0.741532 0.599777 0.748388 0.599777 0.748388 0.629047 0.741532 0.629047
1 0.724503 0.599723 0.731406 0.599723 0.731406 0.629064 0.724503 0.629064
1 0.634304 0.541503 0.664880 0.541503 0.664880 0.548701 0.634304 0.548701
1 0.834462 0.507353 0.862172 0.507353 0.862172 0.514041 0.834462 0.514041
1 0.767052 0.401008 0.773569 0.401008 0.773569 0.430063 0.767052 0.430063
1 0.698841 0.599715 0.705464 0.599715 0.705464 0.628765 0.698841 0.628765
0 0.253280 0.517432 0.354366 0.517432 0.354366 0.623717 0.253280 0.623717
1 0.766978 0.599730 0.773793 0.599730 0.773793 0.629460 0.766978 0.629460
1 0.792951 0.599811 0.799449 0.599811 0.799449 0.629234 0.792951 0.629234
1 0.698965 0.400879 0.705321 0.400879 0.705321 0.430189 0.698965 0.430189
1 0.716070 0.400843 0.722660 0.400843 0.722660 0.430146 0.716070 0.430146
1 0.634881 0.575718 0.664621 0.575718 0.664621 0.583766 0.634881 0.583766
1 0.834597 0.533067 0.862165 0.533067 0.862165 0.539534 0.834597 0.539534
1 0.834865 0.576002 0.862343 0.576002 0.862343 0.582925 0.834865 0.582925
1 0.750156 0.401139 0.756658 0.401139 0.756658 0.430359 0.750156 0.430359
1 0.750380 0.599780 0.757084 0.599780 0.757084 0.629362 0.750380 0.629362
1 0.792921 0.400764 0.799097 0.400764 0.799097 0.430083 0.792921 0.430083
1 0.634775 0.515811 0.664738 0.515811 0.664738 0.523234 0.634775 0.523234
1 0.307044 0.729752 0.347871 0.729752 0.347871 0.748797 0.307044 0.748797
1 0.724544 0.400801 0.731177 0.400801 0.731177 0.430324 0.724544 0.430324
0 0.952980 0.961857 0.962624 0.961857 0.962624 0.978590 0.952980 0.978590
1 0.834342 0.464788 0.861828 0.464788 0.861828 0.471073 0.834342 0.471073
0 0.742761 0.945650 0.756346 0.945650 0.756346 0.971317 0.742761 0.971317
1 0.195508 0.768524 0.205007 0.768524 0.205007 0.794379 0.195508 0.794379
0 0.804708 0.678858 0.831738 0.678858 0.831738 0.692879 0.804708 0.692879
0 0.538419 0.652885 0.554797 0.652885 0.554797 0.662482 0.538419 0.662482
1 0.810239 0.400604 0.816996 0.400604 0.816996 0.429812 0.810239 0.429812
1 0.834617 0.541739 0.862142 0.541739 0.862142 0.548001 0.834617 0.548001
1 0.810338 0.599508 0.816854 0.599508 0.816854 0.630027 0.810338 0.630027
1 0.833981 0.446843 0.861861 0.446843 0.861861 0.454054 0.833981 0.454054
0 0.809322 0.645186 0.824201 0.645186 0.824201 0.652779 0.809322 0.652779
1 0.832227 0.678718 0.835311 0.678718 0.835311 0.693081 0.832227 0.693081
1 0.775932 0.400918 0.782295 0.400918 0.782295 0.430157 0.775932 0.430157
1 0.834572 0.558748 0.862049 0.558748 0.862049 0.565004 0.834572 0.565004
1 0.776067 0.599716 0.782459 0.599716 0.782459 0.629837 0.776067 0.629837
1 0.733003 0.400852 0.739798 0.400852 0.739798 0.430375 0.733003 0.430375
1 0.681483 0.400918 0.688277 0.400918 0.688277 0.429968 0.681483 0.429968
1 0.801681 0.599805 0.808214 0.599805 0.808214 0.629705 0.801681 0.629705
1 0.707754 0.400873 0.714276 0.400873 0.714276 0.430398 0.707754 0.430398
1 0.634865 0.532831 0.664626 0.532831 0.664626 0.540313 0.634865 0.540313
1 0.707871 0.599642 0.714243 0.599642 0.714243 0.629267 0.707871 0.629267
1 0.635378 0.446885 0.664615 0.446885 0.664615 0.454490 0.635378 0.454490
1 0.801670 0.400740 0.808169 0.400740 0.808169 0.430233 0.801670 0.430233
1 0.634685 0.481687 0.664490 0.481687 0.664490 0.488505 0.634685 0.488505
1 0.157863 0.701923 0.173036 0.701923 0.173036 0.714633 0.157863 0.714633
1 0.635417 0.464607 0.664342 0.464607 0.664342 0.471177 0.635417 0.471177
1 0.733334 0.599761 0.739913 0.599761 0.739913 0.629292 0.733334 0.629292
0 0.971136 0.962477 0.978878 0.962477 0.978878 0.978084 0.971136 0.978084
0 0.147301 0.443682 0.164253 0.443682 0.164253 0.452506 0.147301 0.452506
1 0.873398 0.957086 0.889456 0.957086 0.889456 0.960793 0.873398 0.960793
1 0.152585 0.769769 0.160925 0.769769 0.160925 0.793384 0.152585 0.793384
1 0.834450 0.515935 0.862387 0.515935 0.862387 0.522498 0.834450 0.522498
1 0.635236 0.507144 0.664378 0.507144 0.664378 0.514197 0.635236 0.514197
1 0.634932 0.455982 0.664370 0.455982 0.664370 0.462861 0.634932 0.462861
1 0.784702 0.599624 0.791142 0.599624 0.791142 0.629214 0.784702 0.629214
1 0.874291 0.913264 0.890180 0.913264 0.890180 0.917268 0.874291 0.917268
1 0.157099 0.734023 0.173120 0.734023 0.173120 0.747277 0.157099 0.747277
1 0.959751 0.838249 0.976393 0.838249 0.976393 0.842871 0.959751 0.842871
0 0.962848 0.674468 0.972441 0.674468 0.972441 0.691604 0.962848 0.691604
0 0.161200 0.410719 0.177852 0.410719 0.177852 0.419385 0.161200 0.419385
0 0.666527 0.430800 0.831805 0.430800 0.831805 0.597565 0.666527 0.597565
1 0.922449 0.963337 0.938140 0.963337 0.938140 0.966964 0.922449 0.966964
0 0.953709 0.940213 0.971171 0.940213 0.971171 0.949572 0.953709 0.949572
1 0.830706 0.858200 0.846636 0.858200 0.846636 0.862400 0.830706 0.862400
1 0.834319 0.490128 0.862268 0.490128 0.862268 0.496601 0.834319 0.496601
1 0.889083 0.870507 0.903526 0.870507 0.903526 0.874562 0.889083 0.874562
0 0.147165 0.427206 0.164329 0.427206 0.164329 0.436754 0.147165 0.436754
1 0.758586 0.401195 0.765290 0.401195 0.765290 0.430266 0.758586 0.430266
0 0.738637 0.377116 0.753780 0.377116 0.753780 0.384949 0.738637 0.384949
0 0.571891 0.446859 0.589569 0.446859 0.589569 0.456070 0.571891 0.456070
1 0.143721 0.443128 0.147129 0.443128 0.147129 0.452672 0.143721 0.452672
1 0.690928 0.599606 0.697309 0.599606 0.697309 0.628858 0.690928 0.628858
1 0.791299 0.921649 0.806789 0.921649 0.806789 0.924340 0.791299 0.924340
1 0.682779 0.599337 0.688355 0.599337 0.688355 0.629080 0.682779 0.629080
0 0.522985 0.714591 0.561306 0.714591 0.561306 0.783368 0.522985 0.783368
1 0.872419 0.987223 0.888671 0.987223 0.888671 0.991810 0.872419 0.991810
1 0.604371 0.443846 0.615322 0.443846 0.615322 0.447427 0.604371 0.447427
1 0.888826 0.840146 0.902802 0.840146 0.902802 0.844245 0.888826 0.844245
0 0.922790 0.967372 0.937536 0.967372 0.937536 0.992655 0.922790 0.992655
1 0.758811 0.599680 0.765434 0.599680 0.765434 0.629391 0.758811 0.629391
1 0.822138 0.954503 0.837317 0.954503 0.837317 0.958459 0.822138 0.958459
1 0.741306 0.971502 0.757919 0.971502 0.757919 0.976001 0.741306 0.976001
1 0.634773 0.490297 0.664809 0.490297 0.664809 0.497540 0.634773 0.497540
1 0.959882 0.868604 0.975608 0.868604 0.975608 0.872980 0.959882 0.872980
1 0.952728 0.958656 0.962139 0.958656 0.962139 0.961773 0.952728 0.961773
1 0.921843 0.992865 0.937723 0.992865 0.937723 0.996430 0.921843 0.996430
1 0.164605 0.443474 0.168013 0.443474 0.168013 0.453019 0.164605 0.453019
1 0.143259 0.426859 0.146667 0.426859 0.146667 0.436404 0.143259 0.436404
1 0.164143 0.427205 0.167551 0.427205 0.167551 0.436750 0.164143 0.436750
1 0.178335 0.410590 0.181743 0.410590 0.181743 0.420135 0.178335 0.420135
1 0.157451 0.410244 0.160859 0.410244 0.160859 0.419789 0.157451 0.419789
1 0.189016 0.384106 0.251641 0.384106 0.251641 0.411603 0.189016 0.411603
1 0.237736 0.431049 0.252060 0.431049 0.252060 0.444745 0.237736 0.444745
1 0.189330 0.463355 0.252164 0.463355 0.252164 0.491479 0.189330 0.491479
1 0.187990 0.516622 0.253662 0.516622 0.253662 0.544690 0.187990 0.544690
1 0.187446 0.593739 0.252845 0.593739 0.252845 0.623986 0.187446 0.623986
1 0.238012 0.563254 0.252335 0.563254 0.252335 0.576950 0.238012 0.576950
1 0.532084 0.466595 0.595941 0.466595 0.595941 0.494175 0.532084 0.494175
1 0.531556 0.386846 0.596840 0.386846 0.596840 0.416432 0.531556 0.416432
1 0.530764 0.518353 0.595989 0.518353 0.595989 0.548193 0.530764 0.548193
1 0.530236 0.597838 0.595492 0.597838 0.595492 0.625844 0.530236 0.625844
1 0.531556 0.433058 0.547929 0.433058 0.547929 0.448110 0.531556 0.448110
1 0.530236 0.564829 0.546707 0.564829 0.546707 0.578661 0.530236 0.578661
1 0.193562 0.717147 0.209583 0.717147 0.209583 0.730401 0.193562 0.730401
1 0.445458 0.698050 0.487890 0.698050 0.487890 0.718222 0.445458 0.718222
1 0.528430 0.783771 0.557272 0.783771 0.557272 0.801117 0.528430 0.801117
1 0.528767 0.696248 0.557070 0.696248 0.557070 0.714188 0.528767 0.714188
1 0.603554 0.423681 0.614504 0.423681 0.614504 0.427262 0.603554 0.427262
1 0.589924 0.447272 0.592240 0.447272 0.592240 0.455719 0.589924 0.455719
1 0.569078 0.447408 0.571394 0.447408 0.571394 0.455855 0.569078 0.455855
1 0.555227 0.637994 0.557300 0.637994 0.557300 0.645545 0.555227 0.645545
1 0.554931 0.653837 0.557004 0.653837 0.557004 0.661388 0.554931 0.661388
1 0.535979 0.637994 0.538052 0.637994 0.538052 0.645545 0.535979 0.645545
1 0.536275 0.653837 0.538348 0.653837 0.538348 0.661388 0.536275 0.661388
1 0.634544 0.558338 0.664772 0.558338 0.664772 0.565853 0.634544 0.565853
1 0.800933 0.677578 0.804236 0.677578 0.804236 0.693621 0.800933 0.693621
1 0.824504 0.645655 0.826778 0.645655 0.826778 0.652628 0.824504 0.652628
1 0.806619 0.645504 0.808893 0.645504 0.808893 0.652476 0.806619 0.652476
1 0.754210 0.377415 0.755717 0.377415 0.755717 0.384518 0.754210 0.384518
1 0.736452 0.377738 0.738389 0.377738 0.738389 0.384303 0.736452 0.384303
1 0.784879 0.400913 0.791055 0.400913 0.791055 0.430232 0.784879 0.430232
1 0.690626 0.400879 0.696981 0.400879 0.696981 0.430189 0.690626 0.430189
1 0.908916 0.531547 0.914463 0.531547 0.914463 0.534157 0.908916 0.534157
1 0.908753 0.550472 0.914626 0.550472 0.914626 0.552757 0.908753 0.552757
1 0.741306 0.940512 0.757919 0.940512 0.757919 0.945011 0.741306 0.945011
1 0.741306 0.940512 0.757919 0.940512 0.757919 0.945011 0.741306 0.945011
1 0.790312 0.891663 0.806781 0.891663 0.806781 0.894827 0.790312 0.894827
1 0.823613 0.869698 0.839077 0.869698 0.839077 0.873495 0.823613 0.873495
1 0.824039 0.899418 0.838956 0.899418 0.838956 0.903041 0.824039 0.903041
1 0.847392 0.903380 0.862637 0.903380 0.862637 0.906376 0.847392 0.906376
1 0.847698 0.872747 0.862639 0.872747 0.862639 0.876711 0.847698 0.876711
1 0.874608 0.882906 0.890496 0.882906 0.890496 0.886910 0.874608 0.886910
1 0.831022 0.828474 0.846953 0.828474 0.846953 0.832674 0.831022 0.832674
1 0.821971 0.924320 0.837317 0.924320 0.837317 0.927152 0.821971 0.927152
1 0.766823 0.967496 0.783495 0.967496 0.783495 0.970784 0.766823 0.970784
1 0.917924 0.888013 0.931323 0.888013 0.931323 0.890907 0.917924 0.890907
1 0.916350 0.915794 0.932239 0.915794 0.932239 0.919798 0.916350 0.919798
1 0.938803 0.916427 0.954691 0.916427 0.954691 0.920430 0.938803 0.920430
1 0.939119 0.886068 0.955007 0.886068 0.955007 0.890072 0.939119 0.890072
1 0.960939 0.916743 0.976827 0.916743 0.976827 0.920747 0.960939 0.920747
1 0.961255 0.886385 0.977143 0.886385 0.977143 0.890388 0.961255 0.890388
0 0.961885 0.843474 0.974942 0.843474 0.974942 0.868372 0.961885 0.868372
1 0.890324 0.791806 0.893842 0.791806 0.893842 0.807287 0.890324 0.807287
1 0.860065 0.791806 0.864005 0.791806 0.864005 0.807005 0.860065 0.807005
1 0.950917 0.941891 0.953601 0.941891 0.953601 0.948478 0.950917 0.948478
1 0.971409 0.941647 0.973971 0.941647 0.973971 0.948112 0.971409 0.948112
1 0.953357 0.978606 0.961285 0.978606 0.961285 0.981533 0.953357 0.981533
1 0.971437 0.960012 0.978362 0.960012 0.978362 0.962139 0.971437 0.962139
1 0.972019 0.977996 0.977996 0.977996 0.977996 0.980679 0.972019 0.980679
1 0.779222 0.943903 0.782644 0.943903 0.782644 0.959769 0.779222 0.959769
1 0.808881 0.943592 0.812407 0.943592 0.812407 0.959562 0.808881 0.959562
1 0.963731 0.671308 0.970986 0.671308 0.970986 0.674269 0.963731 0.674269
1 0.964027 0.692037 0.971578 0.692037 0.971578 0.695294 0.964027 0.695294
1 0.766823 0.996712 0.783495 0.996712 0.783495 1.000000 0.766823 1.000000
1 0.795752 0.967798 0.812425 0.967798 0.812425 0.971085 0.795752 0.971085
1 0.795752 0.997014 0.812425 0.997014 0.812425 1.000301 0.795752 1.000301
1 0.822723 0.996863 0.839395 0.996863 0.839395 1.000151 0.822723 1.000151
1 0.822723 0.967647 0.839395 0.967647 0.839395 0.970935 0.822723 0.970935
1 0.845324 0.967647 0.861997 0.967647 0.861997 0.970935 0.845324 0.970935
1 0.845324 0.996863 0.861997 0.996863 0.861997 1.000151 0.845324 1.000151
1 0.353218 0.389899 0.385262 0.389899 0.385262 0.483496 0.353218 0.483496
1 0.354630 0.522578 0.384998 0.522578 0.384998 0.616587 0.354630 0.616587
1 0.399431 0.394388 0.431474 0.394388 0.431474 0.487985 0.399431 0.487985
1 0.398902 0.525895 0.430154 0.525895 0.430154 0.620284 0.398902 0.620284
1 0.707137 0.959400 0.730810 0.959400 0.730810 0.969112 0.707137 0.969112
1 0.990657 0.968035 0.999128 0.968035 0.999128 0.971332 0.990657 0.971332
1 0.991316 0.947949 0.998519 0.947949 0.998519 0.951601 0.991316 0.951601
0 0.991367 0.952057 0.998773 0.952057 0.998773 0.967730 0.991367 0.967730
1 0.983708 0.645238 0.991418 0.645238 0.991418 0.685512 0.983708 0.685512
1 0.936986 0.629897 0.974401 0.629897 0.974401 0.637475 0.936986 0.637475
1 0.936410 0.619152 0.973825 0.619152 0.973825 0.626731 0.936410 0.626731
1 0.936506 0.607831 0.973921 0.607831 0.973921 0.615410 0.936506 0.615410
1 0.936314 0.597183 0.973729 0.597183 0.973729 0.604761 0.936314 0.604761
1 0.936218 0.552860 0.973633 0.552860 0.973633 0.560439 0.936218 0.560439
1 0.936410 0.563509 0.973825 0.563509 0.973825 0.571088 0.936410 0.571088
1 0.936314 0.574830 0.973729 0.574830 0.973729 0.582409 0.936314 0.582409
1 0.936890 0.585574 0.974305 0.585574 0.974305 0.593153 0.936890 0.593153
1 0.935999 0.519321 0.973414 0.519321 0.973414 0.526900 0.935999 0.526900
1 0.935807 0.508672 0.973222 0.508672 0.973222 0.516251 0.935807 0.516251
1 0.936383 0.497064 0.973797 0.497064 0.973797 0.504643 0.936383 0.504643
1 0.935807 0.486319 0.973222 0.486319 0.973222 0.493898 0.935807 0.493898
1 0.935903 0.474999 0.973318 0.474999 0.973318 0.482578 0.935903 0.482578
1 0.935711 0.464096 0.973126 0.464096 0.973126 0.471675 0.935711 0.471675
1 0.936479 0.541386 0.973893 0.541386 0.973893 0.548965 0.936479 0.548965
1 0.935903 0.530641 0.973318 0.530641 0.973318 0.538220 0.935903 0.538220
1 0.935711 0.419461 0.973126 0.419461 0.973126 0.427040 0.935711 0.427040
1 0.935903 0.430363 0.973318 0.430363 0.973318 0.437942 0.935903 0.437942
1 0.935807 0.441684 0.973222 0.441684 0.973222 0.449263 0.935807 0.449263
1 0.936383 0.452428 0.973797 0.452428 0.973797 0.460007 0.936383 0.460007
1 0.982961 0.371785 0.990777 0.371785 0.990777 0.410490 0.982961 0.410490
