0 0.378184 0.733123 0.784589 0.732523 0.783988 0.325445 0.377582 0.326046
0 0.177562 0.380232 0.177598 0.394358 0.203629 0.394291 0.203593 0.380165
0 0.189817 0.421924 0.189848 0.435023 0.215370 0.434963 0.215339 0.421863
0 0.234467 0.474881 0.234488 0.488340 0.259988 0.488301 0.259967 0.474841
0 0.451212 0.178950 0.451234 0.192241 0.476707 0.192200 0.476685 0.178909
0 0.155610 0.102746 0.155630 0.116237 0.181547 0.116198 0.181526 0.102706
0 0.235546 0.370537 0.235555 0.379622 0.252181 0.379606 0.252172 0.370521
0 0.314407 0.379604 0.314419 0.387853 0.330033 0.387828 0.330020 0.379580
0 0.314282 0.420626 0.314291 0.428858 0.330071 0.428840 0.330062 0.420608
0 0.469439 0.067025 0.469457 0.075373 0.485321 0.075338 0.485303 0.066990
0 0.209539 0.325425 0.222735 0.325418 0.222720 0.299951 0.209525 0.299959
0 0.314466 0.403549 0.314484 0.411763 0.330086 0.411729 0.330068 0.403515
0 0.244663 0.496686 0.244681 0.510027 0.270363 0.509992 0.270345 0.496651
0 0.314317 0.355532 0.314328 0.363799 0.329848 0.363777 0.329837 0.355510
0 0.070445 0.103844 0.070461 0.116718 0.095697 0.116686 0.095681 0.103813
0 0.186231 0.349652 0.186246 0.362758 0.211788 0.362728 0.211773 0.349623
0 0.149783 0.355703 0.162907 0.355688 0.162879 0.330154 0.149755 0.330169
0 0.230733 0.432844 0.243311 0.432833 0.243289 0.407493 0.230710 0.407504
0 0.408123 0.256492 0.420930 0.256476 0.420900 0.230958 0.408093 0.230973
0 0.437008 0.235161 0.437023 0.244732 0.453872 0.244704 0.453857 0.235133
0 0.440814 0.253024 0.440829 0.261304 0.456342 0.261277 0.456327 0.252996
0 0.469340 0.264788 0.478508 0.264774 0.478483 0.248515 0.469315 0.248529
0 0.421335 0.196586 0.433981 0.196580 0.433970 0.170655 0.421324 0.170660
0 0.302469 0.282126 0.302490 0.295153 0.327937 0.295113 0.327916 0.282087
0 0.314724 0.493229 0.314746 0.501351 0.330134 0.501308 0.330111 0.493186
0 0.261795 0.281202 0.261818 0.294330 0.287449 0.294285 0.287426 0.281157
0 0.120524 0.397461 0.134981 0.397453 0.134968 0.371450 0.120510 0.371457
0 0.222226 0.362585 0.231062 0.362575 0.231044 0.346542 0.222208 0.346552
0 0.273237 0.355956 0.273247 0.364020 0.289105 0.364000 0.289094 0.355936
0 0.109431 0.446370 0.121802 0.446362 0.121784 0.420729 0.109413 0.420737
0 0.273071 0.406741 0.273092 0.416055 0.289839 0.416017 0.289818 0.406703
0 0.127876 0.355895 0.140818 0.355881 0.140791 0.330437 0.127849 0.330450
0 0.465582 0.233885 0.479864 0.233869 0.479834 0.208111 0.465552 0.208128
0 0.314426 0.458507 0.314439 0.466744 0.330225 0.466719 0.330212 0.458483
0 0.099124 0.356247 0.111678 0.356234 0.111652 0.330622 0.099097 0.330635
0 0.440895 0.270021 0.440909 0.278287 0.456414 0.278261 0.456401 0.269995
0 0.314257 0.439103 0.314279 0.448301 0.330823 0.448262 0.330801 0.439064
0 0.314521 0.331635 0.314535 0.339930 0.330392 0.339902 0.330377 0.331607
0 0.272742 0.425089 0.272754 0.434584 0.289662 0.434563 0.289650 0.425068
0 0.316707 0.314140 0.316720 0.323410 0.334018 0.323385 0.334005 0.314115
0 0.273348 0.331697 0.273360 0.339918 0.289162 0.339894 0.289149 0.331674
0 0.411726 0.270663 0.411745 0.279756 0.428074 0.279721 0.428055 0.270629
0 0.181463 0.294134 0.181485 0.302812 0.197775 0.302770 0.197752 0.294092
0 0.269521 0.314236 0.269538 0.323491 0.286524 0.323461 0.286508 0.314206
0 0.314331 0.475313 0.314343 0.483589 0.330155 0.483567 0.330143 0.475291
0 0.058114 0.356367 0.067231 0.356340 0.067182 0.339821 0.058065 0.339848
0 0.272901 0.474794 0.272913 0.484082 0.289749 0.484061 0.289737 0.474773
0 0.213237 0.082604 0.213258 0.090732 0.229342 0.090690 0.229320 0.082561
0 0.252703 0.425959 0.261539 0.425937 0.261496 0.409282 0.252660 0.409304
0 0.079036 0.614269 0.079085 0.628385 0.105260 0.628296 0.105212 0.614180
0 0.172842 0.843766 0.172865 0.857012 0.198176 0.856968 0.198153 0.843722
0 0.135393 0.629485 0.135415 0.643559 0.161412 0.643519 0.161391 0.629445
0 0.034596 0.614806 0.034615 0.628977 0.060488 0.628941 0.060469 0.614771
0 0.248319 0.576990 0.248337 0.591239 0.274247 0.591206 0.274228 0.576957
0 0.112051 0.723452 0.112084 0.737532 0.137731 0.737472 0.137698 0.723392
0 0.134202 0.571626 0.148730 0.571602 0.148686 0.545831 0.134158 0.545855
0 0.176463 0.630188 0.176488 0.643318 0.201989 0.643271 0.201965 0.630140
0 0.031003 0.669570 0.031003 0.696326 0.081884 0.696325 0.081883 0.669569
0 0.079228 0.645209 0.079261 0.659282 0.105096 0.659222 0.105063 0.645148
0 0.251145 0.549811 0.251163 0.563024 0.276594 0.562990 0.276576 0.549776
0 0.133907 0.612007 0.148366 0.611990 0.148336 0.586366 0.133877 0.586383
0 0.267602 0.906879 0.267616 0.920109 0.293121 0.920081 0.293107 0.906851
0 0.081534 0.794337 0.081555 0.808312 0.107356 0.808275 0.107336 0.794300
0 0.078096 0.592252 0.104468 0.592256 0.104475 0.541231 0.078104 0.541227
0 0.301869 0.965523 0.301888 0.938918 0.249241 0.938880 0.249222 0.965486
0 0.222041 0.591322 0.235047 0.591307 0.235019 0.565896 0.222013 0.565911
0 0.121485 0.797443 0.121511 0.811462 0.147337 0.811415 0.147312 0.797397
0 0.164004 0.697307 0.164004 0.670447 0.112720 0.670447 0.112720 0.697306
0 0.223807 0.546646 0.236376 0.546628 0.236341 0.522242 0.223772 0.522260
0 0.432702 0.777739 0.432714 0.785836 0.448506 0.785812 0.448493 0.777715
0 0.391752 0.777761 0.391767 0.785955 0.407612 0.785925 0.407597 0.777731
0 0.405971 0.914803 0.405976 0.888103 0.353727 0.888095 0.353723 0.914795
0 0.314753 0.719867 0.314767 0.727928 0.330481 0.727902 0.330467 0.719841
0 0.344629 0.985400 0.344641 0.998858 0.370185 0.998835 0.370172 0.985376
0 0.273546 0.624414 0.273566 0.632563 0.289224 0.632524 0.289203 0.624375
0 0.314546 0.624469 0.314567 0.632580 0.330404 0.632539 0.330383 0.624428
0 0.273813 0.719853 0.273831 0.728127 0.289614 0.728095 0.289597 0.719820
0 0.427501 0.919236 0.440606 0.919234 0.440602 0.893722 0.427497 0.893724
0 0.185546 0.692459 0.200162 0.692455 0.200154 0.666508 0.185538 0.666513
0 0.002260 0.833052 0.002276 0.841687 0.018622 0.841658 0.018607 0.833023
0 0.314663 0.696117 0.314678 0.704400 0.330502 0.704372 0.330487 0.696089
0 0.034761 0.855009 0.044124 0.854996 0.044100 0.838692 0.034737 0.838706
0 0.323350 0.764185 0.323374 0.772297 0.339039 0.772249 0.339014 0.764138
0 0.149054 0.738902 0.161609 0.738897 0.161598 0.713251 0.149043 0.713256
0 0.234207 0.915457 0.234235 0.924526 0.250880 0.924474 0.250852 0.915406
0 0.205596 0.532214 0.214309 0.532197 0.214278 0.515348 0.205565 0.515364
0 0.314867 0.738918 0.314894 0.747091 0.330588 0.747041 0.330562 0.738867
0 0.051564 0.855155 0.061265 0.855137 0.061232 0.837985 0.051530 0.838003
0 0.383433 0.990742 0.383448 0.999135 0.398910 0.999109 0.398895 0.990716
0 0.170227 0.738236 0.184704 0.738210 0.184659 0.712614 0.170182 0.712639
0 0.315022 0.648634 0.315047 0.656765 0.330513 0.656718 0.330488 0.648587
0 0.273527 0.696250 0.273537 0.704516 0.289337 0.704497 0.289327 0.696231
0 0.321810 0.605409 0.329881 0.605386 0.329837 0.589828 0.321766 0.589851
0 0.015627 0.625127 0.024550 0.625113 0.024524 0.608076 0.015600 0.608090
0 0.097104 0.775553 0.097126 0.784622 0.114046 0.784581 0.114024 0.775511
0 0.273624 0.648166 0.273648 0.656417 0.289598 0.656370 0.289573 0.648119
0 0.273458 0.738353 0.273483 0.746921 0.289645 0.746873 0.289619 0.738305
0 0.424630 0.991081 0.424642 0.999376 0.440062 0.999355 0.440051 0.991059
0 0.383408 0.967348 0.383422 0.975442 0.399033 0.975415 0.399019 0.967321
0 0.360934 0.764444 0.360968 0.772624 0.376958 0.772557 0.376924 0.764376
0 0.314568 0.672364 0.314590 0.680600 0.330474 0.680557 0.330452 0.672321
0 0.203646 0.811764 0.203668 0.820215 0.219864 0.820172 0.219842 0.811722
0 0.056903 0.808863 0.065738 0.808851 0.065715 0.792327 0.056880 0.792339
0 0.273627 0.672138 0.273634 0.680274 0.289567 0.680260 0.289560 0.672124
0 0.463713 0.794984 0.471719 0.794953 0.471656 0.779160 0.463651 0.779192
0 0.244801 0.860877 0.254175 0.860852 0.254131 0.843732 0.244757 0.843756
0 0.769163 0.091374 0.769169 0.118226 0.820266 0.118214 0.820259 0.091362
0 0.777383 0.036811 0.777392 0.055507 0.810974 0.055491 0.810966 0.036795
0 0.918101 0.177486 0.973021 0.177394 0.972859 0.080792 0.917938 0.080885
0 0.580318 0.244696 0.593125 0.244682 0.593099 0.219096 0.580292 0.219109
0 0.820098 0.078805 0.834757 0.078793 0.834737 0.052981 0.820078 0.052992
0 0.903568 0.489305 0.903581 0.498415 0.919761 0.498391 0.919747 0.489280
0 0.634224 0.216455 0.634244 0.229565 0.659747 0.229526 0.659726 0.216416
0 0.743498 0.046298 0.757962 0.046272 0.757916 0.020611 0.743452 0.020636
0 0.863260 0.408215 0.871518 0.408199 0.871488 0.392367 0.863231 0.392383
0 0.580890 0.186542 0.580920 0.200110 0.606383 0.200053 0.606353 0.186486
0 0.830606 0.459579 0.838563 0.459555 0.838516 0.443905 0.830558 0.443930
0 0.609537 0.231105 0.618594 0.231095 0.618574 0.214277 0.609517 0.214287
0 0.652685 0.261290 0.652711 0.269571 0.668517 0.269522 0.668492 0.261241
0 0.830984 0.410267 0.838912 0.410250 0.838877 0.394420 0.830948 0.394438
0 0.699010 0.270019 0.699021 0.278198 0.714668 0.278175 0.714657 0.269997
0 0.847476 0.460220 0.856369 0.460210 0.856350 0.443693 0.847457 0.443703
0 0.630838 0.275219 0.638962 0.275201 0.638928 0.259540 0.630805 0.259557
0 0.515752 0.255060 0.515779 0.263310 0.531544 0.263258 0.531517 0.255008
0 0.652216 0.243671 0.652238 0.252922 0.669058 0.252881 0.669036 0.243630
0 0.835601 0.366178 0.844420 0.366164 0.844395 0.349943 0.835576 0.349957
0 0.835008 0.337566 0.844897 0.337551 0.844872 0.320567 0.834983 0.320582
0 0.864593 0.437844 0.873496 0.437833 0.873474 0.421166 0.864572 0.421177
0 0.489606 0.085005 0.489622 0.094240 0.505986 0.094213 0.505971 0.084978
0 0.622989 0.238658 0.623017 0.247659 0.639540 0.247606 0.639511 0.238606
0 0.534843 0.061185 0.534861 0.070466 0.551463 0.070432 0.551444 0.061151
0 0.568302 0.061187 0.568326 0.070419 0.585040 0.070376 0.585016 0.061144
0 0.797228 0.731619 0.797245 0.739738 0.813074 0.739704 0.813056 0.731585
0 0.699354 0.821790 0.699365 0.829974 0.714984 0.829954 0.714974 0.821771
0 0.894447 0.548028 0.913716 0.547991 0.913656 0.516664 0.894388 0.516700
0 0.518200 0.813632 0.518216 0.821799 0.534050 0.821768 0.534034 0.813601
0 0.855908 0.659421 0.908110 0.659349 0.907997 0.577083 0.855795 0.577155
0 0.920001 0.644095 0.927878 0.644071 0.927831 0.628236 0.919954 0.628259
0 0.919795 0.592797 0.927713 0.592782 0.927682 0.577007 0.919764 0.577022
0 0.826434 0.588491 0.826448 0.597686 0.842978 0.597660 0.842964 0.588465
0 0.844601 0.904301 0.853794 0.904293 0.853779 0.887157 0.844586 0.887165
0 0.726454 0.833545 0.736205 0.833532 0.736183 0.816466 0.726432 0.816478
0 0.830377 0.701169 0.838461 0.701147 0.838417 0.685188 0.830333 0.685210
0 0.861666 0.548738 0.881382 0.548691 0.881309 0.517776 0.861593 0.517823
0 0.852858 0.489481 0.852890 0.498445 0.869186 0.498388 0.869154 0.489423
0 0.480847 0.795034 0.488846 0.795002 0.488784 0.779352 0.480785 0.779384
0 0.658182 0.795077 0.666113 0.795053 0.666066 0.779084 0.658135 0.779108
0 0.721482 0.779473 0.721506 0.787478 0.737330 0.787431 0.737307 0.779426
0 0.641760 0.794972 0.649680 0.794947 0.649630 0.779114 0.641710 0.779140
0 0.521745 0.794954 0.529666 0.794922 0.529602 0.779105 0.521681 0.779137
0 0.504632 0.795260 0.512775 0.795223 0.512704 0.779478 0.504561 0.779514
0 0.698741 0.794635 0.706570 0.794613 0.706524 0.778585 0.698695 0.778607
0 0.583849 0.802323 0.583872 0.811852 0.600663 0.811813 0.600641 0.802283
0 0.770205 0.872410 0.770215 0.881555 0.787503 0.881537 0.787493 0.872392
0 0.610274 0.819651 0.610283 0.827655 0.626076 0.827637 0.626066 0.819633
0 0.549263 0.795114 0.557399 0.795104 0.557379 0.779383 0.549243 0.779393
1 0.181758 0.117536 0.185046 0.117533 0.185030 0.101852 0.181742 0.101856
1 0.151741 0.117320 0.155478 0.117317 0.155468 0.101936 0.151731 0.101939
1 0.065665 0.117822 0.070040 0.117818 0.070025 0.102042 0.065650 0.102046
1 0.209783 0.091221 0.213410 0.091238 0.213454 0.082078 0.209827 0.082061
1 0.229205 0.091041 0.233010 0.091041 0.233010 0.081931 0.229205 0.081931
1 0.095935 0.117424 0.100497 0.117422 0.100493 0.102286 0.095931 0.102287
1 0.229512 0.489411 0.234196 0.489410 0.234191 0.473563 0.229507 0.473565
1 0.208523 0.295449 0.208524 0.299674 0.224117 0.299670 0.224116 0.295445
1 0.182358 0.364281 0.186427 0.364276 0.186409 0.348402 0.182340 0.348407
1 0.097789 0.356309 0.097790 0.360653 0.112688 0.360648 0.112686 0.356304
1 0.123165 0.420952 0.123166 0.416703 0.108174 0.416697 0.108172 0.420946
1 0.107860 0.446726 0.107864 0.451328 0.123484 0.451316 0.123481 0.446713
1 0.173533 0.395309 0.177475 0.395302 0.177447 0.379204 0.173505 0.379210
1 0.135877 0.371627 0.135880 0.367073 0.119977 0.367061 0.119974 0.371615
1 0.203800 0.395102 0.208140 0.395099 0.208130 0.379064 0.203790 0.379067
1 0.126909 0.356127 0.126915 0.360887 0.142385 0.360870 0.142380 0.356111
1 0.215675 0.435603 0.219597 0.435597 0.219577 0.420841 0.215655 0.420846
1 0.244396 0.407007 0.244398 0.402830 0.229339 0.402824 0.229338 0.407002
1 0.119953 0.397806 0.119956 0.401916 0.135325 0.401905 0.135322 0.397794
1 0.148594 0.356094 0.148595 0.360348 0.164055 0.360346 0.164054 0.356092
1 0.231120 0.346876 0.231138 0.343216 0.222379 0.343171 0.222360 0.346831
1 0.097498 0.326223 0.097504 0.330779 0.113414 0.330755 0.113408 0.326199
1 0.185868 0.435962 0.189645 0.435961 0.189640 0.420708 0.185864 0.420709
1 0.208941 0.325523 0.208944 0.329815 0.223508 0.329806 0.223505 0.325514
1 0.222012 0.362695 0.222015 0.365897 0.230880 0.365889 0.230877 0.362687
1 0.212106 0.363684 0.215969 0.363685 0.215976 0.348435 0.212112 0.348434
1 0.164528 0.330321 0.164531 0.325682 0.148675 0.325673 0.148672 0.330311
1 0.058232 0.336606 0.058238 0.340071 0.066898 0.340055 0.066891 0.336590
1 0.197719 0.302872 0.201120 0.302882 0.201148 0.293691 0.197748 0.293680
1 0.232641 0.379102 0.235332 0.379100 0.235326 0.370995 0.232635 0.370997
1 0.142762 0.330345 0.142763 0.325677 0.126435 0.325676 0.126434 0.330344
1 0.229724 0.433137 0.229730 0.437424 0.244006 0.437402 0.244000 0.433116
1 0.067223 0.359336 0.067226 0.356473 0.057990 0.356463 0.057987 0.359326
1 0.178390 0.303192 0.181375 0.303188 0.181361 0.294119 0.178377 0.294123
1 0.082535 0.698126 0.093182 0.698108 0.093131 0.668911 0.082484 0.668930
1 0.164862 0.697839 0.175168 0.697822 0.175120 0.668947 0.164814 0.668964
1 0.077404 0.529777 0.077422 0.540193 0.106622 0.540143 0.106604 0.529727
1 0.077424 0.592561 0.077439 0.604975 0.106427 0.604942 0.106412 0.592527
1 0.018831 0.698232 0.030144 0.698217 0.030104 0.669076 0.018791 0.669092
1 0.101008 0.698368 0.112230 0.698360 0.112211 0.669048 0.100988 0.669055
1 0.239676 0.511161 0.244670 0.511160 0.244664 0.495364 0.239670 0.495366
1 0.133189 0.582118 0.133190 0.586049 0.148894 0.586048 0.148894 0.582117
1 0.171725 0.643927 0.176358 0.643924 0.176348 0.628892 0.171716 0.628895
1 0.246721 0.538800 0.251307 0.538797 0.251297 0.522977 0.246711 0.522980
1 0.133183 0.541478 0.133184 0.545419 0.149571 0.545414 0.149570 0.541474
1 0.075043 0.629598 0.078895 0.629594 0.078881 0.613375 0.075029 0.613378
1 0.169412 0.708340 0.169414 0.712012 0.185235 0.712003 0.185233 0.708331
1 0.220827 0.561059 0.220831 0.565671 0.236899 0.565655 0.236895 0.561044
1 0.222156 0.517616 0.222160 0.521727 0.238260 0.521711 0.238255 0.517600
1 0.238662 0.552343 0.238663 0.547267 0.221665 0.547261 0.221663 0.552337
1 0.060929 0.629770 0.064983 0.629767 0.064968 0.613431 0.060914 0.613434
1 0.161320 0.644233 0.166057 0.644233 0.166056 0.628926 0.161319 0.628926
1 0.220366 0.591427 0.220368 0.596240 0.236569 0.596233 0.236567 0.591420
1 0.074599 0.659917 0.078612 0.659916 0.078609 0.644082 0.074596 0.644083
1 0.202060 0.644968 0.206298 0.644967 0.206296 0.628735 0.202059 0.628736
1 0.131192 0.644210 0.135264 0.644208 0.135257 0.629171 0.131185 0.629173
1 0.107298 0.738834 0.111573 0.738822 0.111528 0.721985 0.107253 0.721996
1 0.147508 0.738774 0.147508 0.743358 0.162659 0.743356 0.162658 0.738772
1 0.147616 0.708534 0.147620 0.712935 0.163155 0.712922 0.163152 0.708521
1 0.169851 0.738710 0.169854 0.743342 0.185523 0.743331 0.185520 0.738699
1 0.243302 0.592028 0.247950 0.592025 0.247940 0.575376 0.243292 0.575379
1 0.183519 0.692657 0.183522 0.697214 0.201167 0.697205 0.201165 0.692648
1 0.200828 0.666488 0.200831 0.662650 0.185097 0.662640 0.185094 0.666478
1 0.105477 0.660121 0.109370 0.660119 0.109363 0.644079 0.105470 0.644080
1 0.105217 0.629434 0.109122 0.629435 0.109129 0.613661 0.105224 0.613659
1 0.133220 0.612347 0.133220 0.617170 0.149215 0.617170 0.149214 0.612347
1 0.015660 0.625159 0.015671 0.627846 0.024654 0.627808 0.024642 0.625120
1 0.015849 0.604642 0.015858 0.608144 0.024675 0.608122 0.024666 0.604620
1 0.213743 0.515347 0.213758 0.512241 0.205837 0.512205 0.205823 0.515310
1 0.137825 0.738108 0.141659 0.738107 0.141653 0.722635 0.137819 0.722637
1 0.214488 0.535236 0.214489 0.532205 0.205516 0.532203 0.205516 0.535234
1 0.133342 0.572213 0.133345 0.576115 0.149199 0.576104 0.149197 0.572202
1 0.030415 0.631102 0.034324 0.631100 0.034311 0.613444 0.030402 0.613446
1 0.238851 0.966737 0.248665 0.966719 0.248612 0.937318 0.238798 0.937336
1 0.198503 0.858033 0.202718 0.858026 0.202691 0.842114 0.198476 0.842121
1 0.076343 0.809888 0.081269 0.809885 0.081261 0.793449 0.076335 0.793451
1 0.147720 0.812482 0.152422 0.812480 0.152415 0.796295 0.147712 0.796297
1 0.168579 0.858438 0.172523 0.858437 0.172521 0.842352 0.168577 0.842353
1 0.107252 0.809252 0.111516 0.809250 0.111511 0.793804 0.107246 0.793806
1 0.117342 0.811930 0.121379 0.811925 0.121358 0.796327 0.117322 0.796333
1 0.035426 0.855535 0.035436 0.859128 0.043728 0.859106 0.043718 0.855513
1 0.034989 0.835146 0.034993 0.838587 0.043862 0.838578 0.043859 0.835138
1 0.019015 0.841615 0.021737 0.841616 0.021738 0.833213 0.019017 0.833212
1 0.065263 0.792042 0.065265 0.789198 0.057314 0.789192 0.057312 0.792037
1 0.051665 0.854817 0.051684 0.858276 0.061067 0.858227 0.061049 0.854767
1 0.220133 0.820217 0.223373 0.820211 0.223355 0.811524 0.220115 0.811531
1 0.052111 0.835031 0.052116 0.838152 0.060621 0.838139 0.060616 0.835018
1 0.253656 0.843719 0.253667 0.840578 0.245315 0.840549 0.245304 0.843691
1 0.200509 0.820266 0.203197 0.820262 0.203183 0.811885 0.200494 0.811889
1 0.065650 0.812322 0.065652 0.809058 0.056729 0.809054 0.056728 0.812318
1 0.113944 0.784349 0.116637 0.784350 0.116639 0.776100 0.113946 0.776099
1 0.000009 0.841663 0.002401 0.841663 0.002401 0.833057 0.000010 0.833057
1 0.231320 0.924046 0.233736 0.924043 0.233726 0.916006 0.231309 0.916009
1 0.093541 0.784869 0.096804 0.784876 0.096826 0.775335 0.093563 0.775327
1 0.476951 0.193552 0.481361 0.193552 0.481361 0.177316 0.476951 0.177316
1 0.480401 0.208279 0.480402 0.203473 0.464945 0.203470 0.464944 0.208276
1 0.419904 0.196869 0.419906 0.201414 0.435199 0.201408 0.435197 0.196863
1 0.435474 0.170758 0.435476 0.165688 0.419342 0.165682 0.419340 0.170752
1 0.480390 0.239041 0.480391 0.234215 0.464757 0.234211 0.464756 0.239037
1 0.446653 0.193265 0.450821 0.193262 0.450812 0.177513 0.446644 0.177515
1 0.469879 0.245235 0.469880 0.248553 0.478692 0.248550 0.478691 0.245232
1 0.465779 0.075372 0.469223 0.075370 0.469216 0.066913 0.465773 0.066915
1 0.406209 0.226388 0.406209 0.230788 0.422463 0.230786 0.422463 0.226386
1 0.406504 0.256828 0.406508 0.261383 0.422188 0.261368 0.422183 0.256813
1 0.485328 0.075024 0.488869 0.075021 0.488862 0.066577 0.485322 0.066580
1 0.453869 0.244422 0.457287 0.244428 0.457301 0.235835 0.453883 0.235830
1 0.433635 0.244336 0.436961 0.244355 0.437013 0.235525 0.433687 0.235505
1 0.437188 0.261102 0.440686 0.261099 0.440678 0.252693 0.437180 0.252696
1 0.486260 0.094435 0.489233 0.094428 0.489210 0.085230 0.486238 0.085237
1 0.346925 0.350815 0.346928 0.357596 0.376611 0.357585 0.376609 0.350804
1 0.347053 0.359520 0.347057 0.366262 0.376427 0.366243 0.376423 0.359502
1 0.347391 0.393648 0.347398 0.400414 0.376175 0.400384 0.376169 0.393619
1 0.347163 0.368072 0.347169 0.374729 0.376245 0.374705 0.376240 0.368048
1 0.347039 0.342332 0.347044 0.349155 0.376824 0.349131 0.376819 0.342308
1 0.347495 0.402224 0.347502 0.408876 0.376214 0.408847 0.376207 0.402194
1 0.347313 0.376618 0.347319 0.383312 0.376182 0.383287 0.376176 0.376592
1 0.347544 0.385084 0.347552 0.391970 0.376169 0.391938 0.376161 0.385053
1 0.347402 0.410744 0.347409 0.417353 0.376144 0.417321 0.376136 0.410712
1 0.347627 0.419278 0.347634 0.425783 0.376185 0.425751 0.376177 0.419246
1 0.410849 0.326119 0.417066 0.326111 0.417023 0.295872 0.410806 0.295880
1 0.436406 0.326204 0.442707 0.326196 0.442670 0.296487 0.436368 0.296495
1 0.419477 0.326085 0.425580 0.326077 0.425537 0.295862 0.419433 0.295871
1 0.347499 0.428025 0.347507 0.434361 0.376161 0.434326 0.376153 0.427990
1 0.347050 0.436485 0.347059 0.442899 0.376134 0.442860 0.376125 0.436446
1 0.462132 0.325980 0.468478 0.325974 0.468452 0.295659 0.462106 0.295665
1 0.470715 0.326004 0.476939 0.326000 0.476921 0.295778 0.470697 0.295781
1 0.347551 0.470478 0.347555 0.477173 0.376267 0.477158 0.376264 0.470463
1 0.346939 0.444897 0.346948 0.451478 0.376159 0.451436 0.376150 0.444855
1 0.427999 0.326066 0.434118 0.326056 0.434070 0.295903 0.427951 0.295913
1 0.347553 0.461966 0.347559 0.468713 0.376339 0.468684 0.376332 0.461937
1 0.347096 0.453448 0.347105 0.460077 0.376337 0.460038 0.376328 0.453409
1 0.453473 0.326037 0.459758 0.326030 0.459725 0.295800 0.453439 0.295807
1 0.445105 0.326103 0.451440 0.326094 0.451397 0.296346 0.445062 0.296355
1 0.479041 0.326079 0.485421 0.326077 0.485412 0.296123 0.479032 0.296124
1 0.376195 0.485660 0.376196 0.479074 0.347138 0.479069 0.347137 0.485655
1 0.328110 0.295325 0.332544 0.295324 0.332540 0.280188 0.328106 0.280190
1 0.287529 0.295653 0.292020 0.295652 0.292018 0.280311 0.287527 0.280311
1 0.310684 0.387435 0.314455 0.387450 0.314487 0.379661 0.310716 0.379645
1 0.297962 0.295729 0.302187 0.295723 0.302162 0.280396 0.297936 0.280403
1 0.311063 0.411541 0.314479 0.411551 0.314504 0.403510 0.311087 0.403499
1 0.257156 0.295997 0.261357 0.295990 0.261330 0.280034 0.257129 0.280041
1 0.310537 0.363541 0.314395 0.363556 0.314426 0.355453 0.310568 0.355439
1 0.347726 0.496115 0.347729 0.502980 0.375799 0.502968 0.375796 0.496103
1 0.330191 0.387954 0.333812 0.387960 0.333825 0.379469 0.330204 0.379463
1 0.310492 0.466591 0.314530 0.466604 0.314556 0.458446 0.310519 0.458432
1 0.289744 0.434382 0.292665 0.434382 0.292666 0.425511 0.289745 0.425511
1 0.333875 0.323159 0.337223 0.323156 0.337216 0.314153 0.333867 0.314155
1 0.310983 0.501314 0.314668 0.501322 0.314686 0.492483 0.311001 0.492475
1 0.330328 0.412029 0.334114 0.412036 0.334130 0.403305 0.330344 0.403298
1 0.330239 0.501197 0.334036 0.501194 0.334031 0.493030 0.330234 0.493032
1 0.330010 0.363804 0.333854 0.363802 0.333848 0.355459 0.330004 0.355461
1 0.269753 0.415404 0.273125 0.415409 0.273136 0.406842 0.269764 0.406837
1 0.347177 0.487660 0.347180 0.494426 0.375938 0.494411 0.375934 0.487646
1 0.330440 0.466735 0.334158 0.466746 0.334184 0.458665 0.330465 0.458654
1 0.330168 0.429051 0.334076 0.429055 0.334085 0.420447 0.330176 0.420444
1 0.330269 0.483431 0.334174 0.483438 0.334187 0.475438 0.330282 0.475432
1 0.456587 0.278128 0.460188 0.278124 0.460181 0.270362 0.456580 0.270366
1 0.289201 0.363705 0.292962 0.363698 0.292948 0.355884 0.289187 0.355891
1 0.269754 0.363809 0.273341 0.363824 0.273372 0.356239 0.269785 0.356225
1 0.330571 0.339897 0.334182 0.339899 0.334186 0.331971 0.330575 0.331969
1 0.310853 0.339988 0.314655 0.339983 0.314644 0.331634 0.310842 0.331639
1 0.270032 0.339583 0.273503 0.339578 0.273492 0.331733 0.270022 0.331738
1 0.330924 0.447927 0.333945 0.447935 0.333967 0.439185 0.330946 0.439178
1 0.427961 0.279489 0.431650 0.279480 0.431629 0.270553 0.427939 0.270562
1 0.310797 0.447982 0.314186 0.447984 0.314191 0.439277 0.310801 0.439275
1 0.436906 0.278243 0.440771 0.278240 0.440765 0.270154 0.436900 0.270157
1 0.469777 0.264953 0.469784 0.267747 0.478754 0.267725 0.478747 0.264931
1 0.456386 0.260982 0.459714 0.260982 0.459713 0.253391 0.456385 0.253391
1 0.289816 0.415950 0.293179 0.415960 0.293204 0.407087 0.289841 0.407078
1 0.408232 0.279471 0.411890 0.279464 0.411873 0.270590 0.408214 0.270597
1 0.487559 0.326160 0.493936 0.326165 0.493959 0.295972 0.487582 0.295967
1 0.310726 0.483595 0.314375 0.483594 0.314372 0.475474 0.310723 0.475475
1 0.261332 0.409121 0.261342 0.406134 0.252846 0.406105 0.252836 0.409092
1 0.310531 0.428588 0.314113 0.428603 0.314145 0.420739 0.310563 0.420725
1 0.290152 0.484130 0.293031 0.484129 0.293028 0.475034 0.290150 0.475034
1 0.261437 0.429133 0.261437 0.426109 0.252960 0.426108 0.252960 0.429133
1 0.269586 0.434527 0.272780 0.434524 0.272774 0.425541 0.269580 0.425543
1 0.266438 0.323327 0.269699 0.323339 0.269730 0.314619 0.266469 0.314607
1 0.260103 0.488961 0.264618 0.488960 0.264615 0.473755 0.260101 0.473756
1 0.289245 0.339765 0.292896 0.339751 0.292865 0.331905 0.289214 0.331919
1 0.286929 0.323720 0.290560 0.323728 0.290580 0.314523 0.286949 0.314515
1 0.313065 0.323637 0.316562 0.323644 0.316582 0.314232 0.313084 0.314224
1 0.269821 0.483756 0.273328 0.483761 0.273340 0.475143 0.269833 0.475138
1 0.252334 0.379313 0.254926 0.379314 0.254928 0.371090 0.252336 0.371089
1 0.347051 0.547618 0.347053 0.554271 0.376145 0.554263 0.376144 0.547610
1 0.347539 0.590347 0.347545 0.596952 0.376122 0.596924 0.376116 0.590319
1 0.347261 0.556243 0.347265 0.562768 0.376183 0.562752 0.376180 0.556227
1 0.347435 0.598872 0.347442 0.605619 0.376107 0.605589 0.376100 0.598843
1 0.347656 0.581710 0.347661 0.588277 0.376098 0.588254 0.376092 0.581687
1 0.347558 0.573278 0.347564 0.579910 0.376093 0.579887 0.376088 0.573255
1 0.376118 0.545785 0.376119 0.539108 0.347090 0.539103 0.347088 0.545779
1 0.347356 0.607442 0.347364 0.614223 0.376104 0.614190 0.376096 0.607409
1 0.347238 0.564768 0.347243 0.571464 0.376129 0.571442 0.376124 0.564746
1 0.347306 0.615947 0.347315 0.622749 0.376139 0.622714 0.376130 0.615912
1 0.347492 0.633045 0.347500 0.639820 0.376264 0.639785 0.376256 0.633011
1 0.376594 0.682656 0.376595 0.675660 0.346970 0.675658 0.346969 0.682654
1 0.347198 0.667094 0.347204 0.674067 0.376611 0.674043 0.376606 0.667070
1 0.347341 0.624551 0.347349 0.631376 0.376239 0.631342 0.376231 0.624517
1 0.347330 0.641511 0.347339 0.648420 0.376176 0.648380 0.376166 0.641471
1 0.347417 0.658544 0.347425 0.665614 0.376668 0.665584 0.376661 0.658513
1 0.347355 0.650160 0.347364 0.657149 0.376542 0.657110 0.376533 0.650121
1 0.274250 0.591882 0.278208 0.591879 0.278194 0.576004 0.274236 0.576008
1 0.330200 0.589771 0.330217 0.585764 0.321763 0.585728 0.321746 0.589735
1 0.277087 0.538595 0.281961 0.538590 0.281946 0.522595 0.277073 0.522600
1 0.375918 0.528649 0.375918 0.521892 0.347823 0.521891 0.347823 0.528648
1 0.347681 0.513414 0.347683 0.520192 0.376076 0.520183 0.376074 0.513405
1 0.311058 0.727648 0.314592 0.727662 0.314626 0.719595 0.311092 0.719581
1 0.277021 0.564627 0.281527 0.564625 0.281520 0.548694 0.277015 0.548696
1 0.376585 0.691208 0.376592 0.683974 0.346905 0.683948 0.346898 0.691182
1 0.347933 0.504916 0.347935 0.511502 0.376097 0.511497 0.376095 0.504911
1 0.270441 0.511201 0.274597 0.511198 0.274586 0.495543 0.270430 0.495547
1 0.310878 0.632611 0.314473 0.632619 0.314494 0.624000 0.310899 0.623991
1 0.270300 0.727857 0.273938 0.727872 0.273970 0.720027 0.270331 0.720012
1 0.269984 0.632301 0.273645 0.632310 0.273667 0.624141 0.270005 0.624131
1 0.330791 0.704676 0.334401 0.704679 0.334408 0.695997 0.330798 0.695994
1 0.311044 0.747051 0.314713 0.747049 0.314708 0.738619 0.311039 0.738621
1 0.330666 0.680834 0.334378 0.680839 0.334390 0.671973 0.330677 0.671968
1 0.330781 0.727868 0.334258 0.727864 0.334248 0.720031 0.330771 0.720036
1 0.347728 0.530597 0.347729 0.537169 0.375888 0.537165 0.375887 0.530593
1 0.376491 0.716519 0.376494 0.710125 0.347828 0.710111 0.347825 0.716504
1 0.347373 0.692717 0.347376 0.699692 0.376288 0.699677 0.376285 0.692701
1 0.330613 0.656883 0.334418 0.656888 0.334432 0.647833 0.330627 0.647827
1 0.289348 0.632280 0.292971 0.632279 0.292969 0.624330 0.289347 0.624331
1 0.289695 0.747101 0.293006 0.747102 0.293008 0.738338 0.289697 0.738337
1 0.289627 0.704441 0.292906 0.704441 0.292906 0.695958 0.289627 0.695958
1 0.376442 0.708081 0.376443 0.701581 0.347680 0.701577 0.347679 0.708077
1 0.330488 0.632845 0.334359 0.632849 0.334368 0.624072 0.330496 0.624068
1 0.289721 0.656114 0.292871 0.656114 0.292869 0.648110 0.289719 0.648111
1 0.289735 0.728032 0.293069 0.728037 0.293082 0.719804 0.289748 0.719799
1 0.246726 0.564605 0.251014 0.564599 0.250995 0.548498 0.246706 0.548503
1 0.270303 0.746592 0.273494 0.746594 0.273498 0.738007 0.270307 0.738006
1 0.289835 0.680146 0.292912 0.680146 0.292910 0.671969 0.289833 0.671970
1 0.311258 0.656889 0.314908 0.656898 0.314929 0.647773 0.311279 0.647764
1 0.311376 0.704525 0.314696 0.704541 0.314740 0.695629 0.311421 0.695612
1 0.270079 0.704645 0.273419 0.704663 0.273464 0.696198 0.270124 0.696180
1 0.330639 0.747049 0.334124 0.747052 0.334130 0.738668 0.330646 0.738665
1 0.330465 0.609184 0.330468 0.605492 0.321673 0.605485 0.321670 0.609176
1 0.311094 0.680722 0.314510 0.680727 0.314522 0.671777 0.311106 0.671772
1 0.270429 0.656046 0.273794 0.656052 0.273808 0.648106 0.270444 0.648100
1 0.269889 0.680596 0.273621 0.680598 0.273626 0.671981 0.269894 0.671979
1 0.302786 0.966451 0.313642 0.966430 0.313585 0.937279 0.302730 0.937300
1 0.406770 0.917100 0.418077 0.917075 0.418014 0.888080 0.406706 0.888105
1 0.343103 0.917323 0.352625 0.917301 0.352560 0.888179 0.343037 0.888200
1 0.262484 0.921345 0.267232 0.921340 0.267213 0.905187 0.262466 0.905193
1 0.425841 0.888768 0.425845 0.893291 0.441936 0.893276 0.441932 0.888752
1 0.425885 0.919467 0.425885 0.924480 0.442030 0.924479 0.442030 0.919466
1 0.319646 0.772263 0.322895 0.772274 0.322922 0.764338 0.319673 0.764327
1 0.488759 0.778898 0.488769 0.774998 0.480716 0.774978 0.480706 0.778877
1 0.250708 0.924263 0.253321 0.924278 0.253369 0.915639 0.250756 0.915624
1 0.388300 0.785677 0.391733 0.785682 0.391744 0.777709 0.388311 0.777704
1 0.488978 0.798159 0.488995 0.795018 0.480633 0.794971 0.480616 0.798112
1 0.339221 0.772150 0.342111 0.772148 0.342107 0.764451 0.339216 0.764453
1 0.357825 0.772048 0.360975 0.772062 0.361006 0.764600 0.357856 0.764587
1 0.471924 0.798230 0.471940 0.795180 0.463847 0.795137 0.463831 0.798188
1 0.370221 0.999784 0.375059 0.999781 0.375052 0.984168 0.370214 0.984170
1 0.339548 0.999608 0.344084 0.999599 0.344053 0.984131 0.339517 0.984140
1 0.471688 0.778670 0.471698 0.775086 0.463858 0.775064 0.463848 0.778649
1 0.448368 0.785825 0.451771 0.785822 0.451765 0.777742 0.448361 0.777745
1 0.407755 0.785528 0.410556 0.785527 0.410553 0.778017 0.407751 0.778018
1 0.429542 0.785566 0.432598 0.785570 0.432608 0.777771 0.429552 0.777767
1 0.293613 0.921109 0.297449 0.921107 0.297441 0.905928 0.293605 0.905930
1 0.399049 0.975471 0.401908 0.975471 0.401907 0.967168 0.399048 0.967169
1 0.440340 0.999172 0.443573 0.999169 0.443567 0.991182 0.440333 0.991184
1 0.398894 0.999038 0.402030 0.999051 0.402064 0.990965 0.398928 0.990952
1 0.380753 0.974434 0.383467 0.974430 0.383455 0.967934 0.380741 0.967939
1 0.421692 0.999211 0.424654 0.999209 0.424647 0.991249 0.421685 0.991251
1 0.380521 0.999416 0.383590 0.999415 0.383586 0.990575 0.380517 0.990576
1 0.376893 0.772189 0.379508 0.772187 0.379501 0.764743 0.376886 0.764746
1 0.254071 0.864737 0.254081 0.861035 0.245929 0.861011 0.245919 0.864713
1 0.606443 0.201487 0.611098 0.201485 0.611092 0.185730 0.606437 0.185731
1 0.659873 0.230049 0.664208 0.230048 0.664205 0.215160 0.659869 0.215161
1 0.579209 0.244953 0.579210 0.249423 0.594907 0.249423 0.594907 0.244952
1 0.609959 0.210949 0.609963 0.214343 0.618703 0.214335 0.618700 0.210941
1 0.629379 0.230610 0.633997 0.230601 0.633964 0.214673 0.629346 0.214682
1 0.578537 0.214370 0.578539 0.219058 0.594985 0.219052 0.594983 0.214363
1 0.575952 0.201159 0.580713 0.201155 0.580700 0.185769 0.575939 0.185773
1 0.506073 0.094371 0.509742 0.094368 0.509735 0.084937 0.506066 0.084939
1 0.618794 0.234477 0.618796 0.230973 0.609265 0.230966 0.609263 0.234471
1 0.668978 0.252727 0.672112 0.252743 0.672156 0.244260 0.669022 0.244244
1 0.638761 0.259531 0.638763 0.256024 0.631024 0.256020 0.631022 0.259527
1 0.584909 0.070265 0.588639 0.070262 0.588633 0.061381 0.584903 0.061383
1 0.639398 0.248129 0.643154 0.248148 0.643201 0.238867 0.639445 0.238848
1 0.551429 0.070176 0.555056 0.070184 0.555073 0.061376 0.551447 0.061369
1 0.620567 0.246859 0.623852 0.246861 0.623856 0.239162 0.620571 0.239160
1 0.565092 0.069530 0.568309 0.069551 0.568361 0.061583 0.565144 0.061562
1 0.531531 0.069864 0.534776 0.069856 0.534757 0.061819 0.531513 0.061827
1 0.648813 0.252571 0.651851 0.252581 0.651879 0.244023 0.648841 0.244013
1 0.572836 0.326046 0.579156 0.326038 0.579121 0.295865 0.572801 0.295873
1 0.624360 0.325848 0.630618 0.325838 0.630571 0.296320 0.624314 0.296330
1 0.607020 0.325894 0.613251 0.325886 0.613211 0.295571 0.606980 0.295579
1 0.581202 0.325941 0.587616 0.325932 0.587576 0.296127 0.581161 0.296135
1 0.564512 0.326070 0.570725 0.326065 0.570700 0.295750 0.564488 0.295755
1 0.598398 0.325925 0.604703 0.325917 0.604665 0.295502 0.598359 0.295510
1 0.555866 0.326227 0.562223 0.326226 0.562217 0.295573 0.555860 0.295574
1 0.658450 0.325950 0.664814 0.325944 0.664786 0.296189 0.658421 0.296195
1 0.590146 0.325918 0.596453 0.325911 0.596417 0.296082 0.590110 0.296089
1 0.649906 0.325918 0.656201 0.325910 0.656165 0.296333 0.649869 0.296341
1 0.615470 0.325912 0.621871 0.325903 0.621830 0.296085 0.615428 0.296094
1 0.666958 0.326059 0.673233 0.326054 0.673211 0.295773 0.666937 0.295778
1 0.675441 0.326176 0.681735 0.326174 0.681723 0.295565 0.675429 0.295568
1 0.641176 0.325939 0.647595 0.325930 0.647555 0.296256 0.641137 0.296264
1 0.632656 0.325775 0.638832 0.325765 0.638783 0.296060 0.632608 0.296070
1 0.735175 0.325833 0.741588 0.325832 0.741583 0.296201 0.735171 0.296202
1 0.726660 0.325838 0.733004 0.325839 0.733013 0.295900 0.726669 0.295898
1 0.683948 0.326219 0.690235 0.326222 0.690248 0.295681 0.683962 0.295678
1 0.530075 0.326143 0.536483 0.326145 0.536494 0.295879 0.530086 0.295877
1 0.521680 0.326215 0.528227 0.326217 0.528239 0.295624 0.521691 0.295621
1 0.538635 0.326147 0.545016 0.326147 0.545015 0.295900 0.538634 0.295900
1 0.718167 0.325882 0.724536 0.325885 0.724548 0.295442 0.718179 0.295440
1 0.512925 0.325916 0.519448 0.325915 0.519441 0.295801 0.512918 0.295802
1 0.714961 0.278171 0.718424 0.278181 0.718447 0.270452 0.714984 0.270442
1 0.547254 0.326365 0.553699 0.326367 0.553708 0.295515 0.547262 0.295513
1 0.701130 0.325878 0.707409 0.325878 0.707410 0.296303 0.701131 0.296303
1 0.504816 0.325986 0.511236 0.325986 0.511235 0.295905 0.504815 0.295905
1 0.512248 0.262819 0.515588 0.262827 0.515605 0.255188 0.512265 0.255180
1 0.709604 0.325770 0.715913 0.325770 0.715914 0.295694 0.709605 0.295693
1 0.668532 0.269182 0.671903 0.269193 0.671929 0.261627 0.668558 0.261615
1 0.496223 0.326196 0.502828 0.326195 0.502823 0.295947 0.496218 0.295948
1 0.638990 0.277999 0.638999 0.275304 0.630921 0.275277 0.630912 0.277972
1 0.649681 0.269427 0.652531 0.269424 0.652524 0.261846 0.649674 0.261849
1 0.692485 0.325982 0.698784 0.325979 0.698771 0.296410 0.692472 0.296413
1 0.531711 0.262935 0.534753 0.262934 0.534750 0.255481 0.531708 0.255482
1 0.695895 0.278140 0.698762 0.278140 0.698763 0.270374 0.695895 0.270373
1 0.706367 0.778640 0.706380 0.774893 0.698686 0.774868 0.698673 0.778614
1 0.695716 0.829572 0.699452 0.829579 0.699466 0.821765 0.695731 0.821758
1 0.726739 0.813040 0.726742 0.816574 0.735706 0.816565 0.735703 0.813031
1 0.534135 0.821585 0.537639 0.821597 0.537664 0.813983 0.534160 0.813971
1 0.665742 0.778903 0.665753 0.775439 0.658391 0.775416 0.658381 0.778881
1 0.529961 0.798420 0.529979 0.795012 0.521624 0.794970 0.521607 0.798377
1 0.529557 0.778970 0.529566 0.775226 0.521672 0.775208 0.521663 0.778951
1 0.649540 0.778858 0.649553 0.774827 0.641693 0.774801 0.641679 0.778832
1 0.512803 0.798426 0.512812 0.795477 0.504529 0.795450 0.504519 0.798399
1 0.600873 0.810978 0.604250 0.810969 0.604228 0.803052 0.600851 0.803061
1 0.715033 0.829715 0.718329 0.829718 0.718336 0.821831 0.715040 0.821828
1 0.514633 0.821239 0.518232 0.821247 0.518250 0.813669 0.514651 0.813661
1 0.718057 0.787266 0.721582 0.787262 0.721573 0.779578 0.718048 0.779582
1 0.626043 0.827641 0.629360 0.827647 0.629373 0.819878 0.626055 0.819873
1 0.549325 0.775725 0.549326 0.779147 0.557392 0.779145 0.557391 0.775722
1 0.735704 0.836841 0.735704 0.833563 0.726197 0.833562 0.726197 0.836840
1 0.558102 0.797921 0.558102 0.794890 0.549020 0.794889 0.549020 0.797921
1 0.607150 0.827494 0.610430 0.827503 0.610450 0.819712 0.607169 0.819703
1 0.737128 0.787016 0.740336 0.787013 0.740331 0.779767 0.737123 0.779769
1 0.706888 0.797795 0.706899 0.794706 0.698370 0.794677 0.698360 0.797766
1 0.580806 0.811357 0.584043 0.811356 0.584041 0.802756 0.580805 0.802756
1 0.666089 0.797741 0.666098 0.794929 0.657878 0.794906 0.657870 0.797717
1 0.641611 0.794603 0.641611 0.797260 0.649595 0.797260 0.649595 0.794602
1 0.504853 0.775669 0.504857 0.779359 0.512584 0.779352 0.512581 0.775662
1 0.925638 0.064243 0.925654 0.078890 0.965705 0.078846 0.965689 0.064199
1 0.756514 0.120205 0.768598 0.120187 0.768554 0.090572 0.756470 0.090590
1 0.799684 0.068490 0.810466 0.068550 0.810539 0.055578 0.799756 0.055518
1 0.821157 0.119712 0.831482 0.119679 0.831388 0.090507 0.821064 0.090540
1 0.777671 0.068566 0.788615 0.068583 0.788635 0.055647 0.777692 0.055629
1 0.926120 0.178875 0.926162 0.196347 0.964622 0.196255 0.964580 0.178783
1 0.788446 0.036988 0.798845 0.037090 0.798992 0.022060 0.788593 0.021958
1 0.835811 0.083735 0.835812 0.079164 0.819951 0.079160 0.819950 0.083731
1 0.743106 0.016007 0.743108 0.020153 0.758839 0.020147 0.758838 0.016001
1 0.819659 0.049260 0.819661 0.052743 0.835528 0.052732 0.835526 0.049250
1 0.758730 0.051156 0.758733 0.046691 0.742030 0.046679 0.742027 0.051144
1 0.784881 0.410448 0.784885 0.416767 0.813314 0.416749 0.813310 0.410430
1 0.784867 0.401945 0.784871 0.408108 0.813204 0.408091 0.813201 0.401927
1 0.784898 0.418931 0.784903 0.425386 0.813296 0.425367 0.813291 0.418912
1 0.784956 0.427260 0.784961 0.433868 0.813268 0.433847 0.813263 0.427239
1 0.784728 0.393436 0.784732 0.399726 0.813162 0.399709 0.813158 0.393419
1 0.785095 0.435861 0.785101 0.442468 0.813300 0.442444 0.813295 0.435838
1 0.784522 0.376373 0.784525 0.382621 0.812879 0.382604 0.812875 0.376356
1 0.784636 0.384997 0.784640 0.391193 0.813082 0.391175 0.813079 0.384979
1 0.785048 0.444382 0.785054 0.451051 0.813245 0.451027 0.813240 0.444358
1 0.784550 0.367787 0.784553 0.374256 0.812999 0.374242 0.812995 0.367772
1 0.785065 0.452945 0.785071 0.459518 0.813113 0.459492 0.813107 0.452919
1 0.785173 0.461609 0.785179 0.468209 0.813274 0.468182 0.813268 0.461581
1 0.785119 0.469825 0.785125 0.476614 0.813104 0.476588 0.813098 0.469798
1 0.784573 0.359382 0.784575 0.365725 0.813163 0.365716 0.813161 0.359373
1 0.785083 0.478372 0.785089 0.485174 0.813057 0.485148 0.813051 0.478347
1 0.760906 0.325587 0.767103 0.325580 0.767069 0.295234 0.760872 0.295241
1 0.785092 0.486979 0.785099 0.493599 0.813133 0.493570 0.813127 0.486950
1 0.784588 0.350594 0.784591 0.357073 0.813011 0.357058 0.813008 0.350579
1 0.839011 0.463087 0.839025 0.459447 0.830348 0.459414 0.830334 0.463055
1 0.752358 0.325855 0.758610 0.325858 0.758625 0.295288 0.752373 0.295285
1 0.835198 0.316766 0.835202 0.320487 0.844523 0.320478 0.844519 0.316757
1 0.784618 0.341537 0.784622 0.348354 0.813353 0.348339 0.813349 0.341522
1 0.871734 0.392311 0.871740 0.389028 0.863312 0.389012 0.863306 0.392295
1 0.869195 0.498598 0.872644 0.498609 0.872673 0.489620 0.869223 0.489609
1 0.919872 0.498141 0.923481 0.498137 0.923471 0.489622 0.919862 0.489627
1 0.839165 0.413541 0.839175 0.410298 0.830731 0.410271 0.830721 0.413514
1 0.830801 0.440364 0.830802 0.443698 0.838522 0.443696 0.838521 0.440362
1 0.839002 0.394350 0.839002 0.391139 0.830903 0.391138 0.830903 0.394350
1 0.743937 0.325628 0.750260 0.325625 0.750246 0.295902 0.743923 0.295905
1 0.844496 0.349591 0.844497 0.346331 0.835321 0.346327 0.835319 0.349588
1 0.865399 0.437971 0.865400 0.441063 0.873682 0.441062 0.873682 0.437970
1 0.856442 0.463198 0.856456 0.460067 0.847625 0.460028 0.847611 0.463159
1 0.835728 0.365983 0.835733 0.369244 0.844729 0.369231 0.844724 0.365970
1 0.855949 0.443281 0.855950 0.440166 0.848201 0.440162 0.848199 0.443278
1 0.900410 0.498211 0.903512 0.498214 0.903522 0.489698 0.900421 0.489695
1 0.864087 0.418135 0.864090 0.421246 0.873545 0.421235 0.873541 0.418123
1 0.850034 0.497975 0.852767 0.497972 0.852757 0.490270 0.850025 0.490273
1 0.862992 0.408160 0.862998 0.411099 0.871840 0.411081 0.871835 0.408142
1 0.844854 0.340080 0.844858 0.337197 0.835602 0.337184 0.835598 0.340067
1 0.784924 0.598255 0.784928 0.604743 0.813304 0.604724 0.813299 0.598236
1 0.784985 0.606759 0.784988 0.613318 0.813203 0.613301 0.813199 0.606742
1 0.862570 0.565319 0.862583 0.575376 0.903301 0.575323 0.903288 0.565265
1 0.862624 0.659773 0.862640 0.672226 0.903262 0.672173 0.903246 0.659720
1 0.860528 0.548769 0.860542 0.558432 0.884412 0.558397 0.884398 0.548735
1 0.784888 0.615265 0.784892 0.621727 0.813109 0.621709 0.813105 0.615247
1 0.784904 0.624140 0.784908 0.630448 0.813128 0.630428 0.813124 0.624120
1 0.892099 0.548391 0.892113 0.558073 0.916100 0.558036 0.916085 0.548354
1 0.785028 0.632572 0.785034 0.639094 0.813105 0.639070 0.813099 0.632547
1 0.784962 0.590005 0.784967 0.596175 0.813549 0.596154 0.813544 0.589984
1 0.785042 0.649487 0.785048 0.656131 0.813622 0.656106 0.813616 0.649461
1 0.860018 0.507105 0.860035 0.517200 0.884018 0.517160 0.884002 0.507065
1 0.784930 0.581451 0.784934 0.587643 0.813590 0.587623 0.813586 0.581431
1 0.785103 0.658010 0.785109 0.664766 0.813623 0.664739 0.813616 0.657983
1 0.785082 0.666631 0.785088 0.673371 0.813747 0.673344 0.813741 0.666603
1 0.785030 0.674959 0.785037 0.681911 0.813785 0.681884 0.813779 0.674932
1 0.785041 0.640881 0.785047 0.647434 0.813258 0.647411 0.813252 0.640858
1 0.784963 0.572835 0.784967 0.579164 0.813541 0.579145 0.813537 0.572816
1 0.892317 0.506811 0.892333 0.516469 0.916527 0.516431 0.916512 0.506772
1 0.784992 0.683494 0.785000 0.690467 0.813959 0.690435 0.813951 0.683462
1 0.784997 0.564247 0.785000 0.570735 0.813426 0.570721 0.813423 0.564233
1 0.784994 0.555923 0.784996 0.562343 0.813233 0.562334 0.813230 0.555914
1 0.785069 0.692017 0.785077 0.698959 0.813936 0.698924 0.813928 0.691982
1 0.928160 0.648189 0.928176 0.644289 0.919867 0.644255 0.919851 0.648155
1 0.927982 0.577083 0.927997 0.573122 0.919460 0.573089 0.919444 0.577051
1 0.785427 0.530263 0.785429 0.536804 0.813395 0.536795 0.813393 0.530255
1 0.785140 0.521211 0.785140 0.527931 0.813166 0.527930 0.813165 0.521210
1 0.785035 0.709214 0.785035 0.716158 0.813407 0.716157 0.813407 0.709213
1 0.785134 0.538295 0.785136 0.545145 0.813232 0.545140 0.813231 0.538290
1 0.842921 0.597937 0.847033 0.597935 0.847028 0.588430 0.842916 0.588432
1 0.785067 0.512751 0.785068 0.519576 0.812976 0.519574 0.812976 0.512748
1 0.813479 0.502382 0.813479 0.495945 0.785153 0.495942 0.785153 0.502379
1 0.813331 0.707503 0.813332 0.700730 0.784966 0.700727 0.784965 0.707500
1 0.813210 0.511062 0.813210 0.504443 0.785034 0.504442 0.785034 0.511061
1 0.785188 0.547104 0.785191 0.553417 0.812990 0.553406 0.812988 0.547093
1 0.838218 0.703889 0.838225 0.701259 0.830300 0.701238 0.830293 0.703867
1 0.919791 0.624609 0.919795 0.628119 0.928085 0.628109 0.928080 0.624598
1 0.928607 0.597046 0.928613 0.593189 0.919369 0.593176 0.919364 0.597033
1 0.830348 0.682578 0.830353 0.685058 0.838347 0.685039 0.838341 0.682559
1 0.823868 0.597595 0.826528 0.597609 0.826574 0.588939 0.823914 0.588925
1 0.794333 0.739191 0.797143 0.739192 0.797144 0.732190 0.794334 0.732190
1 0.813000 0.739316 0.816030 0.739329 0.816061 0.731943 0.813031 0.731930
1 0.787613 0.881050 0.791010 0.881051 0.791013 0.872498 0.787616 0.872497
1 0.767096 0.881487 0.770175 0.881493 0.770190 0.872855 0.767111 0.872849
1 0.853574 0.907630 0.853576 0.904201 0.844857 0.904195 0.844854 0.907625
1 0.844697 0.883315 0.844704 0.887390 0.853646 0.887375 0.853639 0.883300
0 0.251608 0.523654 0.251626 0.536994 0.277308 0.536959 0.277290 0.523619
1 0.393965 0.762826 0.399969 0.762817 0.399924 0.733516 0.393920 0.733525
1 0.402691 0.763014 0.408695 0.763005 0.408650 0.733704 0.402646 0.733713
1 0.402310 0.326495 0.408528 0.326486 0.408485 0.296247 0.402268 0.296256
1 0.393960 0.326401 0.400177 0.326392 0.400134 0.296153 0.393917 0.296162
1 0.411220 0.763756 0.417437 0.763747 0.417394 0.733508 0.411177 0.733517
1 0.419570 0.763850 0.425788 0.763841 0.425745 0.733602 0.419528 0.733611
1 0.428109 0.763475 0.434326 0.763466 0.434283 0.733227 0.428066 0.733236
1 0.436736 0.763441 0.442840 0.763432 0.442796 0.733217 0.436693 0.733226
1 0.445259 0.763421 0.451378 0.763411 0.451330 0.733258 0.445211 0.733268
1 0.453666 0.763559 0.459967 0.763551 0.459930 0.733842 0.453628 0.733850
1 0.462365 0.763458 0.468700 0.763449 0.468657 0.733701 0.462322 0.733710
1 0.470733 0.763392 0.477018 0.763385 0.476985 0.733156 0.470699 0.733163
1 0.479392 0.763335 0.485738 0.763330 0.485712 0.733014 0.479366 0.733020
1 0.487975 0.763359 0.494198 0.763356 0.494181 0.733133 0.487957 0.733137
1 0.496301 0.763434 0.502681 0.763432 0.502672 0.733478 0.496292 0.733480
1 0.504819 0.763515 0.511196 0.763520 0.511219 0.733328 0.504842 0.733323
1 0.513483 0.763551 0.520088 0.763550 0.520083 0.733303 0.513478 0.733304
1 0.522076 0.763341 0.528496 0.763341 0.528495 0.733260 0.522075 0.733260
1 0.530185 0.763272 0.536708 0.763270 0.536701 0.733156 0.530178 0.733158
1 0.547335 0.763589 0.553743 0.763591 0.553754 0.733325 0.547346 0.733323
1 0.555895 0.763593 0.562276 0.763593 0.562275 0.733346 0.555894 0.733346
1 0.564514 0.763811 0.570959 0.763812 0.570968 0.732961 0.564522 0.732959
1 0.573126 0.763673 0.579483 0.763671 0.579477 0.733019 0.573120 0.733020
1 0.581772 0.763515 0.587985 0.763510 0.587960 0.733196 0.581748 0.733201
1 0.590096 0.763492 0.596416 0.763484 0.596381 0.733311 0.590061 0.733318
1 0.598461 0.763386 0.604876 0.763378 0.604836 0.733573 0.598421 0.733581
1 0.607406 0.763364 0.613713 0.763357 0.613677 0.733527 0.607370 0.733535
1 0.615657 0.763371 0.621963 0.763363 0.621925 0.732948 0.615619 0.732956
1 0.624280 0.763340 0.630511 0.763332 0.630471 0.733016 0.624240 0.733025
1 0.538827 0.763498 0.545235 0.763501 0.545246 0.733234 0.538838 0.733232
1 0.632778 0.763408 0.639186 0.763410 0.639197 0.733144 0.632789 0.733142
1 0.641337 0.763412 0.647719 0.763412 0.647718 0.733165 0.641337 0.733165
1 0.649956 0.763630 0.656402 0.763631 0.656411 0.732780 0.649965 0.732778
1 0.658569 0.763492 0.664926 0.763490 0.664920 0.732838 0.658563 0.732839
1 0.667215 0.763334 0.673427 0.763329 0.673403 0.733015 0.667191 0.733020
1 0.675539 0.763311 0.681859 0.763303 0.681824 0.733130 0.675504 0.733137
1 0.683904 0.763205 0.690319 0.763197 0.690278 0.733392 0.683864 0.733400
1 0.692849 0.763183 0.699156 0.763176 0.699120 0.733346 0.692813 0.733354
1 0.701100 0.763190 0.707406 0.763182 0.707367 0.732767 0.701062 0.732775
1 0.709723 0.763159 0.715954 0.763151 0.715914 0.732835 0.709683 0.732844
1 0.761472 0.763099 0.767777 0.763091 0.767739 0.732676 0.761433 0.732684
1 0.753220 0.763093 0.759527 0.763085 0.759491 0.733256 0.753184 0.733263
1 0.744276 0.763115 0.750690 0.763106 0.750650 0.733301 0.744235 0.733310
1 0.735910 0.763220 0.742230 0.763213 0.742195 0.733040 0.735875 0.733047
1 0.727586 0.763244 0.733799 0.763239 0.733774 0.732925 0.727562 0.732929
1 0.718940 0.763401 0.725297 0.763400 0.725291 0.732747 0.718934 0.732749
1 0.705522 0.012984 0.735025 0.012984 0.735025 0.024652 0.705522 0.024652
1 0.591708 0.012774 0.598905 0.012774 0.598905 0.050400 0.591708 0.050400
1 0.580691 0.012976 0.587821 0.012976 0.587821 0.050129 0.580691 0.050129
1 0.569540 0.012571 0.576737 0.012571 0.576737 0.050197 0.569540 0.050197
1 0.558388 0.012976 0.565586 0.012976 0.565586 0.050602 0.558388 0.050602
1 0.547372 0.013112 0.554502 0.013112 0.554502 0.050264 0.547372 0.050264
1 0.536153 0.013382 0.543418 0.013382 0.543418 0.050264 0.536153 0.050264
1 0.525204 0.013517 0.532334 0.013517 0.532334 0.050332 0.525204 0.050332
1 0.514187 0.013247 0.521250 0.013247 0.521250 0.050062 0.514187 0.050062
1 0.502968 0.013179 0.510098 0.013179 0.510098 0.050062 0.502968 0.050062
1 0.491749 0.012841 0.498947 0.012841 0.498947 0.050467 0.491749 0.050467
1 0.480733 0.013044 0.487863 0.013044 0.487863 0.050197 0.480733 0.050197
1 0.469716 0.013449 0.476846 0.013449 0.476846 0.050197 0.469716 0.050197
1 0.458565 0.013112 0.465695 0.013112 0.465695 0.049994 0.458565 0.049994
1 0.447008 0.012571 0.454205 0.012571 0.454205 0.050197 0.447008 0.050197
1 0.436262 0.012706 0.443392 0.012706 0.443392 0.049859 0.436262 0.049859
1 0.424975 0.013179 0.432105 0.013179 0.432105 0.049927 0.424975 0.049927
1 0.241144 0.028453 0.251890 0.028453 0.251890 0.066842 0.241144 0.066842
1 0.219990 0.029197 0.230262 0.029197 0.230262 0.066571 0.219990 0.066571
1 0.198497 0.029197 0.208703 0.029197 0.208703 0.066504 0.198497 0.066504
1 0.176735 0.029400 0.187076 0.029400 0.187076 0.066233 0.176735 0.066233
1 0.154837 0.029670 0.164772 0.029670 0.164772 0.067247 0.154837 0.067247
1 0.133075 0.029602 0.143145 0.029602 0.143145 0.066977 0.133075 0.066977
1 0.111313 0.029400 0.121586 0.029400 0.121586 0.066909 0.111313 0.066909
1 0.089550 0.029129 0.099958 0.029129 0.099958 0.066639 0.089550 0.066639
1 0.068058 0.029400 0.078399 0.029400 0.078399 0.066909 0.068058 0.066909
1 0.046228 0.029332 0.056974 0.029332 0.056974 0.067112 0.046228 0.067112
1 0.043504 0.540739 0.055475 0.540739 0.055475 0.569700 0.043504 0.569700
1 0.025870 0.807184 0.031404 0.807184 0.031404 0.822501 0.025870 0.822501
