0 0.120038 0.092916 0.330481 0.092916 0.330481 0.208434 0.120038 0.208434
0 0.377531 0.462573 0.403720 0.462573 0.403720 0.476915 0.377531 0.476915
0 0.337030 0.463207 0.362664 0.463207 0.362664 0.476614 0.337030 0.476614
0 0.145409 0.285217 0.170820 0.285217 0.170820 0.298422 0.145409 0.298422
0 0.230703 0.284553 0.256380 0.284553 0.256380 0.298293 0.230703 0.298293
0 0.284481 0.480835 0.298919 0.480835 0.298919 0.506659 0.284481 0.506659
0 0.070396 0.059219 0.095481 0.059219 0.095481 0.072270 0.070396 0.072270
0 0.495593 0.352099 0.508307 0.352099 0.508307 0.378080 0.495593 0.378080
0 0.288280 0.264047 0.304238 0.264047 0.304238 0.272283 0.288280 0.272283
0 0.373411 0.109780 0.386243 0.109780 0.386243 0.135660 0.373411 0.135660
0 0.256081 0.476009 0.273073 0.476009 0.273073 0.484993 0.256081 0.484993
0 0.486749 0.451704 0.503318 0.451704 0.503318 0.461300 0.486749 0.461300
0 0.344209 0.495716 0.361538 0.495716 0.361538 0.505117 0.344209 0.505117
0 0.389373 0.513157 0.405627 0.513157 0.405627 0.521544 0.389373 0.521544
0 0.348365 0.513407 0.364615 0.513407 0.364615 0.521656 0.348365 0.521656
0 0.391678 0.495544 0.409258 0.495544 0.409258 0.504990 0.391678 0.504990
0 0.308838 0.655967 0.334359 0.655967 0.334359 0.669302 0.308838 0.669302
0 0.185980 0.904448 0.211887 0.904448 0.211887 0.918619 0.185980 0.918619
0 0.209112 0.810912 0.235125 0.810912 0.235125 0.825109 0.209112 0.825109
0 0.322053 0.757752 0.347935 0.757752 0.347935 0.772082 0.322053 0.772082
0 0.153886 0.826755 0.179600 0.826755 0.179600 0.840789 0.153886 0.840789
0 0.250713 0.811436 0.276138 0.811436 0.276138 0.824443 0.250713 0.824443
0 0.026985 0.880769 0.052803 0.880769 0.052803 0.894867 0.026985 0.894867
0 0.325942 0.704700 0.351721 0.704700 0.351721 0.719142 0.325942 0.719142
0 0.152931 0.795738 0.178639 0.795738 0.178639 0.809822 0.152931 0.809822
0 0.245302 0.894741 0.257928 0.894741 0.257928 0.920532 0.245302 0.920532
0 0.259590 0.848166 0.273984 0.848166 0.273984 0.873887 0.259590 0.873887
0 0.208581 0.727372 0.221488 0.727372 0.221488 0.752842 0.208581 0.752842
0 0.297830 0.703477 0.310533 0.703477 0.310533 0.728028 0.297830 0.728028
0 0.108600 0.795735 0.134439 0.795735 0.134439 0.809731 0.108600 0.809731
0 0.208153 0.768753 0.222568 0.768753 0.222568 0.794390 0.208153 0.794390
0 0.152997 0.722957 0.179389 0.722957 0.179389 0.774002 0.152997 0.774002
0 0.296095 0.747640 0.308986 0.747640 0.308986 0.772929 0.296095 0.772929
0 0.023011 0.793677 0.048350 0.793677 0.048350 0.806735 0.023011 0.806735
0 0.264267 0.603232 0.289495 0.603232 0.289495 0.616145 0.264267 0.616145
0 0.346633 0.587666 0.363458 0.587666 0.363458 0.596985 0.346633 0.596985
0 0.252715 0.561343 0.278966 0.561343 0.278966 0.575466 0.252715 0.575466
0 0.066309 0.724168 0.117253 0.724168 0.117253 0.750755 0.066309 0.750755
0 0.003074 0.831946 0.029074 0.831946 0.029074 0.846165 0.003074 0.846165
0 0.104563 0.851822 0.155811 0.851822 0.155811 0.878115 0.104563 0.878115
0 0.187307 0.851994 0.238331 0.851994 0.238331 0.878709 0.187307 0.878709
0 0.196103 0.978268 0.221967 0.978268 0.221967 0.992202 0.196103 0.992202
0 0.325851 0.730649 0.351546 0.730649 0.351546 0.745292 0.325851 0.745292
0 0.388289 0.620373 0.404894 0.620373 0.404894 0.629825 0.388289 0.629825
0 0.347822 0.805535 0.363624 0.805535 0.363624 0.813766 0.347822 0.813766
0 0.133594 0.521380 0.142945 0.521380 0.142945 0.538280 0.133594 0.538280
0 0.261541 0.531657 0.287003 0.531657 0.287003 0.545004 0.261541 0.545004
0 0.318857 0.678006 0.344516 0.678006 0.344516 0.691354 0.318857 0.691354
0 0.388963 0.674393 0.404280 0.674393 0.404280 0.682479 0.388963 0.682479
0 0.388887 0.805479 0.404660 0.805479 0.404660 0.813787 0.388887 0.813787
0 0.195296 0.552361 0.209453 0.552361 0.209453 0.578007 0.195296 0.578007
0 0.183379 0.602475 0.195673 0.602475 0.195673 0.628166 0.183379 0.628166
0 0.224937 0.511660 0.238224 0.511660 0.238224 0.536873 0.224937 0.536873
0 0.435529 0.945143 0.451343 0.945143 0.451343 0.953390 0.435529 0.953390
0 0.279866 0.697549 0.288915 0.697549 0.288915 0.714029 0.279866 0.714029
0 0.154860 0.976080 0.180733 0.976080 0.180733 0.990029 0.154860 0.990029
0 0.310257 0.552119 0.327057 0.552119 0.327057 0.561251 0.310257 0.561251
0 0.347782 0.829253 0.363649 0.829253 0.363649 0.837306 0.347782 0.837306
0 0.388725 0.657101 0.404473 0.657101 0.404473 0.665160 0.388725 0.665160
0 0.223450 0.894788 0.235888 0.894788 0.235888 0.920125 0.223450 0.920125
0 0.173843 0.511456 0.187941 0.511456 0.187941 0.537289 0.173843 0.537289
0 0.202746 0.512616 0.215851 0.512616 0.215851 0.537688 0.202746 0.537688
0 0.347114 0.656360 0.363964 0.656360 0.363964 0.665466 0.347114 0.665466
0 0.389216 0.920251 0.404940 0.920251 0.404940 0.928442 0.389216 0.928442
0 0.388768 0.901042 0.404739 0.901042 0.404739 0.909249 0.388768 0.909249
0 0.396084 0.771269 0.404173 0.771269 0.404173 0.786857 0.396084 0.786857
0 0.326872 0.591190 0.336422 0.591190 0.336422 0.608138 0.326872 0.608138
0 0.347742 0.919329 0.364429 0.919329 0.364429 0.928420 0.347742 0.928420
0 0.389197 0.829081 0.404635 0.829081 0.404635 0.837365 0.389197 0.837365
0 0.304619 0.588888 0.317317 0.588888 0.317317 0.614282 0.304619 0.614282
0 0.397530 0.945434 0.413317 0.945434 0.413317 0.953626 0.397530 0.953626
0 0.347023 0.606543 0.364071 0.606543 0.364071 0.615702 0.347023 0.615702
0 0.131018 0.974354 0.140041 0.974354 0.140041 0.990686 0.131018 0.990686
0 0.388545 0.602231 0.404342 0.602231 0.404342 0.610521 0.388545 0.610521
0 0.389050 0.853176 0.404653 0.853176 0.404653 0.861369 0.389050 0.861369
0 0.347985 0.853327 0.363888 0.853327 0.363888 0.861455 0.347985 0.861455
0 0.348497 0.537604 0.364521 0.537604 0.364521 0.545541 0.348497 0.545541
0 0.388468 0.639744 0.404477 0.639744 0.404477 0.647963 0.388468 0.647963
0 0.347917 0.901234 0.363853 0.901234 0.363853 0.909446 0.347917 0.909446
0 0.171372 0.956766 0.188394 0.956766 0.188394 0.966495 0.171372 0.966495
0 0.389586 0.537242 0.405120 0.537242 0.405120 0.545339 0.389586 0.545339
0 0.465958 0.959264 0.481869 0.959264 0.481869 0.967313 0.465958 0.967313
0 0.389655 0.561117 0.405176 0.561117 0.405176 0.569313 0.389655 0.569313
0 0.297396 0.527946 0.306277 0.527946 0.306277 0.544945 0.297396 0.544945
0 0.089696 0.789753 0.098831 0.789753 0.098831 0.806578 0.089696 0.806578
0 0.388816 0.877036 0.404683 0.877036 0.404683 0.885163 0.388816 0.885163
0 0.347968 0.877199 0.363914 0.877199 0.363914 0.885445 0.347968 0.885445
0 0.808958 0.061145 0.834829 0.061145 0.834829 0.074244 0.808958 0.074244
0 0.525866 0.360590 0.551388 0.360590 0.551388 0.374029 0.525866 0.374029
0 0.809335 0.037252 0.834811 0.037252 0.834811 0.050642 0.809335 0.050642
0 0.818229 0.202487 0.832621 0.202487 0.832621 0.228207 0.818229 0.228207
0 0.809161 0.010231 0.835116 0.010231 0.835116 0.024806 0.809161 0.024806
0 0.540636 0.389909 0.554993 0.389909 0.554993 0.415654 0.540636 0.415654
0 0.809069 0.084138 0.834596 0.084138 0.834596 0.097412 0.809069 0.097412
0 0.655852 0.368686 0.681269 0.368686 0.681269 0.381969 0.655852 0.381969
0 0.655004 0.400285 0.668124 0.400285 0.668124 0.425716 0.655004 0.425716
0 0.895988 0.235762 0.908663 0.235762 0.908663 0.261571 0.895988 0.261571
0 0.698281 0.420142 0.715058 0.420142 0.715058 0.429496 0.698281 0.429496
0 0.843642 0.273758 0.895209 0.273758 0.895209 0.300688 0.843642 0.300688
0 0.781618 0.143636 0.808441 0.143636 0.808441 0.195317 0.781618 0.195317
0 0.482756 0.412752 0.495923 0.412752 0.495923 0.438327 0.482756 0.438327
0 0.851500 0.218578 0.885729 0.218578 0.885729 0.237599 0.851500 0.237599
0 0.773466 0.452253 0.789243 0.452253 0.789243 0.460358 0.773466 0.460358
0 0.544451 0.248310 0.560340 0.248310 0.560340 0.256738 0.544451 0.256738
0 0.684341 0.395927 0.693700 0.395927 0.693700 0.412942 0.684341 0.412942
0 0.705485 0.440912 0.713710 0.440912 0.713710 0.456826 0.705485 0.456826
0 0.515883 0.451803 0.531324 0.451803 0.531324 0.460017 0.515883 0.460017
0 0.590572 0.436230 0.606690 0.436230 0.606690 0.444550 0.590572 0.444550
0 0.544730 0.429596 0.554089 0.429596 0.554089 0.446501 0.544730 0.446501
0 0.511589 0.416761 0.528645 0.416761 0.528645 0.426426 0.511589 0.426426
0 0.643014 0.242321 0.660491 0.242321 0.660491 0.252032 0.643014 0.252032
0 0.811575 0.108489 0.827190 0.108489 0.827190 0.116322 0.811575 0.116322
0 0.515865 0.434562 0.531568 0.434562 0.531568 0.442882 0.515865 0.442882
0 0.564869 0.266660 0.581433 0.266660 0.581433 0.275840 0.564869 0.275840
0 0.609750 0.242313 0.626979 0.242313 0.626979 0.252115 0.609750 0.252115
0 0.935977 0.699013 0.956288 0.699013 0.956288 0.731260 0.935977 0.731260
0 0.967872 0.698666 0.988441 0.698666 0.988441 0.730829 0.967872 0.730829
0 0.772608 0.961199 0.780514 0.961199 0.780514 0.977059 0.772608 0.977059
0 0.904116 0.867577 0.912328 0.867577 0.912328 0.883465 0.904116 0.883465
0 0.555393 0.960691 0.563544 0.960691 0.563544 0.976438 0.555393 0.976438
0 0.596230 0.960476 0.604378 0.960476 0.604378 0.976396 0.596230 0.976396
0 0.909932 0.501939 0.919625 0.501939 0.919625 0.519333 0.909932 0.519333
0 0.715711 0.960262 0.723429 0.960262 0.723429 0.976139 0.715711 0.976139
0 0.910349 0.531559 0.919602 0.531559 0.919602 0.548604 0.910349 0.548604
0 0.929321 0.759904 0.980964 0.759904 0.980964 0.840887 0.929321 0.840887
0 0.578931 0.960379 0.587120 0.960379 0.587120 0.976311 0.578931 0.976311
0 0.537741 0.960608 0.545874 0.960608 0.545874 0.976445 0.537741 0.976445
0 0.900450 0.771303 0.917016 0.771303 0.917016 0.780291 0.900450 0.780291
0 0.904967 0.626184 0.912933 0.626184 0.912933 0.641712 0.904967 0.641712
0 0.507047 0.958783 0.522873 0.958783 0.522873 0.966902 0.507047 0.966902
0 0.926752 0.671889 0.943653 0.671889 0.943653 0.681086 0.926752 0.681086
0 0.795606 0.961374 0.811411 0.961374 0.811411 0.969523 0.795606 0.969523
0 0.976974 0.672049 0.993664 0.672049 0.993664 0.681145 0.976974 0.681145
0 0.658769 0.983875 0.675647 0.983875 0.675647 0.993332 0.658769 0.993332
0 0.870740 0.913731 0.886357 0.913731 0.886357 0.921959 0.870740 0.921959
0 0.938600 0.603854 0.947538 0.603854 0.947538 0.620150 0.938600 0.620150
0 0.623343 0.960402 0.631533 0.960402 0.631533 0.976135 0.623343 0.976135
0 0.921393 0.625916 0.930510 0.625916 0.930510 0.642438 0.921393 0.642438
1 0.163720 0.048077 0.175291 0.048077 0.175291 0.085538 0.163720 0.085538
1 0.141852 0.209195 0.153982 0.209195 0.153982 0.249031 0.141852 0.249031
1 0.228923 0.048174 0.240323 0.048174 0.240323 0.085212 0.228923 0.085212
1 0.185429 0.049050 0.196987 0.049050 0.196987 0.084950 0.185429 0.084950
1 0.119822 0.047752 0.132040 0.047752 0.132040 0.085038 0.119822 0.085038
1 0.207110 0.047785 0.218632 0.047785 0.218632 0.085188 0.207110 0.085188
1 0.207030 0.208605 0.219121 0.208605 0.219121 0.249147 0.207030 0.249147
1 0.185251 0.209114 0.197221 0.209114 0.197221 0.248925 0.185251 0.248925
1 0.163808 0.209490 0.175470 0.209490 0.175470 0.249481 0.163808 0.249481
1 0.141760 0.048820 0.153378 0.048820 0.153378 0.085474 0.141760 0.085474
1 0.228797 0.208752 0.240795 0.208752 0.240795 0.249071 0.228797 0.249071
1 0.120373 0.209935 0.131953 0.209935 0.131953 0.249350 0.120373 0.249350
1 0.250828 0.049139 0.261743 0.049139 0.261743 0.085075 0.250828 0.085075
1 0.065493 0.057610 0.070029 0.057610 0.070029 0.073377 0.065493 0.073377
1 0.095216 0.057697 0.099415 0.057697 0.099415 0.073471 0.095216 0.073471
1 0.140981 0.283849 0.144832 0.283849 0.144832 0.299553 0.140981 0.299553
1 0.226511 0.283789 0.230283 0.283789 0.230283 0.299283 0.226511 0.299283
1 0.256846 0.283710 0.261003 0.283710 0.261003 0.299288 0.256846 0.299288
1 0.171077 0.283706 0.174991 0.283706 0.174991 0.299589 0.171077 0.299589
1 0.252335 0.475887 0.256213 0.475887 0.256213 0.485123 0.252335 0.485123
1 0.151619 0.711175 0.180685 0.711175 0.180685 0.721991 0.151619 0.721991
1 0.117969 0.722567 0.128908 0.722567 0.128908 0.751686 0.117969 0.751686
1 0.054383 0.722471 0.065263 0.722471 0.065263 0.751575 0.054383 0.751575
1 0.207383 0.723185 0.223068 0.723185 0.223068 0.726985 0.207383 0.726985
1 0.223778 0.537292 0.239383 0.537292 0.239383 0.541822 0.223778 0.541822
1 0.224157 0.507287 0.239313 0.507287 0.239313 0.511503 0.224157 0.511503
1 0.182087 0.598514 0.196784 0.598514 0.196784 0.602362 0.182087 0.602362
1 0.201183 0.507528 0.217512 0.507528 0.217512 0.512216 0.201183 0.512216
1 0.194802 0.578456 0.210655 0.578456 0.210655 0.583046 0.194802 0.583046
1 0.195057 0.548584 0.210479 0.548584 0.210479 0.552300 0.195057 0.552300
1 0.172696 0.507609 0.188306 0.507609 0.188306 0.511566 0.172696 0.511566
1 0.172398 0.537522 0.188097 0.537522 0.188097 0.541818 0.172398 0.541818
1 0.201642 0.537917 0.216931 0.537917 0.216931 0.542139 0.201642 0.542139
1 0.134039 0.518166 0.142019 0.518166 0.142019 0.521194 0.134039 0.521194
1 0.181852 0.628312 0.197335 0.628312 0.197335 0.632703 0.181852 0.632703
1 0.133734 0.538170 0.142958 0.538170 0.142958 0.541052 0.133734 0.541052
1 0.151924 0.774665 0.180590 0.774665 0.180590 0.786064 0.151924 0.786064
1 0.156537 0.850520 0.167364 0.850520 0.167364 0.879505 0.156537 0.879505
1 0.175287 0.850598 0.186359 0.850598 0.186359 0.879641 0.175287 0.879641
1 0.238955 0.850317 0.249501 0.850317 0.249501 0.879228 0.238955 0.879228
1 0.093204 0.850531 0.103662 0.850531 0.103662 0.879793 0.093204 0.879793
1 0.149247 0.825385 0.153501 0.825385 0.153501 0.841529 0.149247 0.841529
1 0.246010 0.810383 0.250579 0.810383 0.250579 0.825961 0.246010 0.825961
1 0.149337 0.794551 0.152781 0.794551 0.152781 0.811277 0.149337 0.811277
1 0.207450 0.794688 0.223685 0.794688 0.223685 0.798616 0.207450 0.798616
1 0.150249 0.975658 0.154885 0.975658 0.154885 0.990656 0.150249 0.990656
1 0.206890 0.753298 0.223506 0.753298 0.223506 0.757628 0.206890 0.757628
1 0.207126 0.763497 0.223343 0.763497 0.223343 0.768134 0.207126 0.768134
1 0.029173 0.831001 0.032945 0.831001 0.032945 0.847118 0.029173 0.847118
1 0.053296 0.880254 0.057303 0.880254 0.057303 0.895975 0.053296 0.895975
1 0.181640 0.903466 0.185902 0.903466 0.185902 0.919656 0.181640 0.919656
1 0.134976 0.794961 0.139190 0.794961 0.139190 0.810496 0.134976 0.810496
1 0.179842 0.825554 0.183505 0.825554 0.183505 0.841209 0.179842 0.841209
1 0.205441 0.810348 0.209103 0.810348 0.209103 0.825747 0.205441 0.825747
1 0.243722 0.920754 0.259881 0.920754 0.259881 0.924914 0.243722 0.924914
1 0.192189 0.977882 0.195721 0.977882 0.195721 0.993370 0.192189 0.993370
1 0.211833 0.903762 0.215915 0.903762 0.215915 0.919752 0.211833 0.919752
1 0.178837 0.794922 0.182910 0.794922 0.182910 0.810947 0.178837 0.810947
1 0.090080 0.786096 0.098833 0.786096 0.098833 0.789928 0.090080 0.789928
1 0.222255 0.977501 0.226175 0.977501 0.226175 0.993658 0.222255 0.993658
1 0.090016 0.806704 0.098806 0.806704 0.098806 0.809264 0.090016 0.809264
1 0.243743 0.890185 0.259220 0.890185 0.259220 0.894346 0.243743 0.894346
1 0.048569 0.791758 0.052451 0.791758 0.052451 0.807914 0.048569 0.807914
1 0.221464 0.890468 0.237389 0.890468 0.237389 0.894433 0.221464 0.894433
1 0.221213 0.920506 0.237593 0.920506 0.237593 0.924756 0.221213 0.924756
1 0.000060 0.831293 0.003232 0.831293 0.003232 0.846878 0.000060 0.846878
1 0.131492 0.970989 0.139614 0.970989 0.139614 0.974498 0.131492 0.974498
1 0.235176 0.810496 0.239830 0.810496 0.239830 0.825985 0.235176 0.825985
1 0.018716 0.792328 0.022930 0.792328 0.022930 0.807557 0.018716 0.807557
1 0.180938 0.975450 0.184947 0.975450 0.184947 0.991074 0.180938 0.991074
1 0.104691 0.794991 0.108558 0.794991 0.108558 0.811035 0.104691 0.811035
1 0.022791 0.880551 0.026894 0.880551 0.026894 0.895873 0.022791 0.895873
1 0.131480 0.991188 0.139877 0.991188 0.139877 0.994206 0.131480 0.994206
1 0.167410 0.956651 0.171202 0.956651 0.171202 0.966329 0.167410 0.966329
1 0.188579 0.956835 0.192781 0.956835 0.192781 0.966418 0.188579 0.966418
1 0.293977 0.048265 0.305590 0.048265 0.305590 0.085026 0.293977 0.085026
1 0.315651 0.209294 0.327601 0.209294 0.327601 0.248860 0.315651 0.248860
1 0.272336 0.047669 0.284006 0.047669 0.284006 0.085020 0.272336 0.085020
1 0.272354 0.209043 0.284359 0.209043 0.284359 0.249194 0.272354 0.249194
1 0.294064 0.208926 0.305916 0.208926 0.305916 0.249073 0.294064 0.249073
1 0.315668 0.047412 0.327204 0.047412 0.327204 0.084945 0.315668 0.084945
1 0.250392 0.208076 0.262594 0.208076 0.262594 0.248701 0.250392 0.248701
1 0.371644 0.135749 0.387332 0.135749 0.387332 0.139164 0.371644 0.139164
1 0.371474 0.105402 0.387255 0.105402 0.387255 0.109290 0.371474 0.109290
1 0.476811 0.477941 0.483184 0.477941 0.483184 0.506635 0.476811 0.506635
1 0.362840 0.461984 0.366988 0.461984 0.366988 0.478395 0.362840 0.478395
1 0.468307 0.478267 0.474476 0.478267 0.474476 0.506499 0.468307 0.506499
1 0.485130 0.477351 0.491513 0.477351 0.491513 0.506829 0.485130 0.506829
1 0.493680 0.477680 0.500094 0.477680 0.500094 0.506890 0.493680 0.506890
1 0.481772 0.438630 0.497402 0.438630 0.497402 0.443009 0.481772 0.443009
1 0.372791 0.461804 0.377344 0.461804 0.377344 0.478107 0.372791 0.478107
1 0.332650 0.461807 0.336980 0.461807 0.336980 0.477493 0.332650 0.477493
1 0.283543 0.476455 0.299888 0.476455 0.299888 0.480565 0.283543 0.480565
1 0.481437 0.408289 0.497523 0.408289 0.497523 0.412575 0.481437 0.412575
1 0.404027 0.461834 0.408375 0.461834 0.408375 0.477388 0.404027 0.477388
1 0.483506 0.452499 0.486814 0.452499 0.486814 0.460727 0.483506 0.460727
1 0.304233 0.264204 0.307337 0.264204 0.307337 0.272010 0.304233 0.272010
1 0.273323 0.475895 0.276614 0.475895 0.276614 0.484686 0.273323 0.484686
1 0.409301 0.495967 0.412846 0.495967 0.412846 0.505046 0.409301 0.505046
1 0.388486 0.495727 0.391601 0.495727 0.391601 0.504311 0.388486 0.504311
1 0.340829 0.496015 0.343949 0.496015 0.343949 0.505057 0.340829 0.505057
1 0.494789 0.378375 0.508094 0.378375 0.508094 0.383339 0.494789 0.383339
1 0.285136 0.264389 0.288407 0.264389 0.288407 0.272087 0.285136 0.272087
1 0.503291 0.452294 0.506914 0.452294 0.506914 0.460882 0.503291 0.460882
1 0.422530 0.540889 0.450485 0.540889 0.450485 0.547409 0.422530 0.547409
1 0.422515 0.532286 0.450715 0.532286 0.450715 0.538785 0.422515 0.538785
1 0.422436 0.549357 0.450415 0.549357 0.450415 0.555905 0.422436 0.555905
1 0.422594 0.557924 0.450334 0.557924 0.450334 0.564459 0.422594 0.564459
1 0.422824 0.566324 0.450302 0.566324 0.450302 0.572973 0.422824 0.572973
1 0.421820 0.711462 0.449680 0.711462 0.449680 0.718098 0.421820 0.718098
1 0.421767 0.703006 0.449611 0.703006 0.449611 0.709715 0.421767 0.709715
1 0.422660 0.574822 0.450254 0.574822 0.450254 0.581443 0.422660 0.581443
1 0.422528 0.523760 0.450870 0.523760 0.450870 0.530355 0.422528 0.530355
1 0.421480 0.720197 0.449704 0.720197 0.449704 0.726725 0.421480 0.726725
1 0.421300 0.728676 0.449655 0.728676 0.449655 0.735158 0.421300 0.735158
1 0.421276 0.737187 0.449553 0.737187 0.449553 0.743717 0.421276 0.743717
1 0.421080 0.626211 0.449644 0.626211 0.449644 0.632760 0.421080 0.632760
1 0.421204 0.634715 0.449636 0.634715 0.449636 0.641285 0.421204 0.641285
1 0.421706 0.592015 0.449390 0.592015 0.449390 0.598616 0.421706 0.598616
1 0.421723 0.600562 0.449234 0.600562 0.449234 0.607085 0.421723 0.607085
1 0.421208 0.617677 0.449554 0.617677 0.449554 0.624216 0.421208 0.624216
1 0.421596 0.609052 0.449263 0.609052 0.449263 0.615662 0.421596 0.615662
1 0.314526 0.676951 0.318481 0.676951 0.318481 0.692326 0.314526 0.692326
1 0.302797 0.614829 0.318996 0.614829 0.318996 0.619303 0.302797 0.619303
1 0.422071 0.677263 0.449554 0.677263 0.449554 0.684078 0.422071 0.684078
1 0.421496 0.694494 0.449493 0.694494 0.449493 0.701265 0.421496 0.701265
1 0.422041 0.685733 0.449488 0.685733 0.449488 0.692491 0.422041 0.692491
1 0.294694 0.742392 0.310979 0.742392 0.310979 0.747255 0.294694 0.747255
1 0.344665 0.677064 0.348778 0.677064 0.348778 0.692847 0.344665 0.692847
1 0.385215 0.674377 0.389068 0.674377 0.389068 0.682205 0.385215 0.682205
1 0.351830 0.704317 0.355858 0.704317 0.355858 0.719805 0.351830 0.719805
1 0.304133 0.654558 0.308743 0.654558 0.308743 0.671177 0.304133 0.671177
1 0.279057 0.560533 0.282903 0.560533 0.282903 0.576495 0.279057 0.576495
1 0.296428 0.698735 0.312613 0.698735 0.312613 0.703418 0.296428 0.703418
1 0.384816 0.620702 0.388234 0.620702 0.388234 0.629441 0.384816 0.629441
1 0.421642 0.668863 0.449551 0.668863 0.449551 0.675469 0.421642 0.675469
1 0.296155 0.728307 0.312429 0.728307 0.312429 0.732861 0.296155 0.732861
1 0.290076 0.601735 0.294049 0.601735 0.294049 0.617581 0.290076 0.617581
1 0.283415 0.506839 0.299118 0.506839 0.299118 0.511059 0.283415 0.511059
1 0.257345 0.530001 0.261297 0.530001 0.261297 0.546310 0.257345 0.546310
1 0.405654 0.513292 0.409393 0.513292 0.409393 0.521555 0.405654 0.521555
1 0.249089 0.560302 0.252718 0.560302 0.252718 0.576844 0.249089 0.576844
1 0.421961 0.651762 0.449365 0.651762 0.449365 0.658356 0.421961 0.658356
1 0.385099 0.657137 0.388727 0.657137 0.388727 0.664801 0.385099 0.664801
1 0.345006 0.513599 0.348520 0.513599 0.348520 0.521349 0.345006 0.521349
1 0.344833 0.537918 0.348499 0.537918 0.348499 0.545301 0.344833 0.545301
1 0.404697 0.656956 0.408354 0.656956 0.408354 0.664847 0.404697 0.664847
1 0.421830 0.643130 0.449360 0.643130 0.449360 0.650009 0.421830 0.650009
1 0.404520 0.639877 0.408296 0.639877 0.408296 0.647738 0.404520 0.647738
1 0.405256 0.537047 0.409204 0.537047 0.409204 0.545237 0.405256 0.545237
1 0.404400 0.674197 0.408117 0.674197 0.408117 0.682250 0.404400 0.682250
1 0.287191 0.529929 0.290922 0.529929 0.290922 0.546083 0.287191 0.546083
1 0.421452 0.660338 0.449462 0.660338 0.449462 0.666907 0.421452 0.666907
1 0.385970 0.561331 0.389825 0.561331 0.389825 0.569150 0.385970 0.569150
1 0.386088 0.513216 0.389659 0.513216 0.389659 0.521413 0.386088 0.521413
1 0.385150 0.639977 0.388584 0.639977 0.388584 0.647626 0.385150 0.647626
1 0.363570 0.588362 0.366972 0.588362 0.366972 0.596531 0.363570 0.596531
1 0.385952 0.537443 0.389673 0.537443 0.389673 0.545168 0.385952 0.545168
1 0.364363 0.513577 0.367775 0.513577 0.367775 0.521503 0.364363 0.521503
1 0.384847 0.602542 0.388608 0.602542 0.388608 0.610299 0.384847 0.610299
1 0.364289 0.537613 0.367981 0.537613 0.367981 0.545327 0.364289 0.545327
1 0.351755 0.730001 0.356108 0.730001 0.356108 0.745790 0.351755 0.745790
1 0.405174 0.620652 0.408227 0.620652 0.408227 0.629331 0.405174 0.629331
1 0.280253 0.714064 0.288562 0.714064 0.288562 0.716758 0.280253 0.716758
1 0.326901 0.608204 0.336124 0.608204 0.336124 0.611422 0.326901 0.611422
1 0.280035 0.694259 0.288425 0.694259 0.288425 0.697560 0.280035 0.697560
1 0.405258 0.561151 0.409147 0.561151 0.409147 0.569468 0.405258 0.569468
1 0.344041 0.606962 0.347231 0.606962 0.347231 0.615511 0.344041 0.615511
1 0.326975 0.587567 0.336358 0.587567 0.336358 0.590993 0.326975 0.590993
1 0.404422 0.602140 0.408063 0.602140 0.408063 0.610391 0.404422 0.610391
1 0.297752 0.524634 0.306236 0.524634 0.306236 0.528055 0.297752 0.528055
1 0.321206 0.704419 0.326093 0.704419 0.326093 0.720810 0.321206 0.720810
1 0.364210 0.607056 0.367749 0.607056 0.367749 0.615150 0.364210 0.615150
1 0.321102 0.729684 0.325592 0.729684 0.325592 0.745849 0.321102 0.745849
1 0.297209 0.545013 0.306248 0.545013 0.306248 0.548359 0.297209 0.548359
1 0.327272 0.552716 0.330433 0.552716 0.330433 0.561284 0.327272 0.561284
1 0.361236 0.496251 0.364754 0.496251 0.364754 0.504517 0.361236 0.504517
1 0.364329 0.656662 0.367224 0.656662 0.367224 0.665193 0.364329 0.665193
1 0.343489 0.587974 0.346754 0.587974 0.346754 0.596484 0.343489 0.596484
1 0.307449 0.552599 0.310471 0.552599 0.310471 0.561105 0.307449 0.561105
1 0.344423 0.656882 0.347254 0.656882 0.347254 0.664730 0.344423 0.664730
1 0.334758 0.654922 0.338784 0.654922 0.338784 0.670449 0.334758 0.670449
1 0.260023 0.602098 0.264017 0.602098 0.264017 0.617528 0.260023 0.617528
1 0.476618 0.914435 0.482573 0.914435 0.482573 0.943337 0.476618 0.943337
1 0.468292 0.914353 0.474030 0.914353 0.474030 0.943404 0.468292 0.943404
1 0.422017 0.754307 0.449655 0.754307 0.449655 0.760874 0.422017 0.760874
1 0.485073 0.914408 0.491112 0.914408 0.491112 0.943341 0.485073 0.943341
1 0.422112 0.762864 0.449614 0.762864 0.449614 0.769442 0.422112 0.769442
1 0.421829 0.771262 0.449614 0.771262 0.449614 0.777891 0.421829 0.777891
1 0.421794 0.779783 0.449702 0.779783 0.449702 0.786396 0.421794 0.786396
1 0.421634 0.745640 0.449609 0.745640 0.449609 0.752327 0.421634 0.752327
1 0.421851 0.788367 0.449748 0.788367 0.449748 0.795033 0.421851 0.795033
1 0.421655 0.796925 0.449769 0.796925 0.449769 0.803530 0.421655 0.803530
1 0.421644 0.805452 0.449755 0.805452 0.449755 0.812206 0.421644 0.812206
1 0.422001 0.839423 0.450172 0.839423 0.450172 0.846308 0.422001 0.846308
1 0.421903 0.813853 0.449807 0.813853 0.449807 0.820603 0.421903 0.820603
1 0.421763 0.831055 0.450127 0.831055 0.450127 0.837890 0.421763 0.837890
1 0.348103 0.756807 0.352725 0.756807 0.352725 0.773042 0.348103 0.773042
1 0.421732 0.822496 0.450082 0.822496 0.450082 0.829311 0.421732 0.829311
1 0.395852 0.766710 0.404380 0.766710 0.404380 0.770982 0.395852 0.770982
1 0.294670 0.773352 0.310741 0.773352 0.310741 0.777716 0.294670 0.777716
1 0.258979 0.843987 0.274921 0.843987 0.274921 0.847887 0.258979 0.847887
1 0.344250 0.805527 0.347837 0.805527 0.347837 0.813540 0.344250 0.813540
1 0.344483 0.919248 0.347765 0.919248 0.347765 0.928245 0.344483 0.928245
1 0.422017 0.856654 0.449765 0.856654 0.449765 0.863581 0.422017 0.863581
1 0.385292 0.805538 0.388883 0.805538 0.388883 0.813601 0.385292 0.813601
1 0.422791 0.891112 0.449808 0.891112 0.449808 0.897528 0.422791 0.897528
1 0.404771 0.828408 0.408825 0.828408 0.408825 0.837652 0.404771 0.837652
1 0.404686 0.805272 0.408682 0.805272 0.408682 0.813736 0.404686 0.813736
1 0.422700 0.882432 0.449971 0.882432 0.449971 0.889086 0.422700 0.889086
1 0.405060 0.919943 0.408578 0.919943 0.408578 0.928324 0.405060 0.928324
1 0.396180 0.786694 0.404727 0.786694 0.404727 0.790271 0.396180 0.790271
1 0.422340 0.873745 0.450010 0.873745 0.450010 0.880582 0.422340 0.880582
1 0.422059 0.865077 0.449754 0.865077 0.449754 0.872064 0.422059 0.872064
1 0.422178 0.847997 0.449825 0.847997 0.449825 0.854943 0.422178 0.854943
1 0.364609 0.919452 0.367919 0.919452 0.367919 0.928574 0.364609 0.928574
1 0.258109 0.874173 0.274991 0.874173 0.274991 0.878497 0.258109 0.878497
1 0.404684 0.852687 0.408674 0.852687 0.408674 0.861801 0.404684 0.861801
1 0.393994 0.945464 0.397413 0.945464 0.397413 0.953714 0.393994 0.953714
1 0.413349 0.945455 0.417011 0.945455 0.417011 0.953736 0.413349 0.953736
1 0.404889 0.901049 0.408734 0.901049 0.408734 0.909262 0.404889 0.909262
1 0.451231 0.945530 0.454231 0.945530 0.454231 0.952983 0.451231 0.952983
1 0.404827 0.876726 0.408614 0.876726 0.408614 0.885158 0.404827 0.885158
1 0.385728 0.920177 0.389268 0.920177 0.389268 0.928185 0.385728 0.928185
1 0.363636 0.805521 0.367210 0.805521 0.367210 0.813702 0.363636 0.813702
1 0.344553 0.829588 0.347864 0.829588 0.347864 0.837026 0.344553 0.837026
1 0.431980 0.945377 0.435456 0.945377 0.435456 0.953248 0.431980 0.953248
1 0.363921 0.829171 0.367262 0.829171 0.367262 0.837334 0.363921 0.837334
1 0.276102 0.809939 0.280664 0.809939 0.280664 0.826370 0.276102 0.826370
1 0.385396 0.828994 0.389130 0.828994 0.389130 0.837597 0.385396 0.837597
1 0.385504 0.901081 0.388980 0.901081 0.388980 0.909139 0.385504 0.909139
1 0.364140 0.853188 0.367569 0.853188 0.367569 0.861539 0.364140 0.861539
1 0.462640 0.959394 0.466084 0.959394 0.466084 0.966814 0.462640 0.966814
1 0.344238 0.853316 0.347936 0.853316 0.347936 0.861324 0.344238 0.861324
1 0.364254 0.900846 0.367998 0.900846 0.367998 0.909523 0.364254 0.909523
1 0.385396 0.853059 0.388964 0.853059 0.388964 0.861246 0.385396 0.861246
1 0.364249 0.877043 0.367541 0.877043 0.367541 0.885548 0.364249 0.885548
1 0.344704 0.901239 0.348216 0.901239 0.348216 0.909783 0.344704 0.909783
1 0.317458 0.756855 0.322024 0.756855 0.322024 0.772900 0.317458 0.772900
1 0.385431 0.877108 0.388860 0.877108 0.388860 0.885209 0.385431 0.885209
1 0.482151 0.959257 0.485427 0.959257 0.485427 0.966908 0.482151 0.966908
1 0.344435 0.876987 0.347963 0.876987 0.347963 0.885369 0.344435 0.885369
1 0.503762 0.959394 0.507045 0.959394 0.507045 0.966806 0.503762 0.966806
1 0.626820 0.242703 0.630388 0.242703 0.630388 0.251797 0.626820 0.251797
1 0.660003 0.242579 0.663673 0.242579 0.663673 0.251920 0.660003 0.251920
1 0.606874 0.243020 0.610140 0.243020 0.610140 0.251275 0.606874 0.251275
1 0.639917 0.242762 0.643327 0.242762 0.643327 0.251687 0.639917 0.251687
1 0.540985 0.248191 0.544322 0.248191 0.544322 0.256788 0.540985 0.256788
1 0.560504 0.248236 0.564108 0.248236 0.564108 0.256972 0.560504 0.256972
1 0.664850 0.477500 0.670986 0.477500 0.670986 0.506333 0.664850 0.506333
1 0.715847 0.477619 0.722308 0.477619 0.722308 0.506529 0.715847 0.506529
1 0.653844 0.396099 0.670061 0.396099 0.670061 0.400058 0.653844 0.400058
1 0.724464 0.477971 0.730835 0.477971 0.730835 0.506710 0.724464 0.506710
1 0.707190 0.477305 0.713635 0.477305 0.713635 0.506516 0.707190 0.506516
1 0.502372 0.477860 0.508834 0.477860 0.508834 0.506767 0.502372 0.506767
1 0.681747 0.477097 0.688050 0.477097 0.688050 0.506536 0.681747 0.506536
1 0.510698 0.477850 0.517252 0.477850 0.517252 0.506764 0.510698 0.506764
1 0.698927 0.477569 0.705163 0.477569 0.705163 0.506506 0.698927 0.506506
1 0.673265 0.476919 0.679289 0.476919 0.679289 0.506332 0.673265 0.506332
1 0.732731 0.478515 0.739107 0.478515 0.739107 0.507020 0.732731 0.507020
1 0.519319 0.477792 0.525745 0.477792 0.525745 0.506681 0.519319 0.506681
1 0.656206 0.477537 0.662249 0.477537 0.662249 0.506475 0.656206 0.506475
1 0.690322 0.477572 0.696543 0.477572 0.696543 0.506539 0.690322 0.506539
1 0.654040 0.426000 0.669744 0.426000 0.669744 0.430561 0.654040 0.430561
1 0.539831 0.385456 0.555135 0.385456 0.555135 0.389669 0.539831 0.389669
1 0.630569 0.476661 0.636719 0.476661 0.636719 0.506437 0.630569 0.506437
1 0.681483 0.367283 0.685729 0.367283 0.685729 0.383758 0.681483 0.383758
1 0.622026 0.476799 0.628161 0.476799 0.628161 0.506437 0.622026 0.506437
1 0.551736 0.358900 0.556353 0.358900 0.556353 0.375300 0.551736 0.375300
1 0.651416 0.367239 0.655559 0.367239 0.655559 0.383122 0.651416 0.383122
1 0.527755 0.477304 0.534217 0.477304 0.534217 0.506747 0.527755 0.506747
1 0.639211 0.476925 0.645338 0.476925 0.645338 0.506528 0.639211 0.506528
1 0.647760 0.477164 0.653808 0.477164 0.653808 0.506545 0.647760 0.506545
1 0.613527 0.476683 0.619627 0.476683 0.619627 0.506509 0.613527 0.506509
1 0.494168 0.347533 0.509932 0.347533 0.509932 0.351681 0.494168 0.351681
1 0.741092 0.478545 0.747608 0.478545 0.747608 0.507195 0.741092 0.507195
1 0.704372 0.396700 0.708250 0.396700 0.708250 0.412728 0.704372 0.412728
1 0.684775 0.392784 0.693719 0.392784 0.693719 0.396130 0.684775 0.396130
1 0.606553 0.436842 0.609510 0.436842 0.609510 0.444143 0.606553 0.444143
1 0.581523 0.267247 0.584784 0.267247 0.584784 0.275461 0.581523 0.275461
1 0.562039 0.477703 0.568403 0.477703 0.568403 0.506426 0.562039 0.506426
1 0.561608 0.267412 0.564877 0.267412 0.564877 0.275549 0.561608 0.275549
1 0.604962 0.476546 0.611190 0.476546 0.611190 0.506625 0.604962 0.506625
1 0.684892 0.412969 0.693426 0.412969 0.693426 0.416171 0.684892 0.416171
1 0.587849 0.476758 0.594059 0.476758 0.594059 0.506324 0.587849 0.506324
1 0.553583 0.477791 0.559779 0.477791 0.559779 0.506548 0.553583 0.506548
1 0.579354 0.476825 0.585519 0.476825 0.585519 0.506349 0.579354 0.506349
1 0.570784 0.476970 0.577181 0.476970 0.577181 0.506332 0.570784 0.506332
1 0.705952 0.437819 0.713475 0.437819 0.713475 0.440952 0.705952 0.440952
1 0.545592 0.446416 0.553304 0.446416 0.553304 0.449330 0.545592 0.449330
1 0.596361 0.476633 0.602520 0.476633 0.602520 0.506411 0.596361 0.506411
1 0.521990 0.359132 0.525615 0.359132 0.525615 0.375168 0.521990 0.375168
1 0.545249 0.477569 0.551529 0.477569 0.551529 0.506622 0.545249 0.506622
1 0.528737 0.417559 0.532526 0.417559 0.532526 0.426283 0.528737 0.426283
1 0.705616 0.457023 0.713428 0.457023 0.713428 0.459578 0.705616 0.459578
1 0.715446 0.420462 0.718556 0.420462 0.718556 0.429359 0.715446 0.429359
1 0.540423 0.415880 0.555158 0.415880 0.555158 0.419989 0.540423 0.419989
1 0.513013 0.452208 0.515955 0.452208 0.515955 0.459329 0.513013 0.459329
1 0.724700 0.443764 0.727408 0.443764 0.727408 0.450878 0.724700 0.450878
1 0.512966 0.434568 0.516006 0.434568 0.516006 0.442229 0.512966 0.442229
1 0.724014 0.426143 0.726668 0.426143 0.726668 0.433728 0.724014 0.433728
1 0.508709 0.417664 0.511840 0.417664 0.511840 0.425202 0.508709 0.425202
1 0.536510 0.477325 0.543069 0.477325 0.543069 0.506738 0.536510 0.506738
1 0.545160 0.426804 0.553658 0.426804 0.553658 0.429587 0.545160 0.429587
1 0.695377 0.421041 0.698342 0.421041 0.698342 0.429192 0.695377 0.429192
1 0.587975 0.436996 0.590592 0.436996 0.590592 0.444239 0.587975 0.444239
1 0.531421 0.435007 0.534441 0.435007 0.534441 0.442296 0.531421 0.442296
1 0.531441 0.452515 0.534275 0.452515 0.534275 0.459451 0.531441 0.459451
1 0.664469 0.914141 0.670573 0.914141 0.670573 0.943713 0.664469 0.943713
1 0.681380 0.913980 0.687510 0.913980 0.687510 0.943811 0.681380 0.943811
1 0.672802 0.914072 0.678911 0.914072 0.678911 0.943624 0.672802 0.943624
1 0.706983 0.913991 0.713241 0.913991 0.713241 0.943853 0.706983 0.943853
1 0.689936 0.913917 0.695999 0.913917 0.695999 0.943929 0.689936 0.943929
1 0.698497 0.913911 0.704637 0.913911 0.704637 0.943912 0.698497 0.943912
1 0.510684 0.914231 0.516832 0.914231 0.516832 0.943787 0.510684 0.943787
1 0.715536 0.913999 0.721754 0.913999 0.721754 0.943797 0.715536 0.943797
1 0.723982 0.914158 0.730126 0.914158 0.730126 0.943887 0.723982 0.943887
1 0.519105 0.914186 0.525259 0.914186 0.525259 0.943588 0.519105 0.943588
1 0.527598 0.914173 0.533791 0.914173 0.533791 0.943570 0.527598 0.943570
1 0.493690 0.914209 0.499695 0.914209 0.499695 0.943571 0.493690 0.943571
1 0.732284 0.914666 0.738453 0.914666 0.738453 0.944414 0.732284 0.944414
1 0.655774 0.914123 0.661895 0.914123 0.661895 0.943831 0.655774 0.943831
1 0.502137 0.914349 0.508253 0.914349 0.508253 0.943808 0.502137 0.943808
1 0.647226 0.914146 0.653187 0.914146 0.653187 0.943899 0.647226 0.943899
1 0.536218 0.914127 0.542398 0.914127 0.542398 0.943586 0.536218 0.943586
1 0.638914 0.914105 0.645016 0.914105 0.645016 0.943919 0.638914 0.943919
1 0.630122 0.914056 0.636350 0.914056 0.636350 0.943685 0.630122 0.943685
1 0.621721 0.914065 0.627845 0.914065 0.627845 0.943744 0.621721 0.943744
1 0.613225 0.914025 0.619540 0.914025 0.619540 0.943680 0.613225 0.943680
1 0.596122 0.914273 0.602177 0.914273 0.602177 0.943566 0.596122 0.943566
1 0.587580 0.914260 0.593714 0.914260 0.593714 0.943394 0.587580 0.943394
1 0.604678 0.914284 0.610732 0.914284 0.610732 0.943563 0.604678 0.943563
1 0.578955 0.914310 0.585153 0.914310 0.585153 0.943660 0.578955 0.943660
1 0.555665 0.976648 0.563133 0.976648 0.563133 0.979533 0.555665 0.979533
1 0.596639 0.976529 0.604117 0.976529 0.604117 0.979616 0.596639 0.979616
1 0.579374 0.976639 0.586860 0.976639 0.586860 0.979670 0.579374 0.979670
1 0.553266 0.914389 0.559396 0.914389 0.559396 0.943715 0.553266 0.943715
1 0.716278 0.976066 0.723076 0.976066 0.723076 0.978410 0.716278 0.978410
1 0.561810 0.914379 0.567997 0.914379 0.567997 0.943473 0.561810 0.943473
1 0.570533 0.914281 0.576693 0.914281 0.576693 0.943704 0.570533 0.943704
1 0.595998 0.956717 0.604362 0.956717 0.604362 0.960350 0.595998 0.960350
1 0.578946 0.956849 0.587264 0.956849 0.587264 0.960329 0.578946 0.960329
1 0.655363 0.984916 0.658660 0.984916 0.658660 0.991973 0.655363 0.991973
1 0.544772 0.914343 0.550955 0.914343 0.550955 0.943498 0.544772 0.943498
1 0.538379 0.976830 0.545425 0.976830 0.545425 0.979450 0.538379 0.979450
1 0.623482 0.957176 0.631367 0.957176 0.631367 0.960405 0.623482 0.960405
1 0.538017 0.957434 0.545465 0.957434 0.545465 0.960381 0.538017 0.960381
1 0.675779 0.984751 0.678814 0.984751 0.678814 0.992063 0.675779 0.992063
1 0.715684 0.956625 0.723348 0.956625 0.723348 0.960154 0.715684 0.960154
1 0.522836 0.959434 0.526211 0.959434 0.526211 0.966652 0.522836 0.966652
1 0.623880 0.976667 0.631336 0.976667 0.631336 0.979507 0.623880 0.979507
1 0.555214 0.957458 0.563114 0.957458 0.563114 0.960542 0.555214 0.960542
1 0.780760 0.195195 0.809965 0.195195 0.809965 0.207030 0.780760 0.207030
1 0.780431 0.131482 0.809714 0.131482 0.809714 0.142538 0.780431 0.142538
1 0.852140 0.237745 0.862945 0.237745 0.862945 0.251336 0.852140 0.251336
1 0.874548 0.237710 0.885260 0.237710 0.885260 0.251283 0.874548 0.251283
1 0.817781 0.198122 0.833823 0.198122 0.833823 0.202142 0.817781 0.202142
1 0.863279 0.204471 0.873662 0.204471 0.873662 0.218899 0.863279 0.218899
1 0.803920 0.060059 0.808911 0.060059 0.808911 0.075411 0.803920 0.075411
1 0.834992 0.035944 0.840301 0.035944 0.840301 0.051797 0.834992 0.051797
1 0.817064 0.228487 0.834297 0.228487 0.834297 0.233563 0.817064 0.233563
1 0.803641 0.036277 0.809148 0.036277 0.809148 0.051699 0.803641 0.051699
1 0.834903 0.059950 0.840093 0.059950 0.840093 0.075233 0.834903 0.075233
1 0.803177 0.009397 0.808914 0.009397 0.808914 0.024949 0.803177 0.024949
1 0.803281 0.083371 0.808875 0.083371 0.808875 0.098629 0.803281 0.098629
1 0.835229 0.009553 0.840272 0.009553 0.840272 0.025049 0.835229 0.025049
1 0.893920 0.231486 0.910431 0.231486 0.910431 0.235593 0.893920 0.235593
1 0.834680 0.083068 0.840042 0.083068 0.840042 0.098652 0.834680 0.098652
1 0.808445 0.108463 0.811581 0.108463 0.811581 0.116036 0.808445 0.116036
1 0.827248 0.108585 0.830540 0.108585 0.830540 0.116130 0.827248 0.116130
1 0.895296 0.273035 0.906070 0.273035 0.906070 0.302376 0.895296 0.302376
1 0.831141 0.273042 0.842930 0.273042 0.842930 0.302631 0.831141 0.302631
1 0.826662 0.477757 0.833022 0.477757 0.833022 0.506998 0.826662 0.506998
1 0.835544 0.477653 0.841608 0.477653 0.841608 0.507011 0.835544 0.507011
1 0.818420 0.477776 0.824773 0.477776 0.824773 0.507223 0.818420 0.507223
1 0.894692 0.261970 0.910095 0.261970 0.910095 0.266448 0.894692 0.266448
1 0.766771 0.478585 0.773140 0.478585 0.773140 0.507058 0.766771 0.507058
1 0.758249 0.477945 0.764767 0.477945 0.764767 0.507039 0.758249 0.507039
1 0.775409 0.478660 0.781892 0.478660 0.781892 0.506977 0.775409 0.506977
1 0.910323 0.498704 0.918872 0.498704 0.918872 0.501924 0.910323 0.501924
1 0.743075 0.444666 0.746396 0.444666 0.746396 0.451870 0.743075 0.451870
1 0.743558 0.426403 0.746898 0.426403 0.746898 0.434900 0.743558 0.434900
1 0.801202 0.478368 0.807439 0.478368 0.807439 0.506879 0.801202 0.506879
1 0.783802 0.478062 0.790227 0.478062 0.790227 0.506933 0.783802 0.506933
1 0.789445 0.452990 0.792163 0.452990 0.792163 0.459898 0.789445 0.459898
1 0.749764 0.478069 0.756212 0.478069 0.756212 0.507096 0.749764 0.507096
1 0.770850 0.452697 0.773505 0.452697 0.773505 0.460011 0.770850 0.460011
1 0.809614 0.478612 0.815862 0.478612 0.815862 0.506863 0.809614 0.506863
1 0.792537 0.477888 0.798840 0.477888 0.798840 0.506946 0.792537 0.506946
1 0.858595 0.541340 0.887906 0.541340 0.887906 0.547688 0.858595 0.547688
1 0.858743 0.549675 0.887973 0.549675 0.887973 0.556327 0.858743 0.556327
1 0.858552 0.532640 0.887674 0.532640 0.887674 0.538908 0.858552 0.538908
1 0.858759 0.558239 0.887782 0.558239 0.887782 0.564533 0.858759 0.564533
1 0.858803 0.566942 0.888020 0.566942 0.888020 0.573247 0.858803 0.573247
1 0.857921 0.592535 0.887427 0.592535 0.887427 0.598976 0.857921 0.598976
1 0.966068 0.689229 0.990119 0.689229 0.990119 0.698039 0.966068 0.698039
1 0.933636 0.689636 0.957780 0.689636 0.957780 0.698453 0.933636 0.698453
1 0.858711 0.575264 0.888034 0.575264 0.888034 0.581549 0.858711 0.581549
1 0.858564 0.523742 0.887872 0.523742 0.887872 0.530493 0.858564 0.530493
1 0.857876 0.601057 0.887149 0.601057 0.887149 0.607408 0.857876 0.607408
1 0.857504 0.711888 0.887102 0.711888 0.887102 0.718426 0.857504 0.718426
1 0.857543 0.720678 0.887102 0.720678 0.887102 0.727023 0.857543 0.727023
1 0.965959 0.730976 0.989784 0.730976 0.989784 0.740542 0.965959 0.740542
1 0.857760 0.609447 0.887001 0.609447 0.887001 0.616031 0.857760 0.616031
1 0.857547 0.729075 0.886753 0.729075 0.886753 0.735557 0.857547 0.735557
1 0.857500 0.703475 0.886855 0.703475 0.886855 0.710028 0.857500 0.710028
1 0.857623 0.737530 0.886592 0.737530 0.886592 0.744051 0.857623 0.744051
1 0.934161 0.731307 0.958004 0.731307 0.958004 0.740574 0.934161 0.740574
1 0.857590 0.617943 0.886880 0.617943 0.886880 0.624559 0.857590 0.624559
1 0.857455 0.695097 0.886902 0.695097 0.886902 0.701489 0.857455 0.701489
1 0.857620 0.626372 0.886772 0.626372 0.886772 0.633199 0.857620 0.633199
1 0.857975 0.652132 0.886373 0.652132 0.886373 0.658720 0.857975 0.658720
1 0.857788 0.643727 0.886868 0.643727 0.886868 0.650266 0.857788 0.650266
1 0.910361 0.519457 0.919447 0.519457 0.919447 0.522604 0.910361 0.522604
1 0.857992 0.660766 0.886428 0.660766 0.886428 0.667239 0.857992 0.667239
1 0.904758 0.622476 0.912950 0.622476 0.912950 0.625980 0.904758 0.625980
1 0.857822 0.669280 0.886868 0.669280 0.886868 0.675664 0.857822 0.675664
1 0.910260 0.528249 0.919388 0.528249 0.919388 0.531457 0.910260 0.531457
1 0.904018 0.592598 0.913279 0.592598 0.913279 0.595998 0.904018 0.595998
1 0.993543 0.672040 0.997640 0.672040 0.997640 0.680925 0.993543 0.680925
1 0.857743 0.635143 0.886594 0.635143 0.886594 0.641596 0.857743 0.641596
1 0.857721 0.677910 0.887164 0.677910 0.887164 0.684322 0.857721 0.684322
1 0.910267 0.548597 0.919633 0.548597 0.919633 0.551911 0.910267 0.551911
1 0.857757 0.686208 0.886759 0.686208 0.886759 0.692728 0.857757 0.692728
1 0.904839 0.641657 0.913221 0.641657 0.913221 0.645418 0.904839 0.645418
1 0.937033 0.590817 0.945791 0.590817 0.945791 0.593518 0.937033 0.593518
1 0.938890 0.620203 0.947625 0.620203 0.947625 0.623369 0.938890 0.623369
1 0.921682 0.622429 0.930208 0.622429 0.930208 0.625738 0.921682 0.625738
1 0.923519 0.672222 0.926964 0.672222 0.926964 0.681015 0.923519 0.681015
1 0.905320 0.573233 0.913795 0.573233 0.913795 0.576268 0.905320 0.576268
1 0.938510 0.600555 0.947235 0.600555 0.947235 0.603620 0.938510 0.603620
1 0.943566 0.672263 0.947113 0.672263 0.947113 0.681171 0.943566 0.681171
1 0.938034 0.571391 0.946724 0.571391 0.946724 0.574437 0.938034 0.574437
1 0.921721 0.642295 0.930737 0.642295 0.930737 0.645396 0.921721 0.645396
1 0.973465 0.672109 0.976991 0.672109 0.976991 0.681198 0.973465 0.681198
1 0.857743 0.754721 0.887368 0.754721 0.887368 0.761331 0.857743 0.761331
1 0.936180 0.842414 0.977058 0.842414 0.977058 0.854193 0.936180 0.854193
1 0.857865 0.746152 0.886956 0.746152 0.886956 0.752821 0.857865 0.752821
1 0.857678 0.763322 0.887270 0.763322 0.887270 0.769989 0.857678 0.769989
1 0.936069 0.747954 0.976956 0.747954 0.976956 0.759006 0.936069 0.759006
1 0.857775 0.771838 0.887132 0.771838 0.887132 0.778461 0.857775 0.778461
1 0.857829 0.780239 0.886967 0.780239 0.886967 0.786944 0.857829 0.786944
1 0.857799 0.788747 0.886853 0.788747 0.886853 0.795434 0.857799 0.795434
1 0.857794 0.805925 0.886784 0.805925 0.886784 0.812567 0.857794 0.812567
1 0.857720 0.797370 0.886770 0.797370 0.886770 0.803901 0.857720 0.803901
1 0.857806 0.814430 0.886802 0.814430 0.886802 0.821166 0.857806 0.821166
1 0.857882 0.891295 0.887452 0.891295 0.887452 0.898447 0.857882 0.898447
1 0.857790 0.822872 0.887017 0.822872 0.887017 0.829585 0.857790 0.829585
1 0.740904 0.914869 0.747191 0.914869 0.747191 0.944668 0.740904 0.944668
1 0.749247 0.914949 0.755725 0.914949 0.755725 0.944548 0.749247 0.944548
1 0.834864 0.914785 0.840934 0.914785 0.840934 0.944403 0.834864 0.944403
1 0.857789 0.831307 0.887308 0.831307 0.887308 0.838246 0.857789 0.838246
1 0.826377 0.914866 0.832590 0.914866 0.832590 0.944615 0.826377 0.944615
1 0.817814 0.914865 0.824321 0.914865 0.824321 0.944703 0.817814 0.944703
1 0.857984 0.848640 0.886845 0.848640 0.886845 0.855271 0.857984 0.855271
1 0.858099 0.857096 0.886951 0.857096 0.886951 0.863915 0.858099 0.863915
1 0.800575 0.914953 0.806927 0.914953 0.806927 0.944457 0.800575 0.944457
1 0.809145 0.914987 0.815453 0.914987 0.815453 0.944319 0.809145 0.944319
1 0.757686 0.914757 0.764161 0.914757 0.764161 0.944535 0.757686 0.944535
1 0.858122 0.865581 0.887239 0.865581 0.887239 0.872492 0.858122 0.872492
1 0.792044 0.914936 0.798418 0.914936 0.798418 0.944540 0.792044 0.944540
1 0.858077 0.874127 0.887352 0.874127 0.887352 0.880989 0.858077 0.880989
1 0.783497 0.914877 0.789848 0.914877 0.789848 0.944546 0.783497 0.944546
1 0.904011 0.864792 0.912443 0.864792 0.912443 0.867628 0.904011 0.867628
1 0.774948 0.915025 0.781234 0.915025 0.781234 0.944700 0.774948 0.944700
1 0.857852 0.840028 0.886955 0.840028 0.886955 0.846857 0.857852 0.846857
1 0.897291 0.771551 0.900286 0.771551 0.900286 0.780143 0.897291 0.780143
1 0.917049 0.771572 0.920793 0.771572 0.920793 0.780430 0.917049 0.780430
1 0.857923 0.882659 0.887194 0.882659 0.887194 0.889523 0.857923 0.889523
1 0.766596 0.915066 0.772880 0.915066 0.772880 0.944706 0.766596 0.944706
1 0.772728 0.957476 0.780479 0.957476 0.780479 0.961078 0.772728 0.961078
1 0.793024 0.962209 0.795610 0.962209 0.795610 0.969191 0.793024 0.969191
1 0.811322 0.961867 0.813765 0.961867 0.813765 0.968902 0.811322 0.968902
1 0.772547 0.977289 0.780194 0.977289 0.780194 0.980113 0.772547 0.980113
1 0.867884 0.914402 0.870718 0.914402 0.870718 0.921520 0.867884 0.921520
1 0.886391 0.913848 0.889130 0.913848 0.889130 0.921644 0.886391 0.921644
1 0.904114 0.883534 0.912291 0.883534 0.912291 0.886234 0.904114 0.886234
1 0.883253 0.007586 0.927335 0.007586 0.927335 0.015181 0.883253 0.015181
1 0.883328 0.018904 0.927409 0.018904 0.927409 0.026499 0.883328 0.026499
1 0.883923 0.029850 0.928005 0.029850 0.928005 0.037445 0.883923 0.037445
1 0.883998 0.041168 0.928079 0.041168 0.928079 0.048763 0.883998 0.048763
1 0.882062 0.051891 0.926143 0.051891 0.926143 0.059486 0.882062 0.059486
1 0.882136 0.063209 0.926218 0.063209 0.926218 0.070804 0.882136 0.070804
1 0.882732 0.074155 0.926813 0.074155 0.926813 0.081750 0.882732 0.081750
1 0.882807 0.085473 0.926888 0.085473 0.926888 0.093068 0.882807 0.093068
1 0.882360 0.118906 0.926441 0.118906 0.926441 0.126501 0.882360 0.126501
1 0.882807 0.130001 0.926888 0.130001 0.926888 0.137596 0.882807 0.137596
1 0.882583 0.141170 0.926664 0.141170 0.926664 0.148765 0.882583 0.148765
1 0.882285 0.152488 0.927111 0.152488 0.927111 0.160232 0.882285 0.160232
1 0.883626 0.107662 0.927707 0.107662 0.927707 0.115257 0.883626 0.115257
1 0.883402 0.096493 0.927483 0.096493 0.927483 0.104088 0.883402 0.104088
1 0.010341 0.900007 0.014288 0.900007 0.014288 0.914751 0.010341 0.914751
1 0.008480 0.797846 0.014362 0.797846 0.014362 0.814153 0.008480 0.814153
1 0.666927 0.194736 0.674862 0.194736 0.674862 0.231994 0.666927 0.231994
1 0.655370 0.194391 0.663305 0.194391 0.663305 0.231649 0.655370 0.231649
1 0.644245 0.194391 0.652179 0.194391 0.652179 0.231649 0.644245 0.231649
1 0.633550 0.194995 0.640622 0.194995 0.640622 0.231304 0.633550 0.231304
1 0.622338 0.194908 0.630273 0.194908 0.630273 0.232166 0.622338 0.232166
1 0.610782 0.194563 0.618716 0.194563 0.618716 0.231821 0.610782 0.231821
1 0.599656 0.194563 0.607591 0.194563 0.607591 0.231821 0.599656 0.231821
1 0.589134 0.195340 0.596724 0.195340 0.596724 0.231476 0.589134 0.231476
1 0.522467 0.195081 0.530229 0.195081 0.530229 0.231476 0.522467 0.231476
1 0.532730 0.194563 0.540665 0.194563 0.540665 0.231821 0.532730 0.231821
1 0.543856 0.194563 0.551790 0.194563 0.551790 0.231821 0.543856 0.231821
1 0.555412 0.194908 0.563347 0.194908 0.563347 0.232166 0.555412 0.232166
1 0.566797 0.194908 0.573696 0.194908 0.573696 0.231304 0.566797 0.231304
1 0.578095 0.195426 0.585253 0.195426 0.585253 0.231649 0.578095 0.231649
1 0.500388 0.195253 0.508236 0.195253 0.508236 0.231045 0.500388 0.231045
1 0.510910 0.194736 0.518672 0.194736 0.518672 0.231390 0.510910 0.231390
1 0.430749 0.010835 0.466512 0.010835 0.466512 0.018254 0.430749 0.018254
1 0.431029 0.021963 0.466792 0.021963 0.466792 0.029381 0.431029 0.029381
1 0.431029 0.032671 0.466792 0.032671 0.466792 0.040089 0.431029 0.040089
1 0.431309 0.043798 0.467072 0.043798 0.467072 0.051217 0.431309 0.051217
1 0.430819 0.055486 0.466582 0.055486 0.466582 0.062905 0.430819 0.062905
1 0.431099 0.066614 0.466862 0.066614 0.466862 0.074032 0.431099 0.074032
1 0.431099 0.077322 0.466862 0.077322 0.466862 0.084740 0.431099 0.084740
1 0.431239 0.088449 0.467002 0.088449 0.467002 0.095868 0.431239 0.095868
1 0.431099 0.133030 0.466862 0.133030 0.466862 0.140449 0.431099 0.140449
1 0.430959 0.121902 0.466722 0.121902 0.466722 0.129321 0.430959 0.129321
1 0.430959 0.111195 0.466722 0.111195 0.466722 0.118613 0.430959 0.118613
1 0.430679 0.100067 0.466442 0.100067 0.466442 0.107485 0.430679 0.107485
1 0.431099 0.144228 0.466862 0.144228 0.466862 0.151646 0.431099 0.151646
1 0.431239 0.155356 0.467002 0.155356 0.467002 0.162774 0.431239 0.162774
1 0.426760 0.178381 0.483938 0.178381 0.483938 0.236399 0.426760 0.236399
