0 0.078436 0.285288 0.078456 0.298052 0.103885 0.298010 0.103864 0.285246
0 0.392428 0.399805 0.406731 0.399786 0.406697 0.373975 0.392395 0.373993
0 0.163522 0.285314 0.163554 0.298735 0.189759 0.298674 0.189728 0.285252
0 0.004981 0.058464 0.005001 0.071502 0.030233 0.071464 0.030213 0.058427
0 0.216949 0.506118 0.230276 0.506100 0.230241 0.480767 0.216914 0.480785
0 0.309325 0.463860 0.309338 0.477239 0.334767 0.477216 0.334755 0.463837
0 0.268377 0.464194 0.268392 0.477435 0.293918 0.477405 0.293903 0.464165
0 0.414395 0.439720 0.427897 0.439706 0.427870 0.413979 0.414368 0.413993
0 0.472564 0.417245 0.487086 0.417230 0.487059 0.391139 0.472537 0.391154
0 0.320819 0.513956 0.320844 0.522376 0.336748 0.522330 0.336724 0.513909
0 0.306639 0.135961 0.320159 0.135941 0.320121 0.110015 0.306601 0.110034
0 0.279891 0.513731 0.279912 0.522289 0.295836 0.522250 0.295815 0.513692
0 0.458515 0.362256 0.458525 0.375715 0.484082 0.375696 0.484072 0.362236
0 0.477509 0.250558 0.477524 0.258852 0.493492 0.258823 0.493476 0.250529
0 0.447695 0.437147 0.447719 0.445413 0.463350 0.445368 0.463327 0.437103
0 0.447336 0.453583 0.447361 0.461870 0.463141 0.461822 0.463116 0.453535
0 0.221464 0.264237 0.221497 0.272568 0.237581 0.272505 0.237549 0.264175
0 0.497278 0.269254 0.497293 0.278765 0.514414 0.278738 0.514399 0.269228
0 0.276069 0.497077 0.276082 0.506082 0.292732 0.506059 0.292720 0.497054
0 0.444057 0.419453 0.444068 0.428719 0.460559 0.428700 0.460548 0.419433
0 0.417758 0.453732 0.417779 0.463638 0.434602 0.463603 0.434581 0.453696
0 0.145345 0.811339 0.145371 0.825449 0.171263 0.825402 0.171238 0.811292
0 0.186690 0.811380 0.186704 0.824612 0.212386 0.824585 0.212372 0.811353
0 0.232055 0.772856 0.246327 0.772835 0.246287 0.745753 0.232016 0.745773
0 0.045029 0.793848 0.045046 0.808168 0.070881 0.808139 0.070864 0.793819
0 0.120946 0.904713 0.120964 0.918668 0.146844 0.918635 0.146826 0.904680
0 0.090089 0.975041 0.090108 0.989329 0.116004 0.989295 0.115985 0.975008
0 0.180113 0.920030 0.194332 0.920014 0.194300 0.892602 0.180081 0.892619
0 0.193320 0.532258 0.193331 0.545718 0.218749 0.545696 0.218737 0.532236
0 0.131179 0.978618 0.131190 0.992625 0.156868 0.992605 0.156857 0.978597
0 0.325692 0.657779 0.325704 0.665937 0.341428 0.665915 0.341416 0.657756
0 0.258280 0.757827 0.258295 0.772274 0.284156 0.772247 0.284141 0.757800
0 0.173671 0.876795 0.173673 0.849915 0.122700 0.849911 0.122697 0.876790
0 0.325736 0.640572 0.325750 0.648679 0.341623 0.648651 0.341609 0.640544
0 0.235052 0.727183 0.247520 0.727171 0.247498 0.702892 0.235029 0.702904
0 0.089543 0.794680 0.089563 0.808940 0.115554 0.808903 0.115534 0.794643
0 0.089006 0.772546 0.115828 0.772536 0.115810 0.721846 0.088988 0.721856
0 0.104808 0.535889 0.118530 0.535881 0.118516 0.510400 0.104793 0.510408
0 0.255256 0.678291 0.255274 0.692939 0.280835 0.692908 0.280817 0.678259
0 0.472852 0.977564 0.480763 0.977551 0.480737 0.961905 0.472826 0.961918
0 0.326055 0.675070 0.326065 0.683312 0.341666 0.683292 0.341655 0.675051
0 0.284100 0.829740 0.284120 0.837718 0.299878 0.837679 0.299858 0.829700
0 0.039989 0.850118 0.040002 0.876818 0.091217 0.876793 0.091204 0.850093
0 0.241828 0.613758 0.255359 0.613753 0.255349 0.588347 0.241818 0.588352
0 0.089433 0.825814 0.089455 0.839883 0.115369 0.839843 0.115348 0.825773
0 0.262489 0.731503 0.262501 0.745168 0.288138 0.745146 0.288126 0.731480
0 0.441686 0.960492 0.441707 0.968679 0.457445 0.968638 0.457424 0.960451
0 0.513708 0.977572 0.521650 0.977560 0.521626 0.961907 0.513684 0.961919
0 0.144233 0.792441 0.158954 0.792441 0.158954 0.766671 0.144234 0.766670
0 0.325276 0.830851 0.325298 0.839147 0.341061 0.839104 0.341039 0.830808
0 0.195538 0.873045 0.210184 0.873031 0.210160 0.847451 0.195514 0.847465
0 0.283796 0.805637 0.283822 0.813788 0.299638 0.813737 0.299612 0.805586
0 0.400713 0.960403 0.400734 0.968350 0.416602 0.968309 0.416581 0.960362
0 0.324457 0.853958 0.324483 0.862291 0.340544 0.862241 0.340518 0.853908
0 0.133917 0.536641 0.147669 0.536632 0.147653 0.511089 0.133901 0.511098
0 0.284523 0.607542 0.284536 0.616543 0.301149 0.616519 0.301136 0.607518
0 0.201634 0.603602 0.201648 0.616559 0.227048 0.616532 0.227034 0.603575
0 0.283564 0.853468 0.283586 0.861629 0.299629 0.861586 0.299607 0.853426
0 0.279518 0.537965 0.279539 0.546197 0.295680 0.546156 0.295659 0.537923
0 0.320538 0.538472 0.320563 0.546672 0.336312 0.546624 0.336286 0.538423
0 0.156066 0.536430 0.169481 0.536416 0.169455 0.510956 0.156039 0.510970
0 0.283483 0.877798 0.283503 0.885813 0.299574 0.885774 0.299554 0.877758
0 0.262579 0.705940 0.262596 0.719690 0.288031 0.719658 0.288014 0.705908
0 0.320438 0.562267 0.320461 0.570507 0.336268 0.570464 0.336246 0.562224
0 0.284889 0.657073 0.284898 0.666028 0.301034 0.666011 0.301025 0.657056
0 0.324297 0.877744 0.324319 0.885869 0.340328 0.885824 0.340306 0.877699
0 0.264499 0.608190 0.274120 0.608175 0.274093 0.591203 0.264472 0.591218
0 0.120851 0.627062 0.134216 0.627055 0.134202 0.601271 0.120837 0.601278
0 0.324554 0.806046 0.324581 0.814425 0.340568 0.814373 0.340540 0.805993
0 0.370008 0.945682 0.370034 0.953994 0.385915 0.953945 0.385889 0.945633
0 0.144754 0.750678 0.159677 0.750648 0.159625 0.724871 0.144703 0.724901
0 0.325284 0.620943 0.325294 0.630810 0.342635 0.630791 0.342624 0.620925
0 0.326000 0.602936 0.326016 0.611118 0.341874 0.611087 0.341858 0.602906
0 0.245158 0.656161 0.245164 0.671141 0.271234 0.671131 0.271229 0.656151
0 0.158221 0.918479 0.171327 0.918466 0.171300 0.892628 0.158194 0.892641
0 0.025542 0.804381 0.034564 0.804364 0.034532 0.787777 0.025511 0.787795
0 0.065968 0.989311 0.075020 0.989292 0.074986 0.972789 0.065934 0.972807
0 0.324147 0.919985 0.324178 0.928184 0.340110 0.928123 0.340079 0.919924
0 0.284969 0.588831 0.284982 0.597902 0.301447 0.597879 0.301434 0.588807
0 0.282950 0.919888 0.282986 0.928921 0.299782 0.928854 0.299746 0.919820
0 0.326218 0.586017 0.326232 0.594137 0.341789 0.594110 0.341775 0.585990
0 0.332455 0.787088 0.340553 0.787055 0.340489 0.771595 0.332391 0.771628
0 0.106777 0.956320 0.106802 0.965504 0.123830 0.965458 0.123805 0.956275
0 0.332424 0.946008 0.332450 0.954128 0.348388 0.954077 0.348363 0.945958
0 0.216347 0.713758 0.225834 0.713741 0.225803 0.696733 0.216317 0.696749
0 0.324176 0.901554 0.324188 0.909818 0.340199 0.909794 0.340187 0.901530
0 0.323749 0.497418 0.323779 0.506493 0.340483 0.506438 0.340453 0.497363
0 0.064080 0.537306 0.073444 0.537278 0.073394 0.520593 0.064030 0.520620
0 0.283293 0.901564 0.283301 0.909675 0.299346 0.909658 0.299338 0.901547
0 0.228473 0.545223 0.237570 0.545195 0.237519 0.528193 0.228421 0.528220
0 0.241159 0.553448 0.241186 0.562032 0.257880 0.561981 0.257854 0.553396
0 0.187652 0.476066 0.187678 0.485189 0.204357 0.485142 0.204331 0.476019
0 0.743253 0.082387 0.743282 0.095538 0.769247 0.095482 0.769218 0.082330
0 0.640601 0.401119 0.640626 0.414392 0.666338 0.414342 0.666312 0.401069
0 0.588440 0.371853 0.588465 0.385346 0.614075 0.385299 0.614051 0.371806
0 0.827924 0.297340 0.827931 0.270312 0.775700 0.270300 0.775694 0.297328
0 0.743749 0.035141 0.743787 0.048494 0.769675 0.048420 0.769636 0.035067
0 0.743642 0.008152 0.743682 0.022941 0.769821 0.022870 0.769781 0.008080
0 0.785457 0.216058 0.785462 0.234545 0.818912 0.234536 0.818907 0.216049
0 0.587032 0.428523 0.600311 0.428506 0.600279 0.403016 0.587000 0.403033
0 0.925539 0.358180 0.981354 0.358094 0.981204 0.261139 0.925389 0.261225
0 0.743324 0.058774 0.743343 0.072194 0.769119 0.072158 0.769100 0.058737
0 0.715659 0.191970 0.742843 0.191962 0.742826 0.139405 0.715643 0.139414
0 0.828039 0.258993 0.842873 0.258980 0.842850 0.233256 0.828016 0.233269
0 0.751097 0.225041 0.765822 0.225031 0.765805 0.199108 0.751079 0.199118
0 0.637112 0.459509 0.645069 0.459484 0.645020 0.444013 0.637063 0.444038
0 0.616755 0.415412 0.625595 0.415403 0.625579 0.399110 0.616739 0.399118
0 0.476288 0.448751 0.485966 0.448744 0.485955 0.431953 0.476277 0.431960
0 0.745545 0.105894 0.745560 0.114101 0.761409 0.114073 0.761394 0.105866
0 0.630032 0.423677 0.630053 0.433274 0.646382 0.433237 0.646361 0.423641
0 0.522434 0.438685 0.522447 0.446730 0.538074 0.446703 0.538060 0.438658
0 0.575695 0.245835 0.575715 0.255326 0.593105 0.255290 0.593086 0.245799
0 0.705188 0.449398 0.705210 0.457575 0.720876 0.457534 0.720854 0.449356
0 0.542843 0.245739 0.542859 0.255263 0.559839 0.255235 0.559823 0.245711
0 0.904977 0.728108 0.925524 0.728092 0.925500 0.695525 0.904952 0.695540
0 0.873059 0.727925 0.893384 0.727915 0.893368 0.695895 0.873042 0.695905
0 0.490170 0.977578 0.498134 0.977561 0.498102 0.961793 0.490138 0.961809
0 0.707603 0.972730 0.715682 0.972714 0.715651 0.957003 0.707573 0.957019
0 0.863921 0.839153 0.916969 0.839045 0.916797 0.755111 0.863749 0.755219
0 0.530806 0.977881 0.538671 0.977865 0.538639 0.962105 0.530774 0.962121
0 0.863539 0.669607 0.863560 0.678993 0.880283 0.678956 0.880262 0.669570
0 0.875645 0.617389 0.884549 0.617376 0.884525 0.600752 0.875621 0.600765
0 0.806331 0.911070 0.806350 0.919046 0.822082 0.919009 0.822063 0.911033
0 0.836662 0.768324 0.836685 0.777589 0.853535 0.777546 0.853511 0.768281
0 0.730197 0.957681 0.730222 0.965960 0.746120 0.965910 0.746094 0.957632
0 0.841147 0.546047 0.850168 0.546028 0.850133 0.529634 0.841112 0.529653
0 0.558006 0.978001 0.565997 0.977986 0.565968 0.962054 0.557978 0.962069
0 0.650362 0.978534 0.658226 0.978514 0.658186 0.962692 0.650322 0.962712
0 0.929616 0.824069 0.937573 0.824054 0.937542 0.808164 0.929585 0.808180
0 0.842238 0.639323 0.850278 0.639294 0.850222 0.623680 0.842182 0.623709
0 0.666344 0.978543 0.674308 0.978521 0.674265 0.962791 0.666301 0.962812
0 0.929932 0.772916 0.937973 0.772900 0.937940 0.757085 0.929899 0.757102
0 0.592744 0.986372 0.592755 0.995873 0.609735 0.995852 0.609724 0.986352
0 0.841086 0.516540 0.850801 0.516501 0.850731 0.499297 0.841015 0.499337
0 0.858651 0.639656 0.867621 0.639627 0.867566 0.622760 0.858597 0.622789
0 0.839804 0.879928 0.847892 0.879907 0.847851 0.864216 0.839763 0.864237
0 0.913570 0.669995 0.913598 0.679550 0.930350 0.679503 0.930323 0.669948
1 0.164148 0.086337 0.174792 0.086322 0.174736 0.047905 0.164092 0.047920
1 0.099254 0.085982 0.109618 0.085966 0.109562 0.047800 0.099197 0.047815
1 0.229094 0.086614 0.240221 0.086597 0.240164 0.047845 0.229037 0.047861
1 0.141804 0.249973 0.151960 0.249962 0.151917 0.210656 0.141760 0.210667
1 0.206898 0.250242 0.217100 0.250227 0.217044 0.210588 0.206842 0.210603
1 0.185846 0.086110 0.196601 0.086094 0.196545 0.048256 0.185790 0.048272
1 0.077446 0.085645 0.087743 0.085633 0.087699 0.047596 0.077402 0.047608
1 0.098549 0.249903 0.108465 0.249886 0.108400 0.210437 0.098484 0.210454
1 0.120937 0.085846 0.131376 0.085829 0.131316 0.047960 0.120877 0.047977
1 0.120202 0.248675 0.130103 0.248657 0.130034 0.210450 0.120133 0.210468
1 0.185168 0.248611 0.195184 0.248595 0.195126 0.210401 0.185109 0.210416
1 0.076684 0.248637 0.086870 0.248629 0.086839 0.210272 0.076653 0.210280
1 0.207278 0.086506 0.218384 0.086497 0.218351 0.047867 0.207246 0.047876
1 0.142456 0.086333 0.153152 0.086322 0.153112 0.047707 0.142417 0.047718
1 0.163653 0.249052 0.173604 0.249035 0.173541 0.210588 0.163590 0.210605
1 0.054559 0.249317 0.065245 0.249297 0.065170 0.210056 0.054485 0.210076
1 0.228623 0.250461 0.238872 0.250446 0.238814 0.210524 0.228565 0.210539
1 0.055686 0.085134 0.066489 0.085116 0.066424 0.046897 0.055621 0.046915
1 0.030022 0.072667 0.034447 0.072661 0.034426 0.057136 0.030001 0.057142
1 0.000260 0.072761 0.004858 0.072755 0.004837 0.057072 0.000239 0.057078
1 0.215561 0.476119 0.215561 0.480580 0.231181 0.480580 0.231181 0.476119
1 0.218063 0.272819 0.221269 0.272833 0.221308 0.264282 0.218102 0.264267
1 0.184580 0.484950 0.187730 0.484956 0.187745 0.476526 0.184595 0.476521
1 0.159772 0.299526 0.163250 0.299522 0.163231 0.284010 0.159753 0.284015
1 0.204398 0.484969 0.208122 0.484981 0.208150 0.476176 0.204426 0.476164
1 0.237798 0.273355 0.241119 0.273368 0.241153 0.264557 0.237832 0.264544
1 0.189777 0.299790 0.192869 0.299789 0.192864 0.284165 0.189773 0.284166
1 0.073962 0.298990 0.077684 0.298986 0.077669 0.283735 0.073946 0.283739
1 0.104007 0.299168 0.107404 0.299170 0.107413 0.283768 0.104017 0.283766
1 0.088476 0.709272 0.088495 0.720522 0.117621 0.720472 0.117601 0.709222
1 0.241128 0.583747 0.241132 0.587989 0.256143 0.587976 0.256139 0.583734
1 0.188784 0.546618 0.193333 0.546618 0.193334 0.530677 0.188785 0.530676
1 0.233156 0.698238 0.233159 0.702306 0.249758 0.702292 0.249755 0.698223
1 0.231467 0.741261 0.231469 0.745723 0.247940 0.745717 0.247938 0.741255
1 0.240973 0.614318 0.240974 0.618299 0.256154 0.618296 0.256153 0.614314
1 0.132984 0.536936 0.132986 0.541055 0.148844 0.541049 0.148843 0.536931
1 0.119627 0.540631 0.119627 0.536206 0.103874 0.536205 0.103873 0.540630
1 0.155077 0.536645 0.155079 0.540797 0.170934 0.540789 0.170931 0.536637
1 0.241013 0.670956 0.245179 0.670952 0.245165 0.655221 0.240999 0.655225
1 0.197446 0.617545 0.201333 0.617540 0.201316 0.602328 0.197429 0.602332
1 0.119306 0.627222 0.119308 0.631127 0.135278 0.631118 0.135276 0.627214
1 0.149052 0.510790 0.149052 0.506665 0.132866 0.506663 0.132865 0.510788
1 0.135522 0.601118 0.135524 0.597224 0.119365 0.597216 0.119363 0.601110
1 0.144362 0.721339 0.144362 0.724720 0.160278 0.724718 0.160277 0.721336
1 0.233012 0.727395 0.233014 0.732285 0.249394 0.732279 0.249392 0.727389
1 0.218798 0.546542 0.223394 0.546542 0.223392 0.530880 0.218796 0.530881
1 0.228321 0.545076 0.228324 0.548569 0.237184 0.548561 0.237181 0.545068
1 0.072518 0.520215 0.072526 0.517494 0.064742 0.517471 0.064734 0.520192
1 0.236967 0.528236 0.236978 0.525321 0.228591 0.525291 0.228580 0.528206
1 0.073097 0.540827 0.073112 0.537393 0.064602 0.537354 0.064586 0.540787
1 0.230979 0.510663 0.230980 0.506395 0.215119 0.506391 0.215118 0.510660
1 0.238153 0.562093 0.241177 0.562103 0.241204 0.553310 0.238180 0.553300
1 0.216483 0.713501 0.216493 0.716741 0.225504 0.716713 0.225494 0.713473
1 0.119588 0.510292 0.119589 0.506691 0.103976 0.506686 0.103974 0.510287
1 0.257935 0.561857 0.261076 0.561856 0.261073 0.553627 0.257932 0.553628
1 0.170969 0.510605 0.170970 0.506783 0.155282 0.506783 0.155282 0.510604
1 0.227333 0.618132 0.231261 0.618131 0.231257 0.602268 0.227329 0.602269
1 0.216811 0.694157 0.216814 0.697014 0.225612 0.697005 0.225609 0.694149
1 0.159477 0.491935 0.159479 0.493300 0.163049 0.493294 0.163047 0.491929
1 0.091986 0.878159 0.103492 0.878142 0.103447 0.848198 0.091941 0.848215
1 0.110927 0.877585 0.121985 0.877564 0.121930 0.848684 0.110871 0.848705
1 0.174450 0.878106 0.185502 0.878092 0.185464 0.848855 0.174412 0.848869
1 0.087991 0.772698 0.088015 0.784466 0.116838 0.784407 0.116814 0.772639
1 0.028579 0.876943 0.039518 0.876918 0.039452 0.848267 0.028513 0.848292
1 0.085603 0.990014 0.090108 0.990011 0.090099 0.974151 0.085594 0.974154
1 0.147041 0.919774 0.151369 0.919771 0.151359 0.904039 0.147032 0.904042
1 0.230859 0.773033 0.230866 0.776955 0.247292 0.776927 0.247285 0.773005
1 0.194474 0.873106 0.194475 0.877154 0.210931 0.877148 0.210930 0.873101
1 0.141457 0.826239 0.144827 0.826235 0.144807 0.809683 0.141438 0.809687
1 0.084438 0.840668 0.089095 0.840661 0.089073 0.824477 0.084416 0.824483
1 0.115691 0.840969 0.120210 0.840964 0.120191 0.824195 0.115672 0.824200
1 0.040666 0.809641 0.044824 0.809642 0.044828 0.793422 0.040670 0.793421
1 0.179007 0.888600 0.179010 0.892286 0.195015 0.892272 0.195012 0.888586
1 0.171558 0.826350 0.175858 0.826349 0.175855 0.810049 0.171556 0.810050
1 0.182372 0.826090 0.186495 0.826082 0.186464 0.809916 0.182342 0.809924
1 0.178962 0.920076 0.178966 0.923690 0.195005 0.923669 0.195000 0.920055
1 0.126929 0.992601 0.131166 0.992597 0.131151 0.977399 0.126914 0.977403
1 0.253551 0.773066 0.258212 0.773064 0.258204 0.757117 0.253544 0.757119
1 0.156597 0.918795 0.156601 0.923136 0.172667 0.923121 0.172662 0.918780
1 0.115995 0.810319 0.119513 0.810318 0.119507 0.794129 0.115989 0.794130
1 0.116181 0.990256 0.120029 0.990251 0.120012 0.974533 0.116164 0.974538
1 0.085321 0.810041 0.089422 0.810038 0.089410 0.794037 0.085309 0.794040
1 0.116216 0.919515 0.120658 0.919515 0.120658 0.903545 0.116216 0.903545
1 0.156969 0.993207 0.160901 0.993207 0.160900 0.977349 0.156969 0.977349
1 0.157026 0.888850 0.157026 0.892591 0.172857 0.892590 0.172856 0.888849
1 0.212569 0.826834 0.216483 0.826833 0.216478 0.810398 0.212564 0.810399
1 0.159831 0.796801 0.159833 0.792513 0.143324 0.792505 0.143322 0.796793
1 0.034662 0.808211 0.034669 0.804445 0.026032 0.804428 0.026025 0.808194
1 0.194634 0.843110 0.194635 0.847040 0.211272 0.847035 0.211271 0.843105
1 0.160196 0.755798 0.160197 0.750888 0.143747 0.750887 0.143747 0.755797
1 0.070922 0.809688 0.074891 0.809686 0.074884 0.793575 0.070915 0.793577
1 0.144174 0.762142 0.144175 0.766014 0.159846 0.766009 0.159845 0.762137
1 0.066062 0.969484 0.066087 0.972990 0.074615 0.972929 0.074590 0.969424
1 0.066112 0.989360 0.066115 0.992465 0.074523 0.992458 0.074520 0.989352
1 0.034103 0.787631 0.034105 0.784751 0.026330 0.784747 0.026328 0.787627
1 0.102827 0.965169 0.106739 0.965186 0.106777 0.956223 0.102865 0.956206
1 0.123510 0.965077 0.126592 0.965091 0.126631 0.956648 0.123549 0.956634
1 0.251009 0.085940 0.261983 0.085925 0.261928 0.048160 0.250954 0.048176
1 0.250170 0.250665 0.260481 0.250651 0.260425 0.210284 0.250114 0.210298
1 0.305668 0.105888 0.305671 0.109671 0.321793 0.109661 0.321791 0.105878
1 0.321396 0.139407 0.321397 0.136078 0.305366 0.136074 0.305365 0.139403
1 0.472100 0.387187 0.472103 0.390988 0.487471 0.390976 0.487468 0.387175
1 0.305037 0.478692 0.309151 0.478687 0.309133 0.463144 0.305018 0.463149
1 0.429328 0.444261 0.429331 0.439899 0.413308 0.439890 0.413305 0.444252
1 0.484213 0.377267 0.488403 0.377265 0.488395 0.361381 0.484204 0.361383
1 0.391604 0.400288 0.391604 0.404835 0.407719 0.404833 0.407719 0.400286
1 0.391457 0.369557 0.391458 0.373390 0.407592 0.373387 0.407591 0.369554
1 0.413170 0.409103 0.413172 0.413469 0.429085 0.413459 0.429082 0.409092
1 0.453797 0.376971 0.458221 0.376960 0.458181 0.360894 0.453757 0.360905
1 0.335211 0.477857 0.339196 0.477855 0.339188 0.463135 0.335203 0.463137
1 0.294257 0.478390 0.298491 0.478389 0.298487 0.463252 0.294253 0.463253
1 0.463251 0.445802 0.467093 0.445814 0.467122 0.436847 0.463280 0.436835
1 0.471679 0.417632 0.471680 0.421989 0.487490 0.421982 0.487488 0.417625
1 0.476249 0.429193 0.476256 0.432123 0.485725 0.432100 0.485718 0.429171
1 0.473976 0.258890 0.477431 0.258886 0.477421 0.250722 0.473966 0.250726
1 0.443810 0.445448 0.447216 0.445453 0.447228 0.436854 0.443822 0.436849
1 0.263761 0.478564 0.268463 0.478556 0.268437 0.462550 0.263735 0.462558
1 0.460495 0.428828 0.463685 0.428836 0.463710 0.419201 0.460520 0.419193
1 0.463166 0.462339 0.466442 0.462349 0.466468 0.453656 0.463192 0.453647
1 0.443856 0.462348 0.447132 0.462351 0.447141 0.453662 0.443865 0.453659
1 0.340316 0.506476 0.343937 0.506492 0.343977 0.497340 0.340356 0.497324
1 0.476404 0.448659 0.476404 0.451858 0.486153 0.451856 0.486152 0.448656
1 0.434695 0.463835 0.438221 0.463853 0.438269 0.454147 0.434742 0.454130
1 0.320120 0.506326 0.323496 0.506342 0.323538 0.497373 0.320161 0.497358
1 0.414776 0.463102 0.418069 0.463112 0.418096 0.454367 0.414803 0.454357
1 0.272264 0.506473 0.276013 0.506484 0.276042 0.496836 0.272293 0.496825
1 0.440808 0.428916 0.443814 0.428911 0.443797 0.419524 0.440791 0.419530
1 0.258289 0.720475 0.262417 0.720472 0.262405 0.704534 0.258277 0.704538
1 0.341555 0.666257 0.345803 0.666280 0.345849 0.657806 0.341601 0.657783
1 0.336417 0.546772 0.340251 0.546788 0.340288 0.538139 0.336454 0.538123
1 0.258070 0.745994 0.262341 0.745992 0.262331 0.730105 0.258060 0.730108
1 0.288342 0.720977 0.292260 0.720972 0.292237 0.704734 0.288319 0.704740
1 0.316481 0.546503 0.320365 0.546515 0.320389 0.538381 0.316505 0.538370
1 0.250986 0.693159 0.255120 0.693159 0.255117 0.677655 0.250984 0.677656
1 0.322168 0.630361 0.324941 0.630361 0.324941 0.621593 0.322168 0.621593
1 0.295659 0.546217 0.299527 0.546233 0.299560 0.538209 0.295693 0.538193
1 0.336983 0.522433 0.340397 0.522444 0.340424 0.514256 0.337010 0.514245
1 0.271336 0.671394 0.276347 0.671388 0.276329 0.655462 0.271318 0.655468
1 0.322043 0.666146 0.325105 0.666145 0.325102 0.657656 0.322040 0.657657
1 0.295893 0.522363 0.299264 0.522377 0.299298 0.514179 0.295927 0.514165
1 0.341719 0.648747 0.345348 0.648745 0.345343 0.640538 0.341714 0.640540
1 0.341628 0.683258 0.345426 0.683255 0.345420 0.674997 0.341621 0.675000
1 0.274042 0.611477 0.274043 0.608407 0.264760 0.608403 0.264759 0.611473
1 0.281210 0.616248 0.284227 0.616260 0.284261 0.607463 0.281244 0.607451
1 0.341954 0.595081 0.345988 0.595082 0.345992 0.585677 0.341958 0.585675
1 0.316478 0.570325 0.320350 0.570326 0.320352 0.562132 0.316480 0.562131
1 0.281579 0.665676 0.284780 0.665689 0.284817 0.657017 0.281616 0.657003
1 0.341906 0.611895 0.345870 0.611893 0.345866 0.602593 0.341901 0.602594
1 0.288212 0.746163 0.291906 0.746165 0.291912 0.730413 0.288217 0.730411
1 0.321691 0.648639 0.324971 0.648643 0.324981 0.640491 0.321702 0.640487
1 0.281332 0.597634 0.285010 0.597633 0.285007 0.588661 0.281329 0.588662
1 0.276631 0.521586 0.279912 0.521587 0.279914 0.513776 0.276632 0.513776
1 0.316919 0.522825 0.320670 0.522835 0.320694 0.514033 0.316942 0.514023
1 0.322149 0.683647 0.326001 0.683643 0.325991 0.674474 0.322140 0.674478
1 0.273584 0.590777 0.273584 0.587948 0.265021 0.587948 0.265021 0.590776
1 0.336209 0.570562 0.339728 0.570576 0.339762 0.561786 0.336243 0.561772
1 0.276056 0.545642 0.279317 0.545642 0.279315 0.537931 0.276054 0.537932
1 0.281133 0.693484 0.285507 0.693480 0.285493 0.677659 0.281118 0.677663
1 0.322573 0.611366 0.325347 0.611369 0.325355 0.602886 0.322581 0.602884
1 0.292731 0.506069 0.296354 0.506067 0.296350 0.497057 0.292727 0.497059
1 0.322840 0.594530 0.325682 0.594529 0.325679 0.585941 0.322838 0.585942
1 0.301584 0.616754 0.304656 0.616744 0.304626 0.607896 0.301554 0.607907
1 0.342559 0.631323 0.345903 0.631320 0.345894 0.621222 0.342550 0.621225
1 0.301690 0.665748 0.304232 0.665741 0.304209 0.657297 0.301667 0.657304
1 0.301810 0.597987 0.304916 0.597986 0.304915 0.589023 0.301808 0.589023
1 0.340400 0.863070 0.344424 0.863091 0.344474 0.853042 0.340451 0.853022
1 0.340352 0.815185 0.344737 0.815202 0.344774 0.805425 0.340389 0.805408
1 0.299586 0.814285 0.303239 0.814300 0.303274 0.805734 0.299622 0.805719
1 0.340863 0.839451 0.344770 0.839464 0.344802 0.829581 0.340894 0.829568
1 0.438021 0.968720 0.441620 0.968727 0.441636 0.960392 0.438037 0.960385
1 0.480903 0.961854 0.480915 0.958588 0.472787 0.958556 0.472774 0.961823
1 0.339824 0.929020 0.343916 0.929040 0.343961 0.919860 0.339869 0.919840
1 0.279353 0.928958 0.282924 0.928969 0.282951 0.920194 0.279379 0.920184
1 0.497954 0.961731 0.497961 0.958631 0.489969 0.958612 0.489962 0.961712
1 0.279895 0.813678 0.283818 0.813700 0.283866 0.805159 0.279943 0.805137
1 0.320925 0.814251 0.324531 0.814260 0.324552 0.805899 0.320947 0.805890
1 0.320583 0.928452 0.323900 0.928463 0.323930 0.919871 0.320613 0.919860
1 0.300045 0.838072 0.303235 0.838084 0.303266 0.829879 0.300076 0.829867
1 0.457680 0.968724 0.461357 0.968724 0.461356 0.960252 0.457679 0.960253
1 0.331846 0.787198 0.331854 0.791166 0.341314 0.791148 0.341307 0.787180
1 0.397074 0.968200 0.400650 0.968205 0.400660 0.960309 0.397084 0.960304
1 0.416704 0.968797 0.420233 0.968798 0.420236 0.960197 0.416707 0.960196
1 0.340132 0.886507 0.344280 0.886527 0.344325 0.876946 0.340176 0.876927
1 0.385708 0.954306 0.389916 0.954318 0.389941 0.945704 0.385733 0.945691
1 0.366265 0.954506 0.370005 0.954505 0.370002 0.945836 0.366262 0.945837
1 0.299737 0.862604 0.303202 0.862620 0.303245 0.853275 0.299780 0.853259
1 0.328769 0.954491 0.332408 0.954497 0.332422 0.945671 0.328782 0.945665
1 0.321161 0.839544 0.324967 0.839546 0.324972 0.829718 0.321165 0.829717
1 0.299775 0.929045 0.302920 0.929057 0.302953 0.920292 0.299807 0.920280
1 0.280391 0.837959 0.284187 0.837964 0.284199 0.829293 0.280402 0.829287
1 0.279783 0.886210 0.283375 0.886211 0.283379 0.877597 0.279786 0.877596
1 0.279610 0.862090 0.283558 0.862113 0.283611 0.853007 0.279663 0.852984
1 0.472450 0.977886 0.472451 0.980973 0.481095 0.980969 0.481094 0.977883
1 0.320951 0.862744 0.324281 0.862761 0.324328 0.853318 0.320997 0.853302
1 0.320674 0.886482 0.324047 0.886499 0.324092 0.877303 0.320719 0.877287
1 0.299666 0.886722 0.303136 0.886738 0.303180 0.877441 0.299710 0.877425
1 0.348503 0.954750 0.352215 0.954767 0.352252 0.946179 0.348540 0.946163
1 0.489828 0.977793 0.489832 0.981152 0.498576 0.981142 0.498572 0.977783
1 0.320771 0.909837 0.324103 0.909832 0.324092 0.901106 0.320760 0.901110
1 0.340093 0.910206 0.343990 0.910201 0.343978 0.901205 0.340081 0.901210
1 0.332315 0.767977 0.332316 0.771192 0.340731 0.771187 0.340729 0.767972
1 0.279797 0.909814 0.283215 0.909811 0.283207 0.901508 0.279788 0.901512
1 0.299502 0.910354 0.303140 0.910367 0.303172 0.901121 0.299534 0.901108
1 0.284535 0.773585 0.288672 0.773583 0.288662 0.757489 0.284525 0.757492
1 0.714589 0.127736 0.714604 0.137789 0.743915 0.137745 0.743900 0.127692
1 0.714366 0.192220 0.714378 0.202873 0.743693 0.202841 0.743682 0.192188
1 0.737756 0.096009 0.743204 0.096008 0.743201 0.080995 0.737753 0.080996
1 0.738127 0.049065 0.743596 0.049061 0.743584 0.034050 0.738116 0.034054
1 0.737905 0.022377 0.743532 0.022375 0.743526 0.007050 0.737900 0.007052
1 0.559866 0.255173 0.563239 0.255174 0.563240 0.246075 0.559868 0.246075
1 0.592991 0.255158 0.596326 0.255156 0.596321 0.246310 0.592986 0.246312
1 0.741639 0.113920 0.745261 0.113917 0.745254 0.105699 0.741632 0.105702
1 0.572886 0.254959 0.575971 0.254957 0.575965 0.246207 0.572880 0.246209
1 0.540032 0.254788 0.543007 0.254784 0.542995 0.246055 0.540020 0.246059
1 0.493653 0.259538 0.497328 0.259535 0.497323 0.249900 0.493647 0.249903
1 0.751418 0.154858 0.753956 0.154865 0.753963 0.151632 0.751426 0.151626
1 0.666541 0.415931 0.670636 0.415921 0.670599 0.400162 0.666505 0.400172
1 0.601864 0.402784 0.601865 0.398334 0.585901 0.398331 0.585900 0.402781
1 0.636376 0.415889 0.640393 0.415889 0.640394 0.400100 0.636377 0.400100
1 0.614248 0.386141 0.618169 0.386137 0.618154 0.370593 0.614233 0.370597
1 0.701528 0.457818 0.705054 0.457831 0.705090 0.448836 0.701564 0.448822
1 0.645716 0.463018 0.645727 0.459754 0.636826 0.459724 0.636815 0.462989
1 0.721025 0.457940 0.724443 0.457954 0.724480 0.449017 0.721062 0.449003
1 0.616955 0.396035 0.616959 0.398824 0.625293 0.398813 0.625289 0.396024
1 0.601678 0.433108 0.601679 0.428517 0.585491 0.428515 0.585491 0.433106
1 0.583538 0.386848 0.588034 0.386848 0.588034 0.370882 0.583538 0.370882
1 0.626440 0.433214 0.629280 0.433210 0.629269 0.423994 0.626429 0.423997
1 0.646535 0.433184 0.650182 0.433203 0.650229 0.423961 0.646583 0.423942
1 0.538217 0.447300 0.541846 0.447298 0.541840 0.438439 0.538211 0.438441
1 0.494050 0.277983 0.497256 0.277987 0.497264 0.269964 0.494059 0.269961
1 0.518850 0.446862 0.522286 0.446850 0.522256 0.438558 0.518819 0.438570
1 0.645127 0.443576 0.645129 0.440648 0.637107 0.440644 0.637106 0.443571
1 0.616479 0.415742 0.616486 0.419372 0.625711 0.419354 0.625704 0.415724
1 0.514294 0.278338 0.517913 0.278334 0.517903 0.269804 0.514285 0.269808
1 0.674679 0.962962 0.674690 0.959290 0.666177 0.959264 0.666166 0.962936
1 0.538883 0.962184 0.538895 0.958554 0.530670 0.958527 0.530658 0.962156
1 0.658624 0.962846 0.658633 0.959162 0.650007 0.959139 0.649997 0.962823
1 0.675043 0.982866 0.675049 0.978737 0.665941 0.978724 0.665935 0.982853
1 0.521712 0.961991 0.521727 0.958426 0.513594 0.958391 0.513578 0.961956
1 0.706880 0.972824 0.706886 0.976725 0.716176 0.976710 0.716170 0.972809
1 0.658758 0.982745 0.658765 0.978702 0.649719 0.978688 0.649713 0.982730
1 0.557938 0.958687 0.557940 0.962302 0.566250 0.962297 0.566248 0.958681
1 0.726241 0.966357 0.730183 0.966360 0.730191 0.957581 0.726249 0.957577
1 0.706881 0.953369 0.706884 0.957027 0.715894 0.957020 0.715891 0.953361
1 0.746063 0.966309 0.750084 0.966327 0.750123 0.957652 0.746102 0.957634
1 0.521836 0.981485 0.521841 0.977697 0.513263 0.977686 0.513258 0.981474
1 0.539041 0.981902 0.539044 0.977913 0.530996 0.977908 0.530994 0.981897
1 0.567046 0.981953 0.567051 0.978084 0.557753 0.978071 0.557748 0.981940
1 0.609801 0.995925 0.613453 0.995946 0.613503 0.987136 0.609851 0.987115
1 0.589746 0.995576 0.592834 0.995598 0.592896 0.987101 0.589808 0.987079
1 0.807760 0.247904 0.818288 0.247959 0.818356 0.234879 0.807828 0.234824
1 0.785706 0.247741 0.796013 0.247817 0.796111 0.234565 0.785804 0.234488
1 0.797132 0.216199 0.806828 0.216148 0.806749 0.201235 0.797053 0.201286
1 0.770124 0.022793 0.774948 0.022790 0.774938 0.007143 0.770114 0.007146
1 0.769633 0.096548 0.774884 0.096545 0.774875 0.080941 0.769624 0.080944
1 0.750614 0.225296 0.750616 0.229974 0.767573 0.229969 0.767572 0.225291
1 0.769786 0.049423 0.774619 0.049417 0.774601 0.034099 0.769768 0.034104
1 0.769440 0.073096 0.774510 0.073089 0.774491 0.057467 0.769420 0.057473
1 0.933394 0.245657 0.933401 0.259626 0.973353 0.259606 0.973346 0.245637
1 0.827634 0.229067 0.827637 0.233101 0.843254 0.233089 0.843251 0.229055
1 0.761815 0.114032 0.765380 0.114029 0.765373 0.105976 0.761808 0.105979
1 0.738308 0.073229 0.743273 0.073217 0.743237 0.057522 0.738272 0.057534
1 0.767077 0.198877 0.767078 0.195090 0.751099 0.195087 0.751098 0.198874
1 0.828787 0.298816 0.839104 0.298796 0.839047 0.270132 0.828730 0.270152
1 0.764050 0.298656 0.774553 0.298636 0.774496 0.269229 0.763993 0.269249
1 0.933304 0.360266 0.933337 0.377849 0.971802 0.377777 0.971770 0.360194
1 0.843080 0.263377 0.843080 0.259129 0.827569 0.259126 0.827568 0.263374
1 0.850079 0.499469 0.850089 0.496484 0.841810 0.496456 0.841800 0.499441
1 0.902864 0.686153 0.902885 0.695262 0.927445 0.695205 0.927424 0.686096
1 0.870315 0.686358 0.870342 0.695558 0.894658 0.695487 0.894631 0.686287
1 0.902537 0.728281 0.902550 0.737503 0.926337 0.737470 0.926325 0.728248
1 0.870793 0.728181 0.870809 0.737582 0.894733 0.737542 0.894717 0.728141
1 0.858134 0.639565 0.858136 0.642993 0.868005 0.642988 0.868004 0.639560
1 0.850611 0.643109 0.850624 0.639301 0.841347 0.639268 0.841333 0.643076
1 0.875267 0.617597 0.875275 0.620845 0.885257 0.620819 0.885248 0.617572
1 0.859988 0.678516 0.863640 0.678529 0.863672 0.669689 0.860020 0.669675
1 0.930209 0.679124 0.934460 0.679143 0.934500 0.670311 0.930249 0.670292
1 0.850268 0.623489 0.850281 0.619816 0.841772 0.619785 0.841759 0.623457
1 0.840945 0.526540 0.840946 0.529505 0.849832 0.529502 0.849831 0.526538
1 0.880169 0.679013 0.883332 0.679020 0.883353 0.670039 0.880191 0.670031
1 0.910527 0.679053 0.913800 0.679064 0.913828 0.670357 0.910555 0.670346
1 0.850395 0.549110 0.850403 0.546035 0.841148 0.546010 0.841139 0.549084
1 0.867230 0.622600 0.867244 0.619939 0.858549 0.619894 0.858536 0.622556
1 0.884771 0.600385 0.884772 0.598066 0.875696 0.598063 0.875695 0.600381
1 0.850635 0.519987 0.850650 0.516817 0.841418 0.516773 0.841403 0.519943
1 0.871815 0.838817 0.871831 0.850886 0.913358 0.850829 0.913341 0.838760
1 0.872462 0.744221 0.872480 0.755102 0.913588 0.755035 0.913570 0.744154
1 0.802482 0.919636 0.806267 0.919641 0.806278 0.910610 0.802493 0.910605
1 0.937849 0.828078 0.937865 0.823973 0.929218 0.823940 0.929202 0.828044
1 0.937692 0.808245 0.937695 0.804853 0.929399 0.804846 0.929396 0.808238
1 0.822221 0.919401 0.826163 0.919407 0.826176 0.910990 0.822234 0.910984
1 0.848492 0.883817 0.848496 0.880063 0.838784 0.880053 0.838780 0.883807
1 0.938201 0.757198 0.938207 0.753468 0.929877 0.753455 0.929871 0.757186
1 0.929719 0.772991 0.929721 0.776909 0.938391 0.776905 0.938389 0.772987
1 0.853490 0.778004 0.857103 0.778012 0.857122 0.768536 0.853510 0.768528
1 0.847717 0.864136 0.847726 0.860665 0.839443 0.860643 0.839434 0.864115
1 0.833640 0.777928 0.836822 0.777927 0.836817 0.768426 0.833634 0.768427
0 0.054825 0.093022 0.262439 0.093022 0.262439 0.207614 0.054825 0.207614
1 0.818353 0.004287 0.858699 0.004287 0.858699 0.011873 0.818353 0.011873
1 0.817803 0.015391 0.858149 0.015391 0.858149 0.022976 0.817803 0.022976
1 0.818243 0.026604 0.858589 0.026604 0.858589 0.034190 0.818243 0.034190
1 0.817803 0.059694 0.858149 0.059694 0.858149 0.067280 0.817803 0.067280
1 0.817364 0.048481 0.857709 0.048481 0.857709 0.056067 0.817364 0.056067
1 0.817913 0.037378 0.858259 0.037378 0.858259 0.044963 0.817913 0.044963
1 0.817254 0.104438 0.857600 0.104438 0.857600 0.112023 0.817254 0.112023
1 0.816704 0.115541 0.857050 0.115541 0.857050 0.123127 0.816704 0.123127
1 0.817693 0.071348 0.858039 0.071348 0.858039 0.078933 0.817693 0.078933
1 0.817144 0.082451 0.857490 0.082451 0.857490 0.090036 0.817144 0.090036
1 0.817583 0.093664 0.857929 0.093664 0.857929 0.101250 0.817583 0.101250
1 0.817144 0.126755 0.857490 0.126755 0.857490 0.134340 0.817144 0.134340
1 0.817034 0.137638 0.857380 0.137638 0.857380 0.145224 0.817034 0.145224
1 0.816924 0.149071 0.857270 0.149071 0.857270 0.156657 0.816924 0.156657
1 0.874362 0.588302 0.883458 0.588302 0.883458 0.592432 0.874362 0.592432
0 0.841715 0.573570 0.849640 0.573570 0.849640 0.589530 0.841715 0.589530
1 0.841660 0.589921 0.850309 0.589921 0.850309 0.594106 0.841660 0.594106
1 0.735629 0.991721 0.743944 0.991721 0.743944 0.994957 0.735629 0.994957
0 0.002420 0.720978 0.053515 0.720978 0.053515 0.748811 0.002420 0.748811
1 0.053784 0.719835 0.065818 0.719835 0.065818 0.749282 0.053784 0.749282
1 0.359668 0.179633 0.417118 0.179633 0.417118 0.240010 0.359668 0.240010
1 0.655244 0.428859 0.658459 0.428859 0.658459 0.438608 0.655244 0.438608
1 0.655451 0.446333 0.658563 0.446333 0.658563 0.455252 0.655451 0.455252
0 0.658822 0.429171 0.674533 0.429171 0.674533 0.438296 0.658822 0.438296
0 0.658874 0.446437 0.674585 0.446437 0.674585 0.454215 0.658874 0.454215
1 0.600126 0.196719 0.607333 0.196719 0.607333 0.235349 0.600126 0.235349
1 0.588874 0.196616 0.596081 0.196616 0.596081 0.235245 0.588874 0.235245
1 0.577881 0.196564 0.585089 0.196564 0.585089 0.235193 0.577881 0.235193
1 0.566629 0.196460 0.573837 0.196460 0.573837 0.235090 0.566629 0.235090
1 0.533704 0.196253 0.540911 0.196253 0.540911 0.234882 0.533704 0.234882
1 0.544696 0.196304 0.551904 0.196304 0.551904 0.234934 0.544696 0.234934
1 0.555948 0.196408 0.563155 0.196408 0.563155 0.235038 0.555948 0.235038
1 0.522452 0.196149 0.529659 0.196149 0.529659 0.234778 0.522452 0.234778
1 0.511227 0.196085 0.518435 0.196085 0.518435 0.234714 0.511227 0.234714
1 0.499976 0.195981 0.507183 0.195981 0.507183 0.234611 0.499976 0.234611
1 0.488983 0.195929 0.496190 0.195929 0.496190 0.234559 0.488983 0.234559
1 0.477731 0.195826 0.485250 0.195826 0.485250 0.233147 0.477731 0.233147
1 0.467050 0.195774 0.474257 0.195774 0.474257 0.234403 0.467050 0.234403
1 0.455798 0.195670 0.462886 0.195670 0.462886 0.232750 0.455798 0.232750
1 0.444805 0.195618 0.452013 0.195618 0.452013 0.234248 0.444805 0.234248
1 0.433554 0.195514 0.440523 0.195514 0.440523 0.232750 0.433554 0.232750
1 0.365106 0.000948 0.401903 0.000948 0.401903 0.008244 0.365106 0.008244
1 0.365106 0.011813 0.401903 0.011813 0.401903 0.019109 0.365106 0.019109
1 0.365344 0.022915 0.402141 0.022915 0.402141 0.030211 0.365344 0.030211
1 0.365423 0.033780 0.402220 0.033780 0.402220 0.041076 0.365423 0.041076
1 0.365265 0.045279 0.402061 0.045279 0.402061 0.052574 0.365265 0.052574
1 0.365265 0.056143 0.402061 0.056143 0.402061 0.063439 0.365265 0.063439
1 0.365503 0.067245 0.402299 0.067245 0.402299 0.074541 0.365503 0.074541
1 0.365503 0.078110 0.402299 0.078110 0.402299 0.085406 0.365503 0.085406
1 0.364710 0.089847 0.401506 0.089847 0.401506 0.097143 0.364710 0.097143
1 0.364710 0.100711 0.401506 0.100711 0.401506 0.108007 0.364710 0.108007
1 0.364948 0.111814 0.401744 0.111814 0.401744 0.119109 0.364948 0.119109
1 0.365027 0.122678 0.401823 0.122678 0.401823 0.129974 0.365027 0.129974
1 0.364868 0.134177 0.401665 0.134177 0.401665 0.141473 0.364868 0.141473
1 0.364868 0.145041 0.401665 0.145041 0.401665 0.152337 0.364868 0.152337
1 0.364789 0.156144 0.401585 0.156144 0.401585 0.163440 0.364789 0.163440
1 0.353396 0.524286 0.382024 0.524286 0.382024 0.530941 0.353396 0.530941
1 0.353333 0.532887 0.381961 0.532887 0.381961 0.539542 0.353333 0.539542
1 0.353145 0.541174 0.381773 0.541174 0.381773 0.547829 0.353145 0.547829
1 0.353145 0.549713 0.381773 0.549713 0.381773 0.556368 0.353145 0.556368
1 0.353145 0.558628 0.381773 0.558628 0.381773 0.565282 0.353145 0.565282
1 0.359129 0.575638 0.387757 0.575638 0.387757 0.582293 0.359129 0.582293
1 0.359066 0.584239 0.387694 0.584239 0.387694 0.590894 0.359066 0.590894
1 0.358877 0.592526 0.387506 0.592526 0.387506 0.599181 0.358877 0.599181
1 0.358877 0.601064 0.387506 0.601064 0.387506 0.607719 0.358877 0.607719
1 0.358877 0.609979 0.387506 0.609979 0.387506 0.616634 0.358877 0.616634
1 0.358631 0.652688 0.387259 0.652688 0.387259 0.659343 0.358631 0.659343
1 0.358965 0.643621 0.387075 0.643621 0.387075 0.650267 0.358965 0.650267
1 0.358446 0.635074 0.387075 0.635074 0.387075 0.641728 0.358446 0.641728
1 0.358635 0.626786 0.387263 0.626786 0.387263 0.633441 0.358635 0.633441
1 0.358698 0.618185 0.387326 0.618185 0.387326 0.624840 0.358698 0.624840
1 0.358391 0.686561 0.387019 0.686561 0.387019 0.693216 0.358391 0.693216
1 0.358391 0.695476 0.387019 0.695476 0.387019 0.702131 0.358391 0.702131
1 0.358211 0.703683 0.386839 0.703683 0.386839 0.710337 0.358211 0.710337
1 0.358148 0.712284 0.386777 0.712284 0.386777 0.718938 0.358148 0.718938
1 0.357960 0.720571 0.386588 0.720571 0.386588 0.727226 0.357960 0.727226
1 0.358005 0.728788 0.386588 0.728788 0.386588 0.735541 0.358005 0.735541
1 0.358145 0.737740 0.386773 0.737740 0.386773 0.744394 0.358145 0.744394
1 0.358642 0.661135 0.387270 0.661135 0.387270 0.667790 0.358642 0.667790
1 0.358579 0.669736 0.387208 0.669736 0.387208 0.676391 0.358579 0.676391
1 0.358391 0.678023 0.387019 0.678023 0.387019 0.684678 0.358391 0.684678
1 0.358248 0.789012 0.386876 0.789012 0.386876 0.795667 0.358248 0.795667
1 0.358237 0.780565 0.386865 0.780565 0.386865 0.787219 0.358237 0.787219
1 0.358185 0.797613 0.386814 0.797613 0.386814 0.804268 0.358185 0.804268
1 0.357997 0.805900 0.386625 0.805900 0.386625 0.812555 0.357997 0.812555
1 0.357997 0.814438 0.386625 0.814438 0.386625 0.821093 0.357997 0.821093
1 0.357997 0.823353 0.386625 0.823353 0.386625 0.830008 0.357997 0.830008
1 0.357817 0.831559 0.386445 0.831559 0.386445 0.838214 0.357817 0.838214
1 0.357754 0.840160 0.386383 0.840160 0.386383 0.846815 0.357754 0.846815
1 0.357467 0.848745 0.386095 0.848745 0.386095 0.855400 0.357467 0.855400
1 0.357512 0.856963 0.386095 0.856963 0.386095 0.863716 0.357512 0.863716
1 0.357651 0.865914 0.386280 0.865914 0.386280 0.872569 0.357651 0.872569
1 0.358303 0.746062 0.386932 0.746062 0.386932 0.752717 0.358303 0.752717
1 0.358241 0.754663 0.386869 0.754663 0.386869 0.761318 0.358241 0.761318
1 0.358152 0.763149 0.386780 0.763149 0.386780 0.769804 0.358152 0.769804
1 0.358571 0.771498 0.386681 0.771498 0.386681 0.778143 0.358571 0.778143
1 0.357665 0.874360 0.386294 0.874360 0.386294 0.881015 0.357665 0.881015
1 0.357710 0.882577 0.386294 0.882577 0.386294 0.889330 0.357710 0.889330
1 0.357850 0.891529 0.386478 0.891529 0.386478 0.898184 0.357850 0.898184
1 0.403650 0.914662 0.409378 0.914662 0.409378 0.943347 0.403650 0.943347
1 0.412127 0.914479 0.417855 0.914479 0.417855 0.943164 0.412127 0.943164
1 0.421063 0.914937 0.426790 0.914937 0.426790 0.943622 0.421063 0.943622
1 0.429311 0.914754 0.435038 0.914754 0.435038 0.943439 0.429311 0.943439
1 0.463586 0.915853 0.469268 0.915853 0.469268 0.943851 0.463586 0.943851
1 0.472017 0.915808 0.477562 0.915808 0.477562 0.943759 0.472017 0.943759
1 0.454788 0.915624 0.460332 0.915624 0.460332 0.943393 0.454788 0.943393
1 0.437650 0.915074 0.443332 0.915074 0.443332 0.945226 0.437650 0.945226
1 0.446448 0.915029 0.452130 0.915029 0.452130 0.945317 0.446448 0.945317
1 0.480586 0.915899 0.486268 0.915899 0.486268 0.943897 0.480586 0.943897
1 0.489017 0.915853 0.494608 0.915853 0.494608 0.945776 0.489017 0.945776
1 0.497540 0.915899 0.503222 0.915899 0.503222 0.943897 0.497540 0.943897
1 0.506063 0.915991 0.511654 0.915991 0.511654 0.945913 0.506063 0.945913
1 0.514815 0.916083 0.520406 0.916083 0.520406 0.946005 0.514815 0.946005
1 0.523155 0.916128 0.528837 0.916128 0.528837 0.944126 0.523155 0.944126
1 0.531770 0.916220 0.537360 0.916220 0.537360 0.946142 0.531770 0.946142
1 0.540384 0.916358 0.545975 0.916358 0.545975 0.946280 0.540384 0.946280
1 0.557384 0.916220 0.562975 0.916220 0.562975 0.946142 0.557384 0.946142
1 0.548816 0.916128 0.554498 0.916128 0.554498 0.944126 0.548816 0.944126
1 0.565999 0.916449 0.571681 0.916449 0.571681 0.944447 0.565999 0.944447
1 0.574568 0.916541 0.580158 0.916541 0.580158 0.946463 0.574568 0.946463
1 0.582907 0.916678 0.588498 0.916678 0.588498 0.946600 0.582907 0.946600
1 0.591522 0.916816 0.597112 0.916816 0.597112 0.946738 0.591522 0.946738
1 0.599953 0.916587 0.605635 0.916587 0.605635 0.944584 0.599953 0.944584
1 0.608568 0.916541 0.614250 0.916541 0.614250 0.944538 0.608568 0.944538
1 0.634045 0.916953 0.639636 0.916953 0.639636 0.946875 0.634045 0.946875
1 0.625431 0.916816 0.631021 0.916816 0.631021 0.946738 0.625431 0.946738
1 0.617091 0.916678 0.622681 0.916678 0.622681 0.946600 0.617091 0.946600
1 0.642752 0.916907 0.648342 0.916907 0.648342 0.946829 0.642752 0.946829
1 0.651183 0.917045 0.656773 0.917045 0.656773 0.946967 0.651183 0.946967
1 0.659660 0.917045 0.665342 0.917045 0.665342 0.945042 0.659660 0.945042
1 0.668137 0.917136 0.673728 0.917136 0.673728 0.947059 0.668137 0.947059
1 0.676752 0.911042 0.682434 0.911042 0.682434 0.939040 0.676752 0.939040
1 0.685183 0.910905 0.690865 0.910905 0.690865 0.938902 0.685183 0.938902
1 0.693660 0.910996 0.699342 0.910996 0.699342 0.938994 0.693660 0.938994
1 0.719688 0.911180 0.725278 0.911180 0.725278 0.941102 0.719688 0.941102
1 0.728119 0.911317 0.733709 0.911317 0.733709 0.941239 0.728119 0.941239
1 0.710981 0.911225 0.716572 0.911225 0.716572 0.941147 0.710981 0.941147
1 0.702367 0.911088 0.707957 0.911088 0.707957 0.941010 0.702367 0.941010
1 0.736275 0.911225 0.741866 0.911225 0.741866 0.941147 0.736275 0.941147
1 0.745302 0.911088 0.750984 0.911088 0.750984 0.939085 0.745302 0.939085
1 0.753596 0.911180 0.759278 0.911180 0.759278 0.939177 0.753596 0.939177
1 0.762027 0.911455 0.767618 0.911455 0.767618 0.941239 0.762027 0.941239
1 0.770321 0.911546 0.776003 0.911546 0.776003 0.939544 0.770321 0.939544
1 0.400434 0.478992 0.406101 0.478992 0.406101 0.508297 0.400434 0.508297
1 0.408650 0.479079 0.414318 0.479079 0.414318 0.508385 0.408650 0.508385
1 0.417261 0.478904 0.422929 0.478904 0.422929 0.508209 0.417261 0.508209
1 0.425521 0.478948 0.431189 0.478948 0.431189 0.508253 0.425521 0.508253
1 0.434968 0.478992 0.440635 0.478992 0.440635 0.508297 0.434968 0.508297
1 0.443184 0.479079 0.448851 0.479079 0.448851 0.508385 0.443184 0.508385
1 0.451795 0.478904 0.457463 0.478904 0.457463 0.508209 0.451795 0.508209
1 0.460055 0.478948 0.465723 0.478948 0.465723 0.508253 0.460055 0.508253
1 0.519984 0.478728 0.525652 0.478728 0.525652 0.508033 0.519984 0.508033
1 0.511372 0.478904 0.517040 0.478904 0.517040 0.508209 0.511372 0.508209
1 0.502849 0.478728 0.508517 0.478728 0.508517 0.508033 0.502849 0.508033
1 0.493710 0.478772 0.499378 0.478772 0.499378 0.508077 0.493710 0.508077
1 0.485450 0.478728 0.491118 0.478728 0.491118 0.508033 0.485450 0.508033
1 0.476839 0.478904 0.482506 0.478904 0.482506 0.508209 0.476839 0.508209
1 0.468623 0.478816 0.474290 0.478816 0.474290 0.508121 0.468623 0.508121
1 0.528244 0.478772 0.533912 0.478772 0.533912 0.508077 0.528244 0.508077
1 0.536855 0.478772 0.542523 0.478772 0.542523 0.508077 0.536855 0.508077
1 0.545115 0.478816 0.550783 0.478816 0.550783 0.508121 0.545115 0.508121
1 0.553683 0.478684 0.559351 0.478684 0.559351 0.507989 0.553683 0.507989
1 0.562207 0.478992 0.567874 0.478992 0.567874 0.508297 0.562207 0.508297
1 0.570686 0.478948 0.576354 0.478948 0.576354 0.508253 0.570686 0.508253
1 0.579078 0.479167 0.584746 0.479167 0.584746 0.508473 0.579078 0.508473
1 0.587997 0.479167 0.593665 0.479167 0.593665 0.508473 0.587997 0.508473
1 0.596565 0.479299 0.602232 0.479299 0.602232 0.508604 0.596565 0.508604
1 0.605440 0.479519 0.611107 0.479519 0.611107 0.508824 0.605440 0.508824
1 0.613568 0.479211 0.619236 0.479211 0.619236 0.508517 0.613568 0.508517
1 0.656449 0.479607 0.662117 0.479607 0.662117 0.508912 0.656449 0.508912
1 0.622004 0.479563 0.627671 0.479563 0.627671 0.508868 0.622004 0.508868
1 0.630879 0.479563 0.636546 0.479563 0.636546 0.508868 0.630879 0.508868
1 0.639490 0.479694 0.645158 0.479694 0.645158 0.509000 0.639490 0.509000
1 0.647970 0.479738 0.653638 0.479738 0.653638 0.509044 0.647970 0.509044
1 0.664885 0.479914 0.670553 0.479914 0.670553 0.509220 0.664885 0.509220
1 0.690368 0.474202 0.696036 0.474202 0.696036 0.503508 0.690368 0.503508
1 0.698980 0.474334 0.704647 0.474334 0.704647 0.503640 0.698980 0.503640
1 0.707459 0.474378 0.713127 0.474378 0.713127 0.503684 0.707459 0.503684
1 0.715939 0.474246 0.721607 0.474246 0.721607 0.503552 0.715939 0.503552
1 0.724375 0.474554 0.730042 0.474554 0.730042 0.503859 0.724375 0.503859
1 0.681888 0.474246 0.687556 0.474246 0.687556 0.503552 0.681888 0.503552
1 0.733206 0.474510 0.738874 0.474510 0.738874 0.503815 0.733206 0.503815
1 0.741686 0.474466 0.747353 0.474466 0.747353 0.503771 0.741686 0.503771
1 0.750297 0.474598 0.755965 0.474598 0.755965 0.503903 0.750297 0.503903
1 0.758777 0.474642 0.764444 0.474642 0.764444 0.503947 0.758777 0.503947
1 0.767256 0.474510 0.772924 0.474510 0.772924 0.503815 0.767256 0.503815
1 0.790235 0.521346 0.819057 0.521346 0.819057 0.527014 0.790235 0.527014
1 0.790235 0.529782 0.819057 0.529782 0.819057 0.535449 0.790235 0.535449
1 0.790499 0.538393 0.819321 0.538393 0.819321 0.544061 0.790499 0.544061
1 0.790499 0.546829 0.819321 0.546829 0.819321 0.552497 0.790499 0.552497
1 0.796035 0.572619 0.824857 0.572619 0.824857 0.578287 0.796035 0.578287
1 0.796035 0.581055 0.824857 0.581055 0.824857 0.586723 0.796035 0.586723
1 0.795859 0.589623 0.825076 0.589623 0.825076 0.595290 0.795859 0.595290
1 0.795771 0.598058 0.825120 0.598058 0.825120 0.603770 0.795771 0.603770
1 0.789927 0.555484 0.818749 0.555484 0.818749 0.561152 0.789927 0.561152
1 0.790191 0.564140 0.819013 0.564140 0.819013 0.569807 0.790191 0.569807
1 0.795815 0.606538 0.824637 0.606538 0.824637 0.612206 0.795815 0.612206
1 0.795859 0.614886 0.824681 0.614886 0.824681 0.620554 0.795859 0.620554
1 0.795903 0.623541 0.825120 0.623541 0.825120 0.629209 0.795903 0.629209
1 0.795683 0.632021 0.824285 0.632021 0.824285 0.637821 0.795683 0.637821
1 0.795507 0.640676 0.824329 0.640676 0.824329 0.646344 0.795507 0.646344
1 0.795595 0.657680 0.823890 0.657680 0.823890 0.663435 0.795595 0.663435
1 0.795375 0.666159 0.823978 0.666159 0.823978 0.671959 0.795375 0.671959
1 0.795244 0.649376 0.824066 0.649376 0.824066 0.655044 0.795244 0.655044
1 0.795244 0.683470 0.824066 0.683470 0.824066 0.689138 0.795244 0.689138
1 0.795507 0.674771 0.824329 0.674771 0.824329 0.680439 0.795507 0.680439
1 0.795595 0.691774 0.824417 0.691774 0.824417 0.697749 0.795595 0.697749
1 0.795375 0.700126 0.823978 0.700126 0.823978 0.705925 0.795375 0.705925
1 0.795339 0.768490 0.824161 0.768490 0.824161 0.774466 0.795339 0.774466
1 0.794988 0.760186 0.823810 0.760186 0.823810 0.765854 0.794988 0.765854
1 0.795251 0.751359 0.824073 0.751359 0.824073 0.757027 0.795251 0.757027
1 0.795119 0.776970 0.823722 0.776970 0.823722 0.782770 0.795119 0.782770
1 0.795251 0.717265 0.824073 0.717265 0.824073 0.722932 0.795251 0.722932
1 0.795427 0.708609 0.824029 0.708609 0.824029 0.714409 0.795427 0.714409
1 0.795339 0.734268 0.823634 0.734268 0.823634 0.740023 0.795339 0.740023
1 0.794988 0.725964 0.823810 0.725964 0.823810 0.731632 0.794988 0.731632
1 0.795119 0.742747 0.823722 0.742747 0.823722 0.748547 0.795119 0.748547
1 0.794351 0.811422 0.822953 0.811422 0.822953 0.817221 0.794351 0.817221
1 0.794402 0.819905 0.823005 0.819905 0.823005 0.825705 0.794402 0.825705
1 0.794227 0.828561 0.823049 0.828561 0.823049 0.834228 0.794227 0.834228
1 0.794091 0.837260 0.822913 0.837260 0.822913 0.842928 0.794091 0.842928
1 0.794571 0.845564 0.822865 0.845564 0.822865 0.851320 0.794571 0.851320
1 0.794351 0.854044 0.822953 0.854044 0.822953 0.859843 0.794351 0.859843
1 0.794483 0.862655 0.823305 0.862655 0.823305 0.868323 0.794483 0.868323
1 0.794219 0.871482 0.823041 0.871482 0.823041 0.877150 0.794219 0.877150
1 0.794571 0.879786 0.823393 0.879786 0.823393 0.885762 0.794571 0.885762
1 0.794351 0.888266 0.822953 0.888266 0.822953 0.894066 0.794351 0.894066
1 0.794863 0.785679 0.823466 0.785679 0.823466 0.791479 0.794863 0.791479
1 0.794915 0.794162 0.823517 0.794162 0.823517 0.799962 0.794915 0.799962
1 0.794739 0.802818 0.823561 0.802818 0.823561 0.808486 0.794739 0.808486
1 0.130972 0.576871 0.147217 0.576871 0.147217 0.581927 0.130972 0.581927
1 0.126456 0.547212 0.142094 0.547212 0.142094 0.551122 0.126456 0.551122
