0 0.097826 0.211178 0.110359 0.211167 0.110337 0.186989 0.097804 0.187000
0 0.094695 0.256886 0.108947 0.256871 0.108918 0.229851 0.094666 0.229867
0 0.007224 0.276421 0.021673 0.276398 0.021633 0.250682 0.007184 0.250705
0 0.186890 0.404125 0.186901 0.412386 0.202697 0.412366 0.202686 0.404105
0 0.187231 0.338047 0.187247 0.346452 0.203106 0.346423 0.203091 0.338017
0 0.007613 0.234787 0.022261 0.234775 0.022240 0.209153 0.007592 0.209165
0 0.008162 0.295220 0.008177 0.309493 0.034088 0.309465 0.034072 0.295191
0 0.042906 0.404275 0.057198 0.404257 0.057162 0.376646 0.042870 0.376665
0 0.049376 0.295520 0.049391 0.308663 0.075117 0.308633 0.075101 0.295491
0 0.183295 0.022589 0.183309 0.030846 0.198859 0.030820 0.198846 0.022564
0 0.120903 0.242060 0.120920 0.256442 0.146753 0.256412 0.146736 0.242030
0 0.125131 0.215685 0.125158 0.229265 0.150722 0.229213 0.150695 0.215633
0 0.187032 0.361895 0.187048 0.369994 0.202792 0.369963 0.202776 0.361865
0 0.146501 0.289727 0.146512 0.297899 0.162287 0.297877 0.162276 0.289705
0 0.183192 0.046448 0.183209 0.054640 0.198747 0.054608 0.198730 0.046416
0 0.107961 0.140409 0.107982 0.155329 0.133894 0.155293 0.133873 0.140373
0 0.056028 0.016424 0.056037 0.029806 0.081527 0.029789 0.081518 0.016407
0 0.195167 0.271234 0.203180 0.271209 0.203131 0.255791 0.195119 0.255816
0 0.263445 0.444422 0.263466 0.452415 0.279368 0.452374 0.279347 0.444381
0 0.146339 0.337597 0.146357 0.345760 0.162161 0.345725 0.162143 0.337562
0 0.187172 0.290171 0.187185 0.298512 0.203114 0.298486 0.203100 0.290145
0 0.304375 0.444536 0.304398 0.452750 0.320249 0.452705 0.320226 0.444491
0 0.146807 0.313884 0.146823 0.321898 0.162533 0.321868 0.162517 0.313853
0 0.142295 0.022090 0.142314 0.030331 0.158188 0.030294 0.158169 0.022053
0 0.146230 0.361958 0.146248 0.369943 0.162079 0.369907 0.162061 0.361922
0 0.104449 0.097896 0.118185 0.097888 0.118171 0.072246 0.104435 0.072254
0 0.020981 0.402569 0.034003 0.402559 0.033982 0.377084 0.020960 0.377095
0 0.125246 0.190255 0.125277 0.204049 0.150726 0.203993 0.150696 0.190199
0 0.043955 0.509085 0.043970 0.522207 0.069462 0.522178 0.069446 0.509056
0 0.145729 0.404040 0.145742 0.413029 0.162358 0.413005 0.162345 0.404016
0 0.117902 0.162454 0.117921 0.177141 0.143564 0.177106 0.143545 0.162420
0 0.187849 0.314942 0.187863 0.323247 0.203670 0.323222 0.203656 0.314917
0 0.079122 0.197830 0.088515 0.197807 0.088474 0.180806 0.079081 0.180828
0 0.058351 0.357299 0.072972 0.357300 0.072974 0.331772 0.058353 0.331771
0 0.186843 0.385734 0.186861 0.394019 0.202797 0.393983 0.202779 0.385699
0 0.188336 0.141936 0.188354 0.150122 0.204061 0.150087 0.204043 0.141901
0 0.127280 0.092184 0.136910 0.092169 0.136885 0.075155 0.127255 0.075169
0 0.195160 0.430122 0.195171 0.438141 0.210985 0.438119 0.210974 0.430100
0 0.232656 0.429799 0.232670 0.438050 0.248502 0.438024 0.248488 0.429773
0 0.064253 0.087975 0.064286 0.100950 0.089738 0.100886 0.089705 0.087911
0 0.420662 0.462074 0.428591 0.462055 0.428554 0.446272 0.420624 0.446291
0 0.145960 0.385736 0.145978 0.393822 0.161929 0.393786 0.161911 0.385700
0 0.188960 0.070231 0.188981 0.078346 0.204762 0.078306 0.204742 0.070191
0 0.188362 0.124716 0.188385 0.132822 0.204185 0.132776 0.204162 0.124670
0 0.352950 0.461785 0.360919 0.461770 0.360889 0.445826 0.352921 0.445841
0 0.188608 0.086942 0.188633 0.095188 0.204741 0.095140 0.204716 0.086894
0 0.376353 0.461767 0.384270 0.461749 0.384233 0.446014 0.376315 0.446033
0 0.335502 0.461729 0.343360 0.461713 0.343328 0.445968 0.335470 0.445984
0 0.188607 0.159233 0.188624 0.167472 0.204378 0.167440 0.204362 0.159201
0 0.103974 0.037485 0.103986 0.046052 0.120647 0.046028 0.120635 0.037462
0 0.187936 0.105135 0.187959 0.114974 0.205210 0.114934 0.205188 0.105096
0 0.455716 0.470776 0.455729 0.479900 0.472484 0.479875 0.472471 0.470752
0 0.393528 0.462087 0.401477 0.462078 0.401458 0.446141 0.393509 0.446150
0 0.147686 0.141098 0.147716 0.150136 0.163920 0.150083 0.163890 0.141045
0 0.147283 0.091602 0.147315 0.100609 0.164071 0.100550 0.164039 0.091543
0 0.091181 0.029276 0.100254 0.029245 0.100197 0.012328 0.091124 0.012359
0 0.147644 0.072938 0.147672 0.082081 0.164179 0.082031 0.164151 0.072888
0 0.214300 0.651109 0.214342 0.665577 0.240364 0.665502 0.240322 0.651034
0 0.138990 0.707096 0.152260 0.707078 0.152227 0.681694 0.138957 0.681711
0 0.277129 0.582105 0.277140 0.554721 0.226226 0.554701 0.226216 0.582085
0 0.121579 0.603308 0.121584 0.630385 0.172430 0.630377 0.172425 0.603300
0 0.275051 0.811465 0.275067 0.826156 0.300805 0.826127 0.300789 0.811437
0 0.297298 0.585720 0.311988 0.585714 0.311978 0.559904 0.297288 0.559909
0 0.138291 0.573109 0.138312 0.586448 0.163929 0.586408 0.163909 0.573069
0 0.278200 0.924471 0.278222 0.937967 0.303955 0.937925 0.303934 0.924430
0 0.251184 0.789886 0.263400 0.789872 0.263372 0.764709 0.251156 0.764723
0 0.294209 0.768971 0.294223 0.777500 0.309669 0.777474 0.309654 0.768944
0 0.293505 0.855287 0.293515 0.863673 0.308845 0.863655 0.308835 0.855270
0 0.278511 0.901116 0.278528 0.916185 0.304331 0.916155 0.304314 0.901086
0 0.253805 0.682169 0.253830 0.690419 0.269297 0.690373 0.269273 0.682123
0 0.161569 0.725990 0.176465 0.725964 0.176420 0.700445 0.161524 0.700471
0 0.294693 0.658248 0.294712 0.666797 0.310318 0.666761 0.310298 0.658212
0 0.294110 0.745145 0.294123 0.753609 0.309615 0.753586 0.309602 0.745123
0 0.253953 0.657905 0.253976 0.666134 0.269520 0.666090 0.269497 0.657860
0 0.253885 0.634115 0.253901 0.642272 0.269548 0.642240 0.269531 0.634084
0 0.076096 0.477113 0.076106 0.486220 0.092221 0.486203 0.092212 0.477096
0 0.294876 0.681781 0.294904 0.690233 0.310457 0.690183 0.310429 0.681731
0 0.116370 0.525517 0.125284 0.525496 0.125243 0.508599 0.116330 0.508620
0 0.389299 0.481066 0.389328 0.489360 0.405279 0.489304 0.405249 0.481010
0 0.105226 0.581097 0.105236 0.590686 0.122112 0.590668 0.122102 0.581079
0 0.294448 0.709129 0.294472 0.717604 0.310225 0.717559 0.310201 0.709084
0 0.940479 0.441066 0.941253 0.393255 0.893119 0.392477 0.892346 0.440288
0 0.767682 0.212025 0.788033 0.212001 0.787995 0.179766 0.767644 0.179790
0 0.735792 0.212299 0.756301 0.212273 0.756259 0.179813 0.735751 0.179839
0 0.592865 0.441807 0.592874 0.450024 0.608663 0.450006 0.608654 0.441789
0 0.726221 0.323248 0.779625 0.323199 0.779547 0.238858 0.726142 0.238908
0 0.738376 0.101515 0.747370 0.101506 0.747354 0.084720 0.738359 0.084729
0 0.669001 0.395090 0.669023 0.403113 0.684876 0.403069 0.684854 0.395047
0 0.699351 0.252422 0.699364 0.261779 0.716267 0.261755 0.716253 0.252397
0 0.726118 0.153750 0.726143 0.163092 0.743013 0.163048 0.742989 0.153706
0 0.570807 0.484613 0.570831 0.492843 0.586603 0.492797 0.586579 0.484567
0 0.792358 0.307941 0.800248 0.307915 0.800197 0.292198 0.792307 0.292223
0 0.792712 0.257053 0.800717 0.257033 0.800677 0.241174 0.792672 0.241194
0 0.570363 0.456877 0.578411 0.456861 0.578381 0.441042 0.570333 0.441057
0 0.481551 0.487153 0.481564 0.495340 0.497219 0.495314 0.497206 0.487127
0 0.776341 0.154088 0.776356 0.163557 0.793228 0.163531 0.793213 0.154062
0 0.721326 0.123716 0.730311 0.123691 0.730264 0.106596 0.721279 0.106621
0 0.943146 0.489782 0.951056 0.489773 0.951037 0.473887 0.943126 0.473897
0 0.897173 0.479125 0.897195 0.488962 0.914429 0.488924 0.914407 0.479086
0 0.702577 0.364006 0.710632 0.363983 0.710588 0.348251 0.702532 0.348274
0 0.704865 0.123456 0.712970 0.123442 0.712942 0.107858 0.704838 0.107872
0 0.513113 0.462695 0.520984 0.462672 0.520937 0.446731 0.513065 0.446754
0 0.529136 0.462802 0.537153 0.462776 0.537101 0.446857 0.529084 0.446884
0 0.718351 0.686736 0.718374 0.699786 0.743400 0.699742 0.743377 0.686692
0 0.716860 0.855689 0.770489 0.855605 0.770357 0.771533 0.716728 0.771617
0 0.501431 0.952619 0.501445 0.965008 0.526683 0.964978 0.526668 0.952590
0 0.714949 0.568001 0.724638 0.567991 0.724622 0.551013 0.714933 0.551022
0 0.814165 0.861972 0.823285 0.861955 0.823254 0.845270 0.814134 0.845287
0 0.641447 0.535737 0.641458 0.544943 0.658230 0.544923 0.658219 0.535717
0 0.765079 0.738991 0.774387 0.738976 0.774360 0.721970 0.765052 0.721985
0 0.733111 0.661177 0.733143 0.670716 0.749848 0.670661 0.749816 0.661121
0 0.746529 0.738852 0.755633 0.738829 0.755591 0.721906 0.746487 0.721928
0 0.778943 0.837399 0.786947 0.837382 0.786914 0.821681 0.778910 0.821698
0 0.779006 0.806294 0.786956 0.806283 0.786935 0.790473 0.778985 0.790484
0 0.729925 0.738145 0.738076 0.738110 0.738008 0.722485 0.729856 0.722521
0 0.864147 0.836942 0.873073 0.836934 0.873058 0.820455 0.864131 0.820463
0 0.713093 0.737833 0.721259 0.737822 0.721237 0.722107 0.713071 0.722119
0 0.597908 0.495625 0.607329 0.495609 0.607301 0.478626 0.597880 0.478641
1 0.143627 0.177434 0.148380 0.177433 0.148377 0.161447 0.143623 0.161448
1 0.119362 0.072765 0.119364 0.067715 0.103515 0.067709 0.103513 0.072758
1 0.081481 0.030769 0.085947 0.030768 0.085943 0.014882 0.081477 0.014883
1 0.111865 0.216345 0.111865 0.211578 0.095809 0.211578 0.095809 0.216345
1 0.116761 0.257319 0.120922 0.257316 0.120910 0.240828 0.116750 0.240831
1 0.006295 0.246212 0.006297 0.250807 0.022790 0.250801 0.022789 0.246206
1 0.060111 0.101829 0.064146 0.101826 0.064133 0.086235 0.060098 0.086238
1 0.103587 0.098019 0.103587 0.102409 0.119132 0.102406 0.119131 0.098016
1 0.179383 0.030654 0.183515 0.030665 0.183537 0.022782 0.179405 0.022770
1 0.006976 0.205385 0.006977 0.209048 0.022912 0.209041 0.022910 0.205378
1 0.051340 0.030740 0.056039 0.030734 0.056020 0.014648 0.051321 0.014654
1 0.094141 0.225347 0.094146 0.229963 0.110300 0.229946 0.110295 0.225330
1 0.204166 0.149943 0.208121 0.149957 0.208147 0.142092 0.204193 0.142079
1 0.150783 0.230043 0.155312 0.230038 0.155296 0.214536 0.150767 0.214541
1 0.204290 0.132692 0.208321 0.132705 0.208347 0.125011 0.204315 0.124998
1 0.179213 0.054513 0.183411 0.054518 0.183422 0.046545 0.179223 0.046540
1 0.112108 0.187060 0.112108 0.182003 0.096009 0.182003 0.096009 0.187060
1 0.006353 0.234845 0.006354 0.239927 0.023012 0.239923 0.023011 0.234842
1 0.138647 0.030008 0.142424 0.030020 0.142449 0.022121 0.138672 0.022109
1 0.099926 0.032971 0.099942 0.029156 0.091208 0.029120 0.091192 0.032935
1 0.163868 0.100750 0.167395 0.100764 0.167428 0.092388 0.163902 0.092374
1 0.147235 0.257791 0.151347 0.257789 0.151336 0.241432 0.147224 0.241434
1 0.093406 0.257060 0.093409 0.261118 0.110033 0.261107 0.110031 0.257049
1 0.184643 0.150209 0.188455 0.150221 0.188482 0.141864 0.184670 0.141851
1 0.143931 0.100476 0.147319 0.100485 0.147344 0.091988 0.143956 0.091978
1 0.163859 0.149798 0.167030 0.149812 0.167065 0.141727 0.163894 0.141713
1 0.103811 0.155601 0.108014 0.155600 0.108010 0.139220 0.103807 0.139221
1 0.184921 0.132844 0.188543 0.132855 0.188569 0.124819 0.184947 0.124807
1 0.087902 0.201282 0.087912 0.197616 0.079225 0.197592 0.079215 0.201258
1 0.150807 0.204713 0.155522 0.204705 0.155494 0.188809 0.150779 0.188817
1 0.185051 0.078407 0.189184 0.078408 0.189187 0.070310 0.185055 0.070308
1 0.127824 0.072169 0.127829 0.075724 0.136438 0.075712 0.136433 0.072157
1 0.204458 0.095169 0.208546 0.095169 0.208546 0.087153 0.204457 0.087154
1 0.184953 0.095348 0.188861 0.095346 0.188857 0.087099 0.184949 0.087101
1 0.204492 0.078262 0.208686 0.078262 0.208687 0.070470 0.204494 0.070469
1 0.089809 0.102388 0.094240 0.102382 0.094216 0.086004 0.089785 0.086011
1 0.120586 0.045852 0.124175 0.045852 0.124174 0.037578 0.120585 0.037578
1 0.198697 0.054538 0.202787 0.054534 0.202781 0.046552 0.198690 0.046555
1 0.133940 0.155741 0.139047 0.155724 0.138992 0.139525 0.133885 0.139542
1 0.120500 0.230195 0.125104 0.230200 0.125120 0.214188 0.120516 0.214184
1 0.113847 0.177210 0.117910 0.177206 0.117894 0.161522 0.113831 0.161526
1 0.198934 0.030687 0.202740 0.030693 0.202752 0.023020 0.198946 0.023014
1 0.144194 0.081668 0.147842 0.081668 0.147844 0.073393 0.144196 0.073392
1 0.185072 0.167190 0.188744 0.167190 0.188743 0.158926 0.185071 0.158927
1 0.204362 0.167074 0.207842 0.167086 0.207869 0.159176 0.204389 0.159164
1 0.203309 0.255901 0.203309 0.252155 0.195178 0.252154 0.195177 0.255899
1 0.144219 0.149742 0.147562 0.149757 0.147599 0.141494 0.144257 0.141479
1 0.099858 0.012652 0.099861 0.009363 0.091495 0.009356 0.091492 0.012645
1 0.120670 0.204620 0.125301 0.204624 0.125314 0.188396 0.120683 0.188392
1 0.127804 0.092321 0.127812 0.095826 0.136334 0.095806 0.136326 0.092302
1 0.158045 0.030384 0.161991 0.030387 0.161998 0.022537 0.158052 0.022533
1 0.184531 0.114501 0.188089 0.114516 0.188125 0.105893 0.184568 0.105878
1 0.205127 0.114494 0.208370 0.114503 0.208394 0.105733 0.205151 0.105725
1 0.079479 0.177855 0.079482 0.181233 0.087955 0.181225 0.087952 0.177847
1 0.100882 0.046065 0.104075 0.046064 0.104073 0.037844 0.100880 0.037844
1 0.163999 0.081910 0.167459 0.081904 0.167444 0.073590 0.163984 0.073596
1 0.034168 0.310477 0.038453 0.310468 0.038417 0.294033 0.034132 0.294043
1 0.019682 0.372801 0.019685 0.377142 0.035613 0.377131 0.035610 0.372791
1 0.019454 0.402938 0.019454 0.407364 0.035412 0.407364 0.035412 0.402938
1 0.045068 0.310040 0.049349 0.310037 0.049339 0.294262 0.045058 0.294265
1 0.041817 0.372524 0.041818 0.376686 0.057597 0.376681 0.057596 0.372519
1 0.143010 0.321542 0.146819 0.321558 0.146851 0.314009 0.143042 0.313993
1 0.183663 0.346005 0.187345 0.346016 0.187369 0.338140 0.183687 0.338129
1 0.203211 0.275127 0.203226 0.271275 0.195019 0.271243 0.195004 0.275095
1 0.142901 0.297514 0.146461 0.297529 0.146494 0.289814 0.142934 0.289799
1 0.057440 0.326879 0.057442 0.331666 0.073567 0.331656 0.073565 0.326870
1 0.142184 0.412695 0.145802 0.412693 0.145797 0.404532 0.142179 0.404535
1 0.041547 0.404202 0.041554 0.407781 0.057645 0.407748 0.057638 0.404169
1 0.142773 0.345384 0.146363 0.345395 0.146385 0.337719 0.142794 0.337709
1 0.203700 0.322555 0.207115 0.322553 0.207111 0.314940 0.203695 0.314942
1 0.183281 0.412146 0.186956 0.412163 0.186992 0.404379 0.183317 0.404362
1 0.202618 0.412567 0.206523 0.412567 0.206524 0.404172 0.202618 0.404172
1 0.183373 0.393707 0.186917 0.393717 0.186940 0.385720 0.183396 0.385710
1 0.142692 0.369666 0.146320 0.369672 0.146334 0.362008 0.142706 0.362001
1 0.183960 0.322790 0.187989 0.322786 0.187981 0.314748 0.183951 0.314753
1 0.003929 0.309987 0.008168 0.309983 0.008153 0.294143 0.003914 0.294147
1 0.183419 0.369777 0.187028 0.369775 0.187023 0.362070 0.183415 0.362072
1 0.057310 0.357429 0.057311 0.361443 0.073387 0.361440 0.073387 0.357426
1 0.202862 0.369809 0.206717 0.369806 0.206709 0.361748 0.202854 0.361752
1 0.162514 0.321804 0.165873 0.321795 0.165852 0.314392 0.162494 0.314402
1 0.202706 0.393913 0.206682 0.393914 0.206685 0.385651 0.202710 0.385649
1 0.071887 0.485878 0.076031 0.485864 0.076001 0.477377 0.071858 0.477391
1 0.183767 0.298195 0.187356 0.298210 0.187388 0.290399 0.183800 0.290384
1 0.075088 0.310234 0.079684 0.310221 0.079641 0.294322 0.075045 0.294334
1 0.162206 0.297919 0.165797 0.297911 0.165780 0.290119 0.162188 0.290127
1 0.203198 0.298369 0.207046 0.298366 0.207039 0.290395 0.203192 0.290399
1 0.229101 0.438282 0.232960 0.438280 0.232956 0.430163 0.229097 0.430165
1 0.161856 0.393552 0.165408 0.393554 0.165414 0.385764 0.161863 0.385761
1 0.248405 0.438416 0.252545 0.438415 0.252544 0.430134 0.248404 0.430135
1 0.162125 0.369840 0.165661 0.369836 0.165652 0.362160 0.162116 0.362164
1 0.191617 0.438061 0.195257 0.438061 0.195258 0.430146 0.191617 0.430146
1 0.142561 0.393559 0.146040 0.393565 0.146051 0.385863 0.142572 0.385857
1 0.211006 0.438423 0.214919 0.438414 0.214901 0.430526 0.210988 0.430535
1 0.203137 0.346206 0.206875 0.346195 0.206851 0.338278 0.203113 0.338290
1 0.162192 0.345685 0.165768 0.345675 0.165747 0.338008 0.162171 0.338018
1 0.092378 0.485711 0.095558 0.485712 0.095560 0.478113 0.092380 0.478112
1 0.162322 0.412558 0.165591 0.412553 0.165578 0.404638 0.162308 0.404643
1 0.006180 0.276794 0.006182 0.281195 0.022614 0.281187 0.022612 0.276786
1 0.173520 0.631726 0.184493 0.631709 0.184446 0.602235 0.173474 0.602252
1 0.214401 0.583094 0.225406 0.583079 0.225364 0.553220 0.214360 0.553236
1 0.109641 0.631417 0.120828 0.631393 0.120764 0.601839 0.109576 0.601864
1 0.137230 0.707353 0.137231 0.712429 0.153449 0.712424 0.153447 0.707348
1 0.164025 0.587759 0.168308 0.587757 0.168303 0.571608 0.164021 0.571609
1 0.161103 0.696443 0.161103 0.700396 0.177148 0.700395 0.177147 0.696442
1 0.240415 0.666290 0.244770 0.666284 0.244745 0.650553 0.240391 0.650560
1 0.069719 0.523829 0.074516 0.523825 0.074500 0.507630 0.069703 0.507635
1 0.160501 0.725965 0.160504 0.731121 0.177387 0.731110 0.177384 0.725954
1 0.125203 0.529174 0.125214 0.525350 0.116355 0.525324 0.116344 0.529148
1 0.039921 0.523424 0.044071 0.523422 0.044067 0.507618 0.039917 0.507619
1 0.124768 0.508770 0.124780 0.505354 0.116740 0.505326 0.116728 0.508742
1 0.137566 0.677712 0.137567 0.681678 0.153360 0.681674 0.153359 0.677708
1 0.210303 0.666283 0.214157 0.666282 0.214153 0.650359 0.210299 0.650360
1 0.101322 0.590547 0.105384 0.590544 0.105378 0.581985 0.101315 0.581988
1 0.121909 0.589966 0.125099 0.589964 0.125093 0.581945 0.121904 0.581947
1 0.133466 0.587468 0.137976 0.587462 0.137952 0.571230 0.133442 0.571237
1 0.428825 0.446410 0.428835 0.442875 0.420586 0.442851 0.420576 0.446386
1 0.320191 0.452615 0.324130 0.452631 0.324163 0.444648 0.320224 0.444632
1 0.385551 0.489269 0.389443 0.489285 0.389477 0.480790 0.385585 0.480774
1 0.405180 0.489425 0.409498 0.489445 0.409537 0.481058 0.405219 0.481037
1 0.279396 0.452341 0.283057 0.452356 0.283089 0.444534 0.279427 0.444519
1 0.384352 0.446120 0.384356 0.442524 0.376263 0.442515 0.376259 0.446111
1 0.384580 0.465704 0.384582 0.461810 0.375923 0.461806 0.375921 0.465700
1 0.259794 0.452456 0.263575 0.452455 0.263573 0.444456 0.259792 0.444457
1 0.497442 0.495559 0.501072 0.495555 0.501065 0.487233 0.497435 0.487237
1 0.300604 0.452473 0.304338 0.452487 0.304368 0.444706 0.300633 0.444692
1 0.343426 0.446127 0.343428 0.442602 0.335551 0.442598 0.335549 0.446123
1 0.360742 0.465625 0.360746 0.461772 0.352784 0.461765 0.352781 0.465618
1 0.393644 0.462016 0.393645 0.466015 0.401740 0.466014 0.401739 0.462014
1 0.335562 0.461834 0.335566 0.465404 0.343587 0.465395 0.343584 0.461826
1 0.429662 0.466044 0.429662 0.462265 0.420449 0.462265 0.420449 0.466044
1 0.401575 0.446323 0.401579 0.442658 0.393411 0.442651 0.393408 0.446315
1 0.477754 0.495705 0.481458 0.495709 0.481469 0.487440 0.477764 0.487435
1 0.360724 0.446062 0.360739 0.442686 0.352820 0.442649 0.352804 0.446025
1 0.472462 0.480138 0.476126 0.480164 0.476190 0.471378 0.472526 0.471352
1 0.452608 0.479654 0.455551 0.479651 0.455542 0.471278 0.452599 0.471281
1 0.277709 0.583050 0.289171 0.583031 0.289124 0.553690 0.277662 0.553708
1 0.296606 0.585802 0.296607 0.590130 0.312636 0.590127 0.312635 0.585799
1 0.310591 0.689974 0.314549 0.689991 0.314581 0.682315 0.310623 0.682298
1 0.290839 0.666454 0.294758 0.666473 0.294798 0.658299 0.290878 0.658280
1 0.269384 0.690313 0.273298 0.690326 0.273324 0.682069 0.269410 0.682057
1 0.290850 0.690107 0.294870 0.690123 0.294905 0.681716 0.290885 0.681700
1 0.312876 0.560021 0.312877 0.555327 0.296770 0.555322 0.296768 0.560016
1 0.269563 0.666054 0.273339 0.666070 0.273374 0.658133 0.269598 0.658116
1 0.310377 0.666380 0.314248 0.666399 0.314286 0.658742 0.310415 0.658723
1 0.269577 0.642219 0.273423 0.642237 0.273460 0.634327 0.269614 0.634309
1 0.250343 0.665872 0.254069 0.665893 0.254115 0.657891 0.250389 0.657869
1 0.249966 0.690160 0.253768 0.690177 0.253805 0.681943 0.250002 0.681926
1 0.290479 0.717657 0.294530 0.717666 0.294547 0.709106 0.290496 0.709098
1 0.250172 0.641989 0.253960 0.642009 0.254004 0.634090 0.250215 0.634069
1 0.310144 0.717287 0.313923 0.717278 0.313905 0.709352 0.310126 0.709361
1 0.290303 0.753469 0.294194 0.753490 0.294239 0.745118 0.290348 0.745097
1 0.303979 0.938863 0.309047 0.938860 0.309039 0.923182 0.303970 0.923185
1 0.273883 0.916695 0.278365 0.916692 0.278354 0.900400 0.273873 0.900403
1 0.304532 0.916928 0.308520 0.916923 0.308502 0.900908 0.304514 0.900913
1 0.273273 0.938831 0.277951 0.938821 0.277917 0.922838 0.273238 0.922848
1 0.249673 0.790112 0.249676 0.794695 0.264942 0.794685 0.264939 0.790102
1 0.290289 0.777290 0.294215 0.777305 0.294247 0.769026 0.290321 0.769011
1 0.270575 0.827329 0.274866 0.827325 0.274850 0.810945 0.270560 0.810949
1 0.309716 0.777422 0.313774 0.777420 0.313769 0.769281 0.309711 0.769283
1 0.309622 0.753483 0.313941 0.753485 0.313947 0.745174 0.309628 0.745172
1 0.308866 0.863723 0.313192 0.863723 0.313192 0.855304 0.308867 0.855304
1 0.289555 0.863560 0.293432 0.863560 0.293431 0.855343 0.289554 0.855343
1 0.300971 0.827217 0.305511 0.827219 0.305517 0.811291 0.300976 0.811289
1 0.495637 0.965817 0.501330 0.965813 0.501317 0.950627 0.495625 0.950631
1 0.265662 0.764384 0.265663 0.760177 0.249563 0.760176 0.249563 0.764383
1 0.722559 0.162690 0.726286 0.162701 0.726311 0.153835 0.722584 0.153824
1 0.720834 0.123765 0.720837 0.127214 0.730710 0.127205 0.730706 0.123756
1 0.713076 0.107639 0.713078 0.103925 0.704437 0.103920 0.704436 0.107634
1 0.713485 0.127234 0.713489 0.123413 0.704088 0.123403 0.704084 0.127224
1 0.721234 0.103867 0.721237 0.106650 0.730189 0.106639 0.730186 0.103856
1 0.703523 0.030243 0.703534 0.033287 0.713103 0.033252 0.713091 0.030207
1 0.665075 0.403565 0.668992 0.403578 0.669021 0.394814 0.665104 0.394801
1 0.684792 0.403220 0.688986 0.403237 0.689019 0.395081 0.684825 0.395064
1 0.512906 0.443344 0.512908 0.446998 0.521115 0.446993 0.521113 0.443339
1 0.537696 0.466901 0.537712 0.462794 0.528836 0.462760 0.528820 0.466866
1 0.710811 0.368065 0.710828 0.364200 0.701843 0.364161 0.701826 0.368026
1 0.710401 0.348352 0.710414 0.344767 0.702262 0.344738 0.702249 0.348322
1 0.521222 0.466777 0.521236 0.462700 0.512394 0.462669 0.512380 0.466746
1 0.586481 0.492981 0.590100 0.492993 0.590127 0.484714 0.586509 0.484702
1 0.597544 0.495465 0.597549 0.499500 0.607120 0.499488 0.607114 0.495452
1 0.588896 0.450395 0.592928 0.450392 0.592921 0.441723 0.588888 0.441726
1 0.567088 0.493250 0.570757 0.493247 0.570750 0.484053 0.567080 0.484056
1 0.608764 0.450195 0.612867 0.450202 0.612880 0.441950 0.608778 0.441943
1 0.569581 0.456968 0.569585 0.460942 0.578851 0.460932 0.578847 0.456958
1 0.569768 0.437411 0.569772 0.441215 0.578445 0.441207 0.578441 0.437403
1 0.695909 0.261603 0.699429 0.261620 0.699472 0.252794 0.695952 0.252777
1 0.529028 0.443547 0.529030 0.447111 0.537305 0.447107 0.537304 0.443543
1 0.716375 0.261764 0.719972 0.261772 0.719991 0.253119 0.716394 0.253111
1 0.606845 0.479202 0.606854 0.475738 0.597758 0.475714 0.597749 0.479178
1 0.729222 0.670354 0.733257 0.670368 0.733291 0.660891 0.729256 0.660877
1 0.713366 0.700449 0.718162 0.700443 0.718140 0.684758 0.713344 0.684764
1 0.658554 0.544251 0.661770 0.544250 0.661767 0.536295 0.658551 0.536297
1 0.637974 0.544249 0.641551 0.544246 0.641545 0.535718 0.637967 0.535721
1 0.715023 0.568293 0.715029 0.571332 0.724205 0.571314 0.724199 0.568275
1 0.711543 0.737710 0.711549 0.741700 0.721277 0.741685 0.721271 0.737695
1 0.729103 0.738284 0.729128 0.741993 0.738617 0.741930 0.738592 0.738220
1 0.721641 0.721705 0.721643 0.718123 0.713217 0.718119 0.713215 0.721700
1 0.729673 0.718715 0.729676 0.722153 0.737996 0.722145 0.737992 0.718708
1 0.715172 0.547755 0.715175 0.550827 0.724198 0.550819 0.724195 0.547747
1 0.526684 0.966415 0.531220 0.966419 0.531236 0.950376 0.526699 0.950372
1 0.765121 0.212354 0.765140 0.221728 0.789223 0.221680 0.789204 0.212306
1 0.765662 0.170270 0.765698 0.179456 0.790107 0.179362 0.790071 0.170176
1 0.800817 0.241380 0.800833 0.237654 0.792793 0.237618 0.792777 0.241345
1 0.773135 0.163188 0.776550 0.163190 0.776555 0.154511 0.773140 0.154509
1 0.792913 0.163234 0.797064 0.163232 0.797061 0.154459 0.792910 0.154460
1 0.747546 0.105146 0.747549 0.101510 0.738245 0.101505 0.738242 0.105141
1 0.742850 0.162575 0.746287 0.162596 0.746339 0.154335 0.742902 0.154313
1 0.738573 0.082172 0.738576 0.084999 0.747021 0.084989 0.747018 0.082163
1 0.896253 0.466961 0.903404 0.466950 0.903364 0.441147 0.896212 0.441158
1 0.896412 0.392525 0.903918 0.392518 0.903894 0.366101 0.896388 0.366107
1 0.918726 0.466763 0.925545 0.466760 0.925531 0.441318 0.918711 0.441321
1 0.919072 0.392556 0.926126 0.392552 0.926113 0.366770 0.919058 0.366774
1 0.929668 0.467970 0.936702 0.467961 0.936666 0.441397 0.929632 0.441407
1 0.907955 0.392587 0.915218 0.392576 0.915178 0.366780 0.907915 0.366791
1 0.907682 0.466641 0.914733 0.466630 0.914694 0.441287 0.907642 0.441298
1 0.930129 0.392532 0.937407 0.392528 0.937393 0.366941 0.930115 0.366945
1 0.800610 0.312237 0.800623 0.308150 0.791962 0.308123 0.791950 0.312210
1 0.800430 0.292428 0.800436 0.288753 0.792063 0.288738 0.792057 0.292413
1 0.800975 0.261075 0.800990 0.257241 0.792402 0.257206 0.792387 0.261039
1 0.951210 0.473847 0.951214 0.470633 0.942891 0.470622 0.942887 0.473836
1 0.894122 0.488374 0.897718 0.488372 0.897715 0.479466 0.894119 0.479468
1 0.951393 0.494063 0.951399 0.490055 0.942529 0.490042 0.942523 0.494050
1 0.914184 0.488596 0.917903 0.488615 0.917950 0.479261 0.914231 0.479242
1 0.743411 0.700702 0.748783 0.700698 0.748770 0.684773 0.743398 0.684777
1 0.774091 0.742324 0.774091 0.738990 0.765223 0.738989 0.765223 0.742323
1 0.749897 0.670015 0.753191 0.670026 0.753220 0.661650 0.749925 0.661639
1 0.746275 0.738847 0.746275 0.742249 0.755449 0.742248 0.755449 0.738847
1 0.746684 0.718746 0.746684 0.721646 0.755217 0.721645 0.755217 0.718745
1 0.774142 0.721837 0.774166 0.718696 0.765444 0.718630 0.765420 0.721771
1 0.814681 0.861828 0.814685 0.865482 0.822919 0.865472 0.822915 0.861819
1 0.814987 0.841980 0.814990 0.845316 0.822486 0.845310 0.822483 0.841974
1 0.872256 0.820572 0.872257 0.816821 0.864620 0.816819 0.864619 0.820569
1 0.786735 0.841174 0.786738 0.837446 0.778566 0.837438 0.778562 0.841166
1 0.787057 0.790627 0.787075 0.786898 0.778808 0.786857 0.778789 0.790586
1 0.864220 0.836667 0.864220 0.840379 0.872161 0.840378 0.872161 0.836666
1 0.786872 0.810462 0.786878 0.806487 0.778535 0.806473 0.778528 0.810449
1 0.786868 0.821744 0.786868 0.817847 0.778832 0.817845 0.778831 0.821743
1 0.721576 0.856124 0.762532 0.856124 0.762532 0.866961 0.721576 0.866961
1 0.722280 0.760280 0.763235 0.760280 0.763235 0.771117 0.722280 0.771117
0 0.704150 0.030150 0.712384 0.030134 0.712352 0.014196 0.704119 0.014212
1 0.713421 0.014005 0.713433 0.010599 0.704079 0.010567 0.704067 0.013973
1 0.735167 0.228857 0.776343 0.228857 0.776343 0.238672 0.735167 0.238672
1 0.734928 0.323416 0.775624 0.323416 0.775624 0.334907 0.734928 0.334907
1 0.733828 0.170429 0.757393 0.170429 0.757393 0.179471 0.733828 0.179471
1 0.733326 0.212283 0.756891 0.212283 0.756891 0.221325 0.733326 0.221325
0 0.704590 0.057725 0.712330 0.057725 0.712330 0.073712 0.704590 0.073712
1 0.704221 0.074034 0.712883 0.074034 0.712883 0.078088 0.704221 0.078088
1 0.736839 0.072468 0.746007 0.072468 0.746007 0.076430 0.736839 0.076430
1 0.020004 0.461438 0.024024 0.461438 0.024024 0.477704 0.020004 0.477704
1 0.010001 0.387959 0.014208 0.387959 0.014208 0.403945 0.010001 0.403945
1 0.036831 0.332896 0.048797 0.332896 0.048797 0.362157 0.036831 0.362157
1 0.018041 0.020845 0.033279 0.020845 0.033279 0.026267 0.018041 0.026267
1 0.216415 0.008879 0.244554 0.008879 0.244554 0.015143 0.216415 0.015143
1 0.216415 0.017293 0.244554 0.017293 0.244554 0.023556 0.216415 0.023556
1 0.216228 0.025613 0.244367 0.025613 0.244367 0.031876 0.216228 0.031876
1 0.216134 0.034026 0.244273 0.034026 0.244273 0.040290 0.216134 0.040290
1 0.216134 0.042440 0.244273 0.042440 0.244273 0.048704 0.216134 0.048704
1 0.221556 0.085069 0.249695 0.085069 0.249695 0.091332 0.221556 0.091332
1 0.221743 0.076375 0.249882 0.076375 0.249882 0.082638 0.221743 0.082638
1 0.221650 0.093763 0.249789 0.093763 0.249789 0.100027 0.221650 0.100027
1 0.221837 0.067868 0.249976 0.067868 0.249976 0.074131 0.221837 0.074131
1 0.221837 0.059454 0.249976 0.059454 0.249976 0.065718 0.221837 0.065718
1 0.221369 0.128072 0.249508 0.128072 0.249508 0.134335 0.221369 0.134335
1 0.221650 0.102364 0.249789 0.102364 0.249789 0.108627 0.221650 0.108627
1 0.221650 0.110777 0.249789 0.110777 0.249789 0.117041 0.221650 0.117041
1 0.221556 0.119378 0.249695 0.119378 0.249695 0.125641 0.221556 0.125641
1 0.221463 0.136766 0.249602 0.136766 0.249602 0.143029 0.221463 0.143029
1 0.220995 0.170794 0.249134 0.170794 0.249134 0.177058 0.220995 0.177058
1 0.221089 0.179488 0.249228 0.179488 0.249228 0.185752 0.221089 0.185752
1 0.221089 0.188089 0.249228 0.188089 0.249228 0.194352 0.221089 0.194352
1 0.221089 0.196503 0.249228 0.196503 0.249228 0.202766 0.221089 0.202766
1 0.220995 0.205103 0.249134 0.205103 0.249134 0.211367 0.220995 0.211367
1 0.220809 0.213423 0.248947 0.213423 0.248947 0.219687 0.220809 0.219687
1 0.220902 0.221743 0.249041 0.221743 0.249041 0.228007 0.220902 0.228007
1 0.221276 0.153593 0.249415 0.153593 0.249415 0.159857 0.221276 0.159857
1 0.221182 0.162100 0.249321 0.162100 0.249321 0.168364 0.221182 0.168364
1 0.221276 0.145180 0.249415 0.145180 0.249415 0.151443 0.221276 0.151443
1 0.220995 0.255772 0.249134 0.255772 0.249134 0.262035 0.220995 0.262035
1 0.220528 0.230437 0.249415 0.230437 0.249415 0.236701 0.220528 0.236701
1 0.221276 0.238851 0.249415 0.238851 0.249415 0.245114 0.221276 0.245114
1 0.221182 0.247452 0.249321 0.247452 0.249321 0.253715 0.221182 0.253715
1 0.221089 0.264092 0.249228 0.264092 0.249228 0.270355 0.221089 0.270355
1 0.220369 0.332470 0.248508 0.332470 0.248508 0.338733 0.220369 0.338733
1 0.220276 0.341070 0.248415 0.341070 0.248415 0.347334 0.220276 0.347334
1 0.220089 0.349390 0.248228 0.349390 0.248228 0.355654 0.220089 0.355654
1 0.220182 0.357710 0.248321 0.357710 0.248321 0.363974 0.220182 0.363974
1 0.220182 0.273107 0.248321 0.273107 0.248321 0.279370 0.220182 0.279370
1 0.220182 0.281707 0.248321 0.281707 0.248321 0.287971 0.220182 0.287971
1 0.220182 0.290121 0.248321 0.290121 0.248321 0.296385 0.220182 0.296385
1 0.220089 0.298722 0.248228 0.298722 0.248228 0.304985 0.220089 0.304985
1 0.219902 0.307042 0.248041 0.307042 0.248041 0.313305 0.219902 0.313305
1 0.219995 0.315362 0.248134 0.315362 0.248134 0.321625 0.219995 0.321625
1 0.220613 0.323589 0.248921 0.323589 0.248921 0.330423 0.220613 0.330423
1 0.220605 0.366845 0.248744 0.366845 0.248744 0.373109 0.220605 0.373109
1 0.220699 0.375166 0.248838 0.375166 0.248838 0.381429 0.220699 0.381429
1 0.266679 0.399710 0.272462 0.399710 0.272462 0.427907 0.266679 0.427907
1 0.274631 0.399710 0.280415 0.399710 0.280415 0.427907 0.274631 0.427907
1 0.283824 0.399607 0.289608 0.399607 0.289608 0.427804 0.283824 0.427804
1 0.291777 0.399607 0.297561 0.399607 0.297561 0.427804 0.291777 0.427804
1 0.325758 0.399917 0.331542 0.399917 0.331542 0.428113 0.325758 0.428113
1 0.317805 0.399917 0.323589 0.399917 0.323589 0.428113 0.317805 0.428113
1 0.308612 0.400020 0.314396 0.400020 0.314396 0.429559 0.308612 0.429559
1 0.300659 0.400020 0.306443 0.400020 0.306443 0.429250 0.300659 0.429250
1 0.342963 0.399608 0.348747 0.399608 0.348747 0.427805 0.342963 0.427805
1 0.335010 0.399608 0.340794 0.399608 0.340794 0.427805 0.335010 0.427805
1 0.351586 0.400251 0.357370 0.400251 0.357370 0.429791 0.351586 0.429791
1 0.360168 0.399685 0.365952 0.399685 0.365952 0.427882 0.360168 0.427882
1 0.369100 0.400328 0.374884 0.400328 0.374884 0.429868 0.369100 0.429868
1 0.377124 0.400560 0.382908 0.400560 0.382908 0.430099 0.377124 0.430099
1 0.385551 0.400071 0.391335 0.400071 0.391335 0.428268 0.385551 0.428268
1 0.394638 0.400560 0.400422 0.400560 0.400422 0.430099 0.394638 0.430099
1 0.402662 0.400791 0.408446 0.400791 0.408446 0.430331 0.402662 0.430331
1 0.411475 0.400457 0.417259 0.400457 0.417259 0.428654 0.411475 0.428654
1 0.419790 0.400560 0.425574 0.400560 0.425574 0.430099 0.419790 0.430099
1 0.428294 0.400534 0.434078 0.400534 0.434078 0.428731 0.428294 0.428731
1 0.436995 0.400714 0.442779 0.400714 0.442779 0.430254 0.436995 0.430254
1 0.462395 0.400688 0.468179 0.400688 0.468179 0.428885 0.462395 0.428885
1 0.471268 0.400842 0.477052 0.400842 0.477052 0.429039 0.471268 0.429039
1 0.445636 0.400869 0.451420 0.400869 0.451420 0.430408 0.445636 0.430408
1 0.453660 0.401023 0.459444 0.401023 0.459444 0.430562 0.453660 0.430562
1 0.488147 0.401409 0.493931 0.401409 0.493931 0.430948 0.488147 0.430948
1 0.496017 0.401563 0.501801 0.401563 0.501801 0.431102 0.496017 0.431102
1 0.479506 0.401254 0.485290 0.401254 0.485290 0.430794 0.479506 0.430794
1 0.522112 0.401460 0.527896 0.401460 0.527896 0.429656 0.522112 0.429656
1 0.530984 0.401614 0.536753 0.401614 0.536753 0.430359 0.530984 0.430359
1 0.505429 0.401331 0.511213 0.401331 0.511213 0.430871 0.505429 0.430871
1 0.513453 0.401486 0.519237 0.401486 0.519237 0.431025 0.513453 0.431025
1 0.539471 0.395056 0.545255 0.395056 0.545255 0.423253 0.539471 0.423253
1 0.548189 0.394902 0.553340 0.394902 0.553340 0.423261 0.548189 0.423261
1 0.556831 0.394902 0.561982 0.394902 0.561982 0.423261 0.556831 0.423261
1 0.599016 0.395622 0.604800 0.395622 0.604800 0.425162 0.599016 0.425162
1 0.590992 0.395468 0.596776 0.395468 0.596776 0.425007 0.590992 0.425007
1 0.581579 0.395699 0.587363 0.395699 0.587363 0.425239 0.581579 0.425239
1 0.573710 0.395545 0.579494 0.395545 0.579494 0.425085 0.573710 0.425085
1 0.565068 0.395391 0.570852 0.395391 0.570852 0.424930 0.565068 0.424930
1 0.607829 0.395519 0.613613 0.395519 0.613613 0.423716 0.607829 0.423716
1 0.616161 0.395287 0.621945 0.395287 0.621945 0.423484 0.616161 0.423484
1 0.624802 0.395673 0.630493 0.395673 0.630493 0.425267 0.624802 0.425267
1 0.632980 0.395596 0.638764 0.395596 0.638764 0.423793 0.632980 0.423793
1 0.656698 0.372233 0.684954 0.372233 0.684954 0.377762 0.656698 0.377762
1 0.656576 0.363818 0.684832 0.363818 0.684832 0.369346 0.656576 0.369346
1 0.657067 0.346803 0.685814 0.346803 0.685814 0.352208 0.657067 0.352208
1 0.657190 0.355218 0.685814 0.355218 0.685814 0.360685 0.657190 0.360685
1 0.656821 0.338387 0.685569 0.338387 0.685569 0.343793 0.656821 0.343793
1 0.657067 0.329788 0.685814 0.329788 0.685814 0.335193 0.657067 0.335193
1 0.657374 0.312834 0.686122 0.312834 0.686122 0.318240 0.657374 0.318240
1 0.657128 0.321434 0.685876 0.321434 0.685876 0.326839 0.657128 0.326839
1 0.657374 0.261591 0.686122 0.261591 0.686122 0.266690 0.657374 0.266690
1 0.657190 0.270020 0.686244 0.270020 0.686244 0.275856 0.657190 0.275856
1 0.657006 0.278743 0.685753 0.278743 0.685753 0.284148 0.657006 0.284148
1 0.656760 0.287342 0.685507 0.287342 0.685507 0.292748 0.656760 0.292748
1 0.657067 0.295758 0.685814 0.295758 0.685814 0.301163 0.657067 0.301163
1 0.657190 0.304173 0.685814 0.304173 0.685814 0.309640 0.657190 0.309640
1 0.657834 0.193212 0.686889 0.193212 0.686889 0.199048 0.657834 0.199048
1 0.657650 0.201935 0.686397 0.201935 0.686397 0.207341 0.657650 0.207341
1 0.657404 0.210535 0.686152 0.210535 0.686152 0.215940 0.657404 0.215940
1 0.657711 0.218950 0.686459 0.218950 0.686459 0.224356 0.657711 0.224356
1 0.657834 0.227365 0.686459 0.227365 0.686459 0.232832 0.657834 0.232832
1 0.658018 0.236027 0.686766 0.236027 0.686766 0.241432 0.658018 0.241432
1 0.657773 0.244428 0.686520 0.244428 0.686520 0.249834 0.657773 0.249834
1 0.657711 0.252782 0.686459 0.252782 0.686459 0.258188 0.657711 0.258188
1 0.657967 0.184846 0.686715 0.184846 0.686715 0.189944 0.657967 0.189944
1 0.658305 0.176037 0.687052 0.176037 0.687052 0.181443 0.658305 0.181443
1 0.658366 0.167683 0.686555 0.167683 0.686555 0.173073 0.658366 0.173073
1 0.658612 0.159281 0.687359 0.159281 0.687359 0.164687 0.658612 0.164687
1 0.658428 0.150620 0.687052 0.150620 0.687052 0.156087 0.658428 0.156087
1 0.658305 0.142205 0.687052 0.142205 0.687052 0.147610 0.658305 0.147610
1 0.657998 0.133789 0.686745 0.133789 0.686745 0.139195 0.657998 0.139195
1 0.658243 0.124695 0.686991 0.124695 0.686991 0.130101 0.658243 0.130101
1 0.658428 0.116467 0.686851 0.116467 0.686851 0.122140 0.658428 0.122140
1 0.658441 0.065059 0.687544 0.065059 0.687544 0.070416 0.658441 0.070416
1 0.658195 0.073857 0.687544 0.073857 0.687544 0.079119 0.658195 0.079119
1 0.658503 0.082569 0.687250 0.082569 0.687250 0.087974 0.658503 0.087974
1 0.658625 0.090984 0.687250 0.090984 0.687250 0.096451 0.658625 0.096451
1 0.658810 0.099645 0.687557 0.099645 0.687557 0.105051 0.658810 0.105051
1 0.658564 0.108047 0.687741 0.108047 0.687741 0.113239 0.658564 0.113239
1 0.653000 0.047841 0.682005 0.047841 0.682005 0.053791 0.653000 0.053791
1 0.652950 0.039403 0.681403 0.039403 0.681403 0.045403 0.652950 0.045403
1 0.653000 0.030865 0.682005 0.030865 0.682005 0.036815 0.653000 0.036815
1 0.653050 0.022076 0.682056 0.022076 0.682056 0.028026 0.653050 0.028026
1 0.653000 0.004949 0.682005 0.004949 0.682005 0.010899 0.653000 0.010899
1 0.652950 0.013738 0.681654 0.013738 0.681654 0.019588 0.652950 0.019588
