0 0.143814 0.447186 0.164847 0.447186 0.164847 0.480005 0.143814 0.480005
0 0.445818 0.461386 0.466737 0.461386 0.466737 0.494743 0.445818 0.494743
0 0.445176 0.528367 0.466524 0.528367 0.466524 0.561548 0.445176 0.561548
0 0.148345 0.900236 0.182302 0.900236 0.182302 0.921571 0.148345 0.921571
0 0.054131 0.409142 0.066847 0.409142 0.066847 0.433779 0.054131 0.433779
0 0.152399 0.500249 0.164930 0.500249 0.164930 0.525308 0.152399 0.525308
0 0.440529 0.582804 0.465732 0.582804 0.465732 0.595505 0.440529 0.595505
0 0.206146 0.896382 0.240299 0.896382 0.240299 0.917758 0.206146 0.917758
0 0.442432 0.950540 0.451345 0.950540 0.451345 0.967649 0.442432 0.967649
0 0.085038 0.420361 0.119031 0.420361 0.119031 0.441282 0.085038 0.441282
0 0.914500 0.429443 0.939497 0.429443 0.939497 0.442267 0.914500 0.442267
0 0.225765 0.685656 0.252469 0.685656 0.252469 0.739061 0.225765 0.739061
0 0.425180 0.951202 0.434218 0.951202 0.434218 0.967733 0.425180 0.967733
0 0.370296 0.824179 0.396186 0.824179 0.396186 0.837871 0.370296 0.837871
0 0.974665 0.891857 0.983657 0.891857 0.983657 0.908194 0.974665 0.908194
1 0.142788 0.480257 0.166957 0.480257 0.166957 0.489120 0.142788 0.489120
0 0.439673 0.886181 0.449456 0.886181 0.449456 0.903396 0.439673 0.903396
0 0.311919 0.945429 0.320851 0.945429 0.320851 0.962702 0.311919 0.962702
0 0.373820 0.805674 0.390759 0.805674 0.390759 0.815288 0.373820 0.815288
0 0.426343 0.931036 0.442006 0.931036 0.442006 0.939209 0.426343 0.939209
1 0.224029 0.739903 0.253807 0.739903 0.253807 0.750897 0.224029 0.750897
1 0.442764 0.561665 0.466942 0.561665 0.466942 0.570667 0.442764 0.570667
1 0.443510 0.495022 0.467498 0.495022 0.467498 0.503893 0.443510 0.503893
0 0.406679 0.810810 0.415404 0.810810 0.415404 0.827789 0.406679 0.827789
0 0.425346 0.913810 0.442192 0.913810 0.442192 0.922994 0.425346 0.922994
1 0.766100 0.343807 0.773470 0.343807 0.773470 0.383080 0.766100 0.383080
1 0.653490 0.619674 0.660953 0.619674 0.660953 0.657398 0.653490 0.657398
1 0.731193 0.620223 0.738469 0.620223 0.738469 0.657557 0.731193 0.657557
0 0.428027 0.866152 0.445085 0.866152 0.445085 0.875728 0.428027 0.875728
1 0.076600 0.418221 0.085015 0.418221 0.085015 0.442128 0.076600 0.442128
1 0.720243 0.620184 0.727453 0.620184 0.727453 0.657197 0.720243 0.657197
0 0.582809 0.385962 0.811023 0.385962 0.811023 0.616085 0.582809 0.616085
1 0.642263 0.619801 0.649902 0.619801 0.649902 0.656200 0.642263 0.656200
1 0.621851 0.342656 0.629172 0.342656 0.629172 0.382006 0.621851 0.382006
1 0.540663 0.578691 0.577866 0.578691 0.577866 0.586668 0.540663 0.586668
1 0.664551 0.619780 0.671982 0.619780 0.671982 0.657302 0.664551 0.657302
1 0.815142 0.569657 0.853788 0.569657 0.853788 0.577250 0.815142 0.577250
1 0.708892 0.620116 0.716358 0.620116 0.716358 0.657877 0.708892 0.657877
1 0.755097 0.343554 0.762211 0.343554 0.762211 0.382757 0.755097 0.382757
1 0.688348 0.343314 0.695626 0.343314 0.695626 0.382280 0.688348 0.382280
1 0.630912 0.619674 0.638856 0.619674 0.638856 0.656165 0.630912 0.656165
1 0.540943 0.445558 0.579208 0.445558 0.579208 0.453501 0.540943 0.453501
1 0.677230 0.343852 0.684617 0.343852 0.684617 0.382338 0.677230 0.382338
1 0.182511 0.898194 0.191689 0.898194 0.191689 0.922564 0.182511 0.922564
1 0.443309 0.519787 0.466911 0.519787 0.466911 0.527363 0.443309 0.527363
1 0.699504 0.343500 0.707012 0.343500 0.707012 0.382626 0.699504 0.382626
0 0.277836 0.906422 0.293650 0.906422 0.293650 0.914444 0.277836 0.914444
1 0.815260 0.580503 0.853471 0.580503 0.853471 0.588761 0.815260 0.588761
1 0.541264 0.434456 0.579295 0.434456 0.579295 0.442290 0.541264 0.442290
1 0.815560 0.503008 0.854473 0.503008 0.854473 0.510607 0.815560 0.510607
1 0.815150 0.535956 0.852844 0.535956 0.852844 0.543900 0.815150 0.543900
1 0.540016 0.523436 0.579019 0.523436 0.579019 0.531251 0.540016 0.531251
1 0.815191 0.547114 0.852828 0.547114 0.852828 0.554952 0.815191 0.554952
1 0.815638 0.436464 0.853400 0.436464 0.853400 0.443947 0.815638 0.443947
1 0.743913 0.343641 0.751174 0.343641 0.751174 0.382789 0.743913 0.382789
1 0.119117 0.418917 0.127572 0.418917 0.127572 0.442149 0.119117 0.442149
1 0.540069 0.534752 0.578889 0.534752 0.578889 0.542409 0.540069 0.542409
1 0.198415 0.895668 0.206482 0.895668 0.206482 0.920473 0.198415 0.920473
1 0.764371 0.620443 0.771848 0.620443 0.771848 0.658126 0.764371 0.658126
1 0.610972 0.342608 0.618093 0.342608 0.618093 0.381707 0.610972 0.381707
1 0.223932 0.674930 0.253727 0.674930 0.253727 0.685817 0.223932 0.685817
1 0.539760 0.545803 0.578552 0.545803 0.578552 0.553793 0.539760 0.553793
1 0.697688 0.620106 0.705305 0.620106 0.705305 0.657585 0.697688 0.657585
1 0.775454 0.620466 0.782935 0.620466 0.782935 0.658604 0.775454 0.658604
1 0.753510 0.620544 0.760872 0.620544 0.760872 0.657828 0.753510 0.657828
1 0.620225 0.619568 0.627573 0.619568 0.627573 0.656563 0.620225 0.656563
1 0.710573 0.344412 0.717912 0.344412 0.717912 0.382820 0.710573 0.382820
1 0.539940 0.567714 0.578599 0.567714 0.578599 0.575576 0.539940 0.575576
1 0.666147 0.342957 0.673584 0.342957 0.673584 0.382571 0.666147 0.382571
1 0.908864 0.428111 0.914465 0.428111 0.914465 0.443666 0.908864 0.443666
1 0.541166 0.479221 0.579027 0.479221 0.579027 0.487000 0.541166 0.487000
1 0.815588 0.480696 0.854145 0.480696 0.854145 0.488238 0.815588 0.488238
1 0.540964 0.467949 0.579001 0.467949 0.579001 0.475809 0.540964 0.475809
1 0.815650 0.469398 0.854378 0.469398 0.854378 0.476912 0.815650 0.476912
1 0.815230 0.558454 0.852885 0.558454 0.852885 0.566088 0.815230 0.566088
1 0.540545 0.512213 0.578970 0.512213 0.578970 0.519886 0.540545 0.519886
1 0.541104 0.501252 0.578904 0.501252 0.578904 0.508757 0.541104 0.508757
1 0.633015 0.342756 0.640425 0.342756 0.640425 0.382507 0.633015 0.382507
1 0.815771 0.414062 0.854802 0.414062 0.854802 0.421905 0.815771 0.421905
1 0.643883 0.342924 0.651448 0.342924 0.651448 0.382743 0.643883 0.382743
1 0.687120 0.620004 0.694107 0.620004 0.694107 0.658180 0.687120 0.658180
1 0.815396 0.525124 0.853097 0.525124 0.853097 0.532905 0.815396 0.532905
1 0.240425 0.895850 0.249479 0.895850 0.249479 0.920540 0.240425 0.920540
1 0.151066 0.494996 0.166946 0.494996 0.166946 0.500119 0.151066 0.500119
1 0.815776 0.458391 0.853251 0.458391 0.853251 0.465976 0.815776 0.465976
0 0.754842 0.668377 0.771687 0.668377 0.771687 0.676851 0.754842 0.676851
1 0.540944 0.423506 0.579309 0.423506 0.579309 0.431231 0.540944 0.431231
1 0.742261 0.620399 0.749731 0.620399 0.749731 0.658128 0.742261 0.658128
1 0.815420 0.514291 0.854401 0.514291 0.854401 0.521772 0.815420 0.521772
1 0.815736 0.447575 0.853214 0.447575 0.853214 0.455043 0.815736 0.455043
1 0.654858 0.342321 0.662423 0.342321 0.662423 0.382644 0.654858 0.382644
1 0.541030 0.490231 0.578918 0.490231 0.578918 0.497721 0.541030 0.497721
1 0.815510 0.425197 0.854690 0.425197 0.854690 0.433118 0.815510 0.433118
1 0.443892 0.452791 0.467419 0.452791 0.467419 0.460807 0.443892 0.460807
1 0.732623 0.344461 0.740079 0.344461 0.740079 0.382611 0.732623 0.382611
1 0.150807 0.525542 0.167232 0.525542 0.167232 0.530297 0.150807 0.530297
1 0.815517 0.491807 0.853502 0.491807 0.853502 0.499455 0.815517 0.499455
1 0.365726 0.822959 0.370417 0.822959 0.370417 0.838620 0.365726 0.838620
1 0.540856 0.412566 0.579278 0.412566 0.579278 0.420443 0.540856 0.420443
1 0.140611 0.898192 0.148441 0.898192 0.148441 0.921989 0.140611 0.921989
1 0.051671 0.434253 0.068098 0.434253 0.068098 0.438659 0.051671 0.438659
1 0.053048 0.404338 0.067686 0.404338 0.067686 0.408808 0.053048 0.408808
1 0.539675 0.556885 0.578508 0.556885 0.578508 0.564723 0.539675 0.564723
1 0.777185 0.343727 0.784584 0.343727 0.784584 0.382858 0.777185 0.382858
0 0.720975 0.667986 0.737685 0.667986 0.737685 0.676614 0.720975 0.676614
1 0.541323 0.456851 0.578973 0.456851 0.578973 0.464515 0.541323 0.464515
1 0.940020 0.428241 0.945615 0.428241 0.945615 0.443822 0.940020 0.443822
1 0.439247 0.903256 0.449198 0.903256 0.449198 0.907117 0.439247 0.907117
1 0.143301 0.437516 0.166955 0.437516 0.166955 0.446269 0.143301 0.446269
0 0.646199 0.671293 0.662087 0.671293 0.662087 0.679324 0.646199 0.679324
1 0.721432 0.343906 0.728958 0.343906 0.728958 0.383034 0.721432 0.383034
1 0.390342 0.805796 0.393741 0.805796 0.393741 0.815007 0.390342 0.815007
1 0.440009 0.882268 0.449080 0.882268 0.449080 0.886564 0.440009 0.886564
1 0.465815 0.581444 0.470515 0.581444 0.470515 0.596486 0.465815 0.596486
1 0.441899 0.913821 0.445758 0.913821 0.445758 0.923100 0.441899 0.923100
1 0.293387 0.905758 0.296626 0.905758 0.296626 0.914858 0.293387 0.914858
1 0.441877 0.930739 0.445496 0.930739 0.445496 0.939909 0.441877 0.939909
1 0.444553 0.866799 0.448282 0.866799 0.448282 0.875886 0.444553 0.875886
1 0.609587 0.619573 0.616728 0.619573 0.616728 0.656472 0.609587 0.656472
1 0.424743 0.866333 0.428639 0.866333 0.428639 0.876410 0.424743 0.876410
1 0.370136 0.805186 0.374441 0.805186 0.374441 0.815172 0.370136 0.815172
1 0.434357 0.581990 0.440181 0.581990 0.440181 0.596626 0.434357 0.596626
1 0.442107 0.947292 0.451637 0.947292 0.451637 0.950670 0.442107 0.950670
1 0.396327 0.823171 0.401028 0.823171 0.401028 0.839161 0.396327 0.839161
1 0.975053 0.908430 0.983406 0.908430 0.983406 0.911584 0.975053 0.911584
1 0.442450 0.967693 0.451233 0.967693 0.451233 0.970134 0.442450 0.970134
1 0.311577 0.942797 0.321098 0.942797 0.321098 0.945807 0.311577 0.945807
1 0.675774 0.619965 0.683158 0.619965 0.683158 0.657769 0.675774 0.657769
1 0.311577 0.963394 0.321098 0.963394 0.321098 0.966405 0.311577 0.966405
1 0.274110 0.905758 0.277349 0.905758 0.277349 0.914858 0.274110 0.914858
1 0.425265 0.947494 0.434490 0.947494 0.434490 0.951151 0.425265 0.951151
1 0.425336 0.967969 0.434291 0.967969 0.434291 0.970184 0.425336 0.970184
1 0.422173 0.930739 0.425792 0.930739 0.425792 0.939909 0.422173 0.939909
1 0.421302 0.913821 0.425160 0.913821 0.425160 0.923100 0.421302 0.923100
1 0.406361 0.806389 0.415711 0.806389 0.415711 0.810465 0.406361 0.810465
1 0.406531 0.828272 0.415881 0.828272 0.415881 0.832348 0.406531 0.832348
1 0.643090 0.671246 0.645901 0.671246 0.645901 0.679446 0.643090 0.679446
1 0.662331 0.671117 0.665754 0.671117 0.665754 0.679674 0.662331 0.679674
1 0.718322 0.667817 0.720899 0.667817 0.720899 0.676810 0.718322 0.676810
1 0.737685 0.667749 0.741170 0.667749 0.741170 0.676675 0.737685 0.676675
1 0.771845 0.668119 0.775343 0.668119 0.775343 0.677286 0.771845 0.677286
1 0.752261 0.668086 0.754741 0.668086 0.754741 0.677347 0.752261 0.677347
1 0.974639 0.888477 0.983073 0.888477 0.983073 0.891675 0.974639 0.891675
1 0.964619 0.417993 0.975482 0.417993 0.975482 0.456079 0.964619 0.456079
1 0.986211 0.419870 0.997744 0.419870 0.997744 0.456348 0.986211 0.456348
1 0.964083 0.582142 0.974409 0.582142 0.974409 0.618217 0.964083 0.618217
1 0.986613 0.581605 0.996403 0.581605 0.996403 0.618485 0.986613 0.618485
1 0.983395 0.654426 0.988088 0.654426 0.988088 0.669178 0.983395 0.669178
1 0.401765 0.962474 0.412494 0.962474 0.412494 0.991307 0.401765 0.991307
1 0.396535 0.868598 0.408203 0.868598 0.408203 0.899174 0.396535 0.899174
1 0.380844 0.962742 0.391573 0.962742 0.391573 0.991575 0.380844 0.991575
1 0.358180 0.962876 0.368909 0.962876 0.368909 0.991709 0.358180 0.991709
1 0.337259 0.963144 0.347988 0.963144 0.347988 0.991978 0.337259 0.991978
1 0.374541 0.869000 0.386209 0.869000 0.386209 0.899577 0.374541 0.899577
1 0.353084 0.868195 0.364751 0.868195 0.364751 0.898772 0.353084 0.898772
1 0.331090 0.867659 0.342758 0.867659 0.342758 0.898236 0.331090 0.898236
1 0.268461 0.949197 0.290992 0.949197 0.290992 0.970923 0.268461 0.970923
1 0.226485 0.966229 0.248211 0.966229 0.248211 0.986345 0.226485 0.986345
1 0.144143 0.969313 0.167075 0.969313 0.167075 0.980042 0.144143 0.980042
1 0.139047 0.928544 0.161979 0.928544 0.161979 0.937798 0.139047 0.937798
1 0.205430 0.955500 0.210929 0.955500 0.210929 0.972532 0.205430 0.972532
1 0.173781 0.955634 0.179279 0.955634 0.179279 0.971995 0.173781 0.971995
0 0.180084 0.958316 0.204357 0.958316 0.204357 0.971057 0.180084 0.971057
