0 0.149364 0.827656 0.256480 0.827656 0.256480 0.928119 0.149364 0.928119
0 0.802374 0.770771 0.916476 0.770771 0.916476 0.980346 0.802374 0.980346
0 0.279847 0.371773 0.361240 0.371773 0.361240 0.435211 0.279847 0.435211
0 0.040936 0.127116 0.107486 0.127116 0.107486 0.177388 0.040936 0.177388
0 0.038077 0.875917 0.109445 0.875917 0.109445 0.932776 0.038077 0.932776
0 0.106287 0.253020 0.161701 0.253020 0.161701 0.291407 0.106287 0.291407
0 0.071189 0.775096 0.127076 0.775096 0.127076 0.846285 0.071189 0.846285
0 0.199791 0.150452 0.251830 0.150452 0.251830 0.176602 0.199791 0.176602
0 0.199800 0.114429 0.252200 0.114429 0.252200 0.140653 0.199800 0.140653
0 0.199864 0.221982 0.251256 0.221982 0.251256 0.248806 0.199864 0.248806
0 0.199435 0.186781 0.251399 0.186781 0.251399 0.212775 0.199435 0.212775
1 0.216409 0.347595 0.237873 0.347595 0.237873 0.371449 0.216409 0.371449
0 0.375347 0.318325 0.401608 0.318325 0.401608 0.370768 0.375347 0.370768
1 0.249684 0.348073 0.269582 0.348073 0.269582 0.371380 0.249684 0.371380
1 0.228467 0.766709 0.255482 0.766709 0.255482 0.827989 0.228467 0.827989
1 0.149552 0.765640 0.178971 0.765640 0.178971 0.827989 0.149552 0.827989
0 0.229973 0.263492 0.244619 0.263492 0.244619 0.289680 0.229973 0.289680
0 0.189973 0.785382 0.214764 0.785382 0.214764 0.797457 0.189973 0.797457
1 0.076503 0.754098 0.120090 0.754098 0.120090 0.774763 0.076503 0.774763
1 0.019020 0.131201 0.040457 0.131201 0.040457 0.173797 0.019020 0.173797
0 0.220000 0.328443 0.267878 0.328443 0.267878 0.347834 0.220000 0.347834
0 0.944079 0.027430 0.971699 0.027430 0.971699 0.041332 0.944079 0.041332
1 0.110110 0.883543 0.129595 0.883543 0.129595 0.926241 0.110110 0.926241
0 0.255690 0.262999 0.270109 0.262999 0.270109 0.288842 0.255690 0.288842
1 0.251597 0.185315 0.263516 0.185315 0.263516 0.214174 0.251597 0.214174
1 0.920307 0.881086 0.957581 0.881086 0.957581 0.893067 0.920307 0.893067
1 0.919732 0.968147 0.956414 0.968147 0.956414 0.979763 0.919732 0.979763
0 0.189331 0.762160 0.215043 0.762160 0.215043 0.775904 0.189331 0.775904
1 0.920344 0.816488 0.958437 0.816488 0.958437 0.828340 0.920344 0.828340
0 0.189342 0.739265 0.214954 0.739265 0.214954 0.754834 0.189342 0.754834
1 0.233933 0.306515 0.253942 0.306515 0.253942 0.327963 0.233933 0.327963
0 0.183960 0.262608 0.198303 0.262608 0.198303 0.288667 0.183960 0.288667
1 0.188352 0.184644 0.198932 0.184644 0.198932 0.213761 0.188352 0.213761
1 0.757917 0.793587 0.794664 0.793587 0.794664 0.805352 0.757917 0.805352
1 0.757240 0.880177 0.794332 0.880177 0.794332 0.892071 0.757240 0.892071
1 0.757475 0.858521 0.794409 0.858521 0.794409 0.870573 0.757475 0.870573
1 0.302397 0.340717 0.316187 0.340717 0.316187 0.370705 0.302397 0.370705
0 0.150361 0.395207 0.163137 0.395207 0.163137 0.420987 0.150361 0.420987
0 0.159388 0.336809 0.190595 0.336809 0.190595 0.357061 0.159388 0.357061
1 0.188628 0.112707 0.199178 0.112707 0.199178 0.141492 0.188628 0.141492
0 0.206239 0.262405 0.220797 0.262405 0.220797 0.288537 0.206239 0.288537
1 0.757032 0.902325 0.794266 0.902325 0.794266 0.913831 0.757032 0.913831
1 0.757227 0.771439 0.794644 0.771439 0.794644 0.784139 0.757227 0.784139
1 0.756493 0.966600 0.793716 0.966600 0.793716 0.978788 0.756493 0.978788
1 0.107726 0.132383 0.128431 0.132383 0.128431 0.173838 0.107726 0.173838
1 0.252459 0.113409 0.264010 0.113409 0.264010 0.142669 0.252459 0.142669
0 0.189589 0.717577 0.215572 0.717577 0.215572 0.731118 0.189589 0.731118
1 0.324671 0.341283 0.337711 0.341283 0.337711 0.370235 0.324671 0.370235
0 0.679573 0.013786 0.705209 0.013786 0.705209 0.027827 0.679573 0.027827
1 0.757422 0.945008 0.793798 0.945008 0.793798 0.957331 0.757422 0.957331
1 0.251963 0.149089 0.263525 0.149089 0.263525 0.177941 0.251963 0.177941
1 0.346367 0.341455 0.360043 0.341455 0.360043 0.370608 0.346367 0.370608
1 0.920309 0.794944 0.957765 0.794944 0.957765 0.806443 0.920309 0.806443
0 0.731622 0.024502 0.757132 0.024502 0.757132 0.037981 0.731622 0.037981
1 0.920814 0.773131 0.958815 0.773131 0.958815 0.784721 0.920814 0.784721
1 0.919951 0.903336 0.957591 0.903336 0.957591 0.914888 0.919951 0.914888
1 0.188530 0.149116 0.199330 0.149116 0.199330 0.177501 0.188530 0.177501
1 0.018416 0.883204 0.037193 0.883204 0.037193 0.926044 0.018416 0.926044
0 0.230254 0.744306 0.256264 0.744306 0.256264 0.757436 0.230254 0.757436
1 0.919449 0.946366 0.956663 0.946366 0.956663 0.958196 0.919449 0.958196
1 0.077842 0.846618 0.120560 0.846618 0.120560 0.865096 0.077842 0.865096
1 0.373994 0.305469 0.403263 0.305469 0.403263 0.317529 0.373994 0.317529
1 0.920382 0.859242 0.957630 0.859242 0.957630 0.871659 0.920382 0.871659
1 0.756877 0.815590 0.794542 0.815590 0.794542 0.827235 0.756877 0.827235
0 0.733009 0.841223 0.741015 0.841223 0.741015 0.857166 0.733009 0.857166
1 0.251630 0.220542 0.262918 0.220542 0.262918 0.249796 0.251630 0.249796
1 0.757243 0.837199 0.794339 0.837199 0.794339 0.848832 0.757243 0.848832
1 0.281119 0.340743 0.295355 0.340743 0.295355 0.371395 0.281119 0.371395
1 0.919573 0.925023 0.958391 0.925023 0.958391 0.936898 0.919573 0.936898
1 0.372837 0.371163 0.403571 0.371163 0.403571 0.381671 0.372837 0.381671
1 0.180622 0.357119 0.191036 0.357119 0.191036 0.370605 0.180622 0.370605
1 0.188282 0.220304 0.199630 0.220304 0.199630 0.249086 0.188282 0.249086
0 0.340755 0.733873 0.357566 0.733873 0.357566 0.743759 0.340755 0.743759
1 0.920635 0.838028 0.957679 0.838028 0.957679 0.849823 0.920635 0.849823
1 0.756460 0.923975 0.794090 0.923975 0.794090 0.935565 0.756460 0.935565
1 0.170867 0.324824 0.181229 0.324824 0.181229 0.336837 0.170867 0.336837
0 0.824036 0.020937 0.833435 0.020937 0.833435 0.038156 0.824036 0.038156
1 0.161939 0.246680 0.172446 0.246680 0.172446 0.299511 0.161939 0.299511
1 0.159415 0.357050 0.168642 0.357050 0.168642 0.370109 0.159415 0.370109
0 0.722334 0.952751 0.739393 0.952751 0.739393 0.961721 0.722334 0.961721
1 0.096667 0.245485 0.105888 0.245485 0.105888 0.298301 0.096667 0.298301
1 0.195371 0.812146 0.210516 0.812146 0.210516 0.826658 0.195371 0.826658
0 0.201872 0.328807 0.211182 0.328807 0.211182 0.345819 0.201872 0.345819
1 0.282783 0.435407 0.358367 0.435407 0.358367 0.464417 0.282783 0.464417
0 0.400314 0.726922 0.409203 0.726922 0.409203 0.743429 0.400314 0.743429
0 0.417481 0.727816 0.425870 0.727816 0.425870 0.743661 0.417481 0.743661
0 0.807976 0.021196 0.817070 0.021196 0.817070 0.038155 0.807976 0.038155
1 0.229680 0.258274 0.246530 0.258274 0.246530 0.262990 0.229680 0.262990
1 0.148103 0.421273 0.163904 0.421273 0.163904 0.426838 0.148103 0.426838
1 0.183161 0.258451 0.199113 0.258451 0.199113 0.262371 0.183161 0.262371
1 0.254909 0.258400 0.271405 0.258400 0.271405 0.262713 0.254909 0.262713
1 0.205381 0.257970 0.222303 0.257970 0.222303 0.261973 0.205381 0.261973
1 0.705452 0.012857 0.709640 0.012857 0.709640 0.028416 0.705452 0.028416
0 0.775378 0.015436 0.791060 0.015436 0.791060 0.024071 0.775378 0.024071
1 0.228498 0.290085 0.245637 0.290085 0.245637 0.294262 0.228498 0.294262
1 0.148724 0.390131 0.164046 0.390131 0.164046 0.394999 0.148724 0.394999
1 0.972149 0.026888 0.976288 0.026888 0.976288 0.042440 0.972149 0.042440
1 0.726876 0.023333 0.731366 0.023333 0.731366 0.038671 0.726876 0.038671
1 0.201943 0.346201 0.211651 0.346201 0.211651 0.349849 0.201943 0.349849
1 0.337935 0.733727 0.341169 0.733727 0.341169 0.743081 0.337935 0.743081
1 0.733223 0.837479 0.741406 0.837479 0.741406 0.841024 0.733223 0.841024
1 0.824724 0.017148 0.833874 0.017148 0.833874 0.020775 0.824724 0.020775
1 0.204783 0.288785 0.222037 0.288785 0.222037 0.293714 0.204783 0.293714
1 0.675150 0.013149 0.679239 0.013149 0.679239 0.028904 0.675150 0.028904
1 0.739739 0.952469 0.743835 0.952469 0.743835 0.961955 0.739739 0.961955
1 0.254021 0.289160 0.271018 0.289160 0.271018 0.293563 0.254021 0.293563
1 0.400106 0.743674 0.409327 0.743674 0.409327 0.746894 0.400106 0.746894
1 0.939790 0.026250 0.943765 0.026250 0.943765 0.041809 0.939790 0.041809
1 0.225932 0.742355 0.230111 0.742355 0.230111 0.758350 0.225932 0.758350
1 0.182827 0.288955 0.199312 0.288955 0.199312 0.293047 0.182827 0.293047
1 0.791216 0.015886 0.794662 0.015886 0.794662 0.023961 0.791216 0.023961
1 0.256562 0.743232 0.261117 0.743232 0.261117 0.758493 0.256562 0.758493
1 0.807964 0.017279 0.817019 0.017279 0.817019 0.020936 0.807964 0.020936
1 0.771565 0.015210 0.775100 0.015210 0.775100 0.024216 0.771565 0.024216
1 0.417155 0.743574 0.425743 0.743574 0.425743 0.746947 0.417155 0.746947
1 0.357660 0.733847 0.361208 0.733847 0.361208 0.744143 0.357660 0.744143
1 0.733118 0.857894 0.740302 0.857894 0.740302 0.861584 0.733118 0.861584
1 0.215107 0.783852 0.219176 0.783852 0.219176 0.798933 0.215107 0.798933
1 0.400238 0.724189 0.408269 0.724189 0.408269 0.726688 0.400238 0.726688
1 0.215999 0.717140 0.219645 0.717140 0.219645 0.732315 0.215999 0.732315
1 0.757377 0.023770 0.762091 0.023770 0.762091 0.038554 0.757377 0.038554
1 0.808337 0.038347 0.816634 0.038347 0.816634 0.041624 0.808337 0.041624
1 0.215254 0.739751 0.219143 0.739751 0.219143 0.755029 0.215254 0.755029
1 0.201350 0.325855 0.211269 0.325855 0.211269 0.328440 0.201350 0.328440
1 0.155684 0.928119 0.249107 0.928119 0.249107 0.963130 0.155684 0.963130
1 0.186055 0.783639 0.189527 0.783639 0.189527 0.798463 0.186055 0.798463
1 0.185586 0.761496 0.189058 0.761496 0.189058 0.776320 0.185586 0.776320
1 0.215201 0.761708 0.219270 0.761708 0.219270 0.776789 0.215201 0.776789
1 0.185774 0.739259 0.188837 0.739259 0.188837 0.754373 0.185774 0.754373
1 0.185599 0.716577 0.189245 0.716577 0.189245 0.731753 0.185599 0.731753
1 0.417258 0.724524 0.426071 0.724524 0.426071 0.727581 0.417258 0.727581
1 0.717862 0.952689 0.721957 0.952689 0.721957 0.962175 0.717862 0.962175
1 0.824149 0.038434 0.833299 0.038434 0.833299 0.042061 0.824149 0.042061
1 0.011839 0.074914 0.053445 0.074914 0.053445 0.093865 0.011839 0.093865
0 0.005472 0.003103 0.059959 0.003103 0.059959 0.073581 0.005472 0.073581
1 0.461471 0.722688 0.466134 0.722688 0.466134 0.738029 0.461471 0.738029
1 0.430787 0.728229 0.435180 0.728229 0.435180 0.744044 0.430787 0.744044
1 0.454983 0.773512 0.463769 0.773512 0.463769 0.809872 0.454983 0.809872
1 0.453875 0.936459 0.462391 0.936459 0.462391 0.975118 0.453875 0.975118
1 0.441190 0.773512 0.449976 0.773512 0.449976 0.809872 0.441190 0.809872
1 0.427398 0.778766 0.436184 0.778766 0.436184 0.815127 0.427398 0.815127
1 0.413605 0.778766 0.422391 0.778766 0.422391 0.815127 0.413605 0.815127
1 0.400376 0.778860 0.409162 0.778860 0.409162 0.815220 0.400376 0.815220
1 0.386583 0.778860 0.395369 0.778860 0.395369 0.815220 0.386583 0.815220
1 0.373260 0.778860 0.382046 0.778860 0.382046 0.815220 0.373260 0.815220
1 0.359467 0.778860 0.368253 0.778860 0.368253 0.815220 0.359467 0.815220
1 0.345862 0.778860 0.354648 0.778860 0.354648 0.815220 0.345862 0.815220
1 0.332257 0.778578 0.341043 0.778578 0.341043 0.814939 0.332257 0.814939
1 0.304672 0.778109 0.313458 0.778109 0.313458 0.814470 0.304672 0.814470
1 0.318277 0.778391 0.327063 0.778391 0.327063 0.814751 0.318277 0.814751
1 0.426627 0.943145 0.435087 0.943145 0.435087 0.980466 0.426627 0.980466
1 0.413022 0.943708 0.421482 0.943708 0.421482 0.980654 0.413022 0.980654
1 0.399230 0.943426 0.407690 0.943426 0.407690 0.980747 0.399230 0.980747
1 0.385625 0.943989 0.394085 0.943989 0.394085 0.980935 0.385625 0.980935
1 0.345092 0.942863 0.352895 0.942863 0.352895 0.980560 0.345092 0.980560
1 0.331299 0.942582 0.339290 0.942582 0.339290 0.980747 0.331299 0.980747
1 0.371832 0.942957 0.380292 0.942957 0.380292 0.980278 0.371832 0.980278
1 0.358603 0.943145 0.366688 0.943145 0.366688 0.980466 0.358603 0.980466
1 0.303808 0.941831 0.311799 0.941831 0.311799 0.979997 0.303808 0.979997
1 0.317600 0.942113 0.325404 0.942113 0.325404 0.979809 0.317600 0.979809
