0 0.658724 0.503300 0.692501 0.503300 0.692501 0.525074 0.658724 0.525074
0 0.627365 0.492775 0.640640 0.492775 0.640640 0.517729 0.627365 0.517729
0 0.725451 0.583870 0.738482 0.583870 0.738482 0.609479 0.725451 0.609479
0 0.979871 0.894713 0.989124 0.894713 0.989124 0.911522 0.979871 0.911522
0 0.717097 0.531145 0.739470 0.531145 0.739470 0.564137 0.717097 0.564137
0 0.947751 0.889467 0.964660 0.889467 0.964660 0.899110 0.947751 0.899110
0 0.944114 0.907420 0.969729 0.907420 0.969729 0.922502 0.944114 0.922502
1 0.650463 0.501650 0.658360 0.501650 0.658360 0.525837 0.650463 0.525837
1 0.693117 0.502248 0.701329 0.502248 0.701329 0.525824 0.693117 0.525824
1 0.626779 0.487806 0.641308 0.487806 0.641308 0.492363 0.626779 0.492363
1 0.716992 0.564349 0.740886 0.564349 0.740886 0.572679 0.716992 0.572679
1 0.717190 0.521606 0.740464 0.521606 0.740464 0.530825 0.717190 0.530825
1 0.484259 0.527085 0.512551 0.527085 0.512551 0.537654 0.484259 0.537654
1 0.980332 0.891329 0.988929 0.891329 0.988929 0.894437 0.980332 0.894437
0 0.487193 0.475154 0.512551 0.475154 0.512551 0.526639 0.487193 0.526639
1 0.484631 0.463627 0.512944 0.463627 0.512944 0.474521 0.484631 0.474521
1 0.627158 0.518165 0.642162 0.518165 0.642162 0.522437 0.627158 0.522437
1 0.724703 0.579430 0.740239 0.579430 0.740239 0.583499 0.724703 0.583499
1 0.724590 0.610041 0.739361 0.610041 0.739361 0.612996 0.724590 0.612996
0 0.798766 0.770326 0.827018 0.770326 0.827018 0.821932 0.798766 0.821932
1 0.798329 0.822588 0.827522 0.822588 0.827522 0.833135 0.798329 0.833135
1 0.627158 0.518165 0.642162 0.518165 0.642162 0.522437 0.627158 0.522437
1 0.798456 0.758918 0.827649 0.758918 0.827649 0.769465 0.798456 0.769465
1 0.944350 0.889354 0.947436 0.889354 0.947436 0.898959 0.944350 0.898959
1 0.980494 0.911918 0.989091 0.911918 0.989091 0.915026 0.980494 0.915026
1 0.964870 0.889514 0.967516 0.889514 0.967516 0.899053 0.964870 0.899053
1 0.940196 0.907099 0.943836 0.907099 0.943836 0.922603 0.940196 0.922603
1 0.970125 0.907436 0.973967 0.907436 0.973967 0.922468 0.970125 0.922468
1 0.848189 0.990130 0.851598 0.990130 0.851598 0.998515 0.848189 0.998515
1 0.867262 0.990314 0.871178 0.990314 0.871178 0.998791 0.867262 0.998791
0 0.851967 0.990268 0.866940 0.990268 0.866940 0.998284 0.851967 0.998284
1 0.905592 0.951984 0.916326 0.951984 0.916326 0.982897 0.905592 0.982897
1 0.926922 0.951846 0.937657 0.951846 0.937657 0.982759 0.926922 0.982759
1 0.949082 0.951892 0.959678 0.951892 0.959678 0.982529 0.949082 0.982529
1 0.970643 0.951800 0.981239 0.951800 0.981239 0.982436 0.970643 0.982436
