0 0.149189 0.825753 0.255732 0.825753 0.255732 0.927284 0.149189 0.927284
0 0.297709 0.821170 0.466066 0.821170 0.466066 0.938516 0.297709 0.938516
0 0.198543 0.185935 0.250369 0.185935 0.250369 0.211364 0.198543 0.211364
0 0.198638 0.113785 0.250611 0.113785 0.250611 0.140012 0.198638 0.140012
0 0.199098 0.149647 0.251297 0.149647 0.251297 0.175803 0.199098 0.175803
0 0.039978 0.125680 0.106529 0.125680 0.106529 0.176670 0.039978 0.176670
0 0.802200 0.771680 0.916376 0.771680 0.916376 0.980685 0.802200 0.980685
0 0.280790 0.372711 0.362011 0.372711 0.362011 0.436099 0.280790 0.436099
0 0.374805 0.316472 0.400431 0.316472 0.400431 0.368518 0.374805 0.368518
0 0.149464 0.394466 0.162352 0.394466 0.162352 0.419878 0.149464 0.419878
0 0.035821 0.876105 0.107240 0.876105 0.107240 0.931367 0.035821 0.931367
0 0.218924 0.327482 0.266189 0.327482 0.266189 0.346540 0.218924 0.346540
0 0.105656 0.249867 0.160833 0.249867 0.160833 0.288118 0.105656 0.288118
0 0.198145 0.220979 0.249850 0.220979 0.249850 0.247482 0.198145 0.247482
0 0.205524 0.262025 0.220316 0.262025 0.220316 0.288068 0.205524 0.288068
0 0.182956 0.261701 0.196895 0.261701 0.196895 0.287603 0.182956 0.287603
0 0.229670 0.263134 0.244170 0.263134 0.244170 0.288792 0.229670 0.288792
0 0.255286 0.261983 0.269878 0.261983 0.269878 0.288262 0.255286 0.288262
0 0.434134 0.727580 0.460687 0.727580 0.460687 0.742116 0.434134 0.742116
1 0.248655 0.346540 0.268831 0.346540 0.268831 0.370487 0.248655 0.370487
0 0.944313 0.025720 0.971923 0.025720 0.971923 0.039698 0.944313 0.039698
0 0.189110 0.716716 0.215060 0.716716 0.215060 0.729984 0.189110 0.729984
0 0.825418 0.019283 0.834468 0.019283 0.834468 0.036626 0.825418 0.036626
0 0.678627 0.018484 0.704898 0.018484 0.704898 0.033122 0.678627 0.033122
1 0.232205 0.305796 0.253077 0.305796 0.253077 0.327787 0.232205 0.327787
0 0.159309 0.337087 0.189497 0.337087 0.189497 0.355383 0.159309 0.355383
1 0.215417 0.346388 0.237327 0.346388 0.237327 0.370696 0.215417 0.370696
0 0.188678 0.783500 0.213281 0.783500 0.213281 0.795982 0.188678 0.795982
0 0.229065 0.743075 0.254969 0.743075 0.254969 0.756156 0.229065 0.756156
0 0.201203 0.328155 0.209984 0.328155 0.209984 0.345134 0.201203 0.345134
0 0.188149 0.738087 0.214731 0.738087 0.214731 0.752455 0.188149 0.752455
1 0.919794 0.880188 0.958155 0.880188 0.958155 0.892072 0.919794 0.892072
0 0.188048 0.760381 0.214532 0.760381 0.214532 0.774486 0.188048 0.774486
1 0.757471 0.770547 0.794446 0.770547 0.794446 0.782914 0.757471 0.782914
1 0.227147 0.766171 0.253876 0.766171 0.253876 0.825196 0.227147 0.825196
0 0.774942 0.014352 0.792200 0.014352 0.792200 0.022976 0.774942 0.022976
0 0.808585 0.019715 0.817460 0.019715 0.817460 0.036965 0.808585 0.036965
1 0.920222 0.836980 0.958381 0.836980 0.958381 0.848868 0.920222 0.848868
1 0.919684 0.945439 0.956920 0.945439 0.956920 0.957265 0.919684 0.957265
1 0.757663 0.857203 0.794660 0.857203 0.794660 0.869341 0.757663 0.869341
1 0.757716 0.836124 0.794722 0.836124 0.794722 0.847619 0.757716 0.847619
1 0.372118 0.370926 0.403488 0.370926 0.403488 0.381015 0.372118 0.381015
1 0.920149 0.858053 0.958403 0.858053 0.958403 0.870281 0.920149 0.870281
1 0.758221 0.792002 0.794723 0.792002 0.794723 0.804202 0.758221 0.804202
1 0.187418 0.148256 0.198436 0.148256 0.198436 0.176764 0.187418 0.176764
1 0.756664 0.965807 0.793798 0.965807 0.793798 0.977861 0.756664 0.977861
1 0.757645 0.943905 0.794208 0.943905 0.794208 0.956215 0.757645 0.956215
1 0.757635 0.878686 0.794468 0.878686 0.794468 0.891231 0.757635 0.891231
1 0.250733 0.184440 0.262468 0.184440 0.262468 0.213095 0.250733 0.213095
1 0.920597 0.794204 0.958199 0.794204 0.958199 0.805546 0.920597 0.805546
1 0.919668 0.901660 0.957980 0.901660 0.957980 0.913588 0.919668 0.913588
1 0.919596 0.966928 0.956486 0.966928 0.956486 0.979007 0.919596 0.979007
1 0.106768 0.130946 0.127237 0.130946 0.127237 0.172862 0.106768 0.172862
1 0.346036 0.340433 0.359207 0.340433 0.359207 0.372357 0.346036 0.372357
1 0.187292 0.183958 0.197921 0.183958 0.197921 0.212800 0.187292 0.212800
1 0.372763 0.305007 0.402592 0.305007 0.402592 0.315590 0.372763 0.315590
1 0.757564 0.901079 0.794528 0.901079 0.794528 0.912518 0.757564 0.912518
1 0.344878 0.777154 0.353121 0.777154 0.353121 0.814274 0.344878 0.814274
1 0.250262 0.220170 0.262219 0.220170 0.262219 0.248769 0.250262 0.248769
1 0.017715 0.128553 0.039978 0.128553 0.039978 0.172361 0.017715 0.172361
1 0.280038 0.339980 0.294245 0.339980 0.294245 0.372387 0.280038 0.372387
0 0.399112 0.725857 0.408481 0.725857 0.408481 0.742634 0.399112 0.742634
1 0.187595 0.112136 0.198094 0.112136 0.198094 0.140719 0.187595 0.140719
1 0.301829 0.339999 0.315415 0.339999 0.315415 0.373001 0.301829 0.373001
1 0.399665 0.777634 0.407646 0.777634 0.407646 0.813749 0.399665 0.813749
0 0.339509 0.733081 0.356720 0.733081 0.356720 0.742231 0.339509 0.742231
1 0.316573 0.941214 0.324510 0.941214 0.324510 0.979784 0.316573 0.979784
1 0.324106 0.340109 0.336986 0.340109 0.336986 0.372506 0.324106 0.372506
0 0.416560 0.726424 0.425539 0.726424 0.425539 0.742721 0.416560 0.742721
1 0.179739 0.355536 0.190225 0.355536 0.190225 0.369634 0.179739 0.369634
1 0.187058 0.219560 0.197696 0.219560 0.197696 0.248398 0.187058 0.248398
1 0.357334 0.941680 0.365624 0.941680 0.365624 0.980560 0.357334 0.980560
1 0.756705 0.922618 0.794375 0.922618 0.794375 0.934708 0.756705 0.934708
1 0.157670 0.355681 0.167961 0.355681 0.167961 0.369602 0.157670 0.369602
1 0.343763 0.941664 0.351844 0.941664 0.351844 0.980252 0.343763 0.980252
1 0.920022 0.815331 0.958953 0.815331 0.958953 0.827126 0.920022 0.827126
1 0.919423 0.923931 0.958280 0.923931 0.958280 0.935296 0.919423 0.935296
1 0.412010 0.942337 0.420480 0.942337 0.420480 0.980746 0.412010 0.980746
1 0.425899 0.942136 0.433798 0.942136 0.433798 0.980521 0.425899 0.980521
1 0.426887 0.777242 0.435064 0.777242 0.435064 0.814638 0.426887 0.814638
1 0.439443 0.942127 0.447749 0.942127 0.447749 0.980758 0.439443 0.980758
1 0.371135 0.941688 0.379214 0.941688 0.379214 0.980580 0.371135 0.980580
1 0.757801 0.814245 0.794983 0.814245 0.794983 0.825826 0.757801 0.825826
0 0.068840 0.774846 0.124272 0.774846 0.124272 0.845687 0.068840 0.845687
1 0.017410 0.881708 0.035821 0.881708 0.035821 0.925333 0.017410 0.925333
1 0.317714 0.776220 0.325742 0.776220 0.325742 0.814235 0.317714 0.814235
1 0.372354 0.777395 0.380228 0.777395 0.380228 0.813557 0.372354 0.813557
1 0.330059 0.941660 0.338323 0.941660 0.338323 0.980255 0.330059 0.980255
1 0.398486 0.942294 0.406464 0.942294 0.406464 0.980569 0.398486 0.980569
1 0.384782 0.942018 0.393010 0.942018 0.393010 0.980750 0.384782 0.980750
1 0.107262 0.882108 0.128334 0.882108 0.128334 0.925166 0.107262 0.925166
1 0.251047 0.112710 0.262873 0.112710 0.262873 0.141349 0.251047 0.141349
1 0.302594 0.941262 0.311086 0.941262 0.311086 0.980186 0.302594 0.980186
1 0.358399 0.777848 0.366610 0.777848 0.366610 0.813660 0.358399 0.813660
1 0.251731 0.148611 0.262408 0.148611 0.262408 0.177208 0.251731 0.177208
1 0.453097 0.942193 0.461247 0.942193 0.461247 0.980686 0.453097 0.980686
1 0.148000 0.420348 0.163423 0.420348 0.163423 0.425447 0.148000 0.425447
1 0.254444 0.257691 0.270195 0.257691 0.270195 0.261830 0.254444 0.261830
1 0.181882 0.287940 0.198294 0.287940 0.198294 0.292310 0.181882 0.292310
1 0.076216 0.752147 0.119669 0.752147 0.119669 0.774646 0.076216 0.774646
1 0.303467 0.777096 0.312107 0.777096 0.312107 0.813941 0.303467 0.813941
1 0.453893 0.779004 0.462544 0.779004 0.462544 0.815039 0.453893 0.815039
1 0.213283 0.781182 0.218831 0.781182 0.218831 0.797821 0.213283 0.797821
1 0.215193 0.715570 0.219908 0.715570 0.219908 0.730958 0.215193 0.730958
1 0.182189 0.257662 0.197961 0.257662 0.197961 0.261561 0.182189 0.261561
1 0.673696 0.018238 0.678432 0.018238 0.678432 0.033570 0.673696 0.033570
1 0.182975 0.781481 0.188638 0.781481 0.188638 0.796825 0.182975 0.796825
1 0.825319 0.017345 0.834415 0.017345 0.834415 0.019458 0.825319 0.019458
1 0.228686 0.257858 0.244754 0.257858 0.244754 0.262634 0.228686 0.262634
1 0.076444 0.846087 0.118668 0.846087 0.118668 0.863898 0.076444 0.863898
1 0.184022 0.715475 0.188870 0.715475 0.188870 0.730722 0.184022 0.730722
1 0.147807 0.764578 0.177039 0.764578 0.177039 0.825868 0.147807 0.825868
1 0.204011 0.288278 0.220780 0.288278 0.220780 0.292506 0.204011 0.292506
1 0.147822 0.389679 0.163323 0.389679 0.163323 0.394307 0.147822 0.394307
1 0.460710 0.727332 0.466082 0.727332 0.466082 0.742122 0.460710 0.742122
1 0.229012 0.288965 0.244605 0.288965 0.244605 0.292632 0.229012 0.292632
1 0.204594 0.257730 0.220344 0.257730 0.220344 0.261851 0.204594 0.261851
1 0.398778 0.721915 0.408463 0.721915 0.408463 0.725671 0.398778 0.725671
1 0.413178 0.777158 0.421338 0.777158 0.421338 0.814125 0.413178 0.814125
1 0.194573 0.811352 0.209297 0.811352 0.209297 0.825820 0.194573 0.825820
1 0.430238 0.726533 0.434194 0.726533 0.434194 0.742527 0.430238 0.742527
1 0.200826 0.345039 0.210462 0.345039 0.210462 0.348563 0.200826 0.348563
1 0.253849 0.288490 0.270168 0.288490 0.270168 0.292443 0.253849 0.292443
1 0.972377 0.024333 0.976493 0.024333 0.976493 0.039999 0.972377 0.039999
1 0.416178 0.722137 0.424724 0.722137 0.424724 0.726361 0.416178 0.726361
1 0.214793 0.759152 0.219122 0.759152 0.219122 0.774917 0.214793 0.774917
1 0.183774 0.760080 0.188277 0.760080 0.188277 0.775023 0.183774 0.775023
1 0.170111 0.324308 0.179155 0.324308 0.179155 0.336868 0.170111 0.336868
1 0.920639 0.772022 0.959542 0.772022 0.959542 0.783351 0.920639 0.783351
1 0.201198 0.325062 0.209300 0.325062 0.209300 0.328280 0.201198 0.328280
1 0.809110 0.016500 0.816788 0.016500 0.816788 0.019881 0.809110 0.019881
1 0.415875 0.742669 0.425287 0.742669 0.425287 0.745762 0.415875 0.745762
1 0.399174 0.742718 0.408607 0.742718 0.408607 0.745952 0.399174 0.745952
1 0.183196 0.737899 0.188138 0.737899 0.188138 0.752628 0.183196 0.752628
1 0.824768 0.036471 0.835606 0.036471 0.835606 0.039330 0.824768 0.039330
1 0.331081 0.776321 0.339450 0.776321 0.339450 0.814188 0.331081 0.814188
1 0.386022 0.776942 0.394037 0.776942 0.394037 0.813318 0.386022 0.813318
1 0.225377 0.740608 0.229340 0.740608 0.229340 0.756239 0.225377 0.756239
1 0.214719 0.738277 0.219269 0.738277 0.219269 0.753152 0.214719 0.753152
1 0.337140 0.732747 0.340127 0.732747 0.340127 0.742022 0.337140 0.742022
1 0.356634 0.733070 0.360299 0.733070 0.360299 0.742501 0.356634 0.742501
1 0.159915 0.244641 0.170949 0.244641 0.170949 0.297052 0.159915 0.297052
1 0.096075 0.243852 0.104745 0.243852 0.104745 0.297446 0.096075 0.297446
1 0.255950 0.741985 0.259912 0.741985 0.259912 0.757616 0.255950 0.757616
1 0.705165 0.018970 0.709902 0.018970 0.709902 0.034302 0.705165 0.034302
1 0.809110 0.037358 0.816788 0.037358 0.816788 0.040739 0.809110 0.040739
1 0.792444 0.015127 0.794662 0.015127 0.794662 0.022388 0.792444 0.022388
1 0.772880 0.014925 0.774695 0.014925 0.774695 0.021379 0.772880 0.021379
1 0.939444 0.024943 0.943560 0.024943 0.943560 0.040609 0.939444 0.040609
1 0.440070 0.777784 0.448720 0.777784 0.448720 0.813819 0.440070 0.813819
1 0.283782 0.436083 0.359417 0.436083 0.359417 0.463335 0.283782 0.463335
1 0.154481 0.926990 0.247565 0.926990 0.247565 0.961622 0.154481 0.961622
1 0.739535 0.951373 0.742716 0.951373 0.742716 0.960246 0.739535 0.960246
1 0.718385 0.957233 0.721064 0.957233 0.721064 0.966329 0.718385 0.966329
1 0.724576 0.027651 0.729198 0.027651 0.729198 0.043318 0.724576 0.043318
1 0.757868 0.021776 0.762176 0.021776 0.762176 0.037835 0.757868 0.037835
1 0.010027 0.073163 0.052483 0.073163 0.052483 0.092511 0.010027 0.092511
