0 0.697254 0.456408 0.926541 0.456408 0.926541 0.687322 0.697254 0.687322
0 0.597498 0.604660 0.610408 0.604660 0.610408 0.631089 0.597498 0.631089
0 0.766650 0.925888 0.776317 0.925888 0.776317 0.942567 0.766650 0.942567
0 0.928266 0.938511 0.936071 0.938511 0.936071 0.954022 0.928266 0.954022
0 0.573002 0.435451 0.626793 0.435451 0.626793 0.464011 0.573002 0.464011
0 0.877426 0.896634 0.891840 0.896634 0.891840 0.924313 0.877426 0.924313
0 0.763931 0.887050 0.776405 0.887050 0.776405 0.912438 0.763931 0.912438
0 0.812608 0.932642 0.828404 0.932642 0.828404 0.940901 0.812608 0.940901
0 0.878698 0.866620 0.903450 0.866620 0.903450 0.878896 0.878698 0.878896
0 0.787665 0.763312 0.804885 0.763312 0.804885 0.773095 0.787665 0.773095
0 0.682785 0.869257 0.696888 0.869257 0.696888 0.895232 0.682785 0.895232
0 0.704526 0.908218 0.718982 0.908218 0.718982 0.935632 0.704526 0.935632
0 0.368819 0.779213 0.394392 0.779213 0.394392 0.791987 0.368819 0.791987
0 0.737783 0.948085 0.753558 0.948085 0.753558 0.956118 0.737783 0.956118
0 0.708011 0.947707 0.725023 0.947707 0.725023 0.957353 0.708011 0.957353
1 0.757769 0.416760 0.765934 0.416760 0.765934 0.452287 0.757769 0.452287
0 0.833346 0.740596 0.850260 0.740596 0.850260 0.749484 0.833346 0.749484
0 0.866215 0.740384 0.883584 0.740384 0.883584 0.749189 0.866215 0.749189
0 0.929878 0.894925 0.957320 0.894925 0.957320 0.908829 0.929878 0.908829
0 0.453652 0.779299 0.479756 0.779299 0.479756 0.792869 0.453652 0.792869
0 0.598358 0.958093 0.625882 0.958093 0.625882 0.972208 0.598358 0.972208
0 0.748613 0.857554 0.773973 0.857554 0.773973 0.870422 0.748613 0.870422
0 0.907388 0.893950 0.916215 0.893950 0.916215 0.910605 0.907388 0.910605
1 0.812059 0.691193 0.819451 0.691193 0.819451 0.728585 0.812059 0.728585
0 0.478123 0.969854 0.495006 0.969854 0.495006 0.979032 0.478123 0.979032
1 0.627169 0.435451 0.637582 0.435451 0.637582 0.464623 0.627169 0.464623
0 0.135392 0.791588 0.152731 0.791588 0.152731 0.800646 0.135392 0.800646
1 0.475200 0.544065 0.487404 0.544065 0.487404 0.580456 0.475200 0.580456
0 0.558562 0.958022 0.583826 0.958022 0.583826 0.972509 0.558562 0.972509
0 0.294906 0.553347 0.320066 0.553347 0.320066 0.566048 0.294906 0.566048
0 0.485711 0.493815 0.510746 0.493815 0.510746 0.506502 0.485711 0.506502
1 0.554652 0.957069 0.558363 0.957069 0.558363 0.972343 0.554652 0.972343
1 0.857121 0.691198 0.864940 0.691198 0.864940 0.729137 0.857121 0.729137
1 0.889430 0.691022 0.898283 0.691022 0.898283 0.729910 0.889430 0.729910
0 0.767718 0.745086 0.783901 0.745086 0.783901 0.753097 0.767718 0.753097
1 0.746184 0.691681 0.753537 0.691681 0.753537 0.727812 0.746184 0.727812
1 0.769131 0.415651 0.777070 0.415651 0.777070 0.453472 0.769131 0.453472
0 0.101658 0.791125 0.118692 0.791125 0.118692 0.800229 0.101658 0.800229
0 0.027072 0.794721 0.043162 0.794721 0.043162 0.802911 0.027072 0.802911
1 0.845600 0.690925 0.853457 0.690925 0.853457 0.728696 0.845600 0.728696
0 0.949297 0.940640 0.965185 0.940640 0.965185 0.948561 0.949297 0.948561
1 0.825130 0.415649 0.833300 0.415649 0.833300 0.453595 0.825130 0.453595
0 0.948858 0.923388 0.965884 0.923388 0.965884 0.932174 0.948858 0.932174
1 0.762228 0.882584 0.778059 0.882584 0.778059 0.886694 0.762228 0.886694
0 0.511839 0.759051 0.527721 0.759051 0.527721 0.767092 0.511839 0.767092
1 0.834691 0.690970 0.842637 0.690970 0.842637 0.728916 0.834691 0.728916
1 0.767489 0.691137 0.775950 0.691137 0.775950 0.728364 0.767489 0.728364
0 0.733803 0.913770 0.751002 0.913770 0.751002 0.922521 0.733803 0.922521
1 0.722223 0.690662 0.731456 0.690662 0.731456 0.728144 0.722223 0.728144
1 0.562018 0.435223 0.572657 0.435223 0.572657 0.464062 0.562018 0.464062
1 0.746822 0.416738 0.754240 0.416738 0.754240 0.452445 0.746822 0.452445
1 0.518382 0.543194 0.530556 0.543194 0.530556 0.580280 0.518382 0.580280
1 0.823346 0.691275 0.831155 0.691275 0.831155 0.728916 0.823346 0.728916
1 0.778989 0.691007 0.787102 0.691007 0.787102 0.728364 0.778989 0.728364
1 0.874069 0.864524 0.878431 0.864524 0.878431 0.879974 0.874069 0.879974
1 0.801031 0.691329 0.808079 0.691329 0.808079 0.728696 0.801031 0.728696
1 0.497069 0.543016 0.509111 0.543016 0.509111 0.580312 0.497069 0.580312
1 0.453723 0.543198 0.465552 0.543198 0.465552 0.580746 0.453723 0.580746
1 0.805152 0.763409 0.808454 0.763409 0.808454 0.772667 0.805152 0.772667
1 0.863247 0.740445 0.865959 0.740445 0.865959 0.749287 0.863247 0.749287
1 0.344675 0.706249 0.356181 0.706249 0.356181 0.743265 0.344675 0.743265
1 0.756871 0.690804 0.765351 0.690804 0.765351 0.728144 0.756871 0.728144
1 0.452923 0.706320 0.463913 0.706320 0.463913 0.741829 0.452923 0.741829
1 0.119020 0.791356 0.123213 0.791356 0.123213 0.800320 0.119020 0.800320
1 0.931965 0.608920 0.966479 0.608920 0.966479 0.615897 0.931965 0.615897
1 0.879114 0.691036 0.886911 0.691036 0.886911 0.728806 0.879114 0.728806
1 0.410442 0.706784 0.420820 0.706784 0.420820 0.742813 0.410442 0.742813
1 0.965175 0.940376 0.968901 0.940376 0.968901 0.948749 0.965175 0.948749
1 0.836089 0.415783 0.843563 0.415783 0.843563 0.453430 0.836089 0.453430
0 0.344108 0.587206 0.553859 0.587206 0.553859 0.704164 0.344108 0.704164
1 0.734787 0.691299 0.742717 0.691299 0.742717 0.728254 0.734787 0.728254
1 0.511414 0.491844 0.515338 0.491844 0.515338 0.507669 0.511414 0.507669
1 0.931996 0.531188 0.967217 0.531188 0.967217 0.538136 0.931996 0.538136
1 0.724453 0.414626 0.733050 0.414626 0.733050 0.453469 0.724453 0.453469
1 0.410265 0.543822 0.421710 0.543822 0.421710 0.580617 0.410265 0.580617
1 0.655321 0.562857 0.692527 0.562857 0.692527 0.569546 0.655321 0.569546
1 0.907047 0.910810 0.916425 0.910810 0.916425 0.914313 0.907047 0.914313
1 0.682930 0.895470 0.696828 0.895470 0.696828 0.898691 0.682930 0.898691
1 0.496335 0.706617 0.507269 0.706617 0.507269 0.743152 0.496335 0.743152
1 0.043427 0.794380 0.046844 0.794380 0.046844 0.803247 0.043427 0.803247
1 0.928285 0.954162 0.936558 0.954162 0.936558 0.957421 0.928285 0.957421
1 0.505625 0.971271 0.521540 0.971271 0.521540 0.975579 0.505625 0.975579
1 0.883915 0.740315 0.887303 0.740315 0.887303 0.749280 0.883915 0.749280
1 0.784695 0.763461 0.787503 0.763461 0.787503 0.772967 0.784695 0.772967
1 0.931986 0.597827 0.967240 0.597827 0.967240 0.604988 0.931986 0.604988
1 0.867949 0.690743 0.875980 0.690743 0.875980 0.728696 0.867949 0.728696
1 0.790067 0.690925 0.798142 0.690925 0.798142 0.728696 0.790067 0.728696
1 0.394871 0.778289 0.399337 0.778289 0.399337 0.792611 0.394871 0.792611
1 0.366431 0.706137 0.378179 0.706137 0.378179 0.742511 0.366431 0.742511
1 0.802402 0.417113 0.810231 0.417113 0.810231 0.453513 0.802402 0.453513
1 0.733769 0.947680 0.737310 0.947680 0.737310 0.956550 0.733769 0.956550
0 0.738142 0.931178 0.753575 0.931178 0.753575 0.939200 0.738142 0.939200
1 0.780347 0.415747 0.787654 0.415747 0.787654 0.453513 0.780347 0.453513
1 0.735789 0.415290 0.743386 0.415290 0.743386 0.452075 0.735789 0.452075
1 0.813446 0.417126 0.821478 0.417126 0.821478 0.453759 0.813446 0.453759
1 0.431373 0.707049 0.442819 0.707049 0.442819 0.743416 0.431373 0.743416
1 0.480266 0.778932 0.483855 0.778932 0.483855 0.793561 0.480266 0.793561
1 0.584034 0.957282 0.589340 0.957282 0.589340 0.972709 0.584034 0.972709
1 0.957481 0.894652 0.960668 0.894652 0.960668 0.909644 0.957481 0.909644
1 0.527826 0.758944 0.530991 0.758944 0.530991 0.767325 0.527826 0.767325
1 0.518035 0.706421 0.529608 0.706421 0.529608 0.743173 0.518035 0.743173
1 0.132455 0.791768 0.135079 0.791768 0.135079 0.800080 0.132455 0.800080
1 0.791677 0.415829 0.798920 0.415829 0.798920 0.453550 0.791677 0.453550
1 0.388591 0.706350 0.398822 0.706350 0.398822 0.743265 0.388591 0.743265
1 0.932300 0.542070 0.967049 0.542070 0.967049 0.549127 0.932300 0.549127
1 0.023283 0.794113 0.026699 0.794113 0.026699 0.802980 0.023283 0.802980
1 0.023283 0.794113 0.026699 0.794113 0.026699 0.802980 0.023283 0.802980
1 0.098702 0.791501 0.101467 0.791501 0.101467 0.799653 0.098702 0.799653
1 0.153162 0.791901 0.156231 0.791901 0.156231 0.800440 0.153162 0.800440
1 0.290353 0.551538 0.294678 0.551538 0.294678 0.567078 0.290353 0.567078
1 0.320293 0.551728 0.323857 0.551728 0.323857 0.567363 0.320293 0.567363
1 0.539582 0.706399 0.551041 0.706399 0.551041 0.744125 0.539582 0.744125
1 0.474487 0.706976 0.485761 0.706976 0.485761 0.742941 0.474487 0.742941
1 0.539655 0.543194 0.551829 0.543194 0.551829 0.580280 0.539655 0.580280
1 0.431871 0.542619 0.443700 0.542619 0.443700 0.580167 0.431871 0.580167
1 0.388413 0.542375 0.401008 0.542375 0.401008 0.580312 0.388413 0.580312
1 0.366566 0.543554 0.379590 0.543554 0.379590 0.580167 0.366566 0.580167
1 0.344714 0.541383 0.357738 0.541383 0.357738 0.580022 0.344714 0.580022
1 0.480674 0.492024 0.485202 0.492024 0.485202 0.508054 0.480674 0.508054
1 0.364475 0.777881 0.368288 0.777881 0.368288 0.792611 0.364475 0.792611
1 0.449684 0.778777 0.453272 0.778777 0.453272 0.793405 0.449684 0.793405
1 0.508472 0.758944 0.511637 0.758944 0.511637 0.767325 0.508472 0.767325
1 0.596140 0.601252 0.610365 0.601252 0.610365 0.604364 0.596140 0.604364
1 0.596085 0.631201 0.611476 0.631201 0.611476 0.634590 0.596085 0.634590
1 0.475032 0.969906 0.477792 0.969906 0.477792 0.978530 0.475032 0.978530
1 0.495380 0.970417 0.498631 0.970417 0.498631 0.979468 0.495380 0.979468
1 0.594653 0.957488 0.598068 0.957488 0.598068 0.972775 0.594653 0.972775
1 0.626210 0.957507 0.629544 0.957507 0.629544 0.973526 0.626210 0.973526
1 0.704406 0.948343 0.707874 0.948343 0.707874 0.957299 0.704406 0.957299
1 0.725259 0.947818 0.728678 0.947818 0.728678 0.957090 0.725259 0.957090
1 0.753803 0.947911 0.757146 0.947911 0.757146 0.956507 0.753803 0.956507
1 0.753716 0.930328 0.757450 0.930328 0.757450 0.939923 0.753716 0.939923
1 0.734093 0.930371 0.737913 0.930371 0.737913 0.939098 0.734093 0.939098
1 0.730262 0.913667 0.733394 0.913667 0.733394 0.922206 0.730262 0.922206
1 0.751400 0.913909 0.754756 0.913909 0.754756 0.922797 0.751400 0.922797
1 0.774210 0.855465 0.778451 0.855465 0.778451 0.872259 0.774210 0.872259
1 0.744524 0.856059 0.748341 0.856059 0.748341 0.871495 0.744524 0.871495
1 0.682353 0.865049 0.698044 0.865049 0.698044 0.869036 0.682353 0.869036
1 0.703727 0.904390 0.720182 0.904390 0.720182 0.908037 0.703727 0.908037
1 0.704151 0.936041 0.718909 0.936041 0.718909 0.939603 0.704151 0.939603
1 0.766526 0.922259 0.776236 0.922259 0.776236 0.925708 0.766526 0.925708
1 0.766462 0.942827 0.776172 0.942827 0.776172 0.946277 0.766462 0.946277
1 0.762621 0.912714 0.778451 0.912714 0.778451 0.916823 0.762621 0.916823
1 0.809076 0.932728 0.812277 0.932728 0.812277 0.941190 0.809076 0.941190
1 0.828539 0.932804 0.832427 0.932804 0.832427 0.942257 0.828539 0.942257
1 0.876529 0.924536 0.893283 0.924536 0.893283 0.928403 0.876529 0.928403
1 0.876851 0.893686 0.892639 0.893686 0.892639 0.896425 0.876851 0.896425
1 0.907702 0.890786 0.916320 0.890786 0.916320 0.893766 0.907702 0.893766
1 0.917287 0.918334 0.921556 0.918334 0.921556 0.926872 0.917287 0.926872
1 0.936941 0.918334 0.940485 0.918334 0.940485 0.927194 0.936941 0.927194
1 0.928161 0.935249 0.936297 0.935249 0.936297 0.938310 0.928161 0.938310
0 0.921637 0.918334 0.936619 0.918334 0.936619 0.927194 0.921637 0.927194
1 0.926228 0.894652 0.929415 0.894652 0.929415 0.909644 0.926228 0.909644
1 0.945801 0.923570 0.948621 0.923570 0.948621 0.932108 0.945801 0.932108
1 0.946124 0.940888 0.949023 0.940888 0.949023 0.948621 0.946124 0.948621
1 0.966100 0.923489 0.968919 0.923489 0.968919 0.932027 0.966100 0.932027
1 0.903852 0.865220 0.908786 0.865220 0.908786 0.881282 0.903852 0.881282
1 0.763906 0.745196 0.767470 0.745196 0.767470 0.752844 0.763906 0.752844
1 0.784175 0.744602 0.787368 0.744602 0.787368 0.754032 0.784175 0.754032
1 0.829985 0.740742 0.833103 0.740742 0.833103 0.748909 0.829985 0.748909
1 0.850551 0.740593 0.853669 0.740593 0.853669 0.749206 0.850551 0.749206
1 0.931996 0.508712 0.967217 0.508712 0.967217 0.515660 0.931996 0.515660
1 0.932300 0.520222 0.968464 0.520222 0.968464 0.527237 0.932300 0.527237
1 0.931996 0.486739 0.968213 0.486739 0.968213 0.493712 0.931996 0.493712
1 0.932300 0.498248 0.968464 0.498248 0.968464 0.505264 0.932300 0.505264
1 0.931744 0.575260 0.966966 0.575260 0.966966 0.582208 0.931744 0.582208
1 0.931744 0.553287 0.967961 0.553287 0.967961 0.560260 0.931744 0.560260
1 0.932049 0.564796 0.968213 0.564796 0.968213 0.571812 0.932049 0.571812
1 0.932049 0.586770 0.968213 0.586770 0.968213 0.593785 0.932049 0.593785
1 0.655123 0.606553 0.692477 0.606553 0.692477 0.614126 0.655123 0.614126
1 0.655823 0.595565 0.692854 0.595565 0.692854 0.602826 0.655823 0.602826
1 0.654983 0.584018 0.692728 0.584018 0.692728 0.592153 0.654983 0.592153
1 0.656135 0.573879 0.692728 0.573879 0.692728 0.581354 0.656135 0.581354
1 0.656009 0.551403 0.692226 0.551403 0.692226 0.558377 0.656009 0.558377
1 0.655893 0.540347 0.692434 0.540347 0.692434 0.547244 0.655893 0.547244
1 0.655193 0.529289 0.691482 0.529289 0.691482 0.536252 0.655193 0.536252
1 0.655445 0.518338 0.693195 0.518338 0.693195 0.525650 0.655445 0.525650
1 0.656260 0.506829 0.691482 0.506829 0.691482 0.513776 0.656260 0.513776
1 0.655403 0.495136 0.692728 0.495136 0.692728 0.503380 0.655403 0.503380
1 0.655473 0.484988 0.692477 0.484988 0.692477 0.491828 0.655473 0.491828
1 0.654827 0.651120 0.692181 0.651120 0.692181 0.658693 0.654827 0.658693
1 0.655527 0.640132 0.692558 0.640132 0.692558 0.647392 0.655527 0.647392
1 0.654687 0.628585 0.692432 0.628585 0.692432 0.636720 0.654687 0.636720
1 0.655021 0.617857 0.692432 0.617857 0.692432 0.625921 0.655021 0.625921
1 0.931937 0.631146 0.968100 0.631146 0.968100 0.638162 0.931937 0.638162
1 0.931852 0.653297 0.966367 0.653297 0.966367 0.660273 0.931852 0.660273
1 0.931874 0.642203 0.967128 0.642203 0.967128 0.649364 0.931874 0.649364
1 0.931632 0.619637 0.966854 0.619637 0.966854 0.626584 0.931632 0.626584
1 0.869342 0.417061 0.877552 0.417061 0.877552 0.453595 0.869342 0.453595
1 0.857697 0.417126 0.865729 0.417126 0.865729 0.453759 0.857697 0.453759
1 0.846847 0.415501 0.854482 0.415501 0.854482 0.453513 0.846847 0.453513
1 0.891508 0.416814 0.899718 0.416814 0.899718 0.453348 0.891508 0.453348
1 0.880589 0.415993 0.887896 0.415993 0.887896 0.453513 0.880589 0.453513
1 0.649989 0.673327 0.708171 0.673327 0.708171 0.731875 0.649989 0.731875
1 0.651079 0.410396 0.709261 0.410396 0.709261 0.468944 0.651079 0.468944
1 0.914674 0.412198 0.972856 0.412198 0.972856 0.470746 0.914674 0.470746
1 0.913783 0.675548 0.971966 0.675548 0.971966 0.734096 0.913783 0.734096
1 0.631207 0.991472 0.634369 0.991472 0.634369 0.999744 0.631207 0.999744
1 0.611188 0.991349 0.613823 0.991349 0.613823 0.999744 0.611188 0.999744
0 0.614253 0.991164 0.630560 0.991164 0.630560 0.999744 0.614253 0.999744
0 0.566402 0.991410 0.583171 0.991410 0.583171 0.999580 0.566402 0.999580
1 0.583601 0.991410 0.586500 0.991410 0.586500 0.999744 0.583601 0.999744
1 0.563392 0.991287 0.565910 0.991287 0.565910 0.999273 0.563392 0.999273
1 0.181965 0.462832 0.239822 0.462832 0.239822 0.521405 0.181965 0.521405
1 0.180353 0.727577 0.238210 0.727577 0.238210 0.785076 0.180353 0.785076
1 0.001276 0.743187 0.008368 0.743187 0.008368 0.779623 0.001276 0.779623
1 0.012219 0.743371 0.019555 0.743371 0.019555 0.779256 0.012219 0.779256
1 0.023468 0.743187 0.030681 0.743187 0.030681 0.779011 0.023468 0.779011
1 0.034594 0.743432 0.041685 0.743432 0.041685 0.779867 0.034594 0.779867
1 0.045781 0.743371 0.052873 0.743371 0.052873 0.779806 0.045781 0.779806
1 0.056480 0.743432 0.063571 0.743432 0.063571 0.779867 0.056480 0.779867
1 0.067667 0.743371 0.074758 0.743371 0.074758 0.779806 0.067667 0.779806
1 0.090103 0.743371 0.097194 0.743371 0.097194 0.779806 0.090103 0.779806
1 0.100801 0.743432 0.107893 0.743432 0.107893 0.779867 0.100801 0.779867
1 0.111988 0.743371 0.119080 0.743371 0.119080 0.779806 0.111988 0.779806
1 0.078915 0.743432 0.086007 0.743432 0.086007 0.779867 0.078915 0.779867
1 0.134547 0.743860 0.141638 0.743860 0.141638 0.780295 0.134547 0.780295
1 0.145245 0.743921 0.152336 0.743921 0.152336 0.780356 0.145245 0.780356
1 0.156432 0.743860 0.163524 0.743860 0.163524 0.780295 0.156432 0.780295
1 0.123359 0.743921 0.130451 0.743921 0.130451 0.780356 0.123359 0.780356
1 0.003106 0.466485 0.009888 0.466485 0.009888 0.503830 0.003106 0.503830
1 0.014277 0.466406 0.021060 0.466406 0.021060 0.503750 0.014277 0.503750
1 0.025608 0.466884 0.032391 0.466884 0.032391 0.504229 0.025608 0.504229
1 0.036221 0.466805 0.043004 0.466805 0.043004 0.504149 0.036221 0.504149
1 0.080429 0.467283 0.087211 0.467283 0.087211 0.504628 0.080429 0.504628
1 0.047313 0.466964 0.054096 0.466964 0.054096 0.504309 0.047313 0.504309
1 0.058644 0.468081 0.065267 0.468081 0.065267 0.504229 0.058644 0.504229
1 0.069816 0.467363 0.076598 0.467363 0.076598 0.504708 0.069816 0.504708
1 0.092079 0.468400 0.098702 0.468400 0.098702 0.504548 0.092079 0.504548
1 0.103011 0.467283 0.109794 0.467283 0.109794 0.504628 0.103011 0.504628
1 0.114263 0.468799 0.120886 0.468799 0.120886 0.504947 0.114263 0.504947
1 0.125115 0.467443 0.131898 0.467443 0.131898 0.504788 0.125115 0.504788
1 0.136366 0.467603 0.143149 0.467603 0.143149 0.504947 0.136366 0.504947
1 0.147378 0.467523 0.154161 0.467523 0.154161 0.504868 0.147378 0.504868
1 0.158231 0.467842 0.165013 0.467842 0.165013 0.505187 0.158231 0.505187
1 0.197730 0.537664 0.234756 0.537664 0.234756 0.544926 0.197730 0.544926
1 0.197810 0.548516 0.234835 0.548516 0.234835 0.555778 0.197810 0.555778
1 0.197650 0.559848 0.233239 0.559848 0.233239 0.567109 0.197650 0.567109
1 0.197730 0.570700 0.233638 0.570700 0.233638 0.578520 0.197730 0.578520
1 0.197411 0.581712 0.233319 0.581712 0.233319 0.589532 0.197411 0.589532
1 0.197570 0.593362 0.234596 0.593362 0.234596 0.600624 0.197570 0.600624
1 0.197650 0.604215 0.234676 0.604215 0.234676 0.611476 0.197650 0.611476
1 0.197251 0.614828 0.233160 0.614828 0.233160 0.622648 0.197251 0.622648
1 0.197411 0.626159 0.234277 0.626159 0.234277 0.634218 0.197411 0.634218
1 0.197650 0.637091 0.234516 0.637091 0.234516 0.645150 0.197650 0.645150
1 0.197491 0.648183 0.233399 0.648183 0.233399 0.656003 0.197491 0.656003
1 0.197171 0.659434 0.233080 0.659434 0.233080 0.667254 0.197171 0.667254
1 0.197251 0.670765 0.233160 0.670765 0.233160 0.678585 0.197251 0.678585
1 0.196932 0.682016 0.232841 0.682016 0.232841 0.689836 0.196932 0.689836
1 0.196932 0.704040 0.232841 0.704040 0.232841 0.711860 0.196932 0.711860
1 0.197092 0.692470 0.233958 0.692470 0.233958 0.700529 0.197092 0.700529
