0 0.223300 0.552615 0.275491 0.552615 0.275491 0.580164 0.223300 0.580164
0 0.119184 0.602056 0.170946 0.602056 0.170946 0.628484 0.119184 0.628484
0 0.332922 0.566657 0.689782 0.566657 0.689782 0.927301 0.332922 0.927301
0 0.891028 0.396216 0.937378 0.396216 0.937378 0.442363 0.891028 0.442363
0 0.006954 0.249411 0.020511 0.249411 0.020511 0.275349 0.006954 0.275349
0 0.765137 0.184774 0.786646 0.184774 0.786646 0.216692 0.765137 0.216692
0 0.006225 0.208621 0.021208 0.208621 0.021208 0.234751 0.006225 0.234751
0 0.732956 0.184427 0.753811 0.184427 0.753811 0.216285 0.732956 0.216285
0 0.096433 0.185229 0.108795 0.185229 0.108795 0.209937 0.096433 0.209937
0 0.726176 0.243720 0.776877 0.243720 0.776877 0.326110 0.726176 0.326110
0 0.716445 0.776127 0.767418 0.776127 0.767418 0.858350 0.716445 0.858350
0 0.102954 0.070424 0.116558 0.070424 0.116558 0.096281 0.102954 0.096281
0 0.019971 0.375483 0.033147 0.375483 0.033147 0.401580 0.019971 0.401580
0 0.052971 0.012675 0.080485 0.012675 0.080485 0.027311 0.052971 0.027311
0 0.041470 0.375242 0.056051 0.375242 0.056051 0.401393 0.041470 0.401393
0 0.058090 0.329848 0.071018 0.329848 0.071018 0.355524 0.058090 0.355524
0 0.093564 0.229012 0.108049 0.229012 0.108049 0.254350 0.093564 0.254350
0 0.250442 0.763343 0.262267 0.763343 0.262267 0.788494 0.250442 0.788494
0 0.735612 0.059938 0.743962 0.059938 0.743962 0.075996 0.735612 0.075996
0 0.499924 0.949914 0.525124 0.949914 0.525124 0.962920 0.499924 0.962920
0 0.041388 0.506537 0.068656 0.506537 0.068656 0.520796 0.041388 0.520796
0 0.941571 0.515608 0.950693 0.515608 0.950693 0.533438 0.941571 0.533438
0 0.716825 0.689954 0.741734 0.689954 0.741734 0.702739 0.716825 0.702739
0 0.046675 0.292795 0.074127 0.292795 0.074127 0.306786 0.046675 0.306786
0 0.160526 0.699332 0.175418 0.699332 0.175418 0.725484 0.160526 0.725484
0 0.915587 0.559026 0.950181 0.559026 0.950181 0.576783 0.915587 0.576783
0 0.296783 0.558446 0.311186 0.558446 0.311186 0.584263 0.296783 0.584263
0 0.276229 0.922454 0.302279 0.922454 0.302279 0.935819 0.276229 0.935819
0 0.006706 0.293175 0.032886 0.293175 0.032886 0.306541 0.006706 0.306541
0 0.135101 0.570036 0.162817 0.570036 0.162817 0.584079 0.135101 0.584079
0 0.114509 0.506393 0.123402 0.506393 0.123402 0.523562 0.114509 0.523562
0 0.272895 0.808990 0.298389 0.808990 0.298389 0.823597 0.272895 0.823597
0 0.116645 0.160942 0.142363 0.160942 0.142363 0.173644 0.116645 0.173644
0 0.061957 0.084761 0.088066 0.084761 0.088066 0.098126 0.061957 0.098126
0 0.862666 0.559747 0.898294 0.559747 0.898294 0.578327 0.862666 0.578327
0 0.123035 0.187750 0.148906 0.187750 0.148906 0.201208 0.123035 0.201208
0 0.333604 0.444035 0.341684 0.444035 0.341684 0.459677 0.333604 0.459677
0 0.122798 0.213308 0.148795 0.213308 0.148795 0.226872 0.122798 0.226872
0 0.700827 0.352297 0.708920 0.352297 0.708920 0.368233 0.700827 0.368233
0 0.137779 0.680031 0.150779 0.680031 0.150779 0.705785 0.137779 0.705785
0 0.736719 0.088272 0.745564 0.088272 0.745564 0.105547 0.736719 0.105547
0 0.719894 0.110952 0.728946 0.110952 0.728946 0.127678 0.719894 0.127678
0 0.275660 0.898876 0.302083 0.898876 0.302083 0.913368 0.275660 0.913368
0 0.388119 0.477809 0.403992 0.477809 0.403992 0.486301 0.388119 0.486301
0 0.119470 0.241134 0.145203 0.241134 0.145203 0.254198 0.119470 0.254198
0 0.711698 0.726017 0.719883 0.726017 0.719883 0.741808 0.711698 0.741808
0 0.703455 0.111743 0.711345 0.111743 0.711345 0.127266 0.703455 0.127266
0 0.942124 0.475985 0.950104 0.475985 0.950104 0.491620 0.942124 0.491620
0 0.729116 0.726008 0.736825 0.726008 0.736825 0.741786 0.729116 0.741786
0 0.777914 0.825462 0.785734 0.825462 0.785734 0.841010 0.777914 0.841010
1 0.886501 0.578024 0.896474 0.578024 0.896474 0.592251 0.886501 0.592251
0 0.703138 0.017179 0.712142 0.017179 0.712142 0.033855 0.703138 0.033855
0 0.917799 0.515888 0.926839 0.515888 0.926839 0.533182 0.917799 0.533182
0 0.193712 0.427621 0.209391 0.427621 0.209391 0.435492 0.193712 0.435492
0 0.106333 0.138213 0.132246 0.138213 0.132246 0.151203 0.106333 0.151203
0 0.863442 0.821753 0.871806 0.821753 0.871806 0.837827 0.863442 0.837827
0 0.731542 0.664763 0.748430 0.664763 0.748430 0.674257 0.731542 0.674257
0 0.193875 0.253535 0.201728 0.253535 0.201728 0.269259 0.193875 0.269259
0 0.231493 0.427779 0.246985 0.427779 0.246985 0.435801 0.231493 0.435801
0 0.790867 0.296215 0.798826 0.296215 0.798826 0.312027 0.790867 0.312027
0 0.186763 0.139321 0.202784 0.139321 0.202784 0.147434 0.186763 0.147434
0 0.777983 0.794821 0.785617 0.794821 0.785617 0.810311 0.777983 0.810311
1 0.171453 0.601205 0.182467 0.601205 0.182467 0.630123 0.171453 0.630123
0 0.704224 0.061416 0.712179 0.061416 0.712179 0.077476 0.704224 0.077476
1 0.894589 0.443996 0.902328 0.443996 0.902328 0.468835 0.894589 0.468835
1 0.275807 0.552368 0.287884 0.552368 0.287884 0.581644 0.275807 0.581644
1 0.917267 0.444072 0.924440 0.444072 0.924440 0.468720 0.917267 0.468720
0 0.896530 0.480662 0.913682 0.480662 0.913682 0.489560 0.896530 0.489560
0 0.145124 0.287741 0.160795 0.287741 0.160795 0.295615 0.145124 0.295615
1 0.107715 0.600951 0.118918 0.600951 0.118918 0.629770 0.107715 0.629770
1 0.917380 0.546057 0.927428 0.546057 0.927428 0.558664 0.917380 0.558664
0 0.764528 0.725725 0.773145 0.725725 0.773145 0.742645 0.764528 0.742645
0 0.252208 0.631582 0.267794 0.631582 0.267794 0.639498 0.252208 0.639498
0 0.212199 0.648583 0.238663 0.648583 0.238663 0.662964 0.212199 0.662964
0 0.512214 0.444711 0.520089 0.444711 0.520089 0.460535 0.512214 0.460535
1 0.928774 0.369455 0.936065 0.369455 0.936065 0.395485 0.928774 0.395485
0 0.392547 0.444231 0.400182 0.444231 0.400182 0.459605 0.392547 0.459605
1 0.917556 0.369397 0.924924 0.369397 0.924924 0.395386 0.917556 0.395386
1 0.895013 0.367527 0.902528 0.367527 0.902528 0.395102 0.895013 0.395102
0 0.569092 0.444822 0.576691 0.444822 0.576691 0.460714 0.569092 0.460714
0 0.145583 0.138714 0.162302 0.138714 0.162302 0.147628 0.145583 0.147628
0 0.791476 0.245130 0.799318 0.245130 0.799318 0.261041 0.791476 0.261041
0 0.186037 0.287464 0.201876 0.287464 0.201876 0.295720 0.186037 0.295720
1 0.906139 0.444097 0.913364 0.444097 0.913364 0.468662 0.906139 0.468662
0 0.596866 0.482802 0.605924 0.482802 0.605924 0.499912 0.596866 0.499912
0 0.186982 0.122227 0.202893 0.122227 0.202893 0.130434 0.186982 0.130434
0 0.292579 0.706756 0.308623 0.706756 0.308623 0.714517 0.292579 0.714517
1 0.731642 0.216816 0.755667 0.216816 0.755667 0.226196 0.731642 0.226196
1 0.731374 0.174939 0.755393 0.174939 0.755393 0.183927 0.731374 0.183927
1 0.927448 0.577165 0.938294 0.577165 0.938294 0.592710 0.927448 0.592710
0 0.901248 0.601428 0.918074 0.601428 0.918074 0.610824 0.901248 0.610824
1 0.875941 0.545730 0.885476 0.545730 0.885476 0.559845 0.875941 0.559845
0 0.697672 0.256077 0.715053 0.256077 0.715053 0.265251 0.697672 0.265251
0 0.419480 0.444478 0.427492 0.444478 0.427492 0.460191 0.419480 0.460191
0 0.144271 0.383073 0.160562 0.383073 0.160562 0.390995 0.144271 0.390995
0 0.185779 0.311453 0.201413 0.311453 0.201413 0.319650 0.185779 0.319650
0 0.186197 0.103028 0.203863 0.103028 0.203863 0.112288 0.186197 0.112288
0 0.774760 0.157402 0.791380 0.157402 0.791380 0.166190 0.774760 0.166190
0 0.351511 0.443994 0.359592 0.443994 0.359592 0.459719 0.351511 0.459719
0 0.144603 0.335682 0.160496 0.335682 0.160496 0.343670 0.144603 0.343670
1 0.212178 0.551975 0.222843 0.551975 0.222843 0.581603 0.212178 0.581603
0 0.185430 0.402185 0.201027 0.402185 0.201027 0.410249 0.185430 0.410249
0 0.746169 0.725618 0.754635 0.725618 0.754635 0.742421 0.746169 0.742421
0 0.186970 0.084690 0.202895 0.084690 0.202895 0.092840 0.186970 0.092840
0 0.262057 0.441957 0.277671 0.441957 0.277671 0.449758 0.262057 0.449758
0 0.185691 0.335565 0.201535 0.335565 0.201535 0.343812 0.185691 0.343812
1 0.864158 0.578445 0.874495 0.578445 0.874495 0.592258 0.864158 0.592258
1 0.906295 0.368954 0.913686 0.368954 0.913686 0.395186 0.906295 0.395186
0 0.144633 0.359356 0.160618 0.359356 0.160618 0.367293 0.144633 0.367293
0 0.141056 0.019457 0.157054 0.019457 0.157054 0.027422 0.141056 0.027422
1 0.763658 0.174606 0.788563 0.174606 0.788563 0.184115 0.763658 0.184115
0 0.302746 0.441895 0.318560 0.441895 0.318560 0.450048 0.302746 0.450048
0 0.103506 0.578682 0.119915 0.578682 0.119915 0.587456 0.103506 0.587456
0 0.185647 0.383019 0.201396 0.383019 0.201396 0.391313 0.185647 0.391313
0 0.126319 0.073311 0.135561 0.073311 0.135561 0.090699 0.126319 0.090699
0 0.480127 0.484824 0.495965 0.484824 0.495965 0.492626 0.480127 0.492626
0 0.454295 0.468481 0.470968 0.468481 0.470968 0.477142 0.454295 0.477142
1 0.928202 0.444127 0.935383 0.444127 0.935383 0.469340 0.928202 0.469340
0 0.072867 0.475255 0.090382 0.475255 0.090382 0.484152 0.072867 0.484152
0 0.252301 0.655289 0.267901 0.655289 0.267901 0.663523 0.252301 0.663523
0 0.292984 0.679614 0.308844 0.679614 0.308844 0.688264 0.292984 0.688264
0 0.187348 0.156716 0.203293 0.156716 0.203293 0.164871 0.187348 0.164871
0 0.187714 0.068189 0.203160 0.068189 0.203160 0.075923 0.187714 0.075923
0 0.591406 0.445385 0.607090 0.445385 0.607090 0.453596 0.591406 0.453596
0 0.528199 0.444380 0.536174 0.444380 0.536174 0.460345 0.528199 0.460345
0 0.185696 0.359385 0.201441 0.359385 0.201441 0.367447 0.185696 0.367447
1 0.719775 0.858350 0.760758 0.858350 0.760758 0.870902 0.719775 0.870902
0 0.078291 0.179506 0.086924 0.179506 0.086924 0.195918 0.078291 0.195918
1 0.763444 0.217115 0.787550 0.217115 0.787550 0.226183 0.763444 0.226183
0 0.102841 0.034378 0.119814 0.034378 0.119814 0.043045 0.102841 0.043045
0 0.145864 0.070472 0.162537 0.070472 0.162537 0.079339 0.145864 0.079339
0 0.145817 0.089634 0.162649 0.089634 0.162649 0.098119 0.145817 0.098119
0 0.145011 0.311575 0.160814 0.311575 0.160814 0.319557 0.145011 0.319557
1 0.733041 0.325846 0.774776 0.325846 0.774776 0.340172 0.733041 0.340172
1 0.005380 0.244525 0.021476 0.244525 0.021476 0.249008 0.005380 0.249008
1 0.720011 0.764050 0.761270 0.764050 0.761270 0.775871 0.720011 0.775871
0 0.724283 0.157113 0.741158 0.157113 0.741158 0.165819 0.724283 0.165819
1 0.741863 0.688479 0.747392 0.688479 0.747392 0.704206 0.741863 0.704206
1 0.004889 0.234976 0.021673 0.234976 0.021673 0.239490 0.004889 0.239490
1 0.101130 0.065814 0.117878 0.065814 0.117878 0.070134 0.101130 0.070134
1 0.790822 0.292362 0.799292 0.292362 0.799292 0.296147 0.790822 0.296147
1 0.092468 0.254724 0.108808 0.254724 0.108808 0.259398 0.092468 0.259398
1 0.296017 0.553769 0.311633 0.553769 0.311633 0.558186 0.296017 0.558186
1 0.094393 0.210029 0.110437 0.210029 0.110437 0.214640 0.094393 0.214640
0 0.181922 0.043930 0.197334 0.043930 0.197334 0.051885 0.181922 0.051885
1 0.136131 0.675972 0.152318 0.675972 0.152318 0.679723 0.136131 0.679723
1 0.238418 0.648342 0.243508 0.648342 0.243508 0.663834 0.238418 0.663834
1 0.040864 0.371126 0.055971 0.371126 0.055971 0.375075 0.040864 0.375075
1 0.248470 0.788851 0.263963 0.788851 0.263963 0.793114 0.248470 0.793114
0 0.639794 0.538989 0.657024 0.538989 0.657024 0.548025 0.639794 0.548025
1 0.056064 0.355909 0.071944 0.355909 0.071944 0.360016 0.056064 0.360016
1 0.018471 0.371217 0.033953 0.371217 0.033953 0.375230 0.018471 0.375230
1 0.159783 0.695104 0.176030 0.695104 0.176030 0.699061 0.159783 0.699061
1 0.005006 0.203447 0.022195 0.203447 0.022195 0.208333 0.005006 0.208333
1 0.700318 0.368138 0.709196 0.368138 0.709196 0.370909 0.700318 0.370909
1 0.094752 0.180451 0.110587 0.180451 0.110587 0.185182 0.094752 0.185182
1 0.004718 0.275417 0.021591 0.275417 0.021591 0.279826 0.004718 0.279826
1 0.193466 0.249001 0.201844 0.249001 0.201844 0.253566 0.193466 0.253566
1 0.148878 0.212348 0.153608 0.212348 0.153608 0.227135 0.148878 0.227135
1 0.248689 0.758482 0.264445 0.758482 0.264445 0.762853 0.248689 0.762853
1 0.145371 0.239515 0.149709 0.239515 0.149709 0.255289 0.145371 0.255289
1 0.040670 0.401547 0.056914 0.401547 0.056914 0.405912 0.040670 0.405912
1 0.419458 0.440664 0.427887 0.440664 0.427887 0.444439 0.419458 0.444439
0 0.667297 0.398349 0.683479 0.398349 0.683479 0.406540 0.667297 0.406540
0 0.293010 0.655323 0.308558 0.655323 0.308558 0.663394 0.293010 0.663394
1 0.711413 0.721541 0.720437 0.721541 0.720437 0.725975 0.711413 0.725975
1 0.159522 0.725765 0.175613 0.725765 0.175613 0.730007 0.159522 0.730007
1 0.763355 0.217293 0.787569 0.217293 0.787569 0.226194 0.763355 0.226194
1 0.736824 0.106018 0.746309 0.106018 0.746309 0.109907 0.736824 0.109907
1 0.049101 0.011867 0.052534 0.011867 0.052534 0.028240 0.049101 0.028240
1 0.081054 0.012131 0.083958 0.012131 0.083958 0.028768 0.081054 0.028768
1 0.099898 0.035664 0.102656 0.035664 0.102656 0.041378 0.099898 0.041378
1 0.120389 0.035467 0.123148 0.035467 0.123148 0.043151 0.120389 0.043151
1 0.137729 0.020492 0.140881 0.020492 0.140881 0.027191 0.137729 0.027191
1 0.157191 0.020032 0.159928 0.020032 0.159928 0.027585 0.157191 0.027585
1 0.178756 0.020798 0.181821 0.020798 0.181821 0.027914 0.178756 0.027914
1 0.197803 0.020251 0.200539 0.020251 0.200539 0.028132 0.197803 0.028132
0 0.182259 0.020798 0.197365 0.020798 0.197365 0.027804 0.182259 0.027804
1 0.178756 0.044552 0.181930 0.044552 0.181930 0.051230 0.178756 0.051230
1 0.197474 0.044662 0.200868 0.044662 0.200868 0.051886 0.197474 0.051886
1 0.183901 0.068415 0.187732 0.068415 0.187732 0.075312 0.183901 0.075312
1 0.203386 0.068415 0.206888 0.068415 0.206888 0.076078 0.203386 0.076078
1 0.162856 0.070643 0.165889 0.070643 0.165889 0.079473 0.162856 0.079473
1 0.143106 0.071249 0.145600 0.071249 0.145600 0.078529 0.143106 0.078529
1 0.143106 0.090595 0.145734 0.090595 0.145734 0.097471 0.143106 0.097471
1 0.162856 0.090191 0.165957 0.090191 0.165957 0.097606 0.162856 0.097606
1 0.126321 0.070171 0.135017 0.070171 0.135017 0.073137 0.126321 0.073137
1 0.126523 0.090865 0.135152 0.090865 0.135152 0.093224 0.126523 0.093224
1 0.100302 0.096595 0.118839 0.096595 0.118839 0.101111 0.100302 0.101111
1 0.057870 0.082695 0.061507 0.082695 0.061507 0.100087 0.057870 0.100087
1 0.088070 0.082220 0.092023 0.082220 0.092023 0.100562 0.088070 0.100562
1 0.183504 0.084016 0.186578 0.084016 0.186578 0.092316 0.183504 0.092316
1 0.203074 0.084631 0.206865 0.084631 0.206865 0.092930 0.203074 0.092930
1 0.183094 0.103689 0.185861 0.103689 0.185861 0.111988 0.183094 0.111988
1 0.204098 0.103381 0.206660 0.103381 0.206660 0.111783 0.204098 0.111783
1 0.183607 0.122541 0.186783 0.122541 0.186783 0.130225 0.183607 0.130225
1 0.203074 0.122746 0.206967 0.122746 0.206967 0.130430 0.203074 0.130430
1 0.183197 0.139447 0.186680 0.139447 0.186680 0.146926 0.183197 0.146926
1 0.202971 0.139242 0.206557 0.139242 0.206557 0.147029 0.202971 0.147029
1 0.183709 0.157275 0.187295 0.157275 0.187295 0.164242 0.183709 0.164242
1 0.203381 0.156762 0.206660 0.156762 0.206660 0.164959 0.203381 0.164959
1 0.101434 0.137295 0.105943 0.137295 0.105943 0.152152 0.101434 0.152152
1 0.132582 0.137295 0.136885 0.137295 0.136885 0.151947 0.132582 0.151947
1 0.112193 0.159426 0.116291 0.159426 0.116291 0.174693 0.112193 0.174693
1 0.142623 0.159631 0.145902 0.159631 0.145902 0.174590 0.142623 0.174590
1 0.149385 0.186680 0.153381 0.186680 0.153381 0.203381 0.149385 0.203381
1 0.118648 0.186885 0.122746 0.186885 0.122746 0.203689 0.118648 0.203689
1 0.077561 0.175205 0.086680 0.175205 0.086680 0.179201 0.077561 0.179201
1 0.077971 0.196107 0.087090 0.196107 0.087090 0.199180 0.077971 0.199180
1 0.002121 0.292367 0.006363 0.292367 0.006363 0.307051 0.002121 0.307051
1 0.033120 0.292367 0.037362 0.292367 0.037362 0.307214 0.033120 0.307214
1 0.043072 0.292367 0.046172 0.292367 0.046172 0.307377 0.043072 0.307377
1 0.074397 0.291878 0.078802 0.291878 0.078802 0.308030 0.074397 0.308030
1 0.056287 0.325813 0.071787 0.325813 0.071787 0.329402 0.056287 0.329402
1 0.016152 0.401515 0.034588 0.401515 0.034588 0.405594 0.016152 0.405594
1 0.070155 0.475291 0.072439 0.475291 0.072439 0.483612 0.070155 0.483612
1 0.090712 0.474933 0.093812 0.474933 0.093812 0.483744 0.090712 0.483744
1 0.038014 0.504464 0.040788 0.504464 0.040788 0.522247 0.038014 0.522247
1 0.069176 0.505116 0.073092 0.505116 0.073092 0.522247 0.069176 0.522247
1 0.115115 0.503322 0.123417 0.503322 0.123417 0.506085 0.115115 0.506085
1 0.114695 0.524042 0.123342 0.524042 0.123342 0.527794 0.114695 0.527794
1 0.162714 0.138432 0.165231 0.138432 0.165231 0.147464 0.162714 0.147464
1 0.142726 0.139469 0.145243 0.139469 0.145243 0.147168 0.142726 0.147168
1 0.092115 0.223883 0.109848 0.223883 0.109848 0.228562 0.092115 0.228562
1 0.193908 0.269517 0.202109 0.269517 0.202109 0.272775 0.193908 0.272775
1 0.141859 0.287786 0.144498 0.287786 0.144498 0.294771 0.141859 0.294771
1 0.161264 0.287475 0.164990 0.287475 0.164990 0.296013 0.161264 0.296013
1 0.182222 0.287475 0.185171 0.287475 0.185171 0.295237 0.182222 0.295237
1 0.202558 0.287786 0.205974 0.287786 0.205974 0.295392 0.202558 0.295392
1 0.141549 0.312003 0.144654 0.312003 0.144654 0.318989 0.141549 0.318989
1 0.161264 0.311848 0.164680 0.311848 0.164680 0.319610 0.161264 0.319610
1 0.182532 0.311693 0.185327 0.311693 0.185327 0.319455 0.182532 0.319455
1 0.201937 0.311848 0.205818 0.311848 0.205818 0.319455 0.201937 0.319455
1 0.141238 0.335755 0.143877 0.335755 0.143877 0.343672 0.141238 0.343672
1 0.161109 0.336066 0.164524 0.336066 0.164524 0.343828 0.161109 0.343828
1 0.182067 0.335600 0.185327 0.335600 0.185327 0.343362 0.182067 0.343362
1 0.201937 0.335755 0.205042 0.335755 0.205042 0.343983 0.201937 0.343983
1 0.116581 0.211977 0.121311 0.211977 0.121311 0.226764 0.116581 0.226764
1 0.113817 0.239515 0.118155 0.239515 0.118155 0.255289 0.113817 0.255289
1 0.113817 0.239515 0.118155 0.239515 0.118155 0.255289 0.113817 0.255289
1 0.141238 0.359337 0.143877 0.359337 0.143877 0.367254 0.141238 0.367254
1 0.161109 0.359647 0.164524 0.359647 0.164524 0.367409 0.161109 0.367409
1 0.182067 0.359182 0.185327 0.359182 0.185327 0.366944 0.182067 0.366944
1 0.201937 0.359337 0.205042 0.359337 0.205042 0.367565 0.201937 0.367565
1 0.201734 0.383122 0.204839 0.383122 0.204839 0.391350 0.201734 0.391350
1 0.182067 0.382967 0.185327 0.382967 0.185327 0.390729 0.182067 0.390729
1 0.161109 0.383433 0.164524 0.383433 0.164524 0.391195 0.161109 0.391195
1 0.141238 0.383122 0.143877 0.383122 0.143877 0.391039 0.141238 0.391039
1 0.141035 0.402028 0.143674 0.402028 0.143674 0.409945 0.141035 0.409945
1 0.160906 0.402339 0.164321 0.402339 0.164321 0.410101 0.160906 0.410101
1 0.181863 0.401873 0.185123 0.401873 0.185123 0.409635 0.181863 0.409635
1 0.201531 0.402028 0.204636 0.402028 0.204636 0.410256 0.201531 0.410256
0 0.144271 0.402386 0.160562 0.402386 0.160562 0.410308 0.144271 0.410308
1 0.189995 0.427894 0.193255 0.427894 0.193255 0.435656 0.189995 0.435656
1 0.209662 0.428050 0.212767 0.428050 0.212767 0.436277 0.209662 0.436277
1 0.247475 0.427846 0.250580 0.427846 0.250580 0.436074 0.247475 0.436074
1 0.227807 0.427691 0.231067 0.427691 0.231067 0.435453 0.227807 0.435453
1 0.278172 0.441873 0.281277 0.441873 0.281277 0.450101 0.278172 0.450101
1 0.258504 0.441718 0.261764 0.441718 0.261764 0.449480 0.258504 0.449480
1 0.299163 0.441921 0.302423 0.441921 0.302423 0.449683 0.299163 0.449683
1 0.318830 0.442077 0.321935 0.442077 0.321935 0.450304 0.318830 0.450304
1 0.404213 0.478263 0.407317 0.478263 0.407317 0.486490 0.404213 0.486490
1 0.384545 0.478107 0.387805 0.478107 0.387805 0.485869 0.384545 0.485869
1 0.333971 0.440509 0.341965 0.440509 0.341965 0.443445 0.333971 0.443445
1 0.333971 0.460413 0.342455 0.460413 0.342455 0.462860 0.333971 0.462860
1 0.350938 0.440019 0.359096 0.440019 0.359096 0.443445 0.350938 0.443445
1 0.351265 0.459760 0.360075 0.459760 0.360075 0.463023 0.351265 0.463023
1 0.374432 0.440182 0.382753 0.440182 0.382753 0.443772 0.374432 0.443772
1 0.374759 0.460087 0.383406 0.460087 0.383406 0.463513 0.374759 0.463513
0 0.374764 0.444068 0.382398 0.444068 0.382398 0.459442 0.374764 0.459442
1 0.391889 0.440019 0.400210 0.440019 0.400210 0.443608 0.391889 0.443608
1 0.392216 0.459924 0.400863 0.459924 0.400863 0.463350 0.392216 0.463350
1 0.419299 0.460576 0.427946 0.460576 0.427946 0.464002 0.419299 0.464002
1 0.471665 0.468870 0.474770 0.468870 0.474770 0.477098 0.471665 0.477098
1 0.450859 0.468715 0.454119 0.468715 0.454119 0.476477 0.450859 0.476477
1 0.475904 0.484084 0.479164 0.484084 0.479164 0.491846 0.475904 0.491846
1 0.496710 0.484239 0.499815 0.484239 0.499815 0.492467 0.496710 0.492467
1 0.587613 0.445306 0.590873 0.445306 0.590873 0.453068 0.587613 0.453068
1 0.607708 0.445461 0.610812 0.445461 0.610812 0.453689 0.607708 0.453689
1 0.597338 0.478517 0.605767 0.478517 0.605767 0.482292 0.597338 0.482292
1 0.597179 0.500706 0.605826 0.500706 0.605826 0.504132 0.597179 0.504132
1 0.568605 0.440652 0.577034 0.440652 0.577034 0.444426 0.568605 0.444426
1 0.569114 0.460836 0.577761 0.460836 0.577761 0.464262 0.569114 0.464262
1 0.527622 0.440429 0.536051 0.440429 0.536051 0.444204 0.527622 0.444204
1 0.528131 0.460613 0.536778 0.460613 0.536778 0.464039 0.528131 0.464039
1 0.512094 0.460391 0.520741 0.460391 0.520741 0.463817 0.512094 0.463817
1 0.511585 0.440206 0.520014 0.440206 0.520014 0.443981 0.511585 0.443981
1 0.663566 0.398531 0.666827 0.398531 0.666827 0.406293 0.663566 0.406293
1 0.683661 0.398687 0.686766 0.398687 0.686766 0.406914 0.683661 0.406914
1 0.700541 0.349206 0.709418 0.349206 0.709418 0.351976 0.700541 0.351976
1 0.790574 0.312257 0.799043 0.312257 0.799043 0.316042 0.790574 0.316042
1 0.791320 0.261525 0.799789 0.261525 0.799789 0.265310 0.791320 0.265310
1 0.791569 0.240635 0.800038 0.240635 0.800038 0.244421 0.791569 0.244421
1 0.715423 0.256698 0.717764 0.256698 0.717764 0.265099 0.715423 0.265099
1 0.694903 0.256561 0.697245 0.256561 0.697245 0.264824 0.694903 0.264824
1 0.720518 0.157269 0.723548 0.157269 0.723548 0.165670 0.720518 0.165670
1 0.741726 0.157545 0.745031 0.157545 0.745031 0.165807 0.741726 0.165807
1 0.770921 0.157407 0.774364 0.157407 0.774364 0.166083 0.770921 0.166083
1 0.791716 0.157820 0.795297 0.157820 0.795297 0.166634 0.791716 0.166634
1 0.703304 0.034015 0.711980 0.034015 0.711980 0.037045 0.703304 0.037045
1 0.703029 0.013909 0.711705 0.013909 0.711705 0.016939 0.703029 0.016939
1 0.703855 0.057840 0.712531 0.057840 0.712531 0.060869 0.703855 0.060869
1 0.704130 0.077946 0.712806 0.077946 0.712806 0.080976 0.704130 0.080976
1 0.734978 0.056325 0.743654 0.056325 0.743654 0.059355 0.734978 0.059355
1 0.735254 0.076431 0.743930 0.076431 0.743930 0.079461 0.735254 0.079461
1 0.720105 0.127798 0.728781 0.127798 0.728781 0.130828 0.720105 0.130828
1 0.719830 0.107554 0.728506 0.107554 0.728506 0.110584 0.719830 0.110584
1 0.703166 0.127661 0.711842 0.127661 0.711842 0.130690 0.703166 0.130690
1 0.703304 0.108105 0.711980 0.108105 0.711980 0.111135 0.703304 0.111135
1 0.736410 0.084122 0.745896 0.084122 0.745896 0.088010 0.736410 0.088010
1 0.733285 0.232844 0.774988 0.232844 0.774988 0.243641 0.733285 0.243641
1 0.914179 0.480642 0.917859 0.480642 0.917859 0.489916 0.914179 0.489916
1 0.893864 0.480789 0.896366 0.480789 0.896366 0.489327 0.893864 0.489327
1 0.942002 0.471662 0.950098 0.471662 0.950098 0.475637 0.942002 0.475637
1 0.941707 0.491830 0.950834 0.491830 0.950834 0.495216 0.941707 0.495216
1 0.918154 0.512881 0.925808 0.512881 0.925808 0.515384 0.918154 0.515384
1 0.917712 0.533491 0.926692 0.533491 0.926692 0.536582 0.917712 0.536582
1 0.942296 0.513175 0.949951 0.513175 0.949951 0.515825 0.942296 0.515825
1 0.941707 0.533785 0.950982 0.533785 0.950982 0.536288 0.941707 0.536288
1 0.939205 0.546592 0.949657 0.546592 0.949657 0.558811 0.939205 0.558811
1 0.918358 0.601748 0.921535 0.601748 0.921535 0.610783 0.918358 0.610783
1 0.897608 0.601649 0.901183 0.601649 0.901183 0.610584 0.897608 0.610584
1 0.727730 0.664961 0.731304 0.664961 0.731304 0.673896 0.727730 0.673896
1 0.748924 0.665060 0.752101 0.665060 0.752101 0.674095 0.748924 0.674095
1 0.710770 0.688776 0.716299 0.688776 0.716299 0.704502 0.710770 0.704502
1 0.711463 0.742122 0.720668 0.742122 0.720668 0.746052 0.711463 0.746052
1 0.728490 0.721541 0.736570 0.721541 0.736570 0.725860 0.728490 0.725860
1 0.728194 0.742122 0.737648 0.742122 0.737648 0.746471 0.728194 0.746471
1 0.746110 0.742566 0.754936 0.742566 0.754936 0.746052 0.746110 0.746052
1 0.746110 0.720949 0.754190 0.720949 0.754190 0.725268 0.746110 0.725268
1 0.764469 0.721245 0.772549 0.721245 0.772549 0.725564 0.764469 0.725564
1 0.764469 0.742862 0.773166 0.742862 0.773166 0.747205 0.764469 0.747205
1 0.777532 0.791303 0.785795 0.791303 0.785795 0.794746 0.777532 0.794746
1 0.777786 0.810557 0.786049 0.810557 0.786049 0.813999 0.777786 0.813999
1 0.777617 0.841345 0.785879 0.841345 0.785879 0.844788 0.777617 0.844788
1 0.777362 0.821752 0.785625 0.821752 0.785625 0.825195 0.777362 0.825195
1 0.812919 0.865470 0.821182 0.865470 0.821182 0.868913 0.812919 0.868913
1 0.813057 0.844963 0.821320 0.844963 0.821320 0.848406 0.813057 0.848406
1 0.863241 0.818041 0.871504 0.818041 0.871504 0.821484 0.863241 0.821484
1 0.863103 0.838549 0.871366 0.838549 0.871366 0.841992 0.863103 0.841992
0 0.813069 0.848724 0.821361 0.848724 0.821361 0.865141 0.813069 0.865141
1 0.100643 0.579083 0.102971 0.579083 0.102971 0.587860 0.100643 0.587860
1 0.120346 0.578725 0.122675 0.578725 0.122675 0.587502 0.120346 0.587502
1 0.131631 0.569590 0.134676 0.569590 0.134676 0.584636 0.131631 0.584636
1 0.163157 0.568873 0.166560 0.568873 0.166560 0.585353 0.163157 0.585353
1 0.295882 0.584766 0.311875 0.584766 0.311875 0.588764 0.295882 0.588764
1 0.207475 0.648523 0.211780 0.648523 0.211780 0.664236 0.207475 0.664236
1 0.136108 0.705894 0.151477 0.705894 0.151477 0.710529 0.136108 0.710529
1 0.268196 0.630946 0.271774 0.630946 0.271774 0.639798 0.268196 0.639798
1 0.249550 0.631888 0.251904 0.631888 0.251904 0.639139 0.249550 0.639139
1 0.249079 0.654583 0.252092 0.654583 0.252092 0.663718 0.249079 0.663718
1 0.268384 0.655242 0.271774 0.655242 0.271774 0.663529 0.268384 0.663529
1 0.267819 0.678691 0.271680 0.678691 0.271680 0.687449 0.267819 0.687449
0 0.251604 0.679152 0.267204 0.679152 0.267204 0.687386 0.251604 0.687386
1 0.248514 0.678409 0.251527 0.678409 0.251527 0.687543 0.248514 0.687543
1 0.309066 0.655713 0.312457 0.655713 0.312457 0.664000 0.309066 0.664000
1 0.289761 0.655054 0.292775 0.655054 0.292775 0.664189 0.289761 0.664189
1 0.289950 0.679162 0.292963 0.679162 0.292963 0.688297 0.289950 0.688297
1 0.309255 0.679821 0.312645 0.679821 0.312645 0.688108 0.309255 0.688108
1 0.308784 0.706284 0.312174 0.706284 0.312174 0.714571 0.308784 0.714571
1 0.289479 0.705624 0.292492 0.705624 0.292492 0.714759 0.289479 0.714759
0 0.293057 0.742540 0.308407 0.742540 0.308407 0.751109 0.293057 0.751109
0 0.292681 0.766365 0.308031 0.766365 0.308031 0.774935 0.292681 0.774935
1 0.289479 0.742728 0.292775 0.742728 0.292775 0.750638 0.289479 0.750638
1 0.308596 0.743011 0.312174 0.743011 0.312174 0.750921 0.308596 0.750921
1 0.289290 0.766836 0.292398 0.766836 0.292398 0.774935 0.289290 0.774935
1 0.308407 0.766742 0.312174 0.766742 0.312174 0.774841 0.308407 0.774841
1 0.268949 0.808931 0.272622 0.808931 0.272622 0.826259 0.268949 0.826259
1 0.298990 0.809213 0.303981 0.809213 0.303981 0.826259 0.298990 0.826259
0 0.292210 0.853003 0.307466 0.853003 0.307466 0.861102 0.292210 0.861102
1 0.288820 0.852156 0.292116 0.852156 0.292116 0.861385 0.288820 0.861385
1 0.307748 0.852344 0.312174 0.852344 0.312174 0.861196 0.307748 0.861196
1 0.271209 0.899242 0.275447 0.899242 0.275447 0.914121 0.271209 0.914121
1 0.302380 0.898583 0.307183 0.898583 0.307183 0.914215 0.302380 0.914215
1 0.271680 0.920995 0.275824 0.920995 0.275824 0.936063 0.271680 0.936063
1 0.302569 0.921184 0.307183 0.921184 0.307183 0.936345 0.302569 0.936345
1 0.495888 0.948918 0.499571 0.948918 0.499571 0.963483 0.495888 0.963483
1 0.525019 0.949085 0.529539 0.949085 0.529539 0.963985 0.525019 0.963985
1 0.657067 0.539369 0.660472 0.539369 0.660472 0.547961 0.657067 0.547961
1 0.636640 0.539693 0.639234 0.539693 0.639234 0.547313 0.636640 0.547313
1 0.702684 0.005427 0.712141 0.005427 0.712141 0.008033 0.702684 0.008033
1 0.652274 0.009448 0.680197 0.009448 0.680197 0.015777 0.652274 0.015777
1 0.652199 0.018309 0.680122 0.018309 0.680122 0.024638 0.652199 0.024638
1 0.652348 0.026648 0.680271 0.026648 0.680271 0.032978 0.652348 0.032978
1 0.652050 0.035286 0.679973 0.035286 0.679973 0.041615 0.652050 0.041615
1 0.651976 0.043923 0.679899 0.043923 0.679899 0.050253 0.651976 0.050253
1 0.657709 0.086292 0.685633 0.086292 0.685633 0.092621 0.657709 0.092621
1 0.657561 0.060826 0.685930 0.060826 0.685930 0.066783 0.657561 0.066783
1 0.657412 0.069166 0.685930 0.069166 0.685930 0.075867 0.657412 0.075867
1 0.657561 0.077654 0.686005 0.077654 0.686005 0.083984 0.657561 0.083984
1 0.657635 0.094929 0.685558 0.094929 0.685558 0.101259 0.657635 0.101259
1 0.657263 0.103716 0.685633 0.103716 0.685633 0.109673 0.657263 0.109673
1 0.657188 0.112056 0.685707 0.112056 0.685707 0.118757 0.657188 0.118757
1 0.657263 0.120544 0.684590 0.120544 0.684590 0.126799 0.657263 0.126799
1 0.657188 0.129182 0.685484 0.129182 0.685484 0.135139 0.657188 0.135139
1 0.656965 0.137819 0.684888 0.137819 0.684888 0.144149 0.656965 0.144149
1 0.657039 0.163136 0.685558 0.163136 0.685558 0.169242 0.657039 0.169242
1 0.656965 0.171774 0.684888 0.171774 0.684888 0.178103 0.656965 0.178103
1 0.656518 0.180560 0.685484 0.180560 0.685484 0.186368 0.656518 0.186368
1 0.656444 0.188900 0.684962 0.188900 0.684962 0.195155 0.656444 0.195155
1 0.656518 0.197388 0.685037 0.197388 0.685037 0.203494 0.656518 0.203494
1 0.656518 0.206026 0.684813 0.206026 0.684813 0.211983 0.656518 0.211983
1 0.656295 0.214664 0.684218 0.214664 0.684218 0.220993 0.656295 0.220993
1 0.656741 0.146010 0.685260 0.146010 0.685260 0.152712 0.656741 0.152712
1 0.656890 0.154499 0.684962 0.154499 0.684962 0.160753 0.656890 0.160753
1 0.656593 0.223152 0.684813 0.223152 0.684813 0.228811 0.656593 0.228811
1 0.656518 0.231492 0.685037 0.231492 0.685037 0.237747 0.656518 0.237747
1 0.656593 0.239980 0.685111 0.239980 0.685111 0.246086 0.656593 0.246086
1 0.656593 0.248618 0.684888 0.248618 0.684888 0.254575 0.656593 0.254575
1 0.656444 0.257107 0.685335 0.257107 0.685335 0.263361 0.656444 0.263361
1 0.656220 0.308187 0.685111 0.308187 0.685111 0.314442 0.656220 0.314442
1 0.656369 0.299699 0.684665 0.299699 0.684665 0.305655 0.656369 0.305655
1 0.656369 0.291061 0.684888 0.291061 0.684888 0.297167 0.656369 0.297167
1 0.656295 0.282870 0.684813 0.282870 0.684813 0.289125 0.656295 0.289125
1 0.656369 0.274531 0.684590 0.274531 0.684590 0.280190 0.656369 0.280190
1 0.656071 0.266042 0.685260 0.266042 0.685260 0.271776 0.656071 0.271776
1 0.655997 0.359193 0.684888 0.359193 0.684888 0.365448 0.655997 0.365448
1 0.656146 0.350705 0.684441 0.350705 0.684441 0.356662 0.656146 0.356662
1 0.656146 0.342291 0.684218 0.342291 0.684218 0.348545 0.656146 0.348545
1 0.656071 0.333876 0.684590 0.333876 0.684590 0.340131 0.656071 0.340131
1 0.656146 0.325537 0.684367 0.325537 0.684367 0.331196 0.656146 0.331196
1 0.655848 0.317048 0.685037 0.317048 0.685037 0.322782 0.655848 0.322782
1 0.655550 0.367831 0.683622 0.367831 0.683622 0.374086 0.655550 0.374086
1 0.655550 0.376245 0.683845 0.376245 0.683845 0.382202 0.655550 0.382202
1 0.631722 0.400594 0.637084 0.400594 0.637084 0.427996 0.631722 0.427996
1 0.623308 0.400519 0.628669 0.400519 0.628669 0.427921 0.623308 0.427921
1 0.614522 0.400371 0.619883 0.400371 0.619883 0.427772 0.614522 0.427772
1 0.606108 0.400296 0.611469 0.400296 0.611469 0.427698 0.606108 0.427698
1 0.597693 0.400519 0.602608 0.400519 0.602608 0.428517 0.597693 0.428517
1 0.589279 0.400445 0.594417 0.400445 0.594417 0.428368 0.589279 0.428368
1 0.580493 0.400296 0.585705 0.400296 0.585705 0.428070 0.580493 0.428070
1 0.571706 0.400296 0.577068 0.400296 0.577068 0.427698 0.571706 0.427698
1 0.563427 0.400491 0.568788 0.400491 0.568788 0.427893 0.563427 0.427893
1 0.537720 0.400076 0.543082 0.400076 0.543082 0.427478 0.537720 0.427478
1 0.554878 0.399974 0.560090 0.399974 0.560090 0.427748 0.554878 0.427748
1 0.546368 0.400112 0.551729 0.400112 0.551729 0.427514 0.546368 0.427514
1 0.512382 0.400076 0.517743 0.400076 0.517743 0.427478 0.512382 0.427478
1 0.521030 0.400112 0.526391 0.400112 0.526391 0.427514 0.521030 0.427514
1 0.529263 0.399928 0.534455 0.399928 0.534455 0.428172 0.529263 0.428172
1 0.495106 0.399708 0.500455 0.399708 0.500455 0.427711 0.495106 0.427711
1 0.503708 0.399835 0.508932 0.399835 0.508932 0.428080 0.503708 0.428080
1 0.460909 0.399329 0.466225 0.399329 0.466225 0.427066 0.460909 0.427066
1 0.452584 0.399339 0.457933 0.399339 0.457933 0.427343 0.452584 0.427343
1 0.469491 0.399708 0.474852 0.399708 0.474852 0.427110 0.469491 0.427110
1 0.478001 0.399559 0.483271 0.399559 0.483271 0.427803 0.478001 0.427803
1 0.486465 0.399559 0.491656 0.399559 0.491656 0.427803 0.486465 0.427803
1 0.418248 0.398868 0.423703 0.398868 0.423703 0.427573 0.418248 0.427573
1 0.444034 0.399098 0.449226 0.399098 0.449226 0.427343 0.444034 0.427343
1 0.435570 0.399098 0.440841 0.399098 0.440841 0.427343 0.435570 0.427343
1 0.426785 0.399247 0.432146 0.399247 0.432146 0.426649 0.426785 0.426649
1 0.409601 0.398833 0.414950 0.398833 0.414950 0.426836 0.409601 0.426836
1 0.367170 0.398418 0.372520 0.398418 0.372520 0.426421 0.367170 0.426421
1 0.401190 0.398730 0.406381 0.398730 0.406381 0.426974 0.401190 0.426974
1 0.392726 0.398730 0.397996 0.398730 0.397996 0.426974 0.392726 0.426974
1 0.383940 0.398879 0.389301 0.398879 0.389301 0.426280 0.383940 0.426280
1 0.375403 0.398499 0.380858 0.398499 0.380858 0.427204 0.375403 0.427204
1 0.315757 0.398049 0.321106 0.398049 0.321106 0.426053 0.315757 0.426053
1 0.349960 0.398315 0.355151 0.398315 0.355151 0.426559 0.349960 0.426559
1 0.358694 0.398464 0.364043 0.398464 0.364043 0.426467 0.358694 0.426467
1 0.341819 0.398361 0.347089 0.398361 0.347089 0.426605 0.341819 0.426605
1 0.333033 0.398510 0.338394 0.398510 0.338394 0.425912 0.333033 0.425912
1 0.324220 0.398131 0.329721 0.398131 0.329721 0.426375 0.324220 0.426375
1 0.281435 0.398141 0.286784 0.398141 0.286784 0.426145 0.281435 0.426145
1 0.289714 0.398315 0.295445 0.398315 0.295445 0.426145 0.289714 0.426145
1 0.298480 0.398556 0.304198 0.398556 0.304198 0.426605 0.298480 0.426605
1 0.307266 0.398407 0.312537 0.398407 0.312537 0.426652 0.307266 0.426652
1 0.264803 0.398003 0.270153 0.398003 0.270153 0.426007 0.264803 0.426007
1 0.272576 0.398177 0.278307 0.398177 0.278307 0.426007 0.272576 0.426007
1 0.214962 0.007078 0.243610 0.007078 0.243610 0.013414 0.214962 0.013414
1 0.215029 0.015571 0.243677 0.015571 0.243677 0.021907 0.215029 0.021907
1 0.214692 0.024064 0.243340 0.024064 0.243340 0.030401 0.214692 0.030401
1 0.214759 0.032558 0.243408 0.032558 0.243408 0.038894 0.214759 0.038894
1 0.214962 0.041186 0.243610 0.041186 0.243610 0.047522 0.214962 0.047522
1 0.220422 0.057970 0.249070 0.057970 0.249070 0.064307 0.220422 0.064307
1 0.220489 0.066464 0.249137 0.066464 0.249137 0.072800 0.220489 0.072800
1 0.220152 0.074957 0.248800 0.074957 0.248800 0.081293 0.220152 0.081293
1 0.220219 0.083450 0.248868 0.083450 0.248868 0.089786 0.220219 0.089786
1 0.220422 0.092078 0.249070 0.092078 0.249070 0.098415 0.220422 0.098415
1 0.220152 0.101246 0.248800 0.101246 0.248800 0.107582 0.220152 0.107582
1 0.220219 0.109739 0.248868 0.109739 0.248868 0.116075 0.220219 0.116075
1 0.219882 0.118232 0.248531 0.118232 0.248531 0.124569 0.219882 0.124569
1 0.219950 0.126726 0.248598 0.126726 0.248598 0.133062 0.219950 0.133062
1 0.220152 0.135354 0.248800 0.135354 0.248800 0.141690 0.220152 0.141690
1 0.219810 0.143393 0.248459 0.143393 0.248459 0.149729 0.219810 0.149729
1 0.219878 0.151886 0.248526 0.151886 0.248526 0.158222 0.219878 0.158222
1 0.219541 0.160379 0.248189 0.160379 0.248189 0.166715 0.219541 0.166715
1 0.219608 0.168873 0.248256 0.168873 0.248256 0.175209 0.219608 0.175209
1 0.219810 0.177501 0.248459 0.177501 0.248459 0.183837 0.219810 0.183837
1 0.219541 0.186668 0.248189 0.186668 0.248189 0.193004 0.219541 0.193004
1 0.219608 0.195161 0.248256 0.195161 0.248256 0.201498 0.219608 0.201498
1 0.219271 0.203655 0.247919 0.203655 0.247919 0.209991 0.219271 0.209991
1 0.219339 0.212148 0.247987 0.212148 0.247987 0.218484 0.219339 0.218484
1 0.219541 0.220442 0.248189 0.220442 0.248189 0.226779 0.219541 0.226779
1 0.219207 0.288776 0.247855 0.288776 0.247855 0.295112 0.219207 0.295112
1 0.219290 0.228713 0.247939 0.228713 0.247939 0.235049 0.219290 0.235049
1 0.219358 0.237206 0.248006 0.237206 0.248006 0.243543 0.219358 0.243543
1 0.219560 0.245834 0.248208 0.245834 0.248208 0.252171 0.219560 0.252171
1 0.219358 0.263161 0.248006 0.263161 0.248006 0.269498 0.219358 0.269498
1 0.219290 0.254501 0.247939 0.254501 0.247939 0.260838 0.219290 0.260838
1 0.219021 0.271988 0.247669 0.271988 0.247669 0.278325 0.219021 0.278325
1 0.219088 0.280482 0.247736 0.280482 0.247736 0.286818 0.219088 0.286818
1 0.218337 0.365670 0.246985 0.365670 0.246985 0.372006 0.218337 0.372006
1 0.218809 0.331022 0.247457 0.331022 0.247457 0.337359 0.218809 0.337359
1 0.218540 0.339689 0.247188 0.339689 0.247188 0.346025 0.218540 0.346025
1 0.218607 0.348349 0.247255 0.348349 0.247255 0.354686 0.218607 0.354686
1 0.218270 0.357176 0.246918 0.357176 0.246918 0.363513 0.218270 0.363513
1 0.218456 0.373964 0.247104 0.373964 0.247104 0.380300 0.218456 0.380300
1 0.218540 0.313901 0.247188 0.313901 0.247188 0.320237 0.218540 0.320237
1 0.218607 0.322394 0.247255 0.322394 0.247255 0.328730 0.218607 0.328730
1 0.219290 0.296880 0.247939 0.296880 0.247939 0.303216 0.219290 0.303216
1 0.218607 0.305624 0.247255 0.305624 0.247255 0.311960 0.218607 0.311960
1 0.017456 0.019053 0.032060 0.019053 0.032060 0.025500 0.017456 0.025500
1 0.035141 0.331564 0.046322 0.331564 0.046322 0.360545 0.035141 0.360545
1 0.007872 0.385019 0.013690 0.385019 0.013690 0.401335 0.007872 0.401335
1 0.017912 0.459239 0.023446 0.459239 0.023446 0.474699 0.017912 0.474699
