0 0.414986 0.377447 0.593553 0.377447 0.593553 0.639924 0.414986 0.639924
0 0.337908 0.380716 0.363809 0.380716 0.363809 0.393301 0.337908 0.393301
0 0.274360 0.411029 0.287007 0.411029 0.287007 0.435477 0.274360 0.435477
0 0.293064 0.357856 0.318898 0.357856 0.318898 0.370584 0.293064 0.370584
0 0.293343 0.380015 0.319505 0.380015 0.319505 0.394994 0.293343 0.394994
0 0.333065 0.485699 0.341069 0.485699 0.341069 0.501475 0.333065 0.501475
0 0.343048 0.359163 0.368749 0.359163 0.368749 0.372820 0.343048 0.372820
0 0.378317 0.362466 0.387839 0.362466 0.387839 0.378813 0.378317 0.378813
0 0.227174 0.070442 0.280166 0.070442 0.280166 0.097483 0.227174 0.097483
0 0.145413 0.406486 0.244719 0.406486 0.244719 0.460672 0.145413 0.460672
0 0.106597 0.474858 0.207085 0.474858 0.207085 0.528649 0.106597 0.528649
0 0.316063 0.519588 0.331017 0.519588 0.331017 0.545636 0.316063 0.545636
0 0.284929 0.519335 0.305425 0.519335 0.305425 0.551065 0.284929 0.551065
0 0.157629 0.541851 0.213982 0.541851 0.213982 0.590519 0.157629 0.590519
0 0.241454 0.883086 0.249479 0.883086 0.249479 0.898999 0.241454 0.898999
0 0.418841 0.760127 0.435067 0.760127 0.435067 0.769576 0.418841 0.769576
0 0.177170 0.746952 0.186764 0.746952 0.186764 0.763104 0.177170 0.763104
0 0.241846 0.920462 0.250069 0.920462 0.250069 0.936264 0.241846 0.936264
0 0.487751 0.903957 0.495972 0.903957 0.495972 0.919813 0.487751 0.919813
0 0.487868 0.941638 0.495825 0.941638 0.495825 0.957496 0.487868 0.957496
0 0.185180 0.869154 0.193497 0.869154 0.193497 0.885037 0.185180 0.885037
0 0.075648 0.901749 0.092123 0.901749 0.092123 0.910840 0.075648 0.910840
0 0.342221 0.644368 0.359521 0.644368 0.359521 0.691172 0.342221 0.691172
0 0.445947 0.750282 0.455182 0.750282 0.455182 0.766487 0.445947 0.766487
0 0.302759 0.791233 0.318382 0.791233 0.318382 0.799596 0.302759 0.799596
0 0.075292 0.884533 0.092232 0.884533 0.092232 0.893473 0.075292 0.893473
0 0.301102 0.773712 0.316975 0.773712 0.316975 0.782702 0.301102 0.782702
0 0.663943 0.461676 0.676429 0.461676 0.676429 0.487388 0.663943 0.487388
0 0.701861 0.478607 0.714522 0.478607 0.714522 0.504413 0.701861 0.504413
0 0.889405 0.357013 0.905581 0.357013 0.905581 0.365306 0.889405 0.365306
0 0.655376 0.430599 0.663361 0.430599 0.663361 0.446556 0.655376 0.446556
0 0.664073 0.512657 0.676766 0.512657 0.676766 0.538161 0.664073 0.538161
0 0.608475 0.631820 0.633083 0.631820 0.633083 0.644707 0.608475 0.644707
0 0.607813 0.656711 0.632471 0.656711 0.632471 0.669124 0.607813 0.669124
0 0.542341 0.956871 0.550289 0.956871 0.550289 0.972565 0.542341 0.972565
0 0.641359 0.706230 0.654753 0.706230 0.654753 0.731639 0.641359 0.731639
0 0.755051 0.883109 0.763277 0.883109 0.763277 0.898718 0.755051 0.898718
0 0.735694 0.920100 0.744696 0.920100 0.744696 0.936111 0.735694 0.936111
0 0.732061 0.697417 0.758122 0.697417 0.758122 0.712162 0.732061 0.712162
0 0.853437 0.694726 0.862728 0.694726 0.862728 0.710590 0.853437 0.710590
0 0.857840 0.898894 0.874118 0.898894 0.874118 0.907646 0.857840 0.907646
0 0.754825 0.920386 0.763663 0.920386 0.763663 0.936105 0.754825 0.936105
0 0.709723 0.737356 0.761904 0.737356 0.761904 0.763560 0.709723 0.763560
0 0.669159 0.625925 0.681744 0.625925 0.681744 0.651696 0.669159 0.651696
0 0.906263 0.950584 0.924907 0.950584 0.924907 0.982821 0.906263 0.982821
0 0.795497 0.882437 0.805133 0.882437 0.805133 0.899023 0.795497 0.899023
0 0.830067 0.974753 0.839048 0.974753 0.839048 0.990645 0.830067 0.990645
0 0.728256 0.626419 0.756194 0.626419 0.756194 0.679435 0.728256 0.679435
0 0.692435 0.661909 0.719203 0.661909 0.719203 0.713779 0.692435 0.713779
0 0.936753 0.746465 0.944743 0.746465 0.944743 0.762258 0.936753 0.762258
0 0.811233 0.830125 0.827298 0.830125 0.827298 0.839281 0.811233 0.839281
0 0.555344 0.856003 0.564636 0.856003 0.564636 0.872231 0.555344 0.872231
0 0.773709 0.883352 0.782858 0.883352 0.782858 0.899481 0.773709 0.899481
0 0.937376 0.717144 0.945662 0.717144 0.945662 0.732689 0.937376 0.732689
0 0.919576 0.790647 0.935712 0.790647 0.935712 0.799784 0.919576 0.799784
0 0.782483 0.963469 0.798289 0.963469 0.798289 0.971463 0.782483 0.971463
0 0.871735 0.708583 0.881295 0.708583 0.881295 0.725212 0.871735 0.725212
1 0.214103 0.068973 0.226855 0.068973 0.226855 0.101203 0.214103 0.101203
1 0.128465 0.412460 0.145216 0.412460 0.145216 0.453972 0.128465 0.453972
1 0.245508 0.413777 0.260065 0.413777 0.260065 0.452959 0.245508 0.452959
1 0.207677 0.481163 0.222271 0.481163 0.222271 0.522153 0.207677 0.522153
1 0.089391 0.480642 0.106597 0.480642 0.106597 0.522147 0.089391 0.522147
1 0.213982 0.545200 0.223112 0.545200 0.223112 0.587349 0.213982 0.587349
1 0.146975 0.545343 0.157629 0.545343 0.157629 0.587169 0.146975 0.587169
1 0.177324 0.742925 0.186431 0.742925 0.186431 0.746885 0.177324 0.746885
1 0.184994 0.885066 0.193736 0.885066 0.193736 0.888602 0.184994 0.888602
1 0.185030 0.864985 0.193533 0.864985 0.193533 0.869106 0.185030 0.869106
1 0.241424 0.878779 0.249866 0.878779 0.249866 0.882859 0.241424 0.882859
1 0.241736 0.916414 0.250329 0.916414 0.250329 0.920311 0.241736 0.920311
1 0.092332 0.884671 0.096012 0.884671 0.096012 0.893522 0.092332 0.893522
1 0.072069 0.901908 0.075620 0.901908 0.075620 0.910524 0.072069 0.910524
1 0.241484 0.898913 0.249831 0.898913 0.249831 0.902326 0.241484 0.902326
1 0.241604 0.936537 0.250187 0.936537 0.250187 0.940393 0.241604 0.940393
1 0.092219 0.901867 0.095764 0.901867 0.095764 0.910785 0.092219 0.910785
1 0.072189 0.884875 0.075390 0.884875 0.075390 0.893375 0.072189 0.893375
1 0.177124 0.763275 0.186551 0.763275 0.186551 0.766656 0.177124 0.766656
1 0.280703 0.068947 0.291938 0.068947 0.291938 0.101189 0.280703 0.101189
1 0.319311 0.379488 0.323882 0.379488 0.323882 0.395897 0.319311 0.395897
1 0.338036 0.356784 0.342929 0.356784 0.342929 0.373685 0.338036 0.373685
1 0.332864 0.379184 0.337942 0.379184 0.337942 0.395873 0.332864 0.395873
1 0.288476 0.355833 0.293131 0.355833 0.293131 0.372701 0.288476 0.372701
1 0.363620 0.378964 0.367888 0.378964 0.367888 0.395840 0.363620 0.395840
1 0.272427 0.435760 0.289421 0.435760 0.289421 0.440121 0.272427 0.440121
1 0.272640 0.405117 0.289450 0.405117 0.289450 0.410684 0.272640 0.410684
1 0.370037 0.410412 0.411942 0.410412 0.411942 0.418789 0.370037 0.418789
1 0.319024 0.357083 0.323651 0.357083 0.323651 0.373741 0.319024 0.373741
1 0.289470 0.377944 0.293251 0.377944 0.293251 0.395086 0.289470 0.395086
1 0.368648 0.357312 0.373175 0.357312 0.373175 0.373976 0.368648 0.373976
1 0.369947 0.443669 0.412572 0.443669 0.412572 0.451858 0.369947 0.451858
1 0.370054 0.432718 0.412558 0.432718 0.412558 0.440888 0.370054 0.440888
1 0.368379 0.465900 0.412606 0.465900 0.412606 0.474101 0.368379 0.474101
1 0.368148 0.476953 0.412669 0.476953 0.412669 0.485228 0.368148 0.485228
1 0.368719 0.488176 0.412717 0.488176 0.412717 0.496539 0.368719 0.496539
1 0.368860 0.454954 0.412302 0.454954 0.412302 0.463111 0.368860 0.463111
1 0.378192 0.378937 0.387642 0.378937 0.387642 0.382413 0.378192 0.382413
1 0.368520 0.499172 0.412896 0.499172 0.412896 0.507569 0.368520 0.507569
1 0.369213 0.421133 0.412190 0.421133 0.412190 0.430053 0.369213 0.430053
1 0.332734 0.481415 0.341390 0.481415 0.341390 0.485216 0.332734 0.485216
1 0.332729 0.501831 0.341373 0.501831 0.341373 0.505654 0.332729 0.505654
1 0.378075 0.358926 0.387907 0.358926 0.387907 0.362527 0.378075 0.362527
1 0.317273 0.639680 0.341685 0.639680 0.341685 0.663277 0.317273 0.663277
1 0.318748 0.673834 0.341685 0.673834 0.341685 0.694256 0.318748 0.694256
1 0.359789 0.657913 0.383121 0.657913 0.383121 0.677891 0.359789 0.677891
1 0.281434 0.509793 0.306573 0.509793 0.306573 0.519339 0.281434 0.519339
1 0.314737 0.545655 0.331682 0.545655 0.331682 0.550445 0.314737 0.550445
1 0.281892 0.551073 0.306479 0.551073 0.306479 0.561562 0.281892 0.561562
1 0.369042 0.599206 0.412630 0.599206 0.412630 0.607354 0.369042 0.607354
1 0.315013 0.515406 0.331478 0.515406 0.331478 0.519591 0.315013 0.519591
1 0.369761 0.588085 0.412925 0.588085 0.412925 0.596342 0.369761 0.596342
1 0.368719 0.532564 0.412645 0.532564 0.412645 0.540809 0.368719 0.540809
1 0.370098 0.565843 0.413000 0.565843 0.413000 0.574017 0.370098 0.574017
1 0.369859 0.554788 0.413041 0.554788 0.413041 0.562962 0.369859 0.562962
1 0.368613 0.510334 0.412755 0.510334 0.412755 0.518477 0.368613 0.518477
1 0.368614 0.543630 0.412936 0.543630 0.412936 0.551910 0.368614 0.551910
1 0.368748 0.521388 0.412770 0.521388 0.412770 0.529804 0.368748 0.529804
1 0.369972 0.576813 0.412969 0.576813 0.412969 0.585103 0.369972 0.585103
1 0.446112 0.746527 0.454768 0.746527 0.454768 0.750199 0.446112 0.750199
1 0.487590 0.899954 0.496122 0.899954 0.496122 0.903830 0.487590 0.903830
1 0.487540 0.957794 0.495862 0.957794 0.495862 0.961468 0.487540 0.961468
1 0.487630 0.937736 0.495945 0.937736 0.495945 0.941614 0.487630 0.941614
1 0.435278 0.760638 0.438898 0.760638 0.438898 0.769079 0.435278 0.769079
1 0.297389 0.773319 0.300999 0.773319 0.300999 0.782069 0.297389 0.782069
1 0.487246 0.920049 0.496185 0.920049 0.496185 0.924069 0.487246 0.924069
1 0.445814 0.766414 0.455113 0.766414 0.455113 0.769965 0.445814 0.769965
1 0.299055 0.790607 0.302604 0.790607 0.302604 0.798897 0.299055 0.798897
1 0.318644 0.791292 0.322293 0.791292 0.322293 0.799920 0.318644 0.799920
1 0.415377 0.760535 0.418852 0.760535 0.418852 0.769152 0.415377 0.769152
1 0.316947 0.774560 0.320087 0.774560 0.320087 0.782982 0.316947 0.782982
1 0.661610 0.487491 0.677929 0.487491 0.677929 0.491735 0.661610 0.491735
1 0.699195 0.473450 0.715837 0.473450 0.715837 0.478417 0.699195 0.478417
1 0.595256 0.465491 0.638748 0.465491 0.638748 0.473864 0.595256 0.473864
1 0.595488 0.409859 0.639417 0.409859 0.639417 0.418380 0.595488 0.418380
1 0.595125 0.443298 0.639219 0.443298 0.639219 0.451665 0.595125 0.451665
1 0.595073 0.432293 0.638870 0.432293 0.638870 0.440715 0.595073 0.440715
1 0.595416 0.476638 0.638734 0.476638 0.638734 0.484886 0.595416 0.484886
1 0.595381 0.498856 0.640108 0.498856 0.640108 0.507284 0.595381 0.507284
1 0.595688 0.487639 0.639143 0.487639 0.639143 0.496034 0.595688 0.496034
1 0.595228 0.420852 0.638862 0.420852 0.638862 0.429490 0.595228 0.429490
1 0.595810 0.454487 0.638420 0.454487 0.638420 0.462694 0.595810 0.462694
1 0.655201 0.446603 0.663318 0.446603 0.663318 0.450305 0.655201 0.450305
1 0.661621 0.456597 0.678082 0.456597 0.678082 0.461487 0.661621 0.461487
1 0.698875 0.504417 0.716007 0.504417 0.716007 0.508831 0.698875 0.508831
1 0.655255 0.426647 0.663433 0.426647 0.663433 0.430300 0.655255 0.430300
1 0.691521 0.714343 0.720354 0.714343 0.720354 0.725913 0.691521 0.725913
1 0.691044 0.650983 0.720229 0.650983 0.720229 0.661985 0.691044 0.661985
1 0.602268 0.654345 0.607722 0.654345 0.607722 0.671173 0.602268 0.671173
1 0.725578 0.613474 0.757719 0.613474 0.757719 0.626182 0.725578 0.626182
1 0.632610 0.654487 0.637403 0.654487 0.637403 0.671221 0.632610 0.671221
1 0.595881 0.598845 0.639122 0.598845 0.639122 0.607024 0.595881 0.607024
1 0.633413 0.629508 0.638291 0.629508 0.638291 0.646439 0.633413 0.646439
1 0.595437 0.532226 0.639241 0.532226 0.639241 0.540472 0.595437 0.540472
1 0.698547 0.736483 0.709491 0.736483 0.709491 0.765949 0.698547 0.765949
1 0.595592 0.587773 0.639826 0.587773 0.639826 0.596109 0.595592 0.596109
1 0.595391 0.565508 0.639281 0.565508 0.639281 0.573779 0.595391 0.573779
1 0.667320 0.621290 0.684017 0.621290 0.684017 0.625844 0.667320 0.625844
1 0.595621 0.510025 0.639967 0.510025 0.639967 0.518195 0.595621 0.518195
1 0.595613 0.543310 0.639722 0.543310 0.639722 0.551581 0.595613 0.551581
1 0.638480 0.731943 0.655865 0.731943 0.655865 0.736085 0.638480 0.736085
1 0.639526 0.701727 0.656489 0.701727 0.656489 0.705834 0.639526 0.705834
1 0.603184 0.629500 0.608358 0.629500 0.608358 0.646254 0.603184 0.646254
1 0.661625 0.508622 0.678102 0.508622 0.678102 0.512715 0.661625 0.512715
1 0.667382 0.651755 0.683841 0.651755 0.683841 0.656017 0.667382 0.656017
1 0.595404 0.554419 0.639564 0.554419 0.639564 0.562764 0.595404 0.562764
1 0.727797 0.679924 0.756346 0.679924 0.756346 0.690490 0.727797 0.690490
1 0.595444 0.576506 0.639886 0.576506 0.639886 0.584887 0.595444 0.584887
1 0.661467 0.538562 0.678572 0.538562 0.678572 0.543488 0.661467 0.543488
1 0.595381 0.521180 0.639660 0.521180 0.639660 0.529621 0.595381 0.529621
1 0.727912 0.696024 0.731836 0.696024 0.731836 0.713109 0.727912 0.713109
1 0.542101 0.952908 0.550489 0.952908 0.550489 0.956479 0.542101 0.956479
1 0.735590 0.916306 0.744829 0.916306 0.744829 0.919971 0.735590 0.919971
1 0.555722 0.851926 0.564245 0.851926 0.564245 0.855754 0.555722 0.855754
1 0.735856 0.936316 0.744995 0.936316 0.744995 0.939890 0.735856 0.939890
1 0.542158 0.973055 0.550449 0.973055 0.550449 0.976799 0.542158 0.976799
1 0.555585 0.872323 0.564471 0.872323 0.564471 0.875945 0.555585 0.875945
1 0.905483 0.357295 0.909135 0.357295 0.909135 0.365315 0.905483 0.365315
1 0.885412 0.357120 0.889342 0.357120 0.889342 0.365383 0.885412 0.365383
1 0.758404 0.696202 0.762537 0.696202 0.762537 0.713048 0.758404 0.713048
1 0.871824 0.704708 0.881456 0.704708 0.881456 0.708458 0.871824 0.708458
1 0.936665 0.742568 0.944896 0.742568 0.944896 0.746256 0.936665 0.746256
1 0.937690 0.713392 0.945881 0.713392 0.945881 0.716897 0.937690 0.716897
1 0.762222 0.736637 0.773817 0.736637 0.773817 0.765441 0.762222 0.765441
1 0.872061 0.725269 0.881287 0.725269 0.881287 0.728832 0.872061 0.728832
1 0.853426 0.710726 0.862827 0.710726 0.862827 0.714423 0.853426 0.714423
1 0.936837 0.733102 0.945279 0.733102 0.945279 0.736472 0.936837 0.736472
1 0.853643 0.690983 0.862448 0.690983 0.862448 0.694651 0.853643 0.694651
1 0.925034 0.963805 0.942240 0.963805 0.942240 0.970444 0.925034 0.970444
1 0.889124 0.974814 0.906154 0.974814 0.906154 0.981708 0.889124 0.981708
1 0.888129 0.963871 0.905877 0.963871 0.905877 0.970520 0.888129 0.970520
1 0.887327 0.952489 0.906051 0.952489 0.906051 0.959559 0.887327 0.959559
1 0.924633 0.974791 0.942999 0.974791 0.942999 0.981858 0.924633 0.981858
1 0.924992 0.952621 0.942813 0.952621 0.942813 0.959681 0.924992 0.959681
1 0.755093 0.898871 0.763466 0.898871 0.763466 0.902549 0.755093 0.902549
1 0.807631 0.830235 0.811154 0.830235 0.811154 0.839351 0.807631 0.839351
1 0.754731 0.879055 0.763522 0.879055 0.763522 0.882754 0.754731 0.882754
1 0.795812 0.899181 0.805166 0.899181 0.805166 0.902886 0.795812 0.902886
1 0.830322 0.990761 0.839255 0.990761 0.839255 0.994378 0.830322 0.994378
1 0.754767 0.936354 0.763856 0.936354 0.763856 0.939844 0.754767 0.939844
1 0.773574 0.879378 0.783081 0.879378 0.783081 0.883004 0.773574 0.883004
1 0.754798 0.916524 0.763818 0.916524 0.763818 0.920182 0.754798 0.920182
1 0.854485 0.898708 0.857865 0.898708 0.857865 0.907668 0.854485 0.907668
1 0.874177 0.898718 0.877671 0.898718 0.877671 0.907789 0.874177 0.907789
1 0.827630 0.830184 0.831079 0.830184 0.831079 0.839129 0.827630 0.839129
1 0.774123 0.899387 0.782838 0.899387 0.782838 0.902684 0.774123 0.902684
1 0.830090 0.970993 0.839092 0.970993 0.839092 0.974693 0.830090 0.974693
1 0.915911 0.790556 0.919411 0.790556 0.919411 0.799597 0.915911 0.799597
1 0.935694 0.790665 0.939064 0.790665 0.939064 0.799775 0.935694 0.799775
1 0.778866 0.963463 0.782571 0.963463 0.782571 0.971621 0.778866 0.971621
1 0.936783 0.762284 0.944821 0.762284 0.944821 0.765634 0.936783 0.765634
1 0.795570 0.878748 0.804856 0.878748 0.804856 0.882225 0.795570 0.882225
1 0.798405 0.963459 0.801961 0.963459 0.801961 0.971759 0.798405 0.971759
1 0.436964 0.354916 0.570841 0.354916 0.570841 0.371869 0.436964 0.371869
1 0.438449 0.646079 0.571441 0.646079 0.571441 0.662694 0.438449 0.662694
1 0.895021 0.037376 0.991600 0.037376 0.991600 0.065283 0.895021 0.065283
1 0.800635 0.056014 0.880968 0.056014 0.880968 0.063987 0.800635 0.063987
1 0.717055 0.013320 0.727852 0.013320 0.727852 0.051593 0.717055 0.051593
1 0.703578 0.013469 0.714226 0.013469 0.714226 0.053157 0.703578 0.053157
1 0.689951 0.013618 0.700525 0.013618 0.700525 0.052263 0.689951 0.052263
1 0.676101 0.013618 0.687047 0.013618 0.687047 0.053082 0.676101 0.053082
1 0.662401 0.013618 0.673495 0.013618 0.673495 0.053529 0.662401 0.053529
1 0.648402 0.013915 0.659348 0.013915 0.659348 0.053454 0.648402 0.053454
1 0.635520 0.013990 0.645647 0.013990 0.645647 0.053603 0.635520 0.053603
1 0.621074 0.013766 0.632169 0.013766 0.632169 0.053678 0.621074 0.053678
1 0.566345 0.013915 0.577440 0.013915 0.577440 0.053827 0.566345 0.053827
1 0.580791 0.014139 0.590917 0.014139 0.590917 0.053752 0.580791 0.053752
1 0.593673 0.014064 0.604618 0.014064 0.604618 0.053603 0.593673 0.053603
1 0.607671 0.013766 0.618766 0.013766 0.618766 0.053678 0.607671 0.053678
1 0.410911 0.040572 0.506921 0.040572 0.506921 0.065470 0.410911 0.065470
1 0.988429 0.381231 0.998534 0.381231 0.998534 0.426581 0.988429 0.426581
1 0.977405 0.381231 0.987510 0.381231 0.987510 0.426581 0.977405 0.426581
1 0.965991 0.381555 0.976097 0.381555 0.976097 0.426905 0.965991 0.426905
1 0.954967 0.380843 0.964924 0.380843 0.964924 0.426905 0.954967 0.426905
1 0.944627 0.380972 0.954179 0.380972 0.954179 0.427338 0.944627 0.427338
1 0.933049 0.381296 0.943154 0.381296 0.943154 0.426645 0.933049 0.426645
1 0.921571 0.381620 0.931676 0.381620 0.931676 0.426970 0.921571 0.426970
1 0.910547 0.380908 0.920503 0.380908 0.920503 0.426970 0.910547 0.426970
1 0.866126 0.381232 0.876083 0.381232 0.876083 0.427294 0.866126 0.427294
1 0.877150 0.380519 0.887431 0.380519 0.887431 0.427294 0.877150 0.427294
1 0.888628 0.381620 0.898734 0.381620 0.898734 0.426970 0.888628 0.426970
1 0.900206 0.381296 0.909758 0.381296 0.909758 0.427663 0.900206 0.427663
1 0.822324 0.380778 0.831208 0.380778 0.831208 0.427144 0.822324 0.427144
1 0.833089 0.380065 0.842557 0.380065 0.842557 0.427338 0.833089 0.427338
1 0.843754 0.380259 0.854100 0.380259 0.854100 0.426516 0.843754 0.426516
1 0.855332 0.380842 0.864884 0.380842 0.864884 0.427209 0.855332 0.427209
1 0.799398 0.380713 0.809355 0.380713 0.809355 0.426775 0.799398 0.426775
1 0.811106 0.380324 0.820184 0.380324 0.820184 0.426755 0.811106 0.426755
1 0.800622 0.609617 0.809754 0.609617 0.809754 0.652784 0.800622 0.652784
1 0.811610 0.609617 0.820742 0.609617 0.820742 0.652784 0.811610 0.652784
1 0.833799 0.609046 0.842932 0.609046 0.842932 0.652998 0.833799 0.652998
1 0.822669 0.609688 0.831802 0.609688 0.831802 0.652855 0.822669 0.652855
1 0.878108 0.609046 0.887098 0.609046 0.887098 0.652998 0.878108 0.652998
1 0.867049 0.609474 0.876182 0.609474 0.876182 0.652641 0.867049 0.652641
1 0.855918 0.609046 0.865051 0.609046 0.865051 0.652213 0.855918 0.652213
1 0.844930 0.609189 0.854063 0.609189 0.854063 0.652356 0.844930 0.652356
1 0.889025 0.609260 0.898300 0.609260 0.898300 0.652998 0.889025 0.652998
1 0.900441 0.609189 0.909788 0.609189 0.909788 0.652712 0.900441 0.652712
1 0.911357 0.609046 0.920775 0.609046 0.920775 0.652927 0.911357 0.652927
1 0.922202 0.609117 0.931335 0.609117 0.931335 0.652284 0.922202 0.652284
1 0.966725 0.609117 0.975858 0.609117 0.975858 0.652284 0.966725 0.652284
1 0.955951 0.608975 0.965084 0.608975 0.965084 0.652142 0.955951 0.652142
1 0.944749 0.608903 0.954025 0.608903 0.954025 0.652784 0.944749 0.652784
1 0.933761 0.609117 0.942894 0.609117 0.942894 0.652284 0.933761 0.652284
1 0.989414 0.609189 0.998547 0.609189 0.998547 0.652356 0.989414 0.652356
1 0.978569 0.609189 0.987702 0.609189 0.987702 0.652356 0.978569 0.652356
1 0.984456 0.686843 0.993650 0.686843 0.993650 0.715121 0.984456 0.715121
1 0.973107 0.686590 0.982300 0.686590 0.982300 0.714867 0.973107 0.714867
1 0.962075 0.687097 0.971268 0.687097 0.971268 0.715374 0.962075 0.715374
1 0.961187 0.762863 0.970444 0.762863 0.970444 0.790126 0.961187 0.790126
1 0.971839 0.762863 0.981096 0.762863 0.981096 0.790126 0.971839 0.790126
1 0.983061 0.762546 0.992318 0.762546 0.992318 0.789809 0.983061 0.789809
1 0.936567 0.843550 0.968694 0.843550 0.968694 0.874809 0.936567 0.874809
1 0.936132 0.892501 0.968042 0.892501 0.968042 0.923542 0.936132 0.923542
1 0.029685 0.974751 0.054208 0.974751 0.054208 0.995798 0.029685 0.995798
1 0.072972 0.957476 0.096701 0.957476 0.096701 0.979615 0.072972 0.979615
