0 0.088385 0.488922 0.135345 0.488922 0.135345 0.510058 0.088385 0.510058
0 0.865452 0.488625 0.911610 0.488625 0.911610 0.509603 0.865452 0.509603
0 0.282093 0.489529 0.329010 0.489529 0.329010 0.510233 0.282093 0.510233
0 0.670299 0.488987 0.717717 0.488987 0.717717 0.509217 0.670299 0.509217
0 0.476666 0.489645 0.523640 0.489645 0.523640 0.510172 0.476666 0.510172
1 0.282328 0.509513 0.295889 0.509513 0.295889 0.525470 0.282328 0.525470
1 0.088406 0.509569 0.102054 0.509569 0.102054 0.525296 0.088406 0.525296
1 0.670991 0.509371 0.683818 0.509371 0.683818 0.524682 0.670991 0.524682
1 0.897692 0.509540 0.910534 0.509540 0.910534 0.524753 0.897692 0.524753
1 0.508608 0.509694 0.521942 0.509694 0.521942 0.525166 0.508608 0.525166
1 0.703282 0.509176 0.716523 0.509176 0.716523 0.524695 0.703282 0.524695
1 0.864705 0.508870 0.878225 0.508870 0.878225 0.524970 0.864705 0.524970
1 0.121324 0.509787 0.134056 0.509787 0.134056 0.525384 0.121324 0.525384
1 0.687159 0.473379 0.700507 0.473379 0.700507 0.489707 0.687159 0.489707
1 0.314423 0.509647 0.328031 0.509647 0.328031 0.525161 0.314423 0.525161
1 0.104671 0.474242 0.117766 0.474242 0.117766 0.489420 0.104671 0.489420
1 0.881690 0.473081 0.894844 0.473081 0.894844 0.489204 0.881690 0.489204
1 0.493418 0.473884 0.505920 0.473884 0.505920 0.490089 0.493418 0.490089
1 0.476875 0.509962 0.489387 0.509962 0.489387 0.524426 0.476875 0.524426
1 0.298948 0.473773 0.312060 0.473773 0.312060 0.490017 0.298948 0.490017
1 0.881140 0.473152 0.894857 0.473152 0.894857 0.488965 0.881140 0.488965
1 0.314600 0.509984 0.328054 0.509984 0.328054 0.525027 0.314600 0.525027
