0 0.557601 0.570562 0.565010 0.570562 0.565010 0.585675 0.557601 0.585675
0 0.552928 0.547689 0.567836 0.547689 0.567836 0.556209 0.552928 0.556209
0 0.743270 0.374482 0.755072 0.374482 0.755072 0.400406 0.743270 0.400406
0 0.492080 0.406056 0.499834 0.406056 0.499834 0.421053 0.492080 0.421053
0 0.457673 0.580621 0.465485 0.580621 0.465485 0.595926 0.457673 0.595926
0 0.590207 0.218447 0.598197 0.218447 0.598197 0.233413 0.590207 0.233413
0 0.594205 0.154221 0.602540 0.154221 0.602540 0.169692 0.594205 0.169692
0 0.573770 0.392404 0.600255 0.392404 0.600255 0.443184 0.573770 0.443184
0 0.593433 0.470498 0.606444 0.470498 0.606444 0.494796 0.593433 0.494796
0 0.918806 0.371967 0.939915 0.371967 0.939915 0.405431 0.918806 0.405431
0 0.745902 0.670594 0.798156 0.670594 0.798156 0.710553 0.745902 0.710553
0 0.774928 0.592539 0.814287 0.592539 0.814287 0.642989 0.774928 0.642989
0 0.719685 0.695138 0.727339 0.695138 0.727339 0.710396 0.719685 0.710396
0 0.691900 0.700366 0.707296 0.700366 0.707296 0.708379 0.691900 0.708379
0 0.488580 0.453101 0.496072 0.453101 0.496072 0.467691 0.488580 0.467691
0 0.795998 0.289271 0.814404 0.289271 0.814404 0.336443 0.795998 0.336443
1 0.773438 0.317641 0.795329 0.317641 0.795329 0.339078 0.773438 0.339078
1 0.815167 0.300264 0.839879 0.300264 0.839879 0.323433 0.815167 0.323433
1 0.771932 0.285744 0.795273 0.285744 0.795273 0.305952 0.771932 0.305952
0 0.816838 0.366890 0.887360 0.366890 0.887360 0.423243 0.816838 0.423243
1 0.796101 0.374471 0.816200 0.374471 0.816200 0.415187 0.796101 0.415187
0 0.768966 0.483176 0.824366 0.483176 0.824366 0.555324 0.768966 0.555324
1 0.775536 0.555321 0.817929 0.555321 0.817929 0.575796 0.775536 0.575796
1 0.775845 0.465075 0.817516 0.465075 0.817516 0.483101 0.775845 0.483101
0 0.636336 0.693732 0.663077 0.693732 0.663077 0.713846 0.636336 0.713846
1 0.616462 0.699997 0.635974 0.699997 0.635974 0.711720 0.616462 0.711720
1 0.541883 0.662040 0.563520 0.662040 0.563520 0.682588 0.541883 0.682588
1 0.541662 0.694575 0.563373 0.694575 0.563373 0.714404 0.541662 0.714404
0 0.741709 0.289525 0.756453 0.289525 0.756453 0.315552 0.741709 0.315552
0 0.751965 0.173573 0.773075 0.173573 0.773075 0.207042 0.751965 0.207042
0 0.737376 0.620926 0.751675 0.620926 0.751675 0.646370 0.737376 0.646370
0 0.770652 0.374609 0.785472 0.374609 0.785472 0.400266 0.770652 0.400266
0 0.435004 0.136333 0.461233 0.136333 0.461233 0.150396 0.435004 0.150396
0 0.529182 0.156578 0.543064 0.156578 0.543064 0.182226 0.529182 0.182226
0 0.603841 0.587897 0.625078 0.587897 0.625078 0.620886 0.603841 0.620886
0 0.574128 0.586500 0.594418 0.586500 0.594418 0.619722 0.574128 0.619722
0 0.589605 0.549010 0.623207 0.549010 0.623207 0.570953 0.589605 0.570953
0 0.467597 0.270326 0.476949 0.270326 0.476949 0.286910 0.467597 0.286910
0 0.752422 0.143089 0.778122 0.143089 0.778122 0.157466 0.752422 0.157466
0 0.620850 0.506648 0.646868 0.506648 0.646868 0.521039 0.620850 0.521039
0 0.614844 0.470206 0.628399 0.470206 0.628399 0.495853 0.614844 0.495853
0 0.611094 0.530269 0.627656 0.530269 0.627656 0.539578 0.611094 0.539578
0 0.918109 0.219661 0.939293 0.219661 0.939293 0.253197 0.918109 0.253197
0 0.888045 0.220325 0.909504 0.220325 0.909504 0.253292 0.888045 0.253292
0 0.859309 0.220515 0.881328 0.220515 0.881328 0.253861 0.859309 0.253861
0 0.897647 0.272596 0.906278 0.272596 0.906278 0.287034 0.897647 0.287034
0 0.947265 0.309834 0.956390 0.309834 0.956390 0.325188 0.947265 0.325188
0 0.673377 0.673056 0.681958 0.673056 0.681958 0.689728 0.673377 0.689728
0 0.617925 0.736973 0.759416 0.736973 0.759416 0.894809 0.617925 0.894809
1 0.515870 0.756426 0.615545 0.756426 0.615545 0.787331 0.515870 0.787331
1 0.515046 0.842235 0.615266 0.842235 0.615266 0.874755 0.515046 0.874755
0 0.857620 0.699699 0.936576 0.699699 0.936576 0.763435 0.857620 0.763435
1 0.922306 0.785020 0.936653 0.785020 0.936653 0.792890 0.922306 0.792890
1 0.901127 0.784660 0.914688 0.784660 0.914688 0.792525 0.901127 0.792525
1 0.879209 0.784660 0.893159 0.784660 0.893159 0.792744 0.879209 0.792744
1 0.858045 0.784346 0.871704 0.784346 0.871704 0.792744 0.858045 0.792744
0 0.839920 0.563403 0.923229 0.563403 0.923229 0.630367 0.839920 0.630367
1 0.907708 0.630351 0.921225 0.630351 0.921225 0.656564 0.907708 0.656564
1 0.885902 0.647826 0.899941 0.647826 0.899941 0.656564 0.885902 0.656564
1 0.864021 0.648274 0.877911 0.648274 0.877911 0.656713 0.864021 0.656713
1 0.843111 0.630501 0.856387 0.630501 0.856387 0.657323 0.843111 0.657323
0 0.706144 0.474117 0.755341 0.474117 0.755341 0.494575 0.706144 0.494575
1 0.737572 0.452107 0.757870 0.452107 0.757870 0.473504 0.737572 0.473504
1 0.705088 0.450592 0.725492 0.450592 0.725492 0.473620 0.705088 0.473620
1 0.721445 0.494951 0.741623 0.494951 0.741623 0.516726 0.721445 0.516726
1 0.672201 0.452219 0.692834 0.452219 0.692834 0.472581 0.672201 0.472581
1 0.638272 0.450478 0.660423 0.450478 0.660423 0.472469 0.638272 0.472469
1 0.656275 0.493913 0.676713 0.493913 0.676713 0.517070 0.656275 0.517070
0 0.841660 0.804488 0.941308 0.804488 0.941308 0.911320 0.841660 0.911320
0 0.084427 0.220906 0.422420 0.220906 0.422420 0.558925 0.084427 0.558925
0 0.297486 0.088181 0.305681 0.088181 0.305681 0.103562 0.297486 0.103562
0 0.314651 0.103334 0.322899 0.103334 0.322899 0.118829 0.314651 0.118829
0 0.918593 0.093048 0.967275 0.093048 0.967275 0.113427 0.918593 0.113427
1 0.916601 0.113619 0.938052 0.113619 0.938052 0.137343 0.916601 0.137343
1 0.949114 0.113690 0.969752 0.113690 0.969752 0.136919 0.949114 0.136919
1 0.932586 0.070599 0.953636 0.070599 0.953636 0.092820 0.932586 0.092820
0 0.210809 0.109119 0.226691 0.109119 0.226691 0.117828 0.210809 0.117828
0 0.435339 0.112169 0.461121 0.112169 0.461121 0.125674 0.435339 0.125674
0 0.883770 0.111484 0.898461 0.111484 0.898461 0.137056 0.883770 0.137056
0 0.738696 0.115443 0.764665 0.115443 0.764665 0.129726 0.738696 0.129726
0 0.036100 0.020971 0.043961 0.020971 0.043961 0.035931 0.036100 0.035931
0 0.445660 0.032714 0.470092 0.032714 0.470092 0.084773 0.445660 0.084773
0 0.280592 0.022798 0.292869 0.022798 0.292869 0.048948 0.280592 0.048948
0 0.750431 0.009477 0.762767 0.009477 0.762767 0.034963 0.750431 0.034963
0 0.203008 0.021957 0.217110 0.021957 0.217110 0.047302 0.203008 0.047302
0 0.225695 0.022074 0.240263 0.022074 0.240263 0.047830 0.225695 0.047830
0 0.011899 0.019284 0.025908 0.019284 0.025908 0.045544 0.011899 0.045544
0 0.674169 0.053992 0.722975 0.053992 0.722975 0.103952 0.674169 0.103952
1 0.557560 0.566664 0.565345 0.566664 0.565345 0.570054 0.557560 0.570054
1 0.557874 0.586000 0.565157 0.586000 0.565157 0.589014 0.557874 0.589014
1 0.571597 0.577496 0.598221 0.577496 0.598221 0.586345 0.571597 0.586345
1 0.601636 0.577652 0.626630 0.577652 0.626630 0.587587 0.601636 0.587587
1 0.571597 0.620110 0.598221 0.620110 0.598221 0.628959 0.571597 0.628959
1 0.601481 0.621274 0.626552 0.621274 0.626552 0.628959 0.601481 0.628959
1 0.623292 0.547845 0.631831 0.547845 0.631831 0.571209 0.623292 0.571209
1 0.580523 0.547380 0.589217 0.547380 0.589217 0.572761 0.580523 0.572761
1 0.035286 0.035990 0.044782 0.035990 0.044782 0.039507 0.035286 0.039507
1 0.035755 0.016764 0.044547 0.016764 0.044547 0.020515 0.035755 0.020515
1 0.011782 0.014595 0.027959 0.014595 0.027959 0.019402 0.011782 0.019402
1 0.009613 0.045954 0.028311 0.045954 0.028311 0.050057 0.009613 0.050057
1 0.202280 0.016823 0.218282 0.016823 0.218282 0.021629 0.202280 0.021629
1 0.225706 0.017580 0.241142 0.017580 0.241142 0.021839 0.225706 0.021839
1 0.202028 0.047178 0.218625 0.047178 0.218625 0.052489 0.202028 0.052489
1 0.225430 0.048284 0.242469 0.048284 0.242469 0.052157 0.225430 0.052157
0 0.327499 0.022903 0.339777 0.022903 0.339777 0.049053 0.327499 0.049053
1 0.276591 0.018099 0.292946 0.018099 0.292946 0.022548 0.276591 0.022548
1 0.278094 0.049366 0.295532 0.049366 0.295532 0.053394 0.278094 0.053394
1 0.326197 0.049366 0.341710 0.049366 0.341710 0.053334 0.326197 0.053334
1 0.325476 0.018099 0.342492 0.018099 0.342492 0.022789 0.325476 0.022789
0 0.365298 0.140997 0.377564 0.140997 0.377564 0.165830 0.365298 0.165830
0 0.339271 0.140512 0.351798 0.140512 0.351798 0.165575 0.339271 0.165575
1 0.336179 0.136131 0.354277 0.136131 0.354277 0.140160 0.336179 0.140160
1 0.337742 0.165955 0.354518 0.165955 0.354518 0.171126 0.337742 0.171126
1 0.362816 0.135951 0.379712 0.135951 0.379712 0.140701 0.362816 0.140701
1 0.363597 0.166015 0.380133 0.166015 0.380133 0.170705 0.363597 0.170705
0 0.392337 0.012554 0.429491 0.012554 0.429491 0.078746 0.392337 0.078746
1 0.400072 0.080395 0.424038 0.080395 0.424038 0.095738 0.400072 0.095738
1 0.397916 0.002283 0.423701 0.002283 0.423701 0.012389 0.397916 0.012389
1 0.444122 0.022402 0.472594 0.022402 0.472594 0.032572 0.444122 0.032572
1 0.443135 0.084651 0.473995 0.084651 0.473995 0.094287 0.443135 0.094287
1 0.748297 0.004915 0.765291 0.004915 0.765291 0.009348 0.748297 0.009348
1 0.748543 0.035332 0.764983 0.035332 0.764983 0.038904 0.748543 0.038904
1 0.882421 0.106940 0.899034 0.106940 0.899034 0.111360 0.882421 0.111360
1 0.883515 0.137353 0.899684 0.137353 0.899684 0.141965 0.883515 0.141965
1 0.733857 0.114971 0.738578 0.114971 0.738578 0.130907 0.733857 0.130907
1 0.765078 0.115030 0.769092 0.115030 0.769092 0.131674 0.765078 0.131674
1 0.748140 0.141707 0.752153 0.141707 0.752153 0.159709 0.748140 0.159709
1 0.778535 0.141530 0.783611 0.141530 0.783611 0.159177 0.778535 0.159177
1 0.594353 0.150631 0.602573 0.150631 0.602573 0.153839 0.594353 0.153839
1 0.593751 0.169879 0.602974 0.169879 0.602974 0.173589 0.593751 0.173589
1 0.528072 0.152267 0.544277 0.152267 0.544277 0.156396 0.528072 0.156396
1 0.528072 0.182220 0.544695 0.182220 0.544695 0.187814 0.528072 0.187814
1 0.430763 0.109993 0.435283 0.109993 0.435283 0.127683 0.430763 0.127683
1 0.461345 0.109770 0.465586 0.109770 0.465586 0.128353 0.461345 0.128353
1 0.461512 0.134268 0.466088 0.134268 0.466088 0.151680 0.461512 0.151680
1 0.430373 0.133989 0.434781 0.133989 0.434781 0.152572 0.430373 0.152572
0 0.395829 0.140797 0.408106 0.140797 0.408106 0.165966 0.395829 0.165966
1 0.393094 0.136110 0.410115 0.136110 0.410115 0.140686 0.393094 0.140686
1 0.393039 0.166022 0.411343 0.166022 0.411343 0.170486 0.393039 0.170486
0 0.215019 0.156367 0.223111 0.156367 0.223111 0.171825 0.215019 0.171825
1 0.214907 0.152238 0.222999 0.152238 0.222999 0.155977 0.214907 0.155977
1 0.215019 0.172049 0.223501 0.172049 0.223501 0.174950 0.215019 0.174950
0 0.124614 0.159492 0.131869 0.159492 0.131869 0.174839 0.124614 0.174839
1 0.124670 0.155698 0.132706 0.155698 0.132706 0.159269 0.124670 0.159269
1 0.124391 0.175006 0.132929 0.175006 0.132929 0.178299 0.124391 0.178299
0 0.035827 0.156367 0.044756 0.156367 0.044756 0.172830 0.035827 0.172830
1 0.035771 0.153019 0.044254 0.153019 0.044254 0.156088 0.035771 0.156088
1 0.036274 0.173220 0.044812 0.173220 0.044812 0.176401 0.036274 0.176401
1 0.748587 0.164076 0.775847 0.164076 0.775847 0.173540 0.748587 0.173540
1 0.748166 0.206897 0.775230 0.206897 0.775230 0.216746 0.748166 0.216746
1 0.916134 0.210763 0.941665 0.210763 0.941665 0.219613 0.916134 0.219613
1 0.885692 0.210885 0.912160 0.210885 0.912160 0.220277 0.885692 0.220277
1 0.855808 0.210885 0.882276 0.210885 0.882276 0.220277 0.855808 0.220277
1 0.857562 0.253944 0.882564 0.253944 0.882564 0.261899 0.857562 0.261899
1 0.886328 0.253359 0.912492 0.253359 0.912492 0.262059 0.886328 0.262059
1 0.916297 0.253502 0.941302 0.253502 0.941302 0.261846 0.916297 0.261846
1 0.589878 0.214181 0.598320 0.214181 0.598320 0.218094 0.589878 0.218094
1 0.589508 0.233413 0.598207 0.233413 0.598207 0.236936 0.589508 0.236936
1 0.399142 0.192223 0.405279 0.192223 0.405279 0.220239 0.399142 0.220239
1 0.391137 0.190088 0.396607 0.190088 0.396607 0.220105 0.391137 0.220105
1 0.382332 0.190088 0.387802 0.190088 0.387802 0.220105 0.382332 0.220105
1 0.373091 0.190220 0.379664 0.190220 0.379664 0.220105 0.373091 0.220105
1 0.364944 0.190007 0.370992 0.190007 0.370992 0.219972 0.364944 0.219972
1 0.356717 0.189955 0.362187 0.189955 0.362187 0.219972 0.356717 0.219972
1 0.347796 0.190380 0.354316 0.190380 0.354316 0.220506 0.347796 0.220506
1 0.313714 0.189634 0.320030 0.189634 0.320030 0.220239 0.313714 0.220239
1 0.339276 0.190114 0.345644 0.190114 0.345644 0.220372 0.339276 0.220372
1 0.331370 0.190355 0.336839 0.190355 0.336839 0.220372 0.331370 0.220372
1 0.322341 0.190273 0.328701 0.190273 0.328701 0.220372 0.322341 0.220372
1 0.305755 0.190222 0.311225 0.190222 0.311225 0.220239 0.305755 0.220239
1 0.296939 0.190593 0.303117 0.190593 0.303117 0.220202 0.296939 0.220202
1 0.288259 0.189634 0.294011 0.189634 0.294011 0.220255 0.288259 0.220255
1 0.279685 0.189954 0.285650 0.189954 0.285650 0.220308 0.279685 0.220308
1 0.270632 0.192084 0.277449 0.192084 0.277449 0.219989 0.270632 0.219989
1 0.262698 0.189368 0.268396 0.189368 0.268396 0.220095 0.262698 0.220095
1 0.253911 0.190273 0.260248 0.190273 0.260248 0.220148 0.253911 0.220148
1 0.245390 0.189901 0.252088 0.189901 0.252088 0.219813 0.245390 0.219813
1 0.210989 0.190433 0.217855 0.190433 0.217855 0.219760 0.210989 0.219760
1 0.236710 0.192297 0.243367 0.192297 0.243367 0.220042 0.236710 0.220042
1 0.228349 0.190380 0.234793 0.190380 0.234793 0.220361 0.228349 0.220361
1 0.219963 0.192037 0.226100 0.192037 0.226100 0.220053 0.219963 0.220053
1 0.203161 0.190273 0.209072 0.190273 0.209072 0.220361 0.203161 0.220361
1 0.194427 0.190327 0.200392 0.190327 0.200392 0.220148 0.194427 0.220148
1 0.185907 0.190273 0.192416 0.190273 0.192416 0.220345 0.185907 0.220345
1 0.177067 0.190167 0.183640 0.190167 0.183640 0.220239 0.177067 0.220239
1 0.143458 0.190222 0.149535 0.190222 0.149535 0.220415 0.143458 0.220415
1 0.169179 0.191047 0.174649 0.191047 0.174649 0.221065 0.169179 0.221065
1 0.160239 0.189954 0.166523 0.189954 0.166523 0.220308 0.160239 0.220308
1 0.151694 0.190260 0.158322 0.190260 0.158322 0.220202 0.151694 0.220202
1 0.134706 0.190328 0.140961 0.190328 0.140961 0.220255 0.134706 0.220255
1 0.126157 0.192191 0.132813 0.192191 0.132813 0.220148 0.126157 0.220148
1 0.117509 0.192485 0.124346 0.192485 0.124346 0.220628 0.117509 0.220628
1 0.109646 0.190210 0.115506 0.190210 0.115506 0.220628 0.109646 0.220628
1 0.100734 0.190104 0.106986 0.190104 0.106986 0.220361 0.100734 0.220361
1 0.399072 0.560277 0.404994 0.560277 0.404994 0.589617 0.399072 0.589617
1 0.390997 0.560312 0.397086 0.560312 0.397086 0.590247 0.390997 0.590247
1 0.382402 0.559962 0.388548 0.559962 0.388548 0.589617 0.382402 0.589617
1 0.373651 0.560304 0.380224 0.560304 0.380224 0.590190 0.373651 0.590190
1 0.364944 0.560371 0.370992 0.560371 0.370992 0.590336 0.364944 0.590336
1 0.356717 0.560319 0.362443 0.560319 0.362443 0.589897 0.356717 0.589897
1 0.348356 0.560324 0.354045 0.560324 0.354045 0.588987 0.348356 0.588987
1 0.314274 0.560278 0.320592 0.560278 0.320592 0.590317 0.314274 0.590317
1 0.339486 0.560198 0.345717 0.560198 0.345717 0.589547 0.339486 0.589547
1 0.330670 0.560369 0.337528 0.560369 0.337528 0.589967 0.330670 0.589967
1 0.322271 0.560358 0.328990 0.560358 0.328990 0.590037 0.322271 0.590037
1 0.305405 0.560516 0.312193 0.560516 0.312193 0.590037 0.305405 0.590037
1 0.296310 0.560257 0.303655 0.560257 0.303655 0.590037 0.296310 0.590037
1 0.288259 0.560139 0.294837 0.560139 0.294837 0.589897 0.288259 0.589897
1 0.279895 0.560178 0.286089 0.560178 0.286089 0.589827 0.279895 0.589827
1 0.271122 0.560559 0.277761 0.560559 0.277761 0.589687 0.271122 0.589687
1 0.263258 0.560012 0.268942 0.560012 0.268942 0.589827 0.263258 0.589827
1 0.254681 0.560218 0.260754 0.560218 0.260754 0.589547 0.254681 0.589547
1 0.245390 0.560265 0.252088 0.560265 0.252088 0.590178 0.245390 0.590178
1 0.211549 0.560167 0.218415 0.560167 0.218415 0.589494 0.211549 0.589494
1 0.237270 0.560212 0.243677 0.560212 0.243677 0.589617 0.237270 0.589617
1 0.228909 0.560394 0.235209 0.560394 0.235209 0.589337 0.228909 0.589337
1 0.220453 0.560301 0.226391 0.560301 0.226391 0.589337 0.220453 0.589337
1 0.203511 0.559938 0.209664 0.559938 0.209664 0.589757 0.203511 0.589757
1 0.195057 0.560131 0.201021 0.560131 0.201021 0.589953 0.195057 0.589953
1 0.185977 0.560008 0.192798 0.560008 0.192798 0.589827 0.185977 0.589827
1 0.177557 0.560111 0.184120 0.560111 0.184120 0.589757 0.177557 0.589757
1 0.143877 0.560026 0.149955 0.560026 0.149955 0.590219 0.143877 0.590219
1 0.169529 0.560152 0.175721 0.560152 0.175721 0.588427 0.169529 0.588427
1 0.160589 0.560108 0.166973 0.560108 0.166973 0.588217 0.160589 0.588217
1 0.151484 0.559925 0.158575 0.559925 0.158575 0.588637 0.151484 0.588637
1 0.135056 0.560062 0.141358 0.560062 0.141358 0.589057 0.135056 0.589057
1 0.126087 0.559825 0.132960 0.559825 0.132960 0.589547 0.126087 0.589547
1 0.117440 0.560260 0.124276 0.560260 0.124276 0.588402 0.117440 0.588402
1 0.109926 0.560294 0.116024 0.560294 0.116024 0.588357 0.109926 0.588357
1 0.101014 0.560258 0.107345 0.560258 0.107345 0.588707 0.101014 0.588707
1 0.457484 0.576249 0.466092 0.576249 0.466092 0.580239 0.457484 0.580239
1 0.457659 0.596054 0.466233 0.596054 0.466233 0.599373 0.457659 0.599373
1 0.053636 0.237907 0.083245 0.237907 0.083245 0.243553 0.053636 0.243553
1 0.053612 0.246817 0.083294 0.246817 0.083294 0.252445 0.053612 0.252445
1 0.053490 0.255227 0.083206 0.255227 0.083206 0.260668 0.053490 0.260668
1 0.053869 0.263599 0.083502 0.263599 0.083502 0.269039 0.053869 0.269039
1 0.055111 0.271904 0.083287 0.271904 0.083287 0.277804 0.055111 0.277804
1 0.053403 0.280598 0.083464 0.280598 0.083464 0.286154 0.053403 0.286154
1 0.054955 0.288671 0.083487 0.288671 0.083487 0.294559 0.054955 0.294559
1 0.055266 0.297209 0.083130 0.297209 0.083130 0.303205 0.055266 0.303205
1 0.053655 0.306000 0.083209 0.306000 0.083209 0.311879 0.053655 0.311879
1 0.053403 0.314130 0.083287 0.314130 0.083287 0.320495 0.053403 0.320495
1 0.054878 0.323134 0.083387 0.323134 0.083387 0.328691 0.054878 0.328691
1 0.052981 0.331564 0.083520 0.331564 0.083520 0.337649 0.052981 0.337649
1 0.053302 0.340236 0.083520 0.340236 0.083520 0.346012 0.053302 0.346012
1 0.053548 0.348578 0.083364 0.348578 0.083364 0.354803 0.053548 0.354803
1 0.053713 0.356588 0.083142 0.356588 0.083142 0.363127 0.053713 0.363127
1 0.053220 0.365722 0.083438 0.365722 0.083438 0.371498 0.053220 0.371498
1 0.053713 0.373743 0.083442 0.373743 0.083442 0.380263 0.053713 0.380263
1 0.053636 0.382902 0.083675 0.382902 0.083675 0.388490 0.053636 0.388490
1 0.053791 0.391285 0.083520 0.391285 0.083520 0.397339 0.053791 0.397339
1 0.053354 0.399972 0.083405 0.399972 0.083405 0.405664 0.053354 0.405664
1 0.053231 0.408382 0.083287 0.408382 0.083287 0.414260 0.053231 0.414260
1 0.053713 0.416511 0.083287 0.416511 0.083287 0.422643 0.053713 0.422643
1 0.055033 0.424662 0.083287 0.424662 0.083287 0.431415 0.055033 0.431415
1 0.053170 0.433821 0.083442 0.433821 0.083442 0.439953 0.053170 0.439953
1 0.055227 0.442221 0.083364 0.442221 0.083364 0.448181 0.055227 0.448181
1 0.053863 0.450553 0.083209 0.450553 0.083209 0.456874 0.053863 0.456874
1 0.054122 0.459133 0.083209 0.459133 0.083209 0.465179 0.054122 0.465179
1 0.054504 0.467863 0.083209 0.467863 0.083209 0.474106 0.054504 0.474106
1 0.054382 0.476350 0.083752 0.476350 0.083752 0.482489 0.054382 0.482489
1 0.053593 0.484265 0.083364 0.484265 0.083364 0.491338 0.053593 0.491338
1 0.053791 0.493072 0.083287 0.493072 0.083287 0.499410 0.053791 0.499410
1 0.053558 0.501506 0.083442 0.501506 0.083442 0.507948 0.053558 0.507948
1 0.053540 0.510605 0.083759 0.510605 0.083759 0.516381 0.053540 0.516381
1 0.053582 0.519024 0.083634 0.519024 0.083634 0.524716 0.053582 0.524716
1 0.053791 0.527431 0.083520 0.527431 0.083520 0.533874 0.053791 0.533874
1 0.053460 0.536127 0.083364 0.536127 0.083364 0.541946 0.053460 0.541946
1 0.422973 0.237561 0.450973 0.237561 0.450973 0.243564 0.422973 0.243564
1 0.422949 0.246471 0.452631 0.246471 0.452631 0.252098 0.422949 0.252098
1 0.422827 0.254881 0.452570 0.254881 0.452570 0.260938 0.422827 0.260938
1 0.422803 0.263046 0.450781 0.263046 0.450781 0.269690 0.422803 0.269690
1 0.423042 0.271558 0.452634 0.271558 0.452634 0.278505 0.423042 0.278505
1 0.422740 0.280252 0.451101 0.280252 0.451101 0.286553 0.422740 0.286553
1 0.422823 0.288516 0.452442 0.288516 0.452442 0.295113 0.422823 0.295113
1 0.422942 0.296990 0.450973 0.296990 0.450973 0.303736 0.422942 0.303736
1 0.422864 0.305590 0.452634 0.305590 0.452634 0.311848 0.422864 0.311848
1 0.422740 0.313784 0.452624 0.313784 0.452624 0.320149 0.422740 0.320149
1 0.424215 0.322788 0.452724 0.322788 0.452724 0.328345 0.424215 0.328345
1 0.423059 0.330564 0.452857 0.330564 0.452857 0.337303 0.423059 0.337303
1 0.422639 0.339890 0.452857 0.339890 0.452857 0.345665 0.422639 0.345665
1 0.422885 0.348232 0.453273 0.348232 0.453273 0.354902 0.422885 0.354902
1 0.423050 0.356242 0.452479 0.356242 0.452479 0.362781 0.423050 0.362781
1 0.423186 0.365250 0.452775 0.365250 0.452775 0.371151 0.423186 0.371151
1 0.423050 0.373524 0.452779 0.373524 0.452779 0.380044 0.423050 0.380044
1 0.422973 0.382556 0.453012 0.382556 0.453012 0.388144 0.422973 0.388144
1 0.423128 0.390939 0.452857 0.390939 0.452857 0.396993 0.423128 0.396993
1 0.423186 0.399296 0.452762 0.399296 0.452762 0.405748 0.423186 0.405748
1 0.422995 0.407345 0.452762 0.407345 0.452762 0.414244 0.422995 0.414244
1 0.423050 0.416165 0.452762 0.416165 0.452762 0.422867 0.423050 0.422867
1 0.423250 0.424528 0.452624 0.424528 0.452624 0.431068 0.423250 0.431068
1 0.423059 0.433598 0.452762 0.433598 0.452762 0.439794 0.423059 0.439794
1 0.422931 0.441583 0.452825 0.441583 0.452825 0.448673 0.422931 0.448673
1 0.423264 0.450271 0.451165 0.450271 0.451165 0.457041 0.423264 0.457041
1 0.423459 0.458786 0.452953 0.458786 0.452953 0.465345 0.423459 0.465345
1 0.423650 0.467516 0.452698 0.467516 0.452698 0.474352 0.423650 0.474352
1 0.423719 0.476004 0.451165 0.476004 0.451165 0.482464 0.423719 0.482464
1 0.423123 0.484317 0.451228 0.484317 0.451228 0.490896 0.423123 0.490896
1 0.423128 0.492726 0.452624 0.492726 0.452624 0.499064 0.423128 0.499064
1 0.422895 0.501160 0.452779 0.501160 0.452779 0.507602 0.422895 0.507602
1 0.423506 0.509612 0.453096 0.509612 0.453096 0.516034 0.423506 0.516034
1 0.423697 0.518363 0.452971 0.518363 0.452971 0.524370 0.423697 0.524370
1 0.423384 0.527085 0.453112 0.527085 0.453112 0.533527 0.423384 0.533527
1 0.423570 0.535483 0.452701 0.535483 0.452701 0.541600 0.423570 0.541600
1 0.897727 0.268564 0.906161 0.268564 0.906161 0.272469 0.897727 0.272469
1 0.897844 0.287190 0.906434 0.287190 0.906434 0.291836 0.897844 0.291836
1 0.947334 0.306152 0.956242 0.306152 0.956242 0.309664 0.947334 0.309664
1 0.947112 0.325409 0.957203 0.325409 0.957203 0.329180 0.947112 0.329180
0 0.124937 0.130249 0.132781 0.130249 0.132781 0.146035 0.124937 0.146035
1 0.124937 0.125930 0.132384 0.125930 0.132384 0.130100 0.124937 0.130100
1 0.124690 0.145872 0.133149 0.145872 0.133149 0.149527 0.124690 0.149527
0 0.161947 0.124594 0.169646 0.124594 0.169646 0.139801 0.161947 0.139801
1 0.161927 0.120860 0.169424 0.120860 0.169424 0.124442 0.161927 0.124442
1 0.161677 0.139811 0.169715 0.139811 0.169715 0.143643 0.161677 0.143643
0 0.178087 0.124817 0.186750 0.124817 0.186750 0.139977 0.178087 0.139977
1 0.178202 0.120620 0.186706 0.120620 0.186706 0.124590 0.178202 0.124590
1 0.178151 0.140087 0.186911 0.140087 0.186911 0.143391 0.178151 0.143391
1 0.226785 0.109172 0.230435 0.109172 0.230435 0.117808 0.226785 0.117808
1 0.207330 0.108586 0.210686 0.108586 0.210686 0.117711 0.207330 0.117711
1 0.297581 0.083926 0.305596 0.083926 0.305596 0.088125 0.297581 0.088125
1 0.296945 0.103774 0.305978 0.103774 0.305978 0.107209 0.296945 0.107209
1 0.314714 0.099363 0.322474 0.099363 0.322474 0.103180 0.314714 0.103180
1 0.467469 0.266758 0.476698 0.266758 0.476698 0.270148 0.467469 0.270148
1 0.467720 0.287161 0.476510 0.287161 0.476510 0.290301 0.467720 0.290301
0 0.001820 0.244014 0.009909 0.244014 0.009909 0.259450 0.001820 0.259450
1 0.001866 0.240164 0.009883 0.240164 0.009883 0.243844 0.001866 0.243844
1 0.001966 0.259728 0.010034 0.259728 0.010034 0.263156 0.001966 0.263156
0 0.078753 0.579639 0.087277 0.579639 0.087277 0.596686 0.078753 0.596686
1 0.079108 0.576132 0.086921 0.576132 0.086921 0.579373 0.079108 0.579373
1 0.077946 0.596747 0.088038 0.596747 0.088038 0.601050 0.077946 0.601050
0 0.514649 0.578197 0.548438 0.578197 0.548438 0.595868 0.514649 0.595868
1 0.516549 0.561159 0.523917 0.561159 0.523917 0.577794 0.516549 0.577794
1 0.527255 0.561101 0.534623 0.561101 0.534623 0.577794 0.527255 0.577794
1 0.538249 0.561101 0.545790 0.561101 0.545790 0.577794 0.538249 0.577794
1 0.549359 0.548150 0.552812 0.548150 0.552812 0.556209 0.549359 0.556209
1 0.568124 0.547689 0.572211 0.547689 0.572211 0.556957 0.568124 0.556957
1 0.607980 0.530686 0.610837 0.530686 0.610837 0.539674 0.607980 0.539674
1 0.627817 0.530462 0.631123 0.530462 0.631123 0.540091 0.627817 0.540091
1 0.515637 0.596204 0.523977 0.596204 0.523977 0.615192 0.515637 0.615192
1 0.527625 0.596130 0.535295 0.596130 0.535295 0.615788 0.527625 0.615788
1 0.538273 0.595906 0.546166 0.595906 0.546166 0.614522 0.538273 0.614522
1 0.840880 0.530554 0.857621 0.530554 0.857621 0.563352 0.840880 0.563352
1 0.861875 0.531811 0.880409 0.531811 0.880409 0.563180 0.861875 0.563180
1 0.882855 0.531445 0.901740 0.531445 0.901740 0.563009 0.882855 0.563009
1 0.904933 0.531689 0.923329 0.531689 0.923329 0.562923 0.904933 0.562923
1 0.767451 0.579609 0.819981 0.579609 0.819981 0.592294 0.767451 0.592294
1 0.768914 0.643117 0.820550 0.643117 0.820550 0.655640 0.768914 0.655640
1 0.798351 0.661820 0.809898 0.661820 0.809898 0.714269 0.798351 0.714269
1 0.735330 0.663528 0.745576 0.663528 0.745576 0.715489 0.735330 0.715489
1 0.734761 0.616202 0.754033 0.616202 0.754033 0.620918 0.734761 0.620918
1 0.734680 0.646695 0.754033 0.646695 0.754033 0.651086 0.734680 0.651086
0 0.640987 0.472806 0.690924 0.472806 0.690924 0.493309 0.640987 0.493309
1 0.590993 0.465847 0.607826 0.465847 0.607826 0.470238 0.590993 0.470238
1 0.614575 0.464953 0.628968 0.464953 0.628968 0.470238 0.614575 0.470238
1 0.590379 0.495056 0.609872 0.495056 0.609872 0.499675 0.590379 0.499675
1 0.612576 0.495995 0.631505 0.495995 0.631505 0.500014 0.612576 0.500014
1 0.616821 0.503713 0.620735 0.503713 0.620735 0.522593 0.616821 0.522593
1 0.646925 0.504634 0.651242 0.504634 0.651242 0.523168 0.646925 0.523168
1 0.492421 0.402133 0.499281 0.402133 0.499281 0.405950 0.492421 0.405950
1 0.491812 0.421219 0.499889 0.421219 0.499889 0.424373 0.491812 0.424373
1 0.488327 0.448494 0.496791 0.448494 0.496791 0.452864 0.488327 0.452864
1 0.488382 0.468134 0.496349 0.468134 0.496349 0.471508 0.488382 0.471508
1 0.645968 0.059377 0.673751 0.059377 0.673751 0.065414 0.645968 0.065414
1 0.643330 0.068111 0.673693 0.068111 0.673693 0.073972 0.643330 0.073972
1 0.645850 0.076668 0.673634 0.076668 0.673634 0.082706 0.645850 0.082706
1 0.644630 0.085177 0.673575 0.085177 0.673575 0.091264 0.644630 0.091264
1 0.645101 0.093909 0.673575 0.093909 0.673575 0.100056 0.645101 0.100056
1 0.723878 0.059559 0.752509 0.059559 0.752509 0.065926 0.723878 0.065926
1 0.723551 0.068145 0.753443 0.068145 0.753443 0.074431 0.723551 0.074431
1 0.723859 0.076408 0.752509 0.076408 0.752509 0.083035 0.723859 0.083035
1 0.723671 0.084917 0.753443 0.084917 0.753443 0.091393 0.723671 0.091393
1 0.723552 0.093648 0.752608 0.093648 0.752608 0.100194 0.723552 0.100194
1 0.314938 0.119022 0.322699 0.119022 0.322699 0.122839 0.314938 0.122839
0 0.050533 0.801535 0.074133 0.801535 0.074133 0.813392 0.050533 0.813392
1 0.074306 0.798023 0.078680 0.798023 0.078680 0.816846 0.074306 0.816846
1 0.046043 0.799059 0.050418 0.799059 0.050418 0.814659 0.046043 0.814659
0 0.104138 0.801395 0.128629 0.801395 0.128629 0.813403 0.104138 0.813403
1 0.128807 0.799319 0.133600 0.799319 0.133600 0.816405 0.128807 0.816405
1 0.099398 0.797731 0.104074 0.797731 0.104074 0.816729 0.099398 0.816729
0 0.309176 0.635709 0.316729 0.635709 0.316729 0.650815 0.309176 0.650815
1 0.309011 0.631987 0.316729 0.631987 0.316729 0.635545 0.309011 0.635545
1 0.309011 0.650979 0.317440 0.650979 0.317440 0.654044 0.309011 0.654044
0 0.287217 0.664086 0.294807 0.664086 0.294807 0.679198 0.287217 0.679198
1 0.286845 0.660156 0.295112 0.660156 0.295112 0.663951 0.286845 0.663951
1 0.286811 0.679469 0.295383 0.679469 0.295383 0.683026 0.286811 0.683026
0 0.528922 0.632072 0.536758 0.632072 0.536758 0.647151 0.528922 0.647151
1 0.528443 0.647298 0.537253 0.647298 0.537253 0.652275 0.528443 0.652275
1 0.528470 0.626986 0.537253 0.626986 0.537253 0.631853 0.528470 0.631853
0 0.865456 0.464830 0.917896 0.464830 0.917896 0.491118 0.865456 0.491118
1 0.862767 0.491252 0.920787 0.491252 0.920787 0.499656 0.862767 0.499656
1 0.862162 0.455553 0.920316 0.455553 0.920316 0.464494 0.862162 0.464494
0 0.471102 0.780425 0.478420 0.780425 0.478420 0.795062 0.471102 0.795062
1 0.470076 0.776097 0.479612 0.776097 0.479612 0.780166 0.470076 0.780166
1 0.469996 0.795208 0.479053 0.795208 0.479053 0.799038 0.469996 0.799038
0 0.089938 0.988630 0.106522 0.988630 0.106522 0.997333 0.089938 0.997333
1 0.106686 0.988753 0.109724 0.988753 0.109724 0.997415 0.106686 0.997415
1 0.086777 0.988630 0.089774 0.988630 0.089774 0.997127 0.086777 0.997127
0 0.010605 0.931890 0.018366 0.931890 0.018366 0.947259 0.010605 0.947259
1 0.010015 0.947515 0.018699 0.947515 0.018699 0.950999 0.010015 0.950999
1 0.010374 0.927459 0.019032 0.927459 0.019032 0.931788 0.010374 0.931788
1 0.589283 0.806559 0.616371 0.806559 0.616371 0.825054 0.589283 0.825054
1 0.766877 0.724253 0.802388 0.724253 0.802388 0.909762 0.766877 0.909762
1 0.806830 0.811204 0.839492 0.811204 0.839492 0.904752 0.806830 0.904752
1 0.942586 0.850408 0.958451 0.850408 0.958451 0.866096 0.942586 0.866096
0 0.647625 0.963238 0.661957 0.963238 0.661957 0.989436 0.647625 0.989436
1 0.646523 0.959023 0.663189 0.959023 0.663189 0.963043 0.646523 0.963043
1 0.646847 0.989890 0.664745 0.989890 0.664745 0.994365 0.646847 0.994365
1 0.719619 0.690796 0.727339 0.690796 0.727339 0.694857 0.719619 0.694857
1 0.719365 0.710502 0.727433 0.710502 0.727433 0.714062 0.719365 0.714062
1 0.707690 0.699743 0.710875 0.699743 0.710875 0.708905 0.707690 0.708905
1 0.688413 0.699513 0.691697 0.699513 0.691697 0.709036 0.688413 0.709036
1 0.672608 0.689987 0.682735 0.689987 0.682735 0.693561 0.672608 0.693561
1 0.672997 0.669371 0.682295 0.669371 0.682295 0.672867 0.672997 0.672867
1 0.663325 0.699781 0.681252 0.699781 0.681252 0.710197 0.663325 0.710197
1 0.584402 0.677763 0.606630 0.677763 0.606630 0.698311 0.584402 0.698311
0 0.563815 0.664134 0.584263 0.664134 0.584263 0.711968 0.563815 0.711968
1 0.857328 0.667881 0.873529 0.667881 0.873529 0.699699 0.857328 0.699699
1 0.876886 0.668173 0.895349 0.668173 0.895349 0.699553 0.876886 0.699553
1 0.898706 0.668246 0.917096 0.668246 0.917096 0.699553 0.898706 0.699553
1 0.920964 0.668246 0.938259 0.668246 0.938259 0.699699 0.920964 0.699699
1 0.741618 0.284964 0.756489 0.284964 0.756489 0.289233 0.741618 0.289233
1 0.741476 0.315631 0.757770 0.315631 0.757770 0.319117 0.741476 0.319117
1 0.741120 0.369849 0.758268 0.369849 0.758268 0.374402 0.741120 0.374402
1 0.740978 0.400729 0.759335 0.400729 0.759335 0.404855 0.740978 0.404855
1 0.769154 0.400017 0.787796 0.400017 0.787796 0.405140 0.769154 0.405140
1 0.769439 0.369706 0.786444 0.369706 0.786444 0.374331 0.769439 0.374331
1 0.916584 0.361217 0.941546 0.361217 0.941546 0.371822 0.916584 0.371822
1 0.917580 0.405583 0.942748 0.405583 0.942748 0.415263 0.917580 0.415263
1 0.887352 0.374488 0.905345 0.374488 0.905345 0.415504 0.887352 0.415504
1 0.571453 0.380969 0.602150 0.380969 0.602150 0.391743 0.571453 0.391743
1 0.571860 0.443786 0.603509 0.443786 0.603509 0.455193 0.571860 0.455193
1 0.949470 0.010377 0.967008 0.010377 0.967008 0.014993 0.949470 0.014993
1 0.927778 0.010147 0.944508 0.010147 0.944508 0.014647 0.927778 0.014647
1 0.859126 0.024223 0.880010 0.024223 0.880010 0.046838 0.859126 0.046838
1 0.793243 0.024339 0.816435 0.024339 0.816435 0.046953 0.793243 0.046953
0 0.778935 0.003224 0.828550 0.003224 0.828550 0.023531 0.778935 0.023531
0 0.844934 0.002878 0.894548 0.002878 0.894548 0.023069 0.844934 0.023069
1 0.350237 0.058564 0.380228 0.058564 0.380228 0.068732 0.350237 0.068732
0 0.353198 0.005661 0.377525 0.005661 0.377525 0.057534 0.353198 0.057534
1 0.987517 0.028959 0.995626 0.028959 0.995626 0.054445 0.987517 0.054445
1 0.986616 0.056504 0.994854 0.056504 0.994854 0.084436 0.986616 0.084436
1 0.958556 0.197064 0.980438 0.197064 0.980438 0.219203 0.958556 0.219203
1 0.958427 0.241600 0.980695 0.241600 0.980695 0.261551 0.958427 0.261551
1 0.958942 0.273522 0.980695 0.273522 0.980695 0.294760 0.958942 0.294760
1 0.953278 0.370703 0.972714 0.370703 0.972714 0.412150 0.953278 0.412150
1 0.958684 0.436993 0.971942 0.436993 0.971942 0.467628 0.958684 0.467628
1 0.980051 0.435963 0.993438 0.435963 0.993438 0.468142 0.980051 0.468142
1 0.958427 0.532115 0.971813 0.532115 0.971813 0.562750 0.958427 0.562750
1 0.980824 0.532115 0.993309 0.532115 0.993309 0.562750 0.980824 0.562750
1 0.970655 0.587077 0.979665 0.587077 0.979665 0.644614 0.970655 0.644614
1 0.171227 0.756443 0.357453 0.756443 0.357453 0.797057 0.171227 0.797057
0 0.178149 0.797980 0.350991 0.797980 0.350991 0.933900 0.178149 0.933900
1 0.254301 0.933900 0.275532 0.933900 0.275532 0.967361 0.254301 0.967361
1 0.051637 0.822903 0.146464 0.822903 0.146464 0.852177 0.051637 0.852177
0 0.044346 0.854572 0.155930 0.854572 0.155930 0.956071 0.044346 0.956071
1 0.091573 0.957031 0.109023 0.957031 0.109023 0.971600 0.091573 0.971600
1 0.013768 0.795498 0.037782 0.795498 0.037782 0.819512 0.013768 0.819512
