0 0.263301 0.262147 0.736673 0.262147 0.736673 0.734919 0.263301 0.734919
1 0.712794 0.229895 0.717033 0.229895 0.717033 0.261282 0.712794 0.261282
1 0.705849 0.230165 0.710088 0.230165 0.710088 0.261553 0.705849 0.261553
1 0.699265 0.230146 0.703504 0.230146 0.703504 0.261533 0.699265 0.261533
1 0.692320 0.230416 0.696559 0.230416 0.696559 0.261803 0.692320 0.261803
1 0.685465 0.229878 0.689704 0.229878 0.689704 0.261265 0.685465 0.261265
1 0.678520 0.230242 0.682759 0.230242 0.682759 0.261629 0.678520 0.261629
1 0.671936 0.230152 0.676175 0.230152 0.676175 0.261539 0.671936 0.261539
1 0.664991 0.230423 0.669231 0.230423 0.669231 0.261810 0.664991 0.261810
1 0.658478 0.230132 0.662717 0.230132 0.662717 0.261519 0.658478 0.261519
1 0.651751 0.230403 0.655990 0.230403 0.655990 0.261790 0.651751 0.261790
1 0.645167 0.230313 0.649406 0.230313 0.649406 0.261700 0.645167 0.261700
1 0.638222 0.230583 0.642461 0.230583 0.642461 0.261970 0.638222 0.261970
1 0.631367 0.229952 0.635606 0.229952 0.635606 0.261339 0.631367 0.261339
1 0.624423 0.230223 0.628662 0.230223 0.628662 0.261610 0.624423 0.261610
1 0.617838 0.230132 0.622078 0.230132 0.622078 0.261519 0.617838 0.261519
1 0.610894 0.230403 0.615133 0.230403 0.615133 0.261790 0.610894 0.261790
1 0.501445 0.229824 0.505684 0.229824 0.505684 0.261211 0.501445 0.261211
1 0.508276 0.230010 0.512515 0.230010 0.512515 0.261397 0.508276 0.261397
1 0.515074 0.229814 0.519313 0.229814 0.519313 0.261202 0.515074 0.261202
1 0.521937 0.230245 0.526176 0.230245 0.526176 0.261632 0.521937 0.261632
1 0.528649 0.230163 0.532888 0.230163 0.532888 0.261550 0.528649 0.261550
1 0.535523 0.230249 0.539762 0.230249 0.539762 0.261636 0.535523 0.261636
1 0.542392 0.230411 0.546631 0.230411 0.546631 0.261798 0.542392 0.261798
1 0.549262 0.230354 0.553501 0.230354 0.553501 0.261741 0.549262 0.261741
1 0.555989 0.230501 0.560228 0.230501 0.560228 0.261888 0.555989 0.261888
1 0.562719 0.230587 0.566958 0.230587 0.566958 0.261974 0.562719 0.261974
1 0.569518 0.230677 0.573757 0.230677 0.573757 0.262064 0.569518 0.262064
1 0.576391 0.230550 0.580630 0.230550 0.580630 0.261937 0.576391 0.261937
1 0.583531 0.230325 0.587770 0.230325 0.587770 0.261712 0.583531 0.261712
1 0.589834 0.230625 0.594073 0.230625 0.594073 0.262012 0.589834 0.262012
1 0.597022 0.230287 0.601261 0.230287 0.601261 0.261674 0.597022 0.261674
1 0.603539 0.230302 0.607778 0.230302 0.607778 0.261689 0.603539 0.261689
1 0.494692 0.229890 0.498931 0.229890 0.498931 0.261277 0.494692 0.261277
1 0.487647 0.230109 0.491886 0.230109 0.491886 0.261496 0.487647 0.261496
1 0.481291 0.230018 0.485530 0.230018 0.485530 0.261405 0.481291 0.261405
1 0.474461 0.230403 0.478700 0.230403 0.478700 0.261790 0.474461 0.261790
1 0.467570 0.230073 0.471809 0.230073 0.471809 0.261460 0.467570 0.261460
1 0.460833 0.229815 0.465072 0.229815 0.465072 0.261202 0.460833 0.261202
1 0.454022 0.229880 0.458261 0.229880 0.458261 0.261267 0.454022 0.261267
1 0.447025 0.229891 0.451264 0.229891 0.451264 0.261278 0.447025 0.261278
1 0.440193 0.230049 0.444432 0.230049 0.444432 0.261436 0.440193 0.261436
1 0.433466 0.230320 0.437705 0.230320 0.437705 0.261707 0.433466 0.261707
1 0.426427 0.230144 0.430666 0.230144 0.430666 0.261531 0.426427 0.261531
1 0.419482 0.229749 0.424711 0.229749 0.424711 0.261802 0.419482 0.261802
1 0.412736 0.229852 0.417919 0.229852 0.417919 0.261170 0.412736 0.261170
1 0.405792 0.230060 0.410659 0.230060 0.410659 0.261555 0.405792 0.261555
1 0.399606 0.230078 0.403845 0.230078 0.403845 0.261465 0.399606 0.261465
1 0.392661 0.230349 0.396900 0.230349 0.396900 0.261736 0.392661 0.261736
1 0.385419 0.230215 0.390541 0.230215 0.390541 0.261680 0.385419 0.261680
1 0.378578 0.230875 0.382817 0.230875 0.382817 0.262262 0.378578 0.262262
1 0.372103 0.230785 0.376342 0.230785 0.376342 0.262172 0.372103 0.262172
1 0.365158 0.231055 0.369397 0.231055 0.369397 0.262442 0.365158 0.262442
1 0.358304 0.230424 0.362543 0.230424 0.362543 0.261811 0.358304 0.261811
1 0.351359 0.230694 0.355598 0.230694 0.355598 0.262082 0.351359 0.262082
1 0.344775 0.230604 0.349014 0.230604 0.349014 0.261991 0.344775 0.261991
1 0.337830 0.230875 0.342069 0.230875 0.342069 0.262262 0.337830 0.262262
1 0.330676 0.230630 0.336200 0.230630 0.336200 0.261590 0.330676 0.261590
1 0.324032 0.230008 0.329512 0.230008 0.329512 0.261238 0.324032 0.261238
1 0.317292 0.230319 0.322823 0.230319 0.322823 0.261563 0.317292 0.261563
1 0.310244 0.230838 0.315926 0.230838 0.315926 0.261678 0.310244 0.261678
1 0.303555 0.230578 0.309186 0.230578 0.309186 0.261824 0.303555 0.261824
1 0.296870 0.230319 0.302289 0.230319 0.302289 0.261680 0.296870 0.261680
1 0.290163 0.230267 0.295652 0.230267 0.295652 0.261694 0.290163 0.261694
1 0.283270 0.230164 0.288704 0.230164 0.288704 0.261601 0.283270 0.261601
1 0.283873 0.736136 0.288112 0.736136 0.288112 0.767523 0.283873 0.767523
1 0.337552 0.736578 0.341791 0.736578 0.341791 0.767965 0.337552 0.767965
1 0.371825 0.736153 0.376064 0.736153 0.376064 0.767540 0.371825 0.767540
1 0.466996 0.735595 0.470749 0.735595 0.470749 0.767928 0.466996 0.767928
1 0.501460 0.734935 0.505439 0.734935 0.505439 0.767494 0.501460 0.767494
1 0.508201 0.734551 0.512269 0.734551 0.512269 0.768393 0.508201 0.768393
1 0.514942 0.734641 0.519078 0.734641 0.519078 0.768618 0.514942 0.768618
1 0.521233 0.735209 0.525653 0.735209 0.525653 0.769067 0.521233 0.769067
1 0.494145 0.735766 0.498552 0.735766 0.498552 0.768746 0.494145 0.768746
1 0.487016 0.735368 0.492374 0.735368 0.492374 0.769786 0.487016 0.769786
1 0.480564 0.735278 0.485690 0.735278 0.485690 0.769067 0.480564 0.769067
1 0.473497 0.735663 0.478422 0.735663 0.478422 0.768798 0.473497 0.768798
1 0.290818 0.736090 0.295057 0.736090 0.295057 0.767477 0.290818 0.767477
1 0.297214 0.736854 0.301453 0.736854 0.301453 0.768242 0.297214 0.768242
1 0.304159 0.736474 0.308398 0.736474 0.308398 0.767861 0.304159 0.767861
1 0.310899 0.737106 0.315138 0.737106 0.315138 0.768493 0.310899 0.768493
1 0.317844 0.736835 0.322083 0.736835 0.322083 0.768222 0.317844 0.768222
1 0.324428 0.736706 0.328667 0.736706 0.328667 0.768094 0.324428 0.768094
1 0.330968 0.736217 0.335207 0.736217 0.335207 0.767604 0.330968 0.767604
1 0.344497 0.736307 0.348736 0.736307 0.348736 0.767694 0.344497 0.767694
1 0.351081 0.736397 0.355320 0.736397 0.355320 0.767784 0.351081 0.767784
1 0.358025 0.736017 0.362265 0.736017 0.362265 0.767404 0.358025 0.767404
1 0.364880 0.736649 0.369119 0.736649 0.369119 0.768036 0.364880 0.768036
1 0.378300 0.736134 0.382539 0.736134 0.382539 0.767521 0.378300 0.767521
1 0.385245 0.735864 0.389484 0.735864 0.389484 0.767251 0.385245 0.767251
1 0.392382 0.735280 0.396621 0.735280 0.396621 0.766667 0.392382 0.766667
1 0.399546 0.736651 0.403785 0.736651 0.403785 0.768038 0.399546 0.768038
1 0.406280 0.735865 0.410519 0.735865 0.410519 0.767252 0.406280 0.767252
1 0.413224 0.735480 0.417463 0.735480 0.417463 0.766868 0.413224 0.766868
1 0.419970 0.735783 0.424210 0.735783 0.424210 0.767170 0.419970 0.767170
1 0.426806 0.736498 0.431045 0.736498 0.431045 0.767885 0.426806 0.767885
1 0.433516 0.735579 0.437755 0.735579 0.437755 0.766966 0.433516 0.766966
1 0.440569 0.735856 0.444482 0.735856 0.444482 0.768169 0.440569 0.768169
1 0.446962 0.735669 0.451280 0.735669 0.451280 0.767676 0.446962 0.767676
1 0.454077 0.735617 0.458334 0.735617 0.458334 0.767786 0.454077 0.767786
1 0.461083 0.735489 0.464685 0.735489 0.464685 0.767676 0.461083 0.767676
1 0.528337 0.736136 0.532576 0.736136 0.532576 0.767523 0.528337 0.767523
1 0.535282 0.736090 0.539521 0.736090 0.539521 0.767477 0.535282 0.767477
1 0.541677 0.736854 0.545916 0.736854 0.545916 0.768242 0.541677 0.768242
1 0.548622 0.736474 0.552861 0.736474 0.552861 0.767861 0.548622 0.767861
1 0.555362 0.737106 0.559602 0.737106 0.559602 0.768493 0.555362 0.768493
1 0.562307 0.736835 0.566546 0.736835 0.566546 0.768222 0.562307 0.768222
1 0.568891 0.736706 0.573130 0.736706 0.573130 0.768094 0.568891 0.768094
1 0.575431 0.736217 0.579670 0.736217 0.579670 0.767604 0.575431 0.767604
1 0.582015 0.736578 0.586254 0.736578 0.586254 0.767965 0.582015 0.767965
1 0.588960 0.736307 0.593199 0.736307 0.593199 0.767694 0.588960 0.767694
1 0.595544 0.736397 0.599783 0.736397 0.599783 0.767784 0.595544 0.767784
1 0.602489 0.736017 0.606728 0.736017 0.606728 0.767404 0.602489 0.767404
1 0.609344 0.736649 0.613583 0.736649 0.613583 0.768036 0.609344 0.768036
1 0.616289 0.736153 0.620528 0.736153 0.620528 0.767540 0.616289 0.767540
1 0.622764 0.736134 0.627003 0.736134 0.627003 0.767521 0.622764 0.767521
1 0.629709 0.735864 0.633948 0.735864 0.633948 0.767251 0.629709 0.767251
1 0.636846 0.735280 0.641085 0.735280 0.641085 0.766667 0.636846 0.766667
1 0.644010 0.736651 0.648249 0.736651 0.648249 0.768038 0.644010 0.768038
1 0.650743 0.735865 0.654982 0.735865 0.654982 0.767252 0.650743 0.767252
1 0.657688 0.735480 0.661927 0.735480 0.661927 0.766868 0.657688 0.766868
1 0.664434 0.735783 0.668673 0.735783 0.668673 0.767170 0.664434 0.767170
1 0.671269 0.736498 0.675509 0.736498 0.675509 0.767885 0.671269 0.767885
1 0.677980 0.735579 0.682219 0.735579 0.682219 0.766966 0.677980 0.766966
1 0.685033 0.735856 0.688945 0.735856 0.688945 0.768169 0.685033 0.768169
1 0.691426 0.735669 0.695744 0.735669 0.695744 0.767676 0.691426 0.767676
1 0.698541 0.735617 0.702798 0.735617 0.702798 0.767786 0.698541 0.767786
1 0.705546 0.735489 0.709148 0.735489 0.709148 0.767676 0.705546 0.767676
1 0.712662 0.735125 0.716415 0.735125 0.716415 0.767457 0.712662 0.767457
0 0.204315 0.068733 0.267674 0.068733 0.267674 0.137114 0.204315 0.137114
0 0.119033 0.068733 0.182719 0.068733 0.182719 0.136813 0.119033 0.136813
0 0.033751 0.068708 0.097637 0.068708 0.097637 0.137114 0.033751 0.137114
1 0.737496 0.630307 0.769382 0.630307 0.769382 0.634762 0.737496 0.634762
1 0.737528 0.636565 0.769192 0.636565 0.769192 0.641775 0.737528 0.641775
1 0.737373 0.642870 0.770066 0.642870 0.770066 0.648606 0.737373 0.648606
1 0.737373 0.649537 0.768731 0.649537 0.768731 0.655592 0.737373 0.655592
1 0.737373 0.656772 0.769287 0.656772 0.769287 0.662422 0.737373 0.662422
1 0.737528 0.663318 0.769097 0.663318 0.769097 0.669098 0.737528 0.669098
1 0.737528 0.669864 0.769382 0.669864 0.769382 0.675773 0.737528 0.675773
1 0.737373 0.676789 0.769382 0.676789 0.769382 0.682604 0.737373 0.682604
1 0.737608 0.683982 0.770066 0.683982 0.770066 0.688893 0.737608 0.688893
1 0.737411 0.690545 0.769192 0.690545 0.769192 0.695384 0.737411 0.695384
1 0.737031 0.696996 0.769382 0.696996 0.769382 0.702973 0.737031 0.702973
1 0.737098 0.704567 0.769598 0.704567 0.769598 0.709038 0.737098 0.709038
1 0.737156 0.711248 0.768826 0.711248 0.768826 0.716371 0.737156 0.716371
1 0.737307 0.622239 0.769287 0.622239 0.769287 0.628049 0.737307 0.628049
1 0.736801 0.615409 0.769382 0.615409 0.769382 0.621198 0.736801 0.621198
1 0.737441 0.608717 0.769832 0.608717 0.769832 0.614543 0.737441 0.614543
1 0.736681 0.601980 0.768980 0.601980 0.768980 0.607382 0.736681 0.607382
1 0.736660 0.595056 0.769586 0.595056 0.769586 0.600201 0.736660 0.600201
1 0.736804 0.588476 0.769317 0.588476 0.769317 0.593509 0.736804 0.593509
1 0.737211 0.581408 0.770056 0.581408 0.770056 0.587336 0.737211 0.587336
1 0.737318 0.575031 0.770066 0.575031 0.770066 0.579650 0.737318 0.579650
1 0.736847 0.567955 0.769481 0.567955 0.769481 0.573811 0.736847 0.573811
1 0.736847 0.561113 0.770066 0.561113 0.770066 0.565951 0.736847 0.565951
1 0.736912 0.554855 0.769832 0.554855 0.769832 0.559234 0.736912 0.559234
1 0.737002 0.547721 0.769598 0.547721 0.769598 0.552432 0.737002 0.552432
1 0.737157 0.541112 0.769306 0.541112 0.769306 0.546333 0.737157 0.546333
1 0.737273 0.534387 0.769189 0.534387 0.769189 0.540219 0.737273 0.540219
1 0.737077 0.527369 0.769598 0.527369 0.769598 0.533213 0.737077 0.533213
1 0.736902 0.520468 0.769832 0.520468 0.769832 0.526187 0.736902 0.526187
1 0.736688 0.513743 0.769891 0.513743 0.769891 0.519102 0.736688 0.519102
1 0.736747 0.506842 0.769481 0.506842 0.769481 0.512681 0.736747 0.512681
1 0.736747 0.499591 0.769189 0.499591 0.769189 0.505695 0.736747 0.505695
1 0.736902 0.493275 0.769774 0.493275 0.769774 0.498864 0.736902 0.498864
1 0.737396 0.487221 0.768703 0.487221 0.768703 0.491964 0.737396 0.491964
1 0.737979 0.281867 0.770494 0.281867 0.770494 0.287418 0.737979 0.287418
1 0.737821 0.289051 0.770441 0.289051 0.770441 0.293754 0.737821 0.293754
1 0.738116 0.295543 0.769863 0.295543 0.769863 0.300888 0.738116 0.300888
1 0.737525 0.302170 0.770073 0.302170 0.770073 0.308034 0.737525 0.308034
1 0.737473 0.309165 0.770599 0.309165 0.770599 0.314547 0.737473 0.314547
1 0.737525 0.316194 0.770300 0.316194 0.770300 0.321628 0.737525 0.321628
1 0.737437 0.322861 0.769715 0.322861 0.769715 0.327836 0.737437 0.327836
1 0.737030 0.329703 0.770183 0.329703 0.770183 0.334862 0.737030 0.334862
1 0.736934 0.336370 0.770534 0.336370 0.770534 0.341283 0.736934 0.341283
1 0.737399 0.343212 0.769832 0.343212 0.769832 0.348212 0.737399 0.348212
1 0.737117 0.350815 0.770651 0.350815 0.770651 0.355333 0.737117 0.355333
1 0.736807 0.357423 0.770417 0.357423 0.770417 0.362323 0.736807 0.362323
1 0.736962 0.364265 0.769540 0.364265 0.769540 0.369309 0.736962 0.369309
1 0.736962 0.370874 0.769715 0.370874 0.769715 0.376275 0.736962 0.376275
1 0.737059 0.377657 0.769657 0.377657 0.769657 0.382541 0.737059 0.382541
1 0.736972 0.384149 0.770242 0.384149 0.770242 0.389534 0.736972 0.389534
1 0.737240 0.391820 0.769598 0.391820 0.769598 0.396664 0.737240 0.396664
1 0.737272 0.398184 0.770066 0.398184 0.770066 0.402992 0.737272 0.402992
1 0.737000 0.404910 0.769891 0.404910 0.769891 0.410291 0.737000 0.410291
1 0.736746 0.411576 0.770709 0.411576 0.770709 0.417559 0.736746 0.417559
1 0.736629 0.418887 0.769832 0.418887 0.769832 0.424331 0.736629 0.424331
1 0.736540 0.425261 0.769949 0.425261 0.769949 0.431006 0.736540 0.431006
1 0.736771 0.432162 0.769481 0.432162 0.769481 0.437682 0.736771 0.437682
1 0.736616 0.438712 0.769949 0.438712 0.769949 0.444512 0.736616 0.444512
1 0.737326 0.446080 0.769891 0.446080 0.769891 0.451033 0.737326 0.451033
1 0.737015 0.452455 0.769832 0.452455 0.769832 0.458329 0.737015 0.458329
1 0.737348 0.480175 0.769130 0.480175 0.769130 0.485222 0.737348 0.485222
1 0.737132 0.472572 0.769247 0.472572 0.769247 0.477867 0.737132 0.477867
1 0.737124 0.465438 0.769949 0.465438 0.769949 0.471288 0.737124 0.471288
1 0.737396 0.459005 0.769774 0.459005 0.769774 0.464575 0.737396 0.464575
1 0.003055 0.229123 0.009400 0.229123 0.009400 0.261866 0.003055 0.261866
1 0.010340 0.229201 0.016293 0.229201 0.016293 0.261787 0.010340 0.261787
1 0.017155 0.229201 0.022951 0.229201 0.022951 0.261787 0.017155 0.261787
1 0.023970 0.229436 0.029375 0.229436 0.029375 0.262022 0.023970 0.262022
1 0.030863 0.229593 0.036268 0.229593 0.036268 0.262179 0.030863 0.262179
1 0.044571 0.229828 0.049976 0.229828 0.049976 0.262414 0.044571 0.262414
1 0.037678 0.229671 0.043083 0.229671 0.043083 0.262257 0.037678 0.262257
1 0.064938 0.229828 0.070343 0.229828 0.070343 0.262414 0.064938 0.262414
1 0.051151 0.229593 0.056556 0.229593 0.056556 0.262179 0.051151 0.262179
1 0.057966 0.229671 0.063371 0.229671 0.063371 0.262257 0.057966 0.262257
1 0.085461 0.229984 0.090866 0.229984 0.090866 0.262571 0.085461 0.262571
1 0.078489 0.229828 0.083894 0.229828 0.083894 0.262414 0.078489 0.262414
1 0.071674 0.229749 0.077079 0.229749 0.077079 0.262336 0.071674 0.262336
1 0.099012 0.229906 0.104417 0.229906 0.104417 0.262492 0.099012 0.262492
1 0.092041 0.229749 0.097446 0.229749 0.097446 0.262336 0.092041 0.262336
1 0.002852 0.736266 0.009197 0.736266 0.009197 0.769009 0.002852 0.769009
1 0.010137 0.736345 0.016091 0.736345 0.016091 0.768931 0.010137 0.768931
1 0.016952 0.736345 0.022749 0.736345 0.022749 0.768931 0.016952 0.768931
1 0.023767 0.736580 0.029172 0.736580 0.029172 0.769166 0.023767 0.769166
1 0.030660 0.736736 0.036065 0.736736 0.036065 0.769323 0.030660 0.769323
1 0.044369 0.736971 0.049774 0.736971 0.049774 0.769558 0.044369 0.769558
1 0.037475 0.736815 0.042880 0.736815 0.042880 0.769401 0.037475 0.769401
1 0.064735 0.736971 0.070140 0.736971 0.070140 0.769558 0.064735 0.769558
1 0.050949 0.736736 0.056353 0.736736 0.056353 0.769323 0.050949 0.769323
1 0.057763 0.736815 0.063168 0.736815 0.063168 0.769401 0.057763 0.769401
1 0.085258 0.737128 0.090663 0.737128 0.090663 0.769714 0.085258 0.769714
1 0.078287 0.736971 0.083692 0.736971 0.083692 0.769558 0.078287 0.769558
1 0.071472 0.736893 0.076877 0.736893 0.076877 0.769479 0.071472 0.769479
1 0.098810 0.737050 0.104215 0.737050 0.104215 0.769636 0.098810 0.769636
1 0.091838 0.736893 0.097243 0.736893 0.097243 0.769479 0.091838 0.769479
1 0.124252 0.281179 0.156237 0.281179 0.156237 0.287214 0.124252 0.287214
1 0.124051 0.288736 0.156371 0.288736 0.156371 0.294570 0.124051 0.294570
1 0.124319 0.295441 0.156170 0.295441 0.156170 0.301342 0.124319 0.301342
1 0.124386 0.302348 0.156438 0.302348 0.156438 0.307511 0.124386 0.307511
1 0.124587 0.315960 0.156639 0.315960 0.156639 0.321593 0.124587 0.321593
1 0.124520 0.309053 0.156371 0.309053 0.156371 0.314954 0.124520 0.314954
1 0.124051 0.323001 0.156639 0.323001 0.156639 0.328298 0.124051 0.328298
1 0.124252 0.329572 0.156102 0.329572 0.156102 0.335473 0.124252 0.335473
1 0.124386 0.336076 0.156237 0.336076 0.156237 0.341977 0.124386 0.341977
1 0.124587 0.342715 0.156438 0.342715 0.156438 0.348615 0.124587 0.348615
1 0.124185 0.350292 0.156237 0.350292 0.156237 0.355924 0.124185 0.355924
1 0.124185 0.356997 0.156035 0.356997 0.156035 0.362898 0.124185 0.362898
1 0.124185 0.363636 0.156237 0.363636 0.156237 0.369268 0.124185 0.369268
1 0.124051 0.370542 0.155901 0.370542 0.155901 0.376443 0.124051 0.376443
1 0.124051 0.377181 0.156102 0.377181 0.156102 0.382813 0.124051 0.382813
1 0.124118 0.384020 0.156170 0.384020 0.156170 0.389653 0.124118 0.389653
1 0.124118 0.391195 0.155968 0.391195 0.155968 0.397096 0.124118 0.397096
1 0.124118 0.397833 0.156170 0.397833 0.156170 0.403466 0.124118 0.403466
1 0.124185 0.404673 0.156237 0.404673 0.156237 0.410305 0.124185 0.410305
1 0.124185 0.411512 0.156237 0.411512 0.156237 0.417145 0.124185 0.417145
1 0.124185 0.418687 0.156035 0.418687 0.156035 0.424588 0.124185 0.424588
1 0.124185 0.425326 0.156237 0.425326 0.156237 0.430958 0.124185 0.430958
1 0.124252 0.432165 0.156304 0.432165 0.156304 0.437798 0.124252 0.437798
1 0.124386 0.486613 0.156438 0.486613 0.156438 0.492246 0.124386 0.492246
1 0.124319 0.472733 0.156170 0.472733 0.156170 0.478634 0.124319 0.478634
1 0.124319 0.479506 0.156371 0.479506 0.156371 0.485138 0.124319 0.485138
1 0.124319 0.466430 0.156371 0.466430 0.156371 0.472062 0.124319 0.472062
1 0.124319 0.459590 0.156371 0.459590 0.156371 0.465223 0.124319 0.465223
1 0.124252 0.452751 0.156304 0.452751 0.156304 0.458383 0.124252 0.458383
1 0.124252 0.446112 0.156102 0.446112 0.156102 0.452013 0.124252 0.452013
1 0.124252 0.438938 0.156304 0.438938 0.156304 0.444570 0.124252 0.444570
1 0.123983 0.493050 0.156035 0.493050 0.156035 0.498683 0.123983 0.498683
1 0.124118 0.540726 0.156170 0.540726 0.156170 0.546359 0.124118 0.546359
1 0.124051 0.526846 0.155901 0.526846 0.155901 0.532747 0.124051 0.532747
1 0.124051 0.533618 0.156102 0.533618 0.156102 0.539251 0.124051 0.539251
1 0.124051 0.520543 0.156102 0.520543 0.156102 0.526175 0.124051 0.526175
1 0.124051 0.513703 0.156102 0.513703 0.156102 0.519336 0.124051 0.519336
1 0.123983 0.506864 0.156035 0.506864 0.156035 0.512496 0.123983 0.512496
1 0.123983 0.500225 0.155834 0.500225 0.155834 0.506126 0.123983 0.506126
1 0.124051 0.547633 0.155901 0.547633 0.155901 0.553533 0.124051 0.553533
1 0.124185 0.588066 0.156237 0.588066 0.156237 0.593699 0.124185 0.593699
1 0.124118 0.574186 0.155968 0.574186 0.155968 0.580087 0.124118 0.580087
1 0.124118 0.580959 0.156170 0.580959 0.156170 0.586591 0.124118 0.586591
1 0.124118 0.567883 0.156170 0.567883 0.156170 0.573516 0.124118 0.573516
1 0.124118 0.561044 0.156170 0.561044 0.156170 0.566676 0.124118 0.566676
1 0.124051 0.554204 0.156102 0.554204 0.156102 0.559837 0.124051 0.559837
1 0.123811 0.669690 0.155863 0.669690 0.155863 0.675323 0.123811 0.675323
1 0.123520 0.662881 0.155572 0.662881 0.155572 0.668514 0.123520 0.668514
1 0.123669 0.656034 0.155520 0.656034 0.155520 0.661935 0.123669 0.661935
1 0.123669 0.649283 0.155721 0.649283 0.155721 0.654915 0.123669 0.654915
1 0.123669 0.642443 0.155721 0.642443 0.155721 0.648076 0.123669 0.648076
1 0.123602 0.635604 0.155654 0.635604 0.155654 0.641236 0.123602 0.641236
1 0.123602 0.629032 0.155453 0.629032 0.155453 0.634933 0.123602 0.634933
1 0.123669 0.622126 0.155721 0.622126 0.155721 0.627758 0.123669 0.627758
1 0.123602 0.615018 0.155654 0.615018 0.155654 0.620651 0.123602 0.620651
1 0.123602 0.608246 0.155453 0.608246 0.155453 0.614146 0.123602 0.614146
1 0.123602 0.601942 0.155654 0.601942 0.155654 0.607575 0.123602 0.607575
1 0.123602 0.595103 0.155654 0.595103 0.155654 0.600735 0.123602 0.600735
1 0.123886 0.676635 0.155938 0.676635 0.155938 0.682268 0.123886 0.682268
1 0.123587 0.683506 0.155639 0.683506 0.155639 0.689138 0.123587 0.689138
1 0.123737 0.690525 0.155789 0.690525 0.155789 0.696158 0.123737 0.696158
1 0.123513 0.710614 0.155564 0.710614 0.155564 0.716247 0.123513 0.716247
1 0.123363 0.703594 0.155415 0.703594 0.155415 0.709227 0.123363 0.709227
1 0.123508 0.696591 0.155714 0.696591 0.155714 0.702356 0.123508 0.702356
1 0.230547 0.281303 0.262532 0.281303 0.262532 0.287337 0.230547 0.287337
1 0.230346 0.288860 0.262666 0.288860 0.262666 0.294693 0.230346 0.294693
1 0.230614 0.295565 0.262465 0.295565 0.262465 0.301466 0.230614 0.301466
1 0.230681 0.302472 0.262733 0.302472 0.262733 0.307635 0.230681 0.307635
1 0.230882 0.316084 0.262934 0.316084 0.262934 0.321716 0.230882 0.321716
1 0.230815 0.309177 0.262666 0.309177 0.262666 0.315078 0.230815 0.315078
1 0.230346 0.323124 0.262934 0.323124 0.262934 0.328422 0.230346 0.328422
1 0.230547 0.329696 0.262398 0.329696 0.262398 0.335597 0.230547 0.335597
1 0.230681 0.336200 0.262532 0.336200 0.262532 0.342101 0.230681 0.342101
1 0.230882 0.342838 0.262733 0.342838 0.262733 0.348739 0.230882 0.348739
1 0.230480 0.350416 0.262532 0.350416 0.262532 0.356048 0.230480 0.356048
1 0.230480 0.357121 0.262330 0.357121 0.262330 0.363022 0.230480 0.363022
1 0.230480 0.363759 0.262532 0.363759 0.262532 0.369392 0.230480 0.369392
1 0.230346 0.370666 0.262196 0.370666 0.262196 0.376567 0.230346 0.376567
1 0.230346 0.377304 0.262398 0.377304 0.262398 0.382937 0.230346 0.382937
1 0.230413 0.384144 0.262465 0.384144 0.262465 0.389776 0.230413 0.389776
1 0.230413 0.391319 0.262263 0.391319 0.262263 0.397219 0.230413 0.397219
1 0.230413 0.397957 0.262465 0.397957 0.262465 0.403590 0.230413 0.403590
1 0.230480 0.404797 0.262532 0.404797 0.262532 0.410429 0.230480 0.410429
1 0.230480 0.411636 0.262532 0.411636 0.262532 0.417269 0.230480 0.417269
1 0.230480 0.418811 0.262330 0.418811 0.262330 0.424712 0.230480 0.424712
1 0.230480 0.425449 0.262532 0.425449 0.262532 0.431082 0.230480 0.431082
1 0.230547 0.432289 0.262599 0.432289 0.262599 0.437921 0.230547 0.437921
1 0.230681 0.486737 0.262733 0.486737 0.262733 0.492370 0.230681 0.492370
1 0.230614 0.472857 0.262465 0.472857 0.262465 0.478758 0.230614 0.478758
1 0.230614 0.479629 0.262666 0.479629 0.262666 0.485262 0.230614 0.485262
1 0.230614 0.466554 0.262666 0.466554 0.262666 0.472186 0.230614 0.472186
1 0.230614 0.459714 0.262666 0.459714 0.262666 0.465347 0.230614 0.465347
1 0.230547 0.452875 0.262599 0.452875 0.262599 0.458507 0.230547 0.458507
1 0.230547 0.446236 0.262398 0.446236 0.262398 0.452137 0.230547 0.452137
1 0.230547 0.439061 0.262599 0.439061 0.262599 0.444694 0.230547 0.444694
1 0.230278 0.493174 0.262330 0.493174 0.262330 0.498807 0.230278 0.498807
1 0.230413 0.540850 0.262465 0.540850 0.262465 0.546482 0.230413 0.546482
1 0.230346 0.526970 0.262196 0.526970 0.262196 0.532870 0.230346 0.532870
1 0.230346 0.533742 0.262398 0.533742 0.262398 0.539375 0.230346 0.539375
1 0.230346 0.520667 0.262398 0.520667 0.262398 0.526299 0.230346 0.526299
1 0.230346 0.513827 0.262398 0.513827 0.262398 0.519460 0.230346 0.519460
1 0.230278 0.506987 0.262330 0.506987 0.262330 0.512620 0.230278 0.512620
1 0.230278 0.500349 0.262129 0.500349 0.262129 0.506250 0.230278 0.506250
1 0.230346 0.547756 0.262196 0.547756 0.262196 0.553657 0.230346 0.553657
1 0.230480 0.588190 0.262532 0.588190 0.262532 0.593823 0.230480 0.593823
1 0.230413 0.574310 0.262263 0.574310 0.262263 0.580211 0.230413 0.580211
1 0.230413 0.581082 0.262465 0.581082 0.262465 0.586715 0.230413 0.586715
1 0.230413 0.568007 0.262465 0.568007 0.262465 0.573639 0.230413 0.573639
1 0.230413 0.561167 0.262465 0.561167 0.262465 0.566800 0.230413 0.566800
1 0.230346 0.554328 0.262398 0.554328 0.262398 0.559960 0.230346 0.559960
1 0.230106 0.669814 0.262158 0.669814 0.262158 0.675446 0.230106 0.675446
1 0.229815 0.663005 0.261867 0.663005 0.261867 0.668637 0.229815 0.668637
1 0.229965 0.656158 0.261815 0.656158 0.261815 0.662058 0.229965 0.662058
1 0.229965 0.649407 0.262017 0.649407 0.262017 0.655039 0.229965 0.655039
1 0.229965 0.642567 0.262017 0.642567 0.262017 0.648200 0.229965 0.648200
1 0.229897 0.635727 0.261949 0.635727 0.261949 0.641360 0.229897 0.641360
1 0.229897 0.629156 0.261748 0.629156 0.261748 0.635057 0.229897 0.635057
1 0.229965 0.622250 0.262017 0.622250 0.262017 0.627882 0.229965 0.627882
1 0.229897 0.615142 0.261949 0.615142 0.261949 0.620774 0.229897 0.620774
1 0.229897 0.608369 0.261748 0.608369 0.261748 0.614270 0.229897 0.614270
1 0.229897 0.602066 0.261949 0.602066 0.261949 0.607699 0.229897 0.607699
1 0.229897 0.595227 0.261949 0.595227 0.261949 0.600859 0.229897 0.600859
1 0.230129 0.676552 0.262181 0.676552 0.262181 0.682184 0.230129 0.682184
1 0.230193 0.683422 0.262245 0.683422 0.262245 0.689055 0.230193 0.689055
1 0.230343 0.690234 0.262395 0.690234 0.262395 0.695867 0.230343 0.695867
1 0.230326 0.710479 0.262378 0.710479 0.262378 0.716111 0.230326 0.716111
1 0.229658 0.703718 0.261710 0.703718 0.261710 0.709351 0.229658 0.709351
1 0.230218 0.697078 0.262424 0.697078 0.262424 0.702843 0.230218 0.702843
