0 0.257980 0.057277 0.326883 0.057277 0.326883 0.112214 0.257980 0.112214
1 0.242876 0.064224 0.258071 0.064224 0.258071 0.102863 0.242876 0.102863
1 0.326883 0.064658 0.342513 0.064658 0.342513 0.101777 0.326883 0.101777
1 0.182720 0.064681 0.197508 0.064681 0.197508 0.102443 0.182720 0.102443
0 0.113006 0.058079 0.182720 0.058079 0.182720 0.112478 0.113006 0.112478
1 0.097635 0.064549 0.112742 0.064549 0.112742 0.101915 0.097635 0.101915
0 0.395271 0.047212 0.456043 0.047212 0.456043 0.069813 0.395271 0.069813
1 0.455843 0.041282 0.467093 0.041282 0.467093 0.073831 0.455843 0.073831
1 0.384221 0.043194 0.395164 0.043194 0.395164 0.072865 0.384221 0.072865
1 0.503255 0.044198 0.513990 0.044198 0.513990 0.073831 0.503255 0.073831
0 0.513802 0.048216 0.574574 0.048216 0.574574 0.070817 0.513802 0.070817
1 0.574260 0.042754 0.585624 0.042754 0.585624 0.074835 0.574260 0.074835
1 0.622288 0.042189 0.633777 0.042189 0.633777 0.071947 0.622288 0.071947
0 0.633337 0.049134 0.694110 0.049134 0.694110 0.071736 0.633337 0.071736
1 0.694424 0.043507 0.705159 0.043507 0.705159 0.072826 0.694424 0.072826
1 0.732783 0.043194 0.743393 0.043194 0.743393 0.075526 0.732783 0.075526
0 0.743330 0.047212 0.804102 0.047212 0.804102 0.069813 0.743330 0.069813
1 0.804416 0.044072 0.815152 0.044072 0.815152 0.073831 0.804416 0.073831
0 0.861861 0.020592 0.890489 0.020592 0.890489 0.043696 0.861861 0.043696
0 0.586578 0.681352 0.819160 0.681352 0.819160 0.918033 0.586578 0.918033
1 0.682580 0.655178 0.720704 0.655178 0.720704 0.681984 0.682580 0.681984
1 0.682580 0.919069 0.721895 0.919069 0.721895 0.943493 0.682580 0.943493
1 0.890540 0.025615 0.901212 0.025615 0.901212 0.038849 0.890540 0.038849
1 0.850410 0.025188 0.861083 0.025188 0.861083 0.038849 0.850410 0.038849
1 0.966957 0.026469 0.977630 0.026469 0.977630 0.039703 0.966957 0.039703
0 0.938278 0.021446 0.966907 0.021446 0.966907 0.044550 0.938278 0.044550
1 0.926827 0.026042 0.937500 0.026042 0.937500 0.039703 0.926827 0.039703
1 0.966957 0.078979 0.977630 0.078979 0.977630 0.092213 0.966957 0.092213
0 0.938278 0.073956 0.966907 0.073956 0.966907 0.097060 0.938278 0.097060
1 0.927254 0.076417 0.937927 0.076417 0.937927 0.090079 0.927254 0.090079
1 0.890540 0.078125 0.901212 0.078125 0.901212 0.091359 0.890540 0.091359
0 0.861861 0.073102 0.890489 0.073102 0.890489 0.096206 0.861861 0.096206
1 0.850410 0.077698 0.861083 0.077698 0.861083 0.091359 0.850410 0.091359
0 0.055554 0.260139 0.221884 0.260139 0.221884 0.315361 0.055554 0.315361
1 0.207429 0.228022 0.221492 0.228022 0.221492 0.260166 0.207429 0.260166
1 0.185833 0.228022 0.199896 0.228022 0.199896 0.260166 0.185833 0.260166
1 0.142639 0.228022 0.156702 0.228022 0.156702 0.260166 0.142639 0.260166
1 0.163734 0.229026 0.177797 0.229026 0.177797 0.261170 0.163734 0.261170
1 0.122047 0.227519 0.136110 0.227519 0.136110 0.259663 0.122047 0.259663
1 0.100450 0.227519 0.114513 0.227519 0.114513 0.259663 0.100450 0.259663
1 0.078351 0.228524 0.092414 0.228524 0.092414 0.260668 0.078351 0.260668
1 0.057257 0.227519 0.071320 0.227519 0.071320 0.259663 0.057257 0.259663
1 0.207429 0.320938 0.221492 0.320938 0.221492 0.353082 0.207429 0.353082
1 0.185833 0.320938 0.199896 0.320938 0.199896 0.353082 0.185833 0.353082
1 0.163734 0.321942 0.177797 0.321942 0.177797 0.354086 0.163734 0.354086
1 0.142639 0.320938 0.156702 0.320938 0.156702 0.353082 0.142639 0.353082
1 0.122047 0.320436 0.136110 0.320436 0.136110 0.352580 0.122047 0.352580
1 0.100450 0.320436 0.114513 0.320436 0.114513 0.352580 0.100450 0.352580
1 0.078351 0.321440 0.092414 0.321440 0.092414 0.353584 0.078351 0.353584
1 0.057257 0.320436 0.071320 0.320436 0.071320 0.352580 0.057257 0.352580
1 0.207932 0.379701 0.221995 0.379701 0.221995 0.411845 0.207932 0.411845
1 0.186335 0.379701 0.200398 0.379701 0.200398 0.411845 0.186335 0.411845
1 0.164236 0.380706 0.178299 0.380706 0.178299 0.412850 0.164236 0.412850
1 0.143141 0.379701 0.157204 0.379701 0.157204 0.411845 0.143141 0.411845
1 0.122549 0.379199 0.136612 0.379199 0.136612 0.411343 0.122549 0.411343
1 0.100952 0.379199 0.115015 0.379199 0.115015 0.411343 0.100952 0.411343
1 0.078853 0.380203 0.092916 0.380203 0.092916 0.412347 0.078853 0.412347
1 0.057257 0.379199 0.071320 0.379199 0.071320 0.411343 0.057257 0.411343
1 0.207932 0.474626 0.221995 0.474626 0.221995 0.506770 0.207932 0.506770
1 0.185833 0.473622 0.199896 0.473622 0.199896 0.505766 0.185833 0.505766
1 0.164738 0.474626 0.178801 0.474626 0.178801 0.506770 0.164738 0.506770
1 0.142639 0.473622 0.156702 0.473622 0.156702 0.505766 0.142639 0.505766
1 0.121042 0.473622 0.135105 0.473622 0.135105 0.505766 0.121042 0.505766
1 0.099948 0.474626 0.114011 0.474626 0.114011 0.506770 0.099948 0.506770
1 0.078853 0.474124 0.092916 0.474124 0.092916 0.506268 0.078853 0.506268
1 0.057257 0.475631 0.071320 0.475631 0.071320 0.507775 0.057257 0.507775
0 0.056552 0.412830 0.221218 0.412830 0.221218 0.469715 0.056552 0.469715
0 0.329563 0.257579 0.561775 0.257579 0.561775 0.490477 0.329563 0.490477
1 0.563240 0.267721 0.590816 0.267721 0.590816 0.274214 0.563240 0.274214
1 0.562290 0.276646 0.591116 0.276646 0.591116 0.283148 0.562290 0.283148
1 0.561417 0.293237 0.590243 0.293237 0.590243 0.299739 0.561417 0.299739
1 0.562367 0.284603 0.589943 0.284603 0.589943 0.291096 0.562367 0.291096
1 0.561758 0.327584 0.590584 0.327584 0.590584 0.334086 0.561758 0.334086
1 0.561784 0.318659 0.589361 0.318659 0.589361 0.325152 0.561784 0.325152
1 0.561708 0.310702 0.590534 0.310702 0.590534 0.317204 0.561708 0.317204
1 0.562658 0.301777 0.590234 0.301777 0.590234 0.308270 0.562658 0.308270
1 0.562367 0.336415 0.589943 0.336415 0.589943 0.342908 0.562367 0.342908
1 0.561417 0.345340 0.590243 0.345340 0.590243 0.351842 0.561417 0.351842
1 0.561493 0.353297 0.589069 0.353297 0.589069 0.359791 0.561493 0.359791
1 0.562290 0.361931 0.591116 0.361931 0.591116 0.368433 0.562290 0.368433
1 0.561784 0.370471 0.589361 0.370471 0.589361 0.376964 0.561784 0.376964
1 0.563164 0.379396 0.591989 0.379396 0.591989 0.385898 0.563164 0.385898
1 0.562658 0.387644 0.590234 0.387644 0.590234 0.394138 0.562658 0.394138
1 0.562582 0.395987 0.591407 0.395987 0.591407 0.402489 0.562582 0.402489
1 0.564328 0.472540 0.593154 0.472540 0.593154 0.479042 0.564328 0.479042
1 0.562949 0.463615 0.590525 0.463615 0.590525 0.470109 0.562949 0.470109
1 0.563455 0.455076 0.592280 0.455076 0.592280 0.461578 0.563455 0.461578
1 0.562658 0.446442 0.590234 0.446442 0.590234 0.452935 0.562658 0.452935
1 0.562582 0.438484 0.591407 0.438484 0.591407 0.444986 0.562582 0.444986
1 0.563531 0.429559 0.591107 0.429559 0.591107 0.436053 0.563531 0.436053
1 0.561999 0.420729 0.590825 0.420729 0.590825 0.427231 0.561999 0.427231
1 0.562949 0.411804 0.590525 0.411804 0.590525 0.418297 0.562949 0.418297
1 0.562873 0.403846 0.591698 0.403846 0.591698 0.410348 0.562873 0.410348
1 0.301115 0.268005 0.328692 0.268005 0.328692 0.274499 0.301115 0.274499
1 0.300166 0.276930 0.328992 0.276930 0.328992 0.283432 0.300166 0.283432
1 0.300242 0.284888 0.327818 0.284888 0.327818 0.291381 0.300242 0.291381
1 0.299293 0.293522 0.328118 0.293522 0.328118 0.300024 0.299293 0.300024
1 0.300533 0.302061 0.328109 0.302061 0.328109 0.308555 0.300533 0.308555
1 0.299584 0.310986 0.328410 0.310986 0.328410 0.317488 0.299584 0.317488
1 0.299660 0.318944 0.327236 0.318944 0.327236 0.325437 0.299660 0.325437
1 0.298711 0.327869 0.327536 0.327869 0.327536 0.334371 0.298711 0.334371
1 0.300242 0.336699 0.327818 0.336699 0.327818 0.343193 0.300242 0.343193
1 0.299293 0.345624 0.328118 0.345624 0.328118 0.352127 0.299293 0.352127
1 0.299369 0.353582 0.326945 0.353582 0.326945 0.360075 0.299369 0.360075
1 0.300166 0.362216 0.328992 0.362216 0.328992 0.368718 0.300166 0.368718
1 0.299660 0.370755 0.327236 0.370755 0.327236 0.377249 0.299660 0.377249
1 0.301039 0.379680 0.329865 0.379680 0.329865 0.386183 0.301039 0.386183
1 0.300533 0.387929 0.328109 0.387929 0.328109 0.394422 0.300533 0.394422
1 0.300457 0.396272 0.329283 0.396272 0.329283 0.402774 0.300457 0.402774
1 0.300748 0.404131 0.329574 0.404131 0.329574 0.410633 0.300748 0.410633
1 0.300824 0.412088 0.328401 0.412088 0.328401 0.418582 0.300824 0.418582
1 0.299875 0.421013 0.328701 0.421013 0.328701 0.427515 0.299875 0.427515
1 0.301407 0.429844 0.328983 0.429844 0.328983 0.436337 0.301407 0.436337
1 0.300457 0.438769 0.329283 0.438769 0.329283 0.445271 0.300457 0.445271
1 0.300533 0.446726 0.328109 0.446726 0.328109 0.453220 0.300533 0.453220
1 0.299907 0.455360 0.328733 0.455360 0.328733 0.461862 0.299907 0.461862
1 0.300824 0.463900 0.328401 0.463900 0.328401 0.470393 0.300824 0.470393
1 0.300496 0.472825 0.329322 0.472825 0.329322 0.479327 0.300496 0.479327
1 0.544833 0.228687 0.551063 0.228687 0.551063 0.256148 0.544833 0.256148
1 0.536987 0.228917 0.542294 0.228917 0.542294 0.256609 0.536987 0.256609
1 0.528218 0.227994 0.533756 0.227994 0.533756 0.256378 0.528218 0.256378
1 0.519218 0.228456 0.525910 0.228456 0.525910 0.256609 0.519218 0.256609
1 0.510911 0.228917 0.517141 0.228917 0.517141 0.256378 0.510911 0.256378
1 0.502834 0.227994 0.508141 0.227994 0.508141 0.255686 0.502834 0.255686
1 0.494065 0.228456 0.499603 0.228456 0.499603 0.256840 0.494065 0.256840
1 0.484142 0.227994 0.490834 0.227994 0.490834 0.256148 0.484142 0.256148
1 0.476296 0.228687 0.482527 0.228687 0.482527 0.256148 0.476296 0.256148
1 0.468450 0.228917 0.473758 0.228917 0.473758 0.256609 0.468450 0.256609
1 0.459681 0.227994 0.465219 0.227994 0.465219 0.256378 0.459681 0.256378
1 0.450681 0.228456 0.457373 0.228456 0.457373 0.256609 0.450681 0.256609
1 0.442143 0.228917 0.448374 0.228917 0.448374 0.256378 0.442143 0.256378
1 0.434066 0.227994 0.439374 0.227994 0.439374 0.255686 0.434066 0.255686
1 0.425297 0.228456 0.430836 0.228456 0.430836 0.256840 0.425297 0.256840
1 0.415605 0.227994 0.422297 0.227994 0.422297 0.256148 0.415605 0.256148
1 0.340838 0.227533 0.346145 0.227533 0.346145 0.255224 0.340838 0.255224
1 0.348914 0.228456 0.355145 0.228456 0.355145 0.255917 0.348914 0.255917
1 0.357453 0.227994 0.364145 0.227994 0.364145 0.256148 0.357453 0.256148
1 0.366453 0.227533 0.371991 0.227533 0.371991 0.255917 0.366453 0.255917
1 0.375222 0.228456 0.380529 0.228456 0.380529 0.256148 0.375222 0.256148
1 0.383067 0.228225 0.389298 0.228225 0.389298 0.255686 0.383067 0.255686
1 0.390913 0.227533 0.397606 0.227533 0.397606 0.255686 0.390913 0.255686
1 0.400836 0.227994 0.406375 0.227994 0.406375 0.256378 0.400836 0.256378
1 0.409605 0.227533 0.414913 0.227533 0.414913 0.255224 0.409605 0.255224
1 0.545059 0.491408 0.551290 0.491408 0.551290 0.518869 0.545059 0.518869
1 0.537213 0.491639 0.542521 0.491639 0.542521 0.519330 0.537213 0.519330
1 0.528444 0.490716 0.533983 0.490716 0.533983 0.519100 0.528444 0.519100
1 0.519445 0.491177 0.526137 0.491177 0.526137 0.519330 0.519445 0.519330
1 0.511137 0.491639 0.517368 0.491639 0.517368 0.519100 0.511137 0.519100
1 0.503060 0.490716 0.508368 0.490716 0.508368 0.518407 0.503060 0.518407
1 0.494291 0.491177 0.499830 0.491177 0.499830 0.519561 0.494291 0.519561
1 0.484369 0.490716 0.491061 0.490716 0.491061 0.518869 0.484369 0.518869
1 0.476523 0.491408 0.482753 0.491408 0.482753 0.518869 0.476523 0.518869
1 0.468677 0.491639 0.473984 0.491639 0.473984 0.519330 0.468677 0.519330
1 0.459908 0.490716 0.465446 0.490716 0.465446 0.519100 0.459908 0.519100
1 0.450908 0.491177 0.457600 0.491177 0.457600 0.519330 0.450908 0.519330
1 0.442370 0.491639 0.448600 0.491639 0.448600 0.519100 0.442370 0.519100
1 0.434293 0.490716 0.439600 0.490716 0.439600 0.518407 0.434293 0.518407
1 0.425524 0.491177 0.431062 0.491177 0.431062 0.519561 0.425524 0.519561
1 0.415832 0.490716 0.422524 0.490716 0.422524 0.518869 0.415832 0.518869
1 0.409832 0.490254 0.415140 0.490254 0.415140 0.517946 0.409832 0.517946
1 0.401063 0.490716 0.406601 0.490716 0.406601 0.519100 0.401063 0.519100
1 0.391140 0.490254 0.397832 0.490254 0.397832 0.518407 0.391140 0.518407
1 0.383294 0.490946 0.389525 0.490946 0.389525 0.518407 0.383294 0.518407
1 0.375448 0.491177 0.380756 0.491177 0.380756 0.518869 0.375448 0.518869
1 0.366679 0.490254 0.372218 0.490254 0.372218 0.518638 0.366679 0.518638
1 0.357679 0.490716 0.364372 0.490716 0.364372 0.518869 0.357679 0.518869
1 0.349141 0.491177 0.355372 0.491177 0.355372 0.518638 0.349141 0.518638
1 0.341064 0.490254 0.346372 0.490254 0.346372 0.517946 0.341064 0.517946
1 0.698618 0.491658 0.703926 0.491658 0.703926 0.519349 0.698618 0.519349
1 0.706695 0.492581 0.712926 0.492581 0.712926 0.520042 0.706695 0.520042
1 0.715233 0.492119 0.721925 0.492119 0.721925 0.520272 0.715233 0.520272
1 0.724233 0.491658 0.729771 0.491658 0.729771 0.520042 0.724233 0.520042
1 0.733002 0.492581 0.738310 0.492581 0.738310 0.520272 0.733002 0.520272
1 0.740848 0.492350 0.747079 0.492350 0.747079 0.519811 0.740848 0.519811
1 0.748694 0.491658 0.755386 0.491658 0.755386 0.519811 0.748694 0.519811
1 0.758617 0.492119 0.764155 0.492119 0.764155 0.520503 0.758617 0.520503
1 0.767386 0.491658 0.772693 0.491658 0.772693 0.519349 0.767386 0.519349
1 0.773386 0.492119 0.780078 0.492119 0.780078 0.520272 0.773386 0.520272
1 0.783078 0.492581 0.788616 0.492581 0.788616 0.520965 0.783078 0.520965
1 0.791847 0.492119 0.797154 0.492119 0.797154 0.519811 0.791847 0.519811
1 0.799924 0.493042 0.806154 0.493042 0.806154 0.520503 0.799924 0.520503
1 0.808462 0.492581 0.815154 0.492581 0.815154 0.520734 0.808462 0.520734
1 0.817462 0.492119 0.823000 0.492119 0.823000 0.520503 0.817462 0.520503
1 0.826231 0.493042 0.831538 0.493042 0.831538 0.520734 0.826231 0.520734
1 0.834077 0.492811 0.840307 0.492811 0.840307 0.520272 0.834077 0.520272
1 0.841923 0.492119 0.848615 0.492119 0.848615 0.520272 0.841923 0.520272
1 0.851845 0.492581 0.857384 0.492581 0.857384 0.520965 0.851845 0.520965
1 0.860614 0.492119 0.865922 0.492119 0.865922 0.519811 0.860614 0.519811
1 0.868691 0.493042 0.874922 0.493042 0.874922 0.520503 0.868691 0.520503
1 0.876999 0.492581 0.883691 0.492581 0.883691 0.520734 0.876999 0.520734
1 0.885998 0.492119 0.891537 0.492119 0.891537 0.520503 0.885998 0.520503
1 0.894767 0.493042 0.900075 0.493042 0.900075 0.520734 0.894767 0.520734
1 0.902613 0.492811 0.908844 0.492811 0.908844 0.520272 0.902613 0.520272
1 0.902860 0.228290 0.909090 0.228290 0.909090 0.255751 0.902860 0.255751
1 0.895014 0.228521 0.900321 0.228521 0.900321 0.256212 0.895014 0.256212
1 0.886245 0.227598 0.891783 0.227598 0.891783 0.255981 0.886245 0.255981
1 0.877245 0.228059 0.883937 0.228059 0.883937 0.256212 0.877245 0.256212
1 0.868937 0.228521 0.875168 0.228521 0.875168 0.255981 0.868937 0.255981
1 0.860861 0.227598 0.866168 0.227598 0.866168 0.255289 0.860861 0.255289
1 0.852092 0.228059 0.857630 0.228059 0.857630 0.256443 0.852092 0.256443
1 0.842169 0.227598 0.848861 0.227598 0.848861 0.255751 0.842169 0.255751
1 0.834323 0.228290 0.840553 0.228290 0.840553 0.255751 0.834323 0.255751
1 0.826477 0.228521 0.831784 0.228521 0.831784 0.256212 0.826477 0.256212
1 0.817708 0.227598 0.823246 0.227598 0.823246 0.255981 0.817708 0.255981
1 0.808708 0.228059 0.815400 0.228059 0.815400 0.256212 0.808708 0.256212
1 0.800170 0.228521 0.806400 0.228521 0.806400 0.255981 0.800170 0.255981
1 0.792093 0.227598 0.797401 0.227598 0.797401 0.255289 0.792093 0.255289
1 0.783324 0.228059 0.788862 0.228059 0.788862 0.256443 0.783324 0.256443
1 0.773632 0.227598 0.780324 0.227598 0.780324 0.255751 0.773632 0.255751
1 0.767632 0.227136 0.772940 0.227136 0.772940 0.254828 0.767632 0.254828
1 0.758863 0.227598 0.764401 0.227598 0.764401 0.255981 0.758863 0.255981
1 0.748940 0.227136 0.755632 0.227136 0.755632 0.255289 0.748940 0.255289
1 0.741094 0.227828 0.747325 0.227828 0.747325 0.255289 0.741094 0.255289
1 0.733248 0.228059 0.738556 0.228059 0.738556 0.255751 0.733248 0.255751
1 0.724479 0.227136 0.730018 0.227136 0.730018 0.255520 0.724479 0.255520
1 0.715480 0.227598 0.722172 0.227598 0.722172 0.255751 0.715480 0.255751
1 0.706941 0.228059 0.713172 0.228059 0.713172 0.255520 0.706941 0.255520
1 0.698865 0.227136 0.704172 0.227136 0.704172 0.254828 0.698865 0.254828
0 0.687633 0.258451 0.919598 0.258451 0.919598 0.490417 0.687633 0.490417
1 0.658149 0.267721 0.685725 0.267721 0.685725 0.274214 0.658149 0.274214
1 0.657200 0.276646 0.686025 0.276646 0.686025 0.283148 0.657200 0.283148
1 0.657276 0.284603 0.684852 0.284603 0.684852 0.291096 0.657276 0.291096
1 0.656327 0.293237 0.685152 0.293237 0.685152 0.299739 0.656327 0.299739
1 0.657567 0.301777 0.685143 0.301777 0.685143 0.308270 0.657567 0.308270
1 0.656618 0.310702 0.685443 0.310702 0.685443 0.317204 0.656618 0.317204
1 0.656694 0.318659 0.684270 0.318659 0.684270 0.325152 0.656694 0.325152
1 0.656667 0.327584 0.685493 0.327584 0.685493 0.334086 0.656667 0.334086
1 0.657276 0.336415 0.684852 0.336415 0.684852 0.342908 0.657276 0.342908
1 0.656327 0.345340 0.685152 0.345340 0.685152 0.351842 0.656327 0.351842
1 0.656403 0.353297 0.683979 0.353297 0.683979 0.359791 0.656403 0.359791
1 0.657200 0.361931 0.686025 0.361931 0.686025 0.368433 0.657200 0.368433
1 0.656694 0.370471 0.684270 0.370471 0.684270 0.376964 0.656694 0.376964
1 0.658073 0.379396 0.686899 0.379396 0.686899 0.385898 0.658073 0.385898
1 0.657567 0.387644 0.685143 0.387644 0.685143 0.394138 0.657567 0.394138
1 0.657491 0.395987 0.686316 0.395987 0.686316 0.402489 0.657491 0.402489
1 0.657782 0.403846 0.686608 0.403846 0.686608 0.410348 0.657782 0.410348
1 0.657858 0.411534 0.685434 0.411534 0.685434 0.418027 0.657858 0.418027
1 0.656909 0.420459 0.685734 0.420459 0.685734 0.426961 0.656909 0.426961
1 0.658440 0.429290 0.686016 0.429290 0.686016 0.435783 0.658440 0.435783
1 0.657491 0.438215 0.686316 0.438215 0.686316 0.444717 0.657491 0.444717
1 0.657567 0.446172 0.685143 0.446172 0.685143 0.452665 0.657567 0.452665
1 0.658364 0.454806 0.687190 0.454806 0.687190 0.461308 0.658364 0.461308
1 0.657858 0.463346 0.685434 0.463346 0.685434 0.469839 0.657858 0.469839
1 0.659237 0.472271 0.688063 0.472271 0.688063 0.478773 0.659237 0.478773
1 0.921856 0.472271 0.950682 0.472271 0.950682 0.478773 0.921856 0.478773
1 0.920477 0.463346 0.948053 0.463346 0.948053 0.469839 0.920477 0.469839
1 0.920983 0.454806 0.949808 0.454806 0.949808 0.461308 0.920983 0.461308
1 0.920186 0.446172 0.947762 0.446172 0.947762 0.452665 0.920186 0.452665
1 0.920110 0.438215 0.948935 0.438215 0.948935 0.444717 0.920110 0.444717
1 0.921059 0.429290 0.948635 0.429290 0.948635 0.435783 0.921059 0.435783
1 0.919527 0.420459 0.948353 0.420459 0.948353 0.426961 0.919527 0.426961
1 0.920477 0.411534 0.948053 0.411534 0.948053 0.418027 0.920477 0.418027
1 0.920401 0.403846 0.949226 0.403846 0.949226 0.410348 0.920401 0.410348
1 0.920110 0.395987 0.948935 0.395987 0.948935 0.402489 0.920110 0.402489
1 0.920186 0.387644 0.947762 0.387644 0.947762 0.394138 0.920186 0.394138
1 0.920692 0.379396 0.949517 0.379396 0.949517 0.385898 0.920692 0.385898
1 0.919312 0.369634 0.947989 0.369634 0.947989 0.376964 0.919312 0.376964
1 0.919818 0.361931 0.948644 0.361931 0.948644 0.368433 0.919818 0.368433
1 0.919021 0.352917 0.948797 0.352917 0.948797 0.359791 0.919021 0.359791
1 0.918945 0.345340 0.947771 0.345340 0.947771 0.351842 0.918945 0.351842
1 0.919895 0.336415 0.947471 0.336415 0.947471 0.342908 0.919895 0.342908
1 0.919286 0.327584 0.948112 0.327584 0.948112 0.334086 0.919286 0.334086
1 0.919312 0.318659 0.946889 0.318659 0.946889 0.325152 0.919312 0.325152
1 0.919236 0.310702 0.948062 0.310702 0.948062 0.317204 0.919236 0.317204
1 0.920186 0.301777 0.947762 0.301777 0.947762 0.308270 0.920186 0.308270
1 0.918945 0.293237 0.947771 0.293237 0.947771 0.299739 0.918945 0.299739
1 0.919895 0.284603 0.947471 0.284603 0.947471 0.291096 0.919895 0.291096
1 0.919818 0.276646 0.948644 0.276646 0.948644 0.283148 0.919818 0.283148
1 0.920768 0.267721 0.948344 0.267721 0.948344 0.274214 0.920768 0.274214
0 0.523425 0.708675 0.539647 0.708675 0.539647 0.719262 0.523425 0.719262
1 0.539989 0.709016 0.544087 0.709016 0.544087 0.719092 0.539989 0.719092
1 0.518814 0.709187 0.522912 0.709187 0.522912 0.719262 0.518814 0.719262
1 0.540486 0.725922 0.544585 0.725922 0.544585 0.735997 0.540486 0.735997
0 0.523751 0.725922 0.539974 0.725922 0.539974 0.736510 0.523751 0.736510
1 0.519141 0.726093 0.523239 0.726093 0.523239 0.736168 0.519141 0.736168
1 0.539959 0.760075 0.544057 0.760075 0.544057 0.770150 0.539959 0.770150
0 0.523224 0.760075 0.539447 0.760075 0.539447 0.770663 0.523224 0.770663
1 0.518613 0.760246 0.522712 0.760246 0.522712 0.770321 0.518613 0.770321
1 0.518101 0.743340 0.522199 0.743340 0.522199 0.753415 0.518101 0.753415
0 0.522712 0.742828 0.538934 0.742828 0.538934 0.753415 0.522712 0.753415
1 0.539276 0.743169 0.543374 0.743169 0.543374 0.753245 0.539276 0.753245
1 0.539959 0.777664 0.544057 0.777664 0.544057 0.787739 0.539959 0.787739
0 0.523224 0.777664 0.539447 0.777664 0.539447 0.788251 0.523224 0.788251
1 0.518613 0.777835 0.522712 0.777835 0.522712 0.787910 0.518613 0.787910
0 0.523224 0.795253 0.538422 0.795253 0.538422 0.803449 0.523224 0.803449
1 0.538422 0.794570 0.543374 0.794570 0.543374 0.804303 0.538422 0.804303
1 0.518443 0.794740 0.522712 0.794740 0.522712 0.804474 0.518443 0.804474
1 0.538081 0.812158 0.543033 0.812158 0.543033 0.821892 0.538081 0.821892
0 0.522883 0.812842 0.538081 0.812842 0.538081 0.821038 0.522883 0.821038
1 0.518101 0.812329 0.522370 0.812329 0.522370 0.822063 0.518101 0.822063
1 0.537739 0.828381 0.542691 0.828381 0.542691 0.838115 0.537739 0.838115
0 0.522712 0.829064 0.537910 0.829064 0.537910 0.837261 0.522712 0.837261
1 0.517930 0.828552 0.522199 0.828552 0.522199 0.838286 0.517930 0.838286
1 0.517589 0.846141 0.521858 0.846141 0.521858 0.855874 0.517589 0.855874
0 0.522370 0.846653 0.537568 0.846653 0.537568 0.854850 0.522370 0.854850
1 0.537568 0.845970 0.542520 0.845970 0.542520 0.855704 0.537568 0.855704
1 0.538081 0.862534 0.543033 0.862534 0.543033 0.872268 0.538081 0.872268
0 0.522883 0.863217 0.538081 0.863217 0.538081 0.871414 0.522883 0.871414
1 0.518101 0.862705 0.522370 0.862705 0.522370 0.872439 0.518101 0.872439
1 0.859075 0.709352 0.863174 0.709352 0.863174 0.719427 0.859075 0.719427
0 0.863686 0.708840 0.879909 0.708840 0.879909 0.719427 0.863686 0.719427
1 0.880250 0.709182 0.884348 0.709182 0.884348 0.719257 0.880250 0.719257
1 0.859402 0.726258 0.863500 0.726258 0.863500 0.736333 0.859402 0.736333
0 0.864013 0.726087 0.880235 0.726087 0.880235 0.736675 0.864013 0.736675
1 0.880748 0.726087 0.884846 0.726087 0.884846 0.736162 0.880748 0.736162
1 0.858362 0.743505 0.862461 0.743505 0.862461 0.753580 0.858362 0.753580
0 0.862973 0.742993 0.879196 0.742993 0.879196 0.753580 0.862973 0.753580
1 0.879537 0.743335 0.883636 0.743335 0.883636 0.753410 0.879537 0.753410
1 0.880220 0.760240 0.884319 0.760240 0.884319 0.770315 0.880220 0.770315
0 0.863485 0.760240 0.879708 0.760240 0.879708 0.770828 0.863485 0.770828
1 0.858875 0.760411 0.862973 0.760411 0.862973 0.770486 0.858875 0.770486
1 0.858875 0.778000 0.862973 0.778000 0.862973 0.788075 0.858875 0.788075
0 0.863485 0.777829 0.879708 0.777829 0.879708 0.788417 0.863485 0.788417
1 0.880220 0.777829 0.884319 0.777829 0.884319 0.787904 0.880220 0.787904
1 0.858704 0.794906 0.862973 0.794906 0.862973 0.804639 0.858704 0.804639
0 0.863485 0.795418 0.878684 0.795418 0.878684 0.803615 0.863485 0.803615
1 0.878684 0.794735 0.883636 0.794735 0.883636 0.804468 0.878684 0.804468
1 0.858362 0.812494 0.862632 0.812494 0.862632 0.822228 0.858362 0.822228
0 0.863144 0.813007 0.878342 0.813007 0.878342 0.821203 0.863144 0.821203
1 0.878342 0.812324 0.883294 0.812324 0.883294 0.822057 0.878342 0.822057
1 0.878000 0.828546 0.882953 0.828546 0.882953 0.838280 0.878000 0.838280
0 0.862973 0.829229 0.878171 0.829229 0.878171 0.837426 0.862973 0.837426
1 0.858192 0.828717 0.862461 0.828717 0.862461 0.838451 0.858192 0.838451
1 0.857850 0.846306 0.862119 0.846306 0.862119 0.856040 0.857850 0.856040
0 0.862632 0.846818 0.877830 0.846818 0.877830 0.855015 0.862632 0.855015
1 0.877830 0.846135 0.882782 0.846135 0.882782 0.855869 0.877830 0.855869
1 0.878342 0.862699 0.883294 0.862699 0.883294 0.872433 0.878342 0.872433
0 0.863144 0.863382 0.878342 0.863382 0.878342 0.871579 0.863144 0.871579
1 0.858362 0.862870 0.862632 0.862870 0.862632 0.872604 0.858362 0.872604
0 0.189097 0.643382 0.259538 0.643382 0.259538 0.750927 0.189097 0.750927
1 0.261911 0.643891 0.287205 0.643891 0.287205 0.650615 0.261911 0.650615
1 0.261591 0.655097 0.286885 0.655097 0.286885 0.660861 0.261591 0.660861
1 0.261911 0.665343 0.287526 0.665343 0.287526 0.671747 0.261911 0.671747
1 0.261270 0.676870 0.286245 0.676870 0.286245 0.683274 0.261270 0.683274
1 0.262231 0.688397 0.287526 0.688397 0.287526 0.694160 0.262231 0.694160
1 0.263192 0.699603 0.288486 0.699603 0.288486 0.706327 0.263192 0.706327
1 0.262551 0.710809 0.287846 0.710809 0.287846 0.716573 0.262551 0.716573
1 0.262551 0.721055 0.288166 0.721055 0.288166 0.727459 0.262551 0.727459
1 0.262551 0.732582 0.287526 0.732582 0.287526 0.738986 0.262551 0.738986
1 0.261911 0.744429 0.287205 0.744429 0.287205 0.750192 0.261911 0.750192
1 0.161693 0.744749 0.186988 0.744749 0.186988 0.750512 0.161693 0.750512
1 0.162334 0.733222 0.187308 0.733222 0.187308 0.739626 0.162334 0.739626
1 0.162334 0.721696 0.187948 0.721696 0.187948 0.728099 0.162334 0.728099
1 0.162334 0.711450 0.187628 0.711450 0.187628 0.717213 0.162334 0.717213
1 0.162974 0.700243 0.188268 0.700243 0.188268 0.706967 0.162974 0.706967
1 0.162334 0.689037 0.187628 0.689037 0.187628 0.694800 0.162334 0.694800
1 0.162974 0.677510 0.187948 0.677510 0.187948 0.683914 0.162974 0.683914
1 0.162974 0.665984 0.188589 0.665984 0.188589 0.672387 0.162974 0.672387
1 0.162974 0.655738 0.188268 0.655738 0.188268 0.661501 0.162974 0.661501
1 0.163614 0.644531 0.188909 0.644531 0.188909 0.651255 0.163614 0.651255
1 0.332351 0.644531 0.357646 0.644531 0.357646 0.651255 0.332351 0.651255
1 0.331711 0.655738 0.357006 0.655738 0.357006 0.661501 0.331711 0.661501
1 0.331711 0.665984 0.357326 0.665984 0.357326 0.672387 0.331711 0.672387
1 0.331711 0.677510 0.356685 0.677510 0.356685 0.683914 0.331711 0.683914
1 0.331071 0.689037 0.356365 0.689037 0.356365 0.694800 0.331071 0.694800
1 0.331711 0.700243 0.357006 0.700243 0.357006 0.706967 0.331711 0.706967
1 0.331071 0.711450 0.356365 0.711450 0.356365 0.717213 0.331071 0.717213
1 0.331268 0.721696 0.356882 0.721696 0.356882 0.728099 0.331268 0.728099
1 0.331268 0.733222 0.356242 0.733222 0.356242 0.739626 0.331268 0.739626
1 0.330824 0.744552 0.356119 0.744552 0.356119 0.750315 0.330824 0.750315
0 0.358983 0.643006 0.430177 0.643006 0.430177 0.750738 0.358983 0.750738
1 0.431239 0.744232 0.456534 0.744232 0.456534 0.749995 0.431239 0.749995
1 0.431880 0.732385 0.456854 0.732385 0.456854 0.738789 0.431880 0.738789
1 0.431880 0.720858 0.457494 0.720858 0.457494 0.727262 0.431880 0.727262
1 0.431880 0.710612 0.457174 0.710612 0.457174 0.716376 0.431880 0.716376
1 0.432520 0.699406 0.457814 0.699406 0.457814 0.706130 0.432520 0.706130
1 0.431880 0.688199 0.457174 0.688199 0.457174 0.693963 0.431880 0.693963
1 0.432520 0.676673 0.457494 0.676673 0.457494 0.683077 0.432520 0.683077
1 0.432520 0.665146 0.458135 0.665146 0.458135 0.671550 0.432520 0.671550
1 0.432520 0.654900 0.457814 0.654900 0.457814 0.660664 0.432520 0.660664
1 0.432840 0.644014 0.458135 0.644014 0.458135 0.650738 0.432840 0.650738
1 0.432643 0.814254 0.457938 0.814254 0.457938 0.820977 0.432643 0.820977
1 0.432323 0.825731 0.457617 0.825731 0.457617 0.831494 0.432323 0.831494
1 0.431929 0.836174 0.457544 0.836174 0.457544 0.842578 0.431929 0.842578
1 0.431338 0.848045 0.456928 0.848045 0.456928 0.854104 0.431338 0.854104
1 0.431682 0.858882 0.458307 0.858882 0.458307 0.864794 0.431682 0.864794
1 0.431929 0.869719 0.458307 0.869719 0.458307 0.876369 0.431929 0.876369
1 0.431682 0.881345 0.457716 0.881345 0.457716 0.887009 0.431682 0.887009
1 0.431682 0.891985 0.458701 0.891985 0.458701 0.898487 0.431682 0.898487
1 0.430697 0.903019 0.457519 0.903019 0.457519 0.909422 0.430697 0.909422
1 0.431633 0.914644 0.457716 0.914644 0.457716 0.920235 0.431633 0.920235
0 0.358795 0.814210 0.429801 0.814210 0.429801 0.921189 0.358795 0.921189
1 0.330233 0.914200 0.355528 0.914200 0.355528 0.919964 0.330233 0.919964
1 0.330677 0.902871 0.355651 0.902871 0.355651 0.909275 0.330677 0.909275
1 0.330677 0.891344 0.356291 0.891344 0.356291 0.897748 0.330677 0.897748
1 0.330480 0.881492 0.355774 0.881492 0.355774 0.887256 0.330480 0.887256
1 0.331120 0.870286 0.356415 0.870286 0.356415 0.877010 0.331120 0.877010
1 0.330480 0.859079 0.355774 0.859079 0.355774 0.864843 0.330480 0.864843
1 0.331120 0.847553 0.356094 0.847553 0.356094 0.853956 0.331120 0.853956
1 0.331120 0.836026 0.356735 0.836026 0.356735 0.842430 0.331120 0.842430
1 0.331120 0.825780 0.356415 0.825780 0.356415 0.831544 0.331120 0.831544
1 0.331760 0.814574 0.357055 0.814574 0.357055 0.821298 0.331760 0.821298
1 0.161915 0.814377 0.187209 0.814377 0.187209 0.821101 0.161915 0.821101
1 0.161669 0.825583 0.186963 0.825583 0.186963 0.831347 0.161669 0.831347
1 0.161274 0.837011 0.186889 0.837011 0.186889 0.843415 0.161274 0.843415
1 0.160979 0.847356 0.187431 0.847356 0.187431 0.854745 0.160979 0.854745
1 0.160782 0.858685 0.187308 0.858685 0.187308 0.864596 0.160782 0.864596
1 0.161176 0.869498 0.187357 0.869498 0.187357 0.876222 0.161176 0.876222
1 0.160782 0.880901 0.187308 0.880901 0.187308 0.887453 0.160782 0.887453
1 0.161176 0.891541 0.187431 0.891541 0.187431 0.897896 0.161176 0.897896
1 0.160782 0.903068 0.187776 0.903068 0.187776 0.909127 0.160782 0.909127
1 0.160979 0.914397 0.187456 0.914397 0.187456 0.920555 0.160979 0.920555
0 0.190604 0.813833 0.260103 0.813833 0.260103 0.920813 0.190604 0.920813
1 0.260803 0.914865 0.286097 0.914865 0.286097 0.920629 0.260803 0.920629
1 0.261640 0.903019 0.286614 0.903019 0.286614 0.909422 0.261640 0.909422
1 0.261640 0.891295 0.287255 0.891295 0.287255 0.897699 0.261640 0.897699
1 0.261640 0.881049 0.286935 0.881049 0.286935 0.886812 0.261640 0.886812
1 0.262280 0.869843 0.287575 0.869843 0.287575 0.876566 0.262280 0.876566
1 0.261640 0.858636 0.286935 0.858636 0.286935 0.864399 0.261640 0.864399
1 0.262280 0.847109 0.287255 0.847109 0.287255 0.853513 0.262280 0.853513
1 0.262280 0.835583 0.287895 0.835583 0.287895 0.841987 0.262280 0.841987
1 0.262280 0.825337 0.287575 0.825337 0.287575 0.831100 0.262280 0.831100
1 0.262600 0.814451 0.287895 0.814451 0.287895 0.821175 0.262600 0.821175
1 0.041715 0.063469 0.053945 0.063469 0.053945 0.102097 0.041715 0.102097
1 0.003753 0.225484 0.017816 0.225484 0.017816 0.257628 0.003753 0.257628
1 0.003274 0.319478 0.017337 0.319478 0.017337 0.351622 0.003274 0.351622
1 0.003154 0.376805 0.017217 0.376805 0.017217 0.408949 0.003154 0.408949
1 0.003394 0.472040 0.017457 0.472040 0.017457 0.504184 0.003394 0.504184
1 0.001051 0.653629 0.025349 0.653629 0.025349 0.735620 0.001051 0.735620
