0 0.284767 0.107346 0.307395 0.107346 0.307395 0.163456 0.284767 0.163456
0 0.320390 0.107612 0.343803 0.107612 0.343803 0.164029 0.320390 0.164029
0 0.039459 0.469152 0.066474 0.469152 0.066474 0.522445 0.039459 0.522445
0 0.889345 0.581314 0.940283 0.581314 0.940283 0.681110 0.889345 0.681110
0 0.633000 0.743091 0.659777 0.743091 0.659777 0.794115 0.633000 0.794115
0 0.171991 0.374977 0.199103 0.374977 0.199103 0.428122 0.171991 0.428122
0 0.265897 0.394847 0.292870 0.394847 0.292870 0.446335 0.265897 0.446335
0 0.147710 0.469353 0.174438 0.469353 0.174438 0.522030 0.147710 0.522030
0 0.089845 0.659336 0.111219 0.659336 0.111219 0.693219 0.089845 0.693219
0 0.111738 0.469661 0.138328 0.469661 0.138328 0.520950 0.111738 0.520950
0 0.213098 0.918564 0.234699 0.918564 0.234699 0.952271 0.213098 0.952271
0 0.002872 0.469238 0.029215 0.469238 0.029215 0.522532 0.002872 0.522532
0 0.022358 0.375834 0.049583 0.375834 0.049583 0.429077 0.022358 0.429077
0 0.596625 0.730311 0.623197 0.730311 0.623197 0.781541 0.596625 0.781541
0 0.061856 0.375628 0.087886 0.375628 0.087886 0.428439 0.061856 0.428439
0 0.208716 0.375076 0.236125 0.375076 0.236125 0.428054 0.208716 0.428054
0 0.244651 0.923635 0.258630 0.923635 0.258630 0.949394 0.244651 0.949394
0 0.343361 0.814538 0.459602 0.814538 0.459602 0.930303 0.343361 0.930303
0 0.943341 0.409025 0.976178 0.409025 0.976178 0.429107 0.943341 0.429107
0 0.287125 0.047124 0.312993 0.047124 0.312993 0.060342 0.287125 0.060342
0 0.297155 0.495259 0.321888 0.495259 0.321888 0.508126 0.297155 0.508126
0 0.359839 0.154163 0.373452 0.154163 0.373452 0.180023 0.359839 0.180023
0 0.153837 0.841859 0.179558 0.841859 0.179558 0.854815 0.153837 0.854815
0 0.688380 0.649433 0.716353 0.649433 0.716353 0.702845 0.688380 0.702845
0 0.186642 0.661112 0.199079 0.661112 0.199079 0.685832 0.186642 0.685832
0 0.185431 0.618394 0.198194 0.618394 0.198194 0.643310 0.185431 0.643310
0 0.075085 0.620087 0.101253 0.620087 0.101253 0.634524 0.075085 0.634524
0 0.860107 0.955690 0.872919 0.955690 0.872919 0.980735 0.860107 0.980735
0 0.115390 0.624792 0.141113 0.624792 0.141113 0.639048 0.115390 0.639048
0 0.242960 0.730104 0.267568 0.730104 0.267568 0.742648 0.242960 0.742648
0 0.331074 0.023579 0.345233 0.023579 0.345233 0.049537 0.331074 0.049537
0 0.097956 0.375812 0.124033 0.375812 0.124033 0.426812 0.097956 0.426812
0 0.277049 0.023758 0.303018 0.023758 0.303018 0.036666 0.277049 0.036666
0 0.317563 0.337798 0.343857 0.337798 0.343857 0.352276 0.317563 0.352276
0 0.707659 0.525235 0.720844 0.525235 0.720844 0.550729 0.707659 0.550729
0 0.278758 0.940719 0.291226 0.940719 0.291226 0.965556 0.278758 0.965556
0 0.759260 0.459462 0.784765 0.459462 0.784765 0.472550 0.759260 0.472550
1 0.110559 0.521804 0.138789 0.521804 0.138789 0.533642 0.110559 0.533642
0 0.252653 0.561709 0.367200 0.561709 0.367200 0.677139 0.252653 0.677139
0 0.342546 0.218757 0.368576 0.218757 0.368576 0.233136 0.342546 0.233136
0 0.384550 0.087506 0.392521 0.087506 0.392521 0.103299 0.384550 0.103299
1 0.110521 0.458869 0.139047 0.458869 0.139047 0.469668 0.110521 0.469668
0 0.460416 0.970001 0.486035 0.970001 0.486035 0.983587 0.460416 0.983587
0 0.876932 0.306718 0.892868 0.306718 0.892868 0.314720 0.876932 0.314720
0 0.643207 0.044793 0.658448 0.044793 0.658448 0.052878 0.643207 0.052878
0 0.780657 0.674937 0.806818 0.674937 0.806818 0.689187 0.780657 0.689187
0 0.943409 0.375222 0.975755 0.375222 0.975755 0.395247 0.943409 0.395247
0 0.034162 0.620138 0.059566 0.620138 0.059566 0.633332 0.034162 0.633332
0 0.278085 0.857251 0.290865 0.857251 0.290865 0.882254 0.278085 0.882254
0 0.731982 0.525347 0.746209 0.525347 0.746209 0.551497 0.731982 0.551497
0 0.206624 0.702846 0.231705 0.702846 0.231705 0.715492 0.206624 0.715492
1 0.208784 0.428705 0.237059 0.428705 0.237059 0.439802 0.208784 0.439802
0 0.288830 0.073878 0.314584 0.073878 0.314584 0.086820 0.288830 0.086820
0 0.386990 0.749134 0.411951 0.749134 0.411951 0.761907 0.386990 0.761907
0 0.317449 0.361208 0.343489 0.361208 0.343489 0.375317 0.317449 0.375317
0 0.331998 0.074824 0.357631 0.074824 0.357631 0.087538 0.331998 0.087538
0 0.379140 0.700730 0.392350 0.700730 0.392350 0.726172 0.379140 0.726172
0 0.384489 0.117655 0.392575 0.117655 0.392575 0.133518 0.384489 0.133518
0 0.311592 0.951338 0.324081 0.951338 0.324081 0.976048 0.311592 0.976048
0 0.357606 0.024004 0.370380 0.024004 0.370380 0.049906 0.357606 0.049906
0 0.317424 0.240582 0.343494 0.240582 0.343494 0.255054 0.317424 0.255054
0 0.375088 0.194771 0.400943 0.194771 0.400943 0.209099 0.375088 0.209099
0 0.838373 0.955610 0.851682 0.955610 0.851682 0.980976 0.838373 0.980976
0 0.577916 0.372954 0.593974 0.372954 0.593974 0.380884 0.577916 0.380884
0 0.816799 0.955965 0.829857 0.955965 0.829857 0.980753 0.816799 0.980753
0 0.837404 0.444092 0.845512 0.444092 0.845512 0.460346 0.837404 0.460346
1 0.096250 0.427827 0.127671 0.427827 0.127671 0.441214 0.096250 0.441214
0 0.747979 0.020028 0.755714 0.020028 0.755714 0.036140 0.747979 0.036140
1 0.097343 0.365262 0.125721 0.365262 0.125721 0.375550 0.097343 0.375550
0 0.194590 0.824519 0.209250 0.824519 0.209250 0.850192 0.194590 0.850192
0 0.359787 0.113791 0.372963 0.113791 0.372963 0.139524 0.359787 0.139524
0 0.318096 0.313679 0.343845 0.313679 0.343845 0.328231 0.318096 0.328231
1 0.630688 0.795067 0.662279 0.795067 0.662279 0.807598 0.630688 0.807598
0 0.780763 0.650655 0.806980 0.650655 0.806980 0.665196 0.780763 0.665196
1 0.146130 0.459018 0.174526 0.459018 0.174526 0.469151 0.146130 0.469151
0 0.186649 0.780575 0.205707 0.780575 0.205707 0.812846 0.186649 0.812846
0 0.812457 0.282913 0.828129 0.282913 0.828129 0.291112 0.812457 0.291112
1 0.037952 0.458718 0.067391 0.458718 0.067391 0.469086 0.037952 0.469086
1 0.060466 0.365028 0.088774 0.365028 0.088774 0.375407 0.060466 0.375407
1 0.885631 0.682352 0.947424 0.682352 0.947424 0.701530 0.885631 0.701530
1 0.688550 0.639007 0.717192 0.639007 0.717192 0.649816 0.688550 0.649816
0 0.801020 0.442954 0.816862 0.442954 0.816862 0.451401 0.801020 0.451401
0 0.291156 0.817186 0.299098 0.817186 0.299098 0.833427 0.291156 0.833427
0 0.404151 0.322148 0.412769 0.322148 0.412769 0.338030 0.404151 0.338030
0 0.277552 0.898565 0.290070 0.898565 0.290070 0.923324 0.277552 0.923324
0 0.332939 0.283593 0.358647 0.283593 0.358647 0.298115 0.332939 0.298115
0 0.384937 0.049653 0.392832 0.049653 0.392832 0.065250 0.384937 0.065250
0 0.800620 0.052049 0.816416 0.052049 0.816416 0.060325 0.800620 0.060325
0 0.317497 0.262175 0.343299 0.262175 0.343299 0.276147 0.317497 0.276147
0 0.764559 0.443173 0.779692 0.443173 0.779692 0.451387 0.764559 0.451387
1 0.002072 0.522974 0.030592 0.522974 0.030592 0.533545 0.002072 0.533545
0 0.608309 0.106509 0.624194 0.106509 0.624194 0.114691 0.608309 0.114691
1 0.264607 0.447059 0.293476 0.447059 0.293476 0.457745 0.264607 0.457745
0 0.357227 0.762091 0.374001 0.762091 0.374001 0.771065 0.357227 0.771065
1 0.316804 0.095781 0.346958 0.095781 0.346958 0.107755 0.316804 0.107755
0 0.834137 0.496037 0.842099 0.496037 0.842099 0.512031 0.834137 0.512031
1 0.087982 0.693432 0.112004 0.693432 0.112004 0.701827 0.087982 0.701827
1 0.593966 0.782151 0.625396 0.782151 0.625396 0.795431 0.593966 0.795431
1 0.039028 0.522972 0.067223 0.522972 0.067223 0.533485 0.039028 0.533485
0 0.274199 0.810738 0.283343 0.810738 0.283343 0.827818 0.274199 0.827818
0 0.433337 0.683091 0.441656 0.683091 0.441656 0.699213 0.433337 0.699213
1 0.280609 0.095571 0.310505 0.095571 0.310505 0.107622 0.280609 0.107622
1 0.022170 0.364972 0.050477 0.364972 0.050477 0.375393 0.022170 0.375393
0 0.404609 0.151655 0.412666 0.151655 0.412666 0.167854 0.404609 0.167854
0 0.865530 0.450331 0.873582 0.450331 0.873582 0.466474 0.865530 0.466474
0 0.643173 0.025965 0.658673 0.025965 0.658673 0.034148 0.643173 0.034148
0 0.678150 0.028419 0.688179 0.028419 0.688179 0.045351 0.678150 0.045351
0 0.405007 0.352931 0.412910 0.352931 0.412910 0.368857 0.405007 0.368857
1 0.349286 0.787733 0.357409 0.787733 0.357409 0.814897 0.349286 0.814897
0 0.838457 0.028281 0.854471 0.028281 0.854471 0.036205 0.838457 0.036205
1 0.002328 0.458831 0.032451 0.458831 0.032451 0.468966 0.002328 0.468966
1 0.688644 0.703300 0.718065 0.703300 0.718065 0.713783 0.688644 0.713783
1 0.280607 0.163879 0.310364 0.163879 0.310364 0.176838 0.280607 0.176838
0 0.685856 0.459917 0.694982 0.459917 0.694982 0.476515 0.685856 0.476515
0 0.716839 0.072553 0.732206 0.072553 0.732206 0.080764 0.716839 0.080764
1 0.146044 0.522879 0.176617 0.522879 0.176617 0.534399 0.146044 0.534399
0 0.269014 0.511042 0.285903 0.511042 0.285903 0.519990 0.269014 0.519990
0 0.799805 0.347999 0.809304 0.347999 0.809304 0.364659 0.799805 0.364659
1 0.060313 0.429314 0.088590 0.429314 0.088590 0.440166 0.060313 0.440166
1 0.934141 0.407676 0.943077 0.407676 0.943077 0.431142 0.934141 0.431142
0 0.501788 0.480824 0.518692 0.480824 0.518692 0.490519 0.501788 0.490519
1 0.631591 0.731217 0.660178 0.731217 0.660178 0.743114 0.631591 0.743114
0 0.363165 0.969180 0.379853 0.969180 0.379853 0.978818 0.363165 0.978818
0 0.405086 0.087368 0.413132 0.087368 0.413132 0.103432 0.405086 0.103432
0 0.467816 0.310310 0.483249 0.310310 0.483249 0.318622 0.467816 0.318622
1 0.172110 0.365474 0.200401 0.365474 0.200401 0.375078 0.172110 0.375078
0 0.800197 0.458563 0.817252 0.458563 0.817252 0.467706 0.800197 0.467706
1 0.598598 0.961484 0.642228 0.961484 0.642228 0.978931 0.598598 0.978931
1 0.172051 0.428904 0.200476 0.428904 0.200476 0.440275 0.172051 0.440275
0 0.523683 0.922781 0.539638 0.922781 0.539638 0.931733 0.523683 0.931733
1 0.595363 0.719094 0.624251 0.719094 0.624251 0.730138 0.595363 0.730138
0 0.430922 0.236492 0.440051 0.236492 0.440051 0.253175 0.430922 0.253175
0 0.697819 0.029101 0.705643 0.029101 0.705643 0.044908 0.697819 0.044908
0 0.619671 0.441598 0.636450 0.441598 0.636450 0.450891 0.619671 0.450891
0 0.594534 0.495801 0.611510 0.495801 0.611510 0.505133 0.594534 0.505133
1 0.209233 0.365143 0.237411 0.365143 0.237411 0.374808 0.209233 0.374808
0 0.594749 0.444855 0.602773 0.444855 0.602773 0.460613 0.594749 0.460613
0 0.752801 0.057156 0.768578 0.057156 0.768578 0.065319 0.752801 0.065319
1 0.933971 0.373575 0.942911 0.373575 0.942911 0.397014 0.933971 0.397014
0 0.404510 0.291419 0.412406 0.291419 0.412406 0.307582 0.404510 0.307582
0 0.645786 0.165037 0.654143 0.165037 0.654143 0.180807 0.645786 0.180807
1 0.353341 0.533603 0.361811 0.533603 0.361811 0.560809 0.353341 0.560809
0 0.447616 0.300471 0.455736 0.300471 0.455736 0.316382 0.447616 0.316382
0 0.430684 0.300090 0.439885 0.300090 0.439885 0.316656 0.430684 0.316656
0 0.436211 0.119738 0.451901 0.119738 0.451901 0.128034 0.436211 0.128034
1 0.316869 0.164316 0.347121 0.164316 0.347121 0.177290 0.316869 0.177290
0 0.430843 0.270031 0.440446 0.270031 0.440446 0.287029 0.430843 0.287029
1 0.349137 0.931624 0.357341 0.931624 0.357341 0.959704 0.349137 0.959704
0 0.383779 0.291276 0.392975 0.291276 0.392975 0.308236 0.383779 0.308236
0 0.381073 0.395040 0.390460 0.395040 0.390460 0.411745 0.381073 0.411745
0 0.199977 0.585944 0.208277 0.585944 0.208277 0.602224 0.199977 0.602224
1 0.224425 0.649116 0.251644 0.649116 0.251644 0.658402 0.224425 0.658402
0 0.717255 0.038968 0.733190 0.038968 0.733190 0.047207 0.717255 0.047207
0 0.249125 0.080574 0.258977 0.080574 0.258977 0.096847 0.249125 0.096847
0 0.782036 0.216537 0.790284 0.216537 0.790284 0.232715 0.782036 0.232715
0 0.523894 0.905537 0.539654 0.905537 0.539654 0.913397 0.523894 0.913397
0 0.183205 0.579239 0.192016 0.579239 0.192016 0.596006 0.183205 0.596006
1 0.298966 0.532960 0.307221 0.532960 0.307221 0.560751 0.298966 0.560751
1 0.325987 0.532535 0.334516 0.532535 0.334516 0.560925 0.325987 0.560925
0 0.383628 0.321732 0.393216 0.321732 0.393216 0.338205 0.383628 0.338205
1 0.264576 0.382559 0.293198 0.382559 0.293198 0.394110 0.264576 0.394110
0 0.546717 0.373622 0.562375 0.373622 0.562375 0.382001 0.546717 0.382001
1 0.211901 0.909577 0.235513 0.909577 0.235513 0.918469 0.211901 0.918469
0 0.698614 0.375437 0.714650 0.375437 0.714650 0.383304 0.698614 0.383304
0 0.822750 0.312766 0.838412 0.312766 0.838412 0.320913 0.822750 0.320913
0 0.339034 0.488055 0.355058 0.488055 0.355058 0.496430 0.339034 0.496430
0 0.405091 0.019342 0.412921 0.019342 0.412921 0.035334 0.405091 0.035334
1 0.021884 0.429824 0.050457 0.429824 0.050457 0.440180 0.021884 0.440180
1 0.403400 0.931648 0.411798 0.931648 0.411798 0.957931 0.403400 0.957931
0 0.294618 0.718383 0.304002 0.718383 0.304002 0.735310 0.294618 0.735310
0 0.534752 0.130680 0.543117 0.130680 0.543117 0.146577 0.534752 0.146577
0 0.404903 0.117980 0.412981 0.117980 0.412981 0.134001 0.404903 0.134001
0 0.425927 0.754242 0.434043 0.754242 0.434043 0.769990 0.425927 0.769990
1 0.315293 0.916077 0.342622 0.916077 0.342622 0.925064 0.315293 0.925064
0 0.793596 0.077188 0.801218 0.077188 0.801218 0.093327 0.793596 0.093327
0 0.528508 0.202885 0.536835 0.202885 0.536835 0.218643 0.528508 0.218643
1 0.223781 0.607664 0.252032 0.607664 0.252032 0.616509 0.223781 0.616509
1 0.127067 0.561695 0.138457 0.561695 0.138457 0.575152 0.127067 0.575152
0 0.645608 0.308544 0.653595 0.308544 0.653595 0.324700 0.645608 0.324700
0 0.667346 0.375063 0.683396 0.375063 0.683396 0.383166 0.667346 0.383166
0 0.404713 0.254134 0.413058 0.254134 0.413058 0.269981 0.404713 0.269981
1 0.325956 0.677930 0.334483 0.677930 0.334483 0.704626 0.325956 0.704626
0 0.384387 0.018740 0.393734 0.018740 0.393734 0.035672 0.384387 0.035672
0 0.813961 0.144168 0.829807 0.144168 0.829807 0.152610 0.813961 0.152610
1 0.368313 0.580299 0.397363 0.580299 0.397363 0.589544 0.368313 0.589544
1 0.315126 0.888632 0.342670 0.888632 0.342670 0.897815 0.315126 0.897815
1 0.369122 0.649111 0.396260 0.649111 0.396260 0.658288 0.369122 0.658288
1 0.734151 0.751347 0.798891 0.751347 0.798891 0.767996 0.734151 0.767996
1 0.353141 0.678317 0.361704 0.678317 0.361704 0.705503 0.353141 0.705503
1 0.212331 0.952563 0.235786 0.952563 0.235786 0.960457 0.212331 0.960457
1 0.460964 0.834143 0.487532 0.834143 0.487532 0.842969 0.460964 0.842969
1 0.088639 0.651150 0.112517 0.651150 0.112517 0.659214 0.088639 0.659214
1 0.315052 0.861664 0.342770 0.861664 0.342770 0.870728 0.315052 0.870728
0 0.783873 0.148211 0.791803 0.148211 0.791803 0.164227 0.783873 0.164227
1 0.315144 0.834512 0.342976 0.834512 0.342976 0.843280 0.315144 0.843280
1 0.369150 0.634877 0.396386 0.634877 0.396386 0.644010 0.369150 0.644010
0 0.339033 0.507259 0.355063 0.507259 0.355063 0.515433 0.339033 0.515433
1 0.224393 0.662650 0.252149 0.662650 0.252149 0.671528 0.224393 0.671528
1 0.376184 0.931511 0.384549 0.931511 0.384549 0.958798 0.376184 0.958798
0 0.589450 0.026388 0.604969 0.026388 0.604969 0.034352 0.589450 0.034352
1 0.271683 0.533242 0.280001 0.533242 0.280001 0.560725 0.271683 0.560725
0 0.405077 0.049760 0.413283 0.049760 0.413283 0.065621 0.405077 0.065621
0 0.385965 0.152194 0.394130 0.152194 0.394130 0.168186 0.385965 0.168186
0 0.814773 0.495709 0.824207 0.495709 0.824207 0.512411 0.814773 0.512411
0 0.846626 0.406905 0.854453 0.406905 0.854453 0.422621 0.846626 0.422621
1 0.298885 0.677783 0.307333 0.677783 0.307333 0.704717 0.298885 0.704717
1 0.223955 0.634570 0.251434 0.634570 0.251434 0.643825 0.223955 0.643825
0 0.384139 0.221618 0.393402 0.221618 0.393402 0.238306 0.384139 0.238306
1 0.223882 0.580601 0.251833 0.580601 0.251833 0.588939 0.223882 0.588939
1 0.461210 0.861298 0.487484 0.861298 0.487484 0.870296 0.461210 0.870296
0 0.529771 0.297640 0.537563 0.297640 0.537563 0.313431 0.529771 0.313431
0 0.450240 0.236691 0.458238 0.236691 0.458238 0.252672 0.450240 0.252672
1 0.432040 0.931131 0.440466 0.931131 0.440466 0.957519 0.432040 0.957519
1 0.368250 0.662736 0.395982 0.662736 0.395982 0.671904 0.368250 0.671904
1 0.600054 0.840093 0.642746 0.840093 0.642746 0.856465 0.600054 0.856465
0 0.921114 0.514695 0.937720 0.514695 0.937720 0.524015 0.921114 0.524015
1 0.271684 0.678176 0.280123 0.678176 0.280123 0.705272 0.271684 0.705272
0 0.812672 0.213795 0.828389 0.213795 0.828389 0.222170 0.812672 0.222170
1 0.368577 0.593963 0.395225 0.593963 0.395225 0.603138 0.368577 0.603138
1 0.376313 0.786953 0.384730 0.786953 0.384730 0.814623 0.376313 0.814623
1 0.339673 0.678201 0.348307 0.678201 0.348307 0.704768 0.339673 0.704768
0 0.404880 0.222011 0.412719 0.222011 0.412719 0.237905 0.404880 0.237905
1 0.460807 0.915991 0.488452 0.915991 0.488452 0.924602 0.460807 0.924602
1 0.315246 0.902240 0.342577 0.902240 0.342577 0.911651 0.315246 0.911651
0 0.449709 0.270601 0.457621 0.270601 0.457621 0.286664 0.449709 0.286664
1 0.460925 0.888726 0.488562 0.888726 0.488562 0.897516 0.460925 0.897516
0 0.383704 0.253277 0.393215 0.253277 0.393215 0.270100 0.383704 0.270100
0 0.383681 0.352697 0.392988 0.352697 0.392988 0.369249 0.383681 0.369249
0 0.882206 0.428731 0.890271 0.428731 0.890271 0.444593 0.882206 0.444593
1 0.173588 0.802198 0.187308 0.802198 0.187308 0.812006 0.173588 0.812006
1 0.403517 0.786742 0.411898 0.786742 0.411898 0.814294 0.403517 0.814294
1 0.368781 0.607614 0.395882 0.607614 0.395882 0.616690 0.368781 0.616690
0 0.529555 0.327480 0.537873 0.327480 0.537873 0.343499 0.529555 0.343499
0 0.679208 0.308540 0.687421 0.308540 0.687421 0.324696 0.679208 0.324696
0 0.651292 0.460203 0.660807 0.460203 0.660807 0.476883 0.651292 0.476883
1 0.315125 0.875077 0.342670 0.875077 0.342670 0.884022 0.315125 0.884022
1 0.445914 0.787186 0.454353 0.787186 0.454353 0.814206 0.445914 0.814206
1 0.115500 0.593465 0.126505 0.593465 0.126505 0.607293 0.115500 0.607293
1 0.368763 0.621007 0.396044 0.621007 0.396044 0.630381 0.368763 0.630381
1 0.223977 0.594072 0.252066 0.594072 0.252066 0.602834 0.223977 0.602834
0 0.679564 0.165132 0.687832 0.165132 0.687832 0.180840 0.679564 0.180840
0 0.723168 0.460551 0.731487 0.460551 0.731487 0.476389 0.723168 0.476389
1 0.312438 0.677724 0.320823 0.677724 0.320823 0.704654 0.312438 0.704654
1 0.223705 0.621329 0.251500 0.621329 0.251500 0.630114 0.223705 0.630114
1 0.362712 0.931385 0.371030 0.931385 0.371030 0.958855 0.362712 0.958855
1 0.976524 0.407655 0.986242 0.407655 0.986242 0.431053 0.976524 0.431053
1 0.224021 0.566731 0.251750 0.566731 0.251750 0.575525 0.224021 0.575525
1 0.886455 0.564503 0.947544 0.564503 0.947544 0.581072 0.886455 0.581072
1 0.368038 0.566724 0.397420 0.566724 0.397420 0.575818 0.368038 0.575818
1 0.315327 0.820884 0.342584 0.820884 0.342584 0.829680 0.315327 0.829680
1 0.461115 0.820692 0.489692 0.820692 0.489692 0.829447 0.461115 0.829447
1 0.445600 0.931094 0.453945 0.931094 0.453945 0.958438 0.445600 0.958438
1 0.315126 0.847964 0.342981 0.847964 0.342981 0.856788 0.315126 0.856788
1 0.389940 0.931380 0.398271 0.931380 0.398271 0.958716 0.389940 0.958716
1 0.258145 0.678302 0.266634 0.678302 0.266634 0.706332 0.258145 0.706332
1 0.285224 0.677910 0.293655 0.677910 0.293655 0.705319 0.285224 0.705319
1 0.362838 0.787173 0.371101 0.787173 0.371101 0.814631 0.362838 0.814631
0 0.851226 0.495518 0.860373 0.495518 0.860373 0.512470 0.851226 0.512470
1 0.460879 0.902576 0.488642 0.902576 0.488642 0.910938 0.460879 0.910938
1 0.460925 0.875143 0.488424 0.875143 0.488424 0.883624 0.460925 0.883624
1 0.432360 0.786123 0.440714 0.786123 0.440714 0.814159 0.432360 0.814159
1 0.205753 0.791268 0.220565 0.791268 0.220565 0.801616 0.205753 0.801616
1 0.460999 0.847813 0.488045 0.847813 0.488045 0.856611 0.460999 0.856611
1 0.976203 0.373525 0.984788 0.373525 0.984788 0.396953 0.976203 0.396953
1 0.104674 0.561768 0.114241 0.561768 0.114241 0.575329 0.104674 0.575329
1 0.706593 0.520740 0.722255 0.520740 0.722255 0.525027 0.706593 0.525027
1 0.258193 0.533680 0.266434 0.533680 0.266434 0.560840 0.258193 0.560840
0 0.445059 0.751492 0.453405 0.751492 0.453405 0.767334 0.445059 0.767334
1 0.339575 0.532391 0.348120 0.532391 0.348120 0.560841 0.339575 0.560841
1 0.312471 0.532907 0.320890 0.532907 0.320890 0.561015 0.312471 0.561015
1 0.173389 0.780257 0.186960 0.780257 0.186960 0.789976 0.173389 0.789976
1 0.734160 0.940436 0.796103 0.940436 0.796103 0.957612 0.734160 0.957612
1 0.390037 0.786760 0.398318 0.786760 0.398318 0.814383 0.390037 0.814383
1 0.276742 0.965837 0.292957 0.965837 0.292957 0.970355 0.276742 0.970355
0 0.103720 0.574973 0.135858 0.574973 0.135858 0.593534 0.103720 0.593534
1 0.310340 0.946588 0.325527 0.946588 0.325527 0.951156 0.310340 0.951156
1 0.403934 0.338190 0.412955 0.338190 0.412955 0.341206 0.403934 0.341206
1 0.243420 0.919309 0.259609 0.919309 0.259609 0.923538 0.243420 0.923538
1 0.184484 0.686007 0.200629 0.686007 0.200629 0.690367 0.184484 0.690367
1 0.815139 0.980892 0.832142 0.980892 0.832142 0.985479 0.815139 0.985479
1 0.321988 0.493780 0.326596 0.493780 0.326596 0.510003 0.321988 0.510003
1 0.828440 0.282314 0.832715 0.282314 0.832715 0.292041 0.828440 0.292041
1 0.285252 0.532580 0.293659 0.532580 0.293659 0.560866 0.285252 0.560866
1 0.836931 0.981133 0.853973 0.981133 0.853973 0.985692 0.836931 0.985692
1 0.291620 0.493780 0.296228 0.493780 0.296228 0.510003 0.291620 0.510003
1 0.355213 0.487775 0.358607 0.487775 0.358607 0.497298 0.355213 0.497298
1 0.335181 0.487666 0.338575 0.487666 0.338575 0.497189 0.335181 0.497189
1 0.335181 0.506822 0.338575 0.506822 0.338575 0.516345 0.335181 0.516345
1 0.355323 0.506712 0.358716 0.506712 0.358716 0.516236 0.355323 0.516236
1 0.286228 0.510898 0.289622 0.510898 0.289622 0.520421 0.286228 0.520421
1 0.265487 0.510444 0.268881 0.510444 0.268881 0.519968 0.265487 0.519968
1 0.184543 0.656615 0.200688 0.656615 0.200688 0.660975 0.184543 0.660975
1 0.184268 0.643945 0.200412 0.643945 0.200412 0.648306 0.184268 0.648306
1 0.183992 0.613373 0.200137 0.613373 0.200137 0.617733 0.183992 0.617733
1 0.183288 0.576047 0.191826 0.576047 0.191826 0.578893 0.183288 0.578893
1 0.141593 0.622865 0.145435 0.622865 0.145435 0.641080 0.141593 0.641080
1 0.183430 0.596397 0.191968 0.596397 0.191968 0.599243 0.183430 0.599243
1 0.199937 0.602658 0.208476 0.602658 0.208476 0.605504 0.199937 0.605504
1 0.199653 0.582736 0.208191 0.582736 0.208191 0.585582 0.199653 0.585582
1 0.112136 0.623435 0.114982 0.623435 0.114982 0.640796 0.112136 0.640796
1 0.101890 0.618739 0.104736 0.618739 0.104736 0.636100 0.101890 0.636100
1 0.071579 0.618881 0.074425 0.618881 0.074425 0.636242 0.071579 0.636242
1 0.060195 0.617600 0.063041 0.617600 0.063041 0.634961 0.060195 0.634961
1 0.031022 0.618454 0.033868 0.618454 0.033868 0.635815 0.031022 0.635815
1 0.202297 0.701103 0.205975 0.701103 0.205975 0.717998 0.202297 0.717998
1 0.294128 0.715000 0.303938 0.715000 0.303938 0.718270 0.294128 0.718270
1 0.231798 0.700926 0.235476 0.700926 0.235476 0.717821 0.231798 0.717821
1 0.238687 0.727954 0.242366 0.727954 0.242366 0.744849 0.238687 0.744849
1 0.267767 0.728131 0.271446 0.728131 0.271446 0.745026 0.267767 0.745026
1 0.294562 0.735731 0.304372 0.735731 0.304372 0.739001 0.294562 0.739001
1 0.149777 0.839609 0.153436 0.839609 0.153436 0.856391 0.149777 0.856391
1 0.192678 0.850713 0.210596 0.850713 0.210596 0.855129 0.192678 0.855129
1 0.273692 0.828231 0.284018 0.828231 0.284018 0.831181 0.273692 0.831181
1 0.291394 0.833998 0.299440 0.833998 0.299440 0.836948 0.291394 0.836948
1 0.276240 0.852907 0.292467 0.852907 0.292467 0.856796 0.276240 0.856796
1 0.179817 0.839743 0.183477 0.839743 0.183477 0.856525 0.179817 0.856525
1 0.193361 0.820319 0.210999 0.820319 0.210999 0.824284 0.193361 0.824284
1 0.273826 0.807176 0.284152 0.807176 0.284152 0.810126 0.273826 0.810126
1 0.291260 0.813881 0.299306 0.813881 0.299306 0.816832 0.291260 0.816832
1 0.276374 0.882679 0.292601 0.882679 0.292601 0.886568 0.276374 0.886568
1 0.276374 0.882679 0.292601 0.882679 0.292601 0.886568 0.276374 0.886568
1 0.276106 0.894212 0.292333 0.894212 0.292333 0.898102 0.276106 0.898102
1 0.276106 0.894212 0.292333 0.894212 0.292333 0.898102 0.276106 0.898102
1 0.276106 0.923582 0.292333 0.923582 0.292333 0.927471 0.276106 0.927471
1 0.276838 0.936434 0.292980 0.936434 0.292980 0.940577 0.276838 0.940577
1 0.243420 0.949844 0.260344 0.949844 0.260344 0.953535 0.243420 0.953535
1 0.310919 0.976544 0.326106 0.976544 0.326106 0.981113 0.310919 0.981113
1 0.359875 0.969810 0.362855 0.969810 0.362855 0.978623 0.359875 0.978623
1 0.456420 0.969152 0.460179 0.969152 0.460179 0.985762 0.456420 0.985762
1 0.380157 0.969810 0.383137 0.969810 0.383137 0.978623 0.380157 0.978623
1 0.486406 0.968802 0.489640 0.968802 0.489640 0.985850 0.486406 0.985850
1 0.273856 0.021649 0.276543 0.021649 0.276543 0.039203 0.273856 0.039203
1 0.303487 0.021191 0.306689 0.021191 0.306689 0.037600 0.303487 0.037600
1 0.282408 0.045872 0.286544 0.045872 0.286544 0.062415 0.282408 0.062415
1 0.313240 0.046179 0.316126 0.046179 0.316126 0.062504 0.313240 0.062504
1 0.329384 0.019842 0.345980 0.019842 0.345980 0.023270 0.329384 0.023270
1 0.329883 0.049613 0.345799 0.049613 0.345799 0.052970 0.329883 0.052970
1 0.355995 0.020019 0.371787 0.020019 0.371787 0.023501 0.355995 0.023501
1 0.356244 0.049986 0.372036 0.049986 0.372036 0.053716 0.356244 0.053716
1 0.284890 0.071687 0.288525 0.071687 0.288525 0.089271 0.284890 0.089271
1 0.314816 0.071857 0.318620 0.071857 0.318620 0.089102 0.314816 0.089102
1 0.327751 0.071096 0.331555 0.071096 0.331555 0.089778 0.327751 0.089778
1 0.357930 0.071434 0.361058 0.071434 0.361058 0.089356 0.357930 0.089356
1 0.249916 0.076708 0.257892 0.076708 0.257892 0.080404 0.249916 0.080404
1 0.250370 0.096940 0.257697 0.096940 0.257697 0.099599 0.250370 0.099599
1 0.384734 0.015944 0.393447 0.015944 0.393447 0.018359 0.384734 0.018359
1 0.384734 0.036310 0.393762 0.036310 0.393762 0.039144 0.384734 0.039144
1 0.405204 0.015629 0.412973 0.015629 0.412973 0.018884 0.405204 0.018884
1 0.405099 0.035575 0.413603 0.035575 0.413603 0.038410 0.405099 0.038410
1 0.384993 0.046982 0.392695 0.046982 0.392695 0.049232 0.384993 0.049232
1 0.384820 0.065588 0.392608 0.065588 0.392608 0.068616 0.384820 0.068616
1 0.405329 0.046896 0.412598 0.046896 0.412598 0.049492 0.405329 0.049492
1 0.405156 0.065934 0.413118 0.065934 0.413118 0.068789 0.405156 0.068789
1 0.384387 0.085231 0.392089 0.085231 0.392089 0.087135 0.384387 0.087135
1 0.405070 0.084539 0.412771 0.084539 0.412771 0.087135 0.405070 0.087135
1 0.384542 0.103529 0.392724 0.103529 0.392724 0.106363 0.384542 0.106363
1 0.405291 0.103689 0.413419 0.103689 0.413419 0.106309 0.405291 0.106309
1 0.384435 0.114972 0.391815 0.114972 0.391815 0.117486 0.384435 0.117486
1 0.384489 0.133742 0.392938 0.133742 0.392938 0.136416 0.384489 0.136416
1 0.404916 0.134277 0.413472 0.134277 0.413472 0.136790 0.404916 0.136790
1 0.404328 0.115133 0.412777 0.115133 0.412777 0.117700 0.404328 0.117700
1 0.357821 0.109662 0.375359 0.109662 0.375359 0.113354 0.357821 0.113354
1 0.433203 0.119703 0.435791 0.119703 0.435791 0.128155 0.433203 0.128155
1 0.357562 0.139847 0.375100 0.139847 0.375100 0.143540 0.357562 0.143540
1 0.357476 0.150111 0.375014 0.150111 0.375014 0.153803 0.357476 0.153803
1 0.358166 0.180296 0.375704 0.180296 0.375704 0.183989 0.358166 0.183989
1 0.385696 0.149094 0.394145 0.149094 0.394145 0.151768 0.385696 0.151768
1 0.385955 0.168671 0.394404 0.168671 0.394404 0.171345 0.385955 0.171345
1 0.404239 0.148663 0.412688 0.148663 0.412688 0.151336 0.404239 0.151336
1 0.404239 0.148663 0.412688 0.148663 0.412688 0.151336 0.404239 0.151336
1 0.404756 0.168154 0.413205 0.168154 0.413205 0.170828 0.404756 0.170828
1 0.452177 0.119530 0.454765 0.119530 0.454765 0.127982 0.452177 0.127982
1 0.401245 0.193558 0.404637 0.193558 0.404637 0.210726 0.401245 0.210726
1 0.371338 0.192727 0.374868 0.192727 0.374868 0.210934 0.371338 0.210934
1 0.384221 0.217272 0.393281 0.217272 0.393281 0.221226 0.384221 0.221226
1 0.404071 0.217355 0.413625 0.217355 0.413625 0.221555 0.404071 0.221555
1 0.368833 0.216862 0.372364 0.216862 0.372364 0.235069 0.368833 0.235069
1 0.338892 0.216520 0.342423 0.216520 0.342423 0.234727 0.338892 0.234727
1 0.343902 0.238264 0.347432 0.238264 0.347432 0.256471 0.343902 0.256471
1 0.313392 0.238492 0.316922 0.238492 0.316922 0.256699 0.313392 0.256699
1 0.313619 0.260236 0.317150 0.260236 0.317150 0.278443 0.313619 0.278443
1 0.343446 0.259553 0.346977 0.259553 0.346977 0.277760 0.343446 0.277760
1 0.358815 0.281752 0.362346 0.281752 0.362346 0.299960 0.358815 0.299960
1 0.328760 0.282208 0.332291 0.282208 0.332291 0.300415 0.328760 0.300415
1 0.314075 0.310782 0.317605 0.310782 0.317605 0.328990 0.314075 0.328990
1 0.344357 0.311352 0.347888 0.311352 0.347888 0.329559 0.344357 0.329559
1 0.344129 0.335145 0.347660 0.335145 0.347660 0.353352 0.344129 0.353352
1 0.343788 0.359507 0.347318 0.359507 0.347318 0.377715 0.343788 0.377715
1 0.313733 0.359280 0.317264 0.359280 0.317264 0.377487 0.313733 0.377487
1 0.314075 0.335145 0.317605 0.335145 0.317605 0.353352 0.314075 0.353352
1 0.384107 0.238561 0.393167 0.238561 0.393167 0.242515 0.384107 0.242515
1 0.404071 0.238302 0.413625 0.238302 0.413625 0.242502 0.404071 0.242502
1 0.404412 0.249686 0.413966 0.249686 0.413966 0.253887 0.404412 0.253887
1 0.404071 0.270520 0.413625 0.270520 0.413625 0.274720 0.404071 0.274720
1 0.384107 0.249149 0.393167 0.249149 0.393167 0.253102 0.384107 0.253102
1 0.383880 0.270323 0.392940 0.270323 0.392940 0.274277 0.383880 0.274277
1 0.383880 0.286945 0.392940 0.286945 0.392940 0.290898 0.383880 0.290898
1 0.383994 0.308461 0.393054 0.308461 0.393054 0.312414 0.383994 0.312414
1 0.384221 0.317568 0.393281 0.317568 0.393281 0.321522 0.384221 0.321522
1 0.383880 0.338402 0.392940 0.338402 0.392940 0.342355 0.383880 0.342355
1 0.384107 0.348534 0.393167 0.348534 0.393167 0.352487 0.384107 0.352487
1 0.383994 0.369709 0.393054 0.369709 0.393054 0.373662 0.383994 0.373662
1 0.403934 0.349461 0.412955 0.349461 0.412955 0.352477 0.403934 0.352477
1 0.404503 0.369042 0.413524 0.369042 0.413524 0.372058 0.404503 0.372058
1 0.403934 0.318837 0.412955 0.318837 0.412955 0.321853 0.403934 0.321853
1 0.403729 0.286913 0.413283 0.286913 0.413283 0.291114 0.403729 0.291114
1 0.403843 0.307860 0.413397 0.307860 0.413397 0.312061 0.403843 0.312061
1 0.381261 0.390656 0.390321 0.390656 0.390321 0.394609 0.381261 0.394609
1 0.381261 0.412058 0.390321 0.412058 0.390321 0.416012 0.381261 0.416012
1 0.430942 0.232054 0.440002 0.232054 0.440002 0.236007 0.430942 0.236007
1 0.431148 0.253537 0.440208 0.253537 0.440208 0.257491 0.431148 0.257491
1 0.431252 0.265931 0.440312 0.265931 0.440312 0.269885 0.431252 0.269885
1 0.431355 0.287208 0.440415 0.287208 0.440415 0.291162 0.431355 0.291162
1 0.431355 0.295884 0.440415 0.295884 0.440415 0.299837 0.431355 0.299837
1 0.430632 0.317058 0.439692 0.317058 0.439692 0.321011 0.430632 0.321011
1 0.449533 0.252917 0.458593 0.252917 0.458593 0.256871 0.449533 0.256871
1 0.449843 0.232467 0.458903 0.232467 0.458903 0.236420 0.449843 0.236420
1 0.449017 0.266138 0.458077 0.266138 0.458077 0.270091 0.449017 0.270091
1 0.449327 0.286898 0.458386 0.286898 0.458386 0.290852 0.449327 0.290852
1 0.446848 0.295987 0.455908 0.295987 0.455908 0.299941 0.446848 0.299941
1 0.447571 0.316748 0.456631 0.316748 0.456631 0.320701 0.447571 0.320701
1 0.483527 0.309915 0.486296 0.309915 0.486296 0.319223 0.483527 0.319223
1 0.464758 0.310454 0.467604 0.310454 0.467604 0.318608 0.464758 0.318608
1 0.498787 0.481935 0.501483 0.481935 0.501483 0.489484 0.498787 0.489484
1 0.518874 0.481800 0.521975 0.481800 0.521975 0.490024 0.518874 0.490024
1 0.432761 0.679704 0.441833 0.679704 0.441833 0.682639 0.432761 0.682639
1 0.432628 0.699448 0.441967 0.699448 0.441967 0.702650 0.432628 0.702650
1 0.377930 0.695713 0.393939 0.695713 0.393939 0.700249 0.377930 0.700249
1 0.377796 0.726397 0.394072 0.726397 0.394072 0.729732 0.377796 0.729732
1 0.418086 0.714390 0.420888 0.714390 0.420888 0.723062 0.418086 0.723062
1 0.438498 0.714390 0.441433 0.714390 0.441433 0.723329 0.438498 0.723329
1 0.354583 0.762151 0.356984 0.762151 0.356984 0.771223 0.354583 0.771223
1 0.382866 0.747476 0.386601 0.747476 0.386601 0.763619 0.382866 0.763619
1 0.425957 0.750811 0.433428 0.750811 0.433428 0.754013 0.425957 0.754013
1 0.374194 0.762018 0.376596 0.762018 0.376596 0.771089 0.374194 0.771089
1 0.412350 0.747076 0.416085 0.747076 0.416085 0.763218 0.412350 0.763218
1 0.426091 0.770556 0.433562 0.770556 0.433562 0.773758 0.426091 0.773758
1 0.445569 0.748010 0.453040 0.748010 0.453040 0.751211 0.445569 0.751211
1 0.445302 0.767888 0.452773 0.767888 0.452773 0.771089 0.445302 0.771089
1 0.520128 0.905133 0.523810 0.905133 0.523810 0.913671 0.520128 0.913671
1 0.540181 0.904585 0.543236 0.904585 0.543236 0.914376 0.540181 0.914376
1 0.520128 0.922444 0.523418 0.922444 0.523418 0.932001 0.520128 0.932001
1 0.539790 0.922523 0.543315 0.922523 0.543315 0.932158 0.539790 0.932158
0 0.570389 0.857006 0.670336 0.857006 0.670336 0.960804 0.570389 0.960804
0 0.682611 0.768443 0.851607 0.768443 0.851607 0.940760 0.682611 0.940760
1 0.857971 0.981133 0.875013 0.981133 0.875013 0.985692 0.857971 0.985692
1 0.858703 0.950212 0.874890 0.950212 0.874890 0.955028 0.858703 0.955028
1 0.837114 0.949846 0.853301 0.949846 0.853301 0.954662 0.837114 0.954662
1 0.815890 0.950212 0.832077 0.950212 0.832077 0.955028 0.815890 0.955028
1 0.776239 0.648832 0.780334 0.648832 0.780334 0.666258 0.776239 0.666258
1 0.807148 0.648832 0.811242 0.648832 0.811242 0.666258 0.807148 0.666258
1 0.807489 0.674447 0.811584 0.674447 0.811584 0.691873 0.807489 0.691873
1 0.775898 0.673593 0.779992 0.673593 0.779992 0.691019 0.775898 0.691019
1 0.706593 0.551295 0.722255 0.551295 0.722255 0.555582 0.706593 0.555582
1 0.731476 0.552210 0.747138 0.552210 0.747138 0.556497 0.731476 0.556497
1 0.730927 0.520740 0.746589 0.520740 0.746589 0.525027 0.730927 0.525027
1 0.534442 0.127292 0.542891 0.127292 0.542891 0.129966 0.534442 0.129966
1 0.534604 0.147233 0.543053 0.147233 0.543053 0.149907 0.534604 0.149907
1 0.527947 0.199972 0.536396 0.199972 0.536396 0.202646 0.527947 0.202646
1 0.528683 0.219109 0.537132 0.219109 0.537132 0.221783 0.528683 0.221783
1 0.529419 0.294334 0.537868 0.294334 0.537868 0.297008 0.529419 0.297008
1 0.530007 0.314060 0.538457 0.314060 0.538457 0.316734 0.530007 0.316734
1 0.529419 0.324365 0.537868 0.324365 0.537868 0.327039 0.529419 0.327039
1 0.529860 0.343650 0.538309 0.343650 0.538309 0.346324 0.529860 0.346324
1 0.543648 0.374061 0.546151 0.374061 0.546151 0.381274 0.543648 0.381274
1 0.562638 0.374208 0.565141 0.374208 0.565141 0.381421 0.562638 0.381421
1 0.574710 0.373325 0.577212 0.373325 0.577212 0.380538 0.574710 0.380538
1 0.594436 0.373619 0.596939 0.373619 0.596939 0.380833 0.594436 0.380833
1 0.591653 0.495864 0.594054 0.495864 0.594054 0.504803 0.591653 0.504803
1 0.611798 0.496265 0.614466 0.496265 0.614466 0.505070 0.611798 0.505070
1 0.594454 0.441967 0.602993 0.441967 0.602993 0.444368 0.594454 0.444368
1 0.594721 0.461178 0.603126 0.461178 0.603126 0.463979 0.594721 0.463979
1 0.615533 0.441967 0.619269 0.441967 0.619269 0.450105 0.615533 0.450105
1 0.636879 0.441700 0.640081 0.441700 0.640081 0.450772 0.636879 0.450772
1 0.650793 0.457392 0.660821 0.457392 0.660821 0.459973 0.650793 0.459973
1 0.651091 0.477249 0.661317 0.477249 0.661317 0.479731 0.651091 0.479731
1 0.685344 0.456201 0.694775 0.456201 0.694775 0.459477 0.685344 0.459477
1 0.685741 0.476454 0.696364 0.476454 0.696364 0.479731 0.685741 0.479731
1 0.723140 0.457576 0.730768 0.457576 0.730768 0.460401 0.723140 0.460401
1 0.722858 0.476598 0.731616 0.476598 0.731616 0.480083 0.722858 0.480083
1 0.754311 0.458706 0.758926 0.458706 0.758926 0.474997 0.754311 0.474997
1 0.785017 0.458743 0.788691 0.458743 0.788691 0.475645 0.785017 0.475645
1 0.761606 0.442682 0.764126 0.442682 0.764126 0.451500 0.761606 0.451500
1 0.780188 0.442787 0.782707 0.442787 0.782707 0.452550 0.780188 0.452550
1 0.798349 0.442682 0.800553 0.442682 0.800553 0.451290 0.798349 0.451290
1 0.817350 0.442577 0.819765 0.442577 0.819765 0.451605 0.817350 0.451605
1 0.796459 0.458848 0.800029 0.458848 0.800029 0.467772 0.796459 0.467772
1 0.817560 0.458114 0.820919 0.458114 0.820919 0.468192 0.817560 0.468192
1 0.814459 0.492209 0.823785 0.492209 0.823785 0.495396 0.814459 0.495396
1 0.814459 0.512748 0.824257 0.512748 0.824257 0.516053 0.814459 0.516053
1 0.833821 0.492681 0.842742 0.492681 0.842742 0.495789 0.833821 0.495789
1 0.834172 0.512630 0.842789 0.512630 0.842789 0.515227 0.834172 0.515227
1 0.851288 0.492563 0.859787 0.492563 0.859787 0.495278 0.851288 0.495278
1 0.850934 0.513102 0.860849 0.513102 0.860849 0.516053 0.850934 0.516053
1 0.869820 0.493036 0.877375 0.493036 0.877375 0.495514 0.869820 0.495514
1 0.869584 0.512158 0.877729 0.512158 0.877729 0.515227 0.869584 0.515227
1 0.837408 0.460494 0.845438 0.460494 0.845438 0.463545 0.837408 0.463545
1 0.837488 0.440982 0.844956 0.440982 0.844956 0.443872 0.837488 0.443872
0 0.869548 0.496037 0.877510 0.496037 0.877510 0.512031 0.869548 0.512031
1 0.865673 0.466757 0.873702 0.466757 0.873702 0.469808 0.865673 0.469808
1 0.865592 0.447004 0.873622 0.447004 0.873622 0.450055 0.865592 0.450055
1 0.846963 0.422915 0.854431 0.422915 0.854431 0.425806 0.846963 0.425806
1 0.846844 0.403644 0.854312 0.403644 0.854312 0.406534 0.846844 0.406534
1 0.882214 0.444756 0.890244 0.444756 0.890244 0.447807 0.882214 0.447807
1 0.882134 0.425404 0.890163 0.425404 0.890163 0.428455 0.882134 0.428455
1 0.917509 0.514480 0.920740 0.514480 0.920740 0.523826 0.917509 0.523826
1 0.938047 0.514365 0.941278 0.514365 0.941278 0.523711 0.938047 0.523711
1 0.807985 0.282130 0.812260 0.282130 0.812260 0.291857 0.807985 0.291857
1 0.818120 0.312167 0.822396 0.312167 0.822396 0.321895 0.818120 0.321895
1 0.839128 0.312167 0.843404 0.312167 0.843404 0.321895 0.839128 0.321895
1 0.871930 0.305717 0.876205 0.305717 0.876205 0.315445 0.871930 0.315445
1 0.893122 0.305533 0.897397 0.305533 0.897397 0.315260 0.893122 0.315260
1 0.714986 0.374502 0.718421 0.374502 0.718421 0.383980 0.714986 0.383980
1 0.694929 0.374744 0.698365 0.374744 0.698365 0.384221 0.694929 0.384221
1 0.683572 0.374019 0.687007 0.374019 0.687007 0.383496 0.683572 0.383496
1 0.663273 0.374744 0.666709 0.374744 0.666709 0.384221 0.663273 0.384221
1 0.799277 0.365041 0.809839 0.365041 0.809839 0.368318 0.799277 0.368318
1 0.799399 0.344646 0.809960 0.344646 0.809960 0.347438 0.799399 0.347438
1 0.679337 0.325344 0.688078 0.325344 0.688078 0.328379 0.679337 0.328379
1 0.678609 0.305313 0.687471 0.305313 0.687471 0.308227 0.678609 0.308227
1 0.645346 0.305677 0.652630 0.305677 0.652630 0.308348 0.645346 0.308348
1 0.645953 0.324980 0.653965 0.324980 0.653965 0.327772 0.645953 0.327772
1 0.781749 0.233527 0.791063 0.233527 0.791063 0.236521 0.781749 0.236521
1 0.781915 0.212736 0.789899 0.212736 0.789899 0.215729 0.781915 0.215729
1 0.810191 0.214232 0.812354 0.214232 0.812354 0.221884 0.810191 0.221884
1 0.828987 0.214066 0.831981 0.214066 0.831981 0.222715 0.828987 0.222715
1 0.645359 0.180967 0.654840 0.180967 0.654840 0.183794 0.645359 0.183794
1 0.646024 0.162005 0.653842 0.162005 0.653842 0.164500 0.646024 0.164500
1 0.679124 0.162005 0.688771 0.162005 0.688771 0.164999 0.679124 0.164999
1 0.679124 0.181133 0.688438 0.181133 0.688438 0.184293 0.679124 0.184293
1 0.783911 0.145871 0.791230 0.145871 0.791230 0.148200 0.783911 0.148200
1 0.783745 0.164500 0.792560 0.164500 0.792560 0.167494 0.783745 0.167494
1 0.810358 0.144540 0.813684 0.144540 0.813684 0.152358 0.810358 0.152358
1 0.830151 0.144041 0.833477 0.144041 0.833477 0.152857 0.830151 0.152857
1 0.793191 0.094045 0.801482 0.094045 0.801482 0.097386 0.793191 0.097386
1 0.792572 0.073503 0.801482 0.073503 0.801482 0.076721 0.792572 0.076721
1 0.797522 0.052096 0.799997 0.052096 0.799997 0.060758 0.797522 0.060758
1 0.836130 0.028461 0.838110 0.028461 0.838110 0.036504 0.836130 0.036504
1 0.854815 0.028090 0.856795 0.028090 0.856795 0.036133 0.854815 0.036133
1 0.816826 0.051724 0.819301 0.051724 0.819301 0.060386 0.816826 0.060386
1 0.768938 0.056922 0.771412 0.056922 0.771412 0.065584 0.768938 0.065584
1 0.749881 0.056798 0.752356 0.056798 0.752356 0.065460 0.749881 0.065460
1 0.749881 0.056798 0.752356 0.056798 0.752356 0.065460 0.749881 0.065460
1 0.732681 0.072513 0.735156 0.072513 0.735156 0.081175 0.732681 0.081175
1 0.714243 0.072390 0.716718 0.072390 0.716718 0.081052 0.714243 0.081052
1 0.714243 0.038608 0.716718 0.038608 0.716718 0.047270 0.714243 0.047270
1 0.733671 0.039103 0.736146 0.039103 0.736146 0.047765 0.733671 0.047765
1 0.747530 0.036257 0.756440 0.036257 0.756440 0.039474 0.747530 0.039474
1 0.747654 0.016582 0.756563 0.016582 0.756563 0.019799 0.747654 0.019799
1 0.697414 0.025615 0.706324 0.025615 0.706324 0.028832 0.697414 0.028832
1 0.697205 0.045290 0.706115 0.045290 0.706115 0.048507 0.697205 0.048507
1 0.658807 0.044176 0.661281 0.044176 0.661281 0.052838 0.658807 0.052838
1 0.640245 0.044176 0.642720 0.044176 0.642720 0.052838 0.640245 0.052838
1 0.640369 0.025986 0.642844 0.025986 0.642844 0.034648 0.640369 0.034648
1 0.658807 0.025738 0.661281 0.025738 0.661281 0.034400 0.658807 0.034400
1 0.605102 0.025862 0.607577 0.025862 0.607577 0.034524 0.605102 0.034524
1 0.586788 0.026357 0.589263 0.026357 0.589263 0.035019 0.586788 0.035019
1 0.624382 0.106149 0.626857 0.106149 0.626857 0.114811 0.624382 0.114811
1 0.605240 0.106149 0.607715 0.106149 0.607715 0.114811 0.605240 0.114811
1 0.678395 0.045823 0.687304 0.045823 0.687304 0.049041 0.678395 0.049041
1 0.678661 0.025012 0.687571 0.025012 0.687571 0.028229 0.678661 0.028229
1 0.435383 0.010408 0.444642 0.010408 0.444642 0.012706 0.435383 0.012706
1 0.236548 0.045012 0.265745 0.045012 0.265745 0.055893 0.236548 0.055893
1 0.199106 0.046093 0.230060 0.046093 0.230060 0.059678 0.199106 0.059678
1 0.161934 0.046363 0.193226 0.046363 0.193226 0.060962 0.161934 0.060962
1 0.980426 0.591885 0.997775 0.591885 0.997775 0.620479 0.980426 0.620479
