1 0.309512 0.265628 0.317405 0.265628 0.317405 0.294570 0.309512 0.294570
1 0.317702 0.265877 0.325546 0.265877 0.325546 0.294967 0.317702 0.294967
1 0.334382 0.265877 0.342225 0.265877 0.342225 0.294967 0.334382 0.294967
1 0.326149 0.265941 0.333682 0.265941 0.333682 0.295009 0.326149 0.295009
1 0.343463 0.265976 0.350822 0.265976 0.350822 0.295072 0.343463 0.295072
1 0.351955 0.265778 0.359798 0.265778 0.359798 0.294868 0.351955 0.294868
1 0.368634 0.265778 0.376477 0.265778 0.376477 0.294868 0.368634 0.294868
1 0.360394 0.265976 0.367773 0.265976 0.367773 0.295197 0.360394 0.295197
1 0.377677 0.265939 0.385100 0.265939 0.385100 0.294946 0.377677 0.294946
1 0.385917 0.265740 0.393639 0.265740 0.393639 0.294946 0.385917 0.294946
1 0.403307 0.265565 0.410440 0.265565 0.410440 0.294830 0.403307 0.294830
1 0.394356 0.265939 0.402302 0.265939 0.402302 0.294946 0.394356 0.294946
1 0.411929 0.265839 0.419190 0.265839 0.419190 0.294821 0.411929 0.294821
1 0.420169 0.265641 0.428013 0.265641 0.428013 0.294731 0.420169 0.294731
1 0.436769 0.266004 0.444692 0.266004 0.444692 0.294731 0.436769 0.294731
1 0.428608 0.265839 0.436267 0.265839 0.436267 0.295197 0.428608 0.295197
1 0.445370 0.265502 0.453258 0.265502 0.453258 0.295329 0.445370 0.295329
1 0.454160 0.266067 0.461399 0.266067 0.461399 0.295726 0.454160 0.295726
1 0.471173 0.266004 0.478770 0.266004 0.478770 0.295511 0.471173 0.295511
1 0.462510 0.265753 0.469937 0.265753 0.469937 0.295329 0.462510 0.295329
1 0.479649 0.265628 0.487510 0.265628 0.487510 0.295229 0.479649 0.295229
1 0.488313 0.266067 0.495846 0.266067 0.495846 0.295009 0.488313 0.295009
1 0.505264 0.265816 0.512860 0.265816 0.512860 0.294884 0.505264 0.294884
1 0.496286 0.265941 0.504189 0.265941 0.504189 0.295229 0.496286 0.295229
1 0.513488 0.265690 0.521472 0.265690 0.521472 0.295192 0.513488 0.295192
1 0.522084 0.265809 0.529748 0.265809 0.529748 0.294946 0.522084 0.294946
1 0.539015 0.265746 0.546858 0.265746 0.546858 0.294835 0.539015 0.294835
1 0.530272 0.265630 0.538161 0.265630 0.538161 0.295260 0.530272 0.295260
1 0.547829 0.265690 0.555725 0.265690 0.555725 0.295092 0.547829 0.295092
1 0.556211 0.265772 0.564054 0.265772 0.564054 0.294862 0.556211 0.294862
1 0.573016 0.265772 0.580859 0.265772 0.580859 0.294862 0.573016 0.294862
1 0.564843 0.265502 0.572251 0.265502 0.572251 0.294946 0.564843 0.294946
1 0.581411 0.265814 0.589254 0.265814 0.589254 0.294904 0.581411 0.294904
1 0.598996 0.265753 0.605588 0.265753 0.605588 0.294821 0.598996 0.294821
1 0.590101 0.265950 0.598043 0.265950 0.598043 0.294444 0.590101 0.294444
1 0.607095 0.265753 0.615075 0.265753 0.615075 0.294783 0.607095 0.294783
1 0.616198 0.266004 0.623216 0.266004 0.623216 0.295180 0.616198 0.295180
1 0.632458 0.265879 0.640494 0.265879 0.640494 0.294821 0.632458 0.294821
1 0.624171 0.265753 0.631880 0.265753 0.631880 0.294783 0.624171 0.294783
1 0.641385 0.266190 0.649327 0.266190 0.649327 0.294684 0.641385 0.294684
1 0.649625 0.265991 0.657469 0.265991 0.657469 0.295081 0.649625 0.295081
1 0.666305 0.265991 0.674334 0.265991 0.674334 0.295260 0.666305 0.295260
1 0.658064 0.266190 0.666007 0.266190 0.666007 0.294684 0.658064 0.294684
1 0.675433 0.265719 0.683277 0.265719 0.683277 0.294808 0.675433 0.294808
1 0.309291 0.701629 0.317184 0.701629 0.317184 0.730572 0.309291 0.730572
1 0.317851 0.701668 0.325694 0.701668 0.325694 0.730758 0.317851 0.730758
1 0.334530 0.701774 0.342374 0.701774 0.342374 0.730863 0.334530 0.730863
1 0.326244 0.701733 0.333778 0.701733 0.333778 0.730800 0.326244 0.730800
1 0.343612 0.701715 0.351281 0.701715 0.351281 0.730389 0.343612 0.730389
1 0.351787 0.701938 0.359661 0.701938 0.359661 0.730179 0.351787 0.730179
1 0.368466 0.701938 0.376368 0.701938 0.376368 0.730179 0.368466 0.730179
1 0.360226 0.701715 0.368094 0.701715 0.368094 0.730284 0.360226 0.730284
1 0.377562 0.701572 0.385117 0.701572 0.385117 0.729968 0.377562 0.729968
1 0.385749 0.701900 0.393550 0.701900 0.393550 0.730073 0.385749 0.730073
1 0.403090 0.701454 0.410627 0.701454 0.410627 0.730020 0.403090 0.730020
1 0.394024 0.701402 0.402036 0.701402 0.402036 0.729968 0.394024 0.729968
1 0.411839 0.701612 0.419112 0.701612 0.419112 0.730020 0.411839 0.730020
1 0.420002 0.701801 0.427598 0.701801 0.427598 0.729862 0.420002 0.729862
1 0.436610 0.701770 0.444727 0.701770 0.444727 0.729968 0.436610 0.729968
1 0.428336 0.701665 0.436136 0.701665 0.436136 0.730020 0.428336 0.730020
1 0.445203 0.701662 0.453002 0.701662 0.453002 0.729968 0.445203 0.729968
1 0.454003 0.701665 0.461751 0.701665 0.461751 0.729862 0.454003 0.729862
1 0.470921 0.701402 0.478669 0.701402 0.478669 0.729862 0.470921 0.729862
1 0.462383 0.701612 0.470289 0.701612 0.470289 0.729862 0.462383 0.729862
1 0.479249 0.701612 0.487207 0.701612 0.487207 0.729704 0.479249 0.729704
1 0.488051 0.701718 0.495851 0.701718 0.495851 0.730231 0.488051 0.730231
1 0.505074 0.701560 0.512769 0.701560 0.512769 0.729968 0.505074 0.729968
1 0.496694 0.701823 0.504495 0.701823 0.504495 0.730337 0.496694 0.730337
1 0.513320 0.701850 0.521097 0.701850 0.521097 0.729915 0.513320 0.729915
1 0.521835 0.701349 0.529530 0.701349 0.529530 0.729968 0.521835 0.729968
1 0.538911 0.701454 0.546817 0.701454 0.546817 0.730179 0.538911 0.730179
1 0.530004 0.701349 0.538121 0.701349 0.538121 0.729862 0.530004 0.729862
1 0.547662 0.701850 0.555303 0.701850 0.555303 0.730126 0.547662 0.730126
1 0.556040 0.701612 0.563788 0.701612 0.563788 0.730020 0.556040 0.730020
1 0.572959 0.701823 0.580812 0.701823 0.580812 0.730284 0.572959 0.730284
1 0.564675 0.701662 0.572432 0.701662 0.572432 0.730284 0.564675 0.730284
1 0.581243 0.701974 0.589350 0.701974 0.589350 0.730284 0.581243 0.730284
1 0.598732 0.701560 0.606374 0.701560 0.606374 0.730284 0.598732 0.730284
1 0.589986 0.701688 0.597888 0.701688 0.597888 0.729810 0.589986 0.729810
1 0.606901 0.701612 0.614965 0.701612 0.614965 0.729915 0.606901 0.729915
1 0.615966 0.701612 0.623082 0.701612 0.623082 0.730179 0.615966 0.730179
1 0.632358 0.701507 0.640369 0.701507 0.640369 0.730073 0.632358 0.730073
1 0.624294 0.701454 0.631883 0.701454 0.631883 0.730284 0.624294 0.730284
1 0.641212 0.701718 0.648907 0.701718 0.648907 0.729915 0.641212 0.729915
1 0.649540 0.701665 0.657235 0.701665 0.657235 0.730073 0.649540 0.730073
1 0.666247 0.701718 0.674416 0.701718 0.674416 0.730231 0.666247 0.730231
1 0.658341 0.701770 0.665773 0.701770 0.665773 0.729862 0.658341 0.729862
1 0.675102 0.701560 0.683218 0.701560 0.683218 0.730179 0.675102 0.730179
1 0.264587 0.311050 0.292485 0.311050 0.292485 0.318397 0.264587 0.318397
1 0.264587 0.319589 0.292485 0.319589 0.292485 0.326936 0.264587 0.326936
1 0.264487 0.336765 0.292385 0.336765 0.292385 0.344111 0.264487 0.344111
1 0.264686 0.328425 0.292584 0.328425 0.292584 0.335772 0.264686 0.335772
1 0.264487 0.370818 0.292385 0.370818 0.292385 0.378165 0.264487 0.378165
1 0.264587 0.345104 0.292485 0.345104 0.292485 0.352451 0.264587 0.352451
1 0.264587 0.353642 0.292485 0.353642 0.292485 0.360989 0.264587 0.360989
1 0.264686 0.362479 0.292584 0.362479 0.292584 0.369825 0.264686 0.369825
1 0.264739 0.379356 0.292637 0.379356 0.292637 0.386703 0.264739 0.386703
1 0.264739 0.387895 0.292637 0.387895 0.292637 0.395242 0.264739 0.395242
1 0.264640 0.405071 0.292538 0.405071 0.292538 0.412417 0.264640 0.412417
1 0.264838 0.396731 0.292737 0.396731 0.292737 0.404078 0.264838 0.404078
1 0.264640 0.439124 0.292538 0.439124 0.292538 0.446471 0.264640 0.446471
1 0.264739 0.413410 0.292637 0.413410 0.292637 0.420757 0.264739 0.420757
1 0.264739 0.421948 0.292637 0.421948 0.292637 0.429295 0.264739 0.429295
1 0.264838 0.430785 0.292737 0.430785 0.292737 0.438131 0.264838 0.438131
1 0.264818 0.447359 0.292716 0.447359 0.292716 0.454706 0.264818 0.454706
1 0.264818 0.455897 0.292716 0.455897 0.292716 0.463244 0.264818 0.463244
1 0.264719 0.473073 0.292617 0.473073 0.292617 0.480420 0.264719 0.480420
1 0.264917 0.464733 0.292816 0.464733 0.292816 0.472080 0.264917 0.472080
1 0.264719 0.507127 0.292617 0.507127 0.292617 0.514474 0.264719 0.514474
1 0.264818 0.481413 0.292716 0.481413 0.292716 0.488760 0.264818 0.488760
1 0.264818 0.489951 0.292716 0.489951 0.292716 0.497298 0.264818 0.497298
1 0.264917 0.498787 0.292816 0.498787 0.292816 0.506134 0.264917 0.506134
1 0.264971 0.515665 0.292869 0.515665 0.292869 0.523012 0.264971 0.523012
1 0.264971 0.524203 0.292869 0.524203 0.292869 0.531550 0.264971 0.531550
1 0.264871 0.541379 0.292770 0.541379 0.292770 0.548726 0.264871 0.548726
1 0.265070 0.533040 0.292968 0.533040 0.292968 0.540386 0.265070 0.540386
1 0.264871 0.575034 0.292770 0.575034 0.292770 0.582381 0.264871 0.582381
1 0.264971 0.549719 0.292869 0.549719 0.292869 0.557066 0.264971 0.557066
1 0.264971 0.558257 0.292869 0.558257 0.292869 0.565604 0.264971 0.565604
1 0.265070 0.566595 0.292968 0.566595 0.292968 0.573942 0.265070 0.573942
1 0.264905 0.583818 0.292803 0.583818 0.292803 0.591165 0.264905 0.591165
1 0.264937 0.600665 0.292835 0.600665 0.292835 0.608012 0.264937 0.608012
1 0.264938 0.592260 0.292837 0.592260 0.292837 0.599607 0.264938 0.599607
1 0.265003 0.635047 0.292901 0.635047 0.292901 0.642394 0.265003 0.642394
1 0.265233 0.609727 0.293132 0.609727 0.293132 0.617074 0.265233 0.617074
1 0.264971 0.618134 0.292869 0.618134 0.292869 0.625481 0.264971 0.625481
1 0.265004 0.626773 0.292902 0.626773 0.292902 0.634120 0.265004 0.634120
1 0.265115 0.677626 0.293013 0.677626 0.293013 0.684973 0.265115 0.684973
1 0.265116 0.669352 0.293015 0.669352 0.293015 0.676699 0.265116 0.676699
1 0.265083 0.660713 0.292981 0.660713 0.292981 0.668060 0.265083 0.668060
1 0.265346 0.652306 0.293244 0.652306 0.293244 0.659653 0.265346 0.659653
1 0.265049 0.643244 0.292948 0.643244 0.292948 0.650591 0.265049 0.650591
1 0.699029 0.311067 0.729724 0.311067 0.729724 0.318973 0.699029 0.318973
1 0.699029 0.319605 0.729442 0.319605 0.729442 0.327417 0.699029 0.327417
1 0.698930 0.336781 0.729161 0.336781 0.729161 0.344376 0.698930 0.344376
1 0.699128 0.328441 0.729442 0.328441 0.729442 0.335228 0.699128 0.335228
1 0.698930 0.370835 0.729301 0.370835 0.729301 0.378576 0.698930 0.378576
1 0.699029 0.345120 0.729301 0.345120 0.729301 0.352750 0.699029 0.352750
1 0.699029 0.353659 0.729442 0.353659 0.729442 0.360913 0.699029 0.360913
1 0.699128 0.362495 0.729583 0.362495 0.729583 0.369921 0.699128 0.369921
1 0.699181 0.379373 0.728809 0.379373 0.728809 0.386880 0.699181 0.386880
1 0.699181 0.387911 0.728738 0.387911 0.728738 0.395535 0.699181 0.395535
1 0.699082 0.405087 0.729020 0.405087 0.729020 0.412565 0.699082 0.412565
1 0.699281 0.396747 0.729090 0.396747 0.729090 0.404121 0.699281 0.404121
1 0.699082 0.439141 0.728949 0.439141 0.728949 0.446413 0.699082 0.446413
1 0.699181 0.413426 0.728949 0.413426 0.728949 0.420939 0.699181 0.420939
1 0.699181 0.421965 0.728949 0.421965 0.728949 0.429243 0.699181 0.429243
1 0.699351 0.430519 0.728949 0.430519 0.728949 0.437898 0.699351 0.437898
1 0.699261 0.447375 0.729301 0.447375 0.729301 0.455069 0.699261 0.455069
1 0.699261 0.455914 0.728879 0.455914 0.728879 0.463302 0.699261 0.463302
1 0.699161 0.473089 0.729020 0.473089 0.729020 0.480543 0.699161 0.480543
1 0.699360 0.464750 0.729090 0.464750 0.729090 0.472098 0.699360 0.472098
1 0.699161 0.507143 0.728949 0.507143 0.728949 0.514602 0.699161 0.514602
1 0.699261 0.481429 0.729020 0.481429 0.729020 0.489057 0.699261 0.489057
1 0.699261 0.489967 0.728879 0.489967 0.728879 0.497361 0.699261 0.497361
1 0.699360 0.498803 0.729020 0.498803 0.729020 0.506157 0.699360 0.506157
1 0.699413 0.515681 0.729301 0.515681 0.729301 0.523257 0.699413 0.523257
1 0.699413 0.524220 0.729020 0.524220 0.729020 0.531702 0.699413 0.531702
1 0.699314 0.541395 0.728949 0.541395 0.728949 0.548591 0.699314 0.548591
1 0.699512 0.532704 0.729372 0.532704 0.729372 0.539935 0.699512 0.539935
1 0.699314 0.575051 0.729020 0.575051 0.729020 0.582509 0.699314 0.582509
1 0.699413 0.549735 0.729161 0.549735 0.729161 0.557176 0.699413 0.557176
1 0.699413 0.558273 0.729090 0.558273 0.729090 0.565339 0.699413 0.565339
1 0.699512 0.566611 0.728949 0.566611 0.728949 0.573854 0.699512 0.573854
1 0.699347 0.583834 0.728949 0.583834 0.728949 0.590953 0.699347 0.590953
1 0.699379 0.600682 0.728738 0.600682 0.728738 0.607842 0.699379 0.607842
1 0.699381 0.592276 0.728949 0.592276 0.728949 0.599468 0.699381 0.599468
1 0.699445 0.635064 0.729020 0.635064 0.729020 0.642042 0.699445 0.642042
1 0.699676 0.609744 0.729161 0.609744 0.729161 0.616639 0.699676 0.616639
1 0.699413 0.618151 0.729372 0.618151 0.729372 0.625153 0.699413 0.625153
1 0.699447 0.626790 0.729231 0.626790 0.729231 0.633668 0.699447 0.633668
1 0.699557 0.677643 0.729301 0.677643 0.729301 0.684757 0.699557 0.684757
1 0.699559 0.669369 0.728949 0.669369 0.728949 0.675961 0.699559 0.675961
1 0.699525 0.660730 0.729231 0.660730 0.729231 0.667868 0.699525 0.667868
1 0.699788 0.652323 0.729161 0.652323 0.729161 0.659213 0.699788 0.659213
1 0.699492 0.643260 0.729020 0.643260 0.729020 0.650627 0.699492 0.650627
0 0.293952 0.296965 0.697610 0.296965 0.697610 0.699117 0.293952 0.699117
1 0.772635 0.310920 0.803329 0.310920 0.803329 0.318825 0.772635 0.318825
1 0.772635 0.319458 0.803048 0.319458 0.803048 0.327270 0.772635 0.327270
1 0.772535 0.336634 0.802766 0.336634 0.802766 0.344229 0.772535 0.344229
1 0.772734 0.328294 0.803048 0.328294 0.803048 0.335081 0.772734 0.335081
1 0.772535 0.370687 0.802907 0.370687 0.802907 0.378429 0.772535 0.378429
1 0.772635 0.344973 0.802907 0.344973 0.802907 0.352603 0.772635 0.352603
1 0.772635 0.353512 0.803048 0.353512 0.803048 0.360766 0.772635 0.360766
1 0.772734 0.362348 0.803188 0.362348 0.803188 0.369773 0.772734 0.369773
1 0.772787 0.379226 0.802414 0.379226 0.802414 0.386733 0.772787 0.386733
1 0.772787 0.387764 0.802344 0.387764 0.802344 0.395388 0.772787 0.395388
1 0.772688 0.404940 0.802625 0.404940 0.802625 0.412418 0.772688 0.412418
1 0.772886 0.396600 0.802696 0.396600 0.802696 0.403973 0.772886 0.403973
1 0.772688 0.438993 0.802555 0.438993 0.802555 0.446266 0.772688 0.446266
1 0.772787 0.413279 0.802555 0.413279 0.802555 0.420792 0.772787 0.420792
1 0.772787 0.421818 0.802555 0.421818 0.802555 0.429096 0.772787 0.429096
1 0.772957 0.430372 0.802555 0.430372 0.802555 0.437751 0.772957 0.437751
1 0.772866 0.447228 0.802907 0.447228 0.802907 0.454921 0.772866 0.454921
1 0.772866 0.455766 0.802485 0.455766 0.802485 0.463155 0.772866 0.463155
1 0.772767 0.472942 0.802625 0.472942 0.802625 0.480395 0.772767 0.480395
1 0.772965 0.464603 0.802696 0.464603 0.802696 0.471951 0.772965 0.471951
1 0.772767 0.506996 0.802555 0.506996 0.802555 0.514455 0.772767 0.514455
1 0.772866 0.481282 0.802625 0.481282 0.802625 0.488910 0.772866 0.488910
1 0.772866 0.489820 0.802485 0.489820 0.802485 0.497214 0.772866 0.497214
1 0.772965 0.498656 0.802625 0.498656 0.802625 0.506010 0.772965 0.506010
1 0.773019 0.515534 0.802907 0.515534 0.802907 0.523110 0.773019 0.523110
1 0.773538 0.524072 0.803145 0.524072 0.803145 0.531555 0.773538 0.531555
1 0.773439 0.541026 0.803075 0.541026 0.803075 0.548221 0.773439 0.548221
1 0.773118 0.532557 0.802977 0.532557 0.802977 0.539788 0.773118 0.539788
1 0.773662 0.574903 0.803368 0.574903 0.803368 0.582362 0.773662 0.582362
1 0.773316 0.549736 0.803063 0.549736 0.803063 0.557177 0.773316 0.557177
1 0.773761 0.558126 0.803438 0.558126 0.803438 0.565192 0.773761 0.565192
1 0.773935 0.566390 0.803372 0.566390 0.803372 0.573632 0.773935 0.573632
1 0.774067 0.583464 0.803669 0.583464 0.803669 0.590584 0.774067 0.590584
1 0.773950 0.600534 0.803309 0.600534 0.803309 0.607695 0.773950 0.607695
1 0.773878 0.591832 0.803446 0.591832 0.803446 0.599024 0.773878 0.599024
1 0.773719 0.634991 0.803294 0.634991 0.803294 0.641969 0.773719 0.641969
1 0.774098 0.609597 0.803583 0.609597 0.803583 0.616491 0.774098 0.616491
1 0.773464 0.618078 0.803423 0.618078 0.803423 0.625080 0.773464 0.625080
1 0.773498 0.626568 0.803282 0.626568 0.803282 0.633447 0.773498 0.633447
1 0.773609 0.677495 0.803352 0.677495 0.803352 0.684610 0.773609 0.684610
1 0.773833 0.669296 0.803223 0.669296 0.803223 0.675888 0.773833 0.675888
1 0.773725 0.660582 0.803431 0.660582 0.803431 0.667721 0.773725 0.667721
1 0.774062 0.651953 0.803434 0.651953 0.803434 0.658843 0.774062 0.658843
1 0.773914 0.642965 0.803442 0.642965 0.803442 0.650332 0.773914 0.650332
1 0.819951 0.265746 0.828155 0.265746 0.828155 0.293928 0.819951 0.293928
1 0.828545 0.265802 0.836693 0.265802 0.836693 0.294151 0.828545 0.294151
1 0.837251 0.265690 0.845398 0.265690 0.845398 0.294040 0.837251 0.294040
1 0.854439 0.265315 0.862056 0.265315 0.862056 0.294040 0.854439 0.294040
1 0.845733 0.265802 0.853881 0.265802 0.853881 0.294151 0.845733 0.294151
1 0.862824 0.265408 0.870441 0.265408 0.870441 0.294132 0.862824 0.294132
1 0.879425 0.265776 0.887579 0.265776 0.887579 0.294293 0.879425 0.294293
1 0.870978 0.265684 0.878733 0.265684 0.878733 0.294086 0.870978 0.294086
1 0.888132 0.265730 0.896286 0.265730 0.896286 0.294247 0.888132 0.294247
1 0.896655 0.265592 0.904809 0.265592 0.904809 0.294109 0.896655 0.294109
1 0.905362 0.265730 0.913516 0.265730 0.913516 0.294247 0.905362 0.294247
1 0.922361 0.265500 0.930239 0.265500 0.930239 0.294155 0.922361 0.294155
1 0.913793 0.265546 0.921947 0.265546 0.921947 0.294063 0.913793 0.294063
1 0.930608 0.265500 0.938762 0.265500 0.938762 0.294017 0.930608 0.294017
1 0.939269 0.265546 0.947423 0.265546 0.947423 0.294063 0.939269 0.294063
1 0.947654 0.265638 0.955808 0.265638 0.955808 0.294155 0.947654 0.294155
1 0.956407 0.265500 0.964561 0.265500 0.964561 0.294017 0.956407 0.294017
1 0.965022 0.265408 0.973176 0.265408 0.973176 0.293925 0.965022 0.293925
1 0.973545 0.265546 0.981699 0.265546 0.981699 0.294063 0.973545 0.294063
1 0.982114 0.265638 0.990268 0.265638 0.990268 0.294155 0.982114 0.294155
1 0.990683 0.265546 0.998837 0.265546 0.998837 0.294063 0.990683 0.294063
1 0.819785 0.701294 0.828262 0.701294 0.828262 0.729734 0.819785 0.729734
1 0.828938 0.701355 0.836677 0.701355 0.836677 0.729673 0.828938 0.729673
1 0.837560 0.701355 0.845299 0.701355 0.845299 0.729673 0.837560 0.729673
1 0.845930 0.701272 0.853670 0.701272 0.853670 0.729589 0.845930 0.729589
1 0.854343 0.701230 0.862083 0.701230 0.862083 0.729547 0.854343 0.729547
1 0.863007 0.701188 0.870747 0.701188 0.870747 0.729505 0.863007 0.729505
1 0.871671 0.701062 0.879410 0.701062 0.879410 0.729380 0.871671 0.729380
1 0.880167 0.701146 0.887907 0.701146 0.887907 0.729464 0.880167 0.729464
1 0.888412 0.701020 0.896152 0.701020 0.896152 0.729338 0.888412 0.729338
1 0.896867 0.701062 0.904607 0.701062 0.904607 0.729380 0.896867 0.729380
1 0.905656 0.701020 0.913396 0.701020 0.913396 0.729338 0.905656 0.729338
1 0.922691 0.701397 0.930431 0.701397 0.930431 0.729715 0.922691 0.729715
1 0.914236 0.701230 0.921976 0.701230 0.921976 0.729547 0.914236 0.729547
1 0.931104 0.701355 0.938843 0.701355 0.938843 0.729673 0.931104 0.729673
1 0.939642 0.701146 0.947382 0.701146 0.947382 0.729464 0.939642 0.729464
1 0.956467 0.701104 0.964207 0.701104 0.964207 0.729422 0.956467 0.729422
1 0.948138 0.701188 0.955878 0.701188 0.955878 0.729505 0.948138 0.729505
1 0.965006 0.701062 0.972745 0.701062 0.972745 0.729380 0.965006 0.729380
1 0.973544 0.701146 0.981284 0.701146 0.981284 0.729464 0.973544 0.729464
1 0.981998 0.701062 0.989738 0.701062 0.989738 0.729380 0.981998 0.729380
1 0.990578 0.701188 0.998318 0.701188 0.998318 0.729505 0.990578 0.729505
