0 0.461137 0.055840 0.514928 0.055840 0.514928 0.082992 0.461137 0.082992
0 0.555119 0.055542 0.608910 0.055542 0.608910 0.082694 0.555119 0.082694
0 0.650102 0.055840 0.703893 0.055840 0.703893 0.082992 0.650102 0.082992
0 0.047781 0.035898 0.110101 0.035898 0.110101 0.085543 0.047781 0.085543
1 0.109837 0.038274 0.113534 0.038274 0.113534 0.082638 0.109837 0.082638
0 0.145222 0.035898 0.208335 0.035898 0.208335 0.084222 0.145222 0.084222
0 0.244777 0.035898 0.306569 0.035898 0.306569 0.083958 0.244777 0.083958
0 0.343275 0.035782 0.404634 0.035782 0.404634 0.083958 0.343275 0.083958
1 0.044348 0.038010 0.048045 0.038010 0.048045 0.082374 0.044348 0.082374
1 0.141261 0.037482 0.144958 0.037482 0.144958 0.081846 0.141261 0.081846
1 0.208335 0.038010 0.212032 0.038010 0.212032 0.082374 0.208335 0.082374
1 0.240552 0.038802 0.244249 0.038802 0.244249 0.083166 0.240552 0.083166
1 0.306833 0.038010 0.310530 0.038010 0.310530 0.082374 0.306833 0.082374
1 0.337954 0.038364 0.342490 0.038364 0.342490 0.082241 0.337954 0.082241
1 0.404957 0.037753 0.408654 0.037753 0.408654 0.082117 0.404957 0.082117
1 0.450641 0.055697 0.460768 0.055697 0.460768 0.081312 0.450641 0.081312
1 0.515571 0.055995 0.525698 0.055995 0.525698 0.081610 0.515571 0.081610
1 0.544462 0.055995 0.554589 0.055995 0.554589 0.081610 0.544462 0.081610
1 0.609393 0.056293 0.619222 0.056293 0.619222 0.081908 0.609393 0.081908
1 0.638880 0.056293 0.649304 0.056293 0.649304 0.081610 0.638880 0.081610
1 0.704704 0.056591 0.711554 0.056591 0.711554 0.083099 0.704704 0.083099
1 0.732105 0.055697 0.741636 0.055697 0.741636 0.082205 0.732105 0.082205
0 0.742137 0.055244 0.795928 0.055244 0.795928 0.082396 0.742137 0.082396
1 0.796142 0.055399 0.805376 0.055399 0.805376 0.081610 0.796142 0.081610
0 0.741541 0.005206 0.795332 0.005206 0.795332 0.032358 0.741541 0.032358
1 0.795844 0.005361 0.805078 0.005361 0.805078 0.031572 0.795844 0.031572
1 0.731510 0.005361 0.740743 0.005361 0.740743 0.031572 0.731510 0.031572
1 0.703214 0.004468 0.711852 0.004468 0.711852 0.031274 0.703214 0.031274
0 0.649209 0.004611 0.703000 0.004611 0.703000 0.031762 0.649209 0.031762
1 0.639177 0.004468 0.648411 0.004468 0.648411 0.030678 0.639177 0.030678
0 0.554494 0.004313 0.608285 0.004313 0.608285 0.031464 0.554494 0.031464
1 0.609095 0.005361 0.618328 0.005361 0.618328 0.031572 0.609095 0.031572
1 0.544760 0.004468 0.553994 0.004468 0.553994 0.030678 0.544760 0.030678
0 0.462459 0.004313 0.516250 0.004313 0.516250 0.031464 0.462459 0.031464
1 0.516167 0.004170 0.525400 0.004170 0.525400 0.030380 0.516167 0.030380
1 0.451832 0.004766 0.461066 0.004766 0.461066 0.030976 0.451832 0.030976
0 0.861949 0.015667 0.897511 0.015667 0.897511 0.037303 0.861949 0.037303
1 0.897760 0.015667 0.903728 0.015667 0.903728 0.037800 0.897760 0.037800
0 0.861949 0.058193 0.897511 0.058193 0.897511 0.079829 0.861949 0.079829
0 0.929592 0.058441 0.965154 0.058441 0.965154 0.080077 0.929592 0.080077
0 0.929840 0.015667 0.965403 0.015667 0.965403 0.037303 0.929840 0.037303
1 0.855483 0.015170 0.861452 0.015170 0.861452 0.037303 0.855483 0.037303
1 0.855483 0.058193 0.861452 0.058193 0.861452 0.080326 0.855483 0.080326
1 0.898009 0.057944 0.903480 0.057944 0.903480 0.079580 0.898009 0.079580
1 0.923872 0.058441 0.929343 0.058441 0.929343 0.080077 0.923872 0.080077
1 0.965900 0.058441 0.971371 0.058441 0.971371 0.080077 0.965900 0.080077
1 0.922050 0.015667 0.928018 0.015667 0.928018 0.037800 0.922050 0.037800
1 0.966213 0.015226 0.972182 0.015226 0.972182 0.037359 0.966213 0.037359
0 0.069546 0.216831 0.087593 0.216831 0.087593 0.262239 0.069546 0.262239
1 0.087856 0.214015 0.110120 0.214015 0.110120 0.231012 0.087856 0.231012
1 0.088814 0.247769 0.111077 0.247769 0.111077 0.264766 0.088814 0.264766
1 0.046202 0.231012 0.068466 0.231012 0.068466 0.248008 0.046202 0.248008
1 0.046442 0.315995 0.068705 0.315995 0.068705 0.332992 0.046442 0.332992
0 0.069795 0.301222 0.087865 0.301222 0.087865 0.346891 0.069795 0.346891
0 0.240053 0.216365 0.257621 0.216365 0.257621 0.262041 0.240053 0.262041
0 0.239921 0.301152 0.257474 0.301152 0.257474 0.347075 0.239921 0.347075
1 0.088574 0.299238 0.110838 0.299238 0.110838 0.316234 0.088574 0.316234
1 0.088335 0.333231 0.110598 0.333231 0.110598 0.350228 0.088335 0.350228
1 0.216888 0.298759 0.239151 0.298759 0.239151 0.315756 0.216888 0.315756
1 0.216888 0.333710 0.239151 0.333710 0.239151 0.350707 0.216888 0.350707
1 0.259020 0.315995 0.281284 0.315995 0.281284 0.332992 0.259020 0.332992
1 0.258541 0.230533 0.280805 0.230533 0.280805 0.247529 0.258541 0.247529
1 0.217127 0.247769 0.239390 0.247769 0.239390 0.264766 0.217127 0.264766
1 0.216648 0.214254 0.238911 0.214254 0.238911 0.231251 0.216648 0.231251
0 0.141278 0.315220 0.187047 0.315220 0.187047 0.333389 0.141278 0.333389
1 0.155364 0.334189 0.172600 0.334189 0.172600 0.356691 0.155364 0.356691
0 0.142045 0.230200 0.186844 0.230200 0.186844 0.248385 0.142045 0.248385
0 0.311720 0.229959 0.357575 0.229959 0.357575 0.248598 0.311720 0.248598
0 0.311985 0.316024 0.357677 0.316024 0.357677 0.333562 0.311985 0.333562
1 0.171862 0.291642 0.189098 0.291642 0.189098 0.314145 0.171862 0.314145
1 0.138432 0.291642 0.155669 0.291642 0.155669 0.314145 0.138432 0.314145
1 0.172513 0.206332 0.189749 0.206332 0.189749 0.228835 0.172513 0.228835
1 0.138215 0.206766 0.155451 0.206766 0.155451 0.229269 0.138215 0.229269
1 0.154930 0.249313 0.172166 0.249313 0.172166 0.271815 0.154930 0.271815
1 0.342482 0.249747 0.359718 0.249747 0.359718 0.272250 0.342482 0.272250
1 0.308836 0.249964 0.326072 0.249964 0.326072 0.272467 0.308836 0.272467
1 0.325550 0.207200 0.342787 0.207200 0.342787 0.229703 0.325550 0.229703
1 0.325767 0.291859 0.343004 0.291859 0.343004 0.314362 0.325767 0.314362
1 0.342265 0.334623 0.359501 0.334623 0.359501 0.357126 0.342265 0.357126
1 0.308402 0.334189 0.325638 0.334189 0.325638 0.356691 0.308402 0.356691
0 0.310755 0.399984 0.356777 0.399984 0.356777 0.419266 0.310755 0.419266
0 0.141963 0.401070 0.187158 0.401070 0.187158 0.419740 0.141963 0.419740
1 0.172315 0.377131 0.189551 0.377131 0.189551 0.399634 0.172315 0.399634
1 0.138037 0.376754 0.155273 0.376754 0.155273 0.399257 0.138037 0.399257
1 0.154988 0.420827 0.172224 0.420827 0.172224 0.443330 0.154988 0.443330
1 0.309429 0.419697 0.326666 0.419697 0.326666 0.442200 0.309429 0.442200
1 0.342955 0.419697 0.360191 0.419697 0.360191 0.442200 0.342955 0.442200
1 0.325627 0.376754 0.342863 0.376754 0.342863 0.399257 0.325627 0.399257
1 0.090218 0.384084 0.112482 0.384084 0.112482 0.401081 0.090218 0.401081
1 0.089842 0.417609 0.112105 0.417609 0.112105 0.434606 0.089842 0.434606
1 0.046899 0.401412 0.069163 0.401412 0.069163 0.418408 0.046899 0.418408
1 0.216032 0.383331 0.238295 0.383331 0.238295 0.400327 0.216032 0.400327
1 0.216409 0.417986 0.238672 0.417986 0.238672 0.434983 0.216409 0.434983
1 0.258598 0.400658 0.280861 0.400658 0.280861 0.417655 0.258598 0.417655
0 0.239744 0.387123 0.257536 0.387123 0.257536 0.432549 0.239744 0.432549
0 0.071607 0.386612 0.088229 0.386612 0.088229 0.432605 0.071607 0.432605
0 0.330368 0.732885 0.488761 0.732885 0.488761 0.887096 0.330368 0.887096
1 0.444705 0.640703 0.465313 0.640703 0.465313 0.732972 0.444705 0.732972
1 0.403553 0.711452 0.416621 0.711452 0.416621 0.732362 0.403553 0.732362
1 0.355383 0.639280 0.377441 0.639280 0.377441 0.731778 0.355383 0.731778
1 0.179638 0.841352 0.201695 0.841352 0.201695 0.929581 0.179638 0.929581
0 0.067947 0.684792 0.226340 0.684792 0.226340 0.839003 0.067947 0.839003
1 0.090342 0.839929 0.113822 0.839929 0.113822 0.930292 0.090342 0.930292
1 0.139041 0.839526 0.152110 0.839526 0.152110 0.860436 0.139041 0.860436
0 0.409477 0.228867 0.455305 0.228867 0.455305 0.251432 0.409477 0.251432
0 0.497334 0.217267 0.521152 0.217267 0.521152 0.262948 0.497334 0.262948
1 0.410694 0.211834 0.421906 0.211834 0.421906 0.228025 0.410694 0.228025
1 0.521152 0.218432 0.537064 0.218432 0.537064 0.228134 0.521152 0.228134
1 0.426937 0.212251 0.438150 0.212251 0.438150 0.228442 0.426937 0.228442
1 0.443181 0.211834 0.454393 0.211834 0.454393 0.228025 0.443181 0.228025
1 0.443181 0.251610 0.454393 0.251610 0.454393 0.267801 0.443181 0.267801
1 0.410277 0.252026 0.421490 0.252026 0.421490 0.268218 0.410277 0.268218
1 0.521776 0.250919 0.537689 0.250919 0.537689 0.260621 0.521776 0.260621
1 0.480543 0.250502 0.496455 0.250502 0.496455 0.260205 0.480543 0.260205
1 0.480959 0.234675 0.496872 0.234675 0.496872 0.244378 0.480959 0.244378
1 0.480543 0.218640 0.496455 0.218640 0.496455 0.228343 0.480543 0.228343
1 0.443181 0.296800 0.454393 0.296800 0.454393 0.312991 0.443181 0.312991
0 0.409949 0.314517 0.455059 0.314517 0.455059 0.337072 0.409949 0.337072
1 0.426521 0.297425 0.437733 0.297425 0.437733 0.313616 0.426521 0.313616
1 0.410694 0.297217 0.421906 0.297217 0.421906 0.313408 0.410694 0.313408
1 0.442973 0.337409 0.454185 0.337409 0.454185 0.353600 0.442973 0.353600
1 0.410694 0.337409 0.421906 0.337409 0.421906 0.353600 0.410694 0.353600
1 0.442711 0.421659 0.453924 0.421659 0.453924 0.437851 0.442711 0.437851
0 0.409269 0.398955 0.455059 0.398955 0.455059 0.421283 0.409269 0.421283
1 0.426521 0.381558 0.437733 0.381558 0.437733 0.397749 0.426521 0.397749
1 0.409914 0.381917 0.421126 0.381917 0.421126 0.398109 0.409914 0.398109
1 0.410111 0.421504 0.421323 0.421504 0.421323 0.437695 0.410111 0.437695
1 0.442556 0.381917 0.453768 0.381917 0.453768 0.398109 0.442556 0.398109
0 0.497239 0.301965 0.521405 0.301965 0.521405 0.347700 0.497239 0.347700
1 0.522135 0.303940 0.538047 0.303940 0.538047 0.313642 0.522135 0.313642
1 0.522135 0.336361 0.538047 0.336361 0.538047 0.346064 0.522135 0.346064
1 0.481115 0.336003 0.497027 0.336003 0.497027 0.345705 0.481115 0.345705
1 0.480936 0.319702 0.496848 0.319702 0.496848 0.329405 0.480936 0.329405
1 0.481294 0.303581 0.497206 0.303581 0.497206 0.313284 0.481294 0.313284
1 0.522493 0.388665 0.538405 0.388665 0.538405 0.398368 0.522493 0.398368
1 0.522135 0.421087 0.538047 0.421087 0.538047 0.430789 0.522135 0.430789
0 0.497597 0.387684 0.520854 0.387684 0.520854 0.432963 0.497597 0.432963
1 0.481473 0.388665 0.497386 0.388665 0.497386 0.398368 0.481473 0.398368
1 0.481115 0.404966 0.497027 0.404966 0.497027 0.414668 0.481115 0.414668
1 0.481294 0.421266 0.497206 0.421266 0.497206 0.430968 0.481294 0.430968
0 0.562845 0.226566 0.607727 0.226566 0.607727 0.249914 0.562845 0.249914
0 0.562696 0.314058 0.608695 0.314058 0.608695 0.336857 0.562696 0.336857
0 0.562025 0.398144 0.608293 0.398144 0.608293 0.420541 0.562025 0.420541
1 0.564101 0.381164 0.575313 0.381164 0.575313 0.397356 0.564101 0.397356
1 0.595994 0.381415 0.607206 0.381415 0.607206 0.397607 0.595994 0.397607
1 0.595994 0.421595 0.607206 0.421595 0.607206 0.437787 0.595994 0.437787
1 0.579922 0.421344 0.591134 0.421344 0.591134 0.437536 0.579922 0.437536
1 0.564101 0.421093 0.575313 0.421093 0.575313 0.437284 0.564101 0.437284
1 0.596245 0.337468 0.607457 0.337468 0.607457 0.353660 0.596245 0.353660
1 0.580173 0.336966 0.591385 0.336966 0.591385 0.353158 0.580173 0.353158
1 0.564352 0.336715 0.575564 0.336715 0.575564 0.352906 0.564352 0.352906
1 0.564603 0.296732 0.575815 0.296732 0.575815 0.312924 0.564603 0.312924
1 0.596164 0.296732 0.607376 0.296732 0.607376 0.312924 0.596164 0.312924
1 0.596469 0.250229 0.607681 0.250229 0.607681 0.266421 0.596469 0.266421
1 0.579850 0.250687 0.591062 0.250687 0.591062 0.266878 0.579850 0.266878
1 0.563536 0.250687 0.574748 0.250687 0.574748 0.266878 0.563536 0.266878
1 0.563688 0.209978 0.574900 0.209978 0.574900 0.226169 0.563688 0.226169
1 0.596164 0.210130 0.607376 0.210130 0.607376 0.226321 0.596164 0.226321
0 0.653630 0.215685 0.677431 0.215685 0.677431 0.261475 0.653630 0.261475
1 0.638823 0.217822 0.653093 0.217822 0.653093 0.227462 0.638823 0.227462
1 0.638670 0.249840 0.652940 0.249840 0.652940 0.259481 0.638670 0.259481
1 0.678160 0.250755 0.692429 0.250755 0.692429 0.260395 0.678160 0.260395
1 0.678312 0.234289 0.692582 0.234289 0.692582 0.243929 0.678312 0.243929
1 0.678312 0.217974 0.692582 0.217974 0.692582 0.227615 0.678312 0.227615
1 0.678770 0.303357 0.693039 0.303357 0.693039 0.312997 0.678770 0.312997
1 0.678617 0.319976 0.692887 0.319976 0.692887 0.329616 0.678617 0.329616
1 0.678922 0.335375 0.693192 0.335375 0.693192 0.345015 0.678922 0.345015
0 0.654794 0.302106 0.678005 0.302106 0.678005 0.347787 0.654794 0.347787
1 0.638823 0.335985 0.653093 0.335985 0.653093 0.345625 0.638823 0.345625
1 0.639280 0.303967 0.653550 0.303967 0.653550 0.313607 0.639280 0.313607
0 0.653407 0.386348 0.676710 0.386348 0.676710 0.432307 0.653407 0.432307
1 0.677702 0.388282 0.691972 0.388282 0.691972 0.397922 0.677702 0.397922
1 0.677550 0.421707 0.693102 0.421707 0.693102 0.430855 0.677550 0.430855
1 0.677855 0.404936 0.693407 0.404936 0.693407 0.414084 0.677855 0.414084
1 0.636841 0.388164 0.652393 0.388164 0.652393 0.397312 0.636841 0.397312
1 0.636993 0.420792 0.652545 0.420792 0.652545 0.429941 0.636993 0.429941
0 0.750345 0.227699 0.796765 0.227699 0.796765 0.251537 0.750345 0.251537
0 0.750277 0.312959 0.796304 0.312959 0.796304 0.336439 0.750277 0.336439
0 0.749477 0.398208 0.795904 0.398208 0.795904 0.422088 0.749477 0.422088
0 0.902632 0.398075 0.948792 0.398075 0.948792 0.421421 0.902632 0.421421
0 0.902499 0.312559 0.948925 0.312559 0.948925 0.336439 0.902499 0.336439
0 0.902632 0.228510 0.948925 0.228510 0.948925 0.252391 0.902632 0.252391
0 0.837713 0.215126 0.862163 0.215126 0.862163 0.262086 0.837713 0.262086
1 0.862738 0.218711 0.880261 0.218711 0.880261 0.228820 0.862738 0.228820
1 0.862738 0.234720 0.881246 0.234720 0.881246 0.245134 0.862738 0.245134
1 0.861983 0.250729 0.881492 0.250729 0.881492 0.260998 0.861983 0.260998
1 0.816470 0.250236 0.837898 0.250236 0.837898 0.261073 0.816470 0.261073
1 0.816963 0.234227 0.837652 0.234227 0.837652 0.244572 0.816963 0.244572
1 0.816470 0.218218 0.836667 0.218218 0.836667 0.228809 0.816470 0.228809
0 0.836235 0.300344 0.860685 0.300344 0.860685 0.347304 0.836235 0.347304
1 0.815485 0.335208 0.836913 0.335208 0.836913 0.346045 0.815485 0.346045
1 0.815978 0.319199 0.836667 0.319199 0.836667 0.329544 0.815978 0.329544
1 0.815485 0.303190 0.835681 0.303190 0.835681 0.313781 0.815485 0.313781
1 0.860804 0.335208 0.882231 0.335208 0.882231 0.346045 0.860804 0.346045
1 0.861296 0.319199 0.881985 0.319199 0.881985 0.329544 0.861296 0.329544
1 0.860804 0.303190 0.881000 0.303190 0.881000 0.313781 0.860804 0.313781
1 0.861789 0.420673 0.883216 0.420673 0.883216 0.431510 0.861789 0.431510
1 0.862281 0.404664 0.882970 0.404664 0.882970 0.415008 0.862281 0.415008
1 0.861789 0.388655 0.881985 0.388655 0.881985 0.399245 0.861789 0.399245
0 0.836481 0.387002 0.861008 0.387002 0.861008 0.432769 0.836481 0.432769
1 0.815731 0.421166 0.837159 0.421166 0.837159 0.432003 0.815731 0.432003
1 0.816224 0.405156 0.836913 0.405156 0.836913 0.415501 0.816224 0.415501
1 0.815731 0.389147 0.835928 0.389147 0.835928 0.399738 0.815731 0.399738
1 0.783675 0.252137 0.795115 0.252137 0.795115 0.271920 0.783675 0.271920
1 0.767873 0.252594 0.778492 0.252594 0.778492 0.271920 0.767873 0.271920
1 0.751286 0.252594 0.763232 0.252594 0.763232 0.271647 0.751286 0.271647
1 0.751559 0.207360 0.763505 0.207360 0.763505 0.226413 0.751559 0.226413
1 0.768145 0.207360 0.778765 0.207360 0.778765 0.226685 0.768145 0.226685
1 0.783947 0.206902 0.795387 0.206902 0.795387 0.226685 0.783947 0.226685
1 0.783130 0.291921 0.794570 0.291921 0.794570 0.311704 0.783130 0.311704
1 0.767328 0.292379 0.777947 0.292379 0.777947 0.311704 0.767328 0.311704
1 0.750741 0.292379 0.762687 0.292379 0.762687 0.311432 0.750741 0.311432
1 0.751559 0.337886 0.763505 0.337886 0.763505 0.356939 0.751559 0.356939
1 0.768145 0.337886 0.778765 0.337886 0.778765 0.357211 0.768145 0.357211
1 0.783947 0.337428 0.795387 0.337428 0.795387 0.357211 0.783947 0.357211
1 0.750196 0.377671 0.762142 0.377671 0.762142 0.396723 0.750196 0.396723
1 0.766783 0.377671 0.777402 0.377671 0.777402 0.396996 0.766783 0.396996
1 0.782585 0.377213 0.794025 0.377213 0.794025 0.396996 0.782585 0.396996
1 0.750741 0.422633 0.762687 0.422633 0.762687 0.441686 0.750741 0.441686
1 0.767328 0.422633 0.777947 0.422633 0.777947 0.441958 0.767328 0.441958
1 0.783130 0.422175 0.794570 0.422175 0.794570 0.441958 0.783130 0.441958
1 0.903576 0.292948 0.915522 0.292948 0.915522 0.312001 0.903576 0.312001
1 0.920163 0.292948 0.930782 0.292948 0.930782 0.312274 0.920163 0.312274
1 0.935964 0.292491 0.947404 0.292491 0.947404 0.312274 0.935964 0.312274
1 0.935680 0.336320 0.947974 0.336320 0.947974 0.358265 0.935680 0.358265
1 0.919878 0.336778 0.930897 0.336778 0.930897 0.357980 0.919878 0.357980
1 0.903291 0.336778 0.914674 0.336778 0.914674 0.357696 0.903291 0.357696
1 0.936249 0.375881 0.948543 0.375881 0.948543 0.397826 0.936249 0.397826
1 0.920447 0.376338 0.931466 0.376338 0.931466 0.397541 0.920447 0.397541
1 0.903861 0.376338 0.915244 0.376338 0.915244 0.397256 0.903861 0.397256
1 0.935964 0.421418 0.948258 0.421418 0.948258 0.443363 0.935964 0.443363
1 0.920163 0.421876 0.931182 0.421876 0.931182 0.443078 0.920163 0.443078
1 0.903576 0.421876 0.914959 0.421876 0.914959 0.442794 0.903576 0.442794
1 0.903127 0.208464 0.915073 0.208464 0.915073 0.227517 0.903127 0.227517
1 0.919713 0.208464 0.930333 0.208464 0.930333 0.227790 0.919713 0.227790
1 0.935515 0.208007 0.946955 0.208007 0.946955 0.227790 0.935515 0.227790
1 0.935964 0.252496 0.947404 0.252496 0.947404 0.272279 0.935964 0.272279
1 0.920163 0.252953 0.930782 0.252953 0.930782 0.272279 0.920163 0.272279
1 0.903576 0.252953 0.915522 0.252953 0.915522 0.272006 0.903576 0.272006
0 0.604828 0.634606 0.814229 0.634606 0.814229 0.734503 0.604828 0.734503
0 0.605370 0.837602 0.813589 0.837602 0.813589 0.938362 0.605370 0.938362
1 0.804932 0.938998 0.809589 0.938998 0.809589 0.966553 0.804932 0.966553
1 0.796223 0.939254 0.800880 0.939254 0.800880 0.966809 0.796223 0.966809
1 0.787770 0.939254 0.792427 0.939254 0.792427 0.966809 0.787770 0.966809
1 0.779061 0.939510 0.783718 0.939510 0.783718 0.967066 0.779061 0.967066
1 0.770352 0.939254 0.775009 0.939254 0.775009 0.966809 0.770352 0.966809
1 0.761643 0.939510 0.766300 0.939510 0.766300 0.967066 0.761643 0.967066
1 0.753190 0.939510 0.757847 0.939510 0.757847 0.967066 0.753190 0.967066
1 0.744481 0.939767 0.749138 0.939767 0.749138 0.967322 0.744481 0.967322
1 0.737053 0.938998 0.741710 0.938998 0.741710 0.966553 0.737053 0.966553
1 0.728600 0.939254 0.733257 0.939254 0.733257 0.966809 0.728600 0.966809
1 0.720147 0.939254 0.724804 0.939254 0.724804 0.966809 0.720147 0.966809
1 0.710397 0.939719 0.715054 0.939719 0.715054 0.967274 0.710397 0.967274
1 0.702104 0.939254 0.706762 0.939254 0.706762 0.966809 0.702104 0.966809
1 0.694020 0.939510 0.698677 0.939510 0.698677 0.967066 0.694020 0.967066
1 0.685567 0.939510 0.690224 0.939510 0.690224 0.967066 0.685567 0.967066
1 0.676858 0.939767 0.681515 0.939767 0.681515 0.967322 0.676858 0.967322
1 0.804363 0.808363 0.809020 0.808363 0.809020 0.835918 0.804363 0.835918
1 0.795654 0.808619 0.800311 0.808619 0.800311 0.836174 0.795654 0.836174
1 0.787201 0.808619 0.791858 0.808619 0.791858 0.836174 0.787201 0.836174
1 0.778492 0.808875 0.783149 0.808875 0.783149 0.836430 0.778492 0.836430
1 0.769783 0.808619 0.774440 0.808619 0.774440 0.836174 0.769783 0.836174
1 0.761074 0.808875 0.765731 0.808875 0.765731 0.836430 0.761074 0.836430
1 0.752621 0.808875 0.757278 0.808875 0.757278 0.836430 0.752621 0.836430
1 0.743912 0.809131 0.748569 0.809131 0.748569 0.836687 0.743912 0.836687
1 0.736484 0.808363 0.741141 0.808363 0.741141 0.835918 0.736484 0.835918
1 0.728031 0.808619 0.732688 0.808619 0.732688 0.836174 0.728031 0.836174
1 0.719578 0.808619 0.724235 0.808619 0.724235 0.836174 0.719578 0.836174
1 0.710869 0.808875 0.715526 0.808875 0.715526 0.836430 0.710869 0.836430
1 0.702160 0.808619 0.706817 0.808619 0.706817 0.836174 0.702160 0.836174
1 0.693451 0.808875 0.698108 0.808875 0.698108 0.836430 0.693451 0.836430
1 0.684998 0.808875 0.689655 0.808875 0.689655 0.836430 0.684998 0.836430
1 0.676289 0.809131 0.680946 0.809131 0.680946 0.836687 0.676289 0.836687
1 0.804647 0.735218 0.809305 0.735218 0.809305 0.762774 0.804647 0.762774
1 0.795938 0.735475 0.800596 0.735475 0.800596 0.763030 0.795938 0.763030
1 0.787486 0.735475 0.792143 0.735475 0.792143 0.763030 0.787486 0.763030
1 0.778776 0.735731 0.783434 0.735731 0.783434 0.763286 0.778776 0.763286
1 0.770067 0.735475 0.774725 0.735475 0.774725 0.763030 0.770067 0.763030
1 0.761358 0.735731 0.766016 0.735731 0.766016 0.763286 0.761358 0.763286
1 0.752906 0.735731 0.757563 0.735731 0.757563 0.763286 0.752906 0.763286
1 0.744197 0.735987 0.748854 0.735987 0.748854 0.763542 0.744197 0.763542
1 0.736768 0.735218 0.741426 0.735218 0.741426 0.762774 0.736768 0.762774
1 0.728315 0.735475 0.732973 0.735475 0.732973 0.763030 0.728315 0.763030
1 0.719863 0.735475 0.724520 0.735475 0.724520 0.763030 0.719863 0.763030
1 0.711154 0.735731 0.715811 0.735731 0.715811 0.763286 0.711154 0.763286
1 0.693736 0.735731 0.698393 0.735731 0.698393 0.763286 0.693736 0.763286
1 0.702445 0.735475 0.707102 0.735475 0.707102 0.763030 0.702445 0.763030
1 0.685283 0.735731 0.689940 0.735731 0.689940 0.763286 0.685283 0.763286
1 0.676574 0.735987 0.681231 0.735987 0.681231 0.763542 0.676574 0.763542
1 0.804363 0.603729 0.809020 0.603729 0.809020 0.631285 0.804363 0.631285
1 0.795654 0.603986 0.800311 0.603986 0.800311 0.631541 0.795654 0.631541
1 0.787201 0.603986 0.791858 0.603986 0.791858 0.631541 0.787201 0.631541
1 0.778492 0.604242 0.783149 0.604242 0.783149 0.631797 0.778492 0.631797
1 0.769783 0.603986 0.774440 0.603986 0.774440 0.631541 0.769783 0.631541
1 0.761074 0.604242 0.765731 0.604242 0.765731 0.631797 0.761074 0.631797
1 0.752621 0.604242 0.757278 0.604242 0.757278 0.631797 0.752621 0.631797
1 0.743912 0.604498 0.748569 0.604498 0.748569 0.632053 0.743912 0.632053
1 0.736484 0.603729 0.741141 0.603729 0.741141 0.631285 0.736484 0.631285
1 0.728031 0.603986 0.732688 0.603986 0.732688 0.631541 0.728031 0.631541
1 0.719578 0.603986 0.724235 0.603986 0.724235 0.631541 0.719578 0.631541
1 0.710869 0.604242 0.715526 0.604242 0.715526 0.631797 0.710869 0.631797
1 0.702160 0.603986 0.706817 0.603986 0.706817 0.631541 0.702160 0.631541
1 0.693451 0.604242 0.698108 0.604242 0.698108 0.631797 0.693451 0.631797
1 0.684998 0.604242 0.689655 0.604242 0.689655 0.631797 0.684998 0.631797
1 0.676289 0.604498 0.680946 0.604498 0.680946 0.632053 0.676289 0.632053
1 0.608723 0.604811 0.613380 0.604811 0.613380 0.632366 0.608723 0.632366
1 0.617176 0.604811 0.621833 0.604811 0.621833 0.632366 0.617176 0.632366
1 0.625885 0.604555 0.630542 0.604555 0.630542 0.632110 0.625885 0.632110
1 0.634594 0.604811 0.639251 0.604811 0.639251 0.632366 0.634594 0.632366
1 0.643303 0.604555 0.647960 0.604555 0.647960 0.632110 0.643303 0.632110
1 0.651756 0.604555 0.656413 0.604555 0.656413 0.632110 0.651756 0.632110
1 0.660209 0.604299 0.664866 0.604299 0.664866 0.631854 0.660209 0.631854
1 0.667637 0.605067 0.672294 0.605067 0.672294 0.632622 0.667637 0.632622
1 0.667637 0.735418 0.672294 0.735418 0.672294 0.762973 0.667637 0.762973
1 0.660209 0.734649 0.664866 0.734649 0.664866 0.762205 0.660209 0.762205
1 0.651756 0.734905 0.656413 0.734905 0.656413 0.762461 0.651756 0.762461
1 0.643303 0.734905 0.647960 0.734905 0.647960 0.762461 0.643303 0.762461
1 0.634594 0.735162 0.639251 0.735162 0.639251 0.762717 0.634594 0.762717
1 0.625885 0.734905 0.630542 0.734905 0.630542 0.762461 0.625885 0.762461
1 0.617176 0.735162 0.621833 0.735162 0.621833 0.762717 0.617176 0.762717
1 0.608723 0.735162 0.613380 0.735162 0.613380 0.762717 0.608723 0.762717
1 0.609008 0.808875 0.613665 0.808875 0.613665 0.836430 0.609008 0.836430
1 0.617460 0.808875 0.622118 0.808875 0.622118 0.836430 0.617460 0.836430
1 0.626169 0.808619 0.630827 0.808619 0.630827 0.836174 0.626169 0.836174
1 0.634878 0.808875 0.639536 0.808875 0.639536 0.836430 0.634878 0.836430
1 0.643588 0.808619 0.648245 0.808619 0.648245 0.836174 0.643588 0.836174
1 0.652040 0.808619 0.656698 0.808619 0.656698 0.836174 0.652040 0.836174
1 0.660493 0.808363 0.665150 0.808363 0.665150 0.835918 0.660493 0.835918
1 0.667922 0.809131 0.672579 0.809131 0.672579 0.836687 0.667922 0.836687
1 0.667637 0.940336 0.672294 0.940336 0.672294 0.967891 0.667637 0.967891
1 0.660209 0.939567 0.664866 0.939567 0.664866 0.967123 0.660209 0.967123
1 0.651756 0.939823 0.656413 0.939823 0.656413 0.967379 0.651756 0.967379
1 0.643303 0.939823 0.647960 0.939823 0.647960 0.967379 0.643303 0.967379
1 0.634594 0.940080 0.639251 0.940080 0.639251 0.967635 0.634594 0.967635
1 0.625885 0.939823 0.630542 0.939823 0.630542 0.967379 0.625885 0.967379
1 0.617176 0.940080 0.621833 0.940080 0.621833 0.967635 0.617176 0.967635
1 0.608723 0.940080 0.613380 0.940080 0.613380 0.967635 0.608723 0.967635
1 0.055544 0.640281 0.239250 0.640281 0.239250 0.684306 0.055544 0.684306
1 0.318495 0.887223 0.503002 0.887223 0.503002 0.929247 0.318495 0.929247
1 0.991280 0.015391 0.997876 0.015391 0.997876 0.037708 0.991280 0.037708
1 0.991187 0.057911 0.997783 0.057911 0.997783 0.080228 0.991187 0.080228
1 0.973733 0.217772 0.993992 0.217772 0.993992 0.228670 0.973733 0.228670
1 0.973966 0.233886 0.994225 0.233886 0.994225 0.244784 0.973966 0.244784
1 0.973966 0.250233 0.994225 0.250233 0.994225 0.261131 0.973966 0.261131
1 0.973966 0.335615 0.994225 0.335615 0.994225 0.346513 0.973966 0.346513
1 0.973966 0.319269 0.994225 0.319269 0.994225 0.330166 0.973966 0.330166
1 0.973733 0.303154 0.993992 0.303154 0.993992 0.314052 0.973733 0.314052
1 0.973537 0.388243 0.993796 0.388243 0.993796 0.399141 0.973537 0.399141
1 0.973770 0.404357 0.994029 0.404357 0.994029 0.415255 0.973770 0.415255
1 0.973770 0.420703 0.994029 0.420703 0.994029 0.431601 0.973770 0.431601
1 0.990428 0.603444 0.997273 0.603444 0.997273 0.632066 0.990428 0.632066
1 0.981773 0.603303 0.988617 0.603303 0.988617 0.631926 0.981773 0.631926
1 0.973117 0.603303 0.979962 0.603303 0.979962 0.631926 0.973117 0.631926
1 0.964814 0.603303 0.971658 0.603303 0.971658 0.631926 0.964814 0.631926
1 0.930825 0.603374 0.937669 0.603374 0.937669 0.631996 0.930825 0.631996
1 0.939129 0.603374 0.945973 0.603374 0.945973 0.631996 0.939129 0.631996
1 0.947784 0.603374 0.954629 0.603374 0.954629 0.631996 0.947784 0.631996
1 0.956440 0.603515 0.963284 0.603515 0.963284 0.632137 0.956440 0.632137
1 0.888392 0.603796 0.895236 0.603796 0.895236 0.632418 0.888392 0.632418
1 0.879736 0.603655 0.886581 0.603655 0.886581 0.632277 0.879736 0.632277
1 0.871081 0.603655 0.877925 0.603655 0.877925 0.632277 0.871081 0.632277
1 0.896766 0.603585 0.903610 0.603585 0.903610 0.632207 0.896766 0.632207
1 0.862777 0.603655 0.869621 0.603655 0.869621 0.632277 0.862777 0.632277
1 0.905069 0.603585 0.911914 0.603585 0.911914 0.632207 0.905069 0.632207
1 0.913725 0.603585 0.920569 0.603585 0.920569 0.632207 0.913725 0.632207
1 0.922380 0.603726 0.929225 0.603726 0.929225 0.632348 0.922380 0.632348
1 0.854121 0.603726 0.860966 0.603726 0.860966 0.632348 0.854121 0.632348
1 0.854287 0.734113 0.861131 0.734113 0.861131 0.762735 0.854287 0.762735
1 0.922546 0.734113 0.929390 0.734113 0.929390 0.762735 0.922546 0.762735
1 0.913890 0.733972 0.920735 0.733972 0.920735 0.762594 0.913890 0.762594
1 0.905235 0.733972 0.912079 0.733972 0.912079 0.762594 0.905235 0.762594
1 0.863107 0.733877 0.869952 0.733877 0.869952 0.762500 0.863107 0.762500
1 0.896766 0.733972 0.903610 0.733972 0.903610 0.762594 0.896766 0.762594
1 0.871246 0.734043 0.878090 0.734043 0.878090 0.762665 0.871246 0.762665
1 0.879736 0.734043 0.886581 0.734043 0.886581 0.762665 0.879736 0.762665
1 0.888226 0.734183 0.895071 0.734183 0.895071 0.762806 0.888226 0.762806
1 0.956605 0.733902 0.963449 0.733902 0.963449 0.762524 0.956605 0.762524
1 0.947949 0.733761 0.954794 0.733761 0.954794 0.762383 0.947949 0.762383
1 0.939294 0.733761 0.946138 0.733761 0.946138 0.762383 0.939294 0.762383
1 0.930990 0.733761 0.937835 0.733761 0.937835 0.762383 0.930990 0.762383
1 0.964979 0.733691 0.971823 0.733691 0.971823 0.762313 0.964979 0.762313
1 0.973283 0.733691 0.980127 0.733691 0.980127 0.762313 0.973283 0.762313
1 0.981938 0.733691 0.988783 0.733691 0.988783 0.762313 0.981938 0.762313
1 0.990472 0.733832 0.997317 0.733832 0.997317 0.762454 0.990472 0.762454
1 0.854014 0.808505 0.860859 0.808505 0.860859 0.837127 0.854014 0.837127
1 0.922546 0.808641 0.929390 0.808641 0.929390 0.837263 0.922546 0.837263
1 0.913890 0.808500 0.920735 0.808500 0.920735 0.837122 0.913890 0.837122
1 0.905235 0.808500 0.912079 0.808500 0.912079 0.837122 0.905235 0.837122
1 0.862562 0.808405 0.869407 0.808405 0.869407 0.837028 0.862562 0.837028
1 0.896766 0.808500 0.903610 0.808500 0.903610 0.837122 0.896766 0.837122
1 0.871246 0.808571 0.878090 0.808571 0.878090 0.837193 0.871246 0.837193
1 0.879736 0.808571 0.886581 0.808571 0.886581 0.837193 0.879736 0.837193
1 0.888090 0.808711 0.894935 0.808711 0.894935 0.837334 0.888090 0.837334
1 0.956605 0.808430 0.963449 0.808430 0.963449 0.837052 0.956605 0.837052
1 0.947949 0.808289 0.954794 0.808289 0.954794 0.836911 0.947949 0.836911
1 0.939294 0.808289 0.946138 0.808289 0.946138 0.836911 0.939294 0.836911
1 0.930990 0.808289 0.937835 0.808289 0.937835 0.836911 0.930990 0.836911
1 0.964979 0.808219 0.971823 0.808219 0.971823 0.836841 0.964979 0.836841
1 0.973283 0.808219 0.980127 0.808219 0.980127 0.836841 0.973283 0.836841
1 0.981938 0.808219 0.988783 0.808219 0.988783 0.836841 0.981938 0.836841
1 0.990472 0.808360 0.997317 0.808360 0.997317 0.836982 0.990472 0.836982
1 0.854141 0.938230 0.860985 0.938230 0.860985 0.966852 0.854141 0.966852
1 0.922211 0.938520 0.929055 0.938520 0.929055 0.967142 0.922211 0.967142
1 0.913632 0.938456 0.920477 0.938456 0.920477 0.967079 0.913632 0.967079
1 0.905284 0.938533 0.912129 0.938533 0.912129 0.967155 0.905284 0.967155
1 0.862766 0.938362 0.869610 0.938362 0.869610 0.966984 0.862766 0.966984
1 0.896892 0.938456 0.903737 0.938456 0.903737 0.967079 0.896892 0.967079
1 0.871296 0.938450 0.878140 0.938450 0.878140 0.967072 0.871296 0.967072
1 0.879709 0.938373 0.886553 0.938373 0.886553 0.966995 0.879709 0.966995
1 0.888217 0.938514 0.895061 0.938514 0.895061 0.967136 0.888217 0.967136
1 0.956270 0.938694 0.963115 0.938694 0.963115 0.967316 0.956270 0.967316
1 0.947768 0.938553 0.954613 0.938553 0.954613 0.967175 0.947768 0.967175
1 0.939190 0.938476 0.946034 0.938476 0.946034 0.967098 0.939190 0.967098
1 0.930655 0.938476 0.937500 0.938476 0.937500 0.967098 0.930655 0.967098
1 0.964798 0.938636 0.971642 0.938636 0.971642 0.967259 0.964798 0.967259
1 0.973332 0.938636 0.980177 0.938636 0.980177 0.967259 0.973332 0.967259
1 0.981911 0.938636 0.988755 0.938636 0.988755 0.967259 0.981911 0.967259
1 0.990137 0.938777 0.996982 0.938777 0.996982 0.967399 0.990137 0.967399
