0 0.403039 0.109412 0.414840 0.109412 0.414840 0.133587 0.403039 0.133587
0 0.401002 0.228950 0.413653 0.228950 0.413653 0.254027 0.401002 0.254027
0 0.401853 0.149714 0.414162 0.149714 0.414162 0.173536 0.401853 0.173536
0 0.497354 0.311690 0.509835 0.311690 0.509835 0.336039 0.497354 0.336039
0 0.496823 0.351544 0.508436 0.351544 0.508436 0.375467 0.496823 0.375467
0 0.497435 0.271126 0.509573 0.271126 0.509573 0.295213 0.497435 0.295213
0 0.497712 0.150011 0.509674 0.150011 0.509674 0.173957 0.497712 0.173957
0 0.497810 0.418723 0.509520 0.418723 0.509520 0.442809 0.497810 0.442809
0 0.496858 0.109684 0.509442 0.109684 0.509442 0.133653 0.496858 0.133653
0 0.497516 0.230992 0.509835 0.230992 0.509835 0.254911 0.497516 0.254911
0 0.496823 0.190346 0.509398 0.190346 0.509398 0.214522 0.496823 0.214522
0 0.327542 0.619665 0.413329 0.619665 0.413329 0.720706 0.327542 0.720706
0 0.402360 0.446845 0.415095 0.446845 0.415095 0.471244 0.402360 0.471244
0 0.372230 0.257065 0.389624 0.257065 0.389624 0.302928 0.372230 0.302928
1 0.347328 0.253041 0.371510 0.253041 0.371510 0.273304 0.347328 0.273304
1 0.347042 0.285346 0.370840 0.285346 0.370840 0.307281 0.347042 0.307281
1 0.390931 0.267024 0.415188 0.267024 0.415188 0.289743 0.390931 0.289743
0 0.327571 0.318283 0.397765 0.318283 0.397765 0.373131 0.327571 0.373131
1 0.398705 0.325063 0.416640 0.325063 0.416640 0.367345 0.398705 0.367345
1 0.305595 0.325123 0.327100 0.325123 0.327100 0.366105 0.305595 0.366105
0 0.508896 0.842303 0.554986 0.842303 0.554986 0.861240 0.508896 0.861240
1 0.537730 0.820122 0.558118 0.820122 0.558118 0.842165 0.537730 0.842165
1 0.504119 0.818391 0.525996 0.818391 0.525996 0.841957 0.504119 0.841957
1 0.521934 0.861748 0.542291 0.861748 0.542291 0.884945 0.521934 0.884945
0 0.677212 0.526592 0.699132 0.526592 0.699132 0.560176 0.677212 0.560176
0 0.678326 0.469585 0.699448 0.469585 0.699448 0.502517 0.678326 0.502517
0 0.678031 0.239881 0.700274 0.239881 0.700274 0.273637 0.678031 0.273637
0 0.376369 0.886233 0.410939 0.886233 0.410939 0.908900 0.376369 0.908900
0 0.369133 0.850043 0.383559 0.850043 0.383559 0.875697 0.369133 0.875697
0 0.332992 0.543801 0.359119 0.543801 0.359119 0.596055 0.332992 0.596055
1 0.324090 0.540933 0.332908 0.540933 0.332908 0.599133 0.324090 0.599133
1 0.359619 0.540984 0.368181 0.540984 0.368181 0.599133 0.359619 0.599133
0 0.312126 0.428512 0.389944 0.428512 0.389944 0.484027 0.312126 0.484027
0 0.498103 0.034956 0.510491 0.034956 0.510491 0.060870 0.498103 0.060870
0 0.348998 0.014024 0.382438 0.014024 0.382438 0.035048 0.348998 0.035048
0 0.028641 0.009193 0.076550 0.009193 0.076550 0.056533 0.028641 0.056533
1 0.077404 0.013652 0.105960 0.013652 0.105960 0.019344 0.077404 0.019344
1 0.077499 0.022095 0.107313 0.022095 0.107313 0.027793 0.077499 0.027793
1 0.077275 0.038552 0.107259 0.038552 0.107259 0.044614 0.077275 0.044614
1 0.077384 0.030251 0.106055 0.030251 0.106055 0.036231 0.077384 0.036231
1 0.077309 0.047520 0.105865 0.047520 0.105865 0.053212 0.077309 0.053212
0 0.237832 0.065231 0.252299 0.065231 0.252299 0.090713 0.237832 0.090713
1 0.237102 0.091045 0.253560 0.091045 0.253560 0.095292 0.237102 0.095292
1 0.236173 0.060453 0.254024 0.060453 0.254024 0.065099 0.236173 0.065099
0 0.274045 0.048438 0.318953 0.048438 0.318953 0.066089 0.274045 0.066089
1 0.303108 0.067239 0.323715 0.067239 0.323715 0.090801 0.303108 0.090801
1 0.270597 0.066910 0.292271 0.066910 0.292271 0.090965 0.270597 0.090965
1 0.286688 0.024383 0.307213 0.024383 0.307213 0.047699 0.286688 0.047699
1 0.340338 0.010894 0.348789 0.010894 0.348789 0.040004 0.340338 0.040004
1 0.382543 0.012459 0.392924 0.012459 0.392924 0.037604 0.382543 0.037604
1 0.494986 0.030116 0.512485 0.030116 0.512485 0.034872 0.494986 0.034872
1 0.495367 0.061120 0.513119 0.061120 0.513119 0.064988 0.495367 0.064988
1 0.494035 0.103981 0.512485 0.103981 0.512485 0.109433 0.494035 0.109433
1 0.494732 0.133907 0.511344 0.133907 0.511344 0.137965 0.494732 0.137965
1 0.494796 0.145573 0.511534 0.145573 0.511534 0.149884 0.494796 0.149884
1 0.494098 0.174231 0.512929 0.174231 0.512929 0.179303 0.494098 0.179303
1 0.493902 0.185040 0.512733 0.185040 0.512733 0.190113 0.493902 0.190113
1 0.494293 0.214729 0.513123 0.214729 0.513123 0.219801 0.494293 0.219801
1 0.494293 0.225778 0.513123 0.225778 0.513123 0.230851 0.494293 0.230851
1 0.493790 0.255132 0.512621 0.255132 0.512621 0.260204 0.493790 0.260204
1 0.493958 0.265791 0.512788 0.265791 0.512788 0.270863 0.493958 0.270863
1 0.493567 0.295647 0.512398 0.295647 0.512398 0.300719 0.493567 0.300719
1 0.493433 0.305759 0.513458 0.305759 0.513458 0.311378 0.493433 0.311378
1 0.494739 0.336385 0.512630 0.336385 0.512630 0.340470 0.494739 0.340470
1 0.494852 0.346622 0.512342 0.346622 0.512342 0.351397 0.494852 0.351397
1 0.493984 0.375585 0.512156 0.375585 0.512156 0.380857 0.493984 0.380857
1 0.495743 0.413245 0.512192 0.413245 0.512192 0.418471 0.495743 0.418471
1 0.494389 0.442645 0.513236 0.442645 0.513236 0.447957 0.494389 0.447957
1 0.495270 0.452958 0.511718 0.452958 0.511718 0.458184 0.495270 0.458184
0 0.497655 0.458489 0.510068 0.458489 0.510068 0.482544 0.497655 0.482544
1 0.494389 0.482832 0.512083 0.482832 0.512083 0.487158 0.494389 0.487158
1 0.494943 0.493950 0.511392 0.493950 0.511392 0.499175 0.494943 0.499175
0 0.497069 0.499311 0.509130 0.499311 0.509130 0.522729 0.497069 0.522729
1 0.494234 0.523057 0.512651 0.523057 0.512651 0.528152 0.494234 0.528152
1 0.494060 0.563469 0.512478 0.563469 0.512478 0.568564 0.494060 0.568564
0 0.496896 0.539723 0.508957 0.539723 0.508957 0.563141 0.496896 0.563141
1 0.494770 0.534449 0.511219 0.534449 0.511219 0.539674 0.494770 0.539674
1 0.495591 0.573986 0.512039 0.573986 0.512039 0.579212 0.495591 0.579212
0 0.497895 0.579305 0.509938 0.579305 0.509938 0.603726 0.497895 0.603726
1 0.495104 0.603941 0.513521 0.603941 0.513521 0.609036 0.495104 0.609036
1 0.676863 0.230671 0.700825 0.230671 0.700825 0.240310 0.676863 0.240310
1 0.675210 0.273637 0.702340 0.273637 0.702340 0.283002 0.675210 0.283002
1 0.676725 0.459964 0.700825 0.459964 0.700825 0.469191 0.676725 0.469191
1 0.675857 0.502829 0.700752 0.502829 0.700752 0.511779 0.675857 0.511779
1 0.676886 0.518054 0.700752 0.518054 0.700752 0.526798 0.676886 0.526798
1 0.676886 0.560334 0.701883 0.560334 0.701883 0.570621 0.676886 0.570621
1 0.507571 0.934543 0.525988 0.934543 0.525988 0.939638 0.507571 0.939638
0 0.510439 0.910747 0.522551 0.910747 0.522551 0.934120 0.510439 0.934120
1 0.507458 0.904711 0.526037 0.904711 0.526037 0.910647 0.507458 0.910647
1 0.530524 0.934316 0.548942 0.934316 0.548942 0.939411 0.530524 0.939411
0 0.533309 0.910747 0.545422 0.910747 0.545422 0.934120 0.533309 0.934120
1 0.530411 0.904295 0.548990 0.904295 0.548990 0.910231 0.530411 0.910231
1 0.526927 0.975118 0.545344 0.975118 0.545344 0.980213 0.526927 0.980213
0 0.529711 0.951549 0.541824 0.951549 0.541824 0.974922 0.529711 0.974922
1 0.526828 0.946021 0.545393 0.946021 0.545393 0.951034 0.526828 0.951034
1 0.504398 0.956306 0.523377 0.956306 0.523377 0.961681 0.504398 0.961681
0 0.507547 0.961967 0.519727 0.961967 0.519727 0.985903 0.507547 0.985903
1 0.504962 0.986200 0.523379 0.986200 0.523379 0.991295 0.504962 0.991295
0 0.973161 0.352241 0.992610 0.352241 0.992610 0.378045 0.973161 0.378045
1 0.978296 0.378581 0.989967 0.378581 0.989967 0.396050 0.978296 0.396050
1 0.978374 0.333227 0.988949 0.333227 0.988949 0.351948 0.978374 0.351948
0 0.942498 0.352027 0.961924 0.352027 0.961924 0.377876 0.942498 0.377876
1 0.947589 0.332835 0.957616 0.332835 0.957616 0.351557 0.947589 0.351557
1 0.947824 0.378268 0.959731 0.378268 0.959731 0.395815 0.947824 0.395815
0 0.924873 0.397460 0.933411 0.397460 0.933411 0.413753 0.924873 0.413753
1 0.924644 0.393356 0.933585 0.393356 0.933585 0.397174 0.924644 0.397174
1 0.924499 0.413896 0.933682 0.413896 0.933682 0.416989 0.924499 0.416989
0 0.945909 0.408048 0.961085 0.408048 0.961085 0.416506 0.945909 0.416506
1 0.961230 0.407710 0.964806 0.407710 0.964806 0.416844 0.961230 0.416844
1 0.941850 0.407323 0.945764 0.407323 0.945764 0.416651 0.941850 0.416651
0 0.933972 0.426027 0.960167 0.426027 0.960167 0.446180 0.933972 0.446180
1 0.914785 0.431053 0.933730 0.431053 0.933730 0.441782 0.914785 0.441782
1 0.960360 0.430956 0.978145 0.430956 0.978145 0.441685 0.960360 0.441685
0 0.980948 0.497506 0.988826 0.497506 0.988826 0.512730 0.980948 0.512730
1 0.980610 0.493398 0.988971 0.493398 0.988971 0.497216 0.980610 0.497216
1 0.980562 0.512972 0.989213 0.512972 0.989213 0.516645 0.980562 0.516645
0 0.951032 0.490498 0.962196 0.490498 0.962196 0.515098 0.951032 0.515098
1 0.947553 0.485375 0.965483 0.485375 0.965483 0.490353 0.947553 0.490353
1 0.948519 0.515147 0.964903 0.515147 0.964903 0.519013 0.948519 0.519013
0 0.925664 0.490300 0.937747 0.490300 0.937747 0.514658 0.925664 0.514658
1 0.923055 0.484887 0.941517 0.484887 0.941517 0.490155 0.923055 0.490155
1 0.924118 0.515093 0.940502 0.515093 0.940502 0.519443 0.924118 0.519443
1 0.923411 0.525765 0.941152 0.525765 0.941152 0.531393 0.923411 0.531393
0 0.926630 0.531547 0.939028 0.531547 0.939028 0.555420 0.926630 0.555420
1 0.923242 0.555624 0.942153 0.555624 0.942153 0.561129 0.923242 0.561129
1 0.947373 0.555292 0.966073 0.555292 0.966073 0.560782 0.947373 0.560782
0 0.951427 0.530490 0.963107 0.530490 0.963107 0.555043 0.951427 0.555043
1 0.948316 0.526270 0.966032 0.526270 0.966032 0.530422 0.948316 0.530422
1 0.980427 0.529076 0.988788 0.529076 0.988788 0.532894 0.980427 0.532894
0 0.980765 0.533184 0.988643 0.533184 0.988643 0.548408 0.980765 0.548408
1 0.980379 0.548649 0.989146 0.548649 0.989146 0.552038 0.980379 0.552038
1 0.910591 0.599325 0.929503 0.599325 0.929503 0.604829 0.910591 0.604829
0 0.914172 0.575247 0.925708 0.575247 0.925708 0.599104 0.914172 0.599104
1 0.911655 0.569529 0.928774 0.569529 0.928774 0.574831 0.911655 0.574831
0 0.913439 0.346442 0.930371 0.346442 0.930371 0.355212 0.913439 0.355212
1 0.910400 0.346225 0.913092 0.346225 0.913092 0.355472 0.910400 0.355472
1 0.930762 0.345704 0.933627 0.345704 0.933627 0.355559 0.930762 0.355559
1 0.909955 0.362539 0.914164 0.362539 0.914164 0.371897 0.909955 0.371897
0 0.914337 0.362806 0.930446 0.362806 0.930446 0.371808 0.914337 0.371808
1 0.930620 0.362306 0.933970 0.362306 0.933970 0.372282 0.930620 0.372282
0 0.892617 0.460662 0.901895 0.460662 0.901895 0.477873 0.892617 0.477873
1 0.892750 0.478092 0.902292 0.478092 0.902292 0.481105 0.892750 0.481105
1 0.892850 0.457801 0.902091 0.457801 0.902091 0.460714 0.892850 0.460714
1 0.398810 0.103731 0.418148 0.103731 0.418148 0.109329 0.398810 0.109329
1 0.400082 0.133926 0.416876 0.133926 0.416876 0.138082 0.400082 0.138082
1 0.399997 0.145292 0.417046 0.145292 0.417046 0.149448 0.399997 0.149448
1 0.398386 0.173875 0.417554 0.173875 0.417554 0.178625 0.398386 0.178625
1 0.398640 0.223154 0.417130 0.223154 0.417130 0.228667 0.398640 0.228667
1 0.399319 0.254112 0.416537 0.254112 0.416537 0.258014 0.399319 0.258014
1 0.398640 0.441134 0.418233 0.441134 0.418233 0.446901 0.398640 0.446901
1 0.399658 0.471074 0.416876 0.471074 0.416876 0.475824 0.399658 0.475824
1 0.411108 0.883709 0.420184 0.883709 0.420184 0.908900 0.411108 0.908900
1 0.367291 0.883833 0.376197 0.883833 0.376197 0.911653 0.367291 0.911653
1 0.368431 0.844468 0.385898 0.844468 0.385898 0.850004 0.368431 0.850004
1 0.368119 0.875697 0.385742 0.875697 0.385742 0.879830 0.368119 0.879830
1 0.311992 0.194764 0.335024 0.194764 0.335024 0.214702 0.311992 0.214702
1 0.312223 0.226994 0.334355 0.226994 0.334355 0.248680 0.312223 0.248680
0 0.335745 0.198464 0.353139 0.198464 0.353139 0.244327 0.335745 0.244327
1 0.354445 0.208423 0.378703 0.208423 0.378703 0.231141 0.354445 0.231141
1 0.312300 0.150842 0.334761 0.150842 0.334761 0.172842 0.312300 0.172842
1 0.354987 0.168355 0.377529 0.168355 0.377529 0.190380 0.354987 0.190380
0 0.336869 0.140612 0.354263 0.140612 0.354263 0.186475 0.336869 0.186475
1 0.354991 0.136304 0.379135 0.136304 0.379135 0.157059 0.354991 0.157059
1 0.313587 0.391892 0.323844 0.391892 0.323844 0.421491 0.313587 0.421491
1 0.335187 0.389847 0.345935 0.389847 0.345935 0.421763 0.335187 0.421763
1 0.378401 0.389889 0.388965 0.389889 0.388965 0.421356 0.378401 0.421356
1 0.356733 0.390105 0.367416 0.390105 0.367416 0.421763 0.356733 0.421763
1 0.378468 0.485395 0.389439 0.485395 0.389439 0.516496 0.378468 0.516496
1 0.356935 0.485746 0.368229 0.485746 0.368229 0.517039 0.356935 0.517039
1 0.335390 0.485488 0.346070 0.485488 0.346070 0.517174 0.335390 0.517174
1 0.313790 0.486314 0.324589 0.486314 0.324589 0.517987 0.313790 0.517987
1 0.322631 0.604825 0.416456 0.604825 0.416456 0.616769 0.322631 0.616769
1 0.323350 0.723833 0.416312 0.723833 0.416312 0.734769 0.323350 0.734769
0 0.213532 0.174090 0.235973 0.174090 0.235973 0.207071 0.213532 0.207071
1 0.209225 0.164682 0.235973 0.164682 0.235973 0.174203 0.209225 0.174203
1 0.211152 0.207412 0.236313 0.207412 0.236313 0.215799 0.211152 0.215799
0 0.241300 0.173636 0.263566 0.173636 0.263566 0.206947 0.241300 0.206947
1 0.239807 0.207194 0.266591 0.207194 0.266591 0.215709 0.239807 0.215709
1 0.239853 0.163862 0.266601 0.163862 0.266601 0.173383 0.239853 0.173383
1 0.269451 0.164179 0.296155 0.164179 0.296155 0.172963 0.269451 0.172963
0 0.272046 0.173206 0.293302 0.173206 0.293302 0.206376 0.272046 0.206376
1 0.269843 0.206693 0.295648 0.206693 0.295648 0.215950 0.269843 0.215950
0 0.272991 0.326026 0.293535 0.326026 0.293535 0.359119 0.272991 0.359119
1 0.269811 0.315024 0.295254 0.315024 0.295254 0.326026 0.269811 0.326026
1 0.270843 0.359291 0.296715 0.359291 0.296715 0.369176 0.270843 0.369176
0 0.170341 0.320982 0.240615 0.320982 0.240615 0.376306 0.170341 0.376306
1 0.241233 0.328556 0.260897 0.328556 0.260897 0.368784 0.241233 0.368784
1 0.149583 0.327267 0.170501 0.327267 0.170501 0.369307 0.149583 0.369307
0 0.251089 0.226712 0.260516 0.226712 0.260516 0.242138 0.251089 0.242138
1 0.251470 0.222047 0.260326 0.222047 0.260326 0.226522 0.251470 0.226522
1 0.250899 0.242329 0.260707 0.242329 0.260707 0.246328 0.250899 0.246328
0 0.301271 0.263183 0.310032 0.263183 0.310032 0.279275 0.301271 0.279275
1 0.301405 0.259189 0.309705 0.259189 0.309705 0.262885 0.301405 0.262885
1 0.301859 0.279495 0.310548 0.279495 0.310548 0.282673 0.301859 0.282673
0 0.195319 0.517077 0.275759 0.517077 0.275759 0.580739 0.195319 0.580739
1 0.196481 0.585785 0.210204 0.585785 0.210204 0.609977 0.196481 0.609977
1 0.261230 0.584565 0.275359 0.584565 0.275359 0.610383 0.261230 0.610383
1 0.239376 0.601032 0.253911 0.601032 0.253911 0.610892 0.239376 0.610892
1 0.218030 0.601032 0.231956 0.601032 0.231956 0.610485 0.218030 0.610485
1 0.194835 0.484175 0.211728 0.484175 0.211728 0.516869 0.194835 0.516869
1 0.215896 0.485257 0.233684 0.485257 0.233684 0.516971 0.215896 0.516971
1 0.237359 0.485115 0.255709 0.485115 0.255709 0.516804 0.237359 0.516804
1 0.258903 0.485303 0.276815 0.485303 0.276815 0.516867 0.258903 0.516867
0 0.211514 0.653795 0.290920 0.653795 0.290920 0.716978 0.211514 0.716978
1 0.210994 0.621605 0.227018 0.621605 0.227018 0.653295 0.210994 0.653295
1 0.230473 0.622022 0.249238 0.622022 0.249238 0.653236 0.230473 0.653236
1 0.252395 0.621783 0.270980 0.621783 0.270980 0.652998 0.252395 0.652998
1 0.274793 0.621902 0.292306 0.621902 0.292306 0.653415 0.274793 0.653415
1 0.276363 0.737787 0.290519 0.737787 0.290519 0.746521 0.276363 0.746521
1 0.254837 0.737348 0.268717 0.737348 0.268717 0.746581 0.254837 0.746581
1 0.211521 0.738146 0.225648 0.738146 0.225648 0.746462 0.211521 0.746462
1 0.233571 0.737348 0.246795 0.737348 0.246795 0.746223 0.233571 0.746223
0 0.196080 0.759448 0.295553 0.759448 0.295553 0.864892 0.196080 0.864892
1 0.160092 0.764316 0.179730 0.764316 0.179730 0.859233 0.160092 0.859233
1 0.296517 0.752481 0.359603 0.752481 0.359603 0.790073 0.296517 0.790073
1 0.295985 0.803816 0.312566 0.803816 0.312566 0.820397 0.295985 0.820397
1 0.295667 0.837084 0.358906 0.837084 0.358906 0.864824 0.295667 0.864824
0 0.092583 0.069435 0.118388 0.069435 0.118388 0.083381 0.092583 0.083381
0 0.105770 0.097042 0.131574 0.097042 0.131574 0.110798 0.105770 0.110798
0 0.105390 0.127875 0.127685 0.127875 0.127685 0.161363 0.105390 0.161363
0 0.095998 0.243141 0.110134 0.243141 0.110134 0.269420 0.095998 0.269420
0 0.151307 0.244279 0.167435 0.244279 0.167435 0.289247 0.151307 0.289247
0 0.124364 0.328049 0.139164 0.328049 0.139164 0.354138 0.124364 0.354138
0 0.096662 0.328334 0.108901 0.328334 0.108901 0.353854 0.096662 0.353854
0 0.122657 0.438382 0.177681 0.438382 0.177681 0.508965 0.122657 0.508965
1 0.118517 0.067914 0.122590 0.067914 0.122590 0.086401 0.118517 0.086401
1 0.087967 0.067758 0.092432 0.067758 0.092432 0.086009 0.087967 0.086009
1 0.131990 0.094939 0.137160 0.094939 0.137160 0.113347 0.131990 0.113347
1 0.101597 0.094391 0.105671 0.094391 0.105671 0.113661 0.101597 0.113661
1 0.102616 0.117812 0.129875 0.117812 0.129875 0.127682 0.102616 0.127682
1 0.102772 0.161522 0.129484 0.161522 0.129484 0.170687 0.102772 0.170687
1 0.125567 0.238836 0.149772 0.238836 0.149772 0.259673 0.125567 0.259673
1 0.127134 0.271422 0.149380 0.271422 0.149380 0.293982 0.127134 0.293982
1 0.168807 0.253328 0.193873 0.253328 0.193873 0.277846 0.168807 0.277846
1 0.095566 0.323357 0.113269 0.323357 0.113269 0.328370 0.095566 0.328370
1 0.094234 0.354142 0.113347 0.354142 0.113347 0.358528 0.094234 0.358528
1 0.122199 0.323200 0.141625 0.323200 0.141625 0.327744 0.122199 0.327744
1 0.122355 0.354298 0.141860 0.354298 0.141860 0.358998 0.122355 0.358998
1 0.129170 0.417513 0.170792 0.417513 0.170792 0.438583 0.129170 0.438583
1 0.129168 0.509023 0.171705 0.509023 0.171705 0.529215 0.129168 0.529215
1 0.121337 0.533367 0.173898 0.533367 0.173898 0.545821 0.121337 0.545821
1 0.122747 0.597208 0.174290 0.597208 0.174290 0.610446 0.122747 0.610446
0 0.129014 0.545900 0.168102 0.545900 0.168102 0.596894 0.129014 0.596894
0 0.100187 0.621961 0.151495 0.621961 0.151495 0.663790 0.100187 0.663790
1 0.151887 0.615694 0.163245 0.615694 0.163245 0.668255 0.151887 0.668255
1 0.088986 0.617026 0.100031 0.617026 0.100031 0.669352 0.088986 0.669352
1 0.093738 0.238089 0.112494 0.238089 0.112494 0.243006 0.093738 0.243006
1 0.094770 0.269612 0.111957 0.269612 0.111957 0.273413 0.094770 0.273413
1 0.075069 0.448702 0.095485 0.448702 0.095485 0.470513 0.075069 0.470513
0 0.061754 0.428033 0.108292 0.428033 0.108292 0.447751 0.061754 0.447751
1 0.091047 0.403369 0.111526 0.403369 0.111526 0.427290 0.091047 0.427290
1 0.058711 0.403852 0.079401 0.403852 0.079401 0.427208 0.058711 0.427208
0 0.026892 0.626825 0.035672 0.626825 0.035672 0.643257 0.026892 0.643257
1 0.026892 0.643418 0.035350 0.643418 0.035350 0.646560 0.026892 0.646560
1 0.026973 0.623201 0.035431 0.623201 0.035431 0.626584 0.026973 0.626584
0 0.045694 0.653935 0.061238 0.653935 0.061238 0.662035 0.045694 0.662035
1 0.061402 0.653387 0.064686 0.653387 0.064686 0.662692 0.061402 0.662692
1 0.041863 0.653387 0.045475 0.653387 0.045475 0.662418 0.041863 0.662418
0 0.073388 0.648407 0.080996 0.648407 0.080996 0.663841 0.073388 0.663841
1 0.072732 0.664006 0.081927 0.664006 0.081927 0.667892 0.072732 0.667892
1 0.072841 0.644685 0.081270 0.644685 0.081270 0.648188 0.072841 0.648188
0 0.090860 0.574399 0.105963 0.574399 0.105963 0.600497 0.090860 0.600497
1 0.088323 0.569566 0.108138 0.569566 0.108138 0.574278 0.088323 0.574278
1 0.088685 0.600618 0.108500 0.600618 0.108500 0.606055 0.088685 0.606055
1 0.000034 0.047914 0.028590 0.047914 0.028590 0.053606 0.000034 0.053606
1 0.000000 0.038946 0.028767 0.038946 0.028767 0.045121 0.000000 0.045121
1 0.000109 0.030645 0.028964 0.030645 0.028964 0.036452 0.000109 0.036452
1 0.000224 0.022489 0.028767 0.022489 0.028767 0.028176 0.000224 0.028176
1 0.000129 0.014046 0.028685 0.014046 0.028685 0.019738 0.000129 0.019738
0 0.218823 0.417923 0.271480 0.417923 0.271480 0.444562 0.218823 0.444562
1 0.215810 0.408519 0.274773 0.408519 0.274773 0.418216 0.215810 0.418216
1 0.215810 0.443648 0.274773 0.443648 0.274773 0.453345 0.215810 0.453345
1 0.974790 0.019348 0.993149 0.019348 0.993149 0.024625 0.974790 0.024625
1 0.400278 0.019498 0.415316 0.019498 0.415316 0.024468 0.400278 0.024468
1 0.025997 0.405248 0.046769 0.405248 0.046769 0.424619 0.025997 0.424619
1 0.009940 0.448194 0.031732 0.448194 0.031732 0.470496 0.009940 0.470496
1 0.018111 0.653262 0.036326 0.653262 0.036326 0.663887 0.018111 0.663887
1 0.123805 0.679544 0.157204 0.679544 0.157204 0.862363 0.123805 0.862363
