0 0.365231 0.438292 0.447205 0.438292 0.447205 0.502340 0.365231 0.502340
0 0.470892 0.441494 0.562582 0.441494 0.562582 0.552976 0.470892 0.552976
0 0.017554 0.654316 0.045075 0.654316 0.045075 0.707622 0.017554 0.707622
1 0.487193 0.553267 0.547867 0.553267 0.547867 0.573863 0.487193 0.573863
0 0.328288 0.321173 0.360423 0.321173 0.360423 0.341418 0.328288 0.341418
0 0.073886 0.563447 0.101312 0.563447 0.101312 0.615308 0.073886 0.615308
0 0.278064 0.490690 0.329087 0.490690 0.329087 0.597645 0.278064 0.597645
0 0.577838 0.100071 0.629931 0.100071 0.629931 0.124307 0.577838 0.124307
0 0.224011 0.868460 0.237016 0.868460 0.237016 0.893647 0.224011 0.893647
0 0.201102 0.868432 0.214075 0.868432 0.214075 0.893949 0.201102 0.893949
0 0.165667 0.588446 0.191712 0.588446 0.191712 0.602757 0.165667 0.602757
0 0.064209 0.077713 0.072303 0.077713 0.072303 0.093594 0.064209 0.093594
1 0.517025 0.168162 0.581340 0.168162 0.581340 0.188686 0.517025 0.188686
0 0.115998 0.437401 0.130438 0.437401 0.130438 0.463411 0.115998 0.463411
0 0.564984 0.705962 0.617268 0.705962 0.617268 0.729056 0.564984 0.729056
0 0.327953 0.287613 0.360099 0.287613 0.360099 0.307343 0.327953 0.307343
0 0.091643 0.437505 0.105378 0.437505 0.105378 0.463225 0.091643 0.463225
1 0.073677 0.615871 0.102972 0.615871 0.102972 0.626600 0.073677 0.626600
0 0.383655 0.561740 0.436123 0.561740 0.436123 0.587105 0.383655 0.587105
0 0.064231 0.221232 0.072110 0.221232 0.072110 0.237435 0.064231 0.237435
1 0.487123 0.417306 0.548319 0.417306 0.548319 0.441202 0.487123 0.441202
1 0.269876 0.598400 0.332037 0.598400 0.332037 0.613987 0.269876 0.613987
0 0.245507 0.868305 0.258281 0.868305 0.258281 0.893977 0.245507 0.893977
0 0.165553 0.563547 0.192237 0.563547 0.192237 0.577993 0.165553 0.577993
0 0.143924 0.373040 0.169554 0.373040 0.169554 0.385755 0.143924 0.385755
0 0.564057 0.742829 0.616861 0.742829 0.616861 0.766580 0.564057 0.766580
1 0.436511 0.560436 0.448483 0.560436 0.448483 0.589356 0.436511 0.589356
1 0.388286 0.502752 0.402522 0.502752 0.402522 0.532688 0.388286 0.532688
0 0.197038 0.126339 0.213115 0.126339 0.213115 0.134522 0.197038 0.134522
1 0.630149 0.096872 0.641832 0.096872 0.641832 0.127904 0.630149 0.127904
1 0.409881 0.502766 0.424117 0.502766 0.424117 0.532657 0.409881 0.532657
1 0.015110 0.708405 0.046496 0.708405 0.046496 0.719932 0.015110 0.719932
1 0.366946 0.502599 0.381564 0.502599 0.381564 0.532536 0.366946 0.532536
1 0.431345 0.502769 0.445994 0.502769 0.445994 0.532494 0.431345 0.532494
1 0.617050 0.739249 0.629277 0.739249 0.629277 0.770244 0.617050 0.770244
1 0.073266 0.551502 0.102252 0.551502 0.102252 0.563619 0.073266 0.563619
1 0.617799 0.701978 0.629380 0.701978 0.629380 0.732743 0.617799 0.732743
1 0.016435 0.643754 0.044993 0.643754 0.044993 0.654350 0.016435 0.654350
1 0.552436 0.702828 0.564130 0.702828 0.564130 0.732862 0.552436 0.732862
0 0.051713 0.287521 0.067748 0.287521 0.067748 0.295912 0.051713 0.295912
1 0.621313 0.810604 0.640025 0.810604 0.640025 0.854227 0.621313 0.854227
0 0.261337 0.219655 0.277162 0.219655 0.277162 0.227675 0.261337 0.227675
0 0.206825 0.225223 0.222394 0.225223 0.222394 0.233337 0.206825 0.233337
0 0.107986 0.372810 0.116058 0.372810 0.116058 0.388634 0.107986 0.388634
0 0.185389 0.355372 0.201333 0.355372 0.201333 0.363587 0.185389 0.363587
0 0.035123 0.372501 0.044887 0.372501 0.044887 0.389170 0.035123 0.389170
1 0.371243 0.558306 0.382985 0.558306 0.382985 0.590741 0.371243 0.590741
0 0.196856 0.195525 0.212634 0.195525 0.212634 0.203769 0.196856 0.203769
0 0.408920 0.330768 0.425297 0.330768 0.425297 0.339979 0.408920 0.339979
0 0.235428 0.408960 0.244670 0.408960 0.244670 0.425071 0.235428 0.425071
0 0.082934 0.287923 0.098919 0.287923 0.098919 0.295870 0.082934 0.295870
1 0.516564 0.348361 0.581028 0.348361 0.581028 0.375256 0.516564 0.375256
1 0.271512 0.476531 0.332006 0.476531 0.332006 0.490726 0.271512 0.490726
0 0.420885 0.352651 0.437195 0.352651 0.437195 0.362439 0.420885 0.362439
0 0.166403 0.129285 0.174622 0.129285 0.174622 0.145354 0.166403 0.145354
0 0.003409 0.353980 0.020381 0.353980 0.020381 0.363256 0.003409 0.363256
1 0.552310 0.739087 0.563661 0.739087 0.563661 0.770372 0.552310 0.770372
1 0.501058 0.811734 0.518093 0.811734 0.518093 0.853607 0.501058 0.853607
1 0.368040 0.409049 0.444138 0.409049 0.444138 0.437871 0.368040 0.437871
0 0.250000 0.362651 0.257853 0.362651 0.257853 0.378792 0.250000 0.378792
0 0.198001 0.057206 0.214042 0.057206 0.214042 0.065542 0.198001 0.065542
1 0.118743 0.663892 0.183268 0.663892 0.183268 0.681149 0.118743 0.681149
0 0.183866 0.260150 0.193365 0.260150 0.193365 0.276906 0.183866 0.276906
0 0.305730 0.426794 0.322500 0.426794 0.322500 0.436188 0.305730 0.436188
0 0.199456 0.408368 0.209008 0.408368 0.209008 0.424526 0.199456 0.424526
0 0.221991 0.356709 0.229888 0.356709 0.229888 0.372944 0.221991 0.372944
0 0.230894 0.319170 0.239314 0.319170 0.239314 0.335111 0.230894 0.335111
0 0.148872 0.355485 0.164389 0.355485 0.164389 0.363979 0.148872 0.363979
0 0.266391 0.341193 0.274359 0.341193 0.274359 0.356988 0.266391 0.356988
0 0.254231 0.408733 0.262280 0.408733 0.262280 0.424807 0.254231 0.424807
0 0.168082 0.060845 0.175972 0.060845 0.175972 0.076993 0.168082 0.076993
1 0.360877 0.319730 0.371186 0.319730 0.371186 0.343496 0.360877 0.343496
0 0.030348 0.221167 0.038389 0.221167 0.038389 0.237452 0.030348 0.237452
1 0.360693 0.285898 0.370800 0.285898 0.370800 0.309464 0.360693 0.309464
0 0.030343 0.077726 0.038562 0.077726 0.038562 0.093771 0.030343 0.093771
0 0.070239 0.372462 0.079517 0.372462 0.079517 0.388914 0.070239 0.388914
1 0.318758 0.319672 0.328032 0.319672 0.328032 0.343538 0.318758 0.343538
1 0.318498 0.285610 0.327214 0.285610 0.327214 0.309386 0.318498 0.309386
0 0.218392 0.408601 0.226505 0.408601 0.226505 0.424626 0.218392 0.424626
0 0.184991 0.371055 0.201581 0.371055 0.201581 0.380320 0.184991 0.380320
1 0.564730 0.096794 0.577235 0.096794 0.577235 0.127750 0.564730 0.127750
1 0.119087 0.852213 0.180918 0.852213 0.180918 0.870076 0.119087 0.870076
1 0.191876 0.587278 0.196072 0.587278 0.196072 0.603222 0.191876 0.603222
1 0.090093 0.463405 0.107046 0.463405 0.107046 0.467609 0.090093 0.467609
1 0.257270 0.219541 0.261070 0.219541 0.261070 0.227899 0.257270 0.227899
1 0.108076 0.369216 0.116076 0.369216 0.116076 0.372555 0.108076 0.372555
1 0.243628 0.863617 0.259573 0.863617 0.259573 0.868116 0.243628 0.868116
1 0.164428 0.355146 0.168523 0.355146 0.168523 0.364212 0.164428 0.364212
1 0.090711 0.432835 0.106785 0.432835 0.106785 0.437277 0.090711 0.437277
1 0.161597 0.587172 0.165496 0.587172 0.165496 0.603178 0.161597 0.603178
1 0.139237 0.371046 0.143805 0.371046 0.143805 0.386916 0.139237 0.386916
1 0.114995 0.463659 0.131459 0.463659 0.131459 0.467637 0.114995 0.467637
1 0.202787 0.225149 0.206566 0.225149 0.206566 0.233250 0.202787 0.233250
1 0.277372 0.219436 0.280920 0.219436 0.280920 0.227542 0.277372 0.227542
1 0.063993 0.237701 0.072484 0.237701 0.072484 0.241504 0.063993 0.241504
1 0.231161 0.315731 0.239389 0.315731 0.239389 0.319082 0.231161 0.319082
1 0.098989 0.287817 0.102498 0.287817 0.102498 0.296222 0.098989 0.296222
1 0.249721 0.379048 0.258193 0.379048 0.258193 0.382971 0.249721 0.382971
1 0.425369 0.330742 0.428819 0.330742 0.428819 0.340150 0.425369 0.340150
1 0.254185 0.405091 0.262463 0.405091 0.262463 0.408678 0.254185 0.408678
1 0.221898 0.863417 0.237814 0.863417 0.237814 0.868116 0.221898 0.868116
1 0.182033 0.371141 0.184960 0.371141 0.184960 0.380273 0.182033 0.380273
1 0.199775 0.863800 0.216148 0.863800 0.216148 0.868101 0.199775 0.868101
1 0.166243 0.145663 0.174787 0.145663 0.174787 0.149575 0.166243 0.149575
1 0.405659 0.330997 0.408796 0.330997 0.408796 0.339901 0.405659 0.339901
1 0.161739 0.561928 0.165653 0.561928 0.165653 0.578369 0.161739 0.578369
1 0.222701 0.225109 0.226488 0.225109 0.226488 0.233367 0.222701 0.233367
1 0.192342 0.562745 0.196153 0.562745 0.196153 0.578691 0.192342 0.578691
1 0.063729 0.217540 0.072409 0.217540 0.072409 0.221080 0.063729 0.221080
1 0.249609 0.358936 0.258259 0.358936 0.258259 0.362493 0.249609 0.362493
1 0.029993 0.237668 0.038719 0.237668 0.038719 0.241402 0.029993 0.241402
1 0.067776 0.287718 0.071549 0.287718 0.071549 0.296068 0.067776 0.296068
1 0.194540 0.057258 0.197905 0.057258 0.197905 0.065591 0.194540 0.065591
1 0.030264 0.073513 0.038810 0.073513 0.038810 0.077598 0.030264 0.077598
1 0.064129 0.073783 0.072428 0.073783 0.072428 0.077682 0.064129 0.077682
1 0.020530 0.353792 0.023591 0.353792 0.023591 0.362858 0.020530 0.362858
1 0.199663 0.894177 0.216630 0.894177 0.216630 0.898288 0.199663 0.898288
1 0.029364 0.093992 0.038976 0.093992 0.038976 0.097242 0.029364 0.097242
1 0.417505 0.353103 0.420892 0.353103 0.420892 0.362103 0.417505 0.362103
1 0.218065 0.404843 0.226916 0.404843 0.226916 0.408486 0.218065 0.408486
1 0.165858 0.125073 0.174598 0.125073 0.174598 0.129164 0.165858 0.129164
1 0.217892 0.424820 0.227143 0.424820 0.227143 0.428440 0.217892 0.428440
1 0.212787 0.195488 0.216684 0.195488 0.216684 0.203800 0.212787 0.203800
1 0.114854 0.433585 0.131557 0.433585 0.131557 0.437316 0.114854 0.437316
1 0.169646 0.371333 0.173482 0.371333 0.173482 0.387112 0.169646 0.387112
1 0.243241 0.894154 0.259785 0.894154 0.259785 0.898135 0.243241 0.898135
1 0.034856 0.389468 0.044368 0.389468 0.044368 0.392519 0.034856 0.392519
1 0.029888 0.217234 0.038819 0.217234 0.038819 0.221029 0.029888 0.221029
1 0.145482 0.355570 0.148773 0.355570 0.148773 0.363898 0.145482 0.363898
1 0.221514 0.893798 0.238458 0.893798 0.238458 0.897814 0.221514 0.897814
1 0.063640 0.093825 0.073056 0.093825 0.073056 0.097230 0.063640 0.097230
1 0.167778 0.077257 0.176369 0.077257 0.176369 0.080882 0.167778 0.080882
1 0.437300 0.352438 0.440467 0.352438 0.440467 0.362401 0.437300 0.362401
1 0.253879 0.424988 0.262481 0.424988 0.262481 0.428829 0.253879 0.428829
1 0.070821 0.369113 0.079746 0.369113 0.079746 0.372312 0.070821 0.372312
1 0.048072 0.287135 0.051495 0.287135 0.051495 0.296228 0.048072 0.296228
1 0.183208 0.276953 0.193885 0.276953 0.193885 0.280624 0.183208 0.280624
1 0.201478 0.355336 0.205460 0.355336 0.205460 0.363642 0.201478 0.363642
1 0.235778 0.425285 0.244816 0.425285 0.244816 0.428815 0.235778 0.428815
1 0.199669 0.424860 0.209184 0.424860 0.209184 0.428244 0.199669 0.428244
1 0.322527 0.426949 0.326268 0.426949 0.326268 0.435918 0.322527 0.435918
1 0.214174 0.057236 0.217553 0.057236 0.217553 0.065322 0.214174 0.065322
1 0.181800 0.355119 0.185292 0.355119 0.185292 0.363829 0.181800 0.363829
1 0.235194 0.405379 0.244724 0.405379 0.244724 0.408834 0.235194 0.408834
1 0.221948 0.353179 0.229966 0.353179 0.229966 0.356617 0.221948 0.356617
1 0.000367 0.354315 0.003332 0.354315 0.003332 0.363188 0.000367 0.363188
1 0.302118 0.426574 0.305596 0.426574 0.305596 0.436016 0.302118 0.436016
1 0.167344 0.056778 0.176100 0.056778 0.176100 0.060779 0.167344 0.060779
1 0.230753 0.335388 0.239432 0.335388 0.239432 0.338511 0.230753 0.338511
1 0.266237 0.337632 0.274493 0.337632 0.274493 0.340982 0.266237 0.340982
1 0.184000 0.256562 0.192920 0.256562 0.192920 0.260021 0.184000 0.260021
1 0.213318 0.126342 0.217077 0.126342 0.217077 0.134584 0.213318 0.134584
1 0.079600 0.287847 0.082824 0.287847 0.082824 0.295920 0.079600 0.295920
1 0.193361 0.125808 0.197021 0.125808 0.197021 0.135226 0.193361 0.135226
1 0.266172 0.357239 0.274484 0.357239 0.274484 0.360728 0.266172 0.360728
0 0.518641 0.783634 0.620784 0.783634 0.620784 0.882879 0.518641 0.882879
1 0.193081 0.195562 0.196624 0.195562 0.196624 0.203785 0.193081 0.203785
0 0.183901 0.260120 0.193259 0.260120 0.193259 0.276845 0.183901 0.276845
1 0.199668 0.405059 0.209004 0.405059 0.209004 0.408363 0.199668 0.408363
1 0.035829 0.369041 0.045341 0.369041 0.045341 0.372092 0.035829 0.372092
1 0.070173 0.389540 0.079098 0.389540 0.079098 0.392739 0.070173 0.392739
1 0.108026 0.388672 0.116027 0.388672 0.116027 0.392011 0.108026 0.392011
0 0.068624 0.681050 0.236381 0.681050 0.236381 0.852203 0.068624 0.852203
0 0.465362 0.189712 0.630693 0.189712 0.630693 0.348349 0.465362 0.348349
1 0.202023 0.371686 0.206005 0.371686 0.206005 0.379992 0.202023 0.379992
1 0.221948 0.373344 0.229966 0.373344 0.229966 0.376782 0.221948 0.376782
1 0.177015 0.006027 0.186614 0.006027 0.186614 0.009543 0.177015 0.009543
1 0.008148 0.018583 0.012500 0.018583 0.012500 0.027177 0.008148 0.027177
