0 0.557709 0.712140 0.790167 0.712140 0.790167 0.945800 0.557709 0.945800
0 0.057072 0.377039 0.216735 0.377039 0.216735 0.536122 0.057072 0.536122
0 0.219980 0.823448 0.330584 0.823448 0.330584 0.934543 0.219980 0.934543
1 0.667128 0.262569 0.681455 0.262569 0.681455 0.270953 0.667128 0.270953
1 0.011519 0.463714 0.052947 0.463714 0.052947 0.471743 0.011519 0.471743
1 0.219048 0.463600 0.259839 0.463600 0.259839 0.471833 0.219048 0.471833
1 0.118213 0.537802 0.126202 0.537802 0.126202 0.579439 0.118213 0.579439
1 0.011120 0.396233 0.053187 0.396233 0.053187 0.403507 0.011120 0.403507
1 0.012069 0.450063 0.052639 0.450063 0.052639 0.458748 0.012069 0.458748
0 0.351010 0.068188 0.384560 0.068188 0.384560 0.088281 0.351010 0.088281
1 0.188727 0.894224 0.217543 0.894224 0.217543 0.899654 0.188727 0.899654
1 0.011285 0.437314 0.052859 0.437314 0.052859 0.445045 0.011285 0.445045
1 0.104942 0.537871 0.112669 0.537871 0.112669 0.579105 0.104942 0.579105
1 0.218506 0.450246 0.260117 0.450246 0.260117 0.458784 0.218506 0.458784
1 0.199260 0.329592 0.207541 0.329592 0.207541 0.370804 0.199260 0.370804
1 0.186554 0.538016 0.194019 0.538016 0.194019 0.579614 0.186554 0.579614
1 0.145526 0.329149 0.153089 0.329149 0.153089 0.370842 0.145526 0.370842
1 0.188731 0.901049 0.217725 0.901049 0.217725 0.906478 0.188731 0.906478
1 0.448308 0.072073 0.456788 0.072073 0.456788 0.086732 0.448308 0.086732
1 0.131875 0.537697 0.139256 0.537697 0.139256 0.579128 0.131875 0.579128
1 0.145772 0.537782 0.153051 0.537782 0.153051 0.579234 0.145772 0.579234
1 0.218567 0.396174 0.260124 0.396174 0.260124 0.403389 0.218567 0.403389
1 0.118085 0.329893 0.125958 0.329893 0.125958 0.371210 0.118085 0.371210
1 0.332747 0.894390 0.361678 0.894390 0.361678 0.899883 0.332747 0.899883
1 0.528610 0.732102 0.554822 0.732102 0.554822 0.737988 0.528610 0.737988
1 0.011814 0.409417 0.052698 0.409417 0.052698 0.417180 0.011814 0.417180
1 0.011259 0.423184 0.052725 0.423184 0.052725 0.430826 0.011259 0.430826
1 0.011183 0.491023 0.052898 0.491023 0.052898 0.498811 0.011183 0.498811
1 0.188675 0.887419 0.218230 0.887419 0.218230 0.893309 0.188675 0.893309
1 0.335108 0.067805 0.350745 0.067805 0.350745 0.091021 0.335108 0.091021
1 0.218991 0.437160 0.260104 0.437160 0.260104 0.444879 0.218991 0.444879
1 0.186486 0.330303 0.193763 0.330303 0.193763 0.371665 0.186486 0.371665
1 0.262390 0.938264 0.267196 0.938264 0.267196 0.965979 0.262390 0.965979
1 0.011275 0.505190 0.052905 0.505190 0.052905 0.512990 0.011275 0.512990
1 0.791450 0.826372 0.818744 0.826372 0.818744 0.832044 0.791450 0.832044
1 0.199821 0.537583 0.207246 0.537583 0.207246 0.579611 0.199821 0.579611
1 0.791821 0.920195 0.818523 0.920195 0.818523 0.925617 0.791821 0.925617
1 0.105022 0.330011 0.112073 0.330011 0.112073 0.371151 0.105022 0.371151
1 0.528148 0.885801 0.554765 0.885801 0.554765 0.891749 0.528148 0.891749
1 0.064091 0.329288 0.071616 0.329288 0.071616 0.370846 0.064091 0.370846
1 0.332882 0.887384 0.361817 0.887384 0.361817 0.893197 0.332882 0.893197
1 0.384840 0.067879 0.399723 0.067879 0.399723 0.090712 0.384840 0.090712
1 0.791930 0.732319 0.819310 0.732319 0.819310 0.737737 0.791930 0.737737
1 0.131869 0.329976 0.138871 0.329976 0.138871 0.370788 0.131869 0.370788
1 0.528200 0.860364 0.554783 0.860364 0.554783 0.866338 0.528200 0.866338
1 0.528370 0.920179 0.554538 0.920179 0.554538 0.926196 0.528370 0.926196
1 0.218456 0.382258 0.259912 0.382258 0.259912 0.390557 0.218456 0.390557
1 0.173045 0.537949 0.180590 0.537949 0.180590 0.579039 0.173045 0.579039
1 0.332418 0.826323 0.361809 0.826323 0.361809 0.831533 0.332418 0.831533
1 0.011599 0.477806 0.052821 0.477806 0.052821 0.485335 0.011599 0.485335
1 0.528304 0.894625 0.555034 0.894625 0.555034 0.900406 0.528304 0.900406
1 0.636877 0.947972 0.641732 0.947972 0.641732 0.973332 0.636877 0.973332
1 0.792090 0.757859 0.819078 0.757859 0.819078 0.763149 0.792090 0.763149
1 0.791587 0.894615 0.818721 0.894615 0.818721 0.899986 0.791587 0.899986
1 0.791604 0.843614 0.819008 0.843614 0.819008 0.849231 0.791604 0.849231
1 0.188686 0.907958 0.217725 0.907958 0.217725 0.913119 0.188686 0.913119
1 0.255703 0.938185 0.260569 0.938185 0.260569 0.966007 0.255703 0.966007
1 0.189166 0.826566 0.218127 0.826566 0.218127 0.831312 0.189166 0.831312
1 0.528361 0.826310 0.555433 0.826310 0.555433 0.832570 0.528361 0.832570
1 0.705083 0.947976 0.709974 0.947976 0.709974 0.973310 0.705083 0.973310
1 0.792060 0.800582 0.819330 0.800582 0.819330 0.805953 0.792060 0.805953
1 0.091413 0.537861 0.099037 0.537861 0.099037 0.578697 0.091413 0.578697
1 0.218491 0.504437 0.260112 0.504437 0.260112 0.512283 0.218491 0.512283
1 0.528321 0.852216 0.555095 0.852216 0.555095 0.857476 0.528321 0.857476
1 0.256106 0.793806 0.260767 0.793806 0.260767 0.820968 0.256106 0.820968
1 0.218750 0.423222 0.260188 0.423222 0.260188 0.430633 0.218750 0.430633
1 0.791793 0.783170 0.819230 0.783170 0.819230 0.788804 0.791793 0.788804
1 0.528895 0.757716 0.555227 0.757716 0.555227 0.763555 0.528895 0.763555
1 0.159841 0.537976 0.167071 0.537976 0.167071 0.578819 0.159841 0.578819
1 0.229316 0.793752 0.233807 0.793752 0.233807 0.821243 0.229316 0.821243
1 0.268805 0.937291 0.273908 0.937291 0.273908 0.966292 0.268805 0.966292
1 0.730000 0.947196 0.736209 0.947196 0.736209 0.974158 0.730000 0.974158
1 0.262867 0.794194 0.267434 0.794194 0.267434 0.820913 0.262867 0.820913
1 0.078369 0.537730 0.085362 0.537730 0.085362 0.578674 0.078369 0.578674
1 0.172795 0.329185 0.180614 0.329185 0.180614 0.371058 0.172795 0.371058
1 0.332756 0.901232 0.361597 0.901232 0.361597 0.906321 0.332756 0.906321
1 0.218675 0.409528 0.259925 0.409528 0.259925 0.416672 0.218675 0.416672
0 0.456942 0.072157 0.482710 0.072157 0.482710 0.086783 0.456942 0.086783
1 0.528404 0.869107 0.555006 0.869107 0.555006 0.874941 0.528404 0.874941
1 0.091198 0.328982 0.098974 0.328982 0.098974 0.370748 0.091198 0.370748
1 0.528960 0.791871 0.555411 0.791871 0.555411 0.797771 0.528960 0.797771
1 0.011274 0.518713 0.053120 0.518713 0.053120 0.526399 0.011274 0.526399
1 0.585757 0.947959 0.591059 0.947959 0.591059 0.973263 0.585757 0.973263
1 0.218491 0.490048 0.259934 0.490048 0.259934 0.498486 0.218491 0.498486
1 0.249440 0.793806 0.254159 0.793806 0.254159 0.821021 0.249440 0.821021
1 0.791422 0.852336 0.818213 0.852336 0.818213 0.857154 0.791422 0.857154
1 0.662229 0.947917 0.667206 0.947917 0.667206 0.973574 0.662229 0.973574
1 0.269519 0.794134 0.274123 0.794134 0.274123 0.820868 0.269519 0.820868
1 0.332830 0.908004 0.361501 0.908004 0.361501 0.912941 0.332830 0.912941
1 0.791440 0.869188 0.818723 0.869188 0.818723 0.874668 0.791440 0.874668
1 0.078149 0.328835 0.085309 0.328835 0.085309 0.370802 0.078149 0.370802
1 0.333080 0.880609 0.362003 0.880609 0.362003 0.885619 0.333080 0.885619
1 0.680034 0.683330 0.685158 0.683330 0.685158 0.709872 0.680034 0.709872
0 0.667236 0.271047 0.681301 0.271047 0.681301 0.296465 0.667236 0.296465
1 0.218729 0.518607 0.259836 0.518607 0.259836 0.526135 0.218729 0.526135
1 0.528553 0.800332 0.555346 0.800332 0.555346 0.806058 0.528553 0.806058
1 0.275675 0.937291 0.280672 0.937291 0.280672 0.966043 0.275675 0.966043
1 0.011536 0.382721 0.052937 0.382721 0.052937 0.390372 0.011536 0.390372
1 0.738377 0.947402 0.744196 0.947402 0.744196 0.974443 0.738377 0.974443
1 0.713476 0.948012 0.718471 0.948012 0.718471 0.973783 0.713476 0.973783
1 0.791875 0.911492 0.818715 0.911492 0.818715 0.916916 0.791875 0.916916
1 0.159680 0.329247 0.167028 0.329247 0.167028 0.371077 0.159680 0.371077
1 0.611159 0.947688 0.616279 0.947688 0.616279 0.973403 0.611159 0.973403
1 0.792027 0.774626 0.819399 0.774626 0.819399 0.780180 0.792027 0.780180
1 0.791195 0.885969 0.818982 0.885969 0.818982 0.891370 0.791195 0.891370
1 0.568380 0.947936 0.574591 0.947936 0.574591 0.974101 0.568380 0.974101
1 0.791414 0.817230 0.818939 0.817230 0.818939 0.822840 0.791414 0.822840
1 0.619773 0.947859 0.625478 0.947859 0.625478 0.974615 0.619773 0.974615
1 0.528463 0.911590 0.554876 0.911590 0.554876 0.917005 0.528463 0.917005
1 0.645451 0.948083 0.650287 0.948083 0.650287 0.973684 0.645451 0.973684
1 0.528270 0.843337 0.555310 0.843337 0.555310 0.849438 0.528270 0.849438
1 0.528140 0.835077 0.555176 0.835077 0.555176 0.841242 0.528140 0.841242
1 0.188698 0.880541 0.217506 0.880541 0.217506 0.885752 0.188698 0.885752
1 0.654390 0.683564 0.659935 0.683564 0.659935 0.710252 0.654390 0.710252
1 0.303592 0.936911 0.307816 0.936911 0.307816 0.966193 0.303592 0.966193
1 0.790952 0.860605 0.819011 0.860605 0.819011 0.866153 0.790952 0.866153
1 0.218695 0.476883 0.260528 0.476883 0.260528 0.485242 0.218695 0.485242
1 0.755549 0.947631 0.761320 0.947631 0.761320 0.974116 0.755549 0.974116
1 0.528473 0.817346 0.555408 0.817346 0.555408 0.823634 0.528473 0.823634
1 0.289549 0.937927 0.294168 0.937927 0.294168 0.966058 0.289549 0.966058
1 0.064733 0.537302 0.071752 0.537302 0.071752 0.578944 0.064733 0.578944
1 0.283476 0.793959 0.287760 0.793959 0.287760 0.820108 0.283476 0.820108
1 0.482931 0.071794 0.491035 0.071794 0.491035 0.086655 0.482931 0.086655
1 0.189053 0.867075 0.217762 0.867075 0.217762 0.872726 0.189053 0.872726
1 0.188693 0.839813 0.217616 0.839813 0.217616 0.845104 0.188693 0.845104
1 0.679323 0.947939 0.684750 0.947939 0.684750 0.973282 0.679323 0.973282
1 0.791229 0.723739 0.819111 0.723739 0.819111 0.729273 0.791229 0.729273
1 0.282594 0.937291 0.287419 0.937291 0.287419 0.965998 0.282594 0.965998
1 0.228467 0.936078 0.233032 0.936078 0.233032 0.966243 0.228467 0.966243
1 0.528329 0.877711 0.555022 0.877711 0.555022 0.882737 0.528329 0.882737
1 0.316514 0.936330 0.321899 0.936330 0.321899 0.965899 0.316514 0.965899
1 0.593883 0.947352 0.599863 0.947352 0.599863 0.973759 0.593883 0.973759
1 0.528439 0.749273 0.555078 0.749273 0.555078 0.754874 0.528439 0.754874
1 0.528610 0.775059 0.555394 0.775059 0.555394 0.780750 0.528610 0.780750
1 0.528667 0.783217 0.555461 0.783217 0.555461 0.789023 0.528667 0.789023
1 0.791897 0.749057 0.819170 0.749057 0.819170 0.754492 0.791897 0.754492
1 0.791904 0.808620 0.819232 0.808620 0.819232 0.814569 0.791904 0.814569
1 0.528382 0.723658 0.555559 0.723658 0.555559 0.729576 0.528382 0.729576
1 0.577165 0.948038 0.582806 0.948038 0.582806 0.973816 0.577165 0.973816
1 0.528724 0.766274 0.555400 0.766274 0.555400 0.772438 0.528724 0.772438
1 0.629116 0.683733 0.633978 0.683733 0.633978 0.709967 0.629116 0.709967
1 0.705237 0.683221 0.710582 0.683221 0.710582 0.709668 0.705237 0.709668
1 0.791711 0.791932 0.819431 0.791932 0.819431 0.797469 0.791711 0.797469
1 0.276857 0.793929 0.281259 0.793929 0.281259 0.821223 0.276857 0.821223
1 0.188963 0.833222 0.217835 0.833222 0.217835 0.838281 0.188963 0.838281
1 0.332875 0.833070 0.361584 0.833070 0.361584 0.838228 0.332875 0.838228
1 0.332817 0.914804 0.361375 0.914804 0.361375 0.920145 0.332817 0.920145
1 0.671005 0.948093 0.676025 0.948093 0.676025 0.973627 0.671005 0.973627
1 0.303981 0.793806 0.308765 0.793806 0.308765 0.820897 0.303981 0.820897
1 0.739457 0.684163 0.744651 0.684163 0.744651 0.709839 0.739457 0.709839
1 0.791876 0.740821 0.819231 0.740821 0.819231 0.746895 0.791876 0.746895
1 0.713921 0.684055 0.718753 0.684055 0.718753 0.709615 0.713921 0.709615
1 0.249112 0.937778 0.253899 0.937778 0.253899 0.965661 0.249112 0.965661
1 0.654158 0.947887 0.659773 0.947887 0.659773 0.973228 0.654158 0.973228
1 0.791133 0.877595 0.818216 0.877595 0.818216 0.882743 0.791133 0.882743
1 0.687836 0.947936 0.692933 0.947936 0.692933 0.973736 0.687836 0.973736
1 0.332896 0.839818 0.361377 0.839818 0.361377 0.845348 0.332896 0.845348
1 0.620354 0.684093 0.625592 0.684093 0.625592 0.709910 0.620354 0.709910
1 0.791964 0.766595 0.819151 0.766595 0.819151 0.772766 0.791964 0.772766
1 0.242565 0.793680 0.247617 0.793680 0.247617 0.821123 0.242565 0.821123
1 0.188886 0.853286 0.217944 0.853286 0.217944 0.859262 0.188886 0.859262
1 0.332060 0.853132 0.361061 0.853132 0.361061 0.858682 0.332060 0.858682
1 0.645860 0.684213 0.651051 0.684213 0.651051 0.710154 0.645860 0.710154
1 0.730692 0.684007 0.735583 0.684007 0.735583 0.709707 0.730692 0.709707
1 0.528888 0.808638 0.555668 0.808638 0.555668 0.814837 0.528888 0.814837
1 0.688316 0.684144 0.693356 0.684144 0.693356 0.709700 0.688316 0.709700
1 0.594862 0.683924 0.599844 0.683924 0.599844 0.709925 0.594862 0.709925
1 0.289823 0.793997 0.294404 0.793997 0.294404 0.820092 0.289823 0.820092
1 0.331958 0.928066 0.360601 0.928066 0.360601 0.933961 0.331958 0.933961
1 0.241405 0.936739 0.247018 0.936739 0.247018 0.966292 0.241405 0.966292
1 0.602202 0.947460 0.608548 0.947460 0.608548 0.973757 0.602202 0.973757
1 0.791312 0.903176 0.818954 0.903176 0.818954 0.909198 0.791312 0.909198
1 0.791233 0.928587 0.818922 0.928587 0.818922 0.934470 0.791233 0.934470
1 0.586285 0.684302 0.591009 0.684302 0.591009 0.710030 0.586285 0.710030
1 0.765604 0.683843 0.770560 0.683843 0.770560 0.709703 0.765604 0.709703
1 0.578194 0.683529 0.582696 0.683529 0.582696 0.709868 0.578194 0.709868
1 0.611676 0.684318 0.616326 0.684318 0.616326 0.710033 0.611676 0.710033
1 0.188551 0.914831 0.217543 0.914831 0.217543 0.919942 0.188551 0.919942
1 0.332080 0.867084 0.361086 0.867084 0.361086 0.872960 0.332080 0.872960
1 0.748128 0.684214 0.753436 0.684214 0.753436 0.709658 0.748128 0.709658
1 0.637008 0.684055 0.641831 0.684055 0.641831 0.710052 0.637008 0.710052
0 0.469656 0.005208 0.465419 0.018852 0.489829 0.027480 0.494493 0.013254
1 0.494726 0.013254 0.490101 0.027092 0.497836 0.029618 0.502345 0.015936
1 0.461998 0.002565 0.457373 0.016403 0.465108 0.018929 0.469617 0.005247
0 0.461066 0.038400 0.459139 0.052499 0.484491 0.056528 0.486111 0.042166
1 0.486270 0.042059 0.484580 0.056685 0.492495 0.057992 0.494442 0.043212
1 0.452485 0.036885 0.450102 0.050948 0.458914 0.052382 0.460835 0.038243
0 0.458632 0.106532 0.460425 0.120620 0.486296 0.116522 0.484068 0.102510
1 0.484068 0.101844 0.486527 0.116778 0.494826 0.114882 0.492469 0.100307
0 0.465574 0.139395 0.469877 0.153099 0.494621 0.144851 0.490215 0.131967
1 0.490138 0.131557 0.494851 0.145415 0.502459 0.142597 0.497848 0.128689
1 0.465343 0.139216 0.469826 0.153330 0.461732 0.155866 0.457300 0.142034
0 0.476895 0.171286 0.484144 0.184529 0.506865 0.172797 0.500205 0.159759
1 0.500179 0.159503 0.507198 0.172874 0.514472 0.168801 0.507915 0.155840
1 0.476844 0.171568 0.469672 0.175205 0.476050 0.188217 0.483914 0.184477
0 0.515164 0.186014 0.523950 0.197336 0.503253 0.212756 0.494647 0.201281
1 0.515164 0.185579 0.524488 0.197695 0.530353 0.192802 0.521721 0.181224
1 0.494185 0.200845 0.503202 0.212987 0.496030 0.218110 0.486988 0.205840
0 0.533914 0.209375 0.544165 0.219800 0.526123 0.237578 0.516015 0.227899
1 0.534068 0.209196 0.539447 0.203509 0.549898 0.213934 0.544442 0.219595
1 0.515651 0.227587 0.526434 0.237859 0.519723 0.244160 0.509273 0.233350
0 0.555962 0.230133 0.540853 0.250842 0.552011 0.259438 0.568161 0.238556
1 0.555661 0.229662 0.567905 0.238268 0.572515 0.231788 0.560784 0.223130
1 0.540343 0.250692 0.535451 0.257326 0.547106 0.266086 0.552357 0.259836
0 0.581045 0.246235 0.569257 0.269279 0.582613 0.276177 0.594088 0.252976
1 0.584446 0.239178 0.580872 0.245937 0.594495 0.252853 0.597784 0.245652
1 0.569006 0.269288 0.582711 0.276473 0.578333 0.283777 0.565151 0.276862
0 0.637452 0.266583 0.632955 0.291741 0.647572 0.294166 0.651578 0.268902
1 0.638320 0.259016 0.636783 0.266342 0.652100 0.268776 0.652997 0.261270
1 0.632864 0.291803 0.631634 0.300948 0.646235 0.303509 0.647567 0.294390
1 0.666880 0.296670 0.681583 0.296670 0.681583 0.305174 0.666880 0.305174
0 0.727814 0.264058 0.739483 0.260066 0.747607 0.283053 0.736101 0.287197
1 0.733787 0.288274 0.748021 0.283108 0.750684 0.291852 0.737016 0.296211
0 0.756625 0.252666 0.767232 0.247591 0.778290 0.268820 0.767528 0.274229
1 0.765375 0.275466 0.778667 0.268713 0.783160 0.276973 0.770192 0.283780
1 0.750660 0.245691 0.763656 0.238992 0.767692 0.247037 0.754050 0.253467
0 0.782084 0.238067 0.792039 0.231071 0.806273 0.250901 0.796802 0.257816
1 0.775896 0.231448 0.787546 0.223241 0.793084 0.230277 0.780577 0.238901
1 0.795005 0.259093 0.807275 0.250359 0.812679 0.257761 0.801025 0.266393
0 0.814306 0.211716 0.805590 0.219617 0.823210 0.236422 0.831675 0.228333
1 0.798442 0.213911 0.804649 0.220495 0.815466 0.210180 0.808725 0.203471
1 0.832678 0.227518 0.822175 0.237739 0.828540 0.244041 0.838604 0.233726
0 0.832647 0.187105 0.825593 0.196824 0.845627 0.211591 0.852618 0.201558
1 0.853653 0.200712 0.844968 0.212908 0.852618 0.217861 0.860958 0.206104
1 0.826376 0.180772 0.833493 0.185757 0.824433 0.197827 0.817410 0.192247
0 0.847720 0.161680 0.842444 0.172618 0.864344 0.183249 0.869737 0.172840
1 0.840485 0.155784 0.833870 0.168827 0.841983 0.172925 0.848438 0.159810
1 0.870748 0.171311 0.863678 0.184785 0.871875 0.188371 0.878714 0.175231
0 0.858607 0.132992 0.881327 0.140804 0.878023 0.151972 0.854764 0.144032
1 0.882121 0.139088 0.877561 0.153740 0.886783 0.156788 0.890830 0.141803
1 0.850461 0.129124 0.859016 0.131609 0.853919 0.145697 0.845389 0.142777
0 0.864524 0.103740 0.888653 0.107941 0.886962 0.120466 0.862526 0.115932
1 0.889216 0.105968 0.887090 0.120492 0.896055 0.121773 0.897976 0.107249
1 0.855635 0.100589 0.853689 0.115343 0.862295 0.116445 0.864754 0.101895
0 0.865857 0.073970 0.890560 0.073970 0.890560 0.086387 0.865857 0.086387
1 0.890820 0.071973 0.899894 0.071973 0.899894 0.086734 0.890820 0.086734
1 0.857434 0.071973 0.865596 0.071973 0.865596 0.086864 0.857434 0.086864
0 0.863252 0.043903 0.865512 0.056423 0.889620 0.052083 0.887468 0.039634
1 0.853674 0.043401 0.862714 0.041751 0.865441 0.056926 0.855970 0.058181
1 0.887468 0.038055 0.889979 0.052585 0.898195 0.051150 0.895683 0.036872
0 0.854829 0.014275 0.878056 0.006590 0.881616 0.018139 0.858650 0.026040
1 0.877883 0.005462 0.882311 0.019875 0.890777 0.016663 0.886609 0.002553
1 0.854308 0.013059 0.858824 0.027169 0.850748 0.029600 0.845929 0.015968
0 0.662866 0.369584 0.684483 0.369584 0.684483 0.402653 0.662866 0.402653
1 0.662808 0.353673 0.685500 0.353673 0.685500 0.369313 0.662808 0.369313
1 0.662588 0.402736 0.685660 0.402736 0.685660 0.418243 0.662588 0.418243
0 0.709315 0.367945 0.729060 0.364690 0.734823 0.396655 0.714225 0.400497
1 0.705686 0.351936 0.728740 0.348147 0.730768 0.364263 0.707981 0.367945
1 0.713264 0.400818 0.735997 0.396602 0.738505 0.412131 0.715879 0.415706
0 0.754248 0.358927 0.763907 0.389931 0.783972 0.383794 0.773672 0.353003
1 0.747684 0.343665 0.769830 0.336674 0.775060 0.352310 0.752754 0.359140
1 0.762999 0.390412 0.784772 0.383901 0.789735 0.397936 0.767962 0.404873
0 0.797366 0.342544 0.814549 0.333952 0.829811 0.362022 0.812308 0.371040
1 0.788508 0.329096 0.809213 0.318477 0.816257 0.332885 0.795445 0.343024
1 0.810120 0.372374 0.830825 0.361595 0.838403 0.376270 0.817911 0.386623
0 0.853398 0.308978 0.836802 0.321252 0.855533 0.346333 0.872236 0.334059
1 0.826022 0.308017 0.844486 0.294410 0.854039 0.308178 0.835895 0.321732
1 0.854199 0.347614 0.873410 0.333419 0.882642 0.346920 0.863804 0.360314
0 0.886377 0.276052 0.909537 0.299372 0.894542 0.314795 0.870742 0.290994
1 0.875971 0.265113 0.886751 0.275145 0.869994 0.291581 0.860336 0.281762
1 0.893688 0.315915 0.910210 0.298879 0.921491 0.310686 0.905375 0.326908
0 0.915490 0.241411 0.940789 0.260322 0.928835 0.277525 0.902841 0.258108
1 0.941543 0.259550 0.928646 0.277968 0.941168 0.287518 0.954513 0.269303
1 0.902782 0.230972 0.916047 0.240353 0.901902 0.259152 0.889077 0.249514
0 0.938514 0.202331 0.928370 0.220591 0.956470 0.234895 0.966209 0.216838
1 0.923450 0.193759 0.938920 0.201012 0.927305 0.221859 0.913052 0.214302
1 0.967071 0.215925 0.956166 0.235909 0.970571 0.243518 0.980969 0.223026
0 0.953680 0.159420 0.984165 0.169818 0.977571 0.189042 0.946782 0.178289
1 0.938717 0.152826 0.953782 0.158355 0.945818 0.180216 0.930906 0.174890
0 0.617932 0.363092 0.613489 0.397071 0.634085 0.399684 0.639104 0.366490
1 0.617253 0.362883 0.640463 0.366490 0.642763 0.351800 0.620023 0.348350
1 0.611712 0.396861 0.634870 0.399841 0.632674 0.415628 0.609778 0.411969
0 0.573386 0.351537 0.564194 0.383688 0.584581 0.389491 0.593834 0.357498
1 0.578451 0.336628 0.573359 0.351270 0.596223 0.357753 0.600207 0.343617
1 0.563095 0.383675 0.585595 0.389880 0.580393 0.405072 0.558370 0.397927
0 0.533464 0.333788 0.518533 0.363185 0.537843 0.372542 0.552443 0.342481
1 0.539436 0.318525 0.559808 0.328811 0.552907 0.342216 0.531738 0.332660
1 0.516429 0.362433 0.537905 0.372751 0.530662 0.386397 0.509885 0.375995
0 0.495731 0.307751 0.512773 0.319794 0.493440 0.346763 0.475565 0.334580
1 0.494238 0.306605 0.513640 0.320107 0.522040 0.308098 0.503610 0.294527
1 0.474593 0.334268 0.493857 0.347283 0.484277 0.360230 0.465465 0.346763
0 0.438284 0.299350 0.461302 0.275860 0.476411 0.290674 0.452685 0.314164
1 0.461373 0.275538 0.471689 0.265296 0.487979 0.281349 0.478253 0.292264
1 0.437594 0.298874 0.454495 0.316232 0.442689 0.327019 0.426315 0.310785
0 0.406303 0.261027 0.432843 0.241300 0.446008 0.258082 0.419005 0.278145
1 0.432380 0.240501 0.445209 0.231332 0.458963 0.249754 0.446933 0.258924
1 0.405379 0.260067 0.419416 0.278868 0.407144 0.287903 0.393348 0.269397
0 0.380862 0.217183 0.410572 0.201920 0.420579 0.220739 0.391305 0.236123
1 0.410072 0.200833 0.424279 0.193712 0.434961 0.214176 0.420961 0.221124
1 0.379825 0.216388 0.391509 0.236818 0.377855 0.243386 0.366827 0.222922
0 0.353229 0.119285 0.356091 0.140187 0.389194 0.135041 0.385840 0.114457
1 0.385840 0.112751 0.389541 0.136227 0.404719 0.133162 0.401394 0.110699
1 0.337589 0.120991 0.352940 0.118273 0.356005 0.141373 0.341260 0.143570
0 0.357017 0.018284 0.354234 0.039217 0.387578 0.043413 0.389433 0.022214
1 0.389698 0.022479 0.387666 0.045532 0.401357 0.048050 0.405066 0.024952
1 0.341206 0.015016 0.356928 0.017135 0.353925 0.040807 0.337761 0.037583
0 0.363509 0.168351 0.394644 0.157928 0.401710 0.178155 0.369559 0.188313
1 0.394967 0.158143 0.409439 0.153335 0.417035 0.174799 0.402492 0.179996
1 0.348042 0.173043 0.363453 0.168347 0.369984 0.190290 0.355266 0.194985
0 0.607772 0.258816 0.600431 0.283199 0.613983 0.287510 0.622196 0.262717
1 0.610745 0.251105 0.608253 0.258635 0.621988 0.262639 0.624666 0.255665
1 0.599768 0.283136 0.597540 0.291542 0.611620 0.296501 0.613768 0.287618
1 0.222358 0.793638 0.226676 0.793638 0.226676 0.822439 0.222358 0.822439
1 0.235899 0.793638 0.240636 0.793638 0.240636 0.822020 0.235899 0.822020
1 0.296938 0.793387 0.301969 0.793387 0.301969 0.822146 0.296938 0.822146
1 0.310647 0.793051 0.316055 0.793051 0.316055 0.821391 0.310647 0.821391
1 0.317480 0.793596 0.322260 0.793596 0.322260 0.821978 0.317480 0.821978
1 0.324230 0.793303 0.329303 0.793303 0.329303 0.822523 0.324230 0.822523
1 0.188438 0.846564 0.217887 0.846564 0.217887 0.852201 0.188438 0.852201
1 0.188813 0.860036 0.217871 0.860036 0.217871 0.866012 0.188813 0.866012
1 0.188871 0.873570 0.217579 0.873570 0.217579 0.879221 0.188871 0.879221
1 0.188588 0.921472 0.217579 0.921472 0.217579 0.926583 0.188588 0.926583
1 0.188807 0.928332 0.218163 0.928332 0.218163 0.933187 0.188807 0.933187
1 0.332700 0.846492 0.361181 0.846492 0.361181 0.852021 0.332700 0.852021
1 0.332551 0.860002 0.361552 0.860002 0.361552 0.865552 0.332551 0.865552
1 0.332423 0.873659 0.361430 0.873659 0.361430 0.879536 0.332423 0.879536
1 0.332522 0.921527 0.361081 0.921527 0.361081 0.926867 0.332522 0.926867
1 0.323531 0.936281 0.328573 0.936281 0.328573 0.966144 0.323531 0.966144
1 0.309743 0.936231 0.315127 0.936231 0.315127 0.965801 0.309743 0.965801
1 0.296480 0.936997 0.301388 0.936997 0.301388 0.966341 0.296480 0.966341
1 0.234535 0.936788 0.240148 0.936788 0.240148 0.966341 0.234535 0.966341
1 0.222088 0.936323 0.226653 0.936323 0.226653 0.966488 0.222088 0.966488
1 0.791381 0.834779 0.818785 0.834779 0.818785 0.840396 0.791381 0.840396
1 0.569351 0.683529 0.574591 0.683529 0.574591 0.710366 0.569351 0.710366
1 0.603019 0.683639 0.608592 0.683639 0.608592 0.709967 0.603019 0.709967
1 0.662719 0.683564 0.668264 0.683564 0.668264 0.710252 0.662719 0.710252
1 0.670934 0.683507 0.676479 0.683507 0.676479 0.710195 0.670934 0.710195
1 0.696645 0.683858 0.701686 0.683858 0.701686 0.709415 0.696645 0.709415
1 0.722878 0.683827 0.727709 0.683827 0.727709 0.709387 0.722878 0.709387
1 0.756762 0.683558 0.761717 0.683558 0.761717 0.709417 0.756762 0.709417
1 0.773462 0.683610 0.778546 0.683610 0.778546 0.709988 0.773462 0.709988
1 0.747562 0.947460 0.752649 0.947460 0.752649 0.974045 0.747562 0.974045
1 0.722033 0.947156 0.727310 0.947156 0.727310 0.974272 0.722033 0.974272
1 0.696735 0.947536 0.701752 0.947536 0.701752 0.974158 0.696735 0.974158
1 0.628510 0.947548 0.633579 0.947548 0.633579 0.974158 0.628510 0.974158
1 0.528370 0.928451 0.554538 0.928451 0.554538 0.934469 0.528370 0.934469
1 0.527961 0.902955 0.554692 0.902955 0.554692 0.908735 0.527961 0.908735
1 0.528610 0.740887 0.555249 0.740887 0.555249 0.746487 0.528610 0.746487
1 0.547352 0.494026 0.555752 0.494026 0.555752 0.507871 0.547352 0.507871
1 0.560569 0.493978 0.569436 0.493978 0.569436 0.507698 0.560569 0.507698
0 0.544852 0.507963 0.600074 0.507963 0.600074 0.534615 0.544852 0.534615
1 0.547044 0.534621 0.555789 0.534621 0.555789 0.548273 0.547044 0.548273
1 0.560395 0.534618 0.569326 0.534618 0.569326 0.548200 0.560395 0.548200
1 0.574298 0.534672 0.583119 0.534672 0.583119 0.548200 0.574298 0.548200
1 0.587795 0.534742 0.596583 0.534742 0.596583 0.548017 0.587795 0.548017
1 0.574398 0.493978 0.583163 0.493978 0.583163 0.507652 0.574398 0.507652
1 0.588089 0.493548 0.596788 0.493548 0.596788 0.507819 0.588089 0.507819
1 0.615389 0.494312 0.623789 0.494312 0.623789 0.508156 0.615389 0.508156
1 0.628825 0.493833 0.637523 0.493833 0.637523 0.508105 0.628825 0.508105
1 0.642472 0.494166 0.650872 0.494166 0.650872 0.508010 0.642472 0.508010
1 0.656090 0.493906 0.664789 0.493906 0.664789 0.508177 0.656090 0.508177
0 0.612561 0.508321 0.667783 0.508321 0.667783 0.534973 0.612561 0.534973
1 0.615191 0.535089 0.623765 0.535089 0.623765 0.548304 0.615191 0.548304
1 0.628761 0.534903 0.637253 0.534903 0.637253 0.548172 0.628761 0.548172
1 0.642189 0.535030 0.650764 0.535030 0.650764 0.548245 0.642189 0.548245
1 0.655979 0.535027 0.664470 0.535027 0.664470 0.548297 0.655979 0.548297
0 0.680628 0.508053 0.735850 0.508053 0.735850 0.534704 0.680628 0.534704
1 0.683437 0.493838 0.691837 0.493838 0.691837 0.507683 0.683437 0.507683
1 0.696939 0.493696 0.705637 0.493696 0.705637 0.507967 0.696939 0.507967
1 0.710598 0.493897 0.718998 0.493897 0.718998 0.507741 0.710598 0.507741
1 0.724147 0.493510 0.732846 0.493510 0.732846 0.507781 0.724147 0.507781
1 0.724399 0.534810 0.732891 0.534810 0.732891 0.548079 0.724399 0.548079
1 0.710868 0.534839 0.719443 0.534839 0.719443 0.548054 0.710868 0.548054
1 0.696889 0.534835 0.705380 0.534835 0.705380 0.548105 0.696889 0.548105
1 0.683281 0.534839 0.691856 0.534839 0.691856 0.548054 0.683281 0.548054
0 0.749188 0.508148 0.803747 0.508148 0.803747 0.534521 0.749188 0.534521
1 0.751469 0.493992 0.759869 0.493992 0.759869 0.507837 0.751469 0.507837
1 0.764795 0.493733 0.773494 0.493733 0.773494 0.508004 0.764795 0.508004
1 0.779099 0.493992 0.787499 0.493992 0.787499 0.507837 0.779099 0.507837
1 0.792425 0.493733 0.801124 0.493733 0.801124 0.508004 0.792425 0.508004
1 0.791985 0.534854 0.800477 0.534854 0.800477 0.548123 0.791985 0.548123
1 0.778634 0.534857 0.787209 0.534857 0.787209 0.548072 0.778634 0.548072
1 0.764731 0.534803 0.773223 0.534803 0.773223 0.548072 0.764731 0.548072
1 0.751380 0.534806 0.759955 0.534806 0.759955 0.548021 0.751380 0.548021
0 0.816960 0.507779 0.872699 0.507779 0.872699 0.534566 0.816960 0.534566
1 0.819125 0.493844 0.828144 0.493844 0.828144 0.507779 0.819125 0.507779
1 0.832879 0.493923 0.841752 0.493923 0.841752 0.507659 0.832879 0.507659
1 0.846774 0.493596 0.855477 0.493596 0.855477 0.507621 0.846774 0.507621
1 0.860334 0.493743 0.869264 0.493743 0.869264 0.507497 0.860334 0.507497
1 0.860204 0.534684 0.868696 0.534684 0.868696 0.547953 0.860204 0.547953
1 0.847033 0.534732 0.855608 0.534732 0.855608 0.547947 0.847033 0.547947
1 0.833221 0.534722 0.841713 0.534722 0.841713 0.547992 0.833221 0.547992
1 0.819554 0.534681 0.828129 0.534681 0.828129 0.547896 0.819554 0.547896
1 0.984935 0.168142 1.000000 0.173671 0.992037 0.195532 0.977124 0.190206
1 0.943430 0.025054 0.947185 0.047853 0.962340 0.045573 0.958450 0.022908
0 0.959792 0.022640 0.963412 0.045305 0.994794 0.039538 0.991173 0.018617
1 0.948795 0.067567 0.948795 0.090365 0.965558 0.090231 0.965558 0.067835
0 0.996806 0.067433 0.997074 0.090365 0.965692 0.090365 0.965692 0.067567
0 0.963095 0.114818 0.959407 0.136446 0.991899 0.141031 0.995587 0.119403
1 0.946749 0.111429 0.943161 0.133556 0.959307 0.136147 0.963194 0.113522
0 0.477111 0.508898 0.532147 0.508898 0.532147 0.534616 0.477111 0.534616
1 0.479285 0.494317 0.487402 0.494317 0.487402 0.508387 0.479285 0.508387
1 0.492994 0.494136 0.501111 0.494136 0.501111 0.508206 0.492994 0.508206
1 0.506222 0.494257 0.514339 0.494257 0.514339 0.508327 0.506222 0.508327
1 0.520292 0.494257 0.528410 0.494257 0.528410 0.508327 0.520292 0.508327
1 0.479104 0.535204 0.487221 0.535204 0.487221 0.549274 0.479104 0.549274
1 0.493114 0.535144 0.501231 0.535144 0.501231 0.549214 0.493114 0.549214
1 0.520052 0.535204 0.528169 0.535204 0.528169 0.549274 0.520052 0.549274
1 0.506042 0.535264 0.514159 0.535264 0.514159 0.549334 0.506042 0.549334
