1 0.345067 0.243989 0.343160 0.249847 0.367957 0.259112 0.370273 0.252436
1 0.341661 0.251755 0.339481 0.257750 0.364959 0.267560 0.367276 0.260884
1 0.335802 0.268377 0.333895 0.274236 0.358692 0.283501 0.361008 0.276825
1 0.338800 0.259930 0.336892 0.265788 0.361689 0.275053 0.364006 0.268377
1 0.332895 0.275802 0.330749 0.281894 0.355831 0.292357 0.358147 0.285681
1 0.330265 0.284178 0.328049 0.290340 0.353041 0.300170 0.355464 0.293455
1 0.327565 0.291655 0.324657 0.298647 0.349563 0.308298 0.351879 0.301622
1 0.324400 0.299686 0.321977 0.305501 0.347246 0.316301 0.349115 0.309793
1 0.321660 0.307367 0.319091 0.313791 0.344231 0.323916 0.346547 0.317240
1 0.318047 0.315397 0.315718 0.321660 0.341233 0.332364 0.343549 0.325688
1 0.314835 0.323587 0.312747 0.329690 0.337963 0.339858 0.340279 0.333181
1 0.311864 0.331135 0.309054 0.337720 0.335712 0.348239 0.337720 0.341333
1 0.309535 0.339567 0.306805 0.345428 0.332105 0.357161 0.334588 0.349925
1 0.306414 0.347386 0.303764 0.353247 0.329084 0.364282 0.331507 0.357567
1 0.303995 0.355546 0.301586 0.361889 0.326558 0.372729 0.328726 0.366466
1 0.300542 0.363415 0.298251 0.370305 0.323668 0.380036 0.326157 0.374094
1 0.297678 0.371753 0.295947 0.377465 0.320925 0.387816 0.323241 0.381140
1 0.294217 0.379368 0.292486 0.385080 0.317927 0.396263 0.320244 0.389587
1 0.289151 0.395551 0.286606 0.401626 0.311660 0.412204 0.313976 0.405528
1 0.291768 0.388633 0.289860 0.394492 0.314657 0.403757 0.316974 0.397081
1 0.285949 0.403679 0.283404 0.409836 0.309265 0.420098 0.311400 0.413941
1 0.283158 0.411806 0.280695 0.417882 0.306146 0.428062 0.308362 0.421658
1 0.280861 0.419455 0.277953 0.426448 0.302860 0.436098 0.305176 0.429422
1 0.277697 0.427568 0.275274 0.433383 0.300542 0.444183 0.302412 0.437676
1 0.274710 0.435825 0.272141 0.442248 0.297281 0.452374 0.299597 0.445697
1 0.271425 0.443854 0.269097 0.450117 0.294612 0.460821 0.296928 0.454145
1 0.268213 0.451470 0.266126 0.457572 0.291342 0.467740 0.293658 0.461064
1 0.264832 0.459839 0.262022 0.466423 0.288680 0.476942 0.290688 0.470036
1 0.262503 0.467736 0.259773 0.473598 0.285073 0.485331 0.287427 0.477116
1 0.259777 0.475960 0.257127 0.481822 0.282447 0.492857 0.284870 0.486142
1 0.257051 0.483478 0.254583 0.489616 0.280025 0.500173 0.282009 0.493495
1 0.253198 0.491000 0.250948 0.497923 0.276390 0.508827 0.279332 0.502250
1 0.251184 0.500689 0.249277 0.506548 0.274074 0.515813 0.276390 0.509136
1 0.247778 0.508455 0.245598 0.514450 0.271077 0.524260 0.273393 0.517584
1 0.244917 0.516630 0.243009 0.522489 0.267807 0.531754 0.270123 0.525077
1 0.242186 0.524010 0.240279 0.529869 0.265076 0.539134 0.267392 0.532458
1 0.239279 0.531568 0.237133 0.537660 0.262215 0.548123 0.264531 0.541447
1 0.236382 0.539945 0.234167 0.546106 0.259158 0.555937 0.261581 0.549221
1 0.234374 0.547048 0.231467 0.554040 0.257053 0.563684 0.259449 0.557134
1 0.230518 0.555452 0.228095 0.561267 0.253363 0.572067 0.256148 0.565761
1 0.227778 0.563534 0.225208 0.569958 0.250348 0.580083 0.252664 0.573407
1 0.224298 0.571163 0.221969 0.577427 0.247484 0.588130 0.249800 0.581454
1 0.630164 0.728949 0.627564 0.735894 0.655881 0.744971 0.658738 0.737827
1 0.752597 0.392429 0.750612 0.398652 0.777910 0.408215 0.780990 0.401730
1 0.750023 0.400535 0.747843 0.406530 0.774964 0.416330 0.777670 0.410197
1 0.743623 0.416797 0.741716 0.422655 0.770274 0.432023 0.771988 0.425710
1 0.746711 0.408800 0.744804 0.414659 0.773161 0.423996 0.774964 0.417683
1 0.740987 0.424582 0.738841 0.430674 0.767298 0.439870 0.769643 0.433827
1 0.737608 0.432959 0.735392 0.439120 0.764114 0.447897 0.765647 0.441855
1 0.734801 0.440411 0.732366 0.446995 0.761318 0.456105 0.763032 0.449791
1 0.731825 0.448799 0.730042 0.454281 0.758432 0.463952 0.760236 0.458089
1 0.729454 0.456148 0.726885 0.462571 0.755455 0.472069 0.757440 0.466026
1 0.726112 0.464177 0.723783 0.470440 0.752209 0.480006 0.754103 0.474144
1 0.723260 0.472728 0.721173 0.478831 0.749503 0.488214 0.751848 0.481990
1 0.720280 0.480637 0.717840 0.487221 0.746436 0.496511 0.748420 0.489927
1 0.717394 0.489116 0.715411 0.494569 0.743640 0.504358 0.745444 0.497954
1 0.714430 0.496614 0.712160 0.502770 0.740498 0.512295 0.742717 0.505841
1 0.711393 0.505121 0.708984 0.511464 0.737876 0.520211 0.739893 0.514009
1 0.708430 0.512971 0.706140 0.519862 0.734599 0.528279 0.736969 0.521724
1 0.705555 0.521069 0.703634 0.526819 0.731674 0.535843 0.733590 0.529792
1 0.702581 0.529288 0.700576 0.535040 0.728750 0.544061 0.730767 0.537557
1 0.696933 0.544919 0.694797 0.550880 0.722699 0.559894 0.724767 0.553894
1 0.699807 0.536700 0.697740 0.542599 0.725674 0.552381 0.727842 0.545725
1 0.694109 0.552432 0.691948 0.558737 0.719724 0.568012 0.721943 0.561810
1 0.691034 0.560852 0.688785 0.567136 0.717254 0.576181 0.719170 0.569827
1 0.688311 0.568516 0.685942 0.575399 0.714329 0.583795 0.716043 0.577794
1 0.685185 0.577088 0.683011 0.582839 0.711556 0.592114 0.713270 0.585862
1 0.682603 0.585029 0.680034 0.591453 0.708960 0.600766 0.710957 0.593819
1 0.679552 0.592946 0.677223 0.599209 0.705747 0.607712 0.707744 0.601808
1 0.676687 0.601169 0.674600 0.607272 0.702914 0.616523 0.705188 0.610419
1 0.673948 0.609461 0.671265 0.616383 0.699682 0.624662 0.702076 0.618079
1 0.670597 0.617361 0.668921 0.622508 0.696929 0.632802 0.699204 0.626218
1 0.667844 0.625620 0.665653 0.631423 0.693937 0.640702 0.695972 0.634118
1 0.665217 0.633079 0.662749 0.639216 0.690825 0.648242 0.693817 0.642138
1 0.662203 0.640721 0.659953 0.647644 0.688311 0.656621 0.690945 0.649798
1 0.658901 0.649691 0.656993 0.655550 0.685348 0.664521 0.687622 0.658297
1 0.656167 0.657394 0.653987 0.663389 0.682414 0.672005 0.684557 0.666188
1 0.653102 0.665365 0.651195 0.671224 0.679863 0.680067 0.681801 0.673739
1 0.650269 0.673460 0.648227 0.679148 0.676699 0.688435 0.679046 0.682006
1 0.647363 0.681324 0.645216 0.687416 0.673944 0.696701 0.676189 0.690068
1 0.644567 0.689190 0.642352 0.695352 0.670678 0.704457 0.672719 0.698334
1 0.641593 0.697007 0.639246 0.703640 0.667616 0.712621 0.669964 0.706192
1 0.638532 0.705477 0.636484 0.711635 0.664657 0.720785 0.667004 0.714050
1 0.635851 0.713061 0.633522 0.719324 0.661902 0.728949 0.664045 0.722010
1 0.632733 0.721518 0.630645 0.727621 0.659350 0.736399 0.661085 0.730276
1 0.627102 0.737215 0.624502 0.744160 0.652819 0.753237 0.655676 0.746093
1 0.402614 0.215528 0.391715 0.243186 0.398255 0.245366 0.410381 0.217980
1 0.411036 0.218783 0.399591 0.246169 0.405313 0.248485 0.417576 0.220418
1 0.418666 0.220963 0.407357 0.249030 0.413761 0.251482 0.425206 0.223551
1 0.426691 0.224486 0.415269 0.252032 0.421316 0.254216 0.432822 0.226922
1 0.434501 0.227509 0.423836 0.255140 0.429882 0.257407 0.441388 0.229861
1 0.442900 0.230533 0.431898 0.258163 0.437105 0.260347 0.449702 0.232212
1 0.450786 0.233232 0.439109 0.260731 0.445638 0.263116 0.457629 0.235618
1 0.459038 0.236560 0.447587 0.263742 0.453493 0.266152 0.465005 0.238368
1 0.466371 0.238987 0.455471 0.266645 0.462011 0.268825 0.474137 0.241439
1 0.475642 0.242121 0.464197 0.269507 0.469919 0.271823 0.482182 0.243756
1 0.483272 0.244301 0.471963 0.272368 0.478367 0.274820 0.489812 0.246889
1 0.491155 0.247824 0.479733 0.275370 0.485780 0.277554 0.497285 0.250259
1 0.498965 0.250847 0.488299 0.278478 0.494346 0.280745 0.505852 0.253199
1 0.507363 0.253871 0.496362 0.281501 0.501569 0.283685 0.514166 0.255550
1 0.515250 0.256570 0.503573 0.284068 0.510102 0.286454 0.522093 0.258956
1 0.523502 0.259898 0.512051 0.287079 0.517957 0.289490 0.529469 0.261706
1 0.529981 0.262182 0.519081 0.289841 0.525621 0.292021 0.537747 0.264635
1 0.539252 0.265316 0.527807 0.292702 0.533529 0.295018 0.545792 0.266951
1 0.546882 0.267496 0.535573 0.295563 0.541977 0.298016 0.553422 0.270085
1 0.554907 0.271019 0.543485 0.298566 0.549532 0.300749 0.561038 0.273455
1 0.562717 0.274043 0.552052 0.301673 0.558098 0.303941 0.569604 0.276394
1 0.571116 0.277066 0.560114 0.304697 0.565321 0.306880 0.577918 0.278746
1 0.579002 0.279766 0.567325 0.307264 0.573854 0.309650 0.585845 0.282152
1 0.587254 0.283093 0.575803 0.310275 0.581709 0.312686 0.593221 0.284901
1 0.594587 0.285520 0.583687 0.313179 0.590227 0.315359 0.602353 0.287973
1 0.603858 0.288654 0.592413 0.316040 0.598135 0.318356 0.610398 0.290289
1 0.611488 0.290834 0.600179 0.318901 0.606583 0.321354 0.618028 0.293423
1 0.619371 0.294357 0.607949 0.321904 0.613996 0.324087 0.625502 0.296793
1 0.627181 0.297381 0.616515 0.325011 0.622562 0.327279 0.634068 0.299732
1 0.635579 0.300404 0.624578 0.328034 0.629785 0.330218 0.642382 0.302084
1 0.643466 0.303104 0.631789 0.330602 0.638318 0.332988 0.650309 0.305489
1 0.651718 0.306431 0.640267 0.333613 0.646173 0.336024 0.657685 0.308239
1 0.657912 0.308431 0.647012 0.336090 0.653552 0.338270 0.665678 0.310884
1 0.667183 0.311565 0.655738 0.338951 0.661461 0.341267 0.673723 0.313200
1 0.674813 0.313745 0.663504 0.341812 0.669908 0.344265 0.681353 0.316334
1 0.682838 0.317268 0.671417 0.344815 0.677464 0.346998 0.688969 0.319704
1 0.690507 0.320292 0.679841 0.347922 0.685888 0.350190 0.697393 0.322643
1 0.698905 0.323315 0.687903 0.350945 0.693110 0.353129 0.705707 0.324995
1 0.706791 0.326015 0.695114 0.353513 0.701643 0.355899 0.713635 0.328400
1 0.715043 0.329342 0.703592 0.356524 0.709499 0.358935 0.721010 0.331150
1 0.722376 0.331769 0.711476 0.359428 0.718016 0.361608 0.730142 0.334222
1 0.731647 0.334903 0.720202 0.362289 0.725925 0.364605 0.738187 0.336538
1 0.739277 0.337083 0.727968 0.365150 0.734372 0.367603 0.745817 0.339672
1 0.747160 0.340606 0.735738 0.368153 0.741785 0.370336 0.753291 0.343042
1 0.252746 0.626161 0.259449 0.628662 0.250144 0.654477 0.242840 0.651475
1 0.260878 0.629151 0.267897 0.631614 0.258168 0.658522 0.251395 0.655567
1 0.268698 0.632045 0.274793 0.634077 0.265988 0.661047 0.259954 0.658584
1 0.275963 0.634631 0.283291 0.637341 0.274547 0.664125 0.267466 0.661478
1 0.284029 0.637649 0.291234 0.640235 0.282490 0.667081 0.275471 0.664987
1 0.292342 0.640789 0.299053 0.643375 0.289879 0.669113 0.283660 0.667019
1 0.300362 0.643861 0.306896 0.646213 0.298114 0.672612 0.290795 0.669998
1 0.308517 0.646631 0.314581 0.648827 0.306164 0.675383 0.299421 0.673396
1 0.316044 0.649245 0.322526 0.651493 0.314267 0.678415 0.307105 0.676115
1 0.324595 0.652160 0.331299 0.654661 0.321993 0.680476 0.314689 0.677474
1 0.332727 0.655150 0.339746 0.657613 0.330018 0.684521 0.323245 0.681566
1 0.340547 0.658044 0.346643 0.660076 0.337838 0.687046 0.331803 0.684583
1 0.347813 0.660630 0.355140 0.663340 0.346396 0.690124 0.339315 0.687477
1 0.355879 0.663647 0.363083 0.666234 0.354339 0.693080 0.347320 0.690986
1 0.364191 0.666788 0.370903 0.669374 0.361728 0.695112 0.355509 0.693018
1 0.372211 0.669860 0.378746 0.672212 0.369963 0.698611 0.362645 0.695997
1 0.380366 0.672630 0.386430 0.674826 0.378014 0.701382 0.371270 0.699395
1 0.387894 0.675244 0.394376 0.677492 0.386116 0.704414 0.378955 0.702113
1 0.532105 0.727626 0.538587 0.729874 0.530327 0.756796 0.523166 0.754496
1 0.524577 0.725013 0.530641 0.727208 0.522225 0.753764 0.515481 0.751777
1 0.516422 0.722242 0.522957 0.724594 0.514174 0.750993 0.506856 0.748379
1 0.508402 0.719170 0.515114 0.721756 0.505939 0.747494 0.499720 0.745400
1 0.500090 0.716030 0.507294 0.718616 0.498551 0.745462 0.491531 0.743368
1 0.492152 0.713013 0.499479 0.715722 0.490736 0.742506 0.483655 0.739859
1 0.484886 0.710426 0.490982 0.712458 0.482177 0.739428 0.476143 0.736965
1 0.476938 0.707532 0.483958 0.709995 0.474229 0.736903 0.467456 0.733948
1 0.468934 0.704542 0.475638 0.707043 0.466333 0.732858 0.459028 0.729856
1 0.460383 0.701627 0.466865 0.703875 0.458606 0.730797 0.451444 0.728497
1 0.452856 0.699014 0.458920 0.701209 0.450503 0.727765 0.443760 0.725778
1 0.444701 0.696243 0.451235 0.698595 0.442453 0.724994 0.435135 0.722380
1 0.436681 0.693171 0.443393 0.695757 0.434218 0.721495 0.427999 0.719401
1 0.428369 0.690031 0.435573 0.692617 0.426829 0.719463 0.419810 0.717370
1 0.420302 0.687014 0.427630 0.689723 0.418886 0.716507 0.411805 0.713860
1 0.413037 0.684427 0.419132 0.686459 0.410327 0.713429 0.404293 0.710966
1 0.405217 0.681533 0.412236 0.683996 0.402508 0.710904 0.395734 0.707949
1 0.397085 0.678543 0.403789 0.681044 0.394483 0.706859 0.387179 0.703857
1 0.541231 0.730330 0.548251 0.732793 0.538522 0.759700 0.531749 0.756745
1 0.549179 0.733224 0.555275 0.735256 0.546470 0.762225 0.540436 0.759762
1 0.556445 0.735810 0.563772 0.738519 0.555029 0.765304 0.547948 0.762656
1 0.564383 0.738827 0.571587 0.741413 0.562844 0.768259 0.555824 0.766166
1 0.572695 0.741967 0.579407 0.744553 0.570232 0.770291 0.564013 0.768198
1 0.580715 0.745039 0.587250 0.747391 0.578467 0.773790 0.571149 0.771177
1 0.588870 0.747810 0.594934 0.750005 0.586518 0.776561 0.579774 0.774574
1 0.596782 0.750423 0.603264 0.752671 0.595005 0.779593 0.587843 0.777293
0 0.123964 0.904519 0.177570 0.904519 0.177570 0.945714 0.123964 0.945714
0 0.243177 0.904695 0.296784 0.904695 0.296784 0.945890 0.243177 0.945890
0 0.481029 0.904977 0.534635 0.904977 0.534635 0.946172 0.481029 0.946172
0 0.362097 0.905082 0.415703 0.905082 0.415703 0.946277 0.362097 0.946277
0 0.601030 0.904403 0.654637 0.904403 0.654637 0.945598 0.601030 0.945598
0 0.720244 0.904579 0.773850 0.904579 0.773850 0.945774 0.720244 0.945774
0 0.838581 0.904966 0.892187 0.904966 0.892187 0.946161 0.838581 0.946161
0 0.939294 0.797850 0.992900 0.797850 0.992900 0.839044 0.939294 0.839044
0 0.820956 0.797463 0.874563 0.797463 0.874563 0.838658 0.820956 0.838658
1 0.157550 0.900895 0.181960 0.900895 0.181960 0.920270 0.157550 0.920270
1 0.157550 0.930669 0.182289 0.930669 0.182289 0.949935 0.157550 0.949935
1 0.117704 0.930560 0.141896 0.930560 0.141896 0.950264 0.117704 0.950264
1 0.117595 0.900786 0.141130 0.900786 0.141130 0.920051 0.117595 0.920051
1 0.278638 0.900313 0.303048 0.900313 0.303048 0.919688 0.278638 0.919688
1 0.278638 0.930087 0.303377 0.930087 0.303377 0.949353 0.278638 0.949353
1 0.238792 0.929978 0.262984 0.929978 0.262984 0.949681 0.238792 0.949681
1 0.238683 0.900203 0.262218 0.900203 0.262218 0.919469 0.238683 0.919469
1 0.398561 0.900313 0.422972 0.900313 0.422972 0.919688 0.398561 0.919688
1 0.358607 0.900203 0.382141 0.900203 0.382141 0.919469 0.358607 0.919469
1 0.358716 0.929978 0.382908 0.929978 0.382908 0.949681 0.358716 0.949681
1 0.398561 0.930087 0.423300 0.930087 0.423300 0.949353 0.398561 0.949353
1 0.636662 0.900895 0.661073 0.900895 0.661073 0.920270 0.636662 0.920270
1 0.596707 0.900786 0.620242 0.900786 0.620242 0.920051 0.596707 0.920051
1 0.596817 0.930560 0.621009 0.930560 0.621009 0.950264 0.596817 0.950264
1 0.636662 0.930669 0.661401 0.930669 0.661401 0.949935 0.636662 0.949935
1 0.517321 0.899731 0.541731 0.899731 0.541731 0.919106 0.517321 0.919106
1 0.476784 0.900786 0.500319 0.900786 0.500319 0.920051 0.476784 0.920051
1 0.476893 0.930560 0.501085 0.930560 0.501085 0.950264 0.476893 0.950264
1 0.516738 0.930669 0.541477 0.930669 0.541477 0.949935 0.516738 0.949935
1 0.714885 0.900203 0.738419 0.900203 0.738419 0.919469 0.714885 0.919469
1 0.755421 0.899149 0.779832 0.899149 0.779832 0.918524 0.755421 0.918524
1 0.754839 0.930087 0.779578 0.930087 0.779578 0.949353 0.754839 0.949353
1 0.714994 0.929978 0.739186 0.929978 0.739186 0.949681 0.714994 0.949681
1 0.834808 0.900203 0.858343 0.900203 0.858343 0.919469 0.834808 0.919469
1 0.874763 0.900313 0.899173 0.900313 0.899173 0.919688 0.874763 0.919688
1 0.874763 0.930087 0.899502 0.930087 0.899502 0.949353 0.874763 0.949353
1 0.834918 0.929978 0.859109 0.929978 0.859109 0.949681 0.834918 0.949681
1 0.855552 0.793779 0.879962 0.793779 0.879962 0.813154 0.855552 0.813154
1 0.855552 0.823553 0.880291 0.823553 0.880291 0.842819 0.855552 0.842819
1 0.815707 0.823444 0.839898 0.823444 0.839898 0.843147 0.815707 0.843147
1 0.815597 0.793669 0.839132 0.793669 0.839132 0.812935 0.815597 0.812935
1 0.935306 0.793087 0.958841 0.793087 0.958841 0.812353 0.935306 0.812353
1 0.935416 0.822862 0.959608 0.822862 0.959608 0.842565 0.935416 0.842565
1 0.975248 0.793087 0.998783 0.793087 0.998783 0.812353 0.975248 0.812353
1 0.975357 0.822862 0.999549 0.822862 0.999549 0.842565 0.975357 0.842565
1 0.005427 0.306565 0.016840 0.280596 0.022926 0.282726 0.011311 0.309152
1 0.013086 0.309355 0.024499 0.283385 0.030586 0.285516 0.018970 0.311942
1 0.021253 0.312601 0.032665 0.286632 0.038752 0.288762 0.027136 0.315188
1 0.029470 0.315543 0.041288 0.288762 0.047070 0.291044 0.035353 0.318130
1 0.037585 0.318536 0.049404 0.291755 0.055186 0.294037 0.043469 0.321123
1 0.045853 0.321478 0.057671 0.294696 0.063454 0.296979 0.051737 0.324065
1 0.053766 0.324623 0.065584 0.297841 0.071366 0.300124 0.059649 0.327209
1 0.061678 0.327108 0.073497 0.300327 0.079279 0.302609 0.067562 0.329695
1 0.069794 0.330101 0.081612 0.303319 0.087394 0.305602 0.075678 0.332687
1 0.077707 0.332941 0.089525 0.306160 0.095307 0.308442 0.084148 0.335173
1 0.085467 0.335934 0.097285 0.309152 0.103068 0.311435 0.091909 0.338165
1 0.093735 0.338977 0.105553 0.312196 0.111335 0.314478 0.100177 0.341209
1 0.101647 0.342071 0.113466 0.315290 0.119248 0.317572 0.108089 0.344303
1 0.109560 0.344962 0.121378 0.318181 0.127161 0.320463 0.116002 0.347194
1 0.117524 0.347803 0.129342 0.321021 0.135124 0.323304 0.123965 0.350034
1 0.125487 0.350694 0.137305 0.323913 0.143088 0.326195 0.131929 0.352926
1 0.133653 0.353585 0.145472 0.326804 0.151254 0.329086 0.140095 0.355817
1 0.141667 0.356273 0.153486 0.329492 0.159268 0.331774 0.148109 0.358505
1 0.149580 0.359317 0.161398 0.332535 0.167181 0.334818 0.156022 0.361548
1 0.157391 0.362208 0.169210 0.335426 0.174992 0.337709 0.163833 0.364440
1 0.165608 0.365200 0.177427 0.338419 0.183209 0.340702 0.172050 0.367432
1 0.173521 0.368193 0.185339 0.341412 0.191122 0.343694 0.179963 0.370425
1 0.218466 0.401918 0.190560 0.391969 0.188208 0.399063 0.216335 0.408540
1 0.215421 0.410101 0.187333 0.400472 0.185125 0.407056 0.213290 0.416724
1 0.212453 0.417789 0.184364 0.408160 0.182156 0.414744 0.210321 0.424412
1 0.209332 0.425934 0.181243 0.416305 0.179035 0.422889 0.207200 0.432557
1 0.206896 0.433927 0.178807 0.424298 0.176599 0.430882 0.204764 0.440549
1 0.203699 0.441653 0.175610 0.432024 0.173402 0.438608 0.201567 0.448276
1 0.200730 0.449874 0.172641 0.440245 0.170434 0.446829 0.198598 0.456497
1 0.197813 0.457568 0.169724 0.447939 0.167517 0.454523 0.195681 0.464191
1 0.194844 0.465789 0.166755 0.456160 0.164548 0.462744 0.192713 0.472412
1 0.192282 0.473636 0.164194 0.464006 0.161986 0.470591 0.190151 0.480258
1 0.189314 0.481857 0.161225 0.472227 0.159017 0.478812 0.187182 0.488479
1 0.183201 0.498099 0.155112 0.488469 0.152905 0.495054 0.181070 0.504721
1 0.186170 0.489878 0.158081 0.480248 0.155874 0.486833 0.184038 0.496500
1 0.180567 0.505807 0.152478 0.496178 0.150270 0.502762 0.178435 0.512429
1 0.177598 0.514028 0.149509 0.504399 0.147302 0.510983 0.175466 0.520651
1 0.174403 0.522216 0.146314 0.512587 0.144107 0.519172 0.172272 0.528839
1 0.171434 0.530437 0.143346 0.520808 0.141138 0.527393 0.169303 0.537060
1 0.168800 0.538146 0.140711 0.528516 0.138504 0.535101 0.166668 0.544768
1 0.165831 0.546367 0.137742 0.536737 0.135535 0.543322 0.163700 0.552989
1 0.163190 0.553811 0.135101 0.544182 0.132893 0.550766 0.161058 0.560433
1 0.160555 0.561519 0.132466 0.551890 0.130259 0.558474 0.158424 0.568142
1 0.157586 0.569740 0.129498 0.560111 0.127290 0.566695 0.155455 0.576363
1 0.154304 0.577665 0.126216 0.568035 0.124008 0.574620 0.152173 0.584287
1 0.151670 0.585373 0.123581 0.575743 0.121374 0.582328 0.149538 0.591995
1 0.148701 0.593594 0.120612 0.583965 0.118405 0.590549 0.146570 0.600216
1 0.145659 0.602159 0.117571 0.592529 0.115363 0.599114 0.143528 0.608781
1 0.143025 0.609867 0.114936 0.600238 0.112729 0.606822 0.140894 0.616489
1 0.140056 0.618088 0.111967 0.608459 0.109760 0.615043 0.137925 0.624710
1 0.136759 0.626092 0.108670 0.616463 0.106462 0.623047 0.134627 0.632715
1 0.134124 0.633800 0.106035 0.624171 0.103828 0.630755 0.131993 0.640423
1 0.131155 0.642021 0.103067 0.632392 0.100859 0.638977 0.129024 0.648644
1 0.128278 0.650486 0.100190 0.640857 0.097982 0.647441 0.126147 0.657108
1 0.125125 0.658231 0.097036 0.648602 0.094829 0.655186 0.122994 0.664854
1 0.122414 0.666308 0.094326 0.656679 0.092118 0.663264 0.120283 0.672931
1 0.119150 0.674054 0.091061 0.664424 0.088854 0.671009 0.117019 0.680676
1 0.116495 0.682076 0.088406 0.672446 0.086198 0.679031 0.114363 0.688698
1 0.113784 0.690208 0.085695 0.680579 0.083488 0.687163 0.111652 0.696831
1 0.110520 0.697953 0.082431 0.688324 0.080223 0.694909 0.108388 0.704576
1 0.107809 0.706031 0.079720 0.696401 0.077513 0.702986 0.105677 0.712653
1 0.104766 0.713942 0.076677 0.704313 0.074470 0.710897 0.102635 0.720564
1 0.102055 0.722074 0.073966 0.712445 0.071759 0.719030 0.099924 0.728697
1 0.098791 0.729820 0.070702 0.720190 0.068495 0.726775 0.096660 0.736442
1 0.096080 0.737897 0.067992 0.728268 0.065784 0.734852 0.093949 0.744519
1 0.093535 0.746140 0.065447 0.736511 0.063239 0.743095 0.091404 0.752763
1 0.034994 0.751118 0.041320 0.753659 0.032453 0.779481 0.025920 0.777251
1 0.026801 0.748007 0.033438 0.750755 0.024571 0.776681 0.017727 0.774451
1 0.018401 0.744999 0.025038 0.747748 0.016275 0.773829 0.009897 0.771599
1 0.010001 0.742096 0.016638 0.744844 0.008809 0.771236 0.001912 0.768488
1 0.222274 0.579045 0.219945 0.585308 0.244645 0.595689 0.247467 0.589406
1 0.219398 0.587139 0.217070 0.593403 0.242142 0.603624 0.244592 0.597500
