0 0.798036 0.677672 0.888061 0.677672 0.888061 0.766702 0.798036 0.766702
0 0.678166 0.294570 0.841226 0.294570 0.841226 0.457629 0.678166 0.457629
0 0.388112 0.414227 0.495298 0.414227 0.495298 0.463924 0.388112 0.463924
0 0.292625 0.200940 0.317429 0.200940 0.317429 0.213362 0.292625 0.213362
0 0.545009 0.362374 0.565272 0.362374 0.565272 0.393780 0.545009 0.393780
0 0.054168 0.465648 0.105046 0.465648 0.105046 0.504963 0.054168 0.504963
0 0.568782 0.493572 0.601307 0.493572 0.601307 0.514467 0.568782 0.514467
0 0.406641 0.178355 0.471801 0.178355 0.471801 0.258570 0.406641 0.258570
0 0.754202 0.193628 0.786575 0.193628 0.786575 0.214166 0.754202 0.214166
0 0.652226 0.238037 0.682593 0.238037 0.682593 0.257135 0.652226 0.257135
0 0.836045 0.525278 0.856905 0.525278 0.856905 0.556196 0.836045 0.556196
0 0.129820 0.479363 0.155802 0.479363 0.155802 0.492429 0.129820 0.492429
0 0.547830 0.414616 0.572510 0.414616 0.572510 0.427304 0.547830 0.427304
0 0.310990 0.235057 0.324086 0.235057 0.324086 0.260360 0.310990 0.260360
0 0.569261 0.199386 0.593598 0.199386 0.593598 0.212145 0.569261 0.212145
0 0.836233 0.815917 0.861227 0.815917 0.861227 0.828692 0.836233 0.828692
0 0.759825 0.226011 0.784938 0.226011 0.784938 0.239250 0.759825 0.239250
0 0.775059 0.765772 0.783139 0.765772 0.783139 0.781866 0.775059 0.781866
1 0.833563 0.556444 0.860346 0.556444 0.860346 0.567455 0.833563 0.567455
0 0.289115 0.234726 0.301635 0.234726 0.301635 0.260514 0.289115 0.260514
0 0.900067 0.377161 0.908099 0.377161 0.908099 0.392689 0.900067 0.392689
0 0.561349 0.257343 0.585556 0.257343 0.585556 0.270137 0.561349 0.270137
0 0.521801 0.286528 0.529667 0.286528 0.529667 0.302176 0.521801 0.302176
0 0.577864 0.285438 0.590395 0.285438 0.590395 0.310160 0.577864 0.310160
1 0.482164 0.338234 0.512159 0.338234 0.512159 0.353148 0.482164 0.353148
1 0.473054 0.242081 0.501167 0.242081 0.501167 0.256843 0.473054 0.256843
1 0.559883 0.492059 0.568522 0.492059 0.568522 0.515488 0.559883 0.515488
0 0.536147 0.234605 0.551904 0.234605 0.551904 0.242733 0.536147 0.242733
1 0.481810 0.316589 0.512120 0.316589 0.512120 0.331582 0.481810 0.331582
0 0.583280 0.428461 0.592462 0.428461 0.592462 0.444973 0.583280 0.444973
1 0.472464 0.220410 0.501057 0.220410 0.501057 0.235291 0.472464 0.235291
1 0.481260 0.295049 0.512333 0.295049 0.512333 0.310073 0.481260 0.310073
1 0.495842 0.407519 0.513148 0.407519 0.513148 0.467909 0.495842 0.467909
0 0.568706 0.526553 0.585716 0.526553 0.585716 0.535596 0.568706 0.535596
0 0.853113 0.471910 0.868888 0.471910 0.868888 0.480264 0.853113 0.480264
1 0.472135 0.177389 0.501236 0.177389 0.501236 0.192141 0.472135 0.192141
1 0.482413 0.359854 0.512097 0.359854 0.512097 0.374808 0.482413 0.374808
1 0.640656 0.233545 0.651813 0.233545 0.651813 0.259844 0.640656 0.259844
0 0.567456 0.221088 0.584350 0.221088 0.584350 0.230303 0.567456 0.230303
1 0.543719 0.353018 0.567055 0.353018 0.567055 0.362008 0.543719 0.362008
1 0.786848 0.192609 0.796282 0.192609 0.796282 0.216364 0.786848 0.216364
1 0.835290 0.514732 0.858616 0.514732 0.858616 0.524648 0.835290 0.524648
1 0.820522 0.767313 0.831086 0.767313 0.831086 0.787437 0.820522 0.787437
1 0.543593 0.394299 0.567880 0.394299 0.567880 0.403856 0.543593 0.403856
0 0.890121 0.330246 0.898153 0.330246 0.898153 0.345778 0.890121 0.345778
0 0.571570 0.169813 0.581205 0.169813 0.581205 0.186568 0.571570 0.186568
1 0.471970 0.198908 0.501064 0.198908 0.501064 0.213796 0.471970 0.213796
1 0.278414 0.294478 0.317563 0.294478 0.317563 0.304185 0.278414 0.304185
1 0.601513 0.492238 0.610675 0.492238 0.610675 0.515731 0.601513 0.515731
1 0.683386 0.233731 0.694271 0.233731 0.694271 0.259899 0.683386 0.259899
1 0.278307 0.444234 0.316125 0.444234 0.316125 0.454225 0.278307 0.454225
0 0.584940 0.372704 0.594304 0.372704 0.594304 0.389584 0.584940 0.389584
0 0.554500 0.323938 0.564311 0.323938 0.564311 0.341127 0.554500 0.341127
0 0.882175 0.448309 0.890426 0.448309 0.890426 0.464496 0.882175 0.464496
1 0.113686 0.444193 0.154111 0.444193 0.154111 0.454144 0.113686 0.454144
1 0.744084 0.191043 0.753780 0.191043 0.753780 0.217624 0.744084 0.217624
1 0.113528 0.308070 0.154847 0.308070 0.154847 0.318173 0.113528 0.318173
1 0.278456 0.308011 0.317732 0.308011 0.317732 0.318079 0.278456 0.318079
0 0.887494 0.288433 0.895422 0.288433 0.895422 0.304198 0.887494 0.304198
1 0.278159 0.430678 0.316675 0.430678 0.316675 0.440198 0.278159 0.440198
1 0.799812 0.768427 0.814011 0.768427 0.814011 0.786945 0.799812 0.786945
1 0.278498 0.321722 0.316064 0.321722 0.316064 0.331461 0.278498 0.331461
1 0.278073 0.403517 0.316298 0.403517 0.316298 0.412836 0.278073 0.412836
0 0.089981 0.311992 0.098004 0.311992 0.098004 0.327917 0.089981 0.327917
1 0.114744 0.430653 0.154580 0.430653 0.154580 0.440730 0.114744 0.440730
1 0.277931 0.376049 0.316052 0.376049 0.316052 0.385926 0.277931 0.385926
1 0.803326 0.658256 0.813830 0.658256 0.813830 0.675788 0.803326 0.675788
1 0.277845 0.417127 0.316941 0.417127 0.316941 0.426713 0.277845 0.426713
1 0.278464 0.335150 0.316965 0.335150 0.316965 0.345005 0.278464 0.345005
1 0.871403 0.768050 0.881793 0.768050 0.881793 0.787477 0.871403 0.787477
1 0.105552 0.458814 0.118306 0.458814 0.118306 0.512247 0.105552 0.512247
1 0.837547 0.767750 0.847495 0.767750 0.847495 0.787847 0.837547 0.787847
1 0.113440 0.322033 0.155005 0.322033 0.155005 0.331472 0.113440 0.331472
1 0.278352 0.348824 0.317491 0.348824 0.317491 0.358580 0.278352 0.358580
1 0.278032 0.389831 0.316036 0.389831 0.316036 0.399255 0.278032 0.399255
1 0.113565 0.294457 0.154630 0.294457 0.154630 0.304475 0.113565 0.304475
1 0.278311 0.362517 0.317506 0.362517 0.317506 0.372238 0.278311 0.372238
1 0.113776 0.417036 0.154649 0.417036 0.154649 0.427042 0.113776 0.427042
1 0.841937 0.419986 0.873373 0.419986 0.873373 0.425991 0.841937 0.425991
1 0.871345 0.656768 0.882184 0.656768 0.882184 0.676202 0.871345 0.676202
1 0.646147 0.326262 0.677294 0.326262 0.677294 0.332087 0.646147 0.332087
1 0.374112 0.407510 0.387115 0.407510 0.387115 0.469609 0.374112 0.469609
1 0.841936 0.428368 0.872661 0.428368 0.872661 0.434279 0.841936 0.434279
1 0.041996 0.459195 0.053675 0.459195 0.053675 0.511960 0.041996 0.511960
1 0.114441 0.376376 0.154959 0.376376 0.154959 0.386004 0.114441 0.386004
1 0.113583 0.335275 0.154948 0.335275 0.154948 0.345294 0.113583 0.345294
1 0.842635 0.326658 0.873742 0.326658 0.873742 0.332380 0.842635 0.332380
1 0.842433 0.317983 0.873572 0.317983 0.873572 0.323930 0.842433 0.323930
1 0.113566 0.348986 0.154949 0.348986 0.154949 0.358557 0.113566 0.358557
1 0.842114 0.436813 0.873589 0.436813 0.873589 0.442982 0.842114 0.442982
1 0.842610 0.394376 0.873604 0.394376 0.873604 0.400131 0.842610 0.400131
1 0.113640 0.403515 0.154731 0.403515 0.154731 0.413147 0.113640 0.413147
1 0.645911 0.402614 0.676534 0.402614 0.676534 0.408392 0.645911 0.408392
1 0.645883 0.377049 0.676830 0.377049 0.676830 0.383305 0.645883 0.383305
1 0.113692 0.362684 0.154951 0.362684 0.154951 0.372412 0.113692 0.372412
1 0.646124 0.317586 0.677417 0.317586 0.677417 0.323611 0.646124 0.323611
1 0.646621 0.428282 0.677117 0.428282 0.677117 0.434033 0.646621 0.434033
1 0.842545 0.377416 0.873900 0.377416 0.873900 0.383334 0.842545 0.383334
1 0.646205 0.419825 0.677382 0.419825 0.677382 0.425902 0.646205 0.425902
1 0.113899 0.389820 0.154872 0.389820 0.154872 0.399612 0.113899 0.399612
1 0.646259 0.334641 0.677252 0.334641 0.677252 0.340481 0.646259 0.340481
1 0.645985 0.385646 0.676902 0.385646 0.676902 0.391615 0.645985 0.391615
1 0.646253 0.308948 0.677148 0.308948 0.677148 0.314906 0.646253 0.314906
1 0.317647 0.198752 0.322436 0.198752 0.322436 0.214639 0.317647 0.214639
1 0.646052 0.411108 0.677022 0.411108 0.677022 0.417362 0.646052 0.417362
1 0.803659 0.459900 0.809603 0.459900 0.809603 0.489688 0.803659 0.489688
1 0.842451 0.335099 0.873945 0.335099 0.873945 0.340588 0.842451 0.340588
1 0.645856 0.351732 0.676822 0.351732 0.676822 0.357475 0.645856 0.357475
1 0.842292 0.343400 0.874000 0.343400 0.874000 0.349167 0.842292 0.349167
1 0.521493 0.282467 0.530051 0.282467 0.530051 0.286290 0.521493 0.286290
1 0.842155 0.411546 0.872548 0.411546 0.872548 0.417615 0.842155 0.417615
1 0.646189 0.343129 0.677041 0.343129 0.677041 0.349062 0.646189 0.349062
1 0.585764 0.254628 0.590063 0.254628 0.590063 0.270816 0.585764 0.270816
1 0.842547 0.368873 0.873723 0.368873 0.873723 0.374882 0.842547 0.374882
1 0.842296 0.351996 0.873674 0.351996 0.873674 0.357529 0.842296 0.357529
1 0.287709 0.199113 0.292509 0.199113 0.292509 0.214626 0.287709 0.214626
1 0.841963 0.309370 0.873656 0.309370 0.873656 0.315110 0.841963 0.315110
1 0.593755 0.196990 0.597912 0.196990 0.597912 0.212947 0.593755 0.212947
1 0.754863 0.225116 0.759593 0.225116 0.759593 0.240754 0.754863 0.240754
1 0.842491 0.385899 0.873653 0.385899 0.873653 0.391709 0.842491 0.391709
1 0.701447 0.459690 0.707635 0.459690 0.707635 0.489312 0.701447 0.489312
1 0.556499 0.254345 0.561086 0.254345 0.561086 0.270877 0.556499 0.270877
1 0.761141 0.459712 0.767067 0.459712 0.767067 0.488722 0.761141 0.488722
1 0.842427 0.360322 0.873658 0.360322 0.873658 0.366275 0.842427 0.366275
1 0.812365 0.459847 0.818231 0.459847 0.818231 0.489685 0.812365 0.489685
1 0.647303 0.436625 0.676968 0.436625 0.676968 0.442506 0.647303 0.442506
1 0.645894 0.394137 0.676920 0.394137 0.676920 0.400044 0.645894 0.400044
1 0.752684 0.459749 0.758655 0.459749 0.758655 0.488751 0.752684 0.488751
1 0.744182 0.459807 0.750185 0.459807 0.750185 0.489591 0.744182 0.489591
1 0.821032 0.263633 0.826753 0.263633 0.826753 0.293080 0.821032 0.293080
1 0.785280 0.224952 0.789911 0.224952 0.789911 0.240719 0.785280 0.240719
1 0.564766 0.197137 0.569101 0.197137 0.569101 0.212708 0.564766 0.212708
1 0.693295 0.262057 0.698902 0.262057 0.698902 0.292472 0.693295 0.292472
1 0.718626 0.459786 0.724526 0.459786 0.724526 0.488796 0.718626 0.488796
1 0.842537 0.402820 0.873797 0.402820 0.873797 0.408823 0.842537 0.408823
1 0.693086 0.459664 0.698800 0.459664 0.698800 0.489401 0.693086 0.489401
1 0.710105 0.459787 0.715993 0.459787 0.715993 0.489497 0.710105 0.489497
1 0.795319 0.459902 0.801029 0.459902 0.801029 0.489498 0.795319 0.489498
1 0.889982 0.345993 0.898366 0.345993 0.898366 0.349508 0.889982 0.349508
1 0.571718 0.165471 0.581155 0.165471 0.581155 0.169730 0.571718 0.169730
1 0.778188 0.459949 0.784121 0.459949 0.784121 0.488848 0.778188 0.488848
1 0.861236 0.813908 0.865923 0.813908 0.865923 0.830500 0.861236 0.830500
1 0.735588 0.459691 0.741688 0.459691 0.741688 0.488802 0.735588 0.488802
1 0.309422 0.230077 0.325263 0.230077 0.325263 0.234837 0.309422 0.234837
1 0.727071 0.459768 0.732960 0.459768 0.732960 0.489269 0.727071 0.489269
1 0.155865 0.477774 0.160081 0.477774 0.160081 0.493948 0.155865 0.493948
1 0.820827 0.459927 0.826748 0.459927 0.826748 0.489527 0.820827 0.489527
1 0.576469 0.280945 0.592143 0.280945 0.592143 0.285316 0.576469 0.285316
1 0.376482 0.192076 0.385713 0.192076 0.385713 0.209702 0.376482 0.209702
1 0.769671 0.459906 0.775622 0.459906 0.775622 0.489667 0.769671 0.489667
1 0.287541 0.230451 0.302869 0.230451 0.302869 0.234617 0.287541 0.234617
1 0.572821 0.412709 0.577501 0.412709 0.577501 0.428445 0.572821 0.428445
1 0.309418 0.260628 0.325217 0.260628 0.325217 0.264656 0.309418 0.264656
1 0.727365 0.262529 0.733018 0.262529 0.733018 0.292783 0.727365 0.292783
1 0.786765 0.459813 0.792688 0.459813 0.792688 0.488749 0.786765 0.488749
1 0.576360 0.310426 0.592164 0.310426 0.592164 0.315022 0.576360 0.315022
1 0.552042 0.234221 0.555498 0.234221 0.555498 0.242650 0.552042 0.242650
1 0.645735 0.368529 0.676649 0.368529 0.676649 0.374507 0.645735 0.374507
1 0.899486 0.393031 0.908570 0.393031 0.908570 0.396205 0.899486 0.396205
1 0.287695 0.260720 0.303332 0.260720 0.303332 0.264749 0.287695 0.264749
1 0.735857 0.262357 0.741585 0.262357 0.741585 0.292510 0.735857 0.292510
1 0.769796 0.262139 0.775654 0.262139 0.775654 0.292678 0.769796 0.292678
1 0.089549 0.328093 0.098101 0.328093 0.098101 0.331760 0.089549 0.331760
1 0.744388 0.262110 0.750133 0.262110 0.750133 0.292479 0.744388 0.292479
1 0.718829 0.262453 0.724483 0.262453 0.724483 0.292673 0.718829 0.292673
1 0.812550 0.262425 0.818138 0.262425 0.818138 0.292857 0.812550 0.292857
1 0.645659 0.360198 0.676888 0.360198 0.676888 0.365969 0.645659 0.365969
0 0.415485 0.295071 0.481168 0.295071 0.481168 0.377232 0.415485 0.377232
1 0.831891 0.813827 0.836087 0.813827 0.836087 0.830188 0.831891 0.830188
1 0.778408 0.262199 0.784185 0.262199 0.784185 0.292718 0.778408 0.292718
1 0.125694 0.477738 0.129696 0.477738 0.129696 0.494010 0.125694 0.494010
1 0.701785 0.262484 0.707597 0.262484 0.707597 0.292637 0.701785 0.292637
1 0.795395 0.263342 0.801157 0.263342 0.801157 0.292666 0.795395 0.292666
1 0.752787 0.262214 0.758688 0.262214 0.758688 0.292603 0.752787 0.292603
1 0.786940 0.262628 0.792588 0.262628 0.792588 0.292534 0.786940 0.292534
1 0.585702 0.526516 0.588825 0.526516 0.588825 0.535669 0.585702 0.535669
1 0.761313 0.262284 0.767141 0.262284 0.767141 0.292532 0.761313 0.292532
1 0.710359 0.262467 0.716024 0.262467 0.716024 0.292654 0.710359 0.292654
1 0.882008 0.444794 0.890420 0.444794 0.890420 0.448133 0.882008 0.448133
1 0.089898 0.308326 0.098201 0.308326 0.098201 0.311817 0.089898 0.311817
1 0.544078 0.412668 0.547629 0.412668 0.547629 0.428401 0.544078 0.428401
1 0.803925 0.262582 0.809686 0.262582 0.809686 0.292676 0.803925 0.292676
1 0.774690 0.761445 0.783223 0.761445 0.783223 0.765678 0.774690 0.765678
1 0.583181 0.445204 0.592448 0.445204 0.592448 0.448896 0.583181 0.448896
1 0.585009 0.389804 0.594340 0.389804 0.594340 0.393079 0.585009 0.393079
1 0.554908 0.320710 0.563879 0.320710 0.563879 0.324048 0.554908 0.324048
1 0.554465 0.341196 0.564405 0.341196 0.564405 0.344556 0.554465 0.344556
1 0.571378 0.186735 0.581079 0.186735 0.581079 0.189991 0.571378 0.189991
1 0.565384 0.526744 0.568583 0.526744 0.568583 0.535734 0.565384 0.535734
1 0.583405 0.424863 0.592740 0.424863 0.592740 0.428409 0.583405 0.428409
1 0.887133 0.284662 0.895657 0.284662 0.895657 0.288282 0.887133 0.288282
1 0.881615 0.464751 0.890931 0.464751 0.890931 0.467631 0.881615 0.467631
1 0.532733 0.234099 0.535978 0.234099 0.535978 0.243153 0.532733 0.243153
1 0.887207 0.304295 0.895789 0.304295 0.895789 0.307687 0.887207 0.307687
1 0.521511 0.302366 0.529970 0.302366 0.529970 0.305314 0.521511 0.305314
1 0.584934 0.369094 0.594517 0.369094 0.594517 0.372860 0.584934 0.372860
1 0.775059 0.782158 0.783356 0.782158 0.783356 0.785600 0.775059 0.785600
0 0.415629 0.295644 0.481238 0.295644 0.481238 0.376308 0.415629 0.376308
1 0.564022 0.221295 0.567422 0.221295 0.567422 0.230092 0.564022 0.230092
0 0.156579 0.290874 0.273675 0.290874 0.273675 0.459199 0.156579 0.459199
1 0.869003 0.471641 0.872749 0.471641 0.872749 0.480576 0.869003 0.480576
1 0.584607 0.221228 0.587873 0.221228 0.587873 0.230683 0.584607 0.230683
1 0.849544 0.471689 0.852915 0.471689 0.852915 0.480614 0.849544 0.480614
1 0.889951 0.326340 0.898285 0.326340 0.898285 0.330227 0.889951 0.330227
1 0.899947 0.373466 0.908127 0.373466 0.908127 0.377105 0.899947 0.377105
1 0.387377 0.309631 0.395286 0.309631 0.395286 0.327345 0.387377 0.327345
1 0.387255 0.342270 0.396452 0.342270 0.396452 0.360730 0.387255 0.360730
1 0.376748 0.224895 0.385979 0.224895 0.385979 0.242521 0.376748 0.242521
1 0.837629 0.657808 0.848133 0.657808 0.848133 0.675340 0.837629 0.675340
1 0.837629 0.657808 0.848133 0.657808 0.848133 0.675340 0.837629 0.675340
1 0.820343 0.658525 0.830847 0.658525 0.830847 0.676057 0.820343 0.676057
1 0.854466 0.658525 0.864970 0.658525 0.864970 0.676057 0.854466 0.676057
1 0.854125 0.767140 0.864821 0.767140 0.864821 0.786158 0.854125 0.786158
1 0.850124 0.919163 0.885193 0.919163 0.885193 0.976439 0.850124 0.976439
1 0.806920 0.919493 0.841989 0.919493 0.841989 0.976769 0.806920 0.976769
1 0.764155 0.918943 0.799224 0.918943 0.799224 0.976219 0.764155 0.976219
1 0.720511 0.919053 0.755580 0.919053 0.755580 0.976329 0.720511 0.976329
1 0.633993 0.919823 0.669062 0.919823 0.669062 0.977098 0.633993 0.977098
1 0.677637 0.919713 0.712706 0.919713 0.712706 0.976988 0.677637 0.976988
