0 0.176230 0.474824 0.226727 0.474824 0.226727 0.525102 0.176230 0.525102
1 0.198066 0.465344 0.204438 0.465344 0.204438 0.474595 0.198066 0.474595
1 0.215095 0.465394 0.221474 0.465394 0.221474 0.474634 0.215095 0.474634
1 0.189454 0.465316 0.195965 0.465316 0.195965 0.474539 0.189454 0.474539
1 0.206808 0.465187 0.213190 0.465187 0.213190 0.474679 0.206808 0.474679
0 0.770321 0.240864 0.823514 0.240864 0.823514 0.281592 0.770321 0.281592
1 0.764866 0.236282 0.789586 0.236282 0.789586 0.256275 0.764866 0.256275
1 0.764674 0.265921 0.789650 0.265921 0.789650 0.285914 0.764674 0.285914
1 0.804980 0.265921 0.830084 0.265921 0.830084 0.286170 0.804980 0.286170
1 0.804994 0.235641 0.830045 0.235641 0.830045 0.255955 0.804994 0.255955
1 0.685746 0.265879 0.710433 0.265879 0.710433 0.285693 0.685746 0.285693
0 0.650589 0.239814 0.703791 0.239814 0.703791 0.281427 0.650589 0.281427
1 0.645942 0.266071 0.670918 0.266071 0.670918 0.286065 0.645942 0.286065
1 0.646134 0.236432 0.670941 0.236432 0.670941 0.256025 0.646134 0.256025
1 0.686262 0.235792 0.710496 0.235792 0.710496 0.256085 0.686262 0.256085
0 0.531981 0.240743 0.585432 0.240743 0.585432 0.282127 0.531981 0.282127
1 0.526549 0.236141 0.551357 0.236141 0.551357 0.255734 0.526549 0.255734
1 0.526358 0.265632 0.551334 0.265632 0.551334 0.285626 0.526358 0.285626
1 0.566998 0.266210 0.591725 0.266210 0.591725 0.285902 0.566998 0.285902
1 0.566628 0.236079 0.591206 0.236079 0.591206 0.255845 0.566628 0.255845
0 0.413656 0.240869 0.465683 0.240869 0.465683 0.281590 0.413656 0.281590
1 0.407291 0.265884 0.432349 0.265884 0.432349 0.286115 0.407291 0.286115
1 0.407464 0.236281 0.432272 0.236281 0.432272 0.255873 0.407464 0.255873
1 0.447552 0.235792 0.472104 0.235792 0.472104 0.255894 0.447552 0.255894
1 0.447508 0.266139 0.472235 0.266139 0.472235 0.285832 0.447508 0.285832
0 0.293099 0.240036 0.346550 0.240036 0.346550 0.281419 0.293099 0.281419
1 0.287860 0.235820 0.313080 0.235820 0.313080 0.256196 0.287860 0.256196
1 0.287910 0.266181 0.313273 0.266181 0.313273 0.286209 0.287910 0.286209
1 0.328244 0.265936 0.353097 0.265936 0.353097 0.286276 0.328244 0.286276
1 0.328097 0.236075 0.353155 0.236075 0.353155 0.255972 0.328097 0.255972
0 0.174770 0.241149 0.228220 0.241149 0.228220 0.282533 0.174770 0.282533
1 0.169102 0.236175 0.194146 0.236175 0.194146 0.256140 0.169102 0.256140
1 0.169146 0.266038 0.193949 0.266038 0.193949 0.286078 0.169146 0.286078
1 0.209787 0.265908 0.233802 0.265908 0.233802 0.286308 0.209787 0.286308
1 0.209444 0.236105 0.233995 0.236105 0.233995 0.256252 0.209444 0.256252
0 0.054492 0.240592 0.107943 0.240592 0.107943 0.281976 0.054492 0.281976
1 0.089139 0.235928 0.113717 0.235928 0.113717 0.255695 0.089139 0.255695
1 0.089509 0.266059 0.114235 0.266059 0.114235 0.285751 0.089509 0.285751
1 0.048868 0.265482 0.073844 0.265482 0.073844 0.285475 0.048868 0.285475
1 0.049060 0.235991 0.073868 0.235991 0.073868 0.255583 0.049060 0.255583
1 0.180785 0.465512 0.187352 0.465512 0.187352 0.474735 0.180785 0.474735
1 0.181120 0.525194 0.187687 0.525194 0.187687 0.534417 0.181120 0.534417
1 0.189531 0.525230 0.196042 0.525230 0.196042 0.534453 0.189531 0.534453
1 0.198297 0.525180 0.204670 0.525180 0.204670 0.534431 0.198297 0.534431
1 0.206653 0.525204 0.213036 0.525204 0.213036 0.534696 0.206653 0.534696
1 0.215095 0.525179 0.221474 0.525179 0.221474 0.534419 0.215095 0.534419
0 0.057105 0.474670 0.107603 0.474670 0.107603 0.524948 0.057105 0.524948
1 0.061678 0.525040 0.068245 0.525040 0.068245 0.534262 0.061678 0.534262
1 0.070301 0.525023 0.076812 0.525023 0.076812 0.534245 0.070301 0.534245
1 0.079173 0.525026 0.085546 0.525026 0.085546 0.534277 0.079173 0.534277
1 0.087529 0.525050 0.093912 0.525050 0.093912 0.534541 0.087529 0.534541
1 0.095971 0.525025 0.102350 0.525025 0.102350 0.534265 0.095971 0.534265
1 0.095971 0.465240 0.102350 0.465240 0.102350 0.474480 0.095971 0.474480
1 0.087684 0.465033 0.094066 0.465033 0.094066 0.474525 0.087684 0.474525
1 0.078941 0.465189 0.085314 0.465189 0.085314 0.474441 0.078941 0.474441
1 0.070330 0.465162 0.076841 0.465162 0.076841 0.474385 0.070330 0.474385
1 0.061661 0.465305 0.068228 0.465305 0.068228 0.474527 0.061661 0.474527
1 0.299885 0.465302 0.306654 0.465302 0.306654 0.474791 0.299885 0.474791
1 0.309070 0.465451 0.315581 0.465451 0.315581 0.474674 0.309070 0.474674
1 0.317497 0.465184 0.324407 0.465184 0.324407 0.474691 0.317497 0.474691
1 0.326206 0.465106 0.332964 0.465106 0.332964 0.474736 0.326206 0.474736
1 0.334718 0.465263 0.341012 0.465263 0.341012 0.474848 0.334718 0.474848
0 0.295283 0.474990 0.346304 0.474990 0.346304 0.524728 0.295283 0.524728
1 0.300122 0.524934 0.306796 0.524934 0.306796 0.534738 0.300122 0.534738
1 0.309108 0.524855 0.315619 0.524855 0.315619 0.534078 0.309108 0.534078
1 0.317702 0.524805 0.324074 0.524805 0.324074 0.534057 0.317702 0.534057
1 0.326231 0.524829 0.332613 0.524829 0.332613 0.534321 0.326231 0.534321
1 0.334557 0.524805 0.340936 0.524805 0.340936 0.534045 0.334557 0.534045
1 0.419283 0.465302 0.426052 0.465302 0.426052 0.474791 0.419283 0.474791
1 0.428416 0.465608 0.434927 0.465608 0.434927 0.474831 0.428416 0.474831
1 0.436477 0.465184 0.443387 0.465184 0.443387 0.474691 0.436477 0.474691
1 0.444685 0.464730 0.451786 0.464730 0.451786 0.474631 0.444685 0.474631
1 0.453356 0.464963 0.460148 0.464963 0.460148 0.474848 0.453356 0.474848
0 0.414681 0.474990 0.465702 0.474990 0.465702 0.524728 0.414681 0.524728
1 0.419520 0.524934 0.426193 0.524934 0.426193 0.534738 0.419520 0.534738
1 0.428212 0.524828 0.434723 0.524828 0.434723 0.534051 0.428212 0.534051
1 0.436859 0.524859 0.443231 0.524859 0.443231 0.534110 0.436859 0.534110
1 0.445298 0.524774 0.451680 0.524774 0.451680 0.534266 0.445298 0.534266
1 0.453734 0.524832 0.460114 0.524832 0.460114 0.534072 0.453734 0.534072
1 0.538808 0.464825 0.545577 0.464825 0.545577 0.474314 0.538808 0.474314
1 0.547411 0.464932 0.553922 0.464932 0.553922 0.474155 0.547411 0.474155
1 0.555781 0.465302 0.562912 0.465302 0.562912 0.474214 0.555781 0.474214
1 0.564120 0.465235 0.571311 0.465235 0.571311 0.474154 0.564120 0.474154
1 0.572725 0.464904 0.579406 0.464904 0.579406 0.474317 0.572725 0.474317
0 0.534006 0.474488 0.584853 0.474488 0.584853 0.524518 0.534006 0.524518
1 0.538670 0.524724 0.545344 0.524724 0.545344 0.534528 0.538670 0.534528
1 0.547363 0.524618 0.553874 0.524618 0.553874 0.533841 0.547363 0.533841
1 0.556010 0.524649 0.562382 0.524649 0.562382 0.533900 0.556010 0.533900
1 0.564449 0.524564 0.570831 0.524564 0.570831 0.534056 0.564449 0.534056
1 0.572885 0.524622 0.579264 0.524622 0.579264 0.533862 0.572885 0.533862
1 0.657733 0.465173 0.664503 0.465173 0.664503 0.474662 0.657733 0.474662
1 0.666536 0.465479 0.673047 0.465479 0.673047 0.474702 0.666536 0.474702
1 0.674706 0.465302 0.681691 0.465302 0.681691 0.474733 0.674706 0.474733
1 0.683046 0.465235 0.690295 0.465235 0.690295 0.474783 0.683046 0.474783
1 0.691650 0.464904 0.698402 0.464904 0.698402 0.474783 0.691650 0.474783
0 0.653539 0.474982 0.703778 0.474982 0.703778 0.524518 0.653539 0.524518
1 0.691811 0.524622 0.698190 0.524622 0.698190 0.533862 0.691811 0.533862
1 0.683375 0.524564 0.689757 0.524564 0.689757 0.534056 0.683375 0.534056
1 0.675135 0.524715 0.681507 0.524715 0.681507 0.533966 0.675135 0.533966
1 0.666289 0.524618 0.672799 0.524618 0.672799 0.533841 0.666289 0.533841
1 0.657596 0.524724 0.664270 0.524724 0.664270 0.534528 0.657596 0.534528
0 0.772611 0.474883 0.823357 0.474883 0.823357 0.524648 0.772611 0.524648
1 0.777014 0.465005 0.783783 0.465005 0.783783 0.474495 0.777014 0.474495
1 0.785618 0.465560 0.792128 0.465560 0.792128 0.474783 0.785618 0.474783
1 0.793937 0.465283 0.800922 0.465283 0.800922 0.474715 0.793937 0.474715
1 0.802675 0.465018 0.809924 0.465018 0.809924 0.474566 0.802675 0.474566
1 0.811329 0.464737 0.818081 0.464737 0.818081 0.474615 0.811329 0.474615
1 0.777175 0.524855 0.783849 0.524855 0.783849 0.534659 0.777175 0.534659
1 0.785868 0.524749 0.792378 0.524749 0.792378 0.533972 0.785868 0.533972
1 0.794714 0.524846 0.801086 0.524846 0.801086 0.534097 0.794714 0.534097
1 0.802954 0.524695 0.809336 0.524695 0.809336 0.534187 0.802954 0.534187
1 0.811390 0.524753 0.817769 0.524753 0.817769 0.533993 0.811390 0.533993
0 0.105955 0.359215 0.159617 0.359215 0.159617 0.400715 0.105955 0.400715
1 0.141299 0.355414 0.165774 0.355414 0.165774 0.375480 0.141299 0.375480
1 0.140850 0.385411 0.165901 0.385411 0.165901 0.405327 0.140850 0.405327
1 0.100893 0.385161 0.125443 0.385161 0.125443 0.405202 0.100893 0.405202
1 0.100643 0.355663 0.125694 0.355663 0.125694 0.375767 0.100643 0.375767
0 0.259116 0.359083 0.312778 0.359083 0.312778 0.400583 0.259116 0.400583
1 0.293743 0.355298 0.318934 0.355298 0.318934 0.375348 0.293743 0.375348
1 0.294093 0.385279 0.319061 0.385279 0.319061 0.405174 0.294093 0.405174
1 0.253641 0.385324 0.278604 0.385324 0.278604 0.405070 0.253641 0.405070
1 0.253803 0.355531 0.278654 0.355531 0.278654 0.375249 0.253803 0.375249
0 0.412226 0.358643 0.465887 0.358643 0.465887 0.400144 0.412226 0.400144
1 0.407209 0.355092 0.432060 0.355092 0.432060 0.374810 0.407209 0.374810
1 0.407417 0.385107 0.432380 0.385107 0.432380 0.404853 0.407417 0.404853
1 0.447129 0.385062 0.472097 0.385062 0.472097 0.404957 0.447129 0.404957
1 0.447000 0.355303 0.472192 0.355303 0.472192 0.375353 0.447000 0.375353
1 0.560517 0.355346 0.585368 0.355346 0.585368 0.375063 0.560517 0.375063
1 0.560725 0.385361 0.585688 0.385361 0.585688 0.405106 0.560725 0.405106
0 0.565534 0.358897 0.619195 0.358897 0.619195 0.400398 0.565534 0.400398
1 0.600309 0.355557 0.625500 0.355557 0.625500 0.375607 0.600309 0.375607
1 0.600437 0.385316 0.625405 0.385316 0.625405 0.405211 0.600437 0.405211
0 0.718734 0.358775 0.772396 0.358775 0.772396 0.400276 0.718734 0.400276
1 0.713718 0.355224 0.738569 0.355224 0.738569 0.374941 0.713718 0.374941
1 0.713926 0.385239 0.738889 0.385239 0.738889 0.404984 0.713926 0.404984
1 0.753285 0.355267 0.778477 0.355267 0.778477 0.375317 0.753285 0.375317
1 0.753638 0.385194 0.778606 0.385194 0.778606 0.405089 0.753638 0.405089
1 0.872924 0.022537 0.890067 0.001106 0.895462 0.005498 0.878793 0.027010
1 0.879392 0.027922 0.896534 0.006491 0.901929 0.010884 0.885261 0.032395
1 0.886145 0.033535 0.903287 0.012104 0.908682 0.016497 0.891837 0.037789
1 0.892759 0.038954 0.909902 0.017522 0.915297 0.021915 0.898452 0.043207
1 0.898987 0.044337 0.916130 0.022906 0.921525 0.027298 0.904679 0.048591
1 0.905320 0.049826 0.922463 0.028394 0.927858 0.032787 0.911013 0.054080
1 0.911794 0.055244 0.928937 0.033813 0.934332 0.038206 0.917487 0.059498
1 0.918761 0.060768 0.935904 0.039337 0.941299 0.043730 0.924453 0.065022
1 0.925094 0.066363 0.942237 0.044931 0.947632 0.049324 0.930787 0.070616
1 0.931604 0.071816 0.948746 0.050385 0.954141 0.054778 0.937296 0.076070
1 0.938148 0.077376 0.955291 0.055944 0.960686 0.060337 0.943840 0.081629
1 0.944481 0.082689 0.961624 0.061257 0.967019 0.065650 0.950174 0.086942
1 0.950991 0.087966 0.968133 0.066535 0.973528 0.070928 0.956683 0.092220
1 0.957535 0.093631 0.974678 0.072200 0.980073 0.076593 0.963227 0.097885
1 0.964009 0.098979 0.981152 0.077548 0.986547 0.081941 0.969701 0.103233
1 0.970694 0.104503 0.987837 0.083072 0.993232 0.087465 0.976387 0.108757
1 0.977204 0.109922 0.994346 0.088491 0.999741 0.092883 0.982896 0.114176
1 0.471668 0.022308 0.448866 0.004256 0.444419 0.009804 0.467411 0.027590
1 0.466081 0.029148 0.443279 0.011096 0.438832 0.016645 0.461825 0.034431
1 0.460913 0.035343 0.437958 0.017823 0.433512 0.023372 0.456580 0.040740
1 0.455262 0.041960 0.432307 0.024441 0.427861 0.029989 0.450929 0.047357
1 0.449760 0.048281 0.426805 0.030761 0.422359 0.036309 0.445427 0.053677
1 0.444369 0.055010 0.421415 0.037490 0.416968 0.043038 0.440037 0.060406
1 0.438909 0.061592 0.415955 0.044072 0.411508 0.049621 0.434577 0.066988
1 0.433560 0.068023 0.410605 0.050503 0.406159 0.056051 0.429227 0.073419
1 0.427993 0.074561 0.405039 0.057041 0.400593 0.062590 0.423661 0.079958
1 0.422481 0.080776 0.399527 0.063256 0.395080 0.068805 0.418149 0.086172
1 0.417131 0.087693 0.394177 0.070173 0.389731 0.075722 0.412799 0.093089
1 0.411457 0.094232 0.388503 0.076712 0.384056 0.082260 0.407125 0.099628
1 0.406161 0.100662 0.383207 0.083143 0.378761 0.088691 0.401829 0.106059
1 0.400703 0.107147 0.377952 0.089921 0.373303 0.095176 0.396371 0.112544
1 0.394975 0.113578 0.372223 0.096351 0.367574 0.101607 0.390643 0.118974
1 0.389733 0.120063 0.366982 0.102836 0.362332 0.108091 0.385401 0.125459
1 0.191682 0.022725 0.208895 0.002002 0.214037 0.006015 0.197075 0.027146
1 0.198047 0.028087 0.215259 0.007363 0.220401 0.011376 0.203439 0.032507
1 0.204756 0.033479 0.221969 0.012755 0.227110 0.016768 0.210149 0.037900
1 0.211027 0.039028 0.228239 0.018305 0.233381 0.022318 0.216419 0.043449
1 0.217705 0.044546 0.234917 0.023823 0.240059 0.027836 0.223097 0.048967
1 0.224038 0.049876 0.241250 0.029153 0.246392 0.033166 0.229430 0.054297
1 0.230873 0.055394 0.248085 0.034671 0.253227 0.038684 0.236265 0.059815
1 0.237425 0.060818 0.254638 0.040094 0.259779 0.044108 0.242818 0.065239
1 0.243915 0.066368 0.261128 0.045644 0.266269 0.049657 0.249308 0.070788
1 0.250436 0.072042 0.267649 0.051319 0.272791 0.055332 0.255829 0.076463
1 0.256989 0.077623 0.274201 0.056899 0.279343 0.060912 0.262382 0.082044
1 0.263354 0.082828 0.280566 0.062104 0.285708 0.066117 0.268746 0.087248
1 0.269843 0.088283 0.287056 0.067559 0.292198 0.071572 0.275236 0.092703
1 0.276459 0.093926 0.293671 0.073202 0.298813 0.077215 0.281851 0.098347
1 0.282823 0.099037 0.300036 0.078313 0.305177 0.082326 0.288216 0.103457
1 0.289627 0.104492 0.306839 0.083768 0.311981 0.087781 0.295019 0.108913
1 0.296023 0.109822 0.313235 0.089098 0.318377 0.093111 0.301415 0.114242
1 0.302529 0.115464 0.319742 0.094740 0.324883 0.098753 0.307922 0.119884
1 0.309324 0.120900 0.326536 0.100176 0.331678 0.104189 0.314717 0.125320
1 0.315690 0.126501 0.332902 0.105777 0.338044 0.109790 0.321082 0.130922
