0 0.689357 0.337154 0.816219 0.337154 0.816219 0.477765 0.689357 0.477765
0 0.668225 0.741227 0.835972 0.741227 0.835972 0.921112 0.668225 0.921112
1 0.218392 0.230222 0.229091 0.230222 0.229091 0.263655 0.218392 0.263655
1 0.196995 0.231359 0.207488 0.231359 0.207488 0.263346 0.196995 0.263346
1 0.218780 0.135165 0.229066 0.135165 0.229066 0.167155 0.218780 0.167155
1 0.261083 0.230736 0.272605 0.230736 0.272605 0.263449 0.261083 0.263449
0 0.196502 0.173270 0.338956 0.173270 0.338956 0.229708 0.196502 0.229708
1 0.261904 0.135259 0.272060 0.135259 0.272060 0.167422 0.261904 0.167422
1 0.239789 0.230634 0.251311 0.230634 0.251311 0.263964 0.239789 0.263964
1 0.283504 0.135014 0.293821 0.135014 0.293821 0.168131 0.283504 0.168131
0 0.589777 0.062394 0.637271 0.062394 0.637271 0.081650 0.589777 0.081650
1 0.197059 0.135057 0.207857 0.135057 0.207857 0.167378 0.197059 0.167378
1 0.283098 0.230634 0.294310 0.230634 0.294310 0.263141 0.283098 0.263141
1 0.240122 0.135369 0.251311 0.135369 0.251311 0.166751 0.240122 0.166751
1 0.304987 0.134800 0.316016 0.134800 0.316016 0.167471 0.304987 0.167471
1 0.623136 0.081818 0.637666 0.081818 0.637666 0.098858 0.623136 0.098858
1 0.304392 0.231045 0.315810 0.231045 0.315810 0.263449 0.304392 0.263449
1 0.326696 0.135111 0.337207 0.135111 0.337207 0.167163 0.326696 0.167163
1 0.326406 0.230634 0.338030 0.230634 0.338030 0.263141 0.326406 0.263141
1 0.590137 0.081793 0.605189 0.081793 0.605189 0.098966 0.590137 0.098966
1 0.336834 0.550582 0.348428 0.550582 0.348428 0.584825 0.336834 0.584825
1 0.606734 0.045221 0.621320 0.045221 0.621320 0.062286 0.606734 0.062286
1 0.293693 0.550380 0.305287 0.550380 0.305287 0.584825 0.293693 0.584825
1 0.163800 0.550650 0.175663 0.550650 0.175663 0.585230 0.163800 0.585230
1 0.249879 0.550245 0.261810 0.550245 0.261810 0.585095 0.249879 0.585095
1 0.250755 0.391838 0.261390 0.391838 0.261390 0.427281 0.250755 0.427281
1 0.207075 0.550111 0.218737 0.550111 0.218737 0.585297 0.207075 0.585297
1 0.818808 0.419219 0.836437 0.419219 0.836437 0.432399 0.818808 0.432399
1 0.315601 0.391569 0.326453 0.391569 0.326453 0.426418 0.315601 0.426418
1 0.367425 0.838787 0.393834 0.838787 0.393834 0.844157 0.367425 0.844157
1 0.293693 0.391704 0.305557 0.391704 0.305557 0.426486 0.293693 0.426486
1 0.272528 0.391973 0.283492 0.391973 0.283492 0.427337 0.272528 0.427337
1 0.631621 0.887647 0.650280 0.887647 0.650280 0.900954 0.631621 0.900954
1 0.185909 0.392378 0.196425 0.392378 0.196425 0.426620 0.185909 0.426620
1 0.336969 0.391906 0.348361 0.391906 0.348361 0.426823 0.336969 0.426823
1 0.650662 0.418473 0.670916 0.418473 0.670916 0.432494 0.650662 0.432494
1 0.694662 0.479462 0.707180 0.479462 0.707180 0.495527 0.694662 0.495527
1 0.315466 0.550380 0.326858 0.550380 0.326858 0.585297 0.315466 0.585297
1 0.367668 0.855616 0.394279 0.855616 0.394279 0.861638 0.367668 0.861638
1 0.164339 0.391906 0.175692 0.391906 0.175692 0.426465 0.164339 0.426465
1 0.367396 0.779210 0.394142 0.779210 0.394142 0.785068 0.367396 0.785068
1 0.228511 0.550178 0.240442 0.550178 0.240442 0.585432 0.228511 0.585432
1 0.358674 0.549774 0.369729 0.549774 0.369729 0.585028 0.358674 0.585028
1 0.140283 0.788431 0.166676 0.788431 0.166676 0.793778 0.140283 0.793778
1 0.802678 0.923573 0.816983 0.923573 0.816983 0.940925 0.802678 0.940925
1 0.272123 0.550178 0.283380 0.550178 0.283380 0.585971 0.272123 0.585971
1 0.185707 0.550582 0.197166 0.550582 0.197166 0.585297 0.185707 0.585297
1 0.140097 0.814174 0.166841 0.814174 0.166841 0.819347 0.140097 0.819347
1 0.207547 0.391906 0.218669 0.391906 0.218669 0.426081 0.207547 0.426081
1 0.781354 0.479714 0.794522 0.479714 0.794522 0.495794 0.781354 0.495794
1 0.367204 0.881206 0.393832 0.881206 0.393832 0.886893 0.367204 0.886893
1 0.367308 0.813465 0.393954 0.813465 0.393954 0.818575 0.367308 0.818575
1 0.140124 0.839647 0.166752 0.839647 0.166752 0.844573 0.140124 0.844573
1 0.229117 0.392041 0.240509 0.392041 0.240509 0.426283 0.229117 0.426283
1 0.367540 0.864465 0.394140 0.864465 0.394140 0.870068 0.367540 0.870068
1 0.781181 0.924720 0.795499 0.924720 0.795499 0.941028 0.781181 0.941028
1 0.358741 0.391838 0.369661 0.391838 0.369661 0.426351 0.358741 0.426351
1 0.819567 0.375942 0.836057 0.375942 0.836057 0.389058 0.819567 0.389058
1 0.716312 0.479095 0.730509 0.479095 0.730509 0.495984 0.716312 0.495984
1 0.139990 0.805189 0.166984 0.805189 0.166984 0.810205 0.139990 0.810205
1 0.672486 0.923935 0.686133 0.923935 0.686133 0.941112 0.672486 0.941112
1 0.140100 0.856746 0.167138 0.856746 0.167138 0.862120 0.140100 0.862120
1 0.694228 0.924296 0.708481 0.924296 0.708481 0.941132 0.694228 0.941132
1 0.715298 0.923883 0.729549 0.923883 0.729549 0.940944 0.715298 0.940944
1 0.651525 0.440271 0.670583 0.440271 0.670583 0.454307 0.651525 0.454307
1 0.631751 0.844567 0.650538 0.844567 0.650538 0.857574 0.631751 0.857574
1 0.139938 0.830767 0.167156 0.830767 0.167156 0.836165 0.139938 0.836165
1 0.651877 0.374844 0.671248 0.374844 0.671248 0.389533 0.651877 0.389533
1 0.367136 0.830105 0.394256 0.830105 0.394256 0.835622 0.367136 0.835622
1 0.367185 0.804760 0.393444 0.804760 0.393444 0.810369 0.367185 0.810369
1 0.759453 0.923986 0.773107 0.923986 0.773107 0.940900 0.759453 0.940900
1 0.367017 0.788055 0.394264 0.788055 0.394264 0.793498 0.367017 0.793498
1 0.367439 0.770680 0.393524 0.770680 0.393524 0.776485 0.367439 0.776485
1 0.631441 0.865681 0.650590 0.865681 0.650590 0.879057 0.631441 0.879057
1 0.139918 0.865127 0.166916 0.865127 0.166916 0.869961 0.139918 0.869961
1 0.819377 0.353986 0.835819 0.353986 0.835819 0.367768 0.819377 0.367768
1 0.759598 0.311284 0.774061 0.311284 0.774061 0.330716 0.759598 0.330716
1 0.139616 0.771057 0.166374 0.771057 0.166374 0.776339 0.139616 0.776339
1 0.140093 0.847957 0.166946 0.847957 0.166946 0.853550 0.140093 0.853550
1 0.140032 0.873215 0.167327 0.873215 0.167327 0.878691 0.140032 0.878691
1 0.738219 0.479275 0.751657 0.479275 0.751657 0.495367 0.738219 0.495367
1 0.651424 0.353340 0.671201 0.353340 0.671201 0.368196 0.651424 0.368196
1 0.819709 0.440953 0.835724 0.440953 0.835724 0.454164 0.819709 0.454164
1 0.760138 0.479624 0.773089 0.479624 0.773089 0.495937 0.760138 0.495937
1 0.631729 0.822848 0.650228 0.822848 0.650228 0.836039 0.631729 0.836039
1 0.781589 0.311731 0.795536 0.311731 0.795536 0.330992 0.781589 0.330992
1 0.367286 0.796345 0.394284 0.796345 0.394284 0.801827 0.367286 0.801827
1 0.695017 0.311543 0.708976 0.311543 0.708976 0.330440 0.695017 0.330440
1 0.649730 0.395306 0.670963 0.395306 0.670963 0.411584 0.649730 0.411584
1 0.140165 0.881880 0.167232 0.881880 0.167232 0.887045 0.140165 0.887045
1 0.736243 0.045032 0.751212 0.045032 0.751212 0.060904 0.736243 0.060904
0 0.719221 0.060975 0.767620 0.060975 0.767620 0.081684 0.719221 0.081684
1 0.720177 0.081873 0.734565 0.081873 0.734565 0.099229 0.720177 0.099229
1 0.752705 0.081947 0.767552 0.081947 0.767552 0.098999 0.752705 0.098999
0 0.655025 0.158932 0.701616 0.158932 0.701616 0.178160 0.655025 0.178160
1 0.671147 0.142402 0.686331 0.142402 0.686331 0.158715 0.671147 0.158715
1 0.654834 0.178448 0.669950 0.178448 0.669950 0.196744 0.654834 0.196744
1 0.687767 0.178379 0.702746 0.178379 0.702746 0.196778 0.687767 0.196778
0 0.161929 0.428087 0.374944 0.428087 0.374944 0.544090 0.161929 0.544090
0 0.168793 0.762866 0.366362 0.762866 0.366362 0.895454 0.168793 0.895454
1 0.139761 0.822052 0.166980 0.822052 0.166980 0.827450 0.139761 0.827450
1 0.139343 0.796828 0.166337 0.796828 0.166337 0.801843 0.139343 0.801843
1 0.139852 0.779301 0.166761 0.779301 0.166761 0.785578 0.139852 0.785578
1 0.367321 0.871844 0.393702 0.871844 0.393702 0.879087 0.367321 0.879087
1 0.367374 0.846194 0.394055 0.846194 0.394055 0.853354 0.367374 0.853354
1 0.367489 0.820507 0.394055 0.820507 0.394055 0.827680 0.367489 0.827680
1 0.839900 0.757516 0.855691 0.757516 0.855691 0.771243 0.839900 0.771243
1 0.839849 0.779065 0.855756 0.779065 0.855756 0.792533 0.839849 0.792533
1 0.839798 0.800359 0.855401 0.800359 0.855401 0.814031 0.839798 0.814031
1 0.839849 0.822061 0.855706 0.822061 0.855706 0.835529 0.839849 0.835529
1 0.839493 0.844067 0.855655 0.844067 0.855655 0.857078 0.839493 0.857078
1 0.839544 0.865464 0.855350 0.865464 0.855350 0.879846 0.839544 0.879846
1 0.838832 0.887013 0.855706 0.887013 0.855706 0.900277 0.838832 0.900277
1 0.802138 0.716908 0.816115 0.716908 0.816115 0.734493 0.802138 0.734493
1 0.780386 0.716959 0.794616 0.716959 0.794616 0.734239 0.780386 0.734239
1 0.758634 0.715841 0.772559 0.715841 0.772559 0.734544 0.758634 0.734544
1 0.737237 0.716908 0.751519 0.716908 0.751519 0.734696 0.737237 0.734696
1 0.715434 0.717213 0.729461 0.717213 0.729461 0.734239 0.715434 0.734239
1 0.693885 0.716603 0.707760 0.716603 0.707760 0.733883 0.693885 0.733883
1 0.672336 0.717010 0.686618 0.717010 0.686618 0.734086 0.672336 0.734086
1 0.631327 0.756767 0.649454 0.756767 0.649454 0.771279 0.631327 0.771279
1 0.631224 0.778612 0.649970 0.778612 0.649970 0.792762 0.631224 0.792762
1 0.632205 0.799941 0.649815 0.799941 0.649815 0.814452 0.632205 0.814452
1 0.736833 0.923935 0.752429 0.923935 0.752429 0.941286 0.736833 0.941286
1 0.715710 0.310898 0.731002 0.310898 0.731002 0.330771 0.715710 0.330771
1 0.737737 0.311284 0.752587 0.311284 0.752587 0.330606 0.737737 0.330606
1 0.819186 0.396947 0.836390 0.396947 0.836390 0.411536 0.819186 0.411536
1 0.228632 0.010137 0.241666 0.010137 0.241666 0.041454 0.228632 0.041454
1 0.249812 0.010318 0.262845 0.010318 0.262845 0.041635 0.249812 0.041635
1 0.293348 0.010590 0.306381 0.010590 0.306381 0.041907 0.293348 0.041907
1 0.272168 0.010409 0.285202 0.010409 0.285202 0.041726 0.272168 0.041726
