0 0.109896 0.472226 0.195974 0.472226 0.195974 0.560239 0.109896 0.560239
0 0.615115 0.927039 0.666875 0.927039 0.666875 0.953033 0.615115 0.953033
0 0.355405 0.927797 0.407090 0.927797 0.407090 0.953336 0.355405 0.953336
0 0.042599 0.119742 0.154703 0.119742 0.154703 0.233239 0.042599 0.233239
0 0.095848 0.927266 0.147608 0.927266 0.147608 0.953563 0.095848 0.953563
0 0.874179 0.927117 0.926054 0.927117 0.926054 0.953260 0.874179 0.953260
0 0.225664 0.927494 0.277424 0.927494 0.277424 0.953639 0.225664 0.953639
0 0.745007 0.927039 0.796692 0.927039 0.796692 0.953108 0.745007 0.953108
0 0.485687 0.927351 0.537210 0.927351 0.537210 0.953184 0.485687 0.953184
1 0.336611 0.926584 0.355254 0.926584 0.355254 0.954169 0.336611 0.954169
1 0.337904 0.863884 0.355148 0.863884 0.355148 0.887143 0.337904 0.887143
0 0.138289 0.865512 0.170381 0.865512 0.170381 0.885388 0.138289 0.885388
1 0.856169 0.926521 0.873915 0.926521 0.873915 0.954245 0.856169 0.954245
1 0.229781 0.863984 0.245721 0.863984 0.245721 0.886992 0.229781 0.886992
0 0.953034 0.804516 0.977780 0.804516 0.977780 0.817066 0.953034 0.817066
1 0.122025 0.864172 0.138149 0.864172 0.138149 0.887042 0.122025 0.887042
1 0.466959 0.926950 0.485374 0.926950 0.485374 0.954700 0.466959 0.954700
0 0.787391 0.864937 0.819622 0.864937 0.819622 0.885489 0.787391 0.885489
1 0.206870 0.926433 0.225437 0.926433 0.225437 0.954472 0.206870 0.954472
0 0.895664 0.865588 0.927445 0.865588 0.927445 0.885138 0.895664 0.885138
0 0.347564 0.804659 0.372143 0.804659 0.372143 0.816435 0.347564 0.816435
1 0.596789 0.926857 0.614887 0.926857 0.614887 0.954548 0.596789 0.954548
0 0.433871 0.804792 0.458144 0.804792 0.458144 0.817185 0.433871 0.817185
0 0.261041 0.803963 0.285550 0.803963 0.285550 0.816435 0.261041 0.816435
1 0.878651 0.864066 0.895464 0.864066 0.895464 0.887293 0.878651 0.887293
0 0.866836 0.804437 0.891148 0.804437 0.891148 0.816751 0.866836 0.816751
0 0.570943 0.865488 0.602879 0.865488 0.602879 0.885283 0.570943 0.885283
1 0.277702 0.863984 0.294444 0.863984 0.294444 0.887243 0.277702 0.887243
0 0.463138 0.865125 0.494199 0.865125 0.494199 0.885438 0.463138 0.885438
1 0.667146 0.926687 0.685063 0.926687 0.685063 0.954397 0.667146 0.954397
1 0.662525 0.864135 0.679418 0.864135 0.679418 0.887544 0.662525 0.887544
1 0.554452 0.864185 0.570843 0.864185 0.570843 0.887042 0.554452 0.887042
1 0.927738 0.864243 0.943485 0.864243 0.943485 0.887293 0.927738 0.887293
1 0.603075 0.864084 0.619149 0.864084 0.619149 0.887151 0.603075 0.887151
1 0.537513 0.926433 0.555094 0.926433 0.555094 0.954397 0.537513 0.954397
1 0.147911 0.926205 0.165493 0.926205 0.165493 0.954397 0.147911 0.954397
0 0.935088 0.752816 0.950691 0.752816 0.950691 0.760809 0.935088 0.760809
1 0.446410 0.864152 0.462870 0.864152 0.462870 0.887093 0.446410 0.887093
0 0.245972 0.865638 0.277602 0.865638 0.277602 0.885288 0.245972 0.885288
1 0.156403 0.157235 0.185025 0.157235 0.185025 0.162459 0.156403 0.162459
0 0.355325 0.866057 0.387129 0.866057 0.387129 0.885489 0.355325 0.885489
0 0.087672 0.804248 0.112533 0.804248 0.112533 0.816476 0.087672 0.816476
0 0.679618 0.865588 0.711248 0.865588 0.711248 0.885138 0.679618 0.885138
0 0.416901 0.752286 0.432306 0.752286 0.432306 0.760652 0.416901 0.760652
1 0.726365 0.926508 0.744704 0.926508 0.744704 0.954094 0.726365 0.954094
0 0.741808 0.752185 0.757262 0.752185 0.757262 0.760244 0.741808 0.760244
0 0.607136 0.804634 0.631527 0.804634 0.631527 0.816869 0.607136 0.816869
1 0.926237 0.926370 0.944242 0.926370 0.944242 0.954245 0.926237 0.954245
0 0.546411 0.752271 0.562263 0.752271 0.562263 0.760683 0.546411 0.760683
0 0.806023 0.752557 0.821581 0.752557 0.821581 0.760589 0.806023 0.760589
0 0.174130 0.803967 0.198650 0.803967 0.198650 0.816186 0.174130 0.816186
1 0.407241 0.926736 0.425353 0.926736 0.425353 0.954245 0.407241 0.954245
1 0.011871 0.156854 0.041071 0.156854 0.041071 0.162619 0.011871 0.162619
1 0.796843 0.926508 0.814576 0.926508 0.814576 0.954548 0.796843 0.954548
1 0.277576 0.926584 0.295537 0.926584 0.295537 0.954472 0.277576 0.954472
0 0.221468 0.752934 0.236899 0.752934 0.236899 0.760840 0.221468 0.760840
1 0.011760 0.150045 0.040931 0.150045 0.040931 0.156164 0.011760 0.156164
0 0.286969 0.752383 0.302977 0.752383 0.302977 0.760652 0.286969 0.760652
1 0.077584 0.926508 0.095696 0.926508 0.095696 0.954397 0.077584 0.954397
1 0.156312 0.150429 0.185141 0.150429 0.185141 0.156066 0.156312 0.156066
1 0.804712 0.803289 0.813909 0.803289 0.813909 0.818290 0.804712 0.818290
1 0.387279 0.864084 0.402518 0.864084 0.402518 0.887243 0.387279 0.887243
1 0.099511 0.234995 0.104682 0.234995 0.104682 0.262376 0.099511 0.262376
1 0.711373 0.864101 0.727188 0.864101 0.727188 0.887193 0.711373 0.887193
0 0.520267 0.805226 0.544855 0.805226 0.544855 0.817422 0.520267 0.817422
0 0.611286 0.752219 0.626959 0.752219 0.626959 0.760244 0.611286 0.760244
1 0.106567 0.234737 0.111080 0.234737 0.111080 0.262459 0.106567 0.262459
1 0.170547 0.863856 0.186171 0.863856 0.186171 0.886942 0.170547 0.886942
0 0.779888 0.804476 0.804595 0.804476 0.804595 0.816553 0.779888 0.816553
1 0.372328 0.803343 0.381024 0.803343 0.381024 0.818329 0.372328 0.818329
0 0.870645 0.752334 0.886466 0.752334 0.886466 0.760558 0.870645 0.760558
1 0.156320 0.143688 0.185014 0.143688 0.185014 0.149324 0.156320 0.149324
1 0.092696 0.234967 0.097723 0.234967 0.097723 0.262769 0.092696 0.262769
1 0.011984 0.163768 0.041366 0.163768 0.041366 0.169383 0.011984 0.169383
0 0.157477 0.751888 0.173020 0.751888 0.173020 0.760213 0.157477 0.760213
1 0.494450 0.864084 0.510761 0.864084 0.510761 0.886901 0.494450 0.886901
1 0.770902 0.863956 0.787140 0.863956 0.787140 0.887393 0.770902 0.887393
1 0.943546 0.802879 0.952797 0.802879 0.952797 0.818408 0.943546 0.818408
1 0.156490 0.164030 0.184902 0.164030 0.184902 0.168977 0.156490 0.168977
0 0.677006 0.752248 0.692409 0.752248 0.692409 0.760275 0.677006 0.760275
1 0.107050 0.090280 0.111584 0.090280 0.111584 0.118373 0.107050 0.118373
0 0.481365 0.751968 0.497034 0.751968 0.497034 0.760181 0.481365 0.760181
0 0.694423 0.805082 0.718475 0.805082 0.718475 0.816948 0.694423 0.816948
1 0.100284 0.090183 0.104805 0.090183 0.104805 0.118402 0.100284 0.118402
1 0.012037 0.143363 0.041107 0.143363 0.041107 0.149316 0.012037 0.149316
1 0.093228 0.089942 0.098285 0.089942 0.098285 0.118203 0.093228 0.118203
1 0.198893 0.803208 0.208096 0.803208 0.208096 0.818504 0.198893 0.818504
1 0.819772 0.864185 0.834955 0.864185 0.834955 0.887140 0.819772 0.887140
1 0.066052 0.089990 0.070679 0.089990 0.070679 0.117200 0.066052 0.117200
1 0.141141 0.090213 0.145521 0.090213 0.145521 0.118070 0.141141 0.118070
1 0.631759 0.803465 0.640802 0.803465 0.640802 0.818211 0.631759 0.818211
1 0.977956 0.803403 0.987055 0.803403 0.987055 0.818408 0.977956 0.818408
1 0.113333 0.234834 0.117647 0.234834 0.117647 0.262567 0.113333 0.262567
0 0.584049 0.232257 0.636757 0.232257 0.636757 0.292517 0.584049 0.292517
1 0.012055 0.170755 0.041299 0.170755 0.041299 0.176529 0.012055 0.176529
1 0.285701 0.803362 0.294431 0.803362 0.294431 0.818250 0.285701 0.818250
0 0.515990 0.231764 0.568533 0.231764 0.568533 0.291696 0.515990 0.291696
1 0.120099 0.234544 0.124589 0.234544 0.124589 0.263061 0.120099 0.263061
1 0.458223 0.803292 0.467616 0.803292 0.467616 0.818369 0.458223 0.818369
0 0.652109 0.231719 0.704999 0.231719 0.704999 0.291249 0.652109 0.291249
1 0.113817 0.090473 0.118215 0.090473 0.118215 0.118154 0.113817 0.118154
1 0.156276 0.218340 0.184573 0.218340 0.184573 0.223841 0.156276 0.223841
1 0.891345 0.803411 0.900383 0.803411 0.900383 0.818250 0.891345 0.818250
1 0.156236 0.136719 0.184985 0.136719 0.184985 0.141984 0.156236 0.141984
1 0.112712 0.803438 0.121284 0.803438 0.121284 0.818098 0.112712 0.818098
1 0.086236 0.090363 0.091572 0.090363 0.091572 0.118052 0.086236 0.118052
1 0.012365 0.218395 0.041481 0.218395 0.041481 0.224560 0.012365 0.224560
1 0.051930 0.234372 0.056638 0.234372 0.056638 0.262862 0.051930 0.262862
1 0.012413 0.191242 0.041269 0.191242 0.041269 0.197132 0.012413 0.197132
1 0.528814 0.118029 0.553994 0.118029 0.553994 0.134023 0.528814 0.134023
1 0.120728 0.090425 0.125219 0.090425 0.125219 0.117987 0.120728 0.117987
1 0.126962 0.234743 0.131370 0.234743 0.131370 0.263271 0.126962 0.263271
1 0.045352 0.233627 0.049780 0.233627 0.049780 0.263010 0.045352 0.263010
1 0.156177 0.211615 0.185163 0.211615 0.185163 0.216618 0.156177 0.216618
1 0.156482 0.170915 0.184840 0.170915 0.184840 0.176092 0.156482 0.176092
1 0.338201 0.803292 0.347436 0.803292 0.347436 0.818132 0.338201 0.818132
1 0.079286 0.089690 0.084229 0.089690 0.084229 0.117748 0.079286 0.117748
1 0.857245 0.803055 0.866638 0.803055 0.866638 0.818093 0.857245 0.818093
1 0.012237 0.136256 0.041176 0.136256 0.041176 0.142050 0.012237 0.142050
1 0.544934 0.803292 0.554170 0.803292 0.554170 0.818250 0.544934 0.818250
1 0.078995 0.234521 0.083707 0.234521 0.083707 0.262865 0.078995 0.262865
0 0.351982 0.752329 0.367673 0.752329 0.367673 0.760401 0.351982 0.760401
1 0.173198 0.751868 0.180961 0.751868 0.180961 0.761311 0.173198 0.761311
1 0.012122 0.211182 0.041513 0.211182 0.041513 0.217117 0.012122 0.217117
1 0.140716 0.234154 0.145086 0.234154 0.145086 0.263059 0.140716 0.263059
1 0.950822 0.752092 0.959575 0.752092 0.959575 0.761468 0.950822 0.761468
1 0.424320 0.803213 0.433713 0.803213 0.433713 0.818172 0.424320 0.818172
1 0.303134 0.751955 0.310573 0.751955 0.310573 0.761280 0.303134 0.761280
1 0.052407 0.090585 0.056905 0.090585 0.056905 0.117815 0.052407 0.117815
1 0.133444 0.234481 0.138284 0.234481 0.138284 0.263309 0.133444 0.263309
1 0.156635 0.191313 0.185208 0.191313 0.185208 0.197125 0.156635 0.197125
1 0.127059 0.090232 0.132126 0.090232 0.132126 0.117820 0.127059 0.117820
1 0.012457 0.204712 0.041405 0.204712 0.041405 0.210941 0.012457 0.210941
1 0.156440 0.177635 0.184790 0.177635 0.184790 0.183090 0.156440 0.183090
1 0.058525 0.234439 0.063374 0.234439 0.063374 0.263145 0.058525 0.263145
1 0.251388 0.803227 0.260922 0.803227 0.260922 0.818250 0.251388 0.818250
1 0.821539 0.752056 0.830025 0.752056 0.830025 0.761594 0.821539 0.761594
1 0.086176 0.234626 0.091053 0.234626 0.091053 0.263010 0.086176 0.263010
0 0.720949 0.231659 0.773542 0.231659 0.773542 0.291901 0.720949 0.291901
1 0.012537 0.225329 0.041999 0.225329 0.041999 0.230291 0.012537 0.230291
1 0.065569 0.234652 0.070418 0.234652 0.070418 0.263358 0.065569 0.263358
1 0.072400 0.234581 0.077249 0.234581 0.077249 0.263287 0.072400 0.263287
1 0.012457 0.197739 0.041405 0.197739 0.041405 0.203968 0.012457 0.203968
1 0.012126 0.177443 0.041370 0.177443 0.041370 0.183217 0.012126 0.183217
1 0.012269 0.184345 0.041512 0.184345 0.041512 0.190119 0.012269 0.190119
1 0.012024 0.129710 0.040962 0.129710 0.040962 0.135504 0.012024 0.135504
1 0.045751 0.090363 0.050359 0.090363 0.050359 0.119025 0.045751 0.119025
1 0.059451 0.090229 0.063950 0.090229 0.063950 0.117460 0.059451 0.117460
1 0.072954 0.090559 0.077581 0.090559 0.077581 0.117769 0.072954 0.117769
1 0.133922 0.090377 0.138989 0.090377 0.138989 0.117965 0.133922 0.117965
1 0.147744 0.090328 0.152964 0.090328 0.152964 0.118939 0.147744 0.118939
1 0.156091 0.130050 0.184840 0.130050 0.184840 0.135315 0.156091 0.135315
1 0.155801 0.123187 0.184550 0.123187 0.184550 0.128452 0.155801 0.128452
1 0.156536 0.184304 0.184887 0.184304 0.184887 0.189759 0.156536 0.189759
1 0.156490 0.197934 0.185063 0.197934 0.185063 0.203747 0.156490 0.203747
1 0.156587 0.204700 0.185160 0.204700 0.185160 0.210513 0.156587 0.210513
1 0.155696 0.225251 0.184716 0.225251 0.184716 0.230678 0.155696 0.230678
1 0.147531 0.233670 0.151852 0.233670 0.151852 0.262817 0.147531 0.262817
1 0.012410 0.122750 0.041349 0.122750 0.041349 0.128545 0.012410 0.128545
0 0.319152 0.064400 0.352859 0.064400 0.352859 0.119536 0.319152 0.119536
1 0.324967 0.044743 0.350013 0.044743 0.350013 0.064176 0.324967 0.064176
1 0.324398 0.119815 0.349566 0.119815 0.349566 0.133933 0.324398 0.133933
0 0.390639 0.063339 0.421834 0.063339 0.421834 0.117861 0.390639 0.117861
1 0.393039 0.045203 0.418207 0.045203 0.418207 0.063172 0.393039 0.063172
1 0.392536 0.118029 0.417760 0.118029 0.417760 0.133933 0.392536 0.133933
0 0.458108 0.062112 0.489136 0.062112 0.489136 0.117303 0.458108 0.117303
1 0.461121 0.044979 0.486345 0.044979 0.486345 0.062000 0.461121 0.062000
1 0.460898 0.117471 0.485899 0.117471 0.485899 0.133989 0.460898 0.133989
0 0.526860 0.063228 0.558167 0.063228 0.558167 0.117750 0.526860 0.117750
1 0.529204 0.044868 0.554588 0.044868 0.554588 0.063126 0.529204 0.063126
0 0.447848 0.232339 0.500637 0.232339 0.500637 0.291696 0.447848 0.291696
1 0.453430 0.291860 0.493495 0.291860 0.493495 0.310989 0.453430 0.310989
1 0.453266 0.212717 0.493412 0.212717 0.493412 0.232093 0.453266 0.232093
0 0.379213 0.230369 0.432742 0.230369 0.432742 0.291860 0.379213 0.291860
1 0.385042 0.212799 0.425435 0.212799 0.425435 0.230040 0.385042 0.230040
1 0.385042 0.291860 0.425517 0.291860 0.425517 0.310743 0.385042 0.310743
0 0.311400 0.231682 0.364682 0.231682 0.364682 0.291860 0.311400 0.291860
1 0.316983 0.212635 0.357211 0.212635 0.357211 0.231272 0.316983 0.231272
1 0.316900 0.291943 0.357293 0.291943 0.357293 0.311236 0.316900 0.311236
1 0.521490 0.212799 0.561801 0.212799 0.561801 0.231600 0.521490 0.231600
1 0.521326 0.291860 0.561883 0.291860 0.561883 0.310989 0.521326 0.310989
1 0.589139 0.212882 0.629986 0.212882 0.629986 0.232095 0.589139 0.232095
1 0.589468 0.292681 0.629778 0.292681 0.629778 0.311071 0.589468 0.311071
1 0.657327 0.212982 0.697943 0.212982 0.697943 0.231304 0.657327 0.231304
1 0.657267 0.291368 0.698061 0.291368 0.698061 0.311290 0.657267 0.311290
1 0.725633 0.213041 0.766130 0.213041 0.766130 0.231541 0.725633 0.231541
1 0.725633 0.292020 0.766130 0.292020 0.766130 0.311350 0.725633 0.311350
0 0.787881 0.232082 0.841755 0.232082 0.841755 0.292593 0.787881 0.292593
1 0.793636 0.212897 0.834133 0.212897 0.834133 0.231978 0.793636 0.231978
1 0.793688 0.292852 0.834133 0.292852 0.834133 0.311260 0.793688 0.311260
0 0.856688 0.232756 0.909732 0.232756 0.909732 0.292697 0.856688 0.292697
1 0.861925 0.213104 0.902421 0.213104 0.902421 0.232393 0.861925 0.232393
1 0.861873 0.292852 0.902266 0.292852 0.902266 0.311312 0.861873 0.311312
0 0.924199 0.234001 0.976103 0.234001 0.976103 0.293060 0.924199 0.293060
1 0.929799 0.293163 0.970710 0.293163 0.970710 0.311312 0.929799 0.311312
1 0.930006 0.213208 0.970866 0.213208 0.970866 0.233741 0.930006 0.233741
0 0.935595 0.063052 0.964932 0.063052 0.964932 0.117237 0.935595 0.117237
0 0.866351 0.062168 0.897658 0.062168 0.897658 0.118324 0.866351 0.118324
0 0.798327 0.062067 0.829305 0.062067 0.829305 0.116908 0.798327 0.116908
0 0.731169 0.063329 0.762044 0.063329 0.762044 0.118099 0.731169 0.118099
1 0.733644 0.044900 0.758915 0.044900 0.758915 0.063191 0.733644 0.063191
1 0.733369 0.118306 0.758571 0.118306 0.758571 0.134397 0.733369 0.134397
1 0.665189 0.118753 0.690460 0.118753 0.690460 0.134122 0.665189 0.134122
1 0.665774 0.045209 0.690873 0.045209 0.690873 0.063157 0.665774 0.063157
0 0.662404 0.063397 0.693899 0.063397 0.693899 0.118615 0.662404 0.118615
1 0.597456 0.044900 0.622727 0.044900 0.622727 0.061850 0.597456 0.061850
1 0.597044 0.116896 0.622280 0.116896 0.622280 0.134362 0.597044 0.134362
0 0.594121 0.061885 0.625306 0.061885 0.625306 0.116793 0.594121 0.116793
1 0.801931 0.044982 0.826944 0.044982 0.826944 0.061949 0.801931 0.061949
1 0.801548 0.117229 0.826451 0.117229 0.826451 0.134141 0.801548 0.134141
1 0.869635 0.118488 0.894429 0.118488 0.894429 0.134141 0.869635 0.134141
1 0.870073 0.044873 0.895031 0.044873 0.895031 0.062004 0.870073 0.062004
1 0.148933 0.751868 0.157356 0.751868 0.157356 0.761092 0.148933 0.761092
0 0.092346 0.752459 0.107884 0.752459 0.107884 0.760213 0.092346 0.760213
1 0.108104 0.752145 0.116140 0.752145 0.116140 0.761405 0.108104 0.761405
1 0.083964 0.751863 0.092063 0.751863 0.092063 0.761060 0.083964 0.761060
1 0.237088 0.752302 0.245877 0.752302 0.245877 0.761343 0.237088 0.761343
1 0.213545 0.751894 0.221330 0.751894 0.221330 0.761374 0.213545 0.761374
1 0.278555 0.752114 0.286842 0.752114 0.286842 0.761531 0.278555 0.761531
1 0.367830 0.752145 0.375803 0.752145 0.375803 0.761657 0.367830 0.761657
1 0.343565 0.752177 0.351726 0.752177 0.351726 0.761594 0.343565 0.761594
1 0.432589 0.751926 0.440750 0.751926 0.440750 0.761562 0.432589 0.761562
1 0.408481 0.752145 0.416705 0.752145 0.416705 0.761531 0.408481 0.761531
1 0.497159 0.751863 0.505823 0.751863 0.505823 0.761374 0.497159 0.761374
1 0.473208 0.752020 0.481213 0.752020 0.481213 0.761562 0.473208 0.761562
1 0.562326 0.752177 0.570959 0.752177 0.570959 0.761562 0.562326 0.761562
1 0.538281 0.751863 0.546348 0.751863 0.546348 0.761437 0.538281 0.761437
1 0.627242 0.752208 0.635749 0.752208 0.635749 0.761468 0.627242 0.761468
1 0.603165 0.752239 0.611233 0.752239 0.611233 0.761186 0.603165 0.761186
1 0.692377 0.751894 0.700822 0.751894 0.700822 0.762253 0.692377 0.762253
1 0.668081 0.751800 0.676808 0.751800 0.676808 0.761908 0.668081 0.761908
1 0.757513 0.751863 0.765518 0.751863 0.765518 0.761751 0.757513 0.761751
1 0.733060 0.751957 0.741661 0.751957 0.741661 0.761311 0.733060 0.761311
1 0.797724 0.751988 0.805729 0.751988 0.805729 0.761280 0.797724 0.761280
1 0.886717 0.752208 0.895035 0.752208 0.895035 0.761594 0.886717 0.761594
1 0.862546 0.751863 0.870488 0.751863 0.870488 0.761060 0.862546 0.761060
1 0.927148 0.751988 0.934870 0.751988 0.934870 0.761437 0.927148 0.761437
1 0.078631 0.803262 0.087556 0.803262 0.087556 0.817924 0.078631 0.817924
1 0.164699 0.803134 0.173935 0.803134 0.173935 0.818132 0.164699 0.818132
1 0.511387 0.803213 0.520069 0.803213 0.520069 0.818053 0.511387 0.818053
1 0.597861 0.803411 0.606860 0.803411 0.606860 0.817935 0.597861 0.817935
1 0.684493 0.803213 0.694242 0.803213 0.694242 0.818487 0.684493 0.818487
1 0.718673 0.803450 0.727711 0.803450 0.727711 0.818329 0.718673 0.818329
1 0.770889 0.803332 0.779769 0.803332 0.779769 0.818093 0.770889 0.818093
1 0.937925 0.044328 0.962883 0.044328 0.962883 0.061459 0.937925 0.061459
1 0.937652 0.117357 0.962610 0.117357 0.962610 0.134488 0.937652 0.134488
