1 0.897131 0.509426 0.910220 0.509426 0.910220 0.524872 0.897131 0.524872
1 0.492775 0.474425 0.505579 0.474425 0.505579 0.489975 0.492775 0.489975
1 0.298759 0.474562 0.311595 0.474562 0.311595 0.490480 0.298759 0.490480
1 0.703356 0.509170 0.716317 0.509170 0.716317 0.524693 0.703356 0.524693
1 0.671154 0.509168 0.683965 0.509168 0.683965 0.524565 0.671154 0.524565
1 0.476804 0.509326 0.489584 0.509326 0.489584 0.525125 0.476804 0.525125
1 0.282558 0.509692 0.295633 0.509692 0.295633 0.525026 0.282558 0.525026
1 0.508711 0.509270 0.521910 0.509270 0.521910 0.524734 0.508711 0.524734
1 0.686821 0.474319 0.700051 0.474319 0.700051 0.489882 0.686821 0.489882
0 0.476373 0.490061 0.522136 0.490061 0.522136 0.509171 0.476373 0.509171
1 0.864778 0.509449 0.877997 0.509449 0.877997 0.524949 0.864778 0.524949
1 0.120692 0.509555 0.132744 0.509555 0.132744 0.524213 0.120692 0.524213
0 0.670087 0.490113 0.715856 0.490113 0.715856 0.509042 0.670087 0.509042
1 0.314948 0.509717 0.327936 0.509717 0.327936 0.524912 0.314948 0.524912
0 0.864432 0.490424 0.910594 0.490424 0.910594 0.509217 0.864432 0.509217
1 0.088056 0.509832 0.100473 0.509832 0.100473 0.525053 0.088056 0.525053
0 0.088722 0.490609 0.134255 0.490609 0.134255 0.509124 0.088722 0.509124
1 0.881206 0.474266 0.893993 0.474266 0.893993 0.490228 0.881206 0.490228
0 0.282066 0.490594 0.328051 0.490594 0.328051 0.509520 0.282066 0.509520
1 0.104988 0.474461 0.117435 0.474461 0.117435 0.490583 0.104988 0.490583
