0 0.193119 0.829495 0.215164 0.829495 0.215164 0.885072 0.193119 0.885072
0 0.088562 0.823944 0.110576 0.823944 0.110576 0.880640 0.088562 0.880640
0 0.052067 0.823903 0.074777 0.823903 0.074777 0.880499 0.052067 0.880499
0 0.201438 0.924096 0.223801 0.924096 0.223801 0.979316 0.201438 0.979316
0 0.158313 0.829136 0.180265 0.829136 0.180265 0.884835 0.158313 0.884835
0 0.248327 0.832463 0.271755 0.832463 0.271755 0.888798 0.248327 0.888798
0 0.323434 0.834721 0.345392 0.834721 0.345392 0.891624 0.323434 0.891624
0 0.236998 0.923258 0.258977 0.923258 0.258977 0.978944 0.236998 0.978944
0 0.285653 0.834492 0.307865 0.834492 0.307865 0.890697 0.285653 0.890697
0 0.360302 0.833836 0.383374 0.833836 0.383374 0.891030 0.360302 0.891030
0 0.537743 0.878772 0.559709 0.878772 0.559709 0.911431 0.537743 0.911431
0 0.401036 0.018476 0.451600 0.018476 0.451600 0.057488 0.401036 0.057488
0 0.188105 0.497486 0.239122 0.497486 0.239122 0.537926 0.188105 0.537926
0 0.404779 0.897439 0.430371 0.897439 0.430371 0.911626 0.404779 0.911626
0 0.362996 0.924954 0.388267 0.924954 0.388267 0.938084 0.362996 0.938084
0 0.470610 0.831674 0.484856 0.831674 0.484856 0.857682 0.470610 0.857682
1 0.270638 0.974446 0.299422 0.974446 0.299422 0.986219 0.270638 0.986219
0 0.448298 0.832559 0.462760 0.832559 0.462760 0.858646 0.448298 0.858646
0 0.311328 0.954114 0.337204 0.954114 0.337204 0.968136 0.311328 0.968136
0 0.400279 0.871016 0.425745 0.871016 0.425745 0.885437 0.400279 0.885437
0 0.207877 0.553016 0.233658 0.553016 0.233658 0.566034 0.207877 0.566034
0 0.915446 0.046239 0.948052 0.046239 0.948052 0.067362 0.915446 0.067362
0 0.389546 0.953477 0.403709 0.953477 0.403709 0.979489 0.389546 0.979489
0 0.425298 0.833144 0.439582 0.833144 0.439582 0.858737 0.425298 0.858737
0 0.320411 0.924186 0.346266 0.924186 0.346266 0.938151 0.320411 0.938151
0 0.404701 0.924848 0.430640 0.924848 0.430640 0.938922 0.404701 0.938922
0 0.320073 0.977261 0.345894 0.977261 0.345894 0.991300 0.320073 0.991300
0 0.127075 0.868331 0.139957 0.868331 0.139957 0.894057 0.127075 0.894057
0 0.834207 0.981710 0.850143 0.981710 0.850143 0.990026 0.834207 0.990026
0 0.863526 0.779073 0.875640 0.779073 0.875640 0.803646 0.863526 0.803646
0 0.577085 0.897961 0.608882 0.897961 0.608882 0.918781 0.577085 0.918781
0 0.251520 0.791267 0.277580 0.791267 0.277580 0.805579 0.251520 0.805579
0 0.272127 0.921835 0.298209 0.921835 0.298209 0.973897 0.272127 0.973897
0 0.872191 0.958060 0.888332 0.958060 0.888332 0.966124 0.872191 0.966124
0 0.364645 0.953252 0.379249 0.953252 0.379249 0.979517 0.364645 0.979517
1 0.536796 0.869237 0.560298 0.869237 0.560298 0.878235 0.536796 0.878235
0 0.450801 0.924625 0.458823 0.924625 0.458823 0.940697 0.450801 0.940697
0 0.677027 0.974890 0.692344 0.974890 0.692344 0.982893 0.677027 0.982893
0 0.493175 0.827681 0.507378 0.827681 0.507378 0.853319 0.493175 0.853319
0 0.915283 0.079224 0.932264 0.079224 0.932264 0.088301 0.915283 0.088301
0 0.752742 0.908172 0.769762 0.908172 0.769762 0.917662 0.752742 0.917662
0 0.627732 0.874484 0.644888 0.874484 0.644888 0.883898 0.627732 0.883898
1 0.190109 0.885516 0.220237 0.885516 0.220237 0.897040 0.190109 0.897040
1 0.047286 0.880827 0.077380 0.880827 0.077380 0.893306 0.047286 0.893306
1 0.536890 0.911839 0.560114 0.911839 0.560114 0.921200 0.536890 0.921200
1 0.233501 0.979180 0.263238 0.979180 0.263238 0.990184 0.233501 0.990184
1 0.152980 0.885327 0.183417 0.885327 0.183417 0.897116 0.152980 0.897116
0 0.438689 0.949477 0.446677 0.949477 0.446677 0.965222 0.438689 0.965222
1 0.233461 0.908759 0.263681 0.908759 0.263681 0.922937 0.233461 0.922937
1 0.196986 0.979432 0.226866 0.979432 0.226866 0.990948 0.196986 0.990948
1 0.085632 0.880789 0.115607 0.880789 0.115607 0.893174 0.085632 0.893174
1 0.244726 0.888795 0.274665 0.888795 0.274665 0.902031 0.244726 0.902031
0 0.750834 0.969339 0.766559 0.969339 0.766559 0.977453 0.750834 0.977453
1 0.270676 0.911448 0.299429 0.911448 0.299429 0.921719 0.270676 0.921719
1 0.195916 0.909507 0.227324 0.909507 0.227324 0.923594 0.195916 0.923594
0 0.444629 0.889022 0.460574 0.889022 0.460574 0.897378 0.444629 0.897378
0 0.786187 0.986829 0.802032 0.986829 0.802032 0.994934 0.786187 0.994934
1 0.189779 0.815441 0.220178 0.815441 0.220178 0.829273 0.189779 0.829273
0 0.711196 0.959190 0.720938 0.959190 0.720938 0.975446 0.711196 0.975446
1 0.319243 0.820711 0.349688 0.820711 0.349688 0.834990 0.319243 0.834990
0 0.438442 0.979580 0.446608 0.979580 0.446608 0.995773 0.438442 0.995773
0 0.752649 0.889893 0.769766 0.889893 0.769766 0.899298 0.752649 0.899298
0 0.626535 0.900492 0.635789 0.900492 0.635789 0.917163 0.626535 0.917163
1 0.567491 0.896553 0.576879 0.896553 0.576879 0.921167 0.567491 0.921167
0 0.469617 0.924228 0.477445 0.924228 0.477445 0.940276 0.469617 0.940276
1 0.152994 0.815547 0.183710 0.815547 0.183710 0.829063 0.152994 0.829063
0 0.676652 0.955949 0.692310 0.955949 0.692310 0.964104 0.676652 0.964104
0 0.417871 0.949164 0.426726 0.949164 0.426726 0.965960 0.417871 0.965960
1 0.319457 0.891913 0.349469 0.891913 0.349469 0.902511 0.319457 0.902511
1 0.906356 0.044746 0.915109 0.044746 0.915109 0.068311 0.906356 0.068311
1 0.355987 0.891277 0.386139 0.891277 0.386139 0.903289 0.355987 0.903289
0 0.623205 0.956337 0.638915 0.956337 0.638915 0.964383 0.623205 0.964383
1 0.948126 0.045063 0.957252 0.045063 0.957252 0.068547 0.948126 0.068547
1 0.609229 0.896874 0.618149 0.896874 0.618149 0.919901 0.609229 0.919901
0 0.473365 0.894301 0.481347 0.894301 0.481347 0.910281 0.473365 0.910281
0 0.490985 0.894282 0.498981 0.894282 0.498981 0.910511 0.490985 0.910511
1 0.281770 0.820579 0.312273 0.820579 0.312273 0.834755 0.281770 0.834755
0 0.508165 0.894355 0.516121 0.894355 0.516121 0.910484 0.508165 0.910484
1 0.355726 0.820994 0.386355 0.820994 0.386355 0.834113 0.355726 0.834113
0 0.417816 0.980044 0.425697 0.980044 0.425697 0.995601 0.417816 0.995601
1 0.239727 0.490763 0.252392 0.490763 0.252392 0.544426 0.239727 0.544426
1 0.388683 0.011179 0.400701 0.011179 0.400701 0.064374 0.388683 0.064374
1 0.452099 0.010861 0.464800 0.010861 0.464800 0.065294 0.452099 0.065294
1 0.175184 0.490940 0.187627 0.490940 0.187627 0.544519 0.175184 0.544519
1 0.281998 0.890947 0.312222 0.890947 0.312222 0.902238 0.281998 0.902238
1 0.244514 0.820592 0.274905 0.820592 0.274905 0.832580 0.244514 0.832580
0 0.731109 0.959206 0.739047 0.959206 0.739047 0.975108 0.731109 0.975108
0 0.781756 0.949881 0.789724 0.949881 0.789724 0.966007 0.781756 0.966007
1 0.047317 0.811777 0.077588 0.811777 0.077588 0.823640 0.047317 0.823640
1 0.085363 0.811637 0.115883 0.811637 0.115883 0.823786 0.085363 0.823786
1 0.862286 0.774362 0.878168 0.774362 0.878168 0.778816 0.862286 0.778816
1 0.388418 0.923237 0.392260 0.923237 0.392260 0.939015 0.388418 0.939015
1 0.430912 0.922711 0.434834 0.922711 0.434834 0.938999 0.430912 0.938999
1 0.430633 0.896185 0.434770 0.896185 0.434770 0.912080 0.430633 0.912080
1 0.316302 0.923005 0.320296 0.923005 0.320296 0.938682 0.316302 0.938682
1 0.766722 0.969208 0.770561 0.969208 0.770561 0.977292 0.766722 0.977292
1 0.400725 0.896306 0.404645 0.896306 0.404645 0.912141 0.400725 0.912141
1 0.203044 0.551513 0.207689 0.551513 0.207689 0.567240 0.203044 0.567240
1 0.424742 0.828672 0.440325 0.828672 0.440325 0.832794 0.424742 0.832794
1 0.395844 0.870198 0.400066 0.870198 0.400066 0.886128 0.395844 0.886128
1 0.125593 0.864065 0.141160 0.864065 0.141160 0.867990 0.125593 0.867990
1 0.363392 0.949169 0.379635 0.949169 0.379635 0.953215 0.363392 0.953215
1 0.233902 0.551410 0.238404 0.551410 0.238404 0.567512 0.233902 0.567512
1 0.862033 0.803886 0.877911 0.803886 0.877911 0.808583 0.862033 0.808583
1 0.337294 0.952701 0.341070 0.952701 0.341070 0.968585 0.337294 0.968585
1 0.507968 0.910692 0.516281 0.910692 0.516281 0.914397 0.507968 0.914397
1 0.692519 0.974604 0.696113 0.974604 0.696113 0.983211 0.692519 0.983211
1 0.388977 0.949440 0.405717 0.949440 0.405717 0.953363 0.388977 0.953363
1 0.345997 0.976610 0.350440 0.976610 0.350440 0.992153 0.345997 0.992153
1 0.830464 0.981545 0.834057 0.981545 0.834057 0.990271 0.830464 0.990271
1 0.307042 0.952677 0.311013 0.952677 0.311013 0.968327 0.307042 0.968327
1 0.446657 0.858710 0.462845 0.858710 0.462845 0.862726 0.446657 0.862726
1 0.802117 0.986294 0.806320 0.986294 0.806320 0.995311 0.802117 0.995311
1 0.469818 0.857791 0.485804 0.857791 0.485804 0.861836 0.469818 0.861836
1 0.357837 0.922996 0.362578 0.922996 0.362578 0.938624 0.357837 0.938624
1 0.346482 0.922901 0.351031 0.922901 0.351031 0.938582 0.346482 0.938582
1 0.781659 0.966310 0.789890 0.966310 0.789890 0.970099 0.781659 0.970099
1 0.447053 0.828460 0.463095 0.828460 0.463095 0.832264 0.447053 0.832264
1 0.438393 0.976193 0.446743 0.976193 0.446743 0.979494 0.438393 0.979494
1 0.450485 0.921127 0.458904 0.921127 0.458904 0.924531 0.450485 0.924531
1 0.781392 0.945996 0.790069 0.945996 0.790069 0.949801 0.781392 0.949801
1 0.770010 0.908250 0.773568 0.908250 0.773568 0.918282 0.770010 0.918282
1 0.470158 0.827754 0.485914 0.827754 0.485914 0.831537 0.470158 0.831537
1 0.492604 0.823392 0.508314 0.823392 0.508314 0.827420 0.492604 0.827420
1 0.417557 0.966045 0.426814 0.966045 0.426814 0.969230 0.417557 0.969230
1 0.440820 0.888617 0.444431 0.888617 0.444431 0.897637 0.440820 0.897637
1 0.507806 0.890600 0.516305 0.890600 0.516305 0.894277 0.507806 0.894277
1 0.469476 0.920846 0.477769 0.920846 0.477769 0.924167 0.469476 0.924167
1 0.769842 0.889962 0.773289 0.889962 0.773289 0.899356 0.769842 0.899356
1 0.316182 0.976477 0.319920 0.976477 0.319920 0.991827 0.316182 0.991827
1 0.473339 0.910384 0.481348 0.910384 0.481348 0.913832 0.473339 0.913832
1 0.490832 0.910687 0.499151 0.910687 0.499151 0.914315 0.490832 0.914315
1 0.125147 0.894359 0.141958 0.894359 0.141958 0.898139 0.125147 0.898139
1 0.426238 0.869969 0.429700 0.869969 0.429700 0.886019 0.426238 0.886019
1 0.730927 0.975365 0.739274 0.975365 0.739274 0.978929 0.730927 0.978929
1 0.672715 0.955779 0.676449 0.955779 0.676449 0.964077 0.672715 0.964077
1 0.492121 0.853675 0.508141 0.853675 0.508141 0.857667 0.492121 0.857667
1 0.782165 0.986717 0.785929 0.986717 0.785929 0.994821 0.782165 0.994821
1 0.692450 0.955725 0.695929 0.955725 0.695929 0.964051 0.692450 0.964051
1 0.247578 0.789878 0.251372 0.789878 0.251372 0.806178 0.247578 0.806178
1 0.473195 0.890737 0.481552 0.890737 0.481552 0.894221 0.473195 0.894221
1 0.469076 0.940373 0.478097 0.940373 0.478097 0.943375 0.469076 0.943375
1 0.850210 0.981026 0.854116 0.981026 0.854116 0.990509 0.850210 0.990509
1 0.277826 0.790020 0.281622 0.790020 0.281622 0.806048 0.277826 0.806048
1 0.363159 0.979708 0.379715 0.979708 0.379715 0.983364 0.363159 0.983364
1 0.438426 0.946003 0.446832 0.946003 0.446832 0.949366 0.438426 0.949366
1 0.424061 0.859121 0.440539 0.859121 0.440539 0.862753 0.424061 0.862753
1 0.417775 0.976220 0.425925 0.976220 0.425925 0.979906 0.417775 0.979906
1 0.460753 0.888568 0.464363 0.888568 0.464363 0.897848 0.460753 0.897848
1 0.672952 0.974328 0.676825 0.974328 0.676825 0.983433 0.672952 0.983433
1 0.624420 0.874556 0.627653 0.874556 0.627653 0.883610 0.624420 0.883610
1 0.749502 0.890100 0.752621 0.890100 0.752621 0.898606 0.749502 0.898606
1 0.490276 0.890644 0.499470 0.890644 0.499470 0.894126 0.490276 0.894126
1 0.749213 0.908186 0.752590 0.908186 0.752590 0.917402 0.749213 0.917402
1 0.417582 0.945731 0.427066 0.945731 0.427066 0.949017 0.417582 0.949017
1 0.618977 0.956159 0.622904 0.956159 0.622904 0.964405 0.618977 0.964405
1 0.644888 0.874773 0.647849 0.874773 0.647849 0.883500 0.644888 0.883500
1 0.746906 0.969235 0.750670 0.969235 0.750670 0.977276 0.746906 0.977276
1 0.388676 0.979760 0.404947 0.979760 0.404947 0.983244 0.388676 0.983244
1 0.711257 0.975714 0.721105 0.975714 0.721105 0.979507 0.711257 0.979507
1 0.438378 0.965417 0.447093 0.965417 0.447093 0.968557 0.438378 0.968557
1 0.868324 0.957565 0.872005 0.957565 0.872005 0.966700 0.868324 0.966700
1 0.911643 0.079353 0.915152 0.079353 0.915152 0.088436 0.911643 0.088436
1 0.731363 0.955662 0.738999 0.955662 0.738999 0.959164 0.731363 0.959164
1 0.450412 0.940837 0.459131 0.940837 0.459131 0.943689 0.450412 0.943689
1 0.437707 0.995987 0.447240 0.995987 0.447240 0.999316 0.437707 0.999316
1 0.626531 0.917334 0.635591 0.917334 0.635591 0.920503 0.626531 0.920503
1 0.400854 0.923606 0.404530 0.923606 0.404530 0.938953 0.400854 0.938953
1 0.932385 0.079428 0.935746 0.079428 0.935746 0.088401 0.932385 0.088401
1 0.711219 0.955334 0.720605 0.955334 0.720605 0.959200 0.711219 0.959200
1 0.417365 0.995862 0.426478 0.995862 0.426478 0.998551 0.417365 0.998551
1 0.888452 0.957921 0.892266 0.957921 0.892266 0.966882 0.888452 0.966882
1 0.639034 0.955999 0.642897 0.955999 0.642897 0.964770 0.639034 0.964770
1 0.626518 0.896685 0.636024 0.896685 0.636024 0.900439 0.626518 0.900439
0 0.476295 0.032245 0.502514 0.032245 0.502514 0.045338 0.476295 0.045338
1 0.503006 0.031030 0.506593 0.031030 0.506593 0.046382 0.503006 0.046382
1 0.472136 0.031087 0.476235 0.031087 0.476235 0.047046 0.472136 0.047046
