0 0.433293 0.597362 0.485210 0.597362 0.485210 0.637890 0.433293 0.637890
0 0.717641 0.553832 0.769424 0.553832 0.769424 0.595420 0.717641 0.595420
0 0.174015 0.633858 0.199094 0.633858 0.199094 0.646551 0.174015 0.646551
0 0.509718 0.575076 0.535051 0.575076 0.535051 0.588053 0.509718 0.588053
0 0.173716 0.751087 0.199034 0.751087 0.199034 0.763814 0.173716 0.763814
0 0.255339 0.618505 0.268454 0.618505 0.268454 0.643478 0.255339 0.643478
0 0.322086 0.634110 0.347234 0.634110 0.347234 0.646787 0.322086 0.646787
0 0.255965 0.661811 0.269008 0.661811 0.269008 0.686608 0.255965 0.686608
0 0.390862 0.505847 0.415663 0.505847 0.415663 0.518484 0.390862 0.518484
0 0.322937 0.829721 0.347689 0.829721 0.347689 0.842360 0.322937 0.842360
0 0.248194 0.957424 0.273242 0.957424 0.273242 0.969931 0.248194 0.969931
0 0.173845 0.574985 0.198941 0.574985 0.198941 0.587450 0.173845 0.587450
0 0.023080 0.872135 0.048146 0.872135 0.048146 0.884790 0.023080 0.884790
0 0.296297 0.521345 0.321528 0.521345 0.321528 0.534156 0.296297 0.534156
0 0.382147 0.455851 0.395918 0.455851 0.395918 0.481236 0.382147 0.481236
0 0.322578 0.787099 0.347738 0.787099 0.347738 0.799780 0.322578 0.799780
0 0.248317 0.829236 0.273208 0.829236 0.273208 0.841943 0.248317 0.841943
0 0.719984 0.349869 0.745283 0.349869 0.745283 0.362400 0.719984 0.362400
0 0.322618 0.871972 0.347438 0.871972 0.347438 0.884674 0.322618 0.884674
0 0.322550 0.914911 0.347639 0.914911 0.347639 0.927539 0.322550 0.927539
0 0.023121 0.914513 0.048311 0.914513 0.048311 0.927324 0.023121 0.927324
0 0.172805 0.957420 0.198029 0.957420 0.198029 0.970178 0.172805 0.970178
0 0.097937 0.957055 0.122951 0.957055 0.122951 0.969646 0.097937 0.969646
0 0.097859 0.633796 0.122969 0.633796 0.122969 0.646380 0.097859 0.646380
0 0.247505 0.871866 0.272553 0.871866 0.272553 0.884809 0.247505 0.884809
0 0.247374 0.786257 0.272357 0.786257 0.272357 0.798719 0.247374 0.798719
0 0.022054 0.828292 0.047545 0.828292 0.047545 0.841004 0.022054 0.841004
0 0.409761 0.455781 0.422572 0.455781 0.422572 0.480971 0.409761 0.480971
0 0.797386 0.530335 0.822467 0.530335 0.822467 0.543437 0.797386 0.543437
0 0.172878 0.871935 0.197970 0.871935 0.197970 0.884635 0.172878 0.884635
0 0.098776 0.581713 0.124055 0.581713 0.124055 0.594205 0.098776 0.594205
0 0.172950 0.786976 0.198210 0.786976 0.198210 0.799809 0.172950 0.799809
0 0.028286 0.672064 0.041287 0.672064 0.041287 0.697116 0.028286 0.697116
0 0.172942 0.829496 0.197927 0.829496 0.197927 0.842209 0.172942 0.842209
0 0.261286 0.745701 0.274191 0.745701 0.274191 0.770732 0.261286 0.770732
0 0.028724 0.560829 0.041201 0.560829 0.041201 0.585803 0.028724 0.585803
0 0.098119 0.829269 0.123197 0.829269 0.123197 0.841852 0.098119 0.841852
0 0.322676 0.957003 0.347910 0.957003 0.347910 0.969766 0.322676 0.969766
0 0.335872 0.746319 0.348749 0.746319 0.348749 0.771232 0.335872 0.771232
0 0.322246 0.577686 0.347330 0.577686 0.347330 0.590551 0.322246 0.590551
0 0.022302 0.956186 0.047574 0.956186 0.047574 0.969158 0.022302 0.969158
0 0.172870 0.914660 0.197800 0.914660 0.197800 0.927294 0.172870 0.927294
0 0.097934 0.914798 0.123052 0.914798 0.123052 0.927486 0.097934 0.927486
0 0.098181 0.871815 0.123213 0.871815 0.123213 0.884443 0.098181 0.884443
0 0.761055 0.303798 0.773577 0.303798 0.773577 0.329127 0.761055 0.329127
0 0.013954 0.741758 0.026836 0.741758 0.026836 0.766762 0.013954 0.766762
0 0.173343 0.703639 0.198445 0.703639 0.198445 0.716194 0.173343 0.716194
0 0.247672 0.914752 0.272780 0.914752 0.272780 0.927255 0.247672 0.927255
0 0.178965 0.663315 0.192058 0.663315 0.192058 0.688442 0.178965 0.688442
0 0.028105 0.601580 0.040991 0.601580 0.040991 0.626621 0.028105 0.626621
0 0.737386 0.303909 0.749794 0.303909 0.749794 0.328723 0.737386 0.328723
0 0.803655 0.319005 0.819804 0.319005 0.819804 0.327248 0.803655 0.327248
0 0.534214 0.381372 0.651656 0.381372 0.651656 0.552043 0.534214 0.552043
1 0.657557 0.537485 0.694149 0.537485 0.694149 0.547274 0.657557 0.547274
1 0.777837 0.347058 0.817970 0.347058 0.817970 0.357391 0.777837 0.357391
1 0.705110 0.548007 0.717152 0.548007 0.717152 0.601480 0.705110 0.601480
1 0.940550 0.361290 0.980347 0.361290 0.980347 0.370455 0.940550 0.370455
1 0.656631 0.524004 0.695184 0.524004 0.695184 0.533586 0.656631 0.533586
1 0.656587 0.510436 0.695680 0.510436 0.695680 0.520094 0.656587 0.520094
1 0.777446 0.496879 0.817189 0.496879 0.817189 0.506791 0.777446 0.506791
1 0.657171 0.415230 0.695778 0.415230 0.695778 0.424615 0.657171 0.424615
1 0.777554 0.469761 0.817766 0.469761 0.817766 0.479512 0.777554 0.479512
1 0.494016 0.537379 0.533710 0.537379 0.533710 0.547345 0.494016 0.547345
1 0.259492 0.770979 0.275784 0.770979 0.275784 0.775711 0.259492 0.775711
1 0.777678 0.442539 0.817550 0.442539 0.817550 0.452155 0.777678 0.452155
1 0.770248 0.548171 0.782783 0.548171 0.782783 0.602323 0.770248 0.602323
1 0.940215 0.483719 0.979110 0.483719 0.979110 0.493265 0.940215 0.493265
1 0.777939 0.360497 0.817922 0.360497 0.817922 0.370812 0.777939 0.370812
1 0.940928 0.347367 0.979982 0.347367 0.979982 0.356987 0.940928 0.356987
1 0.777925 0.483473 0.817767 0.483473 0.817767 0.493339 0.777925 0.493339
1 0.656933 0.483164 0.696286 0.483164 0.696286 0.492596 0.656933 0.492596
1 0.657175 0.469526 0.696249 0.469526 0.696249 0.479064 0.657175 0.479064
1 0.940572 0.429235 0.979890 0.429235 0.979890 0.438510 0.940572 0.438510
0 0.468912 0.403202 0.476894 0.403202 0.476894 0.419129 0.468912 0.419129
1 0.494305 0.401290 0.533941 0.401290 0.533941 0.411135 0.494305 0.411135
1 0.940505 0.415498 0.980078 0.415498 0.980078 0.424935 0.940505 0.424935
1 0.777558 0.415202 0.817735 0.415202 0.817735 0.425080 0.777558 0.425080
1 0.485419 0.591521 0.499099 0.591521 0.499099 0.645442 0.485419 0.645442
1 0.657475 0.387610 0.697011 0.387610 0.697011 0.397369 0.657475 0.397369
1 0.657183 0.401616 0.697050 0.401616 0.697050 0.410793 0.657183 0.410793
1 0.494165 0.387399 0.533826 0.387399 0.533826 0.397446 0.494165 0.397446
1 0.778476 0.374461 0.817964 0.374461 0.817964 0.384340 0.778476 0.384340
1 0.494083 0.482994 0.533997 0.482994 0.533997 0.492569 0.494083 0.492569
1 0.940657 0.388389 0.979360 0.388389 0.979360 0.397684 0.940657 0.397684
1 0.657239 0.455817 0.696850 0.455817 0.696850 0.465435 0.657239 0.465435
1 0.940347 0.469914 0.978926 0.469914 0.978926 0.479422 0.940347 0.479422
1 0.493903 0.469397 0.533940 0.469397 0.533940 0.478913 0.493903 0.478913
1 0.656755 0.496794 0.694971 0.496794 0.694971 0.506265 0.656755 0.506265
1 0.657319 0.442377 0.697002 0.442377 0.697002 0.451817 0.657319 0.451817
1 0.777902 0.387973 0.817674 0.387973 0.817674 0.397935 0.777902 0.397935
1 0.940557 0.442688 0.979991 0.442688 0.979991 0.452123 0.940557 0.452123
1 0.494067 0.455827 0.533944 0.455827 0.533944 0.465464 0.494067 0.465464
1 0.941158 0.497183 0.977635 0.497183 0.977635 0.506883 0.941158 0.506883
1 0.777776 0.428921 0.817814 0.428921 0.817814 0.438677 0.777776 0.438677
1 0.777792 0.401486 0.817783 0.401486 0.817783 0.411459 0.777792 0.411459
1 0.177705 0.688580 0.194033 0.688580 0.194033 0.692730 0.177705 0.692730
1 0.494288 0.510161 0.534035 0.510161 0.534035 0.519991 0.494288 0.519991
1 0.940610 0.374907 0.979276 0.374907 0.979276 0.384335 0.940610 0.384335
1 0.940563 0.401863 0.980395 0.401863 0.980395 0.411530 0.940563 0.411530
1 0.657377 0.428694 0.697066 0.428694 0.697066 0.438278 0.657377 0.438278
1 0.494368 0.415111 0.533969 0.415111 0.533969 0.424326 0.494368 0.424326
1 0.777669 0.456142 0.817810 0.456142 0.817810 0.465814 0.777669 0.465814
1 0.494812 0.523797 0.533944 0.523797 0.533944 0.533626 0.494812 0.533626
1 0.494403 0.428542 0.533918 0.428542 0.533918 0.438219 0.494403 0.438219
1 0.494145 0.496578 0.533873 0.496578 0.533873 0.506135 0.494145 0.506135
1 0.734807 0.328848 0.751538 0.328848 0.751538 0.333156 0.734807 0.333156
1 0.940374 0.456447 0.978378 0.456447 0.978378 0.465885 0.940374 0.465885
1 0.494316 0.442141 0.534128 0.442141 0.534128 0.451742 0.494316 0.451742
1 0.254169 0.657023 0.270084 0.657023 0.270084 0.661621 0.254169 0.661621
1 0.178033 0.658131 0.193684 0.658131 0.193684 0.663114 0.178033 0.663114
1 0.407587 0.481162 0.423837 0.481162 0.423837 0.485896 0.407587 0.485896
1 0.380378 0.481335 0.398300 0.481335 0.398300 0.486195 0.380378 0.486195
1 0.012698 0.767145 0.028751 0.767145 0.028751 0.771657 0.012698 0.771657
1 0.758878 0.329313 0.775459 0.329313 0.775459 0.333392 0.758878 0.333392
1 0.198744 0.702019 0.203618 0.702019 0.203618 0.717861 0.198744 0.717861
1 0.734800 0.299260 0.751312 0.299260 0.751312 0.303845 0.734800 0.303845
1 0.421704 0.591575 0.432417 0.591575 0.432417 0.645836 0.421704 0.645836
1 0.026635 0.556088 0.042881 0.556088 0.042881 0.560725 0.026635 0.560725
1 0.759420 0.299203 0.775594 0.299203 0.775594 0.303755 0.759420 0.303755
1 0.385140 0.504003 0.390631 0.504003 0.390631 0.520054 0.385140 0.520054
1 0.026869 0.596699 0.042476 0.596699 0.042476 0.601395 0.026869 0.601395
1 0.253448 0.613457 0.270232 0.613457 0.270232 0.618117 0.253448 0.618117
1 0.347563 0.576579 0.352019 0.576579 0.352019 0.592453 0.347563 0.592453
1 0.408090 0.450919 0.423888 0.450919 0.423888 0.455610 0.408090 0.455610
1 0.259417 0.741314 0.275590 0.741314 0.275590 0.745668 0.259417 0.745668
1 0.168842 0.701914 0.173228 0.701914 0.173228 0.717755 0.168842 0.717755
1 0.334304 0.771452 0.350413 0.771452 0.350413 0.775869 0.334304 0.775869
1 0.317872 0.576664 0.322118 0.576664 0.322118 0.592665 0.317872 0.592665
1 0.253998 0.686877 0.270526 0.686877 0.270526 0.691535 0.253998 0.691535
1 0.253873 0.643635 0.270215 0.643635 0.270215 0.648015 0.253873 0.648015
1 0.199244 0.573629 0.203839 0.573629 0.203839 0.589757 0.199244 0.589757
1 0.018896 0.912982 0.022958 0.912982 0.022958 0.928846 0.018896 0.928846
1 0.012675 0.737434 0.028800 0.737434 0.028800 0.741690 0.012675 0.741690
1 0.026910 0.586019 0.043001 0.586019 0.043001 0.590111 0.026910 0.590111
1 0.380647 0.451215 0.397981 0.451215 0.397981 0.455683 0.380647 0.455683
1 0.715041 0.347967 0.719690 0.347967 0.719690 0.364151 0.715041 0.364151
1 0.334129 0.741379 0.350461 0.741379 0.350461 0.746158 0.334129 0.746158
1 0.026505 0.697439 0.042635 0.697439 0.042635 0.701969 0.026505 0.701969
1 0.199300 0.632244 0.203742 0.632244 0.203742 0.648143 0.199300 0.648143
1 0.017822 0.955102 0.022030 0.955102 0.022030 0.970801 0.017822 0.970801
1 0.169373 0.749485 0.173593 0.749485 0.173593 0.765359 0.169373 0.765359
1 0.169383 0.632213 0.173849 0.632213 0.173849 0.648190 0.169383 0.648190
1 0.745559 0.347829 0.750043 0.347829 0.750043 0.363918 0.745559 0.363918
1 0.347949 0.785769 0.351932 0.785769 0.351932 0.801687 0.347949 0.801687
1 0.242574 0.784932 0.247124 0.784932 0.247124 0.800683 0.242574 0.800683
1 0.018794 0.870714 0.022840 0.870714 0.022840 0.886113 0.018794 0.886113
1 0.535274 0.573646 0.539554 0.573646 0.539554 0.589543 0.535274 0.589543
1 0.093476 0.632125 0.097651 0.632125 0.097651 0.647961 0.093476 0.647961
1 0.094474 0.580428 0.098551 0.580428 0.098551 0.596151 0.094474 0.596151
1 0.317895 0.632553 0.321997 0.632553 0.321997 0.648464 0.317895 0.648464
1 0.093737 0.827953 0.098007 0.827953 0.098007 0.843515 0.093737 0.843515
1 0.026451 0.667563 0.042629 0.667563 0.042629 0.671771 0.026451 0.671771
1 0.468735 0.399554 0.477153 0.399554 0.477153 0.403141 0.468735 0.403141
1 0.347452 0.632281 0.351732 0.632281 0.351732 0.648575 0.347452 0.648575
1 0.820015 0.319134 0.824189 0.319134 0.824189 0.327231 0.820015 0.327231
1 0.318456 0.828307 0.322724 0.828307 0.322724 0.843779 0.318456 0.843779
1 0.292069 0.519615 0.295829 0.519615 0.295829 0.535421 0.292069 0.535421
1 0.093624 0.955967 0.097730 0.955967 0.097730 0.971118 0.093624 0.971118
1 0.199319 0.749283 0.203524 0.749283 0.203524 0.765195 0.199319 0.765195
1 0.243497 0.828165 0.248170 0.828165 0.248170 0.843800 0.243497 0.843800
1 0.272640 0.784902 0.276494 0.784902 0.276494 0.800278 0.272640 0.800278
1 0.822746 0.529042 0.826977 0.529042 0.826977 0.545197 0.822746 0.545197
1 0.792915 0.528843 0.797166 0.528843 0.797166 0.545011 0.792915 0.545011
1 0.047845 0.826787 0.052183 0.826787 0.052183 0.842679 0.047845 0.842679
1 0.017895 0.827164 0.021811 0.827164 0.021811 0.842696 0.017895 0.842696
1 0.047917 0.955115 0.051863 0.955115 0.051863 0.970620 0.047917 0.970620
1 0.093777 0.913309 0.097766 0.913309 0.097766 0.928599 0.093777 0.928599
1 0.243492 0.913632 0.247474 0.913632 0.247474 0.928849 0.243492 0.928849
1 0.347736 0.870743 0.351975 0.870743 0.351975 0.886598 0.347736 0.886598
1 0.800319 0.318984 0.803543 0.318984 0.803543 0.327177 0.800319 0.327177
1 0.348042 0.828099 0.352246 0.828099 0.352246 0.843850 0.348042 0.843850
1 0.168852 0.828069 0.172731 0.828069 0.172731 0.843554 0.168852 0.843554
1 0.272921 0.870550 0.277544 0.870550 0.277544 0.886392 0.272921 0.886392
1 0.168614 0.913375 0.172633 0.913375 0.172633 0.928751 0.168614 0.928751
1 0.124297 0.580110 0.128420 0.580110 0.128420 0.596164 0.124297 0.596164
1 0.169498 0.573622 0.173634 0.573622 0.173634 0.589790 0.169498 0.589790
1 0.273165 0.913238 0.277313 0.913238 0.277313 0.929065 0.273165 0.929065
1 0.123374 0.827842 0.127980 0.827842 0.127980 0.843616 0.123374 0.843616
1 0.198419 0.828057 0.202862 0.828057 0.202862 0.843573 0.198419 0.843573
1 0.468868 0.419299 0.477112 0.419299 0.477112 0.422322 0.468868 0.422322
1 0.198278 0.913257 0.202543 0.913257 0.202543 0.929002 0.198278 0.929002
1 0.026378 0.626949 0.042389 0.626949 0.042389 0.631345 0.026378 0.631345
1 0.168498 0.955853 0.172539 0.955853 0.172539 0.971251 0.168498 0.971251
1 0.273542 0.955781 0.277765 0.955781 0.277765 0.971258 0.273542 0.971258
1 0.198343 0.870592 0.202586 0.870592 0.202586 0.886162 0.198343 0.886162
1 0.273532 0.828011 0.277747 0.828011 0.277747 0.843453 0.273532 0.843453
1 0.243369 0.870958 0.247296 0.870958 0.247296 0.886145 0.243369 0.886145
1 0.348146 0.955718 0.352145 0.955718 0.352145 0.971626 0.348146 0.971626
1 0.168704 0.870675 0.172617 0.870675 0.172617 0.886062 0.168704 0.886062
1 0.198466 0.956036 0.202602 0.956036 0.202602 0.971212 0.198466 0.971212
1 0.123426 0.870487 0.127732 0.870487 0.127732 0.885990 0.123426 0.885990
0 0.818368 0.342136 0.934638 0.342136 0.934638 0.511791 0.818368 0.511791
1 0.169152 0.785312 0.172785 0.785312 0.172785 0.800867 0.169152 0.800867
1 0.321856 0.519327 0.325834 0.519327 0.325834 0.535312 0.321856 0.535312
1 0.198535 0.785498 0.202616 0.785498 0.202616 0.801249 0.198535 0.801249
1 0.348094 0.913193 0.351990 0.913193 0.351990 0.929200 0.348094 0.929200
1 0.048543 0.870320 0.052478 0.870320 0.052478 0.886093 0.048543 0.886093
1 0.123230 0.955725 0.127636 0.955725 0.127636 0.971037 0.123230 0.971037
1 0.093829 0.870687 0.097955 0.870687 0.097955 0.885677 0.093829 0.885677
1 0.123331 0.913282 0.127629 0.913282 0.127629 0.928775 0.123331 0.928775
1 0.318542 0.785420 0.322452 0.785420 0.322452 0.801416 0.318542 0.801416
1 0.318105 0.955846 0.322268 0.955846 0.322268 0.971547 0.318105 0.971547
1 0.243911 0.956195 0.247943 0.956195 0.247943 0.971334 0.243911 0.971334
1 0.505641 0.573645 0.509508 0.573645 0.509508 0.589983 0.505641 0.589983
1 0.415875 0.503877 0.419974 0.503877 0.419974 0.520122 0.415875 0.520122
1 0.048634 0.913170 0.052368 0.913170 0.052368 0.928572 0.048634 0.928572
1 0.318333 0.913339 0.322417 0.913339 0.322417 0.929073 0.318333 0.929073
1 0.318439 0.871040 0.322418 0.871040 0.322418 0.886401 0.318439 0.886401
1 0.123133 0.632040 0.127211 0.632040 0.127211 0.648077 0.123133 0.648077
1 0.952478 0.592095 0.964915 0.592095 0.964915 0.645397 0.952478 0.645397
