0 0.022601 0.177194 0.067201 0.177194 0.067201 0.196782 0.022601 0.196782
1 0.037973 0.162339 0.051567 0.162339 0.051567 0.177169 0.037973 0.177169
1 0.021795 0.196942 0.035164 0.196942 0.035164 0.212895 0.021795 0.212895
1 0.054150 0.197054 0.067520 0.197054 0.067520 0.213007 0.054150 0.213007
1 0.231818 0.162484 0.245477 0.162484 0.245477 0.177708 0.231818 0.177708
0 0.215780 0.177814 0.261986 0.177814 0.261986 0.197776 0.215780 0.197776
1 0.215868 0.197806 0.229134 0.197806 0.229134 0.213551 0.215868 0.213551
1 0.248223 0.197674 0.262067 0.197674 0.262067 0.213470 0.248223 0.213470
1 0.426346 0.161678 0.440006 0.161678 0.440006 0.176901 0.426346 0.176901
0 0.410218 0.177098 0.456425 0.177098 0.456425 0.197059 0.410218 0.197059
1 0.410487 0.197090 0.423726 0.197090 0.423726 0.213216 0.410487 0.213216
1 0.442482 0.197048 0.456015 0.197048 0.456015 0.213126 0.442482 0.213126
1 0.604224 0.197496 0.617557 0.197496 0.617557 0.213049 0.604224 0.213049
1 0.636219 0.197455 0.649622 0.197455 0.649622 0.212956 0.636219 0.212956
0 0.603955 0.177504 0.650162 0.177504 0.650162 0.197466 0.603955 0.197466
1 0.620083 0.162084 0.633743 0.162084 0.633743 0.177308 0.620083 0.177308
1 0.814178 0.161543 0.827838 0.161543 0.827838 0.176767 0.814178 0.176767
0 0.798050 0.176963 0.845619 0.176963 0.845619 0.197313 0.798050 0.197313
1 0.798319 0.197395 0.811652 0.197395 0.811652 0.212948 0.798319 0.212948
1 0.831083 0.197353 0.844486 0.197353 0.844486 0.212854 0.831083 0.212854
0 0.893971 0.702437 0.907009 0.691476 0.912894 0.698168 0.899740 0.708668
1 0.907132 0.691304 0.912824 0.697945 0.915765 0.695289 0.910263 0.688838
1 0.891384 0.704491 0.896886 0.710753 0.899353 0.708760 0.893851 0.702309
1 0.925632 0.704301 0.931134 0.710563 0.933601 0.708571 0.928098 0.702119
0 0.928219 0.702248 0.941257 0.691286 0.947142 0.697978 0.933988 0.708478
1 0.941380 0.691115 0.947072 0.697755 0.950013 0.695099 0.944511 0.688648
0 0.962591 0.702248 0.975629 0.691286 0.981513 0.697978 0.968360 0.708478
1 0.960004 0.704301 0.965506 0.710563 0.967973 0.708571 0.962470 0.702119
1 0.975752 0.691115 0.981444 0.697755 0.984385 0.695099 0.978883 0.688648
0 0.899048 0.834203 0.908509 0.834203 0.908509 0.838819 0.899048 0.838819
1 0.908509 0.832588 0.911624 0.832588 0.911624 0.840549 0.908509 0.840549
1 0.896279 0.832473 0.899279 0.832473 0.899279 0.840665 0.896279 0.840665
1 0.930316 0.832242 0.933316 0.832242 0.933316 0.840434 0.930316 0.840434
0 0.933085 0.833973 0.942547 0.833973 0.942547 0.838588 0.933085 0.838588
1 0.942547 0.832357 0.945662 0.832357 0.945662 0.840319 0.942547 0.840319
1 0.964469 0.832126 0.967469 0.832126 0.967469 0.840319 0.964469 0.840319
0 0.967238 0.833857 0.976700 0.833857 0.976700 0.838472 0.967238 0.838472
1 0.976700 0.832242 0.979815 0.832242 0.979815 0.840203 0.976700 0.840203
