0 0.382900 0.932711 0.435998 0.932711 0.435998 0.973543 0.382900 0.973543
0 0.144216 0.932783 0.197808 0.932783 0.197808 0.974090 0.144216 0.974090
0 0.859295 0.932179 0.913198 0.932179 0.913198 0.973452 0.859295 0.973452
0 0.621171 0.932013 0.674826 0.932013 0.674826 0.973999 0.621171 0.973999
0 0.740017 0.931692 0.793419 0.931692 0.793419 0.973634 0.740017 0.973634
0 0.024713 0.932332 0.077847 0.932332 0.077847 0.974455 0.024713 0.974455
0 0.502033 0.932547 0.555321 0.932547 0.555321 0.973908 0.502033 0.973908
0 0.006418 0.825010 0.059525 0.825010 0.059525 0.866435 0.006418 0.866435
0 0.264088 0.932652 0.317404 0.932652 0.317404 0.974363 0.264088 0.974363
0 0.595462 0.066390 0.612269 0.066390 0.612269 0.075871 0.595462 0.075871
0 0.186444 0.066516 0.203508 0.066516 0.203508 0.075487 0.186444 0.075487
0 0.527382 0.066189 0.544672 0.066189 0.544672 0.076076 0.527382 0.076076
0 0.493087 0.066353 0.510272 0.066353 0.510272 0.075512 0.493087 0.075512
0 0.731175 0.066345 0.748309 0.066345 0.748309 0.075589 0.731175 0.075589
0 0.118231 0.066499 0.135308 0.066499 0.135308 0.075726 0.118231 0.075726
0 0.425116 0.066174 0.442085 0.066174 0.442085 0.075512 0.425116 0.075512
0 0.050191 0.066100 0.066896 0.066100 0.066896 0.075646 0.050191 0.075646
0 0.390470 0.066333 0.407941 0.066333 0.407941 0.075102 0.390470 0.075102
0 0.458486 0.066076 0.475871 0.066076 0.475871 0.076153 0.458486 0.076153
0 0.356096 0.066598 0.373002 0.066598 0.373002 0.075461 0.356096 0.075461
0 0.083976 0.066059 0.101288 0.066059 0.101288 0.075832 0.083976 0.075832
0 0.629205 0.066099 0.646337 0.066099 0.646337 0.075794 0.629205 0.075794
0 0.696935 0.066025 0.713934 0.066025 0.713934 0.075435 0.696935 0.075435
0 0.152491 0.066631 0.169355 0.066631 0.169355 0.075646 0.152491 0.075646
0 0.288712 0.066512 0.305610 0.066512 0.305610 0.075820 0.288712 0.075820
0 0.220709 0.066497 0.237581 0.066497 0.237581 0.076044 0.220709 0.076044
0 0.662967 0.066128 0.680123 0.066128 0.680123 0.075717 0.662967 0.075717
0 0.254206 0.066330 0.271337 0.066330 0.271337 0.075640 0.254206 0.075640
0 0.016017 0.066446 0.032796 0.066446 0.032796 0.075355 0.016017 0.075355
1 0.169556 0.065781 0.173465 0.065781 0.173465 0.076124 0.169556 0.076124
0 0.322642 0.066537 0.339626 0.066537 0.339626 0.075768 0.322642 0.075768
1 0.544806 0.065978 0.548412 0.065978 0.548412 0.076460 0.544806 0.076460
0 0.560835 0.066035 0.577920 0.066035 0.577920 0.075461 0.560835 0.075461
1 0.305900 0.065460 0.309964 0.065460 0.309964 0.076793 0.305900 0.076793
1 0.420876 0.065804 0.424961 0.065804 0.424961 0.075834 0.420876 0.075834
1 0.237841 0.065664 0.242381 0.065664 0.242381 0.076336 0.237841 0.076336
1 0.101530 0.065871 0.105291 0.065871 0.105291 0.076548 0.101530 0.076548
1 0.612518 0.065762 0.615958 0.065762 0.615958 0.075564 0.612518 0.075564
0 0.190271 0.200231 0.199796 0.200231 0.199796 0.205139 0.190271 0.205139
0 0.389745 0.242293 0.130925 0.550784 0.439861 0.810050 0.700041 0.501352
1 0.422606 0.227200 0.401794 0.250272 0.408218 0.256189 0.428759 0.232442
1 0.429607 0.233101 0.409117 0.256858 0.414972 0.261615 0.435194 0.237810
1 0.443497 0.243287 0.422326 0.267543 0.428180 0.272300 0.448811 0.247855
1 0.435916 0.238940 0.415599 0.262141 0.421378 0.267115 0.441566 0.243303
1 0.449719 0.248644 0.428712 0.272762 0.434716 0.277918 0.455253 0.253788
1 0.455989 0.254855 0.435710 0.278806 0.441033 0.283515 0.461389 0.259378
1 0.462542 0.260532 0.442097 0.283870 0.447876 0.288843 0.468891 0.265372
1 0.468801 0.266070 0.448424 0.289028 0.453934 0.293842 0.474024 0.270550
1 0.521496 0.309893 0.501119 0.332851 0.506630 0.337665 0.526720 0.314373
1 0.475302 0.271023 0.454490 0.294095 0.460914 0.300012 0.481454 0.276265
1 0.482302 0.276924 0.461813 0.300681 0.467668 0.305438 0.487889 0.281633
1 0.494813 0.287341 0.474628 0.310894 0.480483 0.315651 0.500588 0.292330
1 0.488415 0.282488 0.468098 0.305689 0.473877 0.310663 0.494065 0.286851
1 0.501177 0.292998 0.480975 0.316428 0.486980 0.321583 0.506913 0.298105
1 0.507541 0.299009 0.487737 0.321726 0.493060 0.326434 0.512845 0.303802
1 0.514259 0.304352 0.494046 0.327182 0.499825 0.332155 0.519956 0.308634
1 0.534146 0.320501 0.513769 0.343458 0.519280 0.348272 0.539370 0.324980
1 0.527499 0.315234 0.507286 0.338064 0.513065 0.343038 0.533195 0.319517
1 0.547229 0.331265 0.526852 0.354223 0.532362 0.359037 0.552452 0.335745
1 0.540463 0.325960 0.520250 0.348789 0.526029 0.353763 0.546160 0.330242
1 0.560227 0.342299 0.539850 0.365257 0.545389 0.370056 0.565451 0.346779
1 0.553385 0.336994 0.533172 0.359824 0.538951 0.364797 0.559082 0.341276
1 0.572926 0.353649 0.552549 0.376607 0.558088 0.381406 0.578150 0.358129
1 0.566505 0.348117 0.546292 0.370947 0.552071 0.375920 0.572201 0.352399
1 0.585999 0.364567 0.565786 0.387397 0.571565 0.392371 0.591696 0.368850
1 0.592420 0.370067 0.572043 0.393025 0.577582 0.397824 0.597644 0.374547
1 0.579430 0.358879 0.559053 0.381837 0.564592 0.386636 0.584654 0.363359
1 0.599152 0.375518 0.578774 0.398476 0.584313 0.403275 0.604375 0.379998
1 0.605800 0.380940 0.585587 0.403770 0.591366 0.408744 0.611497 0.385222
1 0.612221 0.386440 0.591844 0.409398 0.597383 0.414197 0.617445 0.390920
1 0.618416 0.391965 0.598039 0.414923 0.603578 0.419723 0.623639 0.396445
1 0.625064 0.397308 0.604851 0.420138 0.610630 0.425112 0.630761 0.401590
1 0.631911 0.402649 0.611534 0.425606 0.617073 0.430406 0.637134 0.407128
1 0.638031 0.408629 0.617654 0.431587 0.623423 0.436083 0.643255 0.413109
1 0.644680 0.413972 0.624467 0.436802 0.630246 0.441775 0.650377 0.418254
1 0.651526 0.419312 0.631149 0.442270 0.636688 0.447069 0.656750 0.423792
1 0.671212 0.435416 0.650834 0.458374 0.656374 0.463173 0.676435 0.439896
1 0.664365 0.430075 0.644152 0.452905 0.649931 0.457879 0.670062 0.434358
1 0.657850 0.424866 0.637472 0.447823 0.643241 0.452319 0.663073 0.429345
1 0.690488 0.451913 0.670111 0.474871 0.675650 0.479670 0.695711 0.456393
1 0.683641 0.446573 0.663428 0.469403 0.669207 0.474376 0.689338 0.450855
1 0.677254 0.441235 0.656877 0.464193 0.662645 0.468689 0.682477 0.445715
1 0.703597 0.462828 0.683220 0.485786 0.688759 0.490585 0.708820 0.467308
1 0.696942 0.457488 0.676729 0.480318 0.682508 0.485291 0.702639 0.461770
1 0.416048 0.792036 0.397848 0.813243 0.403689 0.817930 0.421744 0.796318
1 0.141451 0.561748 0.123638 0.583511 0.129456 0.588260 0.147603 0.566990
1 0.148404 0.567495 0.130661 0.589191 0.135630 0.593904 0.153992 0.572204
1 0.161347 0.578202 0.143545 0.599923 0.149155 0.604662 0.167034 0.583017
1 0.154919 0.572899 0.137321 0.594442 0.142802 0.599257 0.160553 0.577638
1 0.167982 0.583658 0.149846 0.605738 0.155328 0.609887 0.173386 0.588294
1 0.174399 0.589577 0.156532 0.611091 0.162013 0.615471 0.179799 0.594100
1 0.180840 0.594698 0.162935 0.616060 0.168417 0.620825 0.186399 0.599334
1 0.187676 0.600388 0.169595 0.621568 0.174513 0.625973 0.192899 0.604868
1 0.240032 0.644196 0.221721 0.665564 0.227316 0.670692 0.245799 0.648740
1 0.194074 0.605545 0.175666 0.626972 0.181685 0.632428 0.200227 0.610787
1 0.200997 0.611241 0.182633 0.632966 0.187961 0.637423 0.206585 0.615950
1 0.213918 0.621889 0.195572 0.643637 0.201404 0.648661 0.219693 0.626878
1 0.207520 0.617036 0.189319 0.638243 0.194595 0.643007 0.213171 0.621399
1 0.220282 0.627546 0.202024 0.649001 0.207838 0.653945 0.226018 0.632653
1 0.226724 0.633376 0.208279 0.654478 0.214236 0.659322 0.232028 0.638169
1 0.233365 0.638900 0.215220 0.660202 0.220763 0.664942 0.239100 0.643601
1 0.253252 0.655048 0.234360 0.676752 0.240084 0.681699 0.258475 0.659528
1 0.246604 0.649782 0.227937 0.671261 0.233557 0.676286 0.252301 0.654064
1 0.266334 0.665813 0.247414 0.687604 0.253189 0.692473 0.271558 0.670293
1 0.259569 0.660507 0.240498 0.682424 0.246663 0.687086 0.265265 0.664790
1 0.279333 0.676847 0.260933 0.698637 0.266579 0.703403 0.284556 0.681327
1 0.272491 0.671542 0.253837 0.692991 0.259949 0.697860 0.278187 0.675824
1 0.292031 0.688197 0.273728 0.709360 0.279503 0.714125 0.297255 0.692677
1 0.285610 0.682665 0.267408 0.704102 0.272873 0.708661 0.291132 0.687138
1 0.305105 0.699115 0.286706 0.720210 0.292649 0.725026 0.310801 0.703398
1 0.311526 0.704615 0.293443 0.725743 0.299308 0.730405 0.316749 0.709095
1 0.298536 0.693427 0.280306 0.714436 0.286185 0.719279 0.303759 0.697907
1 0.318257 0.710066 0.299977 0.731130 0.305669 0.735883 0.323480 0.714546
1 0.324820 0.715403 0.306438 0.736510 0.312358 0.741319 0.330517 0.719685
1 0.331327 0.720988 0.313212 0.742202 0.318534 0.746898 0.336550 0.725468
1 0.337521 0.726513 0.319074 0.747666 0.325137 0.752277 0.342745 0.730993
1 0.344170 0.731856 0.325877 0.752789 0.332053 0.757713 0.349866 0.736138
1 0.351016 0.737196 0.332622 0.758595 0.338371 0.763291 0.356240 0.741676
1 0.357137 0.743177 0.338798 0.764230 0.344746 0.768727 0.362360 0.747657
1 0.363785 0.748520 0.345515 0.769923 0.351064 0.774362 0.369482 0.752802
1 0.370276 0.753814 0.351918 0.775074 0.357923 0.779798 0.375855 0.758340
1 0.390317 0.769964 0.371363 0.791368 0.377280 0.795927 0.395540 0.774443
1 0.383471 0.764623 0.365181 0.785918 0.370845 0.790784 0.389060 0.769268
1 0.376955 0.759414 0.358977 0.780510 0.364356 0.785092 0.382178 0.763893
1 0.409593 0.786461 0.390881 0.807736 0.397080 0.812423 0.414817 0.790941
1 0.402747 0.781121 0.384734 0.802177 0.390446 0.807018 0.408443 0.785403
1 0.396359 0.775783 0.377971 0.796773 0.383888 0.801332 0.401583 0.780263
1 0.422702 0.797376 0.404431 0.818776 0.410579 0.823258 0.427926 0.801856
1 0.358566 0.233916 0.354015 0.239152 0.375321 0.257960 0.379872 0.252483
1 0.353008 0.240682 0.348457 0.245918 0.369763 0.264726 0.374314 0.259249
1 0.347773 0.247166 0.343222 0.252402 0.364527 0.271210 0.369078 0.265733
1 0.342174 0.253812 0.337623 0.259047 0.358929 0.277856 0.363480 0.272378
1 0.336775 0.259913 0.332224 0.265149 0.353529 0.283957 0.358080 0.278480
1 0.331217 0.266679 0.326666 0.271915 0.347971 0.290723 0.352522 0.285246
1 0.325981 0.273163 0.321430 0.278399 0.342735 0.297207 0.347286 0.291730
1 0.320383 0.279809 0.315832 0.285044 0.337137 0.303853 0.341688 0.298375
1 0.276653 0.331846 0.272102 0.337082 0.293407 0.355890 0.297958 0.350413
1 0.314837 0.285953 0.310286 0.291189 0.331591 0.309997 0.336142 0.304520
1 0.309279 0.292719 0.304728 0.297955 0.326033 0.316763 0.330584 0.311286
1 0.304043 0.299203 0.299492 0.304439 0.320797 0.323247 0.325348 0.317770
1 0.298445 0.305849 0.293894 0.311085 0.315199 0.329893 0.319750 0.324415
1 0.293045 0.311950 0.288494 0.317186 0.309799 0.335994 0.314350 0.330517
1 0.287487 0.318716 0.282936 0.323952 0.304241 0.342760 0.308792 0.337283
1 0.282251 0.325201 0.277700 0.330436 0.299006 0.349245 0.303557 0.343767
1 0.195029 0.429518 0.190478 0.434753 0.211784 0.453562 0.216335 0.448084
1 0.271344 0.338233 0.266793 0.343469 0.288099 0.362277 0.292650 0.356800
1 0.265786 0.344999 0.261235 0.350235 0.282541 0.369043 0.287092 0.363566
1 0.260551 0.351483 0.256000 0.356719 0.277305 0.375527 0.281856 0.370050
1 0.254952 0.358129 0.250401 0.363364 0.271707 0.382173 0.276258 0.376695
1 0.249553 0.364230 0.245002 0.369466 0.266307 0.388274 0.270858 0.382797
1 0.243995 0.370996 0.239444 0.376232 0.260749 0.395040 0.265300 0.389563
1 0.238759 0.377480 0.234208 0.382716 0.255513 0.401525 0.260064 0.396047
1 0.233161 0.384126 0.228610 0.389362 0.249915 0.408170 0.254466 0.402692
1 0.189431 0.436163 0.184880 0.441399 0.206185 0.460207 0.210736 0.454730
1 0.227615 0.390270 0.223064 0.395506 0.244369 0.414314 0.248920 0.408837
1 0.222057 0.397036 0.217506 0.402272 0.238811 0.421080 0.243362 0.415603
1 0.216821 0.403521 0.212270 0.408756 0.233575 0.427565 0.238126 0.422087
1 0.211223 0.410166 0.206672 0.415402 0.227977 0.434210 0.232528 0.428733
1 0.205823 0.416267 0.201272 0.421503 0.222577 0.440311 0.227128 0.434834
1 0.200265 0.423033 0.195714 0.428269 0.217019 0.447077 0.221570 0.441600
1 0.145352 0.488411 0.140801 0.493647 0.162107 0.512455 0.166658 0.506977
1 0.178296 0.449264 0.173745 0.454500 0.195050 0.473308 0.199601 0.467831
1 0.134471 0.501684 0.129919 0.506919 0.151225 0.525728 0.155776 0.520250
1 0.172558 0.455791 0.168007 0.461027 0.189313 0.479835 0.193864 0.474358
1 0.167144 0.462414 0.162593 0.467649 0.183898 0.486458 0.188449 0.480980
1 0.161526 0.468659 0.156975 0.473895 0.178280 0.492703 0.182831 0.487226
1 0.156119 0.475352 0.151568 0.480588 0.172873 0.499396 0.177424 0.493919
1 0.150767 0.481836 0.146216 0.487072 0.167521 0.505880 0.172072 0.500402
1 0.183751 0.442858 0.179200 0.448094 0.200505 0.466902 0.205056 0.461425
1 0.140021 0.494991 0.135470 0.500226 0.156775 0.519035 0.161326 0.513557
1 0.128838 0.507941 0.124287 0.513177 0.145593 0.531985 0.150144 0.526508
1 0.123288 0.514634 0.118737 0.519870 0.140042 0.538679 0.144593 0.533201
1 0.456123 0.793979 0.479698 0.812572 0.474952 0.818338 0.451259 0.799667
1 0.456688 0.792816 0.480375 0.811798 0.485243 0.805591 0.461098 0.787556
1 0.467223 0.779934 0.490910 0.798916 0.495778 0.792708 0.471634 0.774673
1 0.466659 0.781097 0.490234 0.799690 0.485487 0.805456 0.461795 0.786784
1 0.488809 0.755358 0.512384 0.773951 0.507637 0.779718 0.483944 0.761046
1 0.478273 0.768240 0.501848 0.786834 0.497102 0.792600 0.473409 0.773928
1 0.478837 0.767077 0.502525 0.786060 0.507393 0.779852 0.483248 0.761817
1 0.489373 0.754195 0.513060 0.773177 0.517928 0.766970 0.493784 0.748935
1 0.506016 0.734582 0.529704 0.753564 0.534572 0.747357 0.510427 0.729322
1 0.505452 0.735745 0.529027 0.754338 0.524281 0.760104 0.500588 0.741433
1 0.495481 0.747464 0.519168 0.766446 0.524036 0.760239 0.499892 0.742204
1 0.528104 0.708348 0.551792 0.727331 0.556660 0.721123 0.532515 0.703088
1 0.527478 0.709511 0.551053 0.728105 0.546307 0.733871 0.522614 0.715199
1 0.517507 0.721231 0.541194 0.740213 0.546062 0.734005 0.521918 0.715970
1 0.511399 0.727962 0.535086 0.746944 0.539954 0.740736 0.515810 0.722701
1 0.593410 0.629958 0.617097 0.648941 0.621965 0.642733 0.597821 0.624698
1 0.538330 0.696515 0.561905 0.715109 0.557159 0.720875 0.533466 0.702203
1 0.538895 0.695352 0.562582 0.714335 0.567450 0.708127 0.543305 0.690092
1 0.549430 0.682470 0.573117 0.701452 0.577985 0.695245 0.553841 0.677210
1 0.548866 0.683633 0.572441 0.702226 0.567694 0.707993 0.544002 0.689321
1 0.570622 0.656975 0.594197 0.675568 0.589450 0.681335 0.565757 0.662663
1 0.560480 0.670777 0.584055 0.689370 0.579309 0.695136 0.555616 0.676465
1 0.560453 0.669548 0.584141 0.688531 0.589009 0.682323 0.564864 0.664288
1 0.571776 0.656437 0.595463 0.675419 0.600332 0.669212 0.576187 0.651177
1 0.588174 0.636628 0.611862 0.655610 0.616730 0.649402 0.592585 0.631367
1 0.587463 0.637742 0.611038 0.656335 0.606291 0.662101 0.582599 0.643429
1 0.577197 0.649804 0.600884 0.668787 0.605752 0.662579 0.581608 0.644544
1 0.609919 0.610345 0.633606 0.629327 0.638474 0.623120 0.614330 0.605085
1 0.609145 0.611312 0.632720 0.629905 0.627974 0.635671 0.604281 0.617000
1 0.599125 0.623325 0.622812 0.642308 0.627681 0.636100 0.603536 0.618065
1 0.670258 0.538877 0.693702 0.556772 0.697823 0.550999 0.674668 0.533617
1 0.620425 0.597947 0.644000 0.616540 0.639253 0.622306 0.615561 0.603634
1 0.642311 0.572331 0.665886 0.590924 0.661139 0.596690 0.637447 0.578018
1 0.631145 0.585131 0.654720 0.603724 0.649973 0.609490 0.626281 0.590819
1 0.632013 0.583862 0.655700 0.602844 0.660411 0.597129 0.636423 0.578601
1 0.643057 0.570850 0.666744 0.589832 0.671465 0.583991 0.647468 0.565589
1 0.659536 0.551533 0.683223 0.570515 0.688091 0.564308 0.663947 0.546273
1 0.659022 0.552055 0.682597 0.570648 0.677850 0.576415 0.654158 0.557743
1 0.648326 0.564643 0.672013 0.583626 0.676881 0.577418 0.652737 0.559383
1 0.681348 0.525538 0.704797 0.543808 0.708773 0.537910 0.685758 0.520278
1 0.680068 0.527180 0.703463 0.544893 0.699190 0.550132 0.675496 0.532552
1 0.620959 0.596938 0.644676 0.615766 0.649308 0.610195 0.625484 0.591815
1 0.664925 0.545382 0.688713 0.563702 0.693063 0.557709 0.669335 0.540121
1 0.686537 0.519521 0.710195 0.537193 0.713962 0.531893 0.690948 0.514261
1 0.199958 0.198436 0.202937 0.198436 0.202937 0.206564 0.199958 0.206564
1 0.187102 0.198403 0.190081 0.198403 0.190081 0.206531 0.187102 0.206531
1 0.221530 0.198101 0.224509 0.198101 0.224509 0.206229 0.221530 0.206229
0 0.224699 0.199929 0.234224 0.199929 0.234224 0.204837 0.224699 0.204837
1 0.234385 0.198134 0.237365 0.198134 0.237365 0.206262 0.234385 0.206262
1 0.166169 0.198526 0.169148 0.198526 0.169148 0.206654 0.166169 0.206654
0 0.156482 0.200321 0.166007 0.200321 0.166007 0.205229 0.156482 0.205229
1 0.153313 0.198494 0.156292 0.198494 0.156292 0.206622 0.153313 0.206622
1 0.131961 0.197979 0.134941 0.197979 0.134941 0.206107 0.131961 0.206107
0 0.122275 0.199774 0.131800 0.199774 0.131800 0.204682 0.122275 0.204682
1 0.119106 0.197946 0.122085 0.197946 0.122085 0.206074 0.119106 0.206074
1 0.097968 0.198355 0.100947 0.198355 0.100947 0.206483 0.097968 0.206483
0 0.088281 0.200150 0.097806 0.200150 0.097806 0.205058 0.088281 0.205058
1 0.085112 0.198322 0.088091 0.198322 0.088091 0.206450 0.085112 0.206450
1 0.063930 0.198071 0.066909 0.198071 0.066909 0.206199 0.063930 0.206199
0 0.054243 0.199866 0.063768 0.199866 0.063768 0.204774 0.054243 0.204774
1 0.051074 0.198039 0.054053 0.198039 0.054053 0.206167 0.051074 0.206167
1 0.030014 0.198312 0.032994 0.198312 0.032994 0.206440 0.030014 0.206440
0 0.020328 0.200107 0.029852 0.200107 0.029852 0.205015 0.020328 0.205015
1 0.017158 0.198279 0.020138 0.198279 0.020138 0.206407 0.017158 0.206407
1 0.268111 0.198075 0.271090 0.198075 0.271090 0.206203 0.268111 0.206203
0 0.258425 0.199871 0.267949 0.199871 0.267949 0.204778 0.258425 0.204778
1 0.255255 0.198043 0.258235 0.198043 0.258235 0.206171 0.255255 0.206171
1 0.302089 0.198289 0.305069 0.198289 0.305069 0.206417 0.302089 0.206417
0 0.292403 0.200084 0.301927 0.200084 0.301927 0.204992 0.292403 0.204992
1 0.289233 0.198256 0.292213 0.198256 0.292213 0.206384 0.289233 0.206384
0 0.480195 0.199857 0.489720 0.199857 0.489720 0.204765 0.480195 0.204765
1 0.489882 0.198062 0.492861 0.198062 0.492861 0.206190 0.489882 0.206190
1 0.477026 0.198029 0.480005 0.198029 0.480005 0.206158 0.477026 0.206158
1 0.510990 0.198032 0.513969 0.198032 0.513969 0.206160 0.510990 0.206160
0 0.514159 0.199860 0.523684 0.199860 0.523684 0.204768 0.514159 0.204768
1 0.523846 0.198064 0.526825 0.198064 0.526825 0.206192 0.523846 0.206192
1 0.545003 0.197784 0.547982 0.197784 0.547982 0.205912 0.545003 0.205912
0 0.548172 0.199612 0.557697 0.199612 0.557697 0.204519 0.548172 0.204519
1 0.557859 0.197816 0.560838 0.197816 0.560838 0.205944 0.557859 0.205944
1 0.578921 0.198270 0.581900 0.198270 0.581900 0.206398 0.578921 0.206398
0 0.582090 0.200098 0.591615 0.200098 0.591615 0.205006 0.582090 0.205006
1 0.591777 0.198302 0.594756 0.198302 0.594756 0.206430 0.591777 0.206430
1 0.612979 0.198244 0.615958 0.198244 0.615958 0.206372 0.612979 0.206372
0 0.616148 0.200072 0.625673 0.200072 0.625673 0.204980 0.616148 0.204980
1 0.625835 0.198276 0.628814 0.198276 0.628814 0.206404 0.625835 0.206404
1 0.647161 0.198130 0.650140 0.198130 0.650140 0.206258 0.647161 0.206258
0 0.650330 0.199958 0.659855 0.199958 0.659855 0.204866 0.650330 0.204866
1 0.660017 0.198163 0.662996 0.198163 0.662996 0.206291 0.660017 0.206291
1 0.681062 0.198294 0.684041 0.198294 0.684041 0.206422 0.681062 0.206422
0 0.684231 0.200122 0.693756 0.200122 0.693756 0.205029 0.684231 0.205029
1 0.693918 0.198326 0.696897 0.198326 0.696897 0.206454 0.693918 0.206454
1 0.728162 0.198171 0.731141 0.198171 0.731141 0.206299 0.728162 0.206299
0 0.718475 0.199966 0.728000 0.199966 0.728000 0.204874 0.718475 0.204874
1 0.715306 0.198138 0.718285 0.198138 0.718285 0.206266 0.715306 0.206266
1 0.749238 0.198177 0.752218 0.198177 0.752218 0.206305 0.749238 0.206305
0 0.752408 0.200005 0.761932 0.200005 0.761932 0.204913 0.752408 0.204913
1 0.762094 0.198209 0.765074 0.198209 0.765074 0.206337 0.762094 0.206337
1 0.783249 0.197711 0.786228 0.197711 0.786228 0.205839 0.783249 0.205839
0 0.786418 0.199538 0.795943 0.199538 0.795943 0.204446 0.786418 0.204446
1 0.796105 0.197743 0.799084 0.197743 0.799084 0.205871 0.796105 0.205871
1 0.817298 0.198332 0.820277 0.198332 0.820277 0.206461 0.817298 0.206461
0 0.820467 0.200160 0.829992 0.200160 0.829992 0.205068 0.820467 0.205068
1 0.830154 0.198365 0.833133 0.198365 0.833133 0.206493 0.830154 0.206493
1 0.851309 0.198216 0.854288 0.198216 0.854288 0.206344 0.851309 0.206344
0 0.854478 0.200044 0.864003 0.200044 0.864003 0.204951 0.854478 0.204951
1 0.864165 0.198248 0.867144 0.198248 0.867144 0.206376 0.864165 0.206376
1 0.885358 0.197866 0.888337 0.197866 0.888337 0.205994 0.885358 0.205994
0 0.888527 0.199694 0.898654 0.199694 0.898654 0.204879 0.888527 0.204879
1 0.898914 0.198093 0.901893 0.198093 0.901893 0.206221 0.898914 0.206221
1 0.919365 0.198028 0.923008 0.198028 0.923008 0.206266 0.919365 0.206266
0 0.923198 0.199966 0.932659 0.199966 0.932659 0.204918 0.923198 0.204918
1 0.932945 0.198160 0.935553 0.198160 0.935553 0.206352 0.932945 0.206352
1 0.953663 0.197746 0.956946 0.197746 0.956946 0.206015 0.953663 0.206015
0 0.957136 0.199715 0.966597 0.199715 0.966597 0.204667 0.957136 0.204667
1 0.966882 0.197909 0.969491 0.197909 0.969491 0.206101 0.966882 0.206101
1 0.012962 0.066737 0.015905 0.066737 0.015905 0.075567 0.012962 0.075567
1 0.033008 0.066684 0.037357 0.066684 0.037357 0.075381 0.033008 0.075381
1 0.067108 0.066153 0.071563 0.066153 0.071563 0.075964 0.067108 0.075964
1 0.045789 0.066313 0.050085 0.066313 0.050085 0.075991 0.045789 0.075991
1 0.080446 0.066657 0.083813 0.066657 0.083813 0.075673 0.080446 0.075673
1 0.135387 0.066286 0.139312 0.066286 0.139312 0.076203 0.135387 0.076203
1 0.114307 0.066313 0.118205 0.066313 0.118205 0.076230 0.114307 0.076230
1 0.148502 0.066046 0.152411 0.066046 0.152411 0.076389 0.148502 0.076389
1 0.203640 0.065517 0.207963 0.065517 0.207963 0.076946 0.203640 0.076946
1 0.183011 0.065994 0.186299 0.065994 0.186299 0.076415 0.183011 0.076415
1 0.215992 0.065796 0.220531 0.065796 0.220531 0.076468 0.215992 0.076468
1 0.271491 0.065497 0.275410 0.065497 0.275410 0.076614 0.271491 0.076614
1 0.250179 0.065446 0.254098 0.065446 0.254098 0.076562 0.250179 0.076562
1 0.284486 0.065537 0.288550 0.065537 0.288550 0.076870 0.284486 0.076870
1 0.339857 0.065727 0.343519 0.065727 0.343519 0.076332 0.339857 0.076332
1 0.318776 0.066137 0.322515 0.066137 0.322515 0.076306 0.318776 0.076306
1 0.373207 0.065676 0.378048 0.065676 0.378048 0.076537 0.373207 0.076537
1 0.352536 0.065727 0.355968 0.065727 0.355968 0.075820 0.352536 0.075820
1 0.387039 0.066060 0.390318 0.066060 0.390318 0.075973 0.387039 0.075973
1 0.408197 0.065702 0.412244 0.065702 0.412244 0.076050 0.408197 0.076050
1 0.442162 0.065651 0.446004 0.065651 0.446004 0.075973 0.442162 0.075973
1 0.475999 0.065241 0.480174 0.065241 0.480174 0.076767 0.475999 0.076767
1 0.454687 0.065856 0.458197 0.065856 0.458197 0.076537 0.454687 0.076537
0 0.767828 0.063576 0.764447 0.072439 0.780866 0.078125 0.783709 0.069339
0 0.801819 0.063071 0.798514 0.071780 0.814139 0.077646 0.817418 0.069168
0 0.835195 0.063730 0.832223 0.072080 0.848105 0.077766 0.851204 0.069211
0 0.869467 0.063704 0.866650 0.072310 0.882480 0.077766 0.885451 0.069160
0 0.903381 0.063320 0.900154 0.071593 0.916112 0.077408 0.919185 0.068852
0 0.938806 0.063448 0.935451 0.072413 0.951204 0.078074 0.954406 0.069365
0 0.971901 0.063268 0.968827 0.072285 0.984785 0.077664 0.987782 0.068904
1 0.987987 0.068776 0.984810 0.078176 0.988627 0.079278 0.991829 0.070005
1 0.967930 0.061860 0.964754 0.071260 0.968571 0.072362 0.971773 0.063089
1 0.954713 0.069134 0.951050 0.079073 0.954816 0.080482 0.958325 0.070466
1 0.935067 0.061552 0.931404 0.071491 0.935169 0.072900 0.938678 0.062884
1 0.919598 0.068581 0.915935 0.078519 0.919701 0.079928 0.923210 0.069913
1 0.899857 0.061142 0.896194 0.071081 0.899565 0.072413 0.903469 0.062474
1 0.885773 0.068702 0.882306 0.078992 0.886724 0.080586 0.889968 0.070408
1 0.866590 0.061683 0.862703 0.071834 0.866171 0.073204 0.869638 0.062773
1 0.851632 0.068467 0.847595 0.079479 0.851335 0.081111 0.855460 0.069981
1 0.832141 0.061522 0.828254 0.071672 0.831722 0.073043 0.835189 0.062612
1 0.817908 0.068805 0.814021 0.078956 0.817756 0.080634 0.821580 0.070164
1 0.798272 0.061127 0.794385 0.071278 0.797999 0.072683 0.801945 0.062485
1 0.784221 0.068616 0.780758 0.079199 0.784372 0.080604 0.788166 0.069921
1 0.764342 0.061241 0.759911 0.071954 0.763705 0.073563 0.767953 0.063062
1 0.748552 0.065492 0.752694 0.065492 0.752694 0.076275 0.748552 0.076275
1 0.727111 0.065207 0.730969 0.065207 0.730969 0.076149 0.727111 0.076149
1 0.713924 0.065239 0.718193 0.065239 0.718193 0.075959 0.713924 0.075959
1 0.693654 0.065365 0.696721 0.065365 0.696721 0.076180 0.693654 0.076180
1 0.680341 0.065650 0.684926 0.065650 0.684926 0.076623 0.680341 0.076623
1 0.659532 0.065080 0.662695 0.065080 0.662695 0.076591 0.659532 0.076591
1 0.646535 0.065460 0.650899 0.065460 0.650899 0.076370 0.646535 0.076370
1 0.625095 0.065650 0.629048 0.065650 0.629048 0.076022 0.625095 0.076022
1 0.591778 0.065702 0.595313 0.065702 0.595313 0.076383 0.591778 0.076383
1 0.578125 0.065369 0.582608 0.065369 0.582608 0.076537 0.578125 0.076537
1 0.557608 0.065804 0.560630 0.065804 0.560630 0.075897 0.557608 0.075897
1 0.523361 0.065932 0.527152 0.065932 0.527152 0.077024 0.523361 0.077024
1 0.510451 0.065625 0.514165 0.065625 0.514165 0.076614 0.510451 0.076614
1 0.489600 0.065932 0.492982 0.065932 0.492982 0.076076 0.489600 0.076076
1 0.001458 0.821313 0.025888 0.821313 0.025888 0.841367 0.001458 0.841367
1 0.041294 0.821131 0.066179 0.821131 0.066179 0.841094 0.041294 0.841094
1 0.041020 0.851212 0.066179 0.851212 0.066179 0.870810 0.041020 0.870810
1 0.019872 0.928330 0.044302 0.928330 0.044302 0.948566 0.019872 0.948566
1 0.059798 0.928239 0.085139 0.928239 0.085139 0.948657 0.059798 0.948657
1 0.059889 0.958593 0.084866 0.958593 0.084866 0.978374 0.059889 0.978374
1 0.020145 0.958229 0.044849 0.958229 0.044849 0.978648 0.020145 0.978648
1 0.138830 0.928147 0.163898 0.928147 0.163898 0.948566 0.138830 0.948566
1 0.179212 0.928512 0.203824 0.928512 0.203824 0.948293 0.179212 0.948293
1 0.178939 0.958411 0.203824 0.958411 0.203824 0.978739 0.178939 0.978739
1 0.139195 0.958229 0.163989 0.958229 0.163989 0.978283 0.139195 0.978283
1 0.258609 0.928056 0.283130 0.928056 0.283130 0.948202 0.258609 0.948202
1 0.298353 0.928512 0.323238 0.928512 0.323238 0.948202 0.298353 0.948202
1 0.298444 0.958229 0.323329 0.958229 0.323329 0.978283 0.298444 0.978283
1 0.258426 0.958138 0.283130 0.958138 0.283130 0.978465 0.258426 0.978465
1 0.377476 0.928239 0.402361 0.928239 0.402361 0.948111 0.377476 0.948111
1 0.417675 0.928147 0.442834 0.928147 0.442834 0.948293 0.417675 0.948293
1 0.417493 0.958138 0.442561 0.958138 0.442561 0.978374 0.417493 0.978374
1 0.377476 0.958138 0.402452 0.958138 0.402452 0.978192 0.377476 0.978192
1 0.496707 0.927783 0.521319 0.927783 0.521319 0.948475 0.496707 0.948475
1 0.537089 0.927874 0.561793 0.927874 0.561793 0.948202 0.537089 0.948202
1 0.536816 0.957955 0.561701 0.957955 0.561701 0.978283 0.536816 0.978283
1 0.496981 0.958138 0.521684 0.958138 0.521684 0.978010 0.496981 0.978010
1 0.615666 0.927600 0.640916 0.927600 0.640916 0.948384 0.615666 0.948384
1 0.655865 0.927965 0.680842 0.927965 0.680842 0.947837 0.655865 0.947837
1 0.615666 0.958229 0.640825 0.958229 0.640825 0.978192 0.615666 0.978192
1 0.655865 0.958502 0.681115 0.958502 0.681115 0.978465 0.655865 0.978465
1 0.735080 0.928239 0.760056 0.928239 0.760056 0.948019 0.735080 0.948019
1 0.775553 0.928421 0.800438 0.928421 0.800438 0.948384 0.775553 0.948384
1 0.735353 0.957955 0.760239 0.957955 0.760239 0.977918 0.735353 0.977918
1 0.775553 0.957864 0.799982 0.957864 0.799982 0.977736 0.775553 0.977736
1 0.854220 0.927783 0.879288 0.927783 0.879288 0.948475 0.854220 0.948475
1 0.894511 0.927692 0.919670 0.927692 0.919670 0.948202 0.894511 0.948202
1 0.894420 0.957773 0.919396 0.957773 0.919396 0.978010 0.894420 0.978010
1 0.854129 0.957955 0.879106 0.957955 0.879106 0.978101 0.854129 0.978101
1 0.001175 0.851568 0.026334 0.851568 0.026334 0.871166 0.001175 0.871166
1 0.979856 0.304567 0.999528 0.324469 0.995751 0.329398 0.975065 0.310326
1 0.974558 0.310740 0.994230 0.330642 0.990453 0.335572 0.969767 0.316499
1 0.968846 0.317927 0.988840 0.336816 0.984648 0.342160 0.963962 0.323686
1 0.963732 0.324699 0.983726 0.343588 0.979534 0.348932 0.958849 0.330458
1 0.958019 0.331195 0.978014 0.350084 0.973821 0.355428 0.953136 0.336954
1 0.952537 0.337645 0.972670 0.356764 0.968385 0.361601 0.947654 0.343404
1 0.947101 0.343818 0.967233 0.362937 0.962949 0.367774 0.942218 0.349577
1 0.941665 0.350636 0.961797 0.369755 0.957513 0.374593 0.936781 0.356395
1 0.936413 0.357086 0.956545 0.376205 0.952261 0.381043 0.931529 0.362845
1 0.931115 0.363766 0.951247 0.382885 0.946963 0.387723 0.926231 0.369525
1 0.925494 0.370170 0.945627 0.389289 0.941342 0.394126 0.920611 0.375929
1 0.919920 0.376712 0.940052 0.395831 0.935768 0.400668 0.915036 0.382471
1 0.914622 0.383162 0.934754 0.402281 0.930470 0.407118 0.909738 0.388920
1 0.908955 0.389704 0.929088 0.408823 0.924803 0.413660 0.904072 0.395462
1 0.903390 0.396724 0.923522 0.415843 0.919238 0.420680 0.898506 0.402483
1 0.892511 0.409816 0.912644 0.428935 0.908359 0.433772 0.887628 0.415575
1 0.898077 0.403175 0.918209 0.422294 0.913925 0.427131 0.893193 0.408934
1 0.886945 0.416330 0.907078 0.435449 0.902793 0.440287 0.882062 0.422089
1 0.881570 0.422465 0.901702 0.441584 0.897418 0.446421 0.876686 0.428224
1 0.876067 0.429359 0.896200 0.448478 0.891915 0.453315 0.871184 0.435118
1 0.870691 0.435494 0.890824 0.454613 0.886539 0.459450 0.865808 0.441253
1 0.864873 0.442261 0.885005 0.461380 0.880721 0.466218 0.859989 0.448020
1 0.859433 0.448839 0.879566 0.467958 0.875281 0.472795 0.854550 0.454598
1 0.854057 0.455227 0.874190 0.474346 0.869905 0.479183 0.849174 0.460985
1 0.848618 0.461994 0.868751 0.481113 0.864466 0.485950 0.843735 0.467753
1 0.843053 0.468382 0.863185 0.487501 0.858901 0.492338 0.838169 0.474141
1 0.837424 0.474770 0.857556 0.493889 0.853272 0.498726 0.832540 0.480529
1 0.831858 0.481158 0.851990 0.500277 0.847706 0.505114 0.826975 0.486916
1 0.826672 0.487862 0.846804 0.506981 0.842520 0.511818 0.821788 0.493621
1 0.821106 0.494250 0.841239 0.513369 0.836954 0.518206 0.816223 0.500008
1 0.815287 0.501144 0.835420 0.520263 0.831135 0.525100 0.810404 0.506902
1 0.810101 0.507848 0.830234 0.526967 0.825949 0.531804 0.805218 0.513606
1 0.804536 0.514236 0.824668 0.533355 0.820384 0.538192 0.799652 0.519994
1 0.805749 0.582896 0.822094 0.561708 0.827315 0.565416 0.811197 0.587702
1 0.812067 0.588420 0.828564 0.567081 0.833785 0.570789 0.817553 0.593188
1 0.818991 0.594058 0.835487 0.572719 0.840709 0.576427 0.824477 0.598825
1 0.825272 0.599431 0.841768 0.578091 0.846989 0.582140 0.830758 0.604198
1 0.831704 0.605220 0.848389 0.583540 0.853611 0.587588 0.837379 0.609646
1 0.838363 0.610668 0.855048 0.588988 0.860270 0.593036 0.844038 0.615095
1 0.844984 0.616192 0.861670 0.594512 0.866891 0.598560 0.850660 0.620619
1 0.851454 0.621489 0.868140 0.599809 0.873361 0.603857 0.857129 0.625916
1 0.857508 0.626975 0.874193 0.605295 0.879415 0.609344 0.863183 0.631402
1 0.864545 0.632688 0.881231 0.611008 0.886452 0.615057 0.870221 0.637115
1 0.870902 0.638099 0.887587 0.616419 0.892808 0.620467 0.876577 0.642525
1 0.883690 0.649336 0.901132 0.627013 0.906354 0.631061 0.889441 0.653876
1 0.877485 0.644039 0.894662 0.621754 0.899884 0.625802 0.883198 0.648125
1 0.890425 0.654973 0.907867 0.632650 0.913088 0.636699 0.896176 0.659514
1 0.896781 0.660762 0.914223 0.638439 0.919445 0.642488 0.902532 0.665303
1 0.903365 0.666059 0.920807 0.643736 0.926028 0.647785 0.909116 0.670600
1 0.910175 0.671886 0.927617 0.649563 0.932839 0.653611 0.915926 0.676426
1 0.916418 0.677032 0.933860 0.654709 0.939082 0.658757 0.922169 0.681572
1 0.922926 0.682669 0.940368 0.660346 0.945589 0.664395 0.928677 0.687209
1 0.929169 0.687815 0.946611 0.665492 0.951832 0.669540 0.934920 0.692355
1 0.935601 0.693566 0.953043 0.671243 0.958264 0.675291 0.941352 0.698106
1 0.942335 0.699090 0.959778 0.676767 0.964999 0.680815 0.948086 0.703630
1 0.948919 0.704614 0.966361 0.682291 0.971582 0.686339 0.954670 0.709154
1 0.955427 0.710062 0.972869 0.687739 0.978090 0.691788 0.961178 0.714602
1 0.962161 0.715548 0.979604 0.693225 0.984825 0.697274 0.967912 0.720089
1 0.968593 0.721110 0.986036 0.698787 0.991257 0.702836 0.974344 0.725650
1 0.975252 0.726256 0.992695 0.703933 0.997916 0.707981 0.981003 0.730796
