0 0.635505 0.514732 0.660729 0.514732 0.660729 0.565500 0.635505 0.565500
0 0.597237 0.607140 0.624063 0.607140 0.624063 0.659556 0.597237 0.659556
0 0.671927 0.514102 0.697721 0.514102 0.697721 0.564881 0.671927 0.564881
0 0.599264 0.512631 0.624476 0.512631 0.624476 0.565028 0.599264 0.565028
0 0.561867 0.512952 0.586934 0.512952 0.586934 0.564722 0.561867 0.564722
0 0.820988 0.362140 0.895069 0.362140 0.895069 0.445590 0.820988 0.445590
0 0.231638 0.346447 0.310285 0.346447 0.310285 0.398804 0.231638 0.398804
0 0.238173 0.607600 0.314920 0.607600 0.314920 0.659742 0.238173 0.659742
0 0.723114 0.900711 0.748650 0.900711 0.748650 0.953013 0.723114 0.953013
0 0.079930 0.301415 0.092743 0.301415 0.092743 0.326089 0.079930 0.326089
0 0.884337 0.220321 0.934787 0.220321 0.934787 0.246847 0.884337 0.246847
0 0.883148 0.270782 0.933984 0.270782 0.933984 0.297051 0.883148 0.297051
0 0.118413 0.729132 0.170416 0.729132 0.170416 0.755943 0.118413 0.755943
0 0.150012 0.499761 0.203281 0.499761 0.203281 0.526418 0.150012 0.526418
0 0.146552 0.688817 0.160906 0.688817 0.160906 0.714935 0.146552 0.714935
0 0.111843 0.439646 0.163611 0.439646 0.163611 0.467356 0.111843 0.467356
0 0.149407 0.599876 0.202019 0.599876 0.202019 0.626679 0.149407 0.626679
0 0.112704 0.308636 0.165203 0.308636 0.165203 0.334458 0.112704 0.334458
0 0.220623 0.710669 0.247323 0.710669 0.247323 0.763525 0.220623 0.763525
0 0.257269 0.711978 0.283193 0.711978 0.283193 0.763741 0.257269 0.763741
0 0.150329 0.536869 0.203493 0.536869 0.203493 0.563491 0.150329 0.563491
0 0.546022 0.894214 0.574452 0.894214 0.574452 0.947132 0.546022 0.947132
0 0.149316 0.636880 0.202120 0.636880 0.202120 0.663491 0.149316 0.663491
0 0.319026 0.165895 0.371369 0.165895 0.371369 0.238284 0.319026 0.238284
0 0.616159 0.781521 0.642212 0.781521 0.642212 0.834299 0.616159 0.834299
0 0.112014 0.269914 0.165063 0.269914 0.165063 0.296308 0.112014 0.296308
0 0.169114 0.163499 0.227712 0.163499 0.227712 0.235782 0.169114 0.235782
0 0.117992 0.766693 0.170785 0.766693 0.170785 0.793411 0.117992 0.793411
0 0.293948 0.712204 0.319145 0.712204 0.319145 0.763356 0.293948 0.763356
0 0.112623 0.403349 0.164567 0.403349 0.164567 0.430199 0.112623 0.430199
0 0.090050 0.167630 0.141486 0.167630 0.141486 0.194027 0.090050 0.194027
0 0.064289 0.602818 0.082567 0.602818 0.082567 0.650156 0.064289 0.650156
0 0.025370 0.085743 0.051413 0.085743 0.051413 0.136796 0.025370 0.136796
0 0.188426 0.311252 0.215060 0.311252 0.215060 0.326308 0.188426 0.326308
0 0.743400 0.682927 0.769027 0.682927 0.769027 0.697820 0.743400 0.697820
0 0.832662 0.953617 0.844750 0.953617 0.844750 0.979662 0.832662 0.979662
0 0.930453 0.833752 0.939360 0.833752 0.939360 0.850028 0.930453 0.850028
0 0.650654 0.782383 0.678615 0.782383 0.678615 0.833708 0.650654 0.833708
0 0.739490 0.828845 0.764887 0.828845 0.764887 0.841858 0.739490 0.841858
0 0.810305 0.954235 0.823380 0.954235 0.823380 0.979979 0.810305 0.979979
0 0.336295 0.302248 0.349285 0.302248 0.349285 0.327501 0.336295 0.327501
0 0.836465 0.289801 0.851358 0.289801 0.851358 0.316115 0.836465 0.316115
1 0.083573 0.473997 0.107591 0.473997 0.107591 0.497689 0.083573 0.497689
0 0.076397 0.680856 0.094887 0.680856 0.094887 0.727580 0.076397 0.727580
0 0.579909 0.698699 0.606137 0.698699 0.606137 0.752991 0.579909 0.752991
0 0.930112 0.864571 0.938235 0.864571 0.938235 0.880091 0.930112 0.880091
0 0.910671 0.933498 0.918836 0.933498 0.918836 0.948854 0.910671 0.948854
0 0.910425 0.864580 0.918583 0.864580 0.918583 0.879958 0.910425 0.879958
0 0.808331 0.565514 0.833346 0.565514 0.833346 0.578476 0.808331 0.578476
0 0.492454 0.754540 0.505254 0.754540 0.505254 0.779538 0.492454 0.779538
0 0.786305 0.271209 0.797134 0.271209 0.797134 0.288112 0.786305 0.288112
0 0.862808 0.966922 0.887307 0.966922 0.887307 0.979411 0.862808 0.979411
0 0.411847 0.426797 0.426883 0.426797 0.426883 0.434467 0.411847 0.434467
0 0.818671 0.924325 0.843379 0.924325 0.843379 0.937129 0.818671 0.937129
0 0.930498 0.933140 0.938773 0.933140 0.938773 0.948446 0.930498 0.948446
0 0.185956 0.420565 0.212040 0.420565 0.212040 0.435308 0.185956 0.435308
0 0.929794 0.796124 0.938298 0.796124 0.938298 0.812220 0.929794 0.812220
0 0.479266 0.164811 0.530495 0.164811 0.530495 0.238285 0.479266 0.238285
0 0.930313 0.902128 0.938756 0.902128 0.938756 0.917698 0.930313 0.917698
0 0.930862 0.970508 0.938979 0.970508 0.938979 0.986419 0.930862 0.986419
0 0.064308 0.463879 0.083301 0.463879 0.083301 0.509602 0.064308 0.509602
0 0.855165 0.564765 0.863201 0.564765 0.863201 0.579906 0.855165 0.579906
0 0.834820 0.645633 0.842556 0.645633 0.842556 0.660280 0.834820 0.660280
0 0.929919 0.727332 0.938325 0.727332 0.938325 0.743490 0.929919 0.743490
0 0.102675 0.521854 0.127171 0.521854 0.127171 0.534709 0.102675 0.534709
1 0.095716 0.691119 0.119336 0.691119 0.119336 0.715669 0.095716 0.715669
0 0.542737 0.296755 0.553453 0.296755 0.553453 0.314253 0.542737 0.314253
0 0.707977 0.607811 0.735938 0.607811 0.735938 0.660975 0.707977 0.660975
0 0.747098 0.765770 0.771606 0.765770 0.771606 0.779866 0.747098 0.779866
1 0.084272 0.542705 0.108484 0.542705 0.108484 0.566995 0.084272 0.566995
0 0.910308 0.970623 0.918200 0.970623 0.918200 0.986550 0.910308 0.986550
0 0.807756 0.765131 0.832758 0.765131 0.832758 0.779119 0.807756 0.779119
0 0.806765 0.673728 0.832502 0.673728 0.832502 0.688324 0.806765 0.688324
0 0.013234 0.172473 0.067452 0.172473 0.067452 0.243767 0.013234 0.243767
0 0.807249 0.732160 0.832461 0.732160 0.832461 0.745983 0.807249 0.745983
0 0.341751 0.690540 0.365169 0.690540 0.365169 0.703267 0.341751 0.703267
1 0.597471 0.015562 0.657129 0.015562 0.657129 0.036683 0.597471 0.036683
0 0.910335 0.902102 0.918200 0.902102 0.918200 0.918331 0.910335 0.918331
0 0.781572 0.850884 0.806546 0.850884 0.806546 0.863616 0.781572 0.863616
0 0.745935 0.739209 0.771505 0.739209 0.771505 0.752534 0.745935 0.752534
1 0.016223 0.245475 0.060849 0.245475 0.060849 0.266149 0.016223 0.266149
0 0.652924 0.699566 0.680038 0.699566 0.680038 0.752833 0.652924 0.752833
0 0.955440 0.322107 0.988175 0.322107 0.988175 0.340698 0.955440 0.340698
0 0.745452 0.708948 0.770671 0.708948 0.770671 0.723289 0.745452 0.723289
0 0.404872 0.603482 0.468929 0.603482 0.468929 0.686688 0.404872 0.686688
0 0.963047 0.528773 0.980211 0.528773 0.980211 0.538525 0.963047 0.538525
1 0.042072 0.560542 0.065088 0.560542 0.065088 0.581483 0.042072 0.581483
0 0.693226 0.890068 0.705883 0.890068 0.705883 0.916354 0.693226 0.916354
0 0.862018 0.885563 0.887344 0.885563 0.887344 0.899740 0.862018 0.899740
0 0.867773 0.660153 0.877556 0.660153 0.877556 0.676820 0.867773 0.676820
0 0.245311 0.052954 0.300973 0.052954 0.300973 0.120192 0.245311 0.120192
0 0.746761 0.297098 0.771609 0.297098 0.771609 0.309680 0.746761 0.309680
0 0.930053 0.765005 0.938338 0.765005 0.938338 0.780756 0.930053 0.780756
0 0.870922 0.567302 0.880664 0.567302 0.880664 0.584909 0.870922 0.584909
0 0.424021 0.829364 0.441780 0.829364 0.441780 0.839389 0.424021 0.839389
0 0.739732 0.855220 0.764356 0.855220 0.764356 0.868719 0.739732 0.868719
0 0.784270 0.160366 0.836589 0.160366 0.836589 0.210365 0.784270 0.210365
1 0.482973 0.239296 0.528103 0.239296 0.528103 0.257751 0.482973 0.257751
0 0.975708 0.242961 0.984231 0.242961 0.984231 0.258731 0.975708 0.258731
0 0.927821 0.694556 0.936028 0.694556 0.936028 0.710257 0.927821 0.710257
1 0.895195 0.400587 0.923345 0.400587 0.923345 0.408343 0.895195 0.408343
0 0.862650 0.857293 0.887083 0.857293 0.887083 0.870145 0.862650 0.870145
0 0.509304 0.637392 0.517396 0.637392 0.517396 0.653115 0.509304 0.653115
1 0.323481 0.239398 0.365584 0.239398 0.365584 0.257867 0.323481 0.257867
1 0.670998 0.500627 0.698793 0.500627 0.698793 0.512715 0.670998 0.512715
0 0.562426 0.606226 0.587521 0.606226 0.587521 0.659467 0.562426 0.659467
1 0.872401 0.219250 0.883390 0.219250 0.883390 0.248331 0.872401 0.248331
1 0.497206 0.310966 0.526137 0.310966 0.526137 0.319309 0.497206 0.319309
1 0.053268 0.708751 0.074769 0.708751 0.074769 0.730103 0.053268 0.730103
1 0.322802 0.145253 0.365236 0.145253 0.365236 0.165140 0.322802 0.165140
1 0.935972 0.217937 0.948141 0.217937 0.948141 0.249249 0.935972 0.249249
1 0.471379 0.670912 0.500518 0.670912 0.500518 0.683309 0.471379 0.683309
0 0.911552 0.594311 0.919351 0.594311 0.919351 0.609835 0.911552 0.609835
0 0.746681 0.787187 0.771593 0.787187 0.771593 0.801114 0.746681 0.801114
1 0.559819 0.501087 0.587952 0.501087 0.587952 0.511968 0.559819 0.511968
1 0.041112 0.598972 0.063354 0.598972 0.063354 0.620086 0.041112 0.620086
0 0.384466 0.699851 0.399476 0.699851 0.399476 0.707735 0.384466 0.707735
1 0.041209 0.631641 0.063251 0.631641 0.063251 0.652023 0.041209 0.652023
1 0.377506 0.345105 0.405859 0.345105 0.405859 0.352720 0.377506 0.352720
1 0.633854 0.501170 0.661750 0.501170 0.661750 0.512997 0.633854 0.512997
1 0.174728 0.236835 0.217706 0.236835 0.217706 0.256552 0.174728 0.256552
1 0.651866 0.689290 0.679605 0.689290 0.679605 0.698551 0.651866 0.698551
0 0.615763 0.699499 0.642454 0.699499 0.642454 0.749578 0.615763 0.749578
1 0.041251 0.459547 0.063222 0.459547 0.063222 0.480151 0.041251 0.480151
0 0.802865 0.111924 0.818261 0.111924 0.818261 0.120359 0.802865 0.120359
1 0.377967 0.607630 0.404185 0.607630 0.404185 0.618544 0.377967 0.618544
1 0.545402 0.948531 0.573701 0.948531 0.573701 0.958694 0.545402 0.958694
1 0.895394 0.422784 0.923765 0.422784 0.923765 0.430619 0.895394 0.430619
0 0.634669 0.606891 0.660536 0.606891 0.660536 0.659260 0.634669 0.659260
1 0.497011 0.344971 0.525659 0.344971 0.525659 0.352402 0.497011 0.352402
0 0.065188 0.532250 0.084442 0.532250 0.084442 0.578780 0.065188 0.578780
1 0.823375 0.210958 0.831547 0.210958 0.831547 0.238437 0.823375 0.238437
1 0.376744 0.366721 0.405859 0.366721 0.405859 0.375948 0.376744 0.375948
1 0.496973 0.355758 0.525500 0.355758 0.525500 0.363857 0.496973 0.363857
0 0.810789 0.253905 0.826849 0.253905 0.826849 0.262117 0.810789 0.262117
1 0.895389 0.411533 0.923706 0.411533 0.923706 0.419486 0.895389 0.419486
1 0.597008 0.660817 0.624813 0.660817 0.624813 0.670478 0.597008 0.670478
1 0.040822 0.491860 0.063782 0.491860 0.063782 0.512671 0.040822 0.512671
1 0.823189 0.136825 0.831432 0.136825 0.831432 0.160940 0.823189 0.160940
1 0.378460 0.311263 0.405859 0.311263 0.405859 0.319150 0.378460 0.319150
1 0.177180 0.145476 0.218238 0.145476 0.218238 0.162798 0.177180 0.162798
1 0.377739 0.628446 0.403935 0.628446 0.403935 0.639984 0.377739 0.639984
0 0.862658 0.825419 0.888208 0.825419 0.888208 0.839816 0.862658 0.839816
1 0.256511 0.699950 0.284941 0.699950 0.284941 0.711417 0.256511 0.711417
1 0.596483 0.594460 0.625221 0.594460 0.625221 0.606052 0.596483 0.606052
0 0.908989 0.659528 0.918200 0.659528 0.918200 0.676036 0.908989 0.676036
1 0.083604 0.612697 0.107862 0.612697 0.107862 0.637418 0.083604 0.637418
1 0.165537 0.437710 0.176112 0.437710 0.176112 0.468193 0.165537 0.468193
1 0.560394 0.660093 0.588432 0.660093 0.588432 0.670739 0.560394 0.670739
1 0.651248 0.834145 0.678724 0.834145 0.678724 0.844720 0.651248 0.844720
1 0.934844 0.270131 0.947007 0.270131 0.947007 0.298264 0.934844 0.298264
1 0.470628 0.607107 0.500768 0.607107 0.500768 0.617636 0.470628 0.617636
0 0.755320 0.641508 0.780245 0.641508 0.780245 0.655429 0.755320 0.655429
1 0.812893 0.135947 0.820787 0.135947 0.820787 0.160855 0.812893 0.160855
1 0.790649 0.211046 0.798609 0.211046 0.798609 0.238099 0.790649 0.238099
1 0.496745 0.322881 0.526296 0.322881 0.526296 0.330287 0.496745 0.330287
1 0.375471 0.378176 0.405700 0.378176 0.405700 0.386608 0.375471 0.386608
1 0.633914 0.660044 0.662214 0.660044 0.662214 0.670542 0.633914 0.670542
1 0.256382 0.764684 0.284359 0.764684 0.284359 0.775349 0.256382 0.775349
1 0.615037 0.835247 0.643556 0.835247 0.643556 0.844933 0.615037 0.844933
1 0.099833 0.438871 0.110911 0.438871 0.110911 0.467798 0.099833 0.467798
1 0.633441 0.565508 0.662557 0.565508 0.662557 0.576462 0.633441 0.576462
1 0.376426 0.356061 0.406018 0.356061 0.406018 0.363698 0.376426 0.363698
1 0.720447 0.954116 0.749291 0.954116 0.749291 0.963782 0.720447 0.963782
1 0.707809 0.594424 0.735870 0.594424 0.735870 0.606215 0.707809 0.606215
1 0.018689 0.153860 0.061475 0.153860 0.061475 0.171192 0.018689 0.171192
1 0.558880 0.593651 0.589534 0.593651 0.589534 0.605942 0.558880 0.605942
1 0.895365 0.378537 0.923495 0.378537 0.923495 0.386306 0.895365 0.386306
1 0.670306 0.565409 0.698902 0.565409 0.698902 0.576427 0.670306 0.576427
1 0.896113 0.367730 0.924444 0.367730 0.924444 0.375158 0.896113 0.375158
1 0.377277 0.650709 0.403995 0.650709 0.403995 0.661871 0.377277 0.661871
1 0.790614 0.135905 0.798454 0.135905 0.798454 0.160903 0.790614 0.160903
1 0.496885 0.366989 0.526932 0.366989 0.526932 0.374835 0.496885 0.374835
1 0.812785 0.211305 0.820881 0.211305 0.820881 0.239077 0.812785 0.239077
1 0.226599 0.594214 0.256064 0.594214 0.256064 0.623010 0.226599 0.623010
1 0.801361 0.135833 0.809673 0.135833 0.809673 0.160977 0.801361 0.160977
1 0.219509 0.699658 0.247547 0.699658 0.247547 0.710295 0.219509 0.710295
1 0.078760 0.165788 0.089405 0.165788 0.089405 0.195239 0.078760 0.195239
1 0.166411 0.268087 0.177288 0.268087 0.177288 0.297830 0.166411 0.297830
1 0.578307 0.753403 0.607446 0.753403 0.607446 0.763490 0.578307 0.763490
1 0.793453 0.411748 0.820574 0.411748 0.820574 0.419501 0.793453 0.419501
1 0.793743 0.367581 0.821244 0.367581 0.821244 0.375260 0.793743 0.375260
1 0.140026 0.499295 0.149827 0.499295 0.149827 0.528103 0.140026 0.528103
1 0.101845 0.306164 0.111638 0.306164 0.111638 0.335060 0.101845 0.335060
0 0.758886 0.415147 0.773497 0.415147 0.773497 0.423042 0.758886 0.423042
0 0.930045 0.591867 0.938319 0.591867 0.938319 0.607271 0.930045 0.607271
0 0.815005 0.644112 0.824722 0.644112 0.824722 0.660429 0.815005 0.660429
1 0.219885 0.763377 0.247693 0.763377 0.247693 0.775075 0.219885 0.775075
1 0.023099 0.071978 0.054177 0.071978 0.054177 0.084493 0.023099 0.084493
1 0.203233 0.598826 0.213871 0.598826 0.213871 0.628268 0.203233 0.628268
1 0.292334 0.763582 0.321093 0.763582 0.321093 0.774634 0.292334 0.774634
1 0.801418 0.211170 0.809651 0.211170 0.809651 0.238457 0.801418 0.238457
1 0.470826 0.650073 0.502049 0.650073 0.502049 0.662782 0.470826 0.662782
0 0.862877 0.940630 0.887312 0.940630 0.887312 0.953679 0.862877 0.953679
0 0.862763 0.914299 0.887950 0.914299 0.887950 0.926841 0.862763 0.926841
1 0.496992 0.300725 0.526137 0.300725 0.526137 0.307854 0.496992 0.307854
1 0.172619 0.727223 0.182795 0.727223 0.182795 0.755991 0.172619 0.755991
1 0.378795 0.323028 0.405859 0.323028 0.405859 0.330128 0.378795 0.330128
1 0.496852 0.389480 0.523640 0.389480 0.523640 0.397060 0.496852 0.397060
1 0.376112 0.671801 0.404278 0.671801 0.404278 0.683456 0.376112 0.683456
1 0.577612 0.688018 0.605661 0.688018 0.605661 0.697591 0.577612 0.697591
1 0.593250 0.153372 0.654431 0.153372 0.654431 0.173133 0.593250 0.173133
1 0.041684 0.528093 0.064366 0.528093 0.064366 0.549438 0.041684 0.549438
1 0.807470 0.849267 0.810516 0.849267 0.810516 0.865540 0.807470 0.865540
1 0.497039 0.378666 0.525977 0.378666 0.525977 0.386449 0.497039 0.386449
1 0.707694 0.661032 0.735817 0.661032 0.735817 0.670923 0.707694 0.670923
1 0.172910 0.765600 0.182867 0.765600 0.182867 0.794685 0.172910 0.794685
1 0.955679 0.307104 0.962834 0.307104 0.962834 0.321736 0.955679 0.321736
1 0.139991 0.536143 0.149904 0.536143 0.149904 0.565016 0.139991 0.565016
1 0.470631 0.628127 0.502049 0.628127 0.502049 0.640689 0.470631 0.640689
1 0.166031 0.305032 0.177009 0.305032 0.177009 0.335503 0.166031 0.335503
1 0.559461 0.564512 0.587436 0.564512 0.587436 0.576716 0.559461 0.576716
1 0.871809 0.270002 0.881891 0.270002 0.881891 0.298533 0.871809 0.298533
1 0.625884 0.895275 0.653495 0.895275 0.653495 0.906690 0.625884 0.906690
0 0.559841 0.398800 0.576924 0.398800 0.576924 0.408049 0.559841 0.408049
1 0.596940 0.565665 0.625001 0.565665 0.625001 0.576166 0.596940 0.576166
1 0.203663 0.636090 0.213629 0.636090 0.213629 0.664530 0.203663 0.664530
1 0.139520 0.635560 0.148699 0.635560 0.148699 0.664217 0.139520 0.664217
0 0.072199 0.739152 0.097947 0.739152 0.097947 0.752929 0.072199 0.752929
1 0.596411 0.501373 0.624364 0.501373 0.624364 0.509902 0.596411 0.509902
1 0.205272 0.499189 0.213972 0.499189 0.213972 0.527246 0.205272 0.527246
1 0.205364 0.536827 0.213963 0.536827 0.213963 0.564579 0.205364 0.564579
0 0.857825 0.180203 0.865988 0.180203 0.865988 0.196233 0.857825 0.196233
1 0.101428 0.267997 0.111500 0.267997 0.111500 0.296670 0.101428 0.296670
1 0.613974 0.753071 0.643001 0.753071 0.643001 0.763503 0.613974 0.763503
1 0.108228 0.765648 0.117579 0.765648 0.117579 0.794427 0.108228 0.794427
1 0.791916 0.434293 0.820918 0.434293 0.820918 0.441658 0.791916 0.441658
1 0.296013 0.594708 0.327563 0.594708 0.327563 0.625447 0.296013 0.625447
1 0.895156 0.389480 0.923102 0.389480 0.923102 0.396980 0.895156 0.396980
0 0.929714 0.660213 0.938504 0.660213 0.938504 0.675398 0.929714 0.675398
1 0.490907 0.780371 0.507437 0.780371 0.507437 0.784823 0.490907 0.784823
1 0.141715 0.163247 0.153906 0.163247 0.153906 0.194602 0.141715 0.194602
0 0.406411 0.299995 0.496359 0.299995 0.496359 0.406664 0.406411 0.406664
0 0.584134 0.303098 0.600901 0.303098 0.600901 0.312332 0.584134 0.312332
1 0.895624 0.434373 0.923430 0.434373 0.923430 0.441670 0.895624 0.441670
1 0.139140 0.599459 0.149063 0.599459 0.149063 0.628380 0.139140 0.628380
1 0.449919 0.859414 0.454522 0.859414 0.454522 0.875098 0.449919 0.875098
1 0.377442 0.400782 0.406018 0.400782 0.406018 0.408086 0.377442 0.408086
1 0.679587 0.288350 0.693660 0.288350 0.693660 0.299317 0.679587 0.299317
0 0.784916 0.161294 0.836512 0.161294 0.836512 0.210005 0.784916 0.210005
0 0.934975 0.322248 0.943703 0.322248 0.943703 0.338667 0.934975 0.338667
0 0.102603 0.592152 0.127192 0.592152 0.127192 0.605675 0.102603 0.605675
0 0.424389 0.859759 0.449471 0.859759 0.449471 0.874460 0.424389 0.874460
1 0.377907 0.334100 0.406018 0.334100 0.406018 0.341583 0.377907 0.341583
1 0.289530 0.333758 0.321624 0.333758 0.321624 0.365385 0.289530 0.365385
1 0.545486 0.881914 0.573648 0.881914 0.573648 0.892956 0.545486 0.892956
1 0.719367 0.274251 0.734294 0.274251 0.734294 0.279200 0.719367 0.279200
0 0.476245 0.427880 0.493590 0.427880 0.493590 0.437267 0.476245 0.437267
1 0.022158 0.137528 0.054125 0.137528 0.054125 0.151072 0.022158 0.151072
1 0.165367 0.400563 0.176451 0.400563 0.176451 0.432183 0.165367 0.432183
1 0.127237 0.590946 0.132141 0.590946 0.132141 0.606981 0.127237 0.606981
1 0.583077 0.340826 0.587320 0.340826 0.587320 0.351722 0.583077 0.351722
1 0.791911 0.389982 0.820964 0.389982 0.820964 0.398006 0.791911 0.398006
1 0.079276 0.326669 0.093705 0.326669 0.093705 0.329912 0.079276 0.329912
1 0.079028 0.297846 0.093921 0.297846 0.093921 0.301222 0.079028 0.301222
1 0.100814 0.402259 0.111869 0.402259 0.111869 0.430840 0.100814 0.430840
1 0.097309 0.520087 0.102162 0.520087 0.102162 0.535187 0.097309 0.535187
1 0.128047 0.520896 0.132900 0.520896 0.132900 0.536535 0.128047 0.536535
1 0.098522 0.592213 0.102028 0.592213 0.102028 0.606908 0.098522 0.606908
1 0.053660 0.677202 0.075162 0.677202 0.075162 0.697955 0.053660 0.697955
1 0.067870 0.739462 0.071796 0.739462 0.071796 0.752737 0.067870 0.752737
1 0.098283 0.738652 0.101345 0.738652 0.101345 0.753826 0.098283 0.753826
1 0.107610 0.727375 0.118329 0.727375 0.118329 0.756053 0.107610 0.756053
1 0.145971 0.685030 0.160585 0.685030 0.160585 0.688314 0.145971 0.688314
1 0.146300 0.714750 0.160749 0.714750 0.160749 0.718198 0.146300 0.718198
1 0.226232 0.644295 0.256521 0.644295 0.256521 0.673088 0.226232 0.673088
1 0.296533 0.643547 0.326074 0.643547 0.326074 0.672714 0.296533 0.672714
1 0.292783 0.699950 0.321213 0.699950 0.321213 0.711417 0.292783 0.711417
1 0.409836 0.030674 0.452640 0.030674 0.452640 0.051567 0.409836 0.051567
1 0.411521 0.125377 0.454108 0.125377 0.454108 0.142937 0.411521 0.142937
0 0.407477 0.052241 0.458032 0.052241 0.458032 0.124366 0.407477 0.124366
1 0.249317 0.030105 0.294816 0.030105 0.294816 0.052707 0.249317 0.052707
1 0.249116 0.123051 0.292362 0.123051 0.292362 0.142500 0.249116 0.142500
1 0.559132 0.267560 0.603809 0.267560 0.603809 0.286212 0.559132 0.286212
1 0.558478 0.175266 0.603277 0.175266 0.603277 0.193713 0.558478 0.193713
0 0.578071 0.038580 0.673573 0.038580 0.673573 0.152107 0.578071 0.152107
1 0.484403 0.031813 0.529147 0.031813 0.529147 0.050555 0.484403 0.050555
0 0.481962 0.051567 0.531843 0.051567 0.531843 0.123692 0.481962 0.123692
1 0.484647 0.144901 0.527125 0.144901 0.527125 0.163800 0.484647 0.163800
1 0.483647 0.124703 0.527537 0.124703 0.527537 0.142367 0.483647 0.142367
0 0.555044 0.195075 0.610634 0.195075 0.610634 0.266470 0.555044 0.266470
1 0.544982 0.293416 0.551854 0.293416 0.551854 0.296331 0.544982 0.296331
1 0.545057 0.314293 0.551749 0.314293 0.551749 0.316485 0.545057 0.316485
1 0.580479 0.304370 0.583709 0.304370 0.583709 0.311524 0.580479 0.311524
1 0.601132 0.304139 0.604132 0.304139 0.604132 0.311062 0.601132 0.311062
0 0.566171 0.341639 0.582786 0.341639 0.582786 0.350754 0.566171 0.350754
1 0.561732 0.340941 0.565974 0.340941 0.565974 0.351838 0.561732 0.351838
1 0.555556 0.398983 0.559479 0.398983 0.559479 0.408214 0.555556 0.408214
1 0.577133 0.398752 0.581056 0.398752 0.581056 0.407983 0.577133 0.407983
1 0.378619 0.299620 0.406018 0.299620 0.406018 0.308013 0.378619 0.308013
1 0.377283 0.389964 0.406177 0.389964 0.406177 0.397586 0.377283 0.397586
1 0.497063 0.334018 0.526614 0.334018 0.526614 0.341424 0.497063 0.341424
1 0.335583 0.328101 0.350011 0.328101 0.350011 0.331343 0.335583 0.331343
1 0.335583 0.298350 0.350011 0.298350 0.350011 0.301592 0.335583 0.301592
1 0.288416 0.383078 0.319946 0.383078 0.319946 0.412859 0.288416 0.412859
1 0.218731 0.382919 0.250261 0.382919 0.250261 0.412700 0.218731 0.412700
1 0.219686 0.335031 0.251216 0.335031 0.251216 0.364811 0.219686 0.364811
1 0.215269 0.311612 0.218991 0.311612 0.218991 0.325970 0.215269 0.325970
1 0.184513 0.311612 0.188236 0.311612 0.188236 0.325970 0.184513 0.325970
1 0.212707 0.419660 0.216430 0.419660 0.216430 0.434018 0.212707 0.434018
1 0.181952 0.420358 0.185674 0.420358 0.185674 0.434717 0.181952 0.434717
0 0.228932 0.786053 0.249865 0.786053 0.249865 0.818585 0.228932 0.818585
1 0.250227 0.786325 0.262551 0.786325 0.262551 0.796232 0.250227 0.796232
1 0.216517 0.797440 0.228841 0.797440 0.228841 0.807348 0.216517 0.807348
1 0.250227 0.808556 0.262551 0.808556 0.262551 0.818464 0.250227 0.818464
1 0.250227 0.808556 0.262551 0.808556 0.262551 0.818464 0.250227 0.818464
1 0.490586 0.748672 0.507116 0.748672 0.507116 0.753125 0.490586 0.753125
1 0.446393 0.793065 0.479334 0.793065 0.479334 0.804466 0.446393 0.804466
0 0.384443 0.727622 0.445860 0.727622 0.445860 0.809124 0.384443 0.809124
1 0.353297 0.793114 0.383367 0.793114 0.383367 0.805318 0.353297 0.805318
1 0.353297 0.771866 0.383375 0.771866 0.383375 0.783733 0.353297 0.783733
1 0.355044 0.748871 0.383606 0.748871 0.383606 0.761555 0.355044 0.761555
1 0.353588 0.729368 0.383274 0.729368 0.383274 0.740406 0.353588 0.740406
1 0.446806 0.729842 0.478751 0.729842 0.478751 0.739556 0.446806 0.739556
1 0.446809 0.750862 0.479916 0.750862 0.479916 0.762551 0.446809 0.762551
1 0.447005 0.772518 0.479042 0.772518 0.479042 0.783800 0.447005 0.783800
1 0.441936 0.830210 0.444367 0.830210 0.444367 0.837181 0.441936 0.837181
1 0.421184 0.831020 0.423616 0.831020 0.423616 0.837992 0.421184 0.837992
1 0.421184 0.831020 0.423616 0.831020 0.423616 0.837992 0.421184 0.837992
1 0.419117 0.859090 0.423719 0.859090 0.423719 0.874773 0.419117 0.874773
1 0.472071 0.427760 0.475994 0.427760 0.475994 0.436991 0.472071 0.436991
1 0.493648 0.427530 0.497571 0.427530 0.497571 0.436760 0.493648 0.436760
1 0.427871 0.425632 0.431794 0.425632 0.431794 0.434863 0.427871 0.434863
1 0.407560 0.425863 0.411483 0.425863 0.411483 0.435093 0.407560 0.435093
1 0.399658 0.699227 0.403581 0.699227 0.403581 0.708458 0.399658 0.708458
1 0.379347 0.699458 0.383270 0.699458 0.383270 0.708689 0.379347 0.708689
0 0.415857 0.700098 0.432107 0.700098 0.432107 0.708636 0.415857 0.708636
1 0.411725 0.699823 0.414755 0.699823 0.414755 0.707535 0.411725 0.707535
1 0.432658 0.701475 0.435963 0.701475 0.435963 0.707810 0.432658 0.707810
1 0.365454 0.690734 0.369585 0.690734 0.369585 0.704505 0.365454 0.704505
1 0.336809 0.689907 0.341216 0.689907 0.341216 0.703403 0.336809 0.703403
1 0.510142 0.653403 0.517395 0.653403 0.517395 0.656350 0.510142 0.656350
1 0.509575 0.634249 0.516829 0.634249 0.516829 0.636855 0.509575 0.636855
0 0.629903 0.907725 0.650170 0.907725 0.650170 0.965429 0.629903 0.965429
1 0.692625 0.887366 0.704747 0.887366 0.704747 0.889882 0.692625 0.889882
1 0.693426 0.916983 0.707720 0.916983 0.707720 0.919499 0.693426 0.919499
1 0.735340 0.853759 0.739084 0.853759 0.739084 0.869719 0.735340 0.869719
1 0.587167 0.894161 0.616604 0.894161 0.616604 0.906395 0.587167 0.906395
1 0.625398 0.966800 0.652924 0.966800 0.652924 0.975976 0.625398 0.975976
1 0.588696 0.966800 0.616222 0.966800 0.616222 0.975976 0.588696 0.975976
0 0.590908 0.907725 0.611174 0.907725 0.611174 0.965429 0.590908 0.965429
1 0.720829 0.889506 0.749673 0.889506 0.749673 0.899171 0.720829 0.899171
1 0.765161 0.854142 0.768904 0.854142 0.768904 0.870102 0.765161 0.870102
1 0.687185 0.833763 0.714661 0.833763 0.714661 0.844338 0.687185 0.844338
0 0.686591 0.781619 0.714552 0.781619 0.714552 0.832943 0.686591 0.832943
0 0.686591 0.781619 0.714552 0.781619 0.714552 0.832943 0.686591 0.832943
1 0.615802 0.769490 0.644320 0.769490 0.644320 0.779176 0.615802 0.779176
1 0.651357 0.771019 0.679875 0.771019 0.679875 0.780705 0.651357 0.780705
1 0.684235 0.768343 0.715623 0.768343 0.715623 0.779851 0.684235 0.779851
1 0.651440 0.753835 0.679303 0.753835 0.679303 0.763794 0.651440 0.763794
1 0.614696 0.688018 0.642745 0.688018 0.642745 0.697591 0.614696 0.697591
1 0.633532 0.594669 0.661832 0.594669 0.661832 0.605167 0.633532 0.605167
0 0.689626 0.131071 0.760735 0.131071 0.760735 0.250734 0.689626 0.250734
1 0.686185 0.117308 0.764941 0.117308 0.764941 0.129542 0.686185 0.129542
1 0.685803 0.251116 0.763794 0.251116 0.763794 0.261439 0.685803 0.261439
1 0.646202 0.298993 0.661256 0.298993 0.661256 0.310993 0.646202 0.310993
1 0.646202 0.276819 0.661256 0.276819 0.661256 0.288819 0.646202 0.288819
1 0.720132 0.300630 0.735059 0.300630 0.735059 0.305580 0.720132 0.305580
0 0.661848 0.277007 0.679407 0.277007 0.679407 0.309232 0.661848 0.309232
0 0.719688 0.279073 0.733735 0.279073 0.733735 0.299936 0.719688 0.299936
1 0.807872 0.253845 0.810175 0.253845 0.810175 0.261904 0.807872 0.261904
1 0.827011 0.254565 0.829458 0.254565 0.829458 0.261472 0.827011 0.261472
1 0.787150 0.288238 0.796072 0.288238 0.796072 0.290972 0.787150 0.290972
1 0.787438 0.268667 0.795065 0.268667 0.795065 0.270970 0.787438 0.270970
1 0.742396 0.297160 0.746282 0.297160 0.746282 0.310399 0.742396 0.310399
1 0.771896 0.297448 0.775638 0.297448 0.775638 0.310831 0.771896 0.310831
1 0.818736 0.112348 0.821175 0.112348 0.821175 0.120429 0.818736 0.120429
1 0.799220 0.112043 0.802117 0.112043 0.802117 0.119667 0.799220 0.119667
1 0.735680 0.827416 0.738459 0.827416 0.738459 0.844096 0.735680 0.844096
1 0.765464 0.827813 0.768244 0.827813 0.768244 0.844493 0.765464 0.844493
1 0.777884 0.849664 0.780930 0.849664 0.780930 0.865938 0.777884 0.865938
1 0.743026 0.785916 0.745806 0.785916 0.745806 0.802596 0.743026 0.802596
1 0.772414 0.785916 0.775194 0.785916 0.775194 0.802596 0.772414 0.802596
1 0.742828 0.764471 0.745608 0.764471 0.745608 0.781151 0.742828 0.781151
1 0.772215 0.764471 0.774995 0.764471 0.774995 0.781151 0.772215 0.781151
1 0.771620 0.737665 0.774400 0.737665 0.774400 0.754345 0.771620 0.754345
1 0.771223 0.708675 0.774002 0.708675 0.774002 0.725354 0.771223 0.725354
1 0.742629 0.737864 0.745409 0.737864 0.745409 0.754543 0.742629 0.754543
1 0.742034 0.708079 0.744814 0.708079 0.744814 0.724759 0.742034 0.724759
1 0.769435 0.681670 0.772215 0.681670 0.772215 0.698350 0.769435 0.698350
1 0.803390 0.673132 0.806170 0.673132 0.806170 0.689811 0.803390 0.689811
1 0.740048 0.681869 0.742828 0.681869 0.742828 0.698548 0.740048 0.698548
1 0.832976 0.672139 0.835756 0.672139 0.835756 0.688818 0.832976 0.688818
0 0.806964 0.699342 0.832700 0.699342 0.832700 0.713939 0.806964 0.713939
1 0.833174 0.698350 0.835954 0.698350 0.835954 0.715029 0.833174 0.715029
1 0.803588 0.698548 0.806368 0.698548 0.806368 0.715227 0.803588 0.715227
1 0.751565 0.640965 0.754345 0.640965 0.754345 0.657644 0.751565 0.657644
1 0.780952 0.640567 0.783732 0.640567 0.783732 0.657247 0.780952 0.657247
0 0.775176 0.615297 0.800101 0.615297 0.800101 0.629218 0.775176 0.629218
1 0.771620 0.614556 0.774400 0.614556 0.774400 0.631235 0.771620 0.631235
1 0.800809 0.614357 0.803588 0.614357 0.803588 0.631036 0.800809 0.631036
1 0.832976 0.585764 0.835756 0.585764 0.835756 0.602443 0.832976 0.602443
0 0.807344 0.586704 0.832269 0.586704 0.832269 0.600625 0.807344 0.600625
1 0.803787 0.586161 0.806567 0.586161 0.806567 0.602840 0.803787 0.602840
1 0.803588 0.730914 0.806368 0.730914 0.806368 0.747593 0.803588 0.747593
1 0.832976 0.730715 0.835756 0.730715 0.835756 0.747395 0.832976 0.747395
1 0.833373 0.763677 0.836153 0.763677 0.836153 0.780356 0.833373 0.780356
1 0.804383 0.763876 0.807163 0.763876 0.807163 0.780555 0.804383 0.780555
1 0.814906 0.922736 0.817952 0.922736 0.817952 0.939009 0.814906 0.939009
1 0.843830 0.922338 0.846875 0.922338 0.846875 0.938612 0.843830 0.938612
1 0.833859 0.563240 0.836639 0.563240 0.836639 0.579920 0.833859 0.579920
1 0.804670 0.563638 0.807450 0.563638 0.807450 0.580317 0.804670 0.580317
1 0.858703 0.824491 0.862658 0.824491 0.862658 0.840833 0.858703 0.840833
1 0.888068 0.824094 0.891114 0.824094 0.891114 0.840367 0.888068 0.840367
1 0.858924 0.855626 0.861970 0.855626 0.861970 0.871900 0.858924 0.871900
1 0.888068 0.855229 0.891114 0.855229 0.891114 0.871502 0.888068 0.871502
1 0.887627 0.883935 0.890672 0.883935 0.890672 0.900209 0.887627 0.900209
1 0.858482 0.884332 0.861528 0.884332 0.861528 0.900606 0.858482 0.900606
1 0.888510 0.911979 0.891556 0.911979 0.891556 0.928252 0.888510 0.928252
1 0.859366 0.912376 0.862411 0.912376 0.862411 0.928650 0.859366 0.928650
1 0.887627 0.938477 0.890672 0.938477 0.890672 0.954750 0.887627 0.954750
1 0.859478 0.938874 0.862524 0.938874 0.862524 0.955148 0.859478 0.955148
1 0.888068 0.964975 0.891114 0.964975 0.891114 0.981248 0.888068 0.981248
1 0.858924 0.965372 0.861970 0.965372 0.861970 0.981646 0.858924 0.981646
1 0.808510 0.949732 0.825738 0.949732 0.825738 0.953358 0.808510 0.953358
1 0.830952 0.950412 0.847726 0.950412 0.847726 0.953132 0.830952 0.953132
1 0.810324 0.980333 0.825058 0.980333 0.825058 0.982827 0.810324 0.982827
1 0.831858 0.980107 0.846593 0.980107 0.846593 0.982600 0.831858 0.982600
1 0.816806 0.640960 0.822620 0.640960 0.822620 0.643945 0.816806 0.643945
1 0.816177 0.660603 0.824506 0.660603 0.824506 0.664217 0.816177 0.664217
1 0.835349 0.660917 0.842421 0.660917 0.842421 0.664532 0.835349 0.664532
1 0.835035 0.642217 0.841478 0.642217 0.841478 0.645360 0.835035 0.645360
1 0.855621 0.580459 0.862692 0.580459 0.862692 0.583602 0.855621 0.583602
1 0.855306 0.560815 0.863007 0.560815 0.863007 0.564273 0.855306 0.564273
1 0.871493 0.564430 0.879193 0.564430 0.879193 0.567416 0.871493 0.567416
1 0.871650 0.585173 0.879978 0.585173 0.879978 0.588473 0.871650 0.588473
1 0.911565 0.591616 0.919108 0.591616 0.919108 0.593973 0.911565 0.593973
1 0.912350 0.610316 0.919579 0.610316 0.919579 0.613459 0.912350 0.613459
1 0.868664 0.656674 0.876364 0.656674 0.876364 0.659817 0.868664 0.659817
1 0.869292 0.676946 0.876772 0.676946 0.876772 0.679042 0.869292 0.679042
0 0.889721 0.661074 0.897422 0.661074 0.897422 0.676160 0.889721 0.676160
1 0.889564 0.657460 0.897415 0.657460 0.897415 0.660703 0.889564 0.660703
1 0.890534 0.676528 0.896819 0.676528 0.896819 0.679828 0.890534 0.679828
1 0.910177 0.676187 0.917808 0.676187 0.917808 0.678388 0.910177 0.678388
1 0.909679 0.656334 0.917974 0.656334 0.917974 0.659037 0.909679 0.659037
1 0.930894 0.656989 0.937651 0.656989 0.937651 0.659660 0.930894 0.659660
1 0.930547 0.676160 0.938405 0.676160 0.938405 0.678832 0.930547 0.678832
1 0.931203 0.830365 0.937771 0.830365 0.937771 0.833430 0.931203 0.833430
1 0.931291 0.850287 0.937859 0.850287 0.937859 0.853352 0.931291 0.853352
1 0.931072 0.880718 0.937640 0.880718 0.937640 0.883783 0.931072 0.883783
1 0.931530 0.862527 0.937421 0.862527 0.937421 0.864514 0.931530 0.864514
1 0.911588 0.880718 0.918155 0.880718 0.918155 0.883783 0.911588 0.883783
1 0.911107 0.861319 0.917675 0.861319 0.917675 0.864384 0.911107 0.864384
1 0.910803 0.898798 0.917371 0.898798 0.917371 0.901863 0.910803 0.901863
1 0.911022 0.918329 0.917590 0.918329 0.917590 0.921394 0.911022 0.921394
1 0.931291 0.917936 0.937859 0.917936 0.937859 0.921001 0.931291 0.921001
1 0.931595 0.898929 0.938163 0.898929 0.938163 0.901994 0.931595 0.901994
1 0.931115 0.929844 0.937683 0.929844 0.937683 0.932909 0.931115 0.932909
1 0.931334 0.948982 0.938457 0.948982 0.938457 0.951395 0.931334 0.951395
1 0.911588 0.949243 0.917939 0.949243 0.917939 0.951656 0.911588 0.951656
1 0.911369 0.929582 0.917936 0.929582 0.917936 0.932647 0.911369 0.932647
1 0.931510 0.967369 0.938078 0.967369 0.938078 0.970434 0.931510 0.970434
1 0.910888 0.967411 0.917456 0.967411 0.917456 0.970476 0.910888 0.970476
1 0.911369 0.986680 0.917416 0.986680 0.917416 0.988379 0.911369 0.988379
1 0.931291 0.986680 0.938195 0.986680 0.938195 0.989163 0.931291 0.989163
1 0.868992 0.693364 0.876692 0.693364 0.876692 0.696507 0.868992 0.696507
0 0.868493 0.696843 0.878340 0.696843 0.878340 0.713805 0.868493 0.713805
1 0.869620 0.713636 0.877320 0.713636 0.877320 0.717250 0.869620 0.717250
1 0.890890 0.713979 0.897176 0.713979 0.897176 0.717279 0.890890 0.717279
0 0.889894 0.698096 0.897624 0.698096 0.897624 0.713475 0.889894 0.713475
1 0.889892 0.694542 0.897743 0.694542 0.897743 0.697785 0.889892 0.697785
1 0.909702 0.694646 0.917997 0.694646 0.917997 0.697349 0.909702 0.697349
0 0.908990 0.697525 0.918898 0.697525 0.918898 0.713973 0.908990 0.713973
1 0.909949 0.714151 0.917939 0.714151 0.917939 0.716680 0.909949 0.716680
1 0.911095 0.744077 0.917727 0.744077 0.917727 0.747030 0.911095 0.747030
0 0.909459 0.727359 0.919115 0.727359 0.919115 0.743602 0.909459 0.743602
1 0.910279 0.724687 0.918575 0.724687 0.918575 0.727390 0.910279 0.727390
1 0.889841 0.725828 0.897493 0.725828 0.897493 0.727881 0.889841 0.727881
0 0.889930 0.727991 0.897551 0.727991 0.897551 0.743863 0.889930 0.743863
1 0.890742 0.743967 0.896637 0.743967 0.896637 0.746085 0.890742 0.746085
1 0.869370 0.744124 0.877070 0.744124 0.877070 0.747738 0.869370 0.747738
0 0.868374 0.727200 0.877687 0.727200 0.877687 0.744124 0.868374 0.744124
1 0.868742 0.723852 0.876442 0.723852 0.876442 0.726995 0.868742 0.726995
1 0.910010 0.781855 0.918496 0.781855 0.918496 0.784841 0.910010 0.784841
0 0.909198 0.765042 0.918331 0.765042 0.918331 0.781501 0.909198 0.781501
1 0.909882 0.761990 0.918177 0.761990 0.918177 0.764693 0.909882 0.764693
1 0.890017 0.761748 0.897868 0.761748 0.897868 0.764991 0.890017 0.764991
0 0.890174 0.765362 0.897874 0.765362 0.897874 0.780448 0.890174 0.780448
1 0.891117 0.781077 0.897403 0.781077 0.897403 0.784377 0.891117 0.784377
1 0.869745 0.781234 0.877445 0.781234 0.877445 0.784848 0.869745 0.784848
0 0.868226 0.764571 0.878079 0.764571 0.878079 0.781762 0.868226 0.781762
1 0.869117 0.760962 0.876817 0.760962 0.876817 0.764105 0.869117 0.764105
1 0.910135 0.812967 0.918621 0.812967 0.918621 0.815953 0.910135 0.815953
1 0.910257 0.793228 0.918552 0.793228 0.918552 0.795931 0.910257 0.795931
0 0.909715 0.796530 0.919115 0.796530 0.919115 0.812997 0.909715 0.812997
0 0.890299 0.796475 0.897999 0.796475 0.897999 0.811561 0.890299 0.811561
1 0.890142 0.792860 0.897993 0.792860 0.897993 0.796104 0.890142 0.796104
1 0.891242 0.812189 0.897528 0.812189 0.897528 0.815489 0.891242 0.815489
1 0.869870 0.812346 0.877570 0.812346 0.877570 0.815961 0.869870 0.815961
1 0.869242 0.792075 0.876942 0.792075 0.876942 0.795218 0.869242 0.795218
0 0.869004 0.795684 0.878340 0.795684 0.878340 0.812474 0.869004 0.812474
1 0.928124 0.710775 0.935982 0.710775 0.935982 0.713446 0.928124 0.713446
1 0.928471 0.691603 0.935228 0.691603 0.935228 0.694275 0.928471 0.694275
1 0.930374 0.743659 0.937803 0.743659 0.937803 0.745693 0.930374 0.745693
1 0.931007 0.725175 0.937305 0.725175 0.937305 0.726985 0.931007 0.726985
1 0.930894 0.762044 0.937651 0.762044 0.937651 0.764715 0.930894 0.764715
1 0.930721 0.781389 0.938578 0.781389 0.938578 0.784060 0.930721 0.784060
1 0.930374 0.812369 0.938232 0.812369 0.938232 0.815040 0.930374 0.815040
1 0.930374 0.792851 0.937132 0.792851 0.937132 0.795522 0.930374 0.795522
1 0.930046 0.589508 0.937589 0.589508 0.937589 0.591866 0.930046 0.591866
1 0.930832 0.608209 0.938061 0.608209 0.938061 0.611352 0.930832 0.611352
1 0.959743 0.529318 0.962661 0.529318 0.962661 0.537586 0.959743 0.537586
1 0.980656 0.529480 0.983574 0.529480 0.983574 0.536613 0.980656 0.536613
1 0.978817 0.341592 0.986029 0.341592 0.986029 0.356757 0.978817 0.356757
1 0.967258 0.341499 0.974563 0.341499 0.974563 0.356757 0.967258 0.356757
1 0.955791 0.341592 0.963929 0.341592 0.963929 0.356757 0.955791 0.356757
1 0.935725 0.339002 0.943585 0.339002 0.943585 0.342331 0.935725 0.342331
1 0.934892 0.318751 0.943030 0.318751 0.943030 0.321988 0.934892 0.321988
1 0.754285 0.415549 0.758010 0.415549 0.758010 0.422535 0.754285 0.422535
1 0.774466 0.416170 0.778037 0.416170 0.778037 0.423311 0.774466 0.423311
1 0.793250 0.423466 0.820417 0.423466 0.820417 0.431849 0.793250 0.431849
1 0.858094 0.196333 0.866257 0.196333 0.866257 0.199429 0.858094 0.199429
1 0.857813 0.176770 0.865413 0.176770 0.865413 0.179866 0.857813 0.179866
1 0.836680 0.284016 0.851025 0.284016 0.851025 0.289344 0.836680 0.289344
1 0.836680 0.316189 0.852049 0.316189 0.852049 0.319877 0.836680 0.319877
1 0.793238 0.379918 0.820287 0.379918 0.820287 0.385861 0.793238 0.385861
1 0.977845 0.306858 0.985001 0.306858 0.985001 0.321490 0.977845 0.321490
1 0.975824 0.239399 0.982720 0.239399 0.982720 0.242355 0.975824 0.242355
1 0.977301 0.259349 0.983951 0.259349 0.983951 0.262305 0.977301 0.262305
0 0.913336 0.122687 0.984574 0.122687 0.984574 0.205138 0.913336 0.205138
1 0.882970 0.124626 0.912444 0.124626 0.912444 0.133328 0.882970 0.133328
1 0.883134 0.135955 0.912608 0.135955 0.912608 0.144658 0.883134 0.144658
1 0.882806 0.158532 0.912279 0.158532 0.912279 0.167235 0.882806 0.167235
1 0.882642 0.147203 0.912115 0.147203 0.912115 0.155905 0.882642 0.155905
1 0.882888 0.180535 0.912361 0.180535 0.912361 0.189237 0.882888 0.189237
1 0.882724 0.169205 0.912197 0.169205 0.912197 0.177908 0.882724 0.177908
1 0.881574 0.190961 0.912444 0.190961 0.912444 0.200238 0.881574 0.200238
1 0.442347 0.010978 0.576754 0.010978 0.576754 0.027867 0.442347 0.027867
1 0.093494 0.010566 0.227971 0.010566 0.227971 0.028817 0.093494 0.028817
1 0.749718 0.970214 0.780142 0.970214 0.780142 0.982760 0.749718 0.982760
1 0.712812 0.970841 0.743236 0.970841 0.743236 0.982969 0.712812 0.982969
1 0.215338 0.979222 0.269606 0.979222 0.269606 0.992355 0.215338 0.992355
1 0.797316 0.989019 0.815871 0.989019 0.815871 0.994812 0.797316 0.994812
1 0.793453 0.401095 0.820574 0.401095 0.820574 0.408848 0.793453 0.408848
