0 0.493404 0.810067 0.619557 0.810067 0.619557 0.950948 0.493404 0.950948
0 0.030199 0.421086 0.116688 0.421086 0.116688 0.482163 0.030199 0.482163
0 0.844747 0.496316 0.962147 0.496316 0.962147 0.580894 0.844747 0.580894
1 0.056230 0.388269 0.067612 0.388269 0.067612 0.421506 0.056230 0.421506
1 0.056437 0.484407 0.066843 0.484407 0.066843 0.515644 0.056437 0.515644
1 0.099826 0.484320 0.110089 0.484320 0.110089 0.515431 0.099826 0.515431
1 0.078021 0.388169 0.088942 0.388169 0.088942 0.421299 0.078021 0.421299
1 0.396099 0.556133 0.410183 0.556133 0.410183 0.572647 0.396099 0.572647
0 0.395081 0.535086 0.442815 0.535086 0.442815 0.556675 0.395081 0.556675
1 0.099490 0.387804 0.110199 0.387804 0.110199 0.421268 0.099490 0.421268
1 0.034415 0.388092 0.045856 0.388092 0.045856 0.422017 0.034415 0.422017
1 0.034298 0.484424 0.045323 0.484424 0.045323 0.516112 0.034298 0.516112
1 0.477083 0.616756 0.490692 0.616756 0.490692 0.632078 0.477083 0.632078
0 0.525738 0.534739 0.573758 0.534739 0.573758 0.556102 0.525738 0.556102
1 0.428971 0.556060 0.442225 0.556060 0.442225 0.573021 0.428971 0.573021
1 0.460216 0.459358 0.474858 0.459358 0.474858 0.475575 0.460216 0.475575
1 0.543765 0.953349 0.555472 0.953349 0.555472 0.969502 0.543765 0.969502
1 0.461144 0.652763 0.474728 0.652763 0.474728 0.669946 0.461144 0.669946
1 0.477225 0.421931 0.491155 0.421931 0.491155 0.437884 0.477225 0.437884
1 0.558597 0.555654 0.572299 0.555654 0.572299 0.572830 0.558597 0.572830
1 0.078098 0.484408 0.088477 0.484408 0.088477 0.515828 0.078098 0.515828
1 0.542363 0.519196 0.555810 0.519196 0.555810 0.534857 0.542363 0.534857
1 0.500368 0.953259 0.512800 0.953259 0.512800 0.969385 0.500368 0.969385
0 0.460233 0.631966 0.509175 0.631966 0.509175 0.653619 0.460233 0.653619
1 0.872167 0.581257 0.879544 0.581257 0.879544 0.612733 0.872167 0.612733
1 0.586933 0.953257 0.599563 0.953257 0.599563 0.969307 0.586933 0.969307
1 0.493569 0.652423 0.507171 0.652423 0.507171 0.670204 0.493569 0.670204
0 0.461211 0.438166 0.508785 0.438166 0.508785 0.459772 0.461211 0.459772
1 0.861556 0.462028 0.868252 0.462028 0.868252 0.495892 0.861556 0.495892
1 0.916509 0.581365 0.923830 0.581365 0.923830 0.612529 0.916509 0.612529
1 0.525857 0.556067 0.539626 0.556067 0.539626 0.573067 0.525857 0.573067
1 0.938765 0.462072 0.945979 0.462072 0.945979 0.495892 0.938765 0.495892
1 0.938572 0.581042 0.945720 0.581042 0.945720 0.612148 0.938572 0.612148
1 0.493512 0.458607 0.507817 0.458607 0.507817 0.475575 0.493512 0.475575
1 0.894290 0.462062 0.902068 0.462062 0.902068 0.496270 0.894290 0.496270
1 0.894553 0.581472 0.901551 0.581472 0.901551 0.612253 0.894553 0.612253
1 0.850026 0.461623 0.857653 0.461623 0.857653 0.496018 0.850026 0.496018
1 0.905187 0.461933 0.912541 0.461933 0.912541 0.495765 0.905187 0.495765
1 0.872748 0.461578 0.879482 0.461578 0.879482 0.495765 0.872748 0.495765
1 0.861728 0.581365 0.868590 0.581365 0.868590 0.612978 0.861728 0.612978
1 0.905316 0.581472 0.912471 0.581472 0.912471 0.612436 0.905316 0.612436
1 0.412586 0.519390 0.426310 0.519390 0.426310 0.534814 0.412586 0.534814
1 0.927702 0.581042 0.934897 0.581042 0.934897 0.612176 0.927702 0.612176
1 0.883372 0.461772 0.890838 0.461772 0.890838 0.496018 0.883372 0.496018
1 0.850212 0.581365 0.857408 0.581365 0.857408 0.612804 0.850212 0.612804
1 0.949765 0.581257 0.956868 0.581257 0.956868 0.612253 0.949765 0.612253
1 0.565584 0.953683 0.577606 0.953683 0.577606 0.969304 0.565584 0.969304
1 0.949661 0.462105 0.957083 0.462105 0.957083 0.496144 0.949661 0.496144
1 0.457228 0.913846 0.475239 0.913846 0.475239 0.927881 0.457228 0.927881
1 0.457234 0.892463 0.475329 0.892463 0.475329 0.905924 0.457234 0.905924
1 0.522171 0.953589 0.534516 0.953589 0.534516 0.969194 0.522171 0.969194
1 0.883576 0.581472 0.890749 0.581472 0.890749 0.612494 0.883576 0.612494
1 0.917040 0.461829 0.924024 0.461829 0.924024 0.495765 0.917040 0.495765
1 0.543799 0.785831 0.556433 0.785831 0.556433 0.804575 0.543799 0.804575
1 0.928002 0.462221 0.934875 0.462221 0.934875 0.495892 0.928002 0.495892
1 0.457712 0.849312 0.474688 0.849312 0.474688 0.862446 0.457712 0.862446
1 0.458156 0.827579 0.474800 0.827579 0.474800 0.840771 0.458156 0.840771
1 0.586970 0.785746 0.600677 0.785746 0.600677 0.804036 0.586970 0.804036
1 0.624932 0.893206 0.640782 0.893206 0.640782 0.905089 0.624932 0.905089
1 0.500415 0.785704 0.513025 0.785704 0.513025 0.803264 0.500415 0.803264
1 0.521987 0.785523 0.535280 0.785523 0.535280 0.804116 0.521987 0.804116
1 0.566089 0.785523 0.578626 0.785523 0.578626 0.803591 0.566089 0.803591
1 0.457935 0.871140 0.475499 0.871140 0.475499 0.884890 0.457935 0.884890
1 0.624932 0.871823 0.641883 0.871823 0.641883 0.885112 0.624932 0.885112
1 0.625155 0.849549 0.642106 0.849549 0.642106 0.862839 0.625155 0.862839
1 0.624709 0.914143 0.641661 0.914143 0.641661 0.927432 0.624709 0.927432
1 0.625155 0.827944 0.642106 0.827944 0.642106 0.841233 0.625155 0.841233
1 0.131473 0.607713 0.144341 0.607713 0.144341 0.640490 0.131473 0.640490
1 0.130380 0.704588 0.144827 0.704588 0.144827 0.738093 0.130380 0.738093
1 0.163400 0.864953 0.176754 0.864953 0.176754 0.900158 0.163400 0.900158
1 0.109129 0.608449 0.121997 0.608449 0.121997 0.641226 0.109129 0.641226
1 0.107710 0.705324 0.122156 0.705324 0.122156 0.738829 0.107710 0.738829
1 0.086511 0.705324 0.100958 0.705324 0.100958 0.738829 0.086511 0.738829
1 0.087604 0.608449 0.100472 0.608449 0.100472 0.641226 0.087604 0.641226
1 0.064871 0.705177 0.079318 0.705177 0.079318 0.738682 0.064871 0.738682
1 0.065964 0.608302 0.078832 0.608302 0.078832 0.641079 0.065964 0.641079
1 0.141907 0.865100 0.155261 0.865100 0.155261 0.900306 0.141907 0.900306
1 0.120415 0.864806 0.133768 0.864806 0.133768 0.900011 0.120415 0.900011
1 0.098922 0.864953 0.112275 0.864953 0.112275 0.900158 0.098922 0.900158
1 0.077282 0.864806 0.090635 0.864806 0.090635 0.900011 0.077282 0.900011
1 0.043938 0.607976 0.056807 0.607976 0.056807 0.640753 0.043938 0.640753
1 0.022892 0.607323 0.035760 0.607323 0.035760 0.640100 0.022892 0.640100
1 0.001356 0.607812 0.014224 0.607812 0.014224 0.640590 0.001356 0.640590
1 0.043825 0.705014 0.058271 0.705014 0.058271 0.738519 0.043825 0.738519
1 0.021473 0.705014 0.035919 0.705014 0.035919 0.738519 0.021473 0.738519
1 0.001242 0.705177 0.015689 0.705177 0.015689 0.738682 0.001242 0.738682
1 0.033824 0.864301 0.047178 0.864301 0.047178 0.899506 0.033824 0.899506
1 0.012184 0.864153 0.025538 0.864153 0.025538 0.899358 0.012184 0.899358
1 0.055317 0.864153 0.068671 0.864153 0.068671 0.899358 0.055317 0.899358
0 0.000800 0.642485 0.144352 0.642485 0.144352 0.704525 0.000800 0.704525
