0 0.327647 0.915123 0.394457 0.915123 0.394457 0.954099 0.327647 0.954099
0 0.417406 0.766246 0.429897 0.766246 0.429897 0.791416 0.417406 0.791416
0 0.581443 0.925949 0.593561 0.925949 0.593561 0.951309 0.581443 0.951309
0 0.623244 0.927060 0.637348 0.927060 0.637348 0.953757 0.623244 0.953757
0 0.714135 0.703294 0.735543 0.703294 0.735543 0.736500 0.714135 0.736500
0 0.298447 0.256389 0.332000 0.256389 0.332000 0.276531 0.298447 0.276531
0 0.080879 0.551228 0.095054 0.551228 0.095054 0.578437 0.080879 0.578437
0 0.913322 0.340817 0.939040 0.340817 0.939040 0.354798 0.913322 0.354798
0 0.548216 0.751103 0.560765 0.751103 0.560765 0.776489 0.548216 0.776489
0 0.055364 0.364025 0.069712 0.364025 0.069712 0.391579 0.055364 0.391579
0 0.453581 0.766147 0.465743 0.766147 0.465743 0.791456 0.453581 0.791456
0 0.579841 0.797322 0.594008 0.797322 0.594008 0.824647 0.579841 0.824647
0 0.068692 0.648135 0.087608 0.648135 0.087608 0.693512 0.068692 0.693512
0 0.106536 0.414755 0.134411 0.414755 0.134411 0.428715 0.106536 0.428715
1 0.046345 0.676771 0.068525 0.676771 0.068525 0.696727 0.046345 0.696727
0 0.432490 0.900229 0.485467 0.900229 0.485467 0.924213 0.432490 0.924213
0 0.319627 0.849237 0.371751 0.849237 0.371751 0.874108 0.319627 0.874108
1 0.087893 0.660383 0.110873 0.660383 0.110873 0.680941 0.087893 0.680941
0 0.422655 0.978762 0.448063 0.978762 0.448063 0.990884 0.422655 0.990884
0 0.763172 0.964267 0.776177 0.964267 0.776177 0.989633 0.763172 0.989633
0 0.301291 0.290806 0.334407 0.290806 0.334407 0.311688 0.301291 0.311688
0 0.620543 0.749678 0.634532 0.749678 0.634532 0.777126 0.620543 0.777126
0 0.764252 0.525342 0.776610 0.525342 0.776610 0.550510 0.764252 0.550510
0 0.912953 0.362560 0.939387 0.362560 0.939387 0.376709 0.912953 0.376709
0 0.672865 0.435922 0.700006 0.435922 0.700006 0.450340 0.672865 0.450340
0 0.642605 0.568198 0.668739 0.568198 0.668739 0.582870 0.642605 0.582870
0 0.428881 0.805783 0.453281 0.805783 0.453281 0.818467 0.428881 0.818467
1 0.101750 0.413692 0.106447 0.413692 0.106447 0.429247 0.101750 0.429247
1 0.306053 0.847140 0.319208 0.847140 0.319208 0.878608 0.306053 0.878608
0 0.644429 0.525171 0.670043 0.525171 0.670043 0.539466 0.644429 0.539466
0 0.620977 0.820888 0.633670 0.820888 0.633670 0.845867 0.620977 0.845867
0 0.671410 0.704500 0.685856 0.704500 0.685856 0.731650 0.671410 0.731650
0 0.041126 0.431920 0.053333 0.431920 0.053333 0.457873 0.041126 0.457873
1 0.448312 0.976670 0.452137 0.976670 0.452137 0.992446 0.448312 0.992446
0 0.560888 0.457257 0.588470 0.457257 0.588470 0.471320 0.560888 0.471320
0 0.607394 0.707153 0.621697 0.707153 0.621697 0.733461 0.607394 0.733461
1 0.670418 0.525217 0.675312 0.525217 0.675312 0.539935 0.670418 0.539935
1 0.419543 0.895268 0.432331 0.895268 0.432331 0.925697 0.419543 0.925697
1 0.588805 0.456001 0.592906 0.456001 0.592906 0.471864 0.588805 0.471864
1 0.046391 0.644165 0.068238 0.644165 0.068238 0.664600 0.046391 0.664600
1 0.545878 0.746831 0.561778 0.746831 0.561778 0.750863 0.545878 0.750863
0 0.764318 0.681686 0.776876 0.681686 0.776876 0.706941 0.764318 0.706941
1 0.908989 0.340567 0.913007 0.340567 0.913007 0.356556 0.908989 0.356556
1 0.606609 0.703356 0.621977 0.703356 0.621977 0.706967 0.606609 0.706967
1 0.310505 0.920710 0.327521 0.920710 0.327521 0.946871 0.310505 0.946871
1 0.291086 0.288117 0.301172 0.288117 0.301172 0.314493 0.291086 0.314493
1 0.712944 0.736751 0.737501 0.736751 0.737501 0.746582 0.712944 0.746582
1 0.556619 0.456462 0.560720 0.456462 0.560720 0.471990 0.556619 0.471990
1 0.415995 0.762249 0.431304 0.762249 0.431304 0.766133 0.415995 0.766133
1 0.332199 0.253856 0.342082 0.253856 0.342082 0.280350 0.332199 0.280350
1 0.371890 0.847242 0.384751 0.847242 0.384751 0.878513 0.371890 0.878513
1 0.670834 0.731758 0.685967 0.731758 0.685967 0.736461 0.670834 0.736461
1 0.546262 0.776641 0.562048 0.776641 0.562048 0.780648 0.546262 0.780648
1 0.134597 0.413891 0.138488 0.413891 0.138488 0.429025 0.134597 0.429025
0 0.296388 0.230046 0.324692 0.230046 0.324692 0.244997 0.296388 0.244997
1 0.712635 0.692880 0.737089 0.692880 0.737089 0.703115 0.712635 0.703115
1 0.579282 0.951611 0.594778 0.951611 0.594778 0.956392 0.579282 0.956392
1 0.287698 0.253672 0.298127 0.253672 0.298127 0.280543 0.287698 0.280543
1 0.939147 0.340638 0.943184 0.340638 0.943184 0.356472 0.939147 0.356472
1 0.762995 0.520990 0.777301 0.520990 0.777301 0.525148 0.762995 0.525148
1 0.334624 0.287770 0.344447 0.287770 0.344447 0.314621 0.334624 0.314621
1 0.668158 0.435209 0.672859 0.435209 0.672859 0.450694 0.668158 0.450694
1 0.485811 0.894956 0.496371 0.894956 0.496371 0.926377 0.485811 0.926377
1 0.763057 0.677318 0.778288 0.677318 0.778288 0.681517 0.763057 0.681517
1 0.579579 0.921806 0.595236 0.921806 0.595236 0.925703 0.579579 0.925703
1 0.451681 0.761814 0.467477 0.761814 0.467477 0.765934 0.451681 0.765934
1 0.394608 0.920820 0.413819 0.920820 0.413819 0.947040 0.394608 0.947040
0 0.515791 0.624585 0.541816 0.624585 0.541816 0.652216 0.515791 0.652216
1 0.638485 0.566656 0.642447 0.566656 0.642447 0.582670 0.638485 0.582670
1 0.080435 0.546504 0.095626 0.546504 0.095626 0.550948 0.080435 0.550948
1 0.619216 0.816024 0.635146 0.816024 0.635146 0.821089 0.619216 0.821089
1 0.939665 0.362551 0.943199 0.362551 0.943199 0.377246 0.939665 0.377246
1 0.505036 0.640824 0.515620 0.640824 0.515620 0.650190 0.505036 0.650190
1 0.908717 0.362250 0.912755 0.362250 0.912755 0.377726 0.908717 0.377726
1 0.417937 0.976817 0.422225 0.976817 0.422225 0.992111 0.417937 0.992111
0 0.269716 0.434224 0.128874 0.574731 0.270556 0.716573 0.412135 0.574252
1 0.417700 0.536137 0.423669 0.541577 0.401660 0.563089 0.395754 0.557338
1 0.411277 0.530025 0.417246 0.535465 0.395237 0.556977 0.389330 0.551226
1 0.405097 0.524052 0.410656 0.529380 0.389066 0.550638 0.383160 0.544887
1 0.398684 0.518640 0.404109 0.523749 0.382931 0.544421 0.377592 0.539479
1 0.374376 0.494891 0.379808 0.499866 0.358365 0.520581 0.353023 0.515547
1 0.380796 0.500169 0.386355 0.505497 0.364765 0.526755 0.358859 0.521004
1 0.386443 0.506339 0.392093 0.511544 0.371239 0.532752 0.365332 0.527001
1 0.392712 0.512947 0.397828 0.517964 0.376838 0.538373 0.371817 0.533322
1 0.368590 0.488966 0.373862 0.493771 0.352587 0.514907 0.347268 0.509635
1 0.362690 0.481939 0.368659 0.487379 0.346650 0.508890 0.340744 0.503139
1 0.356687 0.475887 0.362245 0.481215 0.340656 0.502472 0.334749 0.496721
1 0.350814 0.470163 0.355993 0.474875 0.334333 0.496255 0.328995 0.491313
1 0.344654 0.464925 0.349417 0.469798 0.328684 0.490529 0.323415 0.485351
1 0.338536 0.458133 0.344035 0.463219 0.322498 0.484527 0.317062 0.479209
1 0.332671 0.452680 0.337253 0.457950 0.316354 0.478589 0.311180 0.473438
1 0.325788 0.446954 0.331397 0.451700 0.309955 0.472415 0.304613 0.467381
1 0.302532 0.422620 0.308142 0.427366 0.286699 0.448081 0.281357 0.443047
1 0.308658 0.428478 0.314217 0.433806 0.292627 0.455064 0.286721 0.449313
1 0.313906 0.434886 0.319556 0.440092 0.298701 0.461300 0.292795 0.455549
1 0.320666 0.440812 0.325477 0.445669 0.304161 0.466547 0.299139 0.461497
1 0.138982 0.586626 0.144107 0.591780 0.122665 0.612495 0.117323 0.607461
1 0.144760 0.592528 0.150319 0.597856 0.128729 0.619113 0.122823 0.613362
1 0.150735 0.598617 0.155861 0.603414 0.135024 0.624434 0.129625 0.619280
1 0.156813 0.604770 0.161624 0.609628 0.140308 0.630505 0.135287 0.625455
1 0.162413 0.610648 0.167954 0.615704 0.146216 0.636582 0.140802 0.631805
1 0.168819 0.617093 0.173878 0.621522 0.152502 0.643002 0.147328 0.637851
1 0.253302 0.700915 0.259270 0.706355 0.237261 0.727866 0.231355 0.722115
1 0.247152 0.694620 0.253120 0.700060 0.231111 0.721572 0.225205 0.715821
1 0.241245 0.688466 0.246803 0.693793 0.225214 0.715051 0.219307 0.709300
1 0.235150 0.682734 0.240575 0.687844 0.219397 0.708515 0.214058 0.703574
1 0.210933 0.658940 0.216365 0.663915 0.194922 0.684630 0.189580 0.679596
1 0.216944 0.664582 0.222502 0.669910 0.200913 0.691168 0.195006 0.685417
1 0.222590 0.670752 0.228241 0.675957 0.207386 0.697165 0.201480 0.691415
1 0.229248 0.677074 0.234389 0.681897 0.212733 0.702825 0.207591 0.697775
1 0.205044 0.653006 0.210139 0.657965 0.188734 0.679320 0.183415 0.674048
1 0.198656 0.646534 0.204624 0.651974 0.182615 0.673485 0.176709 0.667734
1 0.192607 0.640437 0.198165 0.645764 0.176576 0.667022 0.170669 0.661271
1 0.187143 0.634440 0.192322 0.639152 0.170663 0.660532 0.165324 0.655590
1 0.181211 0.628883 0.185974 0.633757 0.165241 0.654488 0.159972 0.649310
1 0.174866 0.622273 0.180364 0.627360 0.158828 0.648667 0.153391 0.643349
1 0.117397 0.541996 0.123197 0.536987 0.143935 0.557417 0.139321 0.562426
1 0.122186 0.535010 0.127898 0.529870 0.149998 0.551925 0.144550 0.556802
1 0.128146 0.528638 0.133846 0.524164 0.155694 0.545509 0.151080 0.550518
1 0.135578 0.523659 0.140376 0.519042 0.161757 0.540017 0.156309 0.544894
1 0.140304 0.517779 0.145860 0.512439 0.167681 0.533850 0.163068 0.538859
1 0.146447 0.511293 0.152159 0.506152 0.174259 0.528208 0.169202 0.533364
1 0.152587 0.505576 0.158387 0.500568 0.179772 0.522108 0.175443 0.526798
1 0.158920 0.499885 0.164295 0.494942 0.185874 0.516155 0.181179 0.521387
1 0.207083 0.450892 0.212335 0.446196 0.234140 0.467884 0.229198 0.472935
1 0.200485 0.457459 0.206284 0.452451 0.227935 0.474089 0.223065 0.478527
1 0.194356 0.463009 0.200068 0.457869 0.222168 0.479925 0.216720 0.484802
1 0.188687 0.469646 0.194486 0.464637 0.215777 0.485526 0.210943 0.490468
1 0.181968 0.475137 0.187679 0.469997 0.209779 0.492053 0.204593 0.497287
1 0.177004 0.482298 0.182803 0.477289 0.203541 0.497720 0.198928 0.502729
1 0.170209 0.487046 0.175920 0.481905 0.198020 0.503961 0.192572 0.508838
1 0.165161 0.494712 0.170961 0.489703 0.191698 0.510133 0.187085 0.515142
1 0.231913 0.428116 0.237015 0.423297 0.258070 0.443702 0.253128 0.448753
1 0.224414 0.433277 0.230214 0.428268 0.251865 0.449907 0.246994 0.454345
1 0.218286 0.438827 0.223998 0.433686 0.246097 0.455742 0.240649 0.460619
1 0.212616 0.445464 0.218416 0.440455 0.239707 0.461344 0.234872 0.466286
1 0.377510 0.609682 0.382425 0.604666 0.404329 0.625973 0.399539 0.630430
1 0.287397 0.700123 0.293109 0.694982 0.313311 0.715485 0.308954 0.720856
1 0.293709 0.694219 0.298617 0.689165 0.319467 0.709759 0.314908 0.714831
1 0.299587 0.687871 0.304385 0.683253 0.325766 0.704228 0.321070 0.709339
1 0.305230 0.682496 0.310786 0.677157 0.331890 0.698079 0.327510 0.702792
1 0.311311 0.676113 0.317023 0.670972 0.338241 0.692199 0.333283 0.697151
1 0.317243 0.670031 0.322839 0.664905 0.344224 0.686446 0.339895 0.691136
1 0.323498 0.663716 0.328874 0.658774 0.350452 0.679987 0.345758 0.685218
1 0.371440 0.615727 0.376537 0.610707 0.397592 0.631173 0.392623 0.636066
1 0.365471 0.621721 0.370722 0.616573 0.391573 0.637090 0.386680 0.641650
1 0.359206 0.628078 0.364703 0.622772 0.385809 0.643596 0.380866 0.648591
1 0.353610 0.634139 0.358891 0.628985 0.379787 0.649737 0.374952 0.654680
1 0.347523 0.639981 0.352818 0.634734 0.373817 0.655074 0.368599 0.659912
1 0.341573 0.645927 0.346677 0.640993 0.367546 0.661578 0.362935 0.666470
1 0.335067 0.652177 0.340585 0.646766 0.362449 0.668366 0.357403 0.673233
1 0.329486 0.658385 0.334636 0.653050 0.356024 0.673807 0.351411 0.678816
1 0.395743 0.591456 0.400845 0.586638 0.422490 0.607172 0.417187 0.612372
1 0.389857 0.597541 0.394659 0.592531 0.416393 0.613704 0.411439 0.618607
1 0.383530 0.603791 0.388601 0.598566 0.409273 0.618724 0.404508 0.623899
1 0.281274 0.706772 0.286493 0.701386 0.307230 0.721816 0.302617 0.726825
0 0.183649 0.406544 0.175089 0.415071 0.192572 0.432389 0.201198 0.423631
1 0.202305 0.422925 0.191419 0.433683 0.194980 0.437167 0.206096 0.426127
1 0.181788 0.402024 0.185013 0.405211 0.173730 0.416138 0.170492 0.413038
1 0.166326 0.416822 0.169231 0.419982 0.158268 0.430936 0.155030 0.427836
0 0.168187 0.421342 0.159627 0.429869 0.177110 0.447187 0.185736 0.438429
1 0.186844 0.437723 0.175768 0.448822 0.179080 0.451670 0.190635 0.440925
1 0.167197 0.456419 0.156122 0.467518 0.159529 0.470586 0.170988 0.459621
0 0.148541 0.440038 0.139980 0.448565 0.157463 0.465883 0.166089 0.457125
1 0.146679 0.435518 0.149585 0.438678 0.138622 0.449632 0.135383 0.446532
0 0.365673 0.384302 0.348683 0.402241 0.357480 0.410003 0.374815 0.392754
1 0.367495 0.379303 0.364204 0.382575 0.375925 0.393407 0.378690 0.390246
1 0.346919 0.400785 0.343904 0.403842 0.355348 0.414888 0.358683 0.411245
0 0.405928 0.405805 0.392073 0.419003 0.413535 0.441000 0.427267 0.426774
1 0.382287 0.412178 0.390308 0.420336 0.409025 0.402583 0.400666 0.394457
1 0.430024 0.424241 0.411814 0.443059 0.420154 0.450867 0.438451 0.431625
0 0.406865 0.455174 0.389344 0.473028 0.398002 0.481814 0.415676 0.463371
1 0.387782 0.472003 0.398745 0.482889 0.395722 0.486014 0.384785 0.474565
1 0.405726 0.453801 0.417065 0.464460 0.420083 0.461578 0.408717 0.451136
0 0.139576 0.470070 0.122512 0.487551 0.131138 0.496328 0.148581 0.478583
1 0.141014 0.464963 0.152743 0.476238 0.149489 0.479378 0.137835 0.468444
1 0.120582 0.485697 0.131421 0.497034 0.128443 0.499871 0.117136 0.488550
1 0.111435 0.493779 0.122290 0.504258 0.118910 0.507638 0.107680 0.497009
0 0.109163 0.498638 0.092099 0.516118 0.100726 0.524896 0.118168 0.507151
1 0.090169 0.514264 0.101008 0.525601 0.098030 0.528438 0.086723 0.517118
0 0.076044 0.457014 0.057161 0.476867 0.068286 0.486679 0.086541 0.466484
1 0.078537 0.453742 0.075673 0.456527 0.087870 0.467292 0.091004 0.464212
1 0.056557 0.476511 0.068249 0.486987 0.065077 0.490091 0.053125 0.478765
1 0.039211 0.428165 0.055060 0.428165 0.055060 0.431695 0.039211 0.431695
1 0.039136 0.458061 0.054835 0.458061 0.054835 0.461929 0.039136 0.461929
0 0.053032 0.405367 0.078985 0.405367 0.078985 0.418362 0.053032 0.418362
1 0.079286 0.403376 0.082854 0.403376 0.082854 0.418775 0.079286 0.418775
1 0.048187 0.403451 0.052769 0.403451 0.052769 0.418512 0.048187 0.418512
1 0.054921 0.359893 0.070368 0.359893 0.070368 0.363854 0.054921 0.363854
1 0.054965 0.391779 0.070692 0.391779 0.070692 0.396022 0.054965 0.396022
1 0.324822 0.230008 0.328234 0.230008 0.328234 0.245170 0.324822 0.245170
0 0.163697 0.285245 0.126395 0.321476 0.179183 0.374166 0.216679 0.337351
1 0.186124 0.259855 0.165807 0.282029 0.172907 0.289347 0.194480 0.267883
1 0.200814 0.276467 0.180225 0.297376 0.187871 0.304913 0.208967 0.284471
1 0.217003 0.290976 0.195303 0.312158 0.203465 0.320251 0.225072 0.299016
1 0.232003 0.306543 0.210313 0.328093 0.218774 0.336416 0.240467 0.314702
1 0.165369 0.372567 0.141060 0.396113 0.150392 0.404683 0.173483 0.380020
1 0.150165 0.356675 0.125466 0.380784 0.134918 0.390151 0.159110 0.365654
1 0.135441 0.341318 0.111132 0.364864 0.120464 0.373434 0.143555 0.348772
1 0.119697 0.326344 0.095538 0.349535 0.104990 0.358902 0.128505 0.335423
1 0.292129 0.229387 0.296195 0.229387 0.296195 0.245295 0.292129 0.245295
0 0.045747 0.748245 0.231045 0.748245 0.231045 0.923784 0.045747 0.923784
1 0.028227 0.807797 0.045543 0.807797 0.045543 0.868909 0.028227 0.868909
0 0.413549 0.648782 0.396130 0.666600 0.404964 0.674860 0.422577 0.657143
1 0.415932 0.644134 0.412090 0.647464 0.424052 0.658145 0.427203 0.654662
1 0.394467 0.665394 0.405840 0.675973 0.402894 0.678996 0.391419 0.668366
1 0.504960 0.627447 0.515563 0.627447 0.515563 0.636226 0.504960 0.636226
1 0.541885 0.627424 0.552749 0.627424 0.552749 0.636069 0.541885 0.636069
1 0.541914 0.640848 0.552880 0.640848 0.552880 0.650148 0.541914 0.650148
1 0.700241 0.435333 0.703536 0.435333 0.703536 0.450530 0.700241 0.450530
1 0.639994 0.525171 0.644272 0.525171 0.644272 0.539883 0.639994 0.539883
1 0.668948 0.566541 0.673852 0.566541 0.673852 0.583339 0.668948 0.583339
1 0.606319 0.733505 0.622279 0.733505 0.622279 0.737280 0.606319 0.737280
1 0.619433 0.745047 0.635207 0.745047 0.635207 0.749485 0.619433 0.749485
1 0.619964 0.777174 0.635111 0.777174 0.635111 0.781419 0.619964 0.781419
1 0.619491 0.846431 0.634810 0.846431 0.634810 0.850307 0.619491 0.850307
1 0.578192 0.824903 0.594370 0.824903 0.594370 0.829178 0.578192 0.829178
1 0.578858 0.794189 0.594486 0.794189 0.594486 0.797208 0.578858 0.797208
1 0.622263 0.953919 0.637697 0.953919 0.637697 0.958480 0.622263 0.958480
1 0.622171 0.922868 0.637420 0.922868 0.637420 0.926876 0.622171 0.926876
1 0.762771 0.960068 0.777892 0.960068 0.777892 0.964018 0.762771 0.964018
1 0.762691 0.989872 0.778411 0.989872 0.778411 0.993503 0.762691 0.993503
1 0.762879 0.550618 0.778432 0.550618 0.778432 0.555379 0.762879 0.555379
1 0.079805 0.578657 0.096129 0.578657 0.096129 0.582724 0.079805 0.582724
1 0.453509 0.804867 0.458197 0.804867 0.458197 0.820159 0.453509 0.820159
1 0.424232 0.805020 0.428663 0.805020 0.428663 0.820159 0.424232 0.820159
1 0.415817 0.791561 0.431429 0.791561 0.431429 0.796107 0.415817 0.796107
1 0.451876 0.791731 0.467401 0.791731 0.467401 0.796142 0.451876 0.796142
1 0.670748 0.700845 0.686322 0.700845 0.686322 0.704252 0.670748 0.704252
0 0.504114 0.766041 0.530365 0.766041 0.530365 0.778334 0.504114 0.778334
0 0.504212 0.787052 0.529876 0.787052 0.529876 0.799884 0.504212 0.799884
1 0.530463 0.763788 0.534333 0.763788 0.534333 0.779118 0.530463 0.779118
1 0.500000 0.764033 0.503967 0.764033 0.503967 0.779216 0.500000 0.779216
1 0.530170 0.785827 0.534235 0.785827 0.534235 0.801549 0.530170 0.801549
1 0.499804 0.785974 0.503918 0.785974 0.503918 0.801892 0.499804 0.801892
0 0.170903 0.696721 0.188672 0.714167 0.179488 0.722982 0.162167 0.705020
1 0.189599 0.713532 0.178589 0.724315 0.181812 0.727566 0.192851 0.716699
1 0.168691 0.692111 0.157147 0.703125 0.160733 0.706148 0.171773 0.695722
1 0.762910 0.707095 0.778509 0.707095 0.778509 0.711014 0.762910 0.711014
1 0.356786 0.976517 0.408743 0.976517 0.408743 0.990356 0.356786 0.990356
1 0.467378 0.979552 0.518729 0.979552 0.518729 0.994362 0.467378 0.994362
1 0.670839 0.979188 0.686257 0.979188 0.686257 0.983679 0.670839 0.983679
