0 0.270078 0.040444 0.354562 0.040444 0.354562 0.124479 0.270078 0.124479
1 0.355012 0.050243 0.364433 0.050243 0.364433 0.055465 0.355012 0.055465
0 0.691401 0.180570 0.734467 0.180570 0.734467 0.222454 0.691401 0.222454
0 0.424972 0.040143 0.509456 0.040143 0.509456 0.124177 0.424972 0.124177
0 0.578359 0.040746 0.662843 0.040746 0.662843 0.124780 0.578359 0.124780
0 0.731747 0.039239 0.816230 0.039239 0.816230 0.123273 0.731747 0.123273
0 0.885737 0.039540 0.970220 0.039540 0.970220 0.123575 0.885737 0.123575
1 0.355012 0.058282 0.364433 0.058282 0.364433 0.063504 0.355012 0.063504
1 0.355012 0.066865 0.364433 0.066865 0.364433 0.072088 0.355012 0.072088
1 0.354739 0.075858 0.364160 0.075858 0.364160 0.081080 0.354739 0.081080
1 0.354739 0.084169 0.364160 0.084169 0.364160 0.089391 0.354739 0.089391
1 0.354603 0.092616 0.364024 0.092616 0.364024 0.097839 0.354603 0.097839
1 0.355032 0.109267 0.364453 0.109267 0.364453 0.114489 0.355032 0.114489
1 0.355012 0.100715 0.364433 0.100715 0.364433 0.105938 0.355012 0.105938
1 0.261272 0.050774 0.270693 0.050774 0.270693 0.055996 0.261272 0.055996
1 0.261272 0.058813 0.270693 0.058813 0.270693 0.064035 0.261272 0.064035
1 0.261272 0.067397 0.270693 0.067397 0.270693 0.072619 0.261272 0.072619
1 0.261000 0.076389 0.270421 0.076389 0.270421 0.081611 0.261000 0.081611
1 0.261000 0.084700 0.270421 0.084700 0.270421 0.089922 0.261000 0.089922
1 0.260864 0.093148 0.270285 0.093148 0.270285 0.098370 0.260864 0.098370
1 0.261272 0.101459 0.270693 0.101459 0.270693 0.106681 0.261272 0.106681
1 0.260727 0.109634 0.270148 0.109634 0.270148 0.114856 0.260727 0.114856
1 0.508428 0.109089 0.517849 0.109089 0.517849 0.114311 0.508428 0.114311
1 0.508973 0.100914 0.518394 0.100914 0.518394 0.106136 0.508973 0.106136
1 0.508564 0.092603 0.517985 0.092603 0.517985 0.097825 0.508564 0.097825
1 0.508700 0.084155 0.518121 0.084155 0.518121 0.089377 0.508700 0.089377
1 0.508700 0.075844 0.518121 0.075844 0.518121 0.081066 0.508700 0.081066
1 0.508973 0.066852 0.518394 0.066852 0.518394 0.072074 0.508973 0.072074
1 0.508973 0.058268 0.518394 0.058268 0.518394 0.063490 0.508973 0.063490
1 0.508973 0.050229 0.518394 0.050229 0.518394 0.055451 0.508973 0.055451
1 0.414688 0.109361 0.424109 0.109361 0.424109 0.114583 0.414688 0.114583
1 0.415233 0.101186 0.424654 0.101186 0.424654 0.106408 0.415233 0.106408
1 0.414825 0.093011 0.424246 0.093011 0.424246 0.098233 0.414825 0.098233
1 0.414825 0.084564 0.424246 0.084564 0.424246 0.089786 0.414825 0.089786
1 0.414961 0.076253 0.424382 0.076253 0.424382 0.081475 0.414961 0.081475
1 0.415233 0.067124 0.424654 0.067124 0.424654 0.072346 0.415233 0.072346
1 0.415233 0.058132 0.424654 0.058132 0.424654 0.063354 0.415233 0.063354
1 0.415233 0.050093 0.424654 0.050093 0.424654 0.055315 0.415233 0.055315
1 0.661707 0.109225 0.671128 0.109225 0.671128 0.114447 0.661707 0.114447
1 0.662252 0.101050 0.671673 0.101050 0.671673 0.106272 0.662252 0.106272
1 0.661844 0.092739 0.671265 0.092739 0.671265 0.097961 0.661844 0.097961
1 0.662756 0.083645 0.672177 0.083645 0.672177 0.088867 0.662756 0.088867
1 0.662627 0.075463 0.672048 0.075463 0.672048 0.080685 0.662627 0.080685
1 0.662252 0.066729 0.671673 0.066729 0.671673 0.071951 0.662252 0.071951
1 0.662252 0.057887 0.671673 0.057887 0.671673 0.063109 0.662252 0.063109
1 0.662252 0.050366 0.671673 0.050366 0.671673 0.055588 0.662252 0.055588
1 0.567968 0.109497 0.577389 0.109497 0.577389 0.114720 0.567968 0.114720
1 0.568513 0.101323 0.577934 0.101323 0.577934 0.106545 0.568513 0.106545
1 0.568104 0.093148 0.577526 0.093148 0.577526 0.098370 0.568104 0.098370
1 0.568104 0.084700 0.577526 0.084700 0.577526 0.089922 0.568104 0.089922
1 0.568241 0.076389 0.577662 0.076389 0.577662 0.081611 0.568241 0.081611
1 0.568513 0.067260 0.577934 0.067260 0.577934 0.072482 0.568513 0.072482
1 0.569058 0.058540 0.578479 0.058540 0.578479 0.063763 0.569058 0.063763
1 0.568513 0.050229 0.577934 0.050229 0.577934 0.055451 0.568513 0.055451
1 0.815682 0.101050 0.825103 0.101050 0.825103 0.106272 0.815682 0.106272
1 0.815273 0.092739 0.824694 0.092739 0.824694 0.097961 0.815273 0.097961
1 0.815410 0.084291 0.824831 0.084291 0.824831 0.089514 0.815410 0.089514
1 0.815410 0.075980 0.824831 0.075980 0.824831 0.081202 0.815410 0.081202
1 0.815682 0.066988 0.825103 0.066988 0.825103 0.072210 0.815682 0.072210
1 0.815682 0.058404 0.825103 0.058404 0.825103 0.063626 0.815682 0.063626
1 0.815682 0.050366 0.825103 0.050366 0.825103 0.055588 0.815682 0.055588
1 0.722174 0.109368 0.731595 0.109368 0.731595 0.114590 0.722174 0.114590
1 0.721943 0.101323 0.731364 0.101323 0.731364 0.106545 0.721943 0.106545
1 0.721405 0.093277 0.730826 0.093277 0.730826 0.098499 0.721405 0.098499
1 0.722052 0.083924 0.731473 0.083924 0.731473 0.089146 0.722052 0.089146
1 0.721670 0.075613 0.731092 0.075613 0.731092 0.080835 0.721670 0.080835
1 0.721943 0.067260 0.731364 0.067260 0.731364 0.072482 0.721943 0.072482
1 0.722488 0.058540 0.731909 0.058540 0.731909 0.063763 0.722488 0.063763
1 0.721943 0.050229 0.731364 0.050229 0.731364 0.055451 0.721943 0.055451
1 0.970378 0.109096 0.979799 0.109096 0.979799 0.114318 0.970378 0.114318
1 0.969629 0.100662 0.979050 0.100662 0.979050 0.105884 0.969629 0.105884
1 0.969221 0.092351 0.978642 0.092351 0.978642 0.097573 0.969221 0.097573
1 0.969357 0.083903 0.978778 0.083903 0.978778 0.089125 0.969357 0.089125
1 0.969357 0.075592 0.978778 0.075592 0.978778 0.080814 0.969357 0.080814
1 0.969629 0.066600 0.979050 0.066600 0.979050 0.071822 0.969629 0.071822
1 0.969629 0.058016 0.979050 0.058016 0.979050 0.063238 0.969629 0.063238
1 0.969629 0.049977 0.979050 0.049977 0.979050 0.055200 0.969629 0.055200
1 0.875345 0.109109 0.884766 0.109109 0.884766 0.114331 0.875345 0.114331
1 0.875890 0.100934 0.885311 0.100934 0.885311 0.106157 0.875890 0.106157
1 0.875352 0.092889 0.884773 0.092889 0.884773 0.098111 0.875352 0.098111
1 0.875999 0.083536 0.885420 0.083536 0.885420 0.088758 0.875999 0.088758
1 0.875618 0.075225 0.885039 0.075225 0.885039 0.080447 0.875618 0.080447
1 0.875890 0.066872 0.885311 0.066872 0.885311 0.072094 0.875890 0.072094
1 0.876435 0.058152 0.885856 0.058152 0.885856 0.063374 0.876435 0.063374
1 0.875890 0.049841 0.885311 0.049841 0.885311 0.055063 0.875890 0.055063
1 0.280814 0.124211 0.286031 0.124211 0.286031 0.133969 0.280814 0.133969
1 0.288674 0.124347 0.294637 0.124347 0.294637 0.133359 0.288674 0.133359
1 0.297755 0.124482 0.303176 0.124482 0.303176 0.133630 0.297755 0.133630
1 0.306428 0.124347 0.312188 0.124347 0.312188 0.133359 0.306428 0.133359
1 0.313950 0.124143 0.320117 0.124143 0.320117 0.133292 0.313950 0.133292
1 0.322014 0.124076 0.328858 0.124076 0.328858 0.133292 0.322014 0.133292
1 0.330756 0.124415 0.336854 0.124415 0.336854 0.133088 0.330756 0.133088
1 0.339768 0.124618 0.345731 0.124618 0.345731 0.133088 0.339768 0.133088
1 0.339836 0.031849 0.345799 0.031849 0.345799 0.040320 0.339836 0.040320
1 0.330959 0.031646 0.337058 0.031646 0.337058 0.040320 0.330959 0.040320
1 0.322217 0.031307 0.329061 0.031307 0.329061 0.040523 0.322217 0.040523
1 0.314153 0.031375 0.320320 0.031375 0.320320 0.040523 0.314153 0.040523
1 0.306157 0.031510 0.311917 0.031510 0.311917 0.040523 0.306157 0.040523
1 0.297619 0.031442 0.303040 0.031442 0.303040 0.040591 0.297619 0.040591
1 0.289013 0.031104 0.294976 0.031104 0.294976 0.040116 0.289013 0.040116
1 0.281152 0.030426 0.286370 0.030426 0.286370 0.040184 0.281152 0.040184
1 0.434231 0.030426 0.439449 0.030426 0.439449 0.040184 0.434231 0.040184
1 0.442092 0.031104 0.448055 0.031104 0.448055 0.040116 0.442092 0.040116
1 0.450698 0.031442 0.456119 0.031442 0.456119 0.040591 0.450698 0.040591
1 0.459236 0.031104 0.464996 0.031104 0.464996 0.040116 0.459236 0.040116
1 0.475296 0.030426 0.482140 0.030426 0.482140 0.039642 0.475296 0.039642
1 0.467300 0.031104 0.473466 0.031104 0.473466 0.040252 0.467300 0.040252
1 0.484038 0.031646 0.490136 0.031646 0.490136 0.040320 0.484038 0.040320
1 0.492915 0.031849 0.498878 0.031849 0.498878 0.040320 0.492915 0.040320
1 0.646739 0.031985 0.652702 0.031985 0.652702 0.040455 0.646739 0.040455
1 0.637862 0.031781 0.643960 0.031781 0.643960 0.040455 0.637862 0.040455
1 0.629120 0.030562 0.635964 0.030562 0.635964 0.039777 0.629120 0.039777
1 0.621124 0.031239 0.627290 0.031239 0.627290 0.040387 0.621124 0.040387
1 0.613060 0.031239 0.618820 0.031239 0.618820 0.040252 0.613060 0.040252
1 0.604522 0.031578 0.609943 0.031578 0.609943 0.040726 0.604522 0.040726
1 0.595916 0.031239 0.601879 0.031239 0.601879 0.040252 0.595916 0.040252
1 0.588055 0.030562 0.593273 0.030562 0.593273 0.040320 0.588055 0.040320
1 0.800156 0.031510 0.806119 0.031510 0.806119 0.039981 0.800156 0.039981
1 0.791279 0.031307 0.797378 0.031307 0.797378 0.039981 0.791279 0.039981
1 0.782538 0.030494 0.789382 0.030494 0.789382 0.039710 0.782538 0.039710
1 0.774541 0.030765 0.780708 0.030765 0.780708 0.039913 0.774541 0.039913
1 0.766477 0.030765 0.772237 0.030765 0.772237 0.039777 0.766477 0.039777
1 0.757939 0.031104 0.763360 0.031104 0.763360 0.040252 0.757939 0.040252
1 0.749401 0.030765 0.755364 0.030765 0.755364 0.039777 0.749401 0.039777
1 0.741608 0.030019 0.746826 0.030019 0.746826 0.039777 0.741608 0.039777
1 0.894416 0.030019 0.899634 0.030019 0.899634 0.039777 0.894416 0.039777
1 0.902209 0.030765 0.908172 0.030765 0.908172 0.039777 0.902209 0.039777
1 0.910747 0.031104 0.916168 0.031104 0.916168 0.040252 0.910747 0.040252
1 0.919285 0.030765 0.925045 0.030765 0.925045 0.039777 0.919285 0.039777
1 0.927349 0.030765 0.933515 0.030765 0.933515 0.039913 0.927349 0.039913
1 0.935345 0.030494 0.942189 0.030494 0.942189 0.039710 0.935345 0.039710
1 0.944087 0.031307 0.950185 0.031307 0.950185 0.039981 0.944087 0.039981
1 0.952964 0.031510 0.958927 0.031510 0.958927 0.039981 0.952964 0.039981
1 0.434105 0.124211 0.439323 0.124211 0.439323 0.133969 0.434105 0.133969
1 0.441966 0.124347 0.447929 0.124347 0.447929 0.133359 0.441966 0.133359
1 0.451046 0.124482 0.456467 0.124482 0.456467 0.133630 0.451046 0.133630
1 0.459720 0.124347 0.465480 0.124347 0.465480 0.133359 0.459720 0.133359
1 0.467242 0.124143 0.473408 0.124143 0.473408 0.133292 0.467242 0.133292
1 0.475239 0.124076 0.482083 0.124076 0.482083 0.133292 0.475239 0.133292
1 0.483981 0.124415 0.490080 0.124415 0.490080 0.133088 0.483981 0.133088
1 0.492993 0.124618 0.498957 0.124618 0.498957 0.133088 0.492993 0.133088
1 0.587330 0.124608 0.592548 0.124608 0.592548 0.134366 0.587330 0.134366
1 0.595075 0.124744 0.601039 0.124744 0.601039 0.133756 0.595075 0.133756
1 0.604156 0.124879 0.609577 0.124879 0.609577 0.134028 0.604156 0.134028
1 0.612830 0.124744 0.618590 0.124744 0.618590 0.133756 0.612830 0.133756
1 0.620351 0.124541 0.626518 0.124541 0.626518 0.133689 0.620351 0.133689
1 0.628349 0.124473 0.635193 0.124473 0.635193 0.133689 0.628349 0.133689
1 0.637091 0.124812 0.643189 0.124812 0.643189 0.133485 0.637091 0.133485
1 0.646103 0.125015 0.652066 0.125015 0.652066 0.133485 0.646103 0.133485
1 0.800238 0.124088 0.806633 0.124088 0.806633 0.133303 0.800238 0.133303
1 0.791225 0.123885 0.797764 0.123885 0.797764 0.133236 0.791225 0.133236
1 0.782484 0.123546 0.789328 0.123546 0.789328 0.132762 0.782484 0.132762
1 0.774486 0.123614 0.780653 0.123614 0.780653 0.132762 0.774486 0.132762
1 0.766964 0.123817 0.772724 0.123817 0.772724 0.132830 0.766964 0.132830
1 0.758291 0.123953 0.763712 0.123953 0.763712 0.133101 0.758291 0.133101
1 0.749210 0.123817 0.755174 0.123817 0.755174 0.132830 0.749210 0.132830
1 0.741350 0.123682 0.746567 0.123682 0.746567 0.133440 0.741350 0.133440
1 0.953397 0.124022 0.959792 0.124022 0.959792 0.133236 0.953397 0.133236
1 0.944384 0.123819 0.950923 0.123819 0.950923 0.133170 0.944384 0.133170
1 0.935643 0.123480 0.942487 0.123480 0.942487 0.132696 0.935643 0.132696
1 0.927645 0.123548 0.933812 0.123548 0.933812 0.132696 0.927645 0.132696
1 0.920123 0.123751 0.925883 0.123751 0.925883 0.132764 0.920123 0.132764
1 0.911450 0.123887 0.916871 0.123887 0.916871 0.133035 0.911450 0.133035
1 0.902369 0.123751 0.908333 0.123751 0.908333 0.132764 0.902369 0.132764
1 0.894509 0.123616 0.899727 0.123616 0.899727 0.133374 0.894509 0.133374
0 0.777703 0.180091 0.820066 0.180091 0.820066 0.222848 0.777703 0.222848
0 0.862823 0.180485 0.905580 0.180485 0.905580 0.222651 0.862823 0.222651
0 0.947943 0.181077 0.990897 0.181077 0.990897 0.222651 0.947943 0.222651
1 0.561004 0.220099 0.566042 0.220099 0.566042 0.226962 0.561004 0.226962
1 0.553619 0.220275 0.558988 0.220275 0.558988 0.226442 0.553619 0.226442
1 0.547288 0.219865 0.552446 0.219865 0.552446 0.226957 0.547288 0.226957
1 0.540254 0.220275 0.546409 0.220275 0.546409 0.226938 0.540254 0.226938
1 0.533557 0.220099 0.539169 0.220099 0.539169 0.226829 0.533557 0.226829
1 0.526933 0.220510 0.532266 0.220510 0.532266 0.226807 0.526933 0.226807
1 0.520060 0.220257 0.525851 0.220257 0.525851 0.226408 0.520060 0.226408
1 0.513598 0.220538 0.518629 0.220538 0.518629 0.226837 0.513598 0.226837
0 0.500662 0.226997 0.618579 0.226997 0.618579 0.345502 0.500662 0.345502
1 0.568243 0.220761 0.573274 0.220761 0.573274 0.227060 0.568243 0.227060
1 0.574705 0.220480 0.580496 0.220480 0.580496 0.226631 0.574705 0.226631
1 0.581578 0.220732 0.586911 0.220732 0.586911 0.227030 0.581578 0.227030
1 0.588202 0.220322 0.593813 0.220322 0.593813 0.227052 0.588202 0.227052
1 0.594899 0.220498 0.601054 0.220498 0.601054 0.227160 0.594899 0.227160
1 0.601933 0.219939 0.607091 0.219939 0.607091 0.227032 0.601933 0.227032
1 0.410264 0.219773 0.415422 0.219773 0.415422 0.226866 0.410264 0.226866
1 0.403230 0.220332 0.409385 0.220332 0.409385 0.226995 0.403230 0.226995
1 0.396532 0.220156 0.402144 0.220156 0.402144 0.226887 0.396532 0.226887
1 0.389909 0.220567 0.395242 0.220567 0.395242 0.226865 0.389909 0.226865
1 0.383036 0.220314 0.388827 0.220314 0.388827 0.226465 0.383036 0.226465
1 0.376574 0.220595 0.381605 0.220595 0.381605 0.226894 0.376574 0.226894
1 0.369335 0.219934 0.374372 0.219934 0.374372 0.226796 0.369335 0.226796
1 0.361950 0.220110 0.367319 0.220110 0.367319 0.226276 0.361950 0.226276
1 0.355619 0.219699 0.360777 0.219699 0.360777 0.226792 0.355619 0.226792
1 0.348585 0.220110 0.354740 0.220110 0.354740 0.226772 0.348585 0.226772
1 0.341888 0.219934 0.347499 0.219934 0.347499 0.226664 0.341888 0.226664
1 0.335264 0.220344 0.340597 0.220344 0.340597 0.226642 0.335264 0.226642
1 0.328391 0.220091 0.334182 0.220091 0.334182 0.226242 0.328391 0.226242
1 0.321929 0.220372 0.326960 0.220372 0.326960 0.226672 0.321929 0.226672
0 0.308524 0.226822 0.427600 0.226822 0.427600 0.345677 0.308524 0.345677
1 0.409873 0.345501 0.415066 0.345501 0.415066 0.353717 0.409873 0.353717
1 0.402839 0.346060 0.409102 0.346060 0.409102 0.353620 0.402839 0.353620
1 0.396141 0.345884 0.401769 0.345884 0.401769 0.353717 0.396141 0.353717
1 0.389518 0.346294 0.395268 0.346294 0.395268 0.353473 0.389518 0.353473
1 0.382645 0.346041 0.388424 0.346041 0.388424 0.353668 0.382645 0.353668
1 0.376335 0.346322 0.381390 0.346322 0.381390 0.353424 0.376335 0.353424
1 0.369096 0.345661 0.374009 0.345661 0.374009 0.353473 0.369096 0.353473
1 0.361808 0.345886 0.367165 0.345886 0.367165 0.353180 0.361808 0.353180
1 0.355531 0.345427 0.360717 0.345427 0.360717 0.353326 0.355531 0.353326
1 0.348497 0.345837 0.354754 0.345837 0.354754 0.353620 0.348497 0.353620
1 0.341800 0.345661 0.347470 0.345661 0.347470 0.353571 0.341800 0.353571
1 0.335176 0.346071 0.340675 0.346071 0.340675 0.353375 0.335176 0.353375
1 0.328303 0.345819 0.334076 0.345819 0.334076 0.353424 0.328303 0.353424
1 0.321842 0.346100 0.326646 0.346100 0.326646 0.353082 0.321842 0.353082
1 0.513573 0.345948 0.518378 0.345948 0.518378 0.352930 0.513573 0.352930
1 0.520035 0.345667 0.525808 0.345667 0.525808 0.353272 0.520035 0.353272
1 0.526908 0.345920 0.532407 0.345920 0.532407 0.353224 0.526908 0.353224
1 0.533531 0.345510 0.539202 0.345510 0.539202 0.353419 0.533531 0.353419
1 0.540229 0.345685 0.546485 0.345685 0.546485 0.353468 0.540229 0.353468
1 0.547263 0.345275 0.552449 0.345275 0.552449 0.353175 0.547263 0.353175
1 0.553540 0.345734 0.558897 0.345734 0.558897 0.353028 0.553540 0.353028
1 0.560827 0.345510 0.565740 0.345510 0.565740 0.353321 0.560827 0.353321
1 0.568067 0.346171 0.573122 0.346171 0.573122 0.353272 0.568067 0.353272
1 0.574376 0.345890 0.580156 0.345890 0.580156 0.353517 0.574376 0.353517
1 0.581250 0.346143 0.587000 0.346143 0.587000 0.353321 0.581250 0.353321
1 0.587873 0.345732 0.593501 0.345732 0.593501 0.353566 0.587873 0.353566
1 0.594722 0.345908 0.600985 0.345908 0.600985 0.353468 0.594722 0.353468
1 0.601756 0.345198 0.606949 0.345198 0.606949 0.353414 0.601756 0.353414
1 0.301684 0.240816 0.308550 0.240816 0.308550 0.244645 0.301684 0.244645
1 0.302080 0.247681 0.308550 0.247681 0.308550 0.251643 0.302080 0.251643
1 0.301816 0.254415 0.308550 0.254415 0.308550 0.257848 0.301816 0.257848
1 0.302080 0.261149 0.308417 0.261149 0.308417 0.265374 0.302080 0.265374
1 0.301816 0.267883 0.308682 0.267883 0.308682 0.272372 0.301816 0.272372
1 0.301420 0.274617 0.308550 0.274617 0.308550 0.278578 0.301420 0.278578
1 0.301552 0.281218 0.308417 0.281218 0.308417 0.285047 0.301552 0.285047
1 0.301948 0.288084 0.308417 0.288084 0.308417 0.292045 0.301948 0.292045
1 0.301684 0.294818 0.308417 0.294818 0.308417 0.298251 0.301684 0.298251
1 0.301948 0.301552 0.308285 0.301552 0.308285 0.305777 0.301948 0.305777
1 0.301684 0.308285 0.308550 0.308285 0.308550 0.312775 0.301684 0.312775
1 0.301288 0.315283 0.308417 0.315283 0.308417 0.319244 0.301288 0.319244
1 0.301156 0.322281 0.308285 0.322281 0.308285 0.326242 0.301156 0.326242
1 0.301552 0.328619 0.308417 0.328619 0.308417 0.333108 0.301552 0.333108
1 0.427846 0.240561 0.434712 0.240561 0.434712 0.244390 0.427846 0.244390
1 0.428242 0.247427 0.434712 0.247427 0.434712 0.251388 0.428242 0.251388
1 0.427978 0.254160 0.434712 0.254160 0.434712 0.257593 0.427978 0.257593
1 0.428242 0.260894 0.434580 0.260894 0.434580 0.265119 0.428242 0.265119
1 0.427978 0.267628 0.434844 0.267628 0.434844 0.272117 0.427978 0.272117
1 0.427582 0.274362 0.434712 0.274362 0.434712 0.278323 0.427582 0.278323
1 0.427714 0.280963 0.434580 0.280963 0.434580 0.284792 0.427714 0.284792
1 0.428110 0.287829 0.434580 0.287829 0.434580 0.291790 0.428110 0.291790
1 0.427846 0.294563 0.434686 0.294563 0.434686 0.298711 0.427846 0.298711
1 0.428110 0.301297 0.434448 0.301297 0.434448 0.305522 0.428110 0.305522
1 0.427846 0.308031 0.434712 0.308031 0.434712 0.312520 0.427846 0.312520
1 0.427450 0.315028 0.434580 0.315028 0.434580 0.318989 0.427450 0.318989
1 0.427318 0.322026 0.434448 0.322026 0.434448 0.325987 0.427318 0.325987
1 0.427714 0.328364 0.434580 0.328364 0.434580 0.332853 0.427714 0.332853
1 0.493986 0.240306 0.500851 0.240306 0.500851 0.244135 0.493986 0.244135
1 0.494382 0.247172 0.500851 0.247172 0.500851 0.251133 0.494382 0.251133
1 0.494118 0.253905 0.500851 0.253905 0.500851 0.257338 0.494118 0.257338
1 0.494382 0.260639 0.500719 0.260639 0.500719 0.264864 0.494382 0.264864
1 0.494118 0.267373 0.500983 0.267373 0.500983 0.271862 0.494118 0.271862
1 0.493721 0.274107 0.500851 0.274107 0.500851 0.278068 0.493721 0.278068
1 0.493981 0.280963 0.500847 0.280963 0.500847 0.284792 0.493981 0.284792
1 0.494250 0.287574 0.500719 0.287574 0.500719 0.291535 0.494250 0.291535
1 0.493986 0.294308 0.500719 0.294308 0.500719 0.297741 0.493986 0.297741
1 0.494122 0.301042 0.500460 0.301042 0.500460 0.305267 0.494122 0.305267
1 0.493858 0.307776 0.500724 0.307776 0.500724 0.312265 0.493858 0.312265
1 0.493462 0.314774 0.500592 0.314774 0.500592 0.318735 0.493462 0.318735
1 0.493330 0.321771 0.500460 0.321771 0.500460 0.325732 0.493330 0.325732
1 0.493599 0.328109 0.500464 0.328109 0.500464 0.332598 0.493599 0.332598
1 0.618619 0.240688 0.625484 0.240688 0.625484 0.244517 0.618619 0.244517
1 0.619015 0.247554 0.625484 0.247554 0.625484 0.251515 0.619015 0.251515
1 0.618751 0.254288 0.625484 0.254288 0.625484 0.257721 0.618751 0.257721
1 0.619015 0.261022 0.625352 0.261022 0.625352 0.265247 0.619015 0.265247
1 0.618751 0.267755 0.625616 0.267755 0.625616 0.272245 0.618751 0.272245
1 0.618354 0.274489 0.625484 0.274489 0.625484 0.278450 0.618354 0.278450
1 0.618486 0.281091 0.625352 0.281091 0.625352 0.284920 0.618486 0.284920
1 0.618883 0.287957 0.625352 0.287957 0.625352 0.291918 0.618883 0.291918
1 0.618619 0.294690 0.625352 0.294690 0.625352 0.298123 0.618619 0.298123
1 0.618755 0.301424 0.625093 0.301424 0.625093 0.305649 0.618755 0.305649
1 0.618491 0.308158 0.625357 0.308158 0.625357 0.312647 0.618491 0.312647
1 0.618095 0.315156 0.625225 0.315156 0.625225 0.319117 0.618095 0.319117
1 0.618473 0.321899 0.625603 0.321899 0.625603 0.325860 0.618473 0.325860
1 0.618359 0.328491 0.625225 0.328491 0.625225 0.332981 0.618359 0.332981
0 0.137122 0.297182 0.180068 0.297182 0.180068 0.323434 0.137122 0.323434
1 0.180323 0.300774 0.194374 0.300774 0.194374 0.324836 0.180323 0.324836
0 0.137249 0.356950 0.180323 0.356950 0.180323 0.383584 0.137249 0.383584
0 0.139033 0.418119 0.181087 0.418119 0.181087 0.442970 0.139033 0.442970
0 0.137182 0.476174 0.181142 0.476174 0.181142 0.503173 0.137182 0.503173
0 0.018223 0.479671 0.061552 0.479671 0.061552 0.506560 0.018223 0.506560
0 0.018223 0.420541 0.060915 0.420541 0.060915 0.446793 0.018223 0.446793
0 0.017714 0.361283 0.061424 0.361283 0.061424 0.387407 0.017714 0.387407
0 0.018223 0.300878 0.061424 0.300878 0.061424 0.326747 0.018223 0.326747
1 0.124633 0.300368 0.136994 0.300368 0.136994 0.324708 0.124633 0.324708
1 0.124760 0.360136 0.137249 0.360136 0.137249 0.383839 0.124760 0.383839
1 0.180323 0.360518 0.194468 0.360518 0.194468 0.384604 0.180323 0.384604
1 0.181342 0.420108 0.194800 0.420108 0.194800 0.443607 0.181342 0.443607
1 0.124506 0.419776 0.138651 0.419776 0.138651 0.443989 0.124506 0.443989
1 0.181027 0.479635 0.195334 0.479635 0.195334 0.503635 0.181027 0.503635
1 0.124240 0.479404 0.137067 0.479404 0.137067 0.503164 0.124240 0.503164
1 0.061552 0.479455 0.075385 0.479455 0.075385 0.503120 0.061552 0.503120
1 0.005225 0.478907 0.017841 0.478907 0.017841 0.503502 0.005225 0.503502
1 0.005607 0.419776 0.017969 0.419776 0.017969 0.444499 0.005607 0.444499
1 0.060915 0.419776 0.075442 0.419776 0.075442 0.443352 0.060915 0.443352
1 0.061807 0.360008 0.075570 0.360008 0.075570 0.384094 0.061807 0.384094
1 0.005005 0.360136 0.017714 0.360136 0.017714 0.383929 0.005005 0.383929
1 0.061170 0.300873 0.075204 0.300873 0.075204 0.324454 0.061170 0.324454
1 0.005366 0.300368 0.018096 0.300368 0.018096 0.323860 0.005366 0.323860
0 0.681747 0.282550 0.745586 0.282550 0.745586 0.349937 0.681747 0.349937
0 0.767063 0.282156 0.830903 0.282156 0.830903 0.350528 0.767063 0.350528
0 0.852183 0.282747 0.915826 0.282747 0.915826 0.350725 0.852183 0.350725
1 0.402849 0.950091 0.407445 0.950091 0.407445 0.980970 0.402849 0.980970
1 0.409908 0.950696 0.414447 0.950696 0.414447 0.981824 0.409908 0.981824
1 0.416941 0.951099 0.421277 0.951099 0.421277 0.981995 0.416941 0.981995
1 0.423641 0.951099 0.428279 0.951099 0.428279 0.981995 0.423641 0.981995
1 0.430340 0.950696 0.434939 0.950696 0.434939 0.982507 0.430340 0.982507
1 0.436855 0.950696 0.441428 0.950696 0.441428 0.982336 0.436855 0.982336
1 0.443774 0.951503 0.448429 0.951503 0.448429 0.982336 0.443774 0.982336
1 0.457287 0.950696 0.461919 0.950696 0.461919 0.981824 0.457287 0.981824
1 0.450852 0.950616 0.454747 0.950616 0.454747 0.981824 0.450852 0.981824
1 0.463943 0.950011 0.468579 0.950011 0.468579 0.981824 0.463943 0.981824
1 0.470844 0.950616 0.475581 0.950616 0.475581 0.981995 0.470844 0.981995
1 0.477842 0.950738 0.482753 0.950738 0.482753 0.982165 0.477842 0.982165
1 0.484699 0.950738 0.489413 0.950738 0.489413 0.982507 0.484699 0.982507
1 0.490347 0.949326 0.495902 0.949326 0.495902 0.981141 0.490347 0.981141
1 0.497248 0.949931 0.502561 0.949931 0.502561 0.981482 0.497248 0.981482
1 0.504105 0.950177 0.509051 0.950177 0.509051 0.982165 0.504105 0.982165
1 0.511403 0.950177 0.516014 0.950177 0.516014 0.982336 0.511403 0.982336
1 0.517857 0.949773 0.523187 0.949773 0.523187 0.982165 0.517857 0.982165
1 0.524164 0.949773 0.529809 0.949773 0.529809 0.982336 0.524164 0.982336
1 0.531627 0.950439 0.537323 0.950439 0.537323 0.982165 0.531627 0.982165
1 0.538484 0.949834 0.543299 0.949834 0.543299 0.981653 0.538484 0.981653
1 0.544737 0.949633 0.549447 0.949633 0.549447 0.982165 0.544737 0.982165
1 0.551271 0.949370 0.556790 0.949370 0.556790 0.982336 0.551271 0.982336
1 0.558330 0.949975 0.563791 0.949975 0.563791 0.981824 0.558330 0.981824
1 0.565029 0.950378 0.570622 0.950378 0.570622 0.981482 0.565029 0.981482
1 0.572535 0.950378 0.577111 0.950378 0.577111 0.981312 0.572535 0.981312
1 0.578989 0.949817 0.584795 0.949817 0.584795 0.981653 0.578989 0.981653
1 0.585645 0.949817 0.591626 0.949817 0.591626 0.981312 0.585645 0.981312
1 0.592906 0.950220 0.598456 0.950220 0.598456 0.981824 0.592906 0.981824
1 0.599342 0.950632 0.604946 0.950632 0.604946 0.981482 0.599342 0.981482
1 0.606372 0.950580 0.611605 0.950580 0.611605 0.981824 0.606372 0.981824
1 0.613431 0.951186 0.618436 0.951186 0.618436 0.981824 0.613431 0.981824
1 0.620464 0.951589 0.625096 0.951589 0.625096 0.981653 0.620464 0.981653
1 0.627000 0.951589 0.631926 0.951589 0.631926 0.981653 0.627000 0.981653
1 0.633700 0.951186 0.638928 0.951186 0.638928 0.982165 0.633700 0.982165
1 0.640215 0.951186 0.645588 0.951186 0.645588 0.982165 0.640215 0.982165
1 0.647133 0.951992 0.652760 0.951992 0.652760 0.981653 0.647133 0.981653
1 0.654211 0.950943 0.658907 0.950943 0.658907 0.981312 0.654211 0.981312
1 0.660646 0.951022 0.665738 0.951022 0.665738 0.981141 0.660646 0.981141
1 0.667139 0.950338 0.672398 0.950338 0.672398 0.980970 0.667139 0.980970
1 0.674040 0.950779 0.679228 0.950779 0.679228 0.981312 0.674040 0.981312
1 0.681038 0.950901 0.686400 0.950901 0.686400 0.981653 0.681038 0.981653
1 0.687733 0.950901 0.692719 0.950901 0.692719 0.981141 0.687733 0.981141
1 0.693380 0.949490 0.699912 0.949490 0.699912 0.982011 0.693380 0.982011
1 0.701306 0.950054 0.707439 0.950054 0.707439 0.981674 0.701306 0.981674
1 0.708619 0.950340 0.714178 0.950340 0.714178 0.980970 0.708619 0.980970
1 0.715612 0.950340 0.720838 0.950340 0.720838 0.981312 0.715612 0.981312
1 0.722237 0.949936 0.727839 0.949936 0.727839 0.981995 0.722237 0.981995
1 0.729094 0.949936 0.734670 0.949936 0.734670 0.980970 0.729094 0.980970
1 0.736556 0.950261 0.741671 0.950261 0.741671 0.981141 0.736556 0.981141
1 0.743080 0.949997 0.747990 0.949997 0.747990 0.981653 0.743080 0.981653
1 0.750015 0.950130 0.754137 0.950130 0.754137 0.981824 0.750015 0.981824
1 0.756215 0.949696 0.761822 0.949696 0.761822 0.981995 0.756215 0.981995
1 0.762933 0.950301 0.767798 0.950301 0.767798 0.981482 0.762933 0.981482
1 0.769291 0.950496 0.774800 0.950496 0.774800 0.981274 0.769291 0.981274
1 0.777146 0.950496 0.782143 0.950496 0.782143 0.981445 0.777146 0.981445
1 0.784128 0.950277 0.788803 0.950277 0.788803 0.981274 0.784128 0.981274
1 0.789558 0.949935 0.795937 0.949935 0.795937 0.980762 0.789558 0.980762
1 0.796998 0.950338 0.803109 0.950338 0.803109 0.981445 0.796998 0.981445
1 0.803946 0.950542 0.809257 0.950542 0.809257 0.981237 0.803946 0.981237
1 0.811071 0.950410 0.815746 0.950410 0.815746 0.981407 0.811071 0.981407
1 0.816710 0.950068 0.823089 0.950068 0.823089 0.980895 0.816710 0.980895
1 0.824149 0.950472 0.830261 0.950472 0.830261 0.981578 0.824149 0.981578
1 0.831060 0.950333 0.836371 0.950333 0.836371 0.981028 0.831060 0.981028
0 0.386087 0.478758 0.852567 0.478758 0.852567 0.946905 0.386087 0.946905
1 0.403269 0.442408 0.407866 0.442408 0.407866 0.473287 0.403269 0.473287
1 0.410018 0.443013 0.414557 0.443013 0.414557 0.474141 0.410018 0.474141
1 0.417051 0.443416 0.421387 0.443416 0.421387 0.474311 0.417051 0.474311
1 0.423750 0.443416 0.428388 0.443416 0.428388 0.474311 0.423750 0.474311
1 0.430450 0.442392 0.435048 0.442392 0.435048 0.474203 0.430450 0.474203
1 0.437275 0.443013 0.441848 0.443013 0.441848 0.474653 0.437275 0.474653
1 0.444039 0.443820 0.448694 0.443820 0.448694 0.474653 0.444039 0.474653
1 0.450961 0.442933 0.454857 0.442933 0.454857 0.474141 0.450961 0.474141
1 0.457552 0.443013 0.462184 0.443013 0.462184 0.474141 0.457552 0.474141
1 0.464052 0.442328 0.468689 0.442328 0.468689 0.474141 0.464052 0.474141
1 0.471109 0.442933 0.475846 0.442933 0.475846 0.474311 0.471109 0.474311
1 0.477331 0.442434 0.482242 0.442434 0.482242 0.473861 0.477331 0.473861
1 0.484809 0.442434 0.489522 0.442434 0.489522 0.474203 0.484809 0.474203
1 0.491078 0.441643 0.496632 0.441643 0.496632 0.473458 0.491078 0.473458
1 0.497979 0.442248 0.503292 0.442248 0.503292 0.473799 0.497979 0.473799
1 0.504836 0.442493 0.509781 0.442493 0.509781 0.474482 0.504836 0.474482
1 0.512134 0.442493 0.516745 0.442493 0.516745 0.474653 0.512134 0.474653
1 0.518588 0.442090 0.523917 0.442090 0.523917 0.474482 0.518588 0.474482
1 0.525046 0.441669 0.530690 0.441669 0.530690 0.474232 0.525046 0.474232
1 0.532508 0.442335 0.538204 0.442335 0.538204 0.474061 0.532508 0.474061
1 0.539366 0.441730 0.544181 0.441730 0.544181 0.473549 0.539366 0.473549
1 0.545618 0.441528 0.550328 0.441528 0.550328 0.474061 0.545618 0.474061
1 0.552152 0.441266 0.557671 0.441266 0.557671 0.474232 0.552152 0.474232
1 0.559211 0.441871 0.564673 0.441871 0.564673 0.473720 0.559211 0.473720
1 0.565911 0.442274 0.571503 0.442274 0.571503 0.473378 0.565911 0.473378
1 0.573417 0.442274 0.577992 0.442274 0.577992 0.473208 0.573417 0.473208
1 0.579871 0.441713 0.585677 0.441713 0.585677 0.473549 0.579871 0.473549
1 0.586527 0.441713 0.592507 0.441713 0.592507 0.473208 0.586527 0.473208
1 0.593788 0.442116 0.599338 0.442116 0.599338 0.473720 0.593788 0.473720
1 0.600224 0.442528 0.605827 0.442528 0.605827 0.473378 0.600224 0.473378
1 0.607253 0.442476 0.612487 0.442476 0.612487 0.473720 0.607253 0.473720
1 0.614312 0.443081 0.619317 0.443081 0.619317 0.473720 0.614312 0.473720
1 0.621345 0.443485 0.625977 0.443485 0.625977 0.473549 0.621345 0.473549
1 0.627882 0.443485 0.632808 0.443485 0.632808 0.473549 0.627882 0.473549
1 0.634581 0.443081 0.639809 0.443081 0.639809 0.474061 0.634581 0.474061
1 0.641096 0.443081 0.646469 0.443081 0.646469 0.474061 0.641096 0.474061
1 0.648015 0.443888 0.653641 0.443888 0.653641 0.473549 0.648015 0.473549
1 0.655093 0.442838 0.659789 0.442838 0.659789 0.473208 0.655093 0.473208
1 0.661528 0.442918 0.666619 0.442918 0.666619 0.473037 0.661528 0.473037
1 0.668021 0.442233 0.673279 0.442233 0.673279 0.472866 0.668021 0.472866
1 0.674922 0.442675 0.680110 0.442675 0.680110 0.473208 0.674922 0.473208
1 0.681920 0.442797 0.687282 0.442797 0.687282 0.473549 0.681920 0.473549
1 0.688614 0.442797 0.693600 0.442797 0.693600 0.473037 0.688614 0.473037
1 0.694261 0.441385 0.700772 0.441385 0.700772 0.473378 0.694261 0.473378
1 0.702187 0.443186 0.707603 0.443186 0.707603 0.473378 0.702187 0.473378
1 0.709115 0.443446 0.714674 0.443446 0.714674 0.474076 0.709115 0.474076
1 0.716494 0.442236 0.721720 0.442236 0.721720 0.473208 0.716494 0.473208
1 0.723119 0.441832 0.728721 0.441832 0.728721 0.473891 0.723119 0.473891
1 0.729975 0.441832 0.735552 0.441832 0.735552 0.472866 0.729975 0.472866
1 0.737438 0.442157 0.742553 0.442157 0.742553 0.473037 0.737438 0.473037
1 0.743961 0.441893 0.748871 0.441893 0.748871 0.473549 0.743961 0.473549
1 0.750897 0.442026 0.755019 0.442026 0.755019 0.473720 0.750897 0.473720
1 0.757097 0.441592 0.762703 0.441592 0.762703 0.473891 0.757097 0.473891
1 0.763815 0.442197 0.768680 0.442197 0.768680 0.473378 0.763815 0.473378
1 0.770172 0.442392 0.775681 0.442392 0.775681 0.473170 0.770172 0.473170
1 0.778028 0.442392 0.783024 0.442392 0.783024 0.473341 0.778028 0.473341
1 0.785009 0.442172 0.789684 0.442172 0.789684 0.473170 0.785009 0.473170
1 0.790440 0.441831 0.796819 0.441831 0.796819 0.472658 0.790440 0.472658
1 0.797879 0.442234 0.803991 0.442234 0.803991 0.473341 0.797879 0.473341
1 0.804828 0.442437 0.810138 0.442437 0.810138 0.473133 0.804828 0.473133
1 0.811953 0.442306 0.816627 0.442306 0.816627 0.473303 0.811953 0.473303
1 0.817592 0.441964 0.823970 0.441964 0.823970 0.472791 0.817592 0.472791
1 0.825031 0.442368 0.831142 0.442368 0.831142 0.473474 0.825031 0.473474
1 0.831942 0.442229 0.837253 0.442229 0.837253 0.472924 0.831942 0.472924
1 0.351062 0.925216 0.381813 0.925216 0.381813 0.930119 0.351062 0.930119
1 0.351062 0.918039 0.382328 0.918039 0.382328 0.922957 0.351062 0.922957
1 0.350619 0.910867 0.381255 0.910867 0.381255 0.916623 0.350619 0.916623
1 0.350481 0.904207 0.381511 0.904207 0.381511 0.909186 0.350481 0.909186
1 0.350619 0.897547 0.381511 0.897547 0.381511 0.902851 0.350619 0.902851
1 0.350409 0.891296 0.381836 0.891296 0.381836 0.896103 0.350409 0.896103
1 0.350075 0.883715 0.381045 0.883715 0.381045 0.888662 0.350075 0.888662
1 0.350449 0.877055 0.381301 0.877055 0.381301 0.882024 0.350449 0.882024
1 0.350262 0.870396 0.381301 0.870396 0.381301 0.875294 0.350262 0.875294
1 0.351032 0.863736 0.381767 0.863736 0.381767 0.868656 0.351032 0.868656
1 0.350168 0.856564 0.380789 0.856564 0.380789 0.861551 0.350168 0.861551
1 0.350262 0.849904 0.381045 0.849904 0.381045 0.855101 0.350262 0.855101
1 0.349701 0.843244 0.381045 0.843244 0.381045 0.848463 0.349701 0.848463
1 0.350168 0.836840 0.381045 0.836840 0.381045 0.841826 0.350168 0.841826
1 0.350588 0.829412 0.381209 0.829412 0.381209 0.834347 0.350588 0.834347
1 0.350401 0.822752 0.381465 0.822752 0.381465 0.827616 0.350401 0.827616
1 0.350401 0.816092 0.381465 0.816092 0.381465 0.821073 0.350401 0.821073
1 0.350681 0.809432 0.381721 0.809432 0.381721 0.813968 0.350681 0.813968
1 0.350868 0.802260 0.380953 0.802260 0.380953 0.807424 0.350868 0.807424
1 0.350868 0.795600 0.381209 0.795600 0.381209 0.799945 0.350868 0.799945
1 0.350681 0.788847 0.381302 0.788847 0.381302 0.793495 0.350681 0.793495
1 0.349856 0.781376 0.382008 0.781376 0.382008 0.786454 0.349856 0.786454
1 0.349946 0.774566 0.381858 0.774566 0.381858 0.780209 0.349946 0.780209
1 0.350189 0.768177 0.382085 0.768177 0.382085 0.772425 0.350189 0.772425
1 0.350008 0.761065 0.381813 0.761065 0.381813 0.766361 0.350008 0.766361
1 0.348922 0.754405 0.381798 0.754405 0.381798 0.759663 0.348922 0.759663
1 0.350694 0.747677 0.382441 0.747677 0.382441 0.752685 0.350694 0.752685
1 0.349827 0.740935 0.382011 0.740935 0.382011 0.746448 0.349827 0.746448
1 0.350218 0.734637 0.382130 0.734637 0.382130 0.739660 0.350218 0.739660
1 0.350399 0.727434 0.382386 0.727434 0.382386 0.732510 0.350399 0.732510
1 0.350861 0.721476 0.381613 0.721476 0.381613 0.726378 0.350861 0.726378
1 0.350861 0.714299 0.382128 0.714299 0.382128 0.719217 0.350861 0.719217
1 0.350418 0.707127 0.381054 0.707127 0.381054 0.712883 0.350418 0.712883
1 0.350281 0.700467 0.381310 0.700467 0.381310 0.705446 0.350281 0.705446
1 0.350418 0.693350 0.381310 0.693350 0.381310 0.698654 0.350418 0.698654
1 0.350607 0.687098 0.382034 0.687098 0.382034 0.691906 0.350607 0.691906
1 0.350272 0.679518 0.381243 0.679518 0.381243 0.684464 0.350272 0.684464
1 0.350646 0.672858 0.381499 0.672858 0.381499 0.677827 0.350646 0.677827
1 0.350459 0.666198 0.381499 0.666198 0.381499 0.671096 0.350459 0.671096
1 0.349472 0.645443 0.381805 0.645443 0.381805 0.650373 0.349472 0.650373
1 0.350975 0.652222 0.381595 0.652222 0.381595 0.657209 0.350975 0.657209
1 0.860040 0.652318 0.890823 0.652318 0.890823 0.657515 0.860040 0.657515
1 0.349898 0.639046 0.381243 0.639046 0.381243 0.644266 0.349898 0.644266
1 0.350366 0.632643 0.381243 0.632643 0.381243 0.637629 0.350366 0.637629
1 0.350366 0.625214 0.380986 0.625214 0.380986 0.630150 0.350366 0.630150
1 0.350367 0.618555 0.381431 0.618555 0.381431 0.623419 0.350367 0.623419
1 0.350367 0.611895 0.381431 0.611895 0.381431 0.616875 0.350367 0.616875
1 0.350647 0.605235 0.381687 0.605235 0.381687 0.609770 0.350647 0.609770
1 0.350834 0.598063 0.380919 0.598063 0.380919 0.603226 0.350834 0.603226
1 0.350834 0.591403 0.381175 0.591403 0.381175 0.595748 0.350834 0.595748
1 0.350647 0.584650 0.381268 0.584650 0.381268 0.589297 0.350647 0.589297
1 0.349822 0.577367 0.381974 0.577367 0.381974 0.582445 0.349822 0.582445
1 0.349912 0.570556 0.381824 0.570556 0.381824 0.576200 0.349912 0.576200
1 0.350425 0.563917 0.382321 0.563917 0.382321 0.568164 0.350425 0.568164
1 0.859304 0.557009 0.891109 0.557009 0.891109 0.562305 0.859304 0.562305
1 0.349098 0.550396 0.381974 0.550396 0.381974 0.555654 0.349098 0.555654
1 0.350274 0.543767 0.382021 0.543767 0.382021 0.548775 0.350274 0.548775
1 0.350184 0.530628 0.382096 0.530628 0.382096 0.535651 0.350184 0.535651
1 0.350003 0.536926 0.382187 0.536926 0.382187 0.542439 0.350003 0.542439
1 0.350365 0.523425 0.382352 0.523425 0.382352 0.528500 0.350365 0.528500
1 0.351429 0.659042 0.382050 0.659042 0.382050 0.664030 0.351429 0.664030
1 0.350134 0.495761 0.382122 0.495761 0.382122 0.500836 0.350134 0.500836
1 0.350184 0.503195 0.382096 0.503195 0.382096 0.508217 0.350184 0.508217
1 0.350003 0.509492 0.382187 0.509492 0.382187 0.515006 0.350003 0.515006
1 0.350274 0.516333 0.382021 0.516333 0.382021 0.521341 0.350274 0.521341
1 0.859459 0.495714 0.891446 0.495714 0.891446 0.500789 0.859459 0.500789
1 0.859509 0.503148 0.891421 0.503148 0.891421 0.508171 0.859509 0.508171
1 0.859328 0.509446 0.891512 0.509446 0.891512 0.514959 0.859328 0.514959
1 0.859599 0.516287 0.891346 0.516287 0.891346 0.521295 0.859599 0.521295
1 0.859690 0.523379 0.891677 0.523379 0.891677 0.528454 0.859690 0.528454
1 0.859509 0.530582 0.891421 0.530582 0.891421 0.535604 0.859509 0.535604
1 0.859328 0.536879 0.891512 0.536879 0.891512 0.542393 0.859328 0.542393
1 0.859394 0.543720 0.891141 0.543720 0.891141 0.548728 0.859394 0.548728
1 0.858218 0.550349 0.891094 0.550349 0.891094 0.555607 0.858218 0.555607
1 0.859404 0.563812 0.891210 0.563812 0.891210 0.569108 0.859404 0.569108
1 0.859585 0.570924 0.891481 0.570924 0.891481 0.575172 0.859585 0.575172
1 0.859133 0.577313 0.891044 0.577313 0.891044 0.582956 0.859133 0.582956
1 0.859042 0.584123 0.891194 0.584123 0.891194 0.589202 0.859042 0.589202
1 0.859868 0.591406 0.890489 0.591406 0.890489 0.596053 0.859868 0.596053
1 0.859806 0.598159 0.890147 0.598159 0.890147 0.602504 0.859806 0.602504
1 0.859806 0.604819 0.889890 0.604819 0.889890 0.609983 0.859806 0.609983
1 0.859619 0.611991 0.890659 0.611991 0.890659 0.616526 0.859619 0.616526
1 0.859339 0.618651 0.890403 0.618651 0.890403 0.623631 0.859339 0.623631
1 0.859339 0.625311 0.890403 0.625311 0.890403 0.630175 0.859339 0.630175
1 0.859337 0.631971 0.889958 0.631971 0.889958 0.636906 0.859337 0.636906
1 0.859337 0.639399 0.890214 0.639399 0.890214 0.644385 0.859337 0.644385
1 0.858870 0.645803 0.890214 0.645803 0.890214 0.651022 0.858870 0.651022
1 0.859946 0.658978 0.890567 0.658978 0.890567 0.663966 0.859946 0.663966
1 0.859031 0.645562 0.889815 0.645562 0.889815 0.650759 0.859031 0.650759
1 0.860401 0.665799 0.891022 0.665799 0.891022 0.670786 0.860401 0.670786
1 0.859431 0.672954 0.890470 0.672954 0.890470 0.677852 0.859431 0.677852
1 0.859618 0.679614 0.890470 0.679614 0.890470 0.684583 0.859618 0.684583
1 0.859244 0.686274 0.890214 0.686274 0.890214 0.691221 0.859244 0.691221
1 0.859578 0.693855 0.891005 0.693855 0.891005 0.698662 0.859578 0.698662
1 0.859390 0.700106 0.890282 0.700106 0.890282 0.705410 0.859390 0.705410
1 0.859252 0.707223 0.890282 0.707223 0.890282 0.712202 0.859252 0.712202
1 0.859390 0.713883 0.890026 0.713883 0.890026 0.719639 0.859390 0.719639
1 0.859833 0.721055 0.891099 0.721055 0.891099 0.725974 0.859833 0.725974
1 0.859833 0.728232 0.890584 0.728232 0.890584 0.733135 0.859833 0.733135
1 0.859371 0.734191 0.891358 0.734191 0.891358 0.739266 0.859371 0.739266
1 0.859190 0.741394 0.891102 0.741394 0.891102 0.746416 0.859190 0.746416
1 0.858799 0.747691 0.890983 0.747691 0.890983 0.753205 0.858799 0.753205
1 0.857095 0.754405 0.889971 0.754405 0.889971 0.759663 0.857095 0.759663
1 0.858181 0.761065 0.889987 0.761065 0.889987 0.766361 0.858181 0.766361
1 0.858362 0.768177 0.890258 0.768177 0.890258 0.772425 0.858362 0.772425
1 0.858120 0.774566 0.890031 0.774566 0.890031 0.780209 0.858120 0.780209
1 0.858029 0.781376 0.890181 0.781376 0.890181 0.786454 0.858029 0.786454
1 0.858855 0.788847 0.889475 0.788847 0.889475 0.793495 0.858855 0.793495
1 0.859042 0.795600 0.889382 0.795600 0.889382 0.799945 0.859042 0.799945
1 0.859042 0.802260 0.889126 0.802260 0.889126 0.807424 0.859042 0.807424
1 0.858855 0.809432 0.889894 0.809432 0.889894 0.813968 0.858855 0.813968
1 0.858574 0.816092 0.889638 0.816092 0.889638 0.821073 0.858574 0.821073
1 0.858574 0.823001 0.889638 0.823001 0.889638 0.827865 0.858574 0.827865
1 0.858761 0.829412 0.889382 0.829412 0.889382 0.834347 0.858761 0.834347
1 0.858341 0.836840 0.889218 0.836840 0.889218 0.841826 0.858341 0.841826
1 0.857874 0.843244 0.889218 0.843244 0.889218 0.848463 0.857874 0.848463
1 0.858435 0.849904 0.889218 0.849904 0.889218 0.855101 0.858435 0.855101
1 0.858341 0.856564 0.888962 0.856564 0.888962 0.861551 0.858341 0.861551
1 0.859206 0.863736 0.889940 0.863736 0.889940 0.868656 0.859206 0.868656
1 0.858645 0.870396 0.889684 0.870396 0.889684 0.875294 0.858645 0.875294
1 0.858832 0.877055 0.889684 0.877055 0.889684 0.882024 0.858832 0.882024
1 0.858458 0.883715 0.889428 0.883715 0.889428 0.888662 0.858458 0.888662
1 0.858792 0.891296 0.890219 0.891296 0.890219 0.896103 0.858792 0.896103
1 0.859002 0.897547 0.889894 0.897547 0.889894 0.902851 0.859002 0.902851
1 0.858865 0.904207 0.889894 0.904207 0.889894 0.909186 0.858865 0.909186
1 0.859002 0.910867 0.889638 0.910867 0.889638 0.916623 0.859002 0.916623
1 0.859445 0.918039 0.890711 0.918039 0.890711 0.922957 0.859445 0.922957
1 0.859445 0.925216 0.890197 0.925216 0.890197 0.930119 0.859445 0.930119
1 0.125294 0.127866 0.160373 0.127866 0.160373 0.159344 0.125294 0.159344
1 0.033534 0.082294 0.066452 0.082294 0.066452 0.116756 0.033534 0.116756
1 0.006848 0.652390 0.012731 0.652390 0.012731 0.678969 0.006848 0.678969
1 0.013441 0.652491 0.019325 0.652491 0.019325 0.679070 0.013441 0.679070
1 0.020441 0.652593 0.026325 0.652593 0.026325 0.679171 0.020441 0.679171
1 0.027035 0.652694 0.032919 0.652694 0.032919 0.679273 0.027035 0.679273
1 0.034085 0.652593 0.039969 0.652593 0.039969 0.679171 0.034085 0.679171
1 0.040679 0.652694 0.046563 0.652694 0.046563 0.679273 0.040679 0.679273
1 0.047679 0.652796 0.053563 0.652796 0.053563 0.679374 0.047679 0.679374
1 0.054273 0.652897 0.060157 0.652897 0.060157 0.679476 0.054273 0.679476
1 0.061374 0.652339 0.067258 0.652339 0.067258 0.678918 0.061374 0.678918
1 0.067968 0.652441 0.073852 0.652441 0.073852 0.679019 0.067968 0.679019
1 0.074968 0.652542 0.080851 0.652542 0.080851 0.679121 0.074968 0.679121
1 0.081561 0.652644 0.087445 0.652644 0.087445 0.679222 0.081561 0.679222
1 0.088612 0.652542 0.094496 0.652542 0.094496 0.679121 0.088612 0.679121
1 0.095206 0.652644 0.101090 0.652644 0.101090 0.679222 0.095206 0.679222
1 0.102205 0.652745 0.108089 0.652745 0.108089 0.679324 0.102205 0.679324
1 0.108877 0.652894 0.114761 0.652894 0.114761 0.679473 0.108877 0.679473
1 0.122544 0.652608 0.128428 0.652608 0.128428 0.679186 0.122544 0.679186
1 0.115873 0.652506 0.121757 0.652506 0.121757 0.679085 0.115873 0.679085
1 0.149880 0.652799 0.155763 0.652799 0.155763 0.679377 0.149880 0.679377
1 0.143208 0.652745 0.149092 0.652745 0.149092 0.679324 0.143208 0.679324
1 0.136069 0.652894 0.141952 0.652894 0.141952 0.679473 0.136069 0.679473
1 0.129397 0.652793 0.135281 0.652793 0.135281 0.679371 0.129397 0.679371
1 0.197764 0.652608 0.203648 0.652608 0.203648 0.679186 0.197764 0.679186
1 0.190806 0.652411 0.196689 0.652411 0.196689 0.678989 0.190806 0.678989
1 0.183905 0.652655 0.189789 0.652655 0.189789 0.679234 0.183905 0.679234
1 0.177138 0.652602 0.183022 0.652602 0.183022 0.679180 0.177138 0.679180
1 0.170429 0.652655 0.176313 0.652655 0.176313 0.679234 0.170429 0.679234
1 0.163518 0.652697 0.169402 0.652697 0.169402 0.679276 0.163518 0.679276
1 0.156570 0.652894 0.162454 0.652894 0.162454 0.679473 0.156570 0.679473
1 0.204502 0.652703 0.210386 0.652703 0.210386 0.679282 0.204502 0.679282
1 0.006601 0.915652 0.012426 0.915652 0.012426 0.943120 0.006601 0.943120
1 0.013195 0.915753 0.019202 0.915753 0.019202 0.943418 0.013195 0.943418
1 0.020195 0.915854 0.026127 0.915854 0.026127 0.943567 0.020195 0.943567
1 0.026789 0.915956 0.032605 0.915956 0.032605 0.943418 0.026789 0.943418
1 0.033839 0.915854 0.039828 0.915854 0.039828 0.943269 0.033839 0.943269
1 0.040433 0.915956 0.046604 0.915956 0.046604 0.943939 0.040433 0.943939
1 0.047433 0.916057 0.053529 0.916057 0.053529 0.943567 0.047433 0.943567
1 0.054027 0.916159 0.060230 0.916159 0.060230 0.943418 0.054027 0.943418
1 0.061128 0.915601 0.066857 0.915601 0.066857 0.943418 0.061128 0.943418
1 0.067722 0.915702 0.073782 0.915702 0.073782 0.943269 0.067722 0.943269
1 0.074721 0.915804 0.080558 0.915804 0.080558 0.942897 0.074721 0.942897
1 0.081315 0.915905 0.087558 0.915905 0.087558 0.943269 0.081315 0.943269
1 0.088366 0.915804 0.094259 0.915804 0.094259 0.943195 0.088366 0.943195
1 0.094959 0.915905 0.101333 0.915905 0.101333 0.943418 0.094959 0.943418
1 0.101959 0.916007 0.108035 0.916007 0.108035 0.943418 0.101959 0.943418
1 0.108631 0.916156 0.114736 0.916156 0.114736 0.943344 0.108631 0.943344
1 0.122298 0.915869 0.128214 0.915869 0.128214 0.943046 0.122298 0.943046
1 0.115478 0.916140 0.121587 0.916140 0.121587 0.943195 0.115478 0.943195
1 0.149708 0.915986 0.155541 0.915986 0.155541 0.943269 0.149708 0.943269
1 0.142962 0.916007 0.148846 0.916007 0.148846 0.942585 0.142962 0.942585
1 0.135822 0.916156 0.142064 0.916156 0.142064 0.943195 0.135822 0.943195
1 0.129151 0.916054 0.135362 0.916054 0.135362 0.943493 0.129151 0.943493
1 0.197518 0.915869 0.203420 0.915869 0.203420 0.943344 0.197518 0.943344
1 0.190559 0.915672 0.196867 0.915672 0.196867 0.943046 0.190559 0.943046
1 0.183659 0.915917 0.189496 0.915917 0.189496 0.943046 0.183659 0.943046
1 0.176892 0.915863 0.182943 0.915863 0.182943 0.943344 0.176892 0.943344
1 0.170182 0.915917 0.176167 0.915917 0.176167 0.943195 0.170182 0.943195
1 0.163272 0.915959 0.169317 0.915959 0.169317 0.943344 0.163272 0.943344
1 0.156324 0.916156 0.162541 0.916156 0.162541 0.943046 0.156324 0.943046
1 0.204256 0.915965 0.210270 0.915965 0.210270 0.943046 0.204256 0.943046
1 0.226683 0.696024 0.253752 0.696024 0.253752 0.701369 0.226683 0.701369
1 0.226769 0.702844 0.253838 0.702844 0.253838 0.708189 0.226769 0.708189
1 0.227025 0.716314 0.254094 0.716314 0.254094 0.721660 0.227025 0.721660
1 0.226940 0.709729 0.254009 0.709729 0.254009 0.715074 0.226940 0.715074
1 0.226769 0.723669 0.253838 0.723669 0.253838 0.729015 0.226769 0.729015
1 0.226854 0.730255 0.253923 0.730255 0.253923 0.735600 0.226854 0.735600
1 0.227025 0.737140 0.254094 0.737140 0.254094 0.742485 0.227025 0.742485
1 0.226829 0.750981 0.253898 0.750981 0.253898 0.756326 0.226829 0.756326
1 0.226914 0.757566 0.253983 0.757566 0.253983 0.762912 0.226914 0.762912
1 0.227171 0.771037 0.254240 0.771037 0.254240 0.776382 0.227171 0.776382
1 0.227085 0.764451 0.254154 0.764451 0.254154 0.769797 0.227085 0.769797
1 0.226914 0.778392 0.253983 0.778392 0.253983 0.783737 0.226914 0.783737
1 0.227000 0.784977 0.254069 0.784977 0.254069 0.790323 0.227000 0.790323
1 0.227103 0.791862 0.254171 0.791862 0.254171 0.797207 0.227103 0.797207
1 0.227116 0.798447 0.254184 0.798447 0.254184 0.803793 0.227116 0.803793
1 0.226642 0.805369 0.253711 0.805369 0.253711 0.810714 0.226642 0.810714
1 0.226727 0.811955 0.253796 0.811955 0.253796 0.817300 0.226727 0.817300
1 0.226898 0.818907 0.253967 0.818907 0.253967 0.824253 0.226898 0.824253
1 0.226911 0.825493 0.253980 0.825493 0.253980 0.830838 0.226911 0.830838
1 0.226571 0.866436 0.253639 0.866436 0.253639 0.871781 0.226571 0.871781
1 0.226558 0.859850 0.253627 0.859850 0.253627 0.865195 0.226558 0.865195
1 0.226387 0.852897 0.253455 0.852897 0.253455 0.858243 0.226387 0.858243
1 0.226301 0.846312 0.253370 0.846312 0.253370 0.851657 0.226301 0.851657
1 0.226775 0.839390 0.253844 0.839390 0.253844 0.844736 0.226775 0.844736
1 0.226762 0.832805 0.253831 0.832805 0.253831 0.838150 0.226762 0.838150
1 0.226979 0.893617 0.254048 0.893617 0.254048 0.898962 0.226979 0.898962
1 0.226967 0.887032 0.254035 0.887032 0.254035 0.892377 0.226967 0.892377
1 0.226796 0.880079 0.253864 0.880079 0.253864 0.885424 0.226796 0.885424
1 0.226710 0.873493 0.253779 0.873493 0.253779 0.878839 0.226710 0.878839
1 0.226993 0.743838 0.254062 0.743838 0.254062 0.749184 0.226993 0.749184
1 0.963234 0.495343 0.995950 0.495343 0.995950 0.500922 0.963234 0.500922
1 0.963470 0.502151 0.996186 0.502151 0.996186 0.507730 0.963470 0.507730
1 0.963470 0.508947 0.996186 0.508947 0.996186 0.514527 0.963470 0.514527
1 0.963521 0.515693 0.996236 0.515693 0.996236 0.521273 0.963521 0.521273
1 0.963470 0.542931 0.996186 0.542931 0.996186 0.548511 0.963470 0.548511
1 0.963419 0.536185 0.996135 0.536185 0.996135 0.541765 0.963419 0.541765
1 0.963419 0.529388 0.996135 0.529388 0.996135 0.534968 0.963419 0.534968
1 0.963368 0.522642 0.996084 0.522642 0.996084 0.528222 0.963368 0.528222
1 0.963419 0.549779 0.996135 0.549779 0.996135 0.555358 0.963419 0.555358
1 0.963470 0.556525 0.996186 0.556525 0.996186 0.562104 0.963470 0.562104
1 0.963470 0.563322 0.996186 0.563322 0.996186 0.568901 0.963470 0.568901
1 0.963521 0.570068 0.996236 0.570068 0.996236 0.575647 0.963521 0.575647
1 0.963470 0.597306 0.996186 0.597306 0.996186 0.602885 0.963470 0.602885
1 0.963419 0.590560 0.996135 0.590560 0.996135 0.596139 0.963419 0.596139
1 0.963419 0.583763 0.996135 0.583763 0.996135 0.589342 0.963419 0.589342
1 0.963368 0.577017 0.996084 0.577017 0.996084 0.582596 0.963368 0.582596
1 0.963521 0.604559 0.996236 0.604559 0.996236 0.610138 0.963521 0.610138
1 0.963521 0.611305 0.996236 0.611305 0.996236 0.616884 0.963521 0.616884
1 0.963571 0.618051 0.996287 0.618051 0.996287 0.623630 0.963571 0.623630
1 0.963723 0.631645 0.996439 0.631645 0.996439 0.637224 0.963723 0.637224
1 0.963673 0.624899 0.996389 0.624899 0.996389 0.630478 0.963673 0.630478
1 0.963318 0.658933 0.996034 0.658933 0.996034 0.664513 0.963318 0.664513
1 0.963267 0.652187 0.995983 0.652187 0.995983 0.657767 0.963267 0.657767
1 0.963165 0.645340 0.995881 0.645340 0.995881 0.650919 0.963165 0.650919
1 0.963165 0.638594 0.995881 0.638594 0.995881 0.644173 0.963165 0.644173
1 0.963064 0.679476 0.995780 0.679476 0.995780 0.685055 0.963064 0.685055
1 0.963013 0.672730 0.995729 0.672730 0.995729 0.678309 0.963013 0.678309
1 0.962912 0.665882 0.995628 0.665882 0.995628 0.671462 0.962912 0.671462
1 0.963327 0.686539 0.996043 0.686539 0.996043 0.692118 0.963327 0.692118
1 0.963429 0.693386 0.996145 0.693386 0.996145 0.698966 0.963429 0.698966
1 0.963479 0.700133 0.996195 0.700133 0.996195 0.705712 0.963479 0.705712
1 0.963074 0.707081 0.995790 0.707081 0.995790 0.712661 0.963074 0.712661
1 0.963175 0.713929 0.995891 0.713929 0.995891 0.719508 0.963175 0.719508
1 0.963226 0.720675 0.995942 0.720675 0.995942 0.726254 0.963226 0.726254
1 0.963172 0.726856 0.995887 0.726856 0.995887 0.732435 0.963172 0.732435
1 0.962766 0.733805 0.995482 0.733805 0.995482 0.739384 0.962766 0.739384
1 0.962867 0.740652 0.995583 0.740652 0.995583 0.746232 0.962867 0.746232
1 0.962918 0.747398 0.995634 0.747398 0.995634 0.752978 0.962918 0.752978
1 0.963320 0.754124 0.996036 0.754124 0.996036 0.759703 0.963320 0.759703
1 0.963421 0.760971 0.996137 0.760971 0.996137 0.766551 0.963421 0.766551
1 0.963472 0.767718 0.996188 0.767718 0.996188 0.773297 0.963472 0.773297
1 0.963418 0.774391 0.996134 0.774391 0.996134 0.779970 0.963418 0.779970
1 0.963320 0.781216 0.996036 0.781216 0.996036 0.786796 0.963320 0.786796
1 0.963175 0.788310 0.995891 0.788310 0.995891 0.793890 0.963175 0.793890
1 0.963226 0.794995 0.995942 0.794995 0.995942 0.800574 0.963226 0.800574
1 0.963226 0.822457 0.995942 0.822457 0.995942 0.828036 0.963226 0.828036
1 0.963418 0.801853 0.996134 0.801853 0.996134 0.807432 0.963418 0.807432
1 0.963320 0.808678 0.996036 0.808678 0.996036 0.814258 0.963320 0.814258
1 0.963175 0.815772 0.995891 0.815772 0.995891 0.821352 0.963175 0.821352
1 0.963360 0.842803 0.996076 0.842803 0.996076 0.848383 0.963360 0.848383
1 0.963349 0.849488 0.996065 0.849488 0.996065 0.855067 0.963349 0.855067
1 0.963541 0.829253 0.996257 0.829253 0.996257 0.834832 0.963541 0.834832
1 0.963443 0.836079 0.996159 0.836079 0.996159 0.841658 0.963443 0.841658
1 0.963594 0.897554 0.996310 0.897554 0.996310 0.903134 0.963594 0.903134
1 0.963376 0.856470 0.996092 0.856470 0.996092 0.862050 0.963376 0.862050
1 0.963376 0.883932 0.996092 0.883932 0.996092 0.889512 0.963376 0.889512
1 0.963569 0.863328 0.996284 0.863328 0.996284 0.868908 0.963569 0.868908
1 0.963471 0.870154 0.996186 0.870154 0.996186 0.875733 0.963471 0.875733
1 0.963326 0.877248 0.996042 0.877248 0.996042 0.882827 0.963326 0.882827
1 0.963510 0.904279 0.996226 0.904279 0.996226 0.909858 0.963510 0.909858
1 0.963500 0.910963 0.996216 0.910963 0.996216 0.916543 0.963500 0.916543
1 0.963692 0.890728 0.996408 0.890728 0.996408 0.896308 0.963692 0.896308
1 0.963430 0.924117 0.996146 0.924117 0.996146 0.929696 0.963430 0.929696
1 0.963441 0.917432 0.996157 0.917432 0.996157 0.923012 0.963441 0.923012
1 0.349485 0.556783 0.382361 0.556783 0.382361 0.562041 0.349485 0.562041
