0 0.110336 0.699684 0.127914 0.699684 0.127914 0.709027 0.110336 0.709027
0 0.138487 0.179248 0.185514 0.179248 0.185514 0.199566 0.138487 0.199566
0 0.721238 0.179139 0.768185 0.179139 0.768185 0.199031 0.721238 0.199031
0 0.417122 0.699489 0.434557 0.699489 0.434557 0.708402 0.417122 0.708402
0 0.791551 0.699406 0.808952 0.699406 0.808952 0.708077 0.791551 0.708077
0 0.914774 0.178598 0.961272 0.178598 0.961272 0.198777 0.914774 0.198777
0 0.332685 0.179833 0.379237 0.179833 0.379237 0.199918 0.332685 0.199918
0 0.526397 0.178282 0.573466 0.178282 0.573466 0.198842 0.526397 0.198842
0 0.041581 0.699297 0.059414 0.699297 0.059414 0.708254 0.041581 0.708254
0 0.655532 0.699492 0.672425 0.699492 0.672425 0.708431 0.655532 0.708431
0 0.724204 0.699282 0.741190 0.699282 0.741190 0.708471 0.724204 0.708471
0 0.349100 0.699726 0.366183 0.699726 0.366183 0.708641 0.349100 0.708641
0 0.519488 0.699251 0.536377 0.699251 0.536377 0.708448 0.519488 0.708448
0 0.076490 0.699567 0.093577 0.699567 0.093577 0.708429 0.076490 0.708429
0 0.212716 0.699274 0.230157 0.699274 0.230157 0.708197 0.212716 0.708197
0 0.450967 0.699400 0.468156 0.699400 0.468156 0.708086 0.450967 0.708086
0 0.485025 0.699330 0.502503 0.699330 0.502503 0.708211 0.485025 0.708211
0 0.280843 0.699556 0.297865 0.699556 0.297865 0.708412 0.280843 0.708412
0 0.893819 0.699115 0.910982 0.699115 0.910982 0.708153 0.893819 0.708153
0 0.825900 0.699226 0.842805 0.699226 0.842805 0.708146 0.825900 0.708146
0 0.178575 0.699189 0.196423 0.699189 0.196423 0.708492 0.178575 0.708492
0 0.587623 0.699136 0.604911 0.699136 0.604911 0.708171 0.587623 0.708171
0 0.757481 0.698981 0.774376 0.698981 0.774376 0.708204 0.757481 0.708204
0 0.145054 0.699113 0.162085 0.699113 0.162085 0.708030 0.145054 0.708030
0 0.314535 0.699537 0.331947 0.699537 0.331947 0.708517 0.314535 0.708517
1 0.932038 0.164015 0.944321 0.164015 0.944321 0.178934 0.932038 0.178934
1 0.171462 0.199853 0.184138 0.199853 0.184138 0.215185 0.171462 0.215185
0 0.383280 0.699127 0.400608 0.699127 0.400608 0.708209 0.383280 0.708209
0 0.008585 0.699718 0.025577 0.699718 0.025577 0.708713 0.008585 0.708713
1 0.365212 0.200377 0.377954 0.200377 0.377954 0.215502 0.365212 0.215502
1 0.138983 0.199277 0.151973 0.199277 0.151973 0.215236 0.138983 0.215236
0 0.859787 0.698936 0.877292 0.698936 0.877292 0.708223 0.859787 0.708223
0 0.689974 0.698973 0.707346 0.698973 0.707346 0.708116 0.689974 0.708116
1 0.721487 0.199500 0.734089 0.199500 0.734089 0.214683 0.721487 0.214683
1 0.737437 0.164001 0.749991 0.164001 0.749991 0.179198 0.737437 0.179198
0 0.622196 0.699097 0.639635 0.699097 0.639635 0.708089 0.622196 0.708089
1 0.333291 0.199943 0.345960 0.199943 0.345960 0.215154 0.333291 0.215154
1 0.754079 0.199456 0.766524 0.199456 0.766524 0.214921 0.754079 0.214921
1 0.948044 0.199082 0.960907 0.199082 0.960907 0.214969 0.948044 0.214969
0 0.115460 0.832947 0.124099 0.832947 0.124099 0.837732 0.115460 0.837732
1 0.527053 0.199290 0.539849 0.199290 0.539849 0.215270 0.527053 0.215270
0 0.552975 0.699209 0.570294 0.699209 0.570294 0.708388 0.552975 0.708388
1 0.915227 0.199353 0.927827 0.199353 0.927827 0.214960 0.915227 0.214960
0 0.046424 0.833348 0.055555 0.833348 0.055555 0.837927 0.046424 0.837927
0 0.149146 0.832562 0.158120 0.832562 0.158120 0.837492 0.149146 0.837492
1 0.543147 0.164162 0.555506 0.164162 0.555506 0.178780 0.543147 0.178780
0 0.711263 0.832522 0.720258 0.832522 0.720258 0.837573 0.711263 0.837573
0 0.217178 0.832643 0.226414 0.832643 0.226414 0.837734 0.217178 0.837734
0 0.455487 0.832402 0.464288 0.832402 0.464288 0.837729 0.455487 0.837729
1 0.559953 0.199208 0.572052 0.199208 0.572052 0.215380 0.559953 0.215380
0 0.285419 0.832570 0.294562 0.832570 0.294562 0.837687 0.285419 0.837687
1 0.241874 0.698347 0.245955 0.698347 0.245955 0.708627 0.241874 0.708627
1 0.309745 0.698857 0.313990 0.698857 0.313990 0.709129 0.309745 0.709129
0 0.080407 0.833036 0.089468 0.833036 0.089468 0.838049 0.080407 0.838049
0 0.012444 0.833219 0.021396 0.833219 0.021396 0.838188 0.012444 0.838188
1 0.639616 0.698669 0.643385 0.698669 0.643385 0.708399 0.639616 0.708399
1 0.570323 0.698460 0.574280 0.698460 0.574280 0.708728 0.570323 0.708728
1 0.945187 0.698678 0.949012 0.698678 0.949012 0.708679 0.945187 0.708679
1 0.025519 0.699118 0.029275 0.699118 0.029275 0.709028 0.025519 0.709028
1 0.707465 0.698514 0.711063 0.698514 0.711063 0.708629 0.707465 0.708629
1 0.401159 0.698677 0.404874 0.698677 0.404874 0.708836 0.401159 0.708836
1 0.349221 0.164546 0.361241 0.164546 0.361241 0.179864 0.349221 0.179864
1 0.877423 0.698369 0.881005 0.698369 0.881005 0.708581 0.877423 0.708581
1 0.719800 0.697932 0.723820 0.697932 0.723820 0.708471 0.719800 0.708471
1 0.651546 0.698373 0.655108 0.698373 0.655108 0.708171 0.651546 0.708171
1 0.345226 0.699118 0.348774 0.699118 0.348774 0.708913 0.345226 0.708913
1 0.093683 0.698974 0.097943 0.698974 0.097943 0.709299 0.093683 0.709299
1 0.412820 0.698914 0.416725 0.698914 0.416725 0.709014 0.412820 0.709014
1 0.502656 0.698789 0.506510 0.698789 0.506510 0.708582 0.502656 0.708582
1 0.195868 0.699156 0.199629 0.699156 0.199629 0.709102 0.195868 0.709102
1 0.787521 0.698044 0.791707 0.698044 0.791707 0.708221 0.787521 0.708221
1 0.106603 0.698905 0.110622 0.698905 0.110622 0.708932 0.106603 0.708932
1 0.158454 0.831189 0.161108 0.831189 0.161108 0.838398 0.158454 0.838398
1 0.089677 0.831605 0.092630 0.831605 0.092630 0.839231 0.089677 0.839231
1 0.127858 0.699396 0.132261 0.699396 0.132261 0.709499 0.127858 0.709499
1 0.720104 0.830996 0.723233 0.830996 0.723233 0.838581 0.720104 0.838581
1 0.277131 0.698605 0.280713 0.698605 0.280713 0.708458 0.277131 0.708458
1 0.038221 0.699103 0.042131 0.699103 0.042131 0.708661 0.038221 0.708661
1 0.707761 0.831055 0.711124 0.831055 0.711124 0.838861 0.707761 0.838861
1 0.214052 0.831487 0.217028 0.831487 0.217028 0.839006 0.214052 0.839006
1 0.464441 0.831184 0.467364 0.831184 0.467364 0.838783 0.464441 0.838783
1 0.226645 0.831160 0.229563 0.831160 0.229563 0.838915 0.226645 0.838915
1 0.809208 0.699067 0.813229 0.699067 0.813229 0.708614 0.809208 0.708614
1 0.282251 0.831388 0.285237 0.831388 0.285237 0.838635 0.282251 0.838635
1 0.481264 0.699011 0.484880 0.699011 0.484880 0.708939 0.481264 0.708939
1 0.145806 0.830439 0.148625 0.830439 0.148625 0.838734 0.145806 0.838734
1 0.208816 0.699575 0.212720 0.699575 0.212720 0.708217 0.208816 0.708217
1 0.889955 0.698574 0.893703 0.698574 0.893703 0.708135 0.889955 0.708135
1 0.617157 0.698502 0.621819 0.698502 0.621819 0.708018 0.617157 0.708018
1 0.021577 0.832364 0.023857 0.832364 0.023857 0.838731 0.021577 0.838731
1 0.058587 0.698830 0.062861 0.698830 0.062861 0.708383 0.058587 0.708383
1 0.175005 0.698351 0.179206 0.698351 0.179206 0.708472 0.175005 0.708472
1 0.856046 0.698324 0.859628 0.698324 0.859628 0.708265 0.856046 0.708265
1 0.451983 0.830850 0.455233 0.830850 0.455233 0.839043 0.451983 0.839043
1 0.583701 0.698991 0.587429 0.698991 0.587429 0.708660 0.583701 0.708660
1 0.468194 0.698960 0.472473 0.698960 0.472473 0.708746 0.468194 0.708746
1 0.378953 0.698625 0.382677 0.698625 0.382677 0.707751 0.378953 0.707751
1 0.434728 0.699092 0.438605 0.699092 0.438605 0.708897 0.434728 0.708897
1 0.911333 0.698665 0.914591 0.698665 0.914591 0.708150 0.911333 0.708150
0 0.246770 0.699063 0.264206 0.699063 0.264206 0.708264 0.246770 0.708264
1 0.004543 0.698714 0.008299 0.698714 0.008299 0.708625 0.004543 0.708625
1 0.071699 0.698773 0.075959 0.698773 0.075959 0.709098 0.071699 0.709098
1 0.162146 0.698791 0.166548 0.698791 0.166548 0.708894 0.162146 0.708894
1 0.140286 0.698300 0.144304 0.698300 0.144304 0.708327 0.140286 0.708327
1 0.230599 0.699776 0.234502 0.699776 0.234502 0.708419 0.230599 0.708419
1 0.230599 0.699776 0.234502 0.699776 0.234502 0.708419 0.230599 0.708419
1 0.264828 0.698605 0.268410 0.698605 0.268410 0.708458 0.264828 0.708458
1 0.298511 0.699210 0.302092 0.699210 0.302092 0.709063 0.298511 0.709063
1 0.298511 0.699210 0.302092 0.699210 0.302092 0.709063 0.298511 0.709063
1 0.332334 0.698655 0.336580 0.698655 0.336580 0.708928 0.332334 0.708928
1 0.366807 0.699118 0.370355 0.699118 0.370355 0.708913 0.366807 0.708913
1 0.366807 0.699118 0.370355 0.699118 0.370355 0.708913 0.366807 0.708913
1 0.366807 0.699118 0.370355 0.699118 0.370355 0.708913 0.366807 0.708913
1 0.447263 0.698706 0.450880 0.698706 0.450880 0.708634 0.447263 0.708634
1 0.536657 0.698789 0.540510 0.698789 0.540510 0.708582 0.536657 0.708582
1 0.515264 0.698706 0.518881 0.698706 0.518881 0.708634 0.515264 0.708634
1 0.548519 0.698613 0.552477 0.698613 0.552477 0.708881 0.548519 0.708881
1 0.605238 0.698613 0.609195 0.698613 0.609195 0.708881 0.605238 0.708881
1 0.672742 0.698839 0.676471 0.698839 0.676471 0.708508 0.672742 0.708508
1 0.685814 0.698667 0.689412 0.698667 0.689412 0.708782 0.685814 0.708782
1 0.685814 0.698667 0.689412 0.698667 0.689412 0.708782 0.685814 0.708782
1 0.741755 0.698695 0.745776 0.698695 0.745776 0.709233 0.741755 0.709233
1 0.752910 0.698044 0.757097 0.698044 0.757097 0.708221 0.752910 0.708221
1 0.774597 0.698457 0.778619 0.698457 0.778619 0.708004 0.774597 0.708004
1 0.774597 0.698457 0.778619 0.698457 0.778619 0.708004 0.774597 0.708004
1 0.821216 0.698044 0.825403 0.698044 0.825403 0.708221 0.821216 0.708221
1 0.842903 0.699067 0.846925 0.699067 0.846925 0.708614 0.842903 0.708614
1 0.774597 0.698457 0.778619 0.698457 0.778619 0.708004 0.774597 0.708004
1 0.821216 0.698044 0.825403 0.698044 0.825403 0.708221 0.821216 0.708221
1 0.842903 0.699067 0.846925 0.699067 0.846925 0.708614 0.842903 0.708614
1 0.774597 0.698457 0.778619 0.698457 0.778619 0.708004 0.774597 0.708004
1 0.821216 0.698044 0.825403 0.698044 0.825403 0.708221 0.821216 0.708221
1 0.842903 0.699067 0.846925 0.699067 0.846925 0.708614 0.842903 0.708614
1 0.924140 0.699274 0.927398 0.699274 0.927398 0.708760 0.924140 0.708760
0 0.927820 0.699572 0.944983 0.699572 0.944983 0.708611 0.927820 0.708611
0 0.964583 0.696851 0.961561 0.705125 0.977318 0.710522 0.980484 0.702319
1 0.964870 0.695700 0.960625 0.706492 0.956668 0.704694 0.960913 0.694333
1 0.985089 0.702751 0.980844 0.713544 0.976886 0.711745 0.981131 0.701384
1 0.009969 0.832364 0.012250 0.832364 0.012250 0.838731 0.009969 0.838731
1 0.009969 0.832364 0.012250 0.832364 0.012250 0.838731 0.009969 0.838731
1 0.077810 0.831987 0.080285 0.831987 0.080285 0.839027 0.077810 0.839027
1 0.055762 0.832052 0.058237 0.832052 0.058237 0.839092 0.055762 0.839092
1 0.043701 0.831987 0.046175 0.831987 0.046175 0.839027 0.043701 0.839027
1 0.112569 0.831922 0.115043 0.831922 0.115043 0.838962 0.112569 0.838962
1 0.124371 0.831987 0.126845 0.831987 0.126845 0.839027 0.124371 0.839027
1 0.294662 0.831786 0.297647 0.831786 0.297647 0.839032 0.294662 0.839032
1 0.192591 0.831160 0.195509 0.831160 0.195509 0.838915 0.192591 0.838915
0 0.183124 0.832643 0.192361 0.832643 0.192361 0.837734 0.183124 0.837734
1 0.179998 0.831487 0.182974 0.831487 0.182974 0.839006 0.179998 0.839006
1 0.260211 0.831786 0.263197 0.831786 0.263197 0.839032 0.260211 0.839032
0 0.250968 0.832570 0.260111 0.832570 0.260111 0.837687 0.250968 0.837687
1 0.247801 0.831388 0.250786 0.831388 0.250786 0.838635 0.247801 0.838635
1 0.328517 0.831984 0.331503 0.831984 0.331503 0.839231 0.328517 0.839231
0 0.319274 0.832769 0.328417 0.832769 0.328417 0.837886 0.319274 0.837886
1 0.316107 0.831587 0.319092 0.831587 0.319092 0.838834 0.316107 0.838834
1 0.396426 0.832381 0.399411 0.832381 0.399411 0.839628 0.396426 0.839628
0 0.387282 0.833166 0.396426 0.833166 0.396426 0.838283 0.387282 0.838283
1 0.384015 0.831984 0.387001 0.831984 0.387001 0.839231 0.384015 0.839231
1 0.362570 0.832183 0.365556 0.832183 0.365556 0.839429 0.362570 0.839429
0 0.353228 0.832967 0.362372 0.832967 0.362372 0.838084 0.353228 0.838084
1 0.350061 0.831786 0.353047 0.831786 0.353047 0.839032 0.350061 0.839032
1 0.418128 0.831048 0.421378 0.831048 0.421378 0.839242 0.418128 0.839242
1 0.430585 0.831383 0.433509 0.831383 0.433509 0.838981 0.430585 0.838981
0 0.421632 0.832600 0.430433 0.832600 0.430433 0.837928 0.421632 0.837928
1 0.485938 0.831346 0.489187 0.831346 0.489187 0.839539 0.485938 0.839539
0 0.489441 0.832898 0.498242 0.832898 0.498242 0.838225 0.489441 0.838225
1 0.498395 0.831680 0.501319 0.831680 0.501319 0.839279 0.498395 0.839279
1 0.685657 0.831107 0.688786 0.831107 0.688786 0.838691 0.685657 0.838691
0 0.676816 0.832632 0.685811 0.832632 0.685811 0.837684 0.676816 0.837684
1 0.673314 0.831165 0.676677 0.831165 0.676677 0.838971 0.673314 0.838971
1 0.754110 0.830996 0.757239 0.830996 0.757239 0.838581 0.754110 0.838581
0 0.745269 0.832522 0.754264 0.832522 0.754264 0.837573 0.745269 0.837573
1 0.741767 0.831055 0.745130 0.831055 0.745130 0.838861 0.741767 0.838861
1 0.856569 0.831301 0.859698 0.831301 0.859698 0.838886 0.856569 0.838886
0 0.847423 0.832826 0.856418 0.832826 0.856418 0.837878 0.847423 0.837878
1 0.843616 0.831359 0.846979 0.831359 0.846979 0.839166 0.843616 0.839166
1 0.822259 0.831301 0.825387 0.831301 0.825387 0.838886 0.822259 0.838886
0 0.813417 0.832674 0.822412 0.832674 0.822412 0.837726 0.813417 0.837726
1 0.809763 0.831207 0.813126 0.831207 0.813126 0.839014 0.809763 0.839014
1 0.787811 0.831259 0.790940 0.831259 0.790940 0.838844 0.787811 0.838844
0 0.778970 0.832784 0.787965 0.832784 0.787965 0.837836 0.778970 0.837836
1 0.775468 0.831317 0.778831 0.831317 0.778831 0.839124 0.775468 0.839124
1 0.992571 0.831301 0.995700 0.831301 0.995700 0.838886 0.992571 0.838886
0 0.983425 0.832826 0.992420 0.832826 0.992420 0.837878 0.983425 0.837878
1 0.979619 0.831359 0.982981 0.831359 0.982981 0.839166 0.979619 0.839166
1 0.958261 0.831301 0.961389 0.831301 0.961389 0.838886 0.958261 0.838886
0 0.949419 0.832674 0.958414 0.832674 0.958414 0.837726 0.949419 0.837726
1 0.945765 0.831207 0.949128 0.831207 0.949128 0.839014 0.945765 0.839014
1 0.923813 0.831259 0.926942 0.831259 0.926942 0.838844 0.923813 0.838844
0 0.914972 0.832784 0.923967 0.832784 0.923967 0.837836 0.914972 0.837836
1 0.911470 0.831165 0.914833 0.831165 0.914833 0.838971 0.911470 0.838971
1 0.890112 0.830844 0.893241 0.830844 0.893241 0.838429 0.890112 0.838429
0 0.881271 0.832369 0.890266 0.832369 0.890266 0.837421 0.881271 0.837421
1 0.877769 0.830902 0.881132 0.830902 0.881132 0.838709 0.877769 0.838709
1 0.992571 0.831301 0.995700 0.831301 0.995700 0.838886 0.992571 0.838886
0 0.983425 0.832826 0.992420 0.832826 0.992420 0.837878 0.983425 0.837878
1 0.979619 0.831359 0.982981 0.831359 0.982981 0.839166 0.979619 0.839166
1 0.958261 0.831301 0.961389 0.831301 0.961389 0.838886 0.958261 0.838886
0 0.949419 0.832674 0.958414 0.832674 0.958414 0.837726 0.949419 0.837726
1 0.945765 0.831207 0.949128 0.831207 0.949128 0.839014 0.945765 0.839014
1 0.923813 0.831259 0.926942 0.831259 0.926942 0.838844 0.923813 0.838844
0 0.914972 0.832784 0.923967 0.832784 0.923967 0.837836 0.914972 0.837836
1 0.911470 0.831165 0.914833 0.831165 0.914833 0.838971 0.911470 0.838971
1 0.890112 0.830844 0.893241 0.830844 0.893241 0.838429 0.890112 0.838429
0 0.881271 0.832369 0.890266 0.832369 0.890266 0.837421 0.881271 0.837421
1 0.877769 0.830902 0.881132 0.830902 0.881132 0.838709 0.877769 0.838709
1 0.155398 0.164036 0.168075 0.164036 0.168075 0.179368 0.155398 0.179368
1 0.555322 0.867053 0.575576 0.885977 0.571910 0.890834 0.551198 0.872322
1 0.549961 0.873468 0.570215 0.892392 0.566549 0.897250 0.545837 0.878737
1 0.544325 0.879974 0.564579 0.898899 0.560913 0.903756 0.540201 0.885244
1 0.538964 0.886390 0.559217 0.905314 0.555551 0.910171 0.534840 0.891659
1 0.533557 0.892942 0.553810 0.911867 0.550144 0.916724 0.529433 0.898212
1 0.528195 0.899449 0.548449 0.918374 0.544783 0.923231 0.524071 0.904719
1 0.522743 0.906322 0.542996 0.925247 0.539330 0.930104 0.518619 0.911592
1 0.517061 0.912371 0.537268 0.931616 0.533694 0.936061 0.512937 0.917641
1 0.511791 0.919290 0.532045 0.938215 0.528379 0.943072 0.507667 0.924560
1 0.506247 0.925614 0.526454 0.944813 0.522834 0.949396 0.502122 0.930883
1 0.500610 0.932212 0.520818 0.951412 0.517198 0.955994 0.496486 0.937482
1 0.495112 0.938490 0.515319 0.957689 0.511699 0.962272 0.490988 0.943759
1 0.489842 0.945134 0.510050 0.964334 0.506430 0.968916 0.485718 0.950404
1 0.484435 0.951824 0.504643 0.971024 0.501023 0.975606 0.480311 0.957094
1 0.479028 0.958239 0.499236 0.977439 0.495616 0.982021 0.474904 0.963509
1 0.473300 0.964838 0.493508 0.984037 0.489888 0.988620 0.469176 0.970107
1 0.467939 0.971070 0.488147 0.990269 0.484527 0.994851 0.463815 0.976339
1 0.620165 0.861635 0.599823 0.883153 0.604240 0.887107 0.624832 0.865482
1 0.626649 0.866765 0.606485 0.888746 0.610902 0.892700 0.632456 0.871040
1 0.633026 0.872144 0.612862 0.894125 0.617279 0.898080 0.638833 0.876419
1 0.639153 0.877631 0.618989 0.899612 0.623407 0.903566 0.644960 0.881906
1 0.645851 0.882903 0.625687 0.904884 0.630104 0.908839 0.651658 0.887178
1 0.652620 0.888425 0.632456 0.910406 0.636873 0.914361 0.658427 0.892700
1 0.659104 0.894018 0.638940 0.915999 0.643357 0.919954 0.664911 0.898293
1 0.665231 0.899362 0.645067 0.921343 0.649485 0.925298 0.671038 0.903637
1 0.671786 0.905027 0.651622 0.927008 0.656040 0.930962 0.677593 0.909302
1 0.678377 0.910370 0.658213 0.932351 0.662631 0.936306 0.684184 0.914646
1 0.685039 0.915714 0.664875 0.937695 0.669293 0.941650 0.690846 0.919989
1 0.691345 0.921414 0.671181 0.943395 0.675598 0.947350 0.697152 0.925689
1 0.697900 0.926794 0.677736 0.948775 0.682153 0.952729 0.703707 0.931069
1 0.704669 0.932102 0.684505 0.954083 0.688922 0.958037 0.710476 0.936377
1 0.710867 0.937624 0.690703 0.959605 0.695121 0.963559 0.716674 0.941899
1 0.717708 0.943324 0.697544 0.965305 0.701961 0.969259 0.723515 0.947599
1 0.724156 0.948739 0.703992 0.970720 0.708409 0.974675 0.729963 0.953014
1 0.730711 0.954012 0.710547 0.975993 0.714964 0.979947 0.736518 0.958287
1 0.737373 0.959676 0.717209 0.981657 0.721626 0.985612 0.743180 0.963951
1 0.743821 0.964984 0.723657 0.986965 0.728075 0.990920 0.749628 0.969259
1 0.750091 0.970471 0.729927 0.992452 0.734345 0.996406 0.755898 0.974746
