0 0.061040 0.016478 0.095778 0.016478 0.095778 0.037531 0.061040 0.037531
1 0.095778 0.015776 0.102445 0.015776 0.102445 0.037882 0.095778 0.037882
1 0.054023 0.015776 0.061391 0.015776 0.061391 0.038584 0.054023 0.038584
1 0.121744 0.015776 0.129112 0.015776 0.129112 0.038584 0.121744 0.038584
0 0.128762 0.016478 0.163499 0.016478 0.163499 0.037531 0.128762 0.037531
1 0.163850 0.015776 0.170517 0.015776 0.170517 0.037882 0.163850 0.037882
1 0.189114 0.015776 0.196483 0.015776 0.196483 0.038584 0.189114 0.038584
0 0.196132 0.016478 0.230870 0.016478 0.230870 0.037531 0.196132 0.037531
1 0.230870 0.015776 0.237536 0.015776 0.237536 0.037882 0.230870 0.037882
1 0.256835 0.015776 0.264204 0.015776 0.264204 0.038584 0.256835 0.038584
0 0.263853 0.016478 0.298591 0.016478 0.298591 0.037531 0.263853 0.037531
1 0.298942 0.015776 0.305609 0.015776 0.305609 0.037882 0.298942 0.037882
1 0.053321 0.057531 0.060689 0.057531 0.060689 0.080339 0.053321 0.080339
0 0.060339 0.058233 0.095076 0.058233 0.095076 0.079286 0.060339 0.079286
1 0.095076 0.057531 0.101743 0.057531 0.101743 0.079637 0.095076 0.079637
1 0.121042 0.057531 0.128411 0.057531 0.128411 0.080339 0.121042 0.080339
0 0.128060 0.058233 0.162798 0.058233 0.162798 0.079286 0.128060 0.079286
1 0.163148 0.057531 0.169815 0.057531 0.169815 0.079637 0.163148 0.079637
1 0.188763 0.057531 0.196132 0.057531 0.196132 0.080339 0.188763 0.080339
0 0.195781 0.058233 0.230519 0.058233 0.230519 0.079286 0.195781 0.079286
1 0.230519 0.057531 0.237186 0.057531 0.237186 0.079637 0.230519 0.079637
1 0.256484 0.057531 0.263853 0.057531 0.263853 0.080339 0.256484 0.080339
0 0.263502 0.058233 0.298240 0.058233 0.298240 0.079286 0.263502 0.079286
1 0.298591 0.057531 0.305258 0.057531 0.305258 0.079637 0.298591 0.079637
1 0.324993 0.015776 0.332361 0.015776 0.332361 0.038584 0.324993 0.038584
0 0.332011 0.016478 0.366748 0.016478 0.366748 0.037531 0.332011 0.037531
1 0.367099 0.015776 0.373766 0.015776 0.373766 0.037882 0.367099 0.037882
1 0.325661 0.058319 0.333030 0.058319 0.333030 0.081126 0.325661 0.081126
0 0.332679 0.059020 0.367417 0.059020 0.367417 0.080074 0.332679 0.080074
1 0.367322 0.058319 0.373989 0.058319 0.373989 0.080425 0.367322 0.080425
0 0.428318 0.019130 0.455878 0.019130 0.455878 0.035990 0.428318 0.035990
1 0.419563 0.017833 0.428318 0.017833 0.428318 0.035666 0.419563 0.035666
1 0.455554 0.017833 0.461714 0.017833 0.461714 0.035990 0.455554 0.035990
1 0.477277 0.017833 0.486032 0.017833 0.486032 0.035666 0.477277 0.035666
0 0.486356 0.018157 0.513916 0.018157 0.513916 0.035018 0.486356 0.035018
1 0.513592 0.017833 0.519753 0.017833 0.519753 0.035990 0.513592 0.035990
1 0.538234 0.017509 0.546988 0.017509 0.546988 0.035342 0.538234 0.035342
0 0.546988 0.018806 0.574549 0.018806 0.574549 0.035666 0.546988 0.035666
1 0.574224 0.017509 0.580385 0.017509 0.580385 0.035666 0.574224 0.035666
1 0.594976 0.017509 0.603730 0.017509 0.603730 0.035342 0.594976 0.035342
0 0.604054 0.017833 0.631614 0.017833 0.631614 0.034693 0.604054 0.034693
1 0.632263 0.017509 0.638423 0.017509 0.638423 0.035666 0.632263 0.035666
1 0.655608 0.018157 0.664362 0.018157 0.664362 0.035990 0.655608 0.035990
0 0.664687 0.018482 0.692247 0.018482 0.692247 0.035342 0.664687 0.035342
1 0.692571 0.018157 0.698732 0.018157 0.698732 0.036315 0.692571 0.036315
0 0.756148 0.037867 0.831391 0.037867 0.831391 0.100837 0.756148 0.100837
0 0.901831 0.039468 0.976541 0.039468 0.976541 0.100837 0.901831 0.100837
1 0.743874 0.049074 0.755614 0.049074 0.755614 0.088563 0.743874 0.088563
1 0.832458 0.049074 0.844198 0.049074 0.844198 0.088563 0.832458 0.088563
1 0.889024 0.049074 0.900764 0.049074 0.900764 0.088563 0.889024 0.088563
1 0.976541 0.050675 0.988281 0.050675 0.988281 0.090164 0.976541 0.090164
0 0.034966 0.216795 0.060581 0.216795 0.060581 0.264416 0.034966 0.264416
0 0.099544 0.227979 0.148609 0.227979 0.148609 0.253233 0.099544 0.253233
0 0.099183 0.311677 0.148248 0.311677 0.148248 0.336931 0.099183 0.336931
0 0.099905 0.396459 0.148970 0.396459 0.148970 0.421713 0.099905 0.421713
0 0.034966 0.300854 0.060581 0.300854 0.060581 0.348476 0.034966 0.348476
0 0.034966 0.386357 0.060581 0.386357 0.060581 0.433979 0.034966 0.433979
0 0.192623 0.215712 0.218238 0.215712 0.218238 0.263334 0.192623 0.263334
0 0.192623 0.215712 0.218238 0.215712 0.218238 0.263334 0.192623 0.263334
0 0.191901 0.300494 0.217516 0.300494 0.217516 0.348115 0.191901 0.348115
0 0.192262 0.385996 0.217877 0.385996 0.217877 0.433618 0.192262 0.433618
1 0.061006 0.218598 0.079406 0.218598 0.079406 0.229422 0.061006 0.229422
1 0.060390 0.234438 0.079655 0.234438 0.079655 0.245385 0.060390 0.245385
1 0.061046 0.250858 0.079655 0.250858 0.079655 0.261805 0.061046 0.261805
1 0.102862 0.207291 0.112714 0.207291 0.112714 0.226995 0.102862 0.226995
1 0.119500 0.207510 0.129571 0.207510 0.129571 0.227652 0.119500 0.227652
1 0.135482 0.207291 0.145115 0.207291 0.145115 0.227652 0.135482 0.227652
1 0.015509 0.234001 0.034775 0.234001 0.034775 0.244947 0.015509 0.244947
1 0.015688 0.218161 0.034087 0.218161 0.034087 0.228984 0.015688 0.228984
1 0.015728 0.250420 0.034775 0.250420 0.034775 0.261367 0.015728 0.261367
1 0.015688 0.303324 0.034087 0.303324 0.034087 0.314147 0.015688 0.314147
1 0.015509 0.319164 0.034775 0.319164 0.034775 0.330111 0.015509 0.330111
1 0.014852 0.335584 0.034775 0.335584 0.034775 0.347187 0.014852 0.347187
1 0.061046 0.336022 0.079655 0.336022 0.079655 0.346968 0.061046 0.346968
1 0.060390 0.319602 0.079655 0.319602 0.079655 0.330549 0.060390 0.330549
1 0.061006 0.303762 0.079406 0.303762 0.079406 0.314585 0.061006 0.314585
1 0.061046 0.421404 0.079655 0.421404 0.079655 0.432351 0.061046 0.432351
1 0.060171 0.404985 0.079436 0.404985 0.079436 0.415931 0.060171 0.415931
1 0.060787 0.389145 0.079187 0.389145 0.079187 0.399968 0.060787 0.399968
1 0.015688 0.388707 0.034087 0.388707 0.034087 0.399530 0.015688 0.399530
1 0.015509 0.404547 0.034775 0.404547 0.034775 0.415493 0.015509 0.415493
1 0.014852 0.420966 0.034775 0.420966 0.034775 0.432570 0.014852 0.432570
1 0.172919 0.420966 0.192842 0.420966 0.192842 0.432570 0.172919 0.432570
1 0.173576 0.404547 0.192842 0.404547 0.192842 0.415493 0.173576 0.415493
1 0.173536 0.388707 0.191935 0.388707 0.191935 0.399530 0.173536 0.399530
1 0.218676 0.421404 0.237285 0.421404 0.237285 0.432351 0.218676 0.432351
1 0.218019 0.404985 0.237285 0.404985 0.237285 0.415931 0.218019 0.415931
1 0.218635 0.389145 0.237035 0.389145 0.237035 0.399968 0.218635 0.399968
1 0.172700 0.335584 0.192623 0.335584 0.192623 0.347187 0.172700 0.347187
1 0.173357 0.319164 0.192623 0.319164 0.192623 0.330111 0.173357 0.330111
1 0.173317 0.303324 0.191716 0.303324 0.191716 0.314147 0.173317 0.314147
1 0.218417 0.303762 0.236816 0.303762 0.236816 0.314585 0.218417 0.314585
1 0.217800 0.319602 0.237066 0.319602 0.237066 0.330549 0.217800 0.330549
1 0.218894 0.336460 0.237504 0.336460 0.237504 0.347406 0.218894 0.347406
1 0.218894 0.251296 0.237504 0.251296 0.237504 0.262243 0.218894 0.262243
1 0.217800 0.234438 0.237066 0.234438 0.237066 0.245385 0.217800 0.245385
1 0.218417 0.218598 0.236816 0.218598 0.236816 0.229422 0.218417 0.229422
1 0.172700 0.250420 0.192623 0.250420 0.192623 0.262024 0.172700 0.262024
1 0.173357 0.234001 0.192623 0.234001 0.192623 0.244947 0.173357 0.244947
1 0.173317 0.218161 0.191716 0.218161 0.191716 0.228984 0.173317 0.228984
1 0.135701 0.253047 0.145334 0.253047 0.145334 0.273408 0.135701 0.273408
1 0.119719 0.253266 0.129790 0.253266 0.129790 0.273408 0.119719 0.273408
1 0.103081 0.253047 0.112933 0.253047 0.112933 0.272751 0.103081 0.272751
1 0.135701 0.292017 0.145334 0.292017 0.145334 0.312377 0.135701 0.312377
1 0.119719 0.292236 0.129790 0.292236 0.129790 0.312377 0.119719 0.312377
1 0.103081 0.292017 0.112933 0.292017 0.112933 0.311721 0.103081 0.311721
1 0.135920 0.336898 0.145553 0.336898 0.145553 0.357258 0.135920 0.357258
1 0.119938 0.337116 0.130009 0.337116 0.130009 0.357258 0.119938 0.357258
1 0.103300 0.336898 0.113152 0.336898 0.113152 0.356601 0.103300 0.356601
1 0.135263 0.421842 0.144896 0.421842 0.144896 0.442203 0.135263 0.442203
1 0.119282 0.422061 0.129352 0.422061 0.129352 0.442203 0.119282 0.442203
1 0.102643 0.421842 0.112495 0.421842 0.112495 0.441546 0.102643 0.441546
1 0.102424 0.376962 0.112276 0.376962 0.112276 0.396665 0.102424 0.396665
1 0.119063 0.377181 0.129133 0.377181 0.129133 0.397322 0.119063 0.397322
1 0.135044 0.376962 0.144677 0.376962 0.144677 0.397322 0.135044 0.397322
0 0.330154 0.355375 0.386507 0.355375 0.386507 0.461775 0.330154 0.461775
1 0.386901 0.358320 0.429596 0.358320 0.429596 0.382960 0.386901 0.382960
1 0.283363 0.377177 0.330154 0.377177 0.330154 0.442071 0.283363 0.442071
1 0.386507 0.299726 0.428931 0.299726 0.428931 0.327002 0.386507 0.327002
1 0.387423 0.434831 0.428931 0.434831 0.428931 0.462666 0.387423 0.462666
1 0.386463 0.396883 0.428931 0.396883 0.428931 0.422643 0.386463 0.422643
0 0.330154 0.219420 0.386113 0.219420 0.386113 0.327396 0.330154 0.327396
1 0.386901 0.261276 0.429433 0.261276 0.429433 0.286018 0.386901 0.286018
1 0.386507 0.221888 0.428727 0.221888 0.428727 0.247005 0.386507 0.247005
1 0.284460 0.239545 0.330943 0.239545 0.330943 0.305722 0.284460 0.305722
1 0.453733 0.220607 0.495325 0.220607 0.495325 0.247825 0.453733 0.247825
1 0.453067 0.260310 0.494685 0.260310 0.494685 0.286388 0.453067 0.286388
1 0.453381 0.300333 0.495645 0.300333 0.495645 0.326588 0.453381 0.326588
1 0.453381 0.436732 0.492764 0.436732 0.492764 0.462666 0.453381 0.462666
1 0.453570 0.397029 0.493404 0.397029 0.493404 0.422498 0.453570 0.422498
1 0.454235 0.358286 0.493404 0.358286 0.493404 0.383934 0.454235 0.383934
0 0.495966 0.219967 0.553279 0.219967 0.553279 0.327549 0.495966 0.327549
0 0.494365 0.356365 0.550077 0.356365 0.550077 0.463307 0.494365 0.463307
1 0.553340 0.240687 0.598745 0.240687 0.598745 0.306096 0.553340 0.306096
1 0.551037 0.377497 0.598165 0.377497 0.598165 0.442253 0.551037 0.442253
0 0.641970 0.243981 0.805904 0.243981 0.805904 0.301934 0.641970 0.301934
1 0.794570 0.211983 0.807675 0.211983 0.807675 0.242363 0.794570 0.242363
1 0.772529 0.211983 0.785634 0.211983 0.785634 0.242363 0.772529 0.242363
1 0.751680 0.213174 0.764785 0.213174 0.764785 0.243555 0.751680 0.243555
1 0.729639 0.213174 0.742744 0.213174 0.742744 0.243555 0.729639 0.243555
1 0.707599 0.212579 0.720704 0.212579 0.720704 0.242959 0.707599 0.242959
1 0.684962 0.212579 0.698068 0.212579 0.698068 0.242959 0.684962 0.242959
1 0.664113 0.213770 0.677218 0.213770 0.677218 0.244150 0.664113 0.244150
1 0.642073 0.213770 0.655178 0.213770 0.655178 0.244150 0.642073 0.244150
1 0.794570 0.304911 0.807675 0.304911 0.807675 0.335291 0.794570 0.335291
1 0.772529 0.304911 0.785634 0.304911 0.785634 0.335291 0.772529 0.335291
1 0.751680 0.306102 0.764785 0.306102 0.764785 0.336483 0.751680 0.336483
1 0.729639 0.306102 0.742744 0.306102 0.742744 0.336483 0.729639 0.336483
1 0.707599 0.305507 0.720704 0.305507 0.720704 0.335887 0.707599 0.335887
1 0.685558 0.305507 0.698663 0.305507 0.698663 0.335887 0.685558 0.335887
1 0.664709 0.306698 0.677814 0.306698 0.677814 0.337078 0.664709 0.337078
1 0.642668 0.306698 0.655773 0.306698 0.655773 0.337078 0.642668 0.337078
1 0.795165 0.459195 0.808271 0.459195 0.808271 0.489575 0.795165 0.489575
1 0.773125 0.459195 0.786230 0.459195 0.786230 0.489575 0.773125 0.489575
1 0.752276 0.460386 0.765381 0.460386 0.765381 0.490767 0.752276 0.490767
1 0.730235 0.460386 0.743340 0.460386 0.743340 0.490767 0.730235 0.490767
1 0.708194 0.459791 0.721300 0.459791 0.721300 0.490171 0.708194 0.490171
1 0.687345 0.458004 0.700450 0.458004 0.700450 0.488384 0.687345 0.488384
1 0.665305 0.457408 0.678410 0.457408 0.678410 0.487788 0.665305 0.487788
1 0.643860 0.457408 0.656965 0.457408 0.656965 0.487788 0.643860 0.487788
0 0.644455 0.397349 0.806545 0.397349 0.806545 0.455621 0.644455 0.455621
1 0.794570 0.366267 0.807675 0.366267 0.807675 0.396647 0.794570 0.396647
1 0.772529 0.366267 0.785634 0.366267 0.785634 0.396647 0.772529 0.396647
1 0.751680 0.367459 0.764785 0.367459 0.764785 0.397839 0.751680 0.397839
1 0.730235 0.367459 0.743340 0.367459 0.743340 0.397839 0.730235 0.397839
1 0.708194 0.366863 0.721300 0.366863 0.721300 0.397243 0.708194 0.397243
1 0.685558 0.366863 0.698663 0.366863 0.698663 0.397243 0.685558 0.397243
1 0.664709 0.368054 0.677814 0.368054 0.677814 0.398435 0.664709 0.398435
1 0.642668 0.368054 0.655773 0.368054 0.655773 0.398435 0.642668 0.398435
0 0.407360 0.681352 0.567879 0.681352 0.567879 0.835041 0.407360 0.835041
1 0.431267 0.836749 0.456028 0.836749 0.456028 0.932377 0.431267 0.932377
1 0.519375 0.836604 0.544333 0.836604 0.544333 0.929868 0.519375 0.929868
1 0.480582 0.836198 0.496282 0.836198 0.496282 0.856855 0.480582 0.856855
1 0.702026 0.640369 0.725959 0.640369 0.725959 0.725227 0.702026 0.725227
1 0.792091 0.638716 0.816879 0.638716 0.816879 0.724650 0.792091 0.724650
1 0.750777 0.706471 0.765479 0.706471 0.765479 0.725593 0.750777 0.725593
0 0.678064 0.726302 0.837067 0.726302 0.837067 0.881893 0.678064 0.881893
0 0.048988 0.632554 0.260055 0.632554 0.260055 0.733543 0.048988 0.733543
0 0.048988 0.837282 0.259349 0.837282 0.259349 0.938461 0.048988 0.938461
1 0.248767 0.605637 0.256148 0.605637 0.256148 0.632120 0.248767 0.632120
1 0.240035 0.605637 0.247415 0.605637 0.247415 0.632120 0.240035 0.632120
1 0.232176 0.605637 0.239556 0.605637 0.239556 0.632120 0.232176 0.632120
1 0.223443 0.605637 0.230824 0.605637 0.230824 0.632120 0.223443 0.632120
1 0.214420 0.605055 0.221800 0.605055 0.221800 0.631538 0.214420 0.631538
1 0.205979 0.605055 0.213359 0.605055 0.213359 0.631538 0.205979 0.631538
1 0.198120 0.605055 0.205500 0.605055 0.205500 0.631538 0.198120 0.631538
1 0.189387 0.605055 0.196768 0.605055 0.196768 0.631538 0.189387 0.631538
1 0.180655 0.605055 0.188036 0.605055 0.188036 0.631538 0.180655 0.631538
1 0.171923 0.605055 0.179303 0.605055 0.179303 0.631538 0.171923 0.631538
1 0.164064 0.605055 0.171444 0.605055 0.171444 0.631538 0.164064 0.631538
1 0.155331 0.605055 0.162712 0.605055 0.162712 0.631538 0.155331 0.631538
1 0.146308 0.604473 0.153689 0.604473 0.153689 0.630956 0.146308 0.630956
1 0.137576 0.604473 0.144956 0.604473 0.144956 0.630956 0.137576 0.630956
1 0.129717 0.604473 0.137097 0.604473 0.137097 0.630956 0.129717 0.630956
1 0.120984 0.604473 0.128365 0.604473 0.128365 0.630956 0.120984 0.630956
1 0.112252 0.605346 0.119633 0.605346 0.119633 0.631829 0.112252 0.631829
1 0.103520 0.605346 0.110900 0.605346 0.110900 0.631829 0.103520 0.631829
1 0.095661 0.605346 0.103041 0.605346 0.103041 0.631829 0.095661 0.631829
1 0.086928 0.605346 0.094309 0.605346 0.094309 0.631829 0.086928 0.631829
1 0.077905 0.604764 0.085285 0.604764 0.085285 0.631247 0.077905 0.631247
1 0.069173 0.604764 0.076553 0.604764 0.076553 0.631247 0.069173 0.631247
1 0.061314 0.604764 0.068694 0.604764 0.068694 0.631247 0.061314 0.631247
1 0.052581 0.604764 0.059962 0.604764 0.059962 0.631247 0.052581 0.631247
1 0.249058 0.735748 0.256439 0.735748 0.256439 0.762231 0.249058 0.762231
1 0.240326 0.735748 0.247706 0.735748 0.247706 0.762231 0.240326 0.762231
1 0.232467 0.735748 0.239847 0.735748 0.239847 0.762231 0.232467 0.762231
1 0.223734 0.735748 0.231115 0.735748 0.231115 0.762231 0.223734 0.762231
1 0.214711 0.735166 0.222092 0.735166 0.222092 0.761649 0.214711 0.761649
1 0.206270 0.735166 0.213650 0.735166 0.213650 0.761649 0.206270 0.761649
1 0.198411 0.735166 0.205791 0.735166 0.205791 0.761649 0.198411 0.761649
1 0.189678 0.735166 0.197059 0.735166 0.197059 0.761649 0.189678 0.761649
1 0.180946 0.735166 0.188327 0.735166 0.188327 0.761649 0.180946 0.761649
1 0.172214 0.735166 0.179594 0.735166 0.179594 0.761649 0.172214 0.761649
1 0.164355 0.735166 0.171735 0.735166 0.171735 0.761649 0.164355 0.761649
1 0.155622 0.735166 0.163003 0.735166 0.163003 0.761649 0.155622 0.761649
1 0.146599 0.734584 0.153980 0.734584 0.153980 0.761067 0.146599 0.761067
1 0.137867 0.734584 0.145247 0.734584 0.145247 0.761067 0.137867 0.761067
1 0.130008 0.734584 0.137388 0.734584 0.137388 0.761067 0.130008 0.761067
1 0.121275 0.734584 0.128656 0.734584 0.128656 0.761067 0.121275 0.761067
1 0.112543 0.735457 0.119924 0.735457 0.119924 0.761940 0.112543 0.761940
1 0.103811 0.735457 0.111191 0.735457 0.111191 0.761940 0.103811 0.761940
1 0.095952 0.735457 0.103332 0.735457 0.103332 0.761940 0.095952 0.761940
1 0.087219 0.735457 0.094600 0.735457 0.094600 0.761940 0.087219 0.761940
1 0.078196 0.734875 0.085577 0.734875 0.085577 0.761358 0.078196 0.761358
1 0.069464 0.734875 0.076844 0.734875 0.076844 0.761358 0.069464 0.761358
1 0.061605 0.734875 0.068985 0.734875 0.068985 0.761358 0.061605 0.761358
1 0.052872 0.734875 0.060253 0.734875 0.060253 0.761358 0.052872 0.761358
1 0.249058 0.810846 0.256439 0.810846 0.256439 0.837329 0.249058 0.837329
1 0.240326 0.810555 0.247706 0.810555 0.247706 0.837038 0.240326 0.837038
1 0.232467 0.810555 0.239847 0.810555 0.239847 0.837038 0.232467 0.837038
1 0.223734 0.810555 0.231115 0.810555 0.231115 0.837038 0.223734 0.837038
1 0.214711 0.809973 0.222092 0.809973 0.222092 0.836456 0.214711 0.836456
1 0.206270 0.809973 0.213650 0.809973 0.213650 0.836456 0.206270 0.836456
1 0.198411 0.809973 0.205791 0.809973 0.205791 0.836456 0.198411 0.836456
1 0.189678 0.809973 0.197059 0.809973 0.197059 0.836456 0.189678 0.836456
1 0.180946 0.809973 0.188327 0.809973 0.188327 0.836456 0.180946 0.836456
1 0.172214 0.809973 0.179594 0.809973 0.179594 0.836456 0.172214 0.836456
1 0.164355 0.809973 0.171735 0.809973 0.171735 0.836456 0.164355 0.836456
1 0.155622 0.809973 0.163003 0.809973 0.163003 0.836456 0.155622 0.836456
1 0.146599 0.809391 0.153980 0.809391 0.153980 0.835874 0.146599 0.835874
1 0.137867 0.809391 0.145247 0.809391 0.145247 0.835874 0.137867 0.835874
1 0.130008 0.809391 0.137388 0.809391 0.137388 0.835874 0.130008 0.835874
1 0.121275 0.809391 0.128656 0.809391 0.128656 0.835874 0.121275 0.835874
1 0.112543 0.810264 0.119924 0.810264 0.119924 0.836747 0.112543 0.836747
1 0.103811 0.810264 0.111191 0.810264 0.111191 0.836747 0.103811 0.836747
1 0.095952 0.810264 0.103332 0.810264 0.103332 0.836747 0.095952 0.836747
1 0.087219 0.810264 0.094600 0.810264 0.094600 0.836747 0.087219 0.836747
1 0.078196 0.809682 0.085577 0.809682 0.085577 0.836165 0.078196 0.836165
1 0.069464 0.809682 0.076844 0.809682 0.076844 0.836165 0.069464 0.836165
1 0.061605 0.809682 0.068985 0.809682 0.068985 0.836165 0.061605 0.836165
1 0.052872 0.809682 0.060253 0.809682 0.060253 0.836165 0.052872 0.836165
1 0.248185 0.940957 0.255565 0.940957 0.255565 0.967440 0.248185 0.967440
1 0.239453 0.940666 0.246833 0.940666 0.246833 0.967149 0.239453 0.967149
1 0.231593 0.940666 0.238974 0.940666 0.238974 0.967149 0.231593 0.967149
1 0.222861 0.940666 0.230242 0.940666 0.230242 0.967149 0.222861 0.967149
1 0.213838 0.940084 0.221218 0.940084 0.221218 0.966567 0.213838 0.966567
1 0.205397 0.940084 0.212777 0.940084 0.212777 0.966567 0.205397 0.966567
1 0.197538 0.940084 0.204918 0.940084 0.204918 0.966567 0.197538 0.966567
1 0.188805 0.940084 0.196186 0.940084 0.196186 0.966567 0.188805 0.966567
1 0.180073 0.940084 0.187453 0.940084 0.187453 0.966567 0.180073 0.966567
1 0.171341 0.940084 0.178721 0.940084 0.178721 0.966567 0.171341 0.966567
1 0.163482 0.940084 0.170862 0.940084 0.170862 0.966567 0.163482 0.966567
1 0.154749 0.940084 0.162130 0.940084 0.162130 0.966567 0.154749 0.966567
1 0.145726 0.939502 0.153106 0.939502 0.153106 0.965985 0.145726 0.965985
1 0.136994 0.939502 0.144374 0.939502 0.144374 0.965985 0.136994 0.965985
1 0.129134 0.939502 0.136515 0.939502 0.136515 0.965985 0.129134 0.965985
1 0.120402 0.939502 0.127783 0.939502 0.127783 0.965985 0.120402 0.965985
1 0.111670 0.940375 0.119050 0.940375 0.119050 0.966858 0.111670 0.966858
1 0.102938 0.940375 0.110318 0.940375 0.110318 0.966858 0.102938 0.966858
1 0.095078 0.940375 0.102459 0.940375 0.102459 0.966858 0.095078 0.966858
1 0.086346 0.940375 0.093727 0.940375 0.093727 0.966858 0.086346 0.966858
1 0.077323 0.939793 0.084703 0.939793 0.084703 0.966276 0.077323 0.966276
1 0.068591 0.939793 0.075971 0.939793 0.075971 0.966276 0.068591 0.966276
1 0.060731 0.939793 0.068112 0.939793 0.068112 0.966276 0.060731 0.966276
1 0.051999 0.939793 0.059380 0.939793 0.059380 0.966276 0.051999 0.966276
1 0.392845 0.640247 0.578125 0.640247 0.578125 0.680950 0.392845 0.680950
1 0.666915 0.882365 0.850977 0.882365 0.850977 0.928366 0.666915 0.928366
1 0.847006 0.212404 0.860149 0.212404 0.860149 0.242042 0.847006 0.242042
1 0.868329 0.212672 0.881472 0.212672 0.881472 0.242310 0.868329 0.242310
1 0.911781 0.212940 0.924923 0.212940 0.924923 0.242578 0.911781 0.242578
1 0.890457 0.212672 0.903600 0.212672 0.903600 0.242310 0.890457 0.242310
1 0.976421 0.212672 0.989966 0.212672 0.989966 0.243383 0.976421 0.243383
1 0.954830 0.212538 0.967972 0.212538 0.967972 0.242176 0.954830 0.242176
1 0.933104 0.212940 0.946247 0.212940 0.946247 0.242578 0.933104 0.242578
1 0.846404 0.305981 0.859547 0.305981 0.859547 0.335619 0.846404 0.335619
1 0.867927 0.306548 0.881070 0.306548 0.881070 0.336186 0.867927 0.336186
1 0.889856 0.306449 0.902998 0.306449 0.902998 0.336087 0.889856 0.336087
1 0.911378 0.306816 0.924521 0.306816 0.924521 0.336454 0.911378 0.336454
1 0.932801 0.306119 0.945944 0.306119 0.945944 0.335757 0.932801 0.335757
1 0.954726 0.306414 0.967869 0.306414 0.967869 0.336052 0.954726 0.336052
1 0.976118 0.306548 0.989663 0.306548 0.989663 0.337259 0.976118 0.337259
1 0.976251 0.365717 0.989796 0.365717 0.989796 0.396428 0.976251 0.396428
1 0.955414 0.365821 0.968556 0.365821 0.968556 0.395459 0.955414 0.395459
1 0.933251 0.365922 0.946394 0.365922 0.946394 0.395560 0.933251 0.395560
1 0.911590 0.366144 0.924733 0.366144 0.924733 0.395782 0.911590 0.395782
1 0.890067 0.365935 0.903210 0.365935 0.903210 0.395573 0.890067 0.395573
1 0.868297 0.366114 0.881440 0.366114 0.881440 0.395752 0.868297 0.395752
1 0.846616 0.366102 0.859759 0.366102 0.859759 0.395740 0.846616 0.395740
1 0.976349 0.458558 0.989894 0.458558 0.989894 0.489269 0.976349 0.489269
1 0.954825 0.458760 0.967968 0.458760 0.967968 0.488398 0.954825 0.488398
1 0.933251 0.458862 0.946394 0.458862 0.946394 0.488500 0.933251 0.488500
1 0.911590 0.459083 0.924733 0.459083 0.924733 0.488721 0.911590 0.488721
1 0.890067 0.458874 0.903210 0.458874 0.903210 0.488512 0.890067 0.488512
1 0.868297 0.459053 0.881440 0.459053 0.881440 0.488691 0.868297 0.488691
1 0.846616 0.459041 0.859759 0.459041 0.859759 0.488679 0.846616 0.488679
1 0.001381 0.809028 0.009007 0.809028 0.009007 0.837697 0.001381 0.837697
1 0.001423 0.938486 0.008615 0.938486 0.008615 0.965901 0.001423 0.965901
1 0.001381 0.734744 0.008762 0.734744 0.008762 0.761227 0.001381 0.761227
1 0.001090 0.604633 0.009791 0.604633 0.009791 0.633563 0.001090 0.633563
1 0.949304 0.898911 0.978996 0.898911 0.978996 0.908111 0.949304 0.908111
1 0.949408 0.887619 0.979100 0.887619 0.979100 0.896820 0.949408 0.896820
1 0.949408 0.876641 0.979100 0.876641 0.979100 0.885842 0.949408 0.885842
1 0.949199 0.865455 0.978891 0.865455 0.978891 0.874655 0.949199 0.874655
1 0.949304 0.854163 0.978996 0.854163 0.978996 0.863364 0.949304 0.863364
1 0.949304 0.843185 0.978996 0.843185 0.978996 0.852386 0.949304 0.852386
1 0.948990 0.821230 0.978682 0.821230 0.978682 0.830430 0.948990 0.830430
1 0.948990 0.832208 0.978682 0.832208 0.978682 0.841408 0.948990 0.841408
1 0.949304 0.810043 0.978996 0.810043 0.978996 0.819243 0.949304 0.819243
1 0.949304 0.799065 0.978996 0.799065 0.978996 0.808266 0.949304 0.808266
1 0.948089 0.728661 0.977781 0.728661 0.977781 0.737861 0.948089 0.737861
1 0.948194 0.717369 0.977886 0.717369 0.977886 0.726570 0.948194 0.726570
1 0.948194 0.706392 0.977886 0.706392 0.977886 0.715592 0.948194 0.715592
1 0.947985 0.695205 0.977677 0.695205 0.977677 0.704405 0.947985 0.704405
1 0.948089 0.683913 0.977781 0.683913 0.977781 0.693114 0.948089 0.693114
1 0.948089 0.672936 0.977781 0.672936 0.977781 0.682136 0.948089 0.682136
1 0.947776 0.650980 0.977468 0.650980 0.977468 0.660181 0.947776 0.660181
1 0.947776 0.661958 0.977468 0.661958 0.977468 0.671158 0.947776 0.671158
1 0.948089 0.639793 0.977781 0.639793 0.977781 0.648994 0.948089 0.648994
1 0.948089 0.628816 0.977781 0.628816 0.977781 0.638016 0.948089 0.638016
