0 0.414032 0.534483 0.590133 0.534483 0.590133 0.709807 0.414032 0.709807
0 0.225232 0.535603 0.401135 0.535603 0.401135 0.711191 0.225232 0.711191
0 0.384035 0.106319 0.408890 0.106319 0.408890 0.119275 0.384035 0.119275
0 0.007381 0.095519 0.020731 0.095519 0.020731 0.121058 0.007381 0.121058
0 0.121058 0.272483 0.129253 0.272483 0.129253 0.288098 0.121058 0.288098
0 0.035079 0.015057 0.047799 0.015057 0.047799 0.040814 0.035079 0.040814
0 0.120823 0.309818 0.129565 0.309818 0.129565 0.325426 0.120823 0.325426
0 0.326739 0.104857 0.372094 0.104857 0.372094 0.151535 0.326739 0.151535
0 0.384010 0.136930 0.408729 0.136930 0.408729 0.149617 0.384010 0.149617
0 0.015769 0.503623 0.041226 0.503623 0.041226 0.516804 0.015769 0.516804
0 0.301780 0.435796 0.317744 0.435796 0.317744 0.444393 0.301780 0.444393
0 0.496230 0.252677 0.510624 0.252677 0.510624 0.280035 0.496230 0.280035
0 0.223931 0.288234 0.240158 0.288234 0.240158 0.296998 0.223931 0.296998
0 0.177323 0.219343 0.193420 0.219343 0.193420 0.228550 0.177323 0.228550
0 0.139859 0.272551 0.149089 0.272551 0.149089 0.288637 0.139859 0.288637
0 0.434144 0.294992 0.446824 0.294992 0.446824 0.319577 0.434144 0.319577
0 0.148622 0.352866 0.164583 0.352866 0.164583 0.360955 0.148622 0.360955
0 0.496630 0.293909 0.510462 0.293909 0.510462 0.319854 0.496630 0.319854
0 0.161529 0.271657 0.171039 0.271657 0.171039 0.288463 0.161529 0.288463
0 0.094247 0.015673 0.122293 0.015673 0.122293 0.068682 0.094247 0.068682
0 0.219377 0.084002 0.228680 0.084002 0.228680 0.100090 0.219377 0.100090
0 0.315188 0.246695 0.392385 0.246695 0.392385 0.299226 0.315188 0.299226
0 0.058427 0.051435 0.085131 0.051435 0.085131 0.103166 0.058427 0.103166
0 0.272336 0.340260 0.291071 0.340260 0.291071 0.372062 0.272336 0.372062
0 0.075968 0.126534 0.128057 0.126534 0.128057 0.153157 0.075968 0.153157
0 0.237851 0.097809 0.247439 0.097809 0.247439 0.114474 0.237851 0.114474
0 0.098031 0.086666 0.124197 0.086666 0.124197 0.101512 0.098031 0.101512
0 0.074274 0.509445 0.090459 0.509445 0.090459 0.518496 0.074274 0.518496
0 0.248510 0.426719 0.257375 0.426719 0.257375 0.442970 0.248510 0.442970
0 0.069320 0.421285 0.085257 0.421285 0.085257 0.430128 0.069320 0.430128
0 0.285469 0.179839 0.301596 0.179839 0.301596 0.188927 0.285469 0.188927
0 0.101685 0.309476 0.110684 0.309476 0.110684 0.325604 0.101685 0.325604
0 0.069271 0.455365 0.086385 0.455365 0.086385 0.464518 0.069271 0.464518
0 0.077101 0.475471 0.086334 0.475471 0.086334 0.492439 0.077101 0.492439
0 0.302770 0.135849 0.310731 0.135849 0.310731 0.151623 0.302770 0.151623
0 0.099109 0.406486 0.181187 0.406486 0.181187 0.476698 0.099109 0.476698
0 0.231550 0.426550 0.240675 0.426550 0.240675 0.442849 0.231550 0.442849
0 0.196201 0.364046 0.205127 0.364046 0.205127 0.379877 0.196201 0.379877
0 0.069847 0.438910 0.086170 0.438910 0.086170 0.447792 0.069847 0.447792
0 0.520781 0.246531 0.547527 0.246531 0.547527 0.298169 0.520781 0.298169
0 0.174579 0.803246 0.199414 0.803246 0.199414 0.816166 0.174579 0.816166
0 0.379456 0.837344 0.481716 0.837344 0.481716 0.937619 0.379456 0.937619
0 0.258530 0.838337 0.360791 0.838337 0.360791 0.937023 0.258530 0.937023
0 0.305040 0.763919 0.314078 0.763919 0.314078 0.780681 0.305040 0.780681
0 0.364016 0.792828 0.376701 0.792828 0.376701 0.817860 0.364016 0.817860
0 0.045369 0.657462 0.058288 0.657462 0.058288 0.683112 0.045369 0.683112
0 0.027969 0.555956 0.040746 0.555956 0.040746 0.581192 0.027969 0.581192
0 0.065919 0.657129 0.080384 0.657129 0.080384 0.683081 0.065919 0.683081
0 0.112548 0.895520 0.138517 0.895520 0.138517 0.910129 0.112548 0.910129
0 0.362942 0.752052 0.377951 0.752052 0.377951 0.777723 0.362942 0.777723
0 0.004355 0.565742 0.017788 0.565742 0.017788 0.591437 0.004355 0.591437
0 0.323758 0.748232 0.350173 0.748232 0.350173 0.762915 0.323758 0.762915
0 0.048983 0.559961 0.062054 0.559961 0.062054 0.585392 0.048983 0.585392
0 0.115044 0.816497 0.158704 0.816497 0.158704 0.867393 0.115044 0.867393
0 0.497726 0.919362 0.511103 0.919362 0.511103 0.944859 0.497726 0.944859
0 0.371564 0.723101 0.397833 0.723101 0.397833 0.738072 0.371564 0.738072
0 0.022041 0.657651 0.035125 0.657651 0.035125 0.683125 0.022041 0.683125
0 0.229178 0.804024 0.253995 0.804024 0.253995 0.816715 0.229178 0.816715
0 0.015566 0.527196 0.041372 0.527196 0.041372 0.540620 0.015566 0.540620
0 0.193242 0.763703 0.246821 0.763703 0.246821 0.791048 0.193242 0.791048
0 0.099504 0.557618 0.115629 0.557618 0.115629 0.566675 0.099504 0.566675
0 0.117768 0.626667 0.156311 0.626667 0.156311 0.694624 0.117768 0.694624
0 0.170521 0.835562 0.242248 0.835562 0.242248 0.955291 0.170521 0.955291
0 0.504965 0.957215 0.557825 0.957215 0.557825 0.984207 0.504965 0.984207
0 0.520696 0.929669 0.528981 0.929669 0.528981 0.945593 0.520696 0.945593
0 0.812261 0.072765 0.839320 0.072765 0.839320 0.087649 0.812261 0.087649
0 0.939350 0.244237 0.966271 0.244237 0.966271 0.258776 0.939350 0.258776
0 0.939360 0.326238 0.966079 0.326238 0.966079 0.340542 0.939360 0.340542
0 0.939814 0.457280 0.966910 0.457280 0.966910 0.472005 0.939814 0.472005
0 0.939285 0.500089 0.966345 0.500089 0.966345 0.514539 0.939285 0.514539
0 0.812278 0.030056 0.839223 0.030056 0.839223 0.044923 0.812278 0.044923
0 0.811529 0.329840 0.838193 0.329840 0.838193 0.344333 0.811529 0.344333
0 0.940069 0.030546 0.966986 0.030546 0.966986 0.045265 0.940069 0.045265
0 0.939321 0.370298 0.966183 0.370298 0.966183 0.385042 0.939321 0.385042
0 0.811524 0.372810 0.838391 0.372810 0.838391 0.387039 0.811524 0.387039
0 0.795116 0.229726 0.820649 0.229726 0.820649 0.243032 0.795116 0.243032
0 0.939326 0.414627 0.966334 0.414627 0.966334 0.429006 0.939326 0.429006
0 0.678981 0.394027 0.693443 0.394027 0.693443 0.420591 0.678981 0.420591
0 0.811653 0.251317 0.838382 0.251317 0.838382 0.265709 0.811653 0.265709
0 0.811682 0.402786 0.838517 0.402786 0.838517 0.417290 0.811682 0.417290
0 0.659762 0.499641 0.686544 0.499641 0.686544 0.514402 0.659762 0.514402
0 0.666955 0.047701 0.693865 0.047701 0.693865 0.062133 0.666955 0.062133
0 0.531761 0.327319 0.557760 0.327319 0.557760 0.340835 0.531761 0.340835
0 0.940827 0.063090 0.967185 0.063090 0.967185 0.078005 0.940827 0.078005
0 0.557370 0.248871 0.584119 0.248871 0.584119 0.299824 0.557370 0.299824
0 0.627992 0.245566 0.644959 0.245566 0.644959 0.290743 0.627992 0.290743
0 0.639202 0.423562 0.667478 0.423562 0.667478 0.476899 0.639202 0.476899
0 0.939620 0.671390 0.966785 0.671390 0.966785 0.686106 0.939620 0.686106
0 0.811445 0.584536 0.838441 0.584536 0.838441 0.599174 0.811445 0.599174
0 0.811642 0.542991 0.838602 0.542991 0.838602 0.557913 0.811642 0.557913
0 0.675476 0.931334 0.690158 0.931334 0.690158 0.958264 0.675476 0.958264
0 0.811537 0.628733 0.838443 0.628733 0.838443 0.643502 0.811537 0.643502
0 0.811503 0.672813 0.838591 0.672813 0.838591 0.687622 0.811503 0.687622
0 0.794728 0.700338 0.821662 0.700338 0.821662 0.714905 0.794728 0.714905
0 0.862640 0.865169 0.877405 0.865169 0.877405 0.891978 0.862640 0.891978
0 0.939221 0.709200 0.954090 0.709200 0.954090 0.735974 0.939221 0.735974
0 0.677681 0.632538 0.692307 0.632538 0.692307 0.659244 0.677681 0.659244
0 0.678063 0.591987 0.692484 0.591987 0.692484 0.618631 0.678063 0.618631
0 0.794710 0.722849 0.821547 0.722849 0.821547 0.737604 0.794710 0.737604
0 0.862032 0.907623 0.876901 0.907623 0.876901 0.934380 0.862032 0.934380
0 0.874204 0.759056 0.888777 0.759056 0.888777 0.785804 0.874204 0.785804
0 0.661428 0.807481 0.675725 0.807481 0.675725 0.834491 0.661428 0.834491
0 0.761160 0.908342 0.775475 0.908342 0.775475 0.934946 0.761160 0.934946
0 0.666635 0.542815 0.693480 0.542815 0.693480 0.557734 0.666635 0.557734
0 0.606952 0.605365 0.664105 0.605365 0.664105 0.677083 0.606952 0.677083
0 0.537382 0.929727 0.546611 0.929727 0.546611 0.945902 0.537382 0.945902
0 0.817074 0.769564 0.862678 0.769564 0.862678 0.788732 0.817074 0.788732
0 0.622454 0.734553 0.666330 0.734553 0.666330 0.784604 0.622454 0.784604
0 0.640024 0.475007 0.664992 0.475007 0.664992 0.478073 0.640024 0.478073
1 0.064747 0.125732 0.075350 0.125732 0.075350 0.154992 0.064747 0.154992
1 0.128360 0.126016 0.139782 0.126016 0.139782 0.154707 0.128360 0.154707
1 0.057064 0.040361 0.085952 0.040361 0.085952 0.051327 0.057064 0.051327
1 0.057518 0.103708 0.086200 0.103708 0.086200 0.115254 0.057518 0.115254
1 0.093781 0.069361 0.122540 0.069361 0.122540 0.079934 0.093781 0.079934
1 0.124401 0.085639 0.128470 0.085639 0.128470 0.102411 0.124401 0.102411
1 0.091716 0.002775 0.123780 0.002775 0.123780 0.015361 0.091716 0.015361
1 0.004509 0.121165 0.021638 0.121165 0.021638 0.125508 0.004509 0.125508
1 0.033298 0.010504 0.050112 0.010504 0.050112 0.015000 0.033298 0.015000
1 0.005482 0.090533 0.022589 0.090533 0.022589 0.095081 0.005482 0.095081
1 0.094129 0.085603 0.097936 0.085603 0.097936 0.102442 0.094129 0.102442
1 0.173530 0.218968 0.177131 0.218968 0.177131 0.229384 0.173530 0.229384
1 0.193683 0.219063 0.197512 0.219063 0.197512 0.229238 0.193683 0.229238
1 0.238053 0.094019 0.247762 0.094019 0.247762 0.097684 0.238053 0.097684
1 0.238235 0.114570 0.247390 0.114570 0.247390 0.118302 0.238235 0.118302
1 0.033293 0.040901 0.050067 0.040901 0.050067 0.044866 0.033293 0.044866
1 0.219046 0.100170 0.228776 0.100170 0.228776 0.103944 0.219046 0.103944
1 0.219656 0.080417 0.228688 0.080417 0.228688 0.083943 0.219656 0.083943
1 0.114251 0.376327 0.121298 0.376327 0.121298 0.405395 0.114251 0.405395
1 0.147702 0.376055 0.154715 0.376055 0.154715 0.405407 0.147702 0.405407
1 0.125458 0.376009 0.132439 0.376009 0.132439 0.405348 0.125458 0.405348
1 0.158779 0.375980 0.165746 0.375980 0.165746 0.405262 0.158779 0.405262
1 0.170054 0.376115 0.176299 0.376115 0.176299 0.405369 0.170054 0.405369
1 0.114282 0.477648 0.121558 0.477648 0.121558 0.507570 0.114282 0.507570
1 0.136593 0.376165 0.143510 0.376165 0.143510 0.405132 0.136593 0.405132
1 0.103319 0.377567 0.110189 0.377567 0.110189 0.405464 0.103319 0.405464
1 0.169873 0.477427 0.177199 0.477427 0.177199 0.507871 0.169873 0.507871
1 0.065723 0.439046 0.069592 0.439046 0.069592 0.448246 0.065723 0.448246
1 0.147588 0.477518 0.154936 0.477518 0.154936 0.509264 0.147588 0.509264
1 0.065345 0.455287 0.069064 0.455287 0.069064 0.464446 0.065345 0.464446
1 0.103235 0.477794 0.110342 0.477794 0.110342 0.508274 0.103235 0.508274
1 0.125505 0.477607 0.132696 0.477607 0.132696 0.508609 0.125505 0.508609
1 0.231732 0.422825 0.240640 0.422825 0.240640 0.426158 0.231732 0.426158
1 0.086455 0.438905 0.090144 0.438905 0.090144 0.447995 0.086455 0.447995
1 0.085749 0.420967 0.089546 0.420967 0.089546 0.430269 0.085749 0.430269
1 0.248299 0.422798 0.257246 0.422798 0.257246 0.426399 0.248299 0.426399
1 0.240382 0.287985 0.243780 0.287985 0.243780 0.297164 0.240382 0.297164
1 0.086661 0.455031 0.090251 0.455031 0.090251 0.464626 0.086661 0.464626
1 0.065416 0.421217 0.069072 0.421217 0.069072 0.430625 0.065416 0.430625
1 0.077099 0.471225 0.086650 0.471225 0.086650 0.475051 0.077099 0.475051
1 0.220198 0.287947 0.223838 0.287947 0.223838 0.297288 0.220198 0.297288
1 0.077061 0.492285 0.086246 0.492285 0.086246 0.496381 0.077061 0.496381
1 0.121091 0.288270 0.129416 0.288270 0.129416 0.290624 0.121091 0.290624
1 0.248328 0.442995 0.257424 0.442995 0.257424 0.446409 0.248328 0.446409
1 0.158743 0.477617 0.166109 0.477617 0.166109 0.508631 0.158743 0.508631
1 0.101669 0.307054 0.110675 0.307054 0.110675 0.309598 0.101669 0.309598
1 0.136559 0.477746 0.143701 0.477746 0.143701 0.508862 0.136559 0.508862
1 0.120744 0.307204 0.130050 0.307204 0.130050 0.309671 0.120744 0.309671
1 0.231457 0.442926 0.240728 0.442926 0.240728 0.446545 0.231457 0.446545
1 0.140284 0.288609 0.148905 0.288609 0.148905 0.291429 0.140284 0.291429
1 0.120753 0.269543 0.129524 0.269543 0.129524 0.272383 0.120753 0.272383
1 0.139489 0.269758 0.149063 0.269758 0.149063 0.272629 0.139489 0.272629
1 0.120809 0.325555 0.129872 0.325555 0.129872 0.328665 0.120809 0.328665
1 0.101811 0.325448 0.110841 0.325448 0.110841 0.327833 0.101811 0.327833
1 0.161868 0.288511 0.171049 0.288511 0.171049 0.291329 0.161868 0.291329
1 0.161480 0.269154 0.170955 0.269154 0.170955 0.271843 0.161480 0.271843
1 0.196007 0.380399 0.205771 0.380399 0.205771 0.383970 0.196007 0.383970
1 0.164532 0.352876 0.167165 0.352876 0.167165 0.360996 0.164532 0.360996
1 0.146034 0.352836 0.148587 0.352836 0.148587 0.360877 0.146034 0.360877
1 0.255248 0.364030 0.272058 0.364030 0.272058 0.371177 0.255248 0.371177
1 0.254189 0.353066 0.272258 0.353066 0.272258 0.360123 0.254189 0.360123
1 0.253433 0.341704 0.272257 0.341704 0.272257 0.349178 0.253433 0.349178
1 0.122147 0.607352 0.151156 0.607352 0.151156 0.626551 0.122147 0.626551
1 0.042940 0.652369 0.059670 0.652369 0.059670 0.657159 0.042940 0.657159
1 0.020497 0.683191 0.037465 0.683191 0.037465 0.687964 0.020497 0.687964
1 0.064775 0.652222 0.081917 0.652222 0.081917 0.656926 0.064775 0.656926
1 0.122496 0.694439 0.149856 0.694439 0.149856 0.712978 0.122496 0.712978
1 0.025881 0.581371 0.042191 0.581371 0.042191 0.585648 0.025881 0.585648
1 0.042579 0.683205 0.059763 0.683205 0.059763 0.688048 0.042579 0.688048
1 0.020264 0.652495 0.037193 0.652495 0.037193 0.657333 0.020264 0.657333
1 0.025584 0.551185 0.042348 0.551185 0.042348 0.555685 0.025584 0.555685
1 0.064725 0.683182 0.081906 0.683182 0.081906 0.687824 0.064725 0.687824
1 0.002080 0.591491 0.019463 0.591491 0.019463 0.595649 0.002080 0.595649
1 0.047828 0.585529 0.063947 0.585529 0.063947 0.589628 0.047828 0.589628
1 0.041318 0.501630 0.046187 0.501630 0.046187 0.518466 0.041318 0.518466
1 0.002284 0.560935 0.019109 0.560935 0.019109 0.565303 0.002284 0.565303
1 0.041612 0.524770 0.046237 0.524770 0.046237 0.541617 0.041612 0.541617
1 0.011300 0.524879 0.015377 0.524879 0.015377 0.541606 0.011300 0.541606
1 0.047572 0.554896 0.063886 0.554896 0.063886 0.559488 0.047572 0.559488
1 0.090335 0.509668 0.093970 0.509668 0.093970 0.518379 0.090335 0.518379
1 0.011737 0.501312 0.015710 0.501312 0.015710 0.518580 0.011737 0.518580
1 0.069940 0.509224 0.074023 0.509224 0.074023 0.518407 0.069940 0.518407
1 0.095526 0.557551 0.099404 0.557551 0.099404 0.566765 0.095526 0.566765
1 0.115624 0.557894 0.119130 0.557894 0.119130 0.566450 0.115624 0.566450
1 0.180093 0.763613 0.193028 0.763613 0.193028 0.795517 0.180093 0.795517
1 0.247172 0.763125 0.257832 0.763125 0.257832 0.793753 0.247172 0.793753
1 0.138411 0.894245 0.143129 0.894245 0.143129 0.910771 0.138411 0.910771
1 0.108474 0.867399 0.162983 0.867399 0.162983 0.882102 0.108474 0.882102
1 0.254090 0.801374 0.258681 0.801374 0.258681 0.818248 0.254090 0.818248
1 0.224026 0.801680 0.229048 0.801680 0.229048 0.818559 0.224026 0.818559
1 0.199655 0.801669 0.204747 0.801669 0.204747 0.818698 0.199655 0.818698
1 0.107566 0.893544 0.112370 0.893544 0.112370 0.911343 0.107566 0.911343
1 0.169104 0.801895 0.174330 0.801895 0.174330 0.818537 0.169104 0.818537
1 0.107938 0.803065 0.162728 0.803065 0.162728 0.816812 0.107938 0.816812
1 0.168523 0.955467 0.247639 0.955467 0.247639 0.968861 0.168523 0.968861
1 0.166808 0.824557 0.246525 0.824557 0.246525 0.835442 0.166808 0.835442
1 0.338961 0.152392 0.346291 0.152392 0.346291 0.179081 0.338961 0.179081
1 0.328999 0.078465 0.336144 0.078465 0.336144 0.104523 0.328999 0.104523
1 0.362205 0.078165 0.369403 0.078165 0.369403 0.104323 0.362205 0.104323
1 0.328165 0.152554 0.335297 0.152554 0.335297 0.178678 0.328165 0.178678
1 0.361147 0.152642 0.368479 0.152642 0.368479 0.177759 0.361147 0.177759
1 0.378744 0.134521 0.384129 0.134521 0.384129 0.151550 0.378744 0.151550
1 0.351136 0.077219 0.358360 0.077219 0.358360 0.104254 0.351136 0.104254
1 0.350130 0.152605 0.357419 0.152605 0.357419 0.177920 0.350130 0.177920
1 0.378855 0.104135 0.383902 0.104135 0.383902 0.120982 0.378855 0.120982
1 0.339910 0.078575 0.347182 0.078575 0.347182 0.104093 0.339910 0.104093
1 0.408934 0.104068 0.414496 0.104068 0.414496 0.120900 0.408934 0.120900
1 0.408866 0.134737 0.413916 0.134737 0.413916 0.151420 0.408866 0.151420
1 0.282001 0.179570 0.285451 0.179570 0.285451 0.189559 0.282001 0.189559
1 0.302435 0.131490 0.311212 0.131490 0.311212 0.135262 0.302435 0.135262
1 0.303719 0.102795 0.312117 0.102795 0.312117 0.106253 0.303719 0.106253
1 0.302692 0.151724 0.310984 0.151724 0.310984 0.155323 0.302692 0.155323
1 0.373354 0.233879 0.403811 0.233879 0.403811 0.263594 0.373354 0.263594
1 0.303409 0.122377 0.311724 0.122377 0.311724 0.125938 0.303409 0.125938
1 0.302128 0.179484 0.305320 0.179484 0.305320 0.190036 0.302128 0.190036
1 0.495027 0.249082 0.512253 0.249082 0.512253 0.252548 0.495027 0.252548
1 0.302987 0.233887 0.333671 0.233887 0.333671 0.263623 0.302987 0.263623
1 0.303394 0.283191 0.333457 0.283191 0.333457 0.312574 0.303394 0.312574
1 0.373851 0.282984 0.403833 0.282984 0.403833 0.312586 0.373851 0.312586
1 0.291326 0.341957 0.308731 0.341957 0.308731 0.348984 0.291326 0.348984
1 0.290960 0.353082 0.308270 0.353082 0.308270 0.359842 0.290960 0.359842
1 0.431899 0.289721 0.448902 0.289721 0.448902 0.294649 0.431899 0.294649
1 0.290899 0.364131 0.308851 0.364131 0.308851 0.371203 0.290899 0.371203
1 0.432139 0.319853 0.448837 0.319853 0.448837 0.324433 0.432139 0.324433
1 0.495216 0.319830 0.511870 0.319830 0.511870 0.324163 0.495216 0.324163
1 0.495126 0.289162 0.511909 0.289162 0.511909 0.293781 0.495126 0.293781
1 0.317876 0.435897 0.321193 0.435897 0.321193 0.444288 0.317876 0.444288
1 0.494855 0.280155 0.512224 0.280155 0.512224 0.284615 0.494855 0.284615
1 0.298529 0.435908 0.301712 0.435908 0.301712 0.444089 0.298529 0.444089
1 0.299254 0.516810 0.325799 0.516810 0.325799 0.535372 0.299254 0.535372
1 0.299744 0.710547 0.325716 0.710547 0.325716 0.730192 0.299744 0.730192
1 0.397913 0.721835 0.402754 0.721835 0.402754 0.739043 0.397913 0.739043
1 0.487180 0.708773 0.513897 0.708773 0.513897 0.729995 0.487180 0.729995
1 0.361505 0.746882 0.379124 0.746882 0.379124 0.751694 0.361505 0.751694
1 0.350189 0.746554 0.355252 0.746554 0.355252 0.763669 0.350189 0.763669
1 0.318838 0.746866 0.323634 0.746866 0.323634 0.764016 0.318838 0.764016
1 0.487050 0.516670 0.513793 0.516670 0.513793 0.533568 0.487050 0.533568
1 0.367299 0.721532 0.371334 0.721532 0.371334 0.738851 0.367299 0.738851
1 0.424704 0.821358 0.437920 0.821358 0.437920 0.836596 0.424704 0.836596
1 0.303601 0.821220 0.316619 0.821220 0.316619 0.837181 0.303601 0.837181
1 0.341712 0.773074 0.355634 0.773074 0.355634 0.838103 0.341712 0.838103
1 0.361906 0.788307 0.378481 0.788307 0.378481 0.792688 0.361906 0.792688
1 0.361794 0.818515 0.378795 0.818515 0.378795 0.823213 0.361794 0.823213
1 0.361936 0.777853 0.378366 0.777853 0.378366 0.781734 0.361936 0.781734
1 0.283497 0.773087 0.297027 0.773087 0.297027 0.837463 0.283497 0.837463
1 0.384873 0.772449 0.399266 0.772449 0.399266 0.836711 0.384873 0.836711
1 0.492743 0.955796 0.504957 0.955796 0.504957 0.986428 0.492743 0.986428
1 0.322721 0.773337 0.336385 0.773337 0.336385 0.837438 0.322721 0.837438
1 0.404951 0.772970 0.418524 0.772970 0.418524 0.836623 0.404951 0.836623
1 0.463280 0.771559 0.477477 0.771559 0.477477 0.836979 0.463280 0.836979
1 0.304645 0.780982 0.314481 0.780982 0.314481 0.784617 0.304645 0.784617
1 0.443962 0.772774 0.457638 0.772774 0.457638 0.837628 0.443962 0.837628
1 0.263373 0.771384 0.277812 0.771384 0.277812 0.837658 0.263373 0.837658
1 0.383725 0.938273 0.478617 0.938273 0.478617 0.971311 0.383725 0.971311
1 0.496060 0.914892 0.512754 0.914892 0.512754 0.919251 0.496060 0.919251
1 0.262502 0.937619 0.357226 0.937619 0.357226 0.969752 0.262502 0.969752
1 0.304953 0.760461 0.313957 0.760461 0.313957 0.763852 0.304953 0.763852
1 0.495763 0.945011 0.512863 0.945011 0.512863 0.950147 0.495763 0.950147
1 0.555923 0.237284 0.584933 0.237284 0.584933 0.248335 0.555923 0.248335
1 0.520040 0.234122 0.549037 0.234122 0.549037 0.246187 0.520040 0.246187
1 0.604834 0.241666 0.626767 0.241666 0.626767 0.261887 0.604834 0.261887
1 0.694074 0.046700 0.698175 0.046700 0.698175 0.063485 0.694074 0.063485
1 0.662545 0.045997 0.666902 0.045997 0.666902 0.062750 0.662545 0.062750
1 0.646043 0.256605 0.671008 0.256605 0.671008 0.279610 0.646043 0.279610
1 0.604949 0.274058 0.626662 0.274058 0.626662 0.293984 0.604949 0.293984
1 0.555811 0.300669 0.585361 0.300669 0.585361 0.312440 0.555811 0.312440
1 0.639363 0.477369 0.669800 0.477369 0.669800 0.488915 0.639363 0.488915
1 0.519809 0.298560 0.549074 0.298560 0.549074 0.309155 0.519809 0.309155
1 0.677907 0.388907 0.694576 0.388907 0.694576 0.393759 0.677907 0.393759
1 0.639350 0.412602 0.668795 0.412602 0.668795 0.423451 0.639350 0.423451
1 0.677818 0.420603 0.694751 0.420603 0.694751 0.424477 0.677818 0.424477
1 0.526390 0.326027 0.531705 0.326027 0.531705 0.343171 0.526390 0.343171
1 0.558099 0.325560 0.564325 0.325560 0.564325 0.343408 0.558099 0.343408
1 0.655115 0.498314 0.659812 0.498314 0.659812 0.515554 0.655115 0.515554
1 0.686786 0.499157 0.691372 0.499157 0.691372 0.516117 0.686786 0.516117
1 0.693537 0.541894 0.697787 0.541894 0.697787 0.558987 0.693537 0.558987
1 0.613692 0.585384 0.657445 0.585384 0.657445 0.604850 0.613692 0.604850
1 0.676151 0.587500 0.693317 0.587500 0.693317 0.591689 0.676151 0.591689
1 0.676520 0.627758 0.693316 0.627758 0.693316 0.632384 0.676520 0.632384
1 0.613559 0.677596 0.657899 0.677596 0.657899 0.698565 0.613559 0.698565
1 0.676545 0.618919 0.693341 0.618919 0.693341 0.623198 0.676545 0.623198
1 0.616741 0.720424 0.671785 0.720424 0.671785 0.734999 0.616741 0.734999
1 0.662234 0.540943 0.666546 0.540943 0.666546 0.558184 0.662234 0.558184
1 0.676460 0.659473 0.693541 0.659473 0.693541 0.663941 0.676460 0.663941
1 0.558255 0.955640 0.570688 0.955640 0.570688 0.986418 0.558255 0.986418
1 0.674525 0.958319 0.690843 0.958319 0.690843 0.962741 0.674525 0.962741
1 0.674017 0.926360 0.690780 0.926360 0.690780 0.931119 0.674017 0.931119
1 0.659905 0.834712 0.676693 0.834712 0.676693 0.839470 0.659905 0.839470
1 0.616992 0.784107 0.672166 0.784107 0.672166 0.799476 0.616992 0.799476
1 0.660266 0.803318 0.676311 0.803318 0.676311 0.807708 0.660266 0.807708
1 0.520533 0.925949 0.529151 0.925949 0.529151 0.929578 0.520533 0.929578
1 0.537773 0.925989 0.546185 0.925989 0.546185 0.929580 0.537773 0.929580
1 0.537940 0.946134 0.546266 0.946134 0.546266 0.949407 0.537940 0.949407
1 0.520437 0.945776 0.529233 0.945776 0.529233 0.949096 0.520437 0.949096
1 0.935976 0.061493 0.940822 0.061493 0.940822 0.078678 0.935976 0.078678
1 0.935914 0.029239 0.939966 0.029239 0.939966 0.046125 0.935914 0.046125
1 0.807620 0.072033 0.812121 0.072033 0.812121 0.088917 0.807620 0.088917
1 0.820869 0.227438 0.825727 0.227438 0.825727 0.244498 0.820869 0.244498
1 0.839252 0.029173 0.843483 0.029173 0.843483 0.045808 0.839252 0.045808
1 0.807661 0.029462 0.811977 0.029462 0.811977 0.046280 0.807661 0.046280
1 0.789746 0.227569 0.795086 0.227569 0.795086 0.244541 0.789746 0.244541
1 0.934496 0.242428 0.939277 0.242428 0.939277 0.259802 0.934496 0.259802
1 0.967017 0.061913 0.971136 0.061913 0.971136 0.078407 0.967017 0.078407
1 0.967111 0.029404 0.971135 0.029404 0.971135 0.046116 0.967111 0.046116
1 0.839246 0.071985 0.843459 0.071985 0.843459 0.088592 0.839246 0.088592
1 0.966606 0.242757 0.970706 0.242757 0.970706 0.259889 0.966606 0.259889
1 0.838481 0.249646 0.842961 0.249646 0.842961 0.266541 0.838481 0.266541
1 0.806520 0.249643 0.811502 0.249643 0.811502 0.266835 0.806520 0.266835
1 0.838497 0.371067 0.842476 0.371067 0.842476 0.387918 0.838497 0.387918
1 0.934917 0.324466 0.939240 0.324466 0.939240 0.341639 0.934917 0.341639
1 0.807227 0.371179 0.811481 0.371179 0.811481 0.388101 0.807227 0.388101
1 0.935409 0.456091 0.939650 0.456091 0.939650 0.473035 0.935409 0.473035
1 0.935342 0.413542 0.939442 0.413542 0.939442 0.430426 0.935342 0.430426
1 0.838415 0.328224 0.842918 0.328224 0.842918 0.345187 0.838415 0.345187
1 0.966399 0.324620 0.970462 0.324620 0.970462 0.341657 0.966399 0.341657
1 0.966529 0.413401 0.970365 0.413401 0.970365 0.430392 0.966529 0.430392
1 0.967051 0.456202 0.970694 0.456202 0.970694 0.473113 0.967051 0.473113
1 0.807283 0.401950 0.811481 0.401950 0.811481 0.418761 0.807283 0.418761
1 0.806722 0.328171 0.811267 0.328171 0.811267 0.345569 0.806722 0.345569
1 0.838540 0.401543 0.842523 0.401543 0.842523 0.418654 0.838540 0.418654
1 0.966246 0.369150 0.970321 0.369150 0.970321 0.386048 0.966246 0.386048
1 0.935091 0.368847 0.939146 0.368847 0.939146 0.386235 0.935091 0.386235
1 0.935179 0.498655 0.939416 0.498655 0.939416 0.515993 0.935179 0.515993
1 0.966569 0.498936 0.970884 0.498936 0.970884 0.515914 0.966569 0.515914
1 0.838576 0.627328 0.842731 0.627328 0.842731 0.644171 0.838576 0.644171
1 0.821663 0.699084 0.825676 0.699084 0.825676 0.716124 0.821663 0.716124
1 0.966844 0.669898 0.970870 0.669898 0.970870 0.686957 0.966844 0.686957
1 0.790052 0.698873 0.794764 0.698873 0.794764 0.716270 0.790052 0.716270
1 0.938031 0.704172 0.954769 0.704172 0.954769 0.709059 0.938031 0.709059
1 0.838811 0.541856 0.842939 0.541856 0.842939 0.558737 0.838811 0.558737
1 0.807346 0.582985 0.811567 0.582985 0.811567 0.600012 0.807346 0.600012
1 0.934893 0.669701 0.939519 0.669701 0.939519 0.686979 0.934893 0.686979
1 0.838546 0.582907 0.842778 0.582907 0.842778 0.599852 0.838546 0.599852
1 0.789807 0.721257 0.794658 0.721257 0.794658 0.738427 0.789807 0.738427
1 0.838828 0.671727 0.843120 0.671727 0.843120 0.688700 0.838828 0.688700
1 0.807123 0.541975 0.811617 0.541975 0.811617 0.558839 0.807123 0.558839
1 0.807171 0.627543 0.811371 0.627543 0.811371 0.644392 0.807171 0.644392
1 0.938001 0.736114 0.955183 0.736114 0.955183 0.740820 0.938001 0.740820
1 0.821692 0.721392 0.826312 0.721392 0.826312 0.738450 0.821692 0.738450
1 0.806983 0.671682 0.811605 0.671682 0.811605 0.688673 0.806983 0.688673
1 0.828665 0.747027 0.849234 0.747027 0.849234 0.769269 0.828665 0.769269
1 0.810871 0.788144 0.834276 0.788144 0.834276 0.811749 0.810871 0.811749
1 0.845272 0.788919 0.865396 0.788919 0.865396 0.811781 0.845272 0.811781
1 0.759777 0.903427 0.776779 0.903427 0.776779 0.908022 0.759777 0.908022
1 0.872784 0.754415 0.889966 0.754415 0.889966 0.758948 0.872784 0.758948
1 0.861200 0.892075 0.878292 0.892075 0.878292 0.896434 0.861200 0.896434
1 0.759726 0.935190 0.776775 0.935190 0.776775 0.939861 0.759726 0.939861
1 0.861154 0.902985 0.878200 0.902985 0.878200 0.907518 0.861154 0.907518
1 0.873040 0.786013 0.890058 0.786013 0.890058 0.790395 0.873040 0.790395
1 0.861237 0.860562 0.878211 0.860562 0.878211 0.864997 0.861237 0.864997
1 0.861299 0.934485 0.878015 0.934485 0.878015 0.938544 0.861299 0.938544
1 0.195765 0.360221 0.205529 0.360221 0.205529 0.363793 0.195765 0.363793
1 0.443607 0.014728 0.489607 0.014728 0.489607 0.034442 0.443607 0.034442
0 0.010491 0.406711 0.035046 0.406711 0.035046 0.454425 0.010491 0.454425
1 0.035325 0.408999 0.055750 0.408999 0.055750 0.419937 0.035325 0.419937
1 0.035437 0.425183 0.055861 0.425183 0.055861 0.436120 0.035437 0.436120
1 0.035548 0.441534 0.056922 0.441534 0.056922 0.452472 0.035548 0.452472
1 0.002165 0.754437 0.012347 0.754437 0.012347 0.794564 0.002165 0.794564
1 0.015664 0.754530 0.025845 0.754530 0.025845 0.794656 0.015664 0.794656
1 0.029485 0.754530 0.039666 0.754530 0.039666 0.794656 0.029485 0.794656
1 0.043167 0.754668 0.053349 0.754668 0.053349 0.794794 0.043167 0.794794
1 0.056804 0.754760 0.066985 0.754760 0.066985 0.794887 0.056804 0.794887
1 0.070533 0.754714 0.080714 0.754714 0.080714 0.794841 0.070533 0.794841
1 0.084215 0.754530 0.094397 0.754530 0.094397 0.794656 0.084215 0.794656
1 0.001935 0.917570 0.013084 0.917570 0.013084 0.958526 0.001935 0.958526
1 0.015572 0.917570 0.026720 0.917570 0.026720 0.958526 0.015572 0.958526
1 0.029439 0.917248 0.040587 0.917248 0.040587 0.958204 0.029439 0.958204
1 0.042845 0.917156 0.053994 0.917156 0.053994 0.958112 0.042845 0.958112
1 0.056620 0.917017 0.067769 0.917017 0.067769 0.957973 0.056620 0.957973
1 0.070302 0.917432 0.081451 0.917432 0.081451 0.958388 0.070302 0.958388
1 0.083939 0.917063 0.095088 0.917063 0.095088 0.958019 0.083939 0.958019
