0 0.458006 0.469772 0.541870 0.469772 0.541870 0.532465 0.458006 0.532465
1 0.506494 0.532799 0.516937 0.532799 0.516937 0.564433 0.506494 0.564433
1 0.484933 0.532768 0.495427 0.532768 0.495427 0.565129 0.484933 0.565129
1 0.506140 0.435898 0.517369 0.435898 0.517369 0.469480 0.506140 0.469480
1 0.528388 0.532735 0.538561 0.532735 0.538561 0.564918 0.528388 0.564918
1 0.463724 0.533142 0.473800 0.533142 0.473800 0.564212 0.463724 0.564212
1 0.560474 0.657526 0.571211 0.657526 0.571211 0.689464 0.560474 0.689464
1 0.463157 0.435397 0.474190 0.435397 0.474190 0.469313 0.463157 0.469313
1 0.474303 0.657658 0.484854 0.657658 0.484854 0.688658 0.474303 0.688658
1 0.431105 0.657384 0.441695 0.657384 0.441695 0.688886 0.431105 0.688886
1 0.452928 0.657384 0.463635 0.657384 0.463635 0.689082 0.452928 0.689082
1 0.495936 0.657761 0.506014 0.657761 0.506014 0.689326 0.495936 0.689326
1 0.517542 0.657480 0.528162 0.657480 0.528162 0.689658 0.517542 0.689658
1 0.560490 0.753793 0.571170 0.753793 0.571170 0.786295 0.560490 0.786295
1 0.474121 0.753904 0.484600 0.753904 0.484600 0.785719 0.474121 0.785719
1 0.166335 0.604877 0.178889 0.604877 0.178889 0.624084 0.166335 0.624084
1 0.528182 0.436021 0.538652 0.436021 0.538652 0.469356 0.528182 0.469356
1 0.131898 0.564294 0.143945 0.564294 0.143945 0.583766 0.131898 0.583766
1 0.431009 0.753837 0.441270 0.753837 0.441270 0.785508 0.431009 0.785508
0 0.068693 0.520336 0.115379 0.520336 0.115379 0.539778 0.068693 0.539778
1 0.538806 0.657568 0.549738 0.657568 0.549738 0.689895 0.538806 0.689895
1 0.484805 0.435788 0.495520 0.435788 0.495520 0.469495 0.484805 0.469495
0 0.426763 0.689383 0.574171 0.689383 0.574171 0.753475 0.426763 0.753475
1 0.517307 0.753770 0.527806 0.753770 0.527806 0.785820 0.517307 0.785820
1 0.067629 0.498863 0.079555 0.498863 0.079555 0.519557 0.067629 0.519557
1 0.067586 0.540539 0.083750 0.540539 0.083750 0.558547 0.067586 0.558547
1 0.101448 0.628688 0.113852 0.628688 0.113852 0.647643 0.101448 0.647643
0 0.066419 0.649212 0.116631 0.649212 0.116631 0.669619 0.066419 0.669619
1 0.067594 0.628656 0.079084 0.628656 0.079084 0.648264 0.067594 0.648264
1 0.452857 0.753846 0.463096 0.753846 0.463096 0.785804 0.452857 0.785804
1 0.098086 0.498611 0.113997 0.498611 0.113997 0.519819 0.098086 0.519819
1 0.538800 0.753768 0.549075 0.753768 0.549075 0.786415 0.538800 0.786415
0 0.131916 0.584554 0.180462 0.584554 0.180462 0.604439 0.131916 0.604439
1 0.496135 0.753675 0.506112 0.753675 0.506112 0.785768 0.496135 0.785768
1 0.101053 0.670084 0.113687 0.670084 0.113687 0.688933 0.101053 0.688933
1 0.166378 0.564096 0.178272 0.564096 0.178272 0.583085 0.166378 0.583085
1 0.101528 0.541565 0.113625 0.541565 0.113625 0.559411 0.101528 0.559411
1 0.131358 0.605224 0.149408 0.605224 0.149408 0.623494 0.131358 0.623494
1 0.067176 0.669355 0.083897 0.669355 0.083897 0.688249 0.067176 0.688249
1 0.002212 0.604154 0.018934 0.604154 0.018934 0.623048 0.002212 0.623048
1 0.036090 0.604883 0.048724 0.604883 0.048724 0.623732 0.036090 0.623732
0 0.001455 0.584011 0.051668 0.584011 0.051668 0.604418 0.001455 0.604418
1 0.002630 0.563455 0.014120 0.563455 0.014120 0.583062 0.002630 0.583062
1 0.036484 0.563486 0.048888 0.563486 0.048888 0.582442 0.036484 0.582442
1 0.397378 0.914158 0.410235 0.914158 0.410235 0.948145 0.397378 0.948145
1 0.418507 0.914257 0.431364 0.914257 0.431364 0.948244 0.418507 0.948244
1 0.462461 0.914257 0.475318 0.914257 0.475318 0.948244 0.462461 0.948244
1 0.441331 0.914158 0.454188 0.914158 0.454188 0.948145 0.441331 0.948145
1 0.483292 0.913958 0.496149 0.913958 0.496149 0.947945 0.483292 0.947945
1 0.506116 0.913859 0.518973 0.913859 0.518973 0.947846 0.506116 0.947846
1 0.527245 0.913958 0.540103 0.913958 0.540103 0.947945 0.527245 0.947945
1 0.548375 0.913859 0.561232 0.913859 0.561232 0.947846 0.548375 0.947846
1 0.571199 0.913759 0.584056 0.913759 0.584056 0.947746 0.571199 0.947746
1 0.592329 0.913859 0.605186 0.913859 0.605186 0.947846 0.592329 0.947846
1 0.017990 0.833329 0.031760 0.833329 0.031760 0.850951 0.017990 0.850951
1 0.099842 0.876469 0.116501 0.876469 0.116501 0.889084 0.099842 0.889084
1 0.039464 0.833136 0.053234 0.833136 0.053234 0.850758 0.039464 0.850758
1 0.061227 0.833233 0.074997 0.833233 0.074997 0.850855 0.061227 0.850855
1 0.099938 0.897944 0.116597 0.897944 0.116597 0.910558 0.099938 0.910558
1 0.099745 0.919321 0.116405 0.919321 0.116405 0.931936 0.099745 0.931936
1 0.099745 0.940988 0.116405 0.940988 0.116405 0.953603 0.099745 0.953603
1 0.099842 0.962462 0.116501 0.962462 0.116501 0.975077 0.099842 0.975077
