0 0.107188 0.100686 0.370279 0.100686 0.370279 0.280141 0.107188 0.280141
0 0.358642 0.389726 0.383327 0.389726 0.383327 0.402522 0.358642 0.402522
0 0.003369 0.185818 0.016043 0.185818 0.016043 0.211437 0.003369 0.211437
0 0.299630 0.388720 0.347111 0.388720 0.347111 0.435201 0.299630 0.435201
0 0.040925 0.151735 0.053533 0.151735 0.053533 0.177037 0.040925 0.177037
0 0.009582 0.299134 0.022328 0.299134 0.022328 0.324708 0.009582 0.324708
0 0.358359 0.419669 0.383196 0.419669 0.383196 0.432578 0.358359 0.432578
0 0.003007 0.134484 0.015641 0.134484 0.015641 0.160101 0.003007 0.160101
0 0.072550 0.370563 0.098488 0.370563 0.098488 0.385357 0.072550 0.385357
0 0.260292 0.463595 0.276595 0.463595 0.276595 0.472870 0.260292 0.472870
0 0.050800 0.410565 0.102386 0.410565 0.102386 0.437165 0.050800 0.437165
0 0.229031 0.030122 0.245068 0.030122 0.245068 0.038229 0.229031 0.038229
0 0.420455 0.345393 0.540928 0.345393 0.540928 0.416379 0.420455 0.416379
0 0.066582 0.298827 0.094616 0.298827 0.094616 0.351704 0.066582 0.351704
0 0.277832 0.419137 0.285630 0.419137 0.285630 0.434986 0.277832 0.434986
0 0.414365 0.228393 0.465746 0.228393 0.465746 0.295234 0.414365 0.295234
0 0.414516 0.070460 0.466655 0.070460 0.466655 0.137150 0.414516 0.137150
0 0.192793 0.367739 0.202271 0.367739 0.202271 0.383675 0.192793 0.383675
0 0.032400 0.334442 0.059114 0.334442 0.059114 0.385961 0.032400 0.385961
0 0.277432 0.390110 0.285359 0.390110 0.285359 0.405711 0.277432 0.405711
0 0.211966 0.381244 0.221365 0.381244 0.221365 0.398128 0.211966 0.398128
0 0.151739 0.503170 0.168097 0.503170 0.168097 0.512570 0.151739 0.512570
0 0.039980 0.940719 0.054498 0.940719 0.054498 0.966593 0.039980 0.966593
0 0.471364 0.536269 0.485860 0.536269 0.485860 0.563646 0.471364 0.563646
0 0.471993 0.577775 0.485693 0.577775 0.485693 0.603660 0.471993 0.603660
0 0.408993 0.578503 0.421703 0.578503 0.421703 0.603195 0.408993 0.603195
0 0.095779 0.592551 0.104662 0.592551 0.104662 0.608411 0.095779 0.608411
0 0.018970 0.941222 0.032165 0.941222 0.032165 0.966656 0.018970 0.966656
0 0.096012 0.556330 0.104071 0.556330 0.104071 0.572041 0.096012 0.572041
0 0.136586 0.555530 0.145983 0.555530 0.145983 0.572165 0.136586 0.572165
0 0.002478 0.839323 0.015184 0.839323 0.015184 0.864825 0.002478 0.864825
0 0.024604 0.843969 0.037910 0.843969 0.037910 0.869578 0.024604 0.869578
0 0.276778 0.719382 0.292801 0.719382 0.292801 0.728148 0.276778 0.728148
0 0.246078 0.624231 0.264948 0.624231 0.264948 0.655871 0.246078 0.655871
0 0.198861 0.571871 0.215029 0.571871 0.215029 0.580742 0.198861 0.580742
0 0.206662 0.710551 0.215830 0.710551 0.215830 0.726668 0.206662 0.726668
0 0.123603 0.636302 0.139577 0.636302 0.139577 0.644534 0.123603 0.644534
0 0.222615 0.710258 0.231807 0.710258 0.231807 0.726430 0.222615 0.726430
0 0.051848 0.758911 0.060841 0.758911 0.060841 0.775799 0.051848 0.775799
0 0.495858 0.530479 0.522938 0.530479 0.522938 0.582287 0.495858 0.582287
0 0.076660 0.593317 0.085514 0.593317 0.085514 0.609127 0.076660 0.609127
0 0.048581 0.792955 0.064585 0.792955 0.064585 0.801768 0.048581 0.801768
0 0.291676 0.529293 0.366476 0.529293 0.366476 0.581885 0.291676 0.581885
0 0.170835 0.647099 0.179667 0.647099 0.179667 0.662976 0.170835 0.662976
0 0.114539 0.556135 0.123887 0.556135 0.123887 0.571938 0.114539 0.571938
0 0.074026 0.841086 0.090069 0.841086 0.090069 0.850191 0.074026 0.850191
0 0.044370 0.738474 0.061332 0.738474 0.061332 0.747930 0.044370 0.747930
0 0.074396 0.691222 0.155949 0.691222 0.155949 0.760909 0.074396 0.760909
0 0.044923 0.704727 0.060899 0.704727 0.060899 0.713580 0.044923 0.713580
0 0.044922 0.722437 0.060956 0.722437 0.060956 0.731524 0.044922 0.731524
0 0.507077 0.611894 0.532934 0.611894 0.532934 0.625605 0.507077 0.625605
0 0.640639 0.142020 0.667791 0.142020 0.667791 0.156750 0.640639 0.156750
0 0.640592 0.176586 0.667704 0.176586 0.667704 0.191117 0.640592 0.191117
0 0.914065 0.227218 0.940783 0.227218 0.940783 0.241866 0.914065 0.241866
0 0.914035 0.270457 0.941019 0.270457 0.941019 0.284950 0.914035 0.284950
0 0.914706 0.312999 0.941366 0.312999 0.941366 0.327380 0.914706 0.327380
0 0.641263 0.330629 0.668106 0.330629 0.668106 0.345009 0.641263 0.345009
0 0.914857 0.346297 0.940932 0.346297 0.940932 0.361024 0.914857 0.361024
0 0.785867 0.227944 0.812916 0.227944 0.812916 0.242654 0.785867 0.242654
0 0.913842 0.098830 0.940836 0.098830 0.940836 0.113696 0.913842 0.113696
0 0.785993 0.313022 0.812797 0.313022 0.812797 0.327406 0.785993 0.327406
0 0.785600 0.142144 0.812676 0.142144 0.812676 0.156438 0.785600 0.156438
0 0.785881 0.270117 0.812762 0.270117 0.812762 0.285022 0.785881 0.285022
0 0.785891 0.356453 0.812796 0.356453 0.812796 0.370990 0.785891 0.370990
0 0.785864 0.099806 0.812705 0.099806 0.812705 0.114341 0.785864 0.114341
0 0.769965 0.511774 0.795581 0.511774 0.795581 0.525062 0.769965 0.525062
0 0.787336 0.399427 0.812646 0.399427 0.812646 0.412544 0.787336 0.412544
0 0.915845 0.399724 0.940214 0.399724 0.940214 0.412299 0.915845 0.412299
0 0.525678 0.070800 0.576620 0.070800 0.576620 0.137427 0.525678 0.137427
0 0.914515 0.953563 0.941490 0.953563 0.941490 0.968166 0.914515 0.968166
0 0.914315 0.526722 0.941318 0.526722 0.941318 0.541488 0.914315 0.541488
0 0.914753 0.782724 0.941725 0.782724 0.941725 0.797085 0.914753 0.797085
0 0.914689 0.608596 0.941400 0.608596 0.941400 0.623291 0.914689 0.623291
0 0.914603 0.739941 0.941307 0.739941 0.941307 0.754338 0.914603 0.754338
0 0.915203 0.653407 0.941871 0.653407 0.941871 0.667862 0.915203 0.667862
0 0.786682 0.655124 0.813551 0.655124 0.813551 0.669442 0.786682 0.669442
0 0.786716 0.612420 0.813557 0.612420 0.813557 0.627113 0.786716 0.627113
0 0.787007 0.825358 0.813889 0.825358 0.813889 0.839956 0.787007 0.839956
0 0.786981 0.866271 0.813745 0.866271 0.813745 0.881017 0.786981 0.881017
0 0.914750 0.697719 0.941645 0.697719 0.941645 0.712558 0.914750 0.712558
0 0.654348 0.676502 0.668769 0.676502 0.668769 0.703196 0.654348 0.703196
0 0.653116 0.874358 0.667704 0.874358 0.667704 0.901175 0.653116 0.901175
0 0.786522 0.685307 0.813333 0.685307 0.813333 0.700118 0.786522 0.700118
0 0.786310 0.956113 0.812935 0.956113 0.812935 0.970528 0.786310 0.970528
0 0.786464 0.533603 0.813304 0.533603 0.813304 0.548524 0.786464 0.548524
0 0.634537 0.782678 0.661363 0.782678 0.661363 0.797526 0.634537 0.797526
0 0.768948 0.983218 0.796003 0.983218 0.796003 0.997404 0.768948 0.997404
0 0.641759 0.825672 0.668729 0.825672 0.668729 0.840428 0.641759 0.840428
0 0.532344 0.533025 0.558995 0.533025 0.558995 0.584434 0.532344 0.584434
0 0.616155 0.708781 0.643807 0.708781 0.643807 0.761211 0.616155 0.761211
0 0.602929 0.529535 0.620180 0.529535 0.620180 0.574806 0.602929 0.574806
1 0.038905 0.146372 0.055582 0.146372 0.055582 0.151358 0.038905 0.151358
1 0.039005 0.177338 0.055465 0.177338 0.055465 0.181784 0.039005 0.181784
1 0.001554 0.211560 0.018161 0.211560 0.018161 0.216110 0.001554 0.216110
1 0.001358 0.129493 0.018038 0.129493 0.018038 0.134415 0.001358 0.134415
1 0.001399 0.160177 0.017787 0.160177 0.017787 0.164441 0.001399 0.164441
1 0.207087 0.055420 0.215135 0.055420 0.215135 0.099631 0.207087 0.099631
1 0.140395 0.053946 0.148521 0.053946 0.148521 0.099378 0.140395 0.099378
1 0.240408 0.055312 0.248400 0.055312 0.248400 0.099288 0.240408 0.099288
1 0.195975 0.055194 0.203965 0.055194 0.203965 0.099217 0.195975 0.099217
1 0.229330 0.055164 0.237397 0.055164 0.237397 0.098756 0.229330 0.098756
1 0.162612 0.053854 0.170744 0.053854 0.170744 0.099465 0.162612 0.099465
1 0.001064 0.181199 0.018260 0.181199 0.018260 0.185753 0.001064 0.185753
1 0.173779 0.053993 0.181795 0.053993 0.181795 0.099590 0.173779 0.099590
1 0.218148 0.053809 0.226197 0.053809 0.226197 0.099231 0.218148 0.099231
1 0.251541 0.053467 0.259660 0.053467 0.259660 0.099169 0.251541 0.099169
1 0.225212 0.030003 0.229002 0.030003 0.229002 0.038072 0.225212 0.038072
1 0.245034 0.029415 0.248603 0.029415 0.248603 0.038344 0.245034 0.038344
1 0.184934 0.053445 0.193127 0.053445 0.193127 0.099710 0.184934 0.099710
1 0.151623 0.054089 0.159674 0.054089 0.159674 0.099237 0.151623 0.099237
1 0.086696 0.122557 0.103247 0.122557 0.103247 0.255162 0.086696 0.255162
1 0.102858 0.409431 0.114314 0.409431 0.114314 0.438332 0.102858 0.438332
1 0.039495 0.409244 0.050114 0.409244 0.050114 0.438522 0.039495 0.438522
1 0.067523 0.352435 0.096130 0.352435 0.096130 0.363529 0.067523 0.363529
1 0.030735 0.323736 0.059990 0.323736 0.059990 0.334334 0.030735 0.334334
1 0.031213 0.386580 0.060080 0.386580 0.060080 0.398803 0.031213 0.398803
1 0.065317 0.286158 0.097314 0.286158 0.097314 0.298386 0.065317 0.298386
1 0.240879 0.281741 0.248655 0.281741 0.248655 0.324939 0.240879 0.324939
1 0.207336 0.281741 0.215396 0.281741 0.215396 0.324991 0.207336 0.324991
1 0.007019 0.293916 0.023844 0.293916 0.023844 0.298840 0.007019 0.298840
1 0.174250 0.281741 0.182012 0.281741 0.182012 0.325366 0.174250 0.325366
1 0.140860 0.281436 0.148678 0.281436 0.148678 0.325642 0.140860 0.325642
1 0.068173 0.368989 0.072524 0.368989 0.072524 0.386349 0.068173 0.386349
1 0.163273 0.281284 0.170930 0.281284 0.170930 0.325541 0.163273 0.325541
1 0.229444 0.282046 0.237604 0.282046 0.237604 0.324675 0.229444 0.324675
1 0.196358 0.281436 0.204214 0.281436 0.204214 0.324083 0.196358 0.324083
1 0.218466 0.281893 0.226358 0.281893 0.226358 0.324988 0.218466 0.324988
1 0.185533 0.281588 0.193288 0.281588 0.193288 0.324131 0.185533 0.324131
1 0.007146 0.324665 0.023727 0.324665 0.023727 0.328633 0.007146 0.328633
1 0.252162 0.281893 0.259874 0.281893 0.259874 0.324815 0.252162 0.324815
1 0.098869 0.369607 0.102743 0.369607 0.102743 0.386013 0.098869 0.386013
1 0.151990 0.281436 0.159673 0.281436 0.159673 0.325327 0.151990 0.325327
1 0.212186 0.397967 0.221447 0.397967 0.221447 0.401374 0.212186 0.401374
1 0.211845 0.377548 0.221096 0.377548 0.221096 0.381082 0.211845 0.381082
1 0.168270 0.503208 0.171779 0.503208 0.171779 0.512304 0.168270 0.512304
1 0.256678 0.463161 0.260334 0.463161 0.260334 0.473621 0.256678 0.473621
1 0.147747 0.502690 0.151668 0.502690 0.151668 0.512542 0.147747 0.512542
1 0.133651 0.659638 0.140643 0.659638 0.140643 0.690091 0.133651 0.690091
1 0.100354 0.659731 0.107299 0.659731 0.107299 0.689651 0.100354 0.689651
1 0.122472 0.659632 0.129451 0.659632 0.129451 0.690553 0.122472 0.690553
1 0.089216 0.659949 0.096254 0.659949 0.096254 0.689791 0.089216 0.689791
1 0.228158 0.625690 0.246019 0.625690 0.246019 0.632710 0.228158 0.632710
1 0.229233 0.636889 0.245869 0.636889 0.245869 0.643852 0.229233 0.643852
1 0.111444 0.659966 0.118490 0.659966 0.118490 0.690322 0.111444 0.690322
1 0.144862 0.659887 0.152182 0.659887 0.152182 0.690322 0.144862 0.690322
1 0.229902 0.647919 0.246079 0.647919 0.246079 0.654838 0.229902 0.654838
1 0.078278 0.661378 0.085130 0.661378 0.085130 0.689815 0.078278 0.689815
1 0.040880 0.722321 0.044750 0.722321 0.044750 0.731829 0.040880 0.731829
1 0.061424 0.722356 0.065267 0.722356 0.065267 0.731521 0.061424 0.731521
1 0.040271 0.738697 0.044313 0.738697 0.044313 0.747785 0.040271 0.747785
1 0.061355 0.738747 0.065442 0.738747 0.065442 0.747617 0.061355 0.747617
1 0.222510 0.706489 0.231731 0.706489 0.231731 0.710300 0.222510 0.710300
1 0.215114 0.571660 0.218521 0.571660 0.218521 0.580798 0.215114 0.580798
1 0.040882 0.704835 0.044692 0.704835 0.044692 0.713783 0.040882 0.713783
1 0.222900 0.726428 0.231961 0.726428 0.231961 0.730034 0.222900 0.730034
1 0.206805 0.707051 0.215740 0.707051 0.215740 0.710508 0.206805 0.710508
1 0.061310 0.704756 0.064809 0.704756 0.064809 0.713969 0.061310 0.713969
1 0.206804 0.726738 0.215590 0.726738 0.215590 0.730006 0.206804 0.730006
1 0.076450 0.589808 0.085512 0.589808 0.085512 0.593359 0.076450 0.593359
1 0.136865 0.572331 0.146122 0.572331 0.146122 0.576097 0.136865 0.576097
1 0.195124 0.571666 0.198817 0.571666 0.198817 0.580727 0.195124 0.580727
1 0.076603 0.609176 0.085510 0.609176 0.085510 0.611554 0.076603 0.611554
1 0.136672 0.551958 0.145870 0.551958 0.145870 0.555349 0.136672 0.555349
1 0.095814 0.608488 0.105048 0.608488 0.105048 0.610582 0.095814 0.610582
1 0.095760 0.589178 0.104891 0.589178 0.104891 0.592464 0.095760 0.592464
1 0.095866 0.572034 0.104321 0.572034 0.104321 0.575282 0.095866 0.575282
1 0.095731 0.552660 0.104297 0.552660 0.104297 0.556108 0.095731 0.556108
1 0.114505 0.572146 0.123876 0.572146 0.123876 0.575602 0.114505 0.575602
1 0.114571 0.553261 0.123485 0.553261 0.123485 0.556324 0.114571 0.556324
1 0.139528 0.636285 0.142262 0.636285 0.142262 0.644648 0.139528 0.644648
1 0.089395 0.762009 0.096558 0.762009 0.096558 0.791366 0.089395 0.791366
1 0.122548 0.762040 0.129894 0.762040 0.129894 0.792664 0.122548 0.792664
1 0.100466 0.761901 0.107517 0.761901 0.107517 0.792048 0.100466 0.792048
1 0.133686 0.761762 0.141001 0.761762 0.141001 0.792397 0.133686 0.792397
1 0.039155 0.966641 0.055792 0.966641 0.055792 0.971584 0.039155 0.971584
1 0.000840 0.834448 0.017284 0.834448 0.017284 0.839187 0.000840 0.839187
1 0.038895 0.935912 0.055956 0.935912 0.055956 0.940423 0.038895 0.940423
1 0.016801 0.935925 0.033823 0.935925 0.033823 0.940929 0.016801 0.940929
1 0.022793 0.838625 0.039498 0.838625 0.039498 0.843428 0.022793 0.843428
1 0.000815 0.864913 0.017158 0.864913 0.017158 0.869326 0.000815 0.869326
1 0.017016 0.966779 0.033686 0.966779 0.033686 0.971521 0.017016 0.971521
1 0.111413 0.762032 0.118715 0.762032 0.118715 0.792244 0.111413 0.792244
1 0.144702 0.762082 0.151826 0.762082 0.151826 0.790936 0.144702 0.790936
1 0.078220 0.762060 0.085375 0.762060 0.085375 0.792084 0.078220 0.792084
1 0.064598 0.792950 0.068559 0.792950 0.068559 0.801726 0.064598 0.801726
1 0.022751 0.869634 0.039221 0.869634 0.039221 0.873307 0.022751 0.873307
1 0.090370 0.841273 0.094224 0.841273 0.094224 0.849985 0.090370 0.849985
1 0.051828 0.755401 0.061063 0.755401 0.061063 0.758693 0.051828 0.758693
1 0.070004 0.841226 0.073882 0.841226 0.073882 0.850090 0.070004 0.850090
1 0.044136 0.793036 0.048247 0.793036 0.048247 0.802239 0.044136 0.802239
1 0.051694 0.775769 0.061177 0.775769 0.061177 0.779617 0.051694 0.779617
1 0.318082 0.054313 0.326311 0.054313 0.326311 0.099363 0.318082 0.099363
1 0.329255 0.054361 0.337280 0.054361 0.337280 0.099082 0.329255 0.099082
1 0.284768 0.054060 0.292893 0.054060 0.292893 0.098946 0.284768 0.098946
1 0.418204 0.204471 0.462260 0.204471 0.462260 0.228090 0.418204 0.228090
1 0.418457 0.137604 0.462232 0.137604 0.462232 0.160266 0.418457 0.160266
1 0.273686 0.055348 0.281757 0.055348 0.281757 0.098926 0.273686 0.098926
1 0.295992 0.054177 0.304095 0.054177 0.304095 0.099090 0.295992 0.099090
1 0.262660 0.055403 0.270685 0.055403 0.270685 0.098809 0.262660 0.098809
1 0.417735 0.047367 0.462260 0.047367 0.462260 0.070612 0.417735 0.070612
1 0.307111 0.055130 0.315124 0.055130 0.315124 0.099046 0.307111 0.099046
1 0.373521 0.124345 0.390664 0.124345 0.390664 0.255518 0.373521 0.255518
1 0.335863 0.361886 0.343134 0.361886 0.343134 0.387790 0.335863 0.387790
1 0.302634 0.362043 0.309744 0.362043 0.309744 0.387866 0.302634 0.387866
1 0.335936 0.436204 0.343229 0.436204 0.343229 0.461540 0.335936 0.461540
1 0.313566 0.361866 0.320830 0.361866 0.320830 0.387739 0.313566 0.387739
1 0.302779 0.436030 0.310013 0.436030 0.310013 0.462407 0.302779 0.462407
1 0.313720 0.435952 0.321034 0.435952 0.321034 0.462637 0.313720 0.462637
1 0.383539 0.387524 0.388532 0.387524 0.388532 0.404297 0.383539 0.404297
1 0.353107 0.387597 0.358474 0.387597 0.358474 0.404579 0.353107 0.404579
1 0.324890 0.436097 0.332222 0.436097 0.332222 0.461430 0.324890 0.461430
1 0.324783 0.360674 0.332020 0.360674 0.332020 0.387496 0.324783 0.387496
1 0.296225 0.281284 0.304249 0.281284 0.304249 0.324271 0.296225 0.324271
1 0.329921 0.280826 0.337342 0.280826 0.337342 0.323682 0.329921 0.323682
1 0.273965 0.281436 0.282021 0.281436 0.282021 0.324939 0.273965 0.324939
1 0.262835 0.281893 0.270861 0.281893 0.270861 0.324162 0.262835 0.324162
1 0.285095 0.281131 0.293120 0.281131 0.293120 0.324778 0.285095 0.324778
1 0.318486 0.281131 0.326442 0.281131 0.326442 0.323897 0.318486 0.323897
1 0.406727 0.343919 0.420065 0.343919 0.420065 0.421112 0.406727 0.421112
1 0.353480 0.417861 0.358575 0.417861 0.358575 0.435188 0.353480 0.435188
1 0.383409 0.418174 0.388673 0.418174 0.388673 0.434932 0.383409 0.434932
1 0.418457 0.295385 0.462658 0.295385 0.462658 0.317445 0.418457 0.317445
1 0.307203 0.281284 0.315144 0.281284 0.315144 0.323577 0.307203 0.323577
1 0.276857 0.463210 0.280272 0.463210 0.280272 0.473765 0.276857 0.473765
1 0.277212 0.386669 0.285618 0.386669 0.285618 0.389918 0.277212 0.389918
1 0.277730 0.415335 0.285991 0.415335 0.285991 0.418514 0.277730 0.418514
1 0.277487 0.405787 0.285582 0.405787 0.285582 0.408494 0.277487 0.408494
1 0.277716 0.434875 0.285789 0.434875 0.285789 0.437474 0.277716 0.437474
1 0.348200 0.566469 0.378582 0.566469 0.378582 0.596009 0.348200 0.596009
1 0.278223 0.517843 0.308622 0.517843 0.308622 0.547542 0.278223 0.547542
1 0.348319 0.518025 0.378505 0.518025 0.378505 0.547406 0.348319 0.547406
1 0.278135 0.566807 0.308416 0.566807 0.308416 0.596259 0.278135 0.596259
1 0.470044 0.603736 0.486944 0.603736 0.486944 0.608071 0.470044 0.608071
1 0.470246 0.573147 0.486646 0.573147 0.486646 0.577600 0.470246 0.577600
1 0.264957 0.648013 0.283741 0.648013 0.283741 0.654972 0.264957 0.654972
1 0.265121 0.625651 0.283394 0.625651 0.283394 0.632657 0.265121 0.632657
1 0.494988 0.517694 0.524172 0.517694 0.524172 0.530280 0.494988 0.530280
1 0.265247 0.636849 0.282838 0.636849 0.282838 0.643854 0.265247 0.643854
1 0.407048 0.573573 0.423450 0.573573 0.423450 0.578359 0.407048 0.578359
1 0.406921 0.603559 0.423746 0.603559 0.423746 0.608276 0.406921 0.608276
1 0.494462 0.582661 0.524089 0.582661 0.524089 0.592954 0.494462 0.592954
1 0.501538 0.609782 0.507229 0.609782 0.507229 0.627076 0.501538 0.627076
1 0.469993 0.532744 0.487150 0.532744 0.487150 0.535877 0.469993 0.535877
1 0.470199 0.563828 0.487289 0.563828 0.487289 0.568033 0.470199 0.568033
1 0.293005 0.719457 0.296476 0.719457 0.296476 0.728474 0.293005 0.728474
1 0.273430 0.719550 0.276665 0.719550 0.276665 0.727832 0.273430 0.727832
1 0.636458 0.141074 0.640554 0.141074 0.640554 0.157983 0.636458 0.157983
1 0.527549 0.137284 0.571937 0.137284 0.571937 0.160054 0.527549 0.160054
1 0.667818 0.141019 0.672077 0.141019 0.672077 0.157794 0.667818 0.157794
1 0.527472 0.047369 0.571871 0.047369 0.571871 0.070656 0.527472 0.070656
1 0.667792 0.175091 0.671895 0.175091 0.671895 0.191927 0.667792 0.191927
1 0.636788 0.175341 0.640738 0.175341 0.640738 0.192456 0.636788 0.192456
1 0.636719 0.329160 0.641054 0.329160 0.641054 0.346155 0.636719 0.346155
1 0.668235 0.329010 0.672249 0.329010 0.672249 0.346005 0.668235 0.346005
1 0.540204 0.343049 0.550458 0.343049 0.550458 0.420784 0.540204 0.420784
1 0.579942 0.557803 0.602198 0.557803 0.602198 0.578151 0.579942 0.578151
1 0.579930 0.525259 0.602302 0.525259 0.602302 0.545532 0.579930 0.545532
1 0.620912 0.540513 0.645677 0.540513 0.645677 0.563185 0.620912 0.563185
1 0.614358 0.696600 0.643787 0.696600 0.643787 0.708127 0.614358 0.708127
1 0.531010 0.521086 0.560032 0.521086 0.560032 0.532580 0.531010 0.532580
1 0.653331 0.671616 0.669843 0.671616 0.669843 0.676218 0.653331 0.676218
1 0.530707 0.584976 0.560518 0.584976 0.560518 0.596190 0.530707 0.596190
1 0.653076 0.703350 0.669922 0.703350 0.669922 0.707503 0.653076 0.707503
1 0.533471 0.609553 0.538027 0.609553 0.538027 0.627170 0.533471 0.627170
1 0.614858 0.762035 0.644822 0.762035 0.644822 0.772561 0.614858 0.772561
1 0.630065 0.781928 0.634620 0.781928 0.634620 0.798890 0.630065 0.798890
1 0.668735 0.824602 0.672996 0.824602 0.672996 0.841525 0.668735 0.841525
1 0.651554 0.870035 0.668712 0.870035 0.668712 0.874138 0.651554 0.874138
1 0.651636 0.901421 0.668817 0.901421 0.668817 0.905713 0.651636 0.905713
1 0.661585 0.781850 0.666305 0.781850 0.666305 0.799082 0.661585 0.799082
1 0.637144 0.824427 0.641639 0.824427 0.641639 0.841589 0.637144 0.841589
1 0.813129 0.226227 0.817727 0.226227 0.817727 0.243240 0.813129 0.243240
1 0.781688 0.226388 0.785836 0.226388 0.785836 0.243534 0.781688 0.243534
1 0.909248 0.226225 0.913943 0.226225 0.913943 0.243084 0.909248 0.243084
1 0.781841 0.140780 0.785601 0.140780 0.785601 0.157919 0.781841 0.157919
1 0.909600 0.097925 0.913851 0.097925 0.913851 0.114873 0.909600 0.114873
1 0.781930 0.098125 0.785775 0.098125 0.785775 0.115287 0.781930 0.115287
1 0.812862 0.140639 0.816889 0.140639 0.816889 0.157723 0.812862 0.157723
1 0.941173 0.226248 0.945415 0.226248 0.945415 0.243270 0.941173 0.243270
1 0.812886 0.098013 0.816773 0.098013 0.816773 0.115346 0.812886 0.115346
1 0.941239 0.097879 0.945315 0.097879 0.945315 0.115061 0.941239 0.115061
1 0.812770 0.397250 0.817165 0.397250 0.817165 0.414231 0.812770 0.414231
1 0.910786 0.397209 0.915707 0.397209 0.915707 0.413915 0.910786 0.413915
1 0.782022 0.354734 0.785924 0.354734 0.785924 0.371655 0.782022 0.371655
1 0.910351 0.343988 0.915060 0.343988 0.915060 0.361523 0.910351 0.361523
1 0.813059 0.268916 0.817284 0.268916 0.817284 0.286073 0.813059 0.286073
1 0.909647 0.269050 0.914071 0.269050 0.914071 0.285686 0.909647 0.285686
1 0.813089 0.354526 0.817436 0.354526 0.817436 0.371551 0.813089 0.371551
1 0.781963 0.311870 0.785904 0.311870 0.785904 0.328840 0.781963 0.328840
1 0.781693 0.269208 0.785800 0.269208 0.785800 0.286247 0.781693 0.286247
1 0.941309 0.269088 0.945489 0.269088 0.945489 0.285967 0.941309 0.285967
1 0.910031 0.311504 0.914481 0.311504 0.914481 0.328775 0.910031 0.328775
1 0.812956 0.311638 0.817380 0.311638 0.817380 0.328817 0.812956 0.328817
1 0.940978 0.344110 0.945292 0.344110 0.945292 0.361184 0.940978 0.361184
1 0.782484 0.397465 0.787178 0.397465 0.787178 0.414551 0.782484 0.414551
1 0.940270 0.397267 0.944916 0.397267 0.944916 0.414195 0.940270 0.414195
1 0.941450 0.311883 0.945602 0.311883 0.945602 0.328572 0.941450 0.328572
1 0.813521 0.684340 0.817739 0.684340 0.817739 0.701246 0.813521 0.701246
1 0.813803 0.610942 0.818198 0.610942 0.818198 0.627685 0.813803 0.627685
1 0.765145 0.510121 0.769924 0.510121 0.769924 0.527237 0.765145 0.527237
1 0.910519 0.651790 0.915021 0.651790 0.915021 0.668663 0.910519 0.668663
1 0.782580 0.653927 0.786675 0.653927 0.786675 0.670673 0.782580 0.670673
1 0.813771 0.653720 0.817932 0.653720 0.817932 0.670555 0.813771 0.670555
1 0.795785 0.510070 0.800670 0.510070 0.800670 0.527085 0.795785 0.527085
1 0.782162 0.611005 0.786536 0.611005 0.786536 0.628041 0.782162 0.628041
1 0.910123 0.696173 0.914553 0.696173 0.914553 0.713219 0.910123 0.713219
1 0.941825 0.696166 0.945855 0.696166 0.945855 0.713312 0.941825 0.713312
1 0.941658 0.607301 0.945764 0.607301 0.945764 0.624389 0.941658 0.624389
1 0.813457 0.532050 0.818111 0.532050 0.818111 0.549362 0.813457 0.549362
1 0.782229 0.532200 0.786481 0.532200 0.786481 0.549497 0.782229 0.549497
1 0.941693 0.525441 0.945978 0.525441 0.945978 0.542426 0.941693 0.542426
1 0.782320 0.684533 0.786351 0.684533 0.786351 0.701296 0.782320 0.701296
1 0.910307 0.606982 0.914589 0.606982 0.914589 0.624320 0.910307 0.624320
1 0.942054 0.651853 0.946045 0.651853 0.946045 0.668780 0.942054 0.668780
1 0.909730 0.525378 0.914284 0.525378 0.914284 0.542320 0.909730 0.542320
1 0.941567 0.738760 0.945802 0.738760 0.945802 0.755824 0.941567 0.755824
1 0.910324 0.738816 0.914503 0.738816 0.914503 0.755391 0.910324 0.755391
1 0.813181 0.954577 0.817566 0.954577 0.817566 0.971133 0.813181 0.971133
1 0.781412 0.954594 0.786259 0.954594 0.786259 0.971434 0.781412 0.971434
1 0.814103 0.824409 0.818132 0.824409 0.818132 0.841162 0.814103 0.841162
1 0.813924 0.865327 0.818194 0.865327 0.818194 0.882018 0.813924 0.882018
1 0.764570 0.981748 0.769066 0.981748 0.769066 0.998834 0.764570 0.998834
1 0.941753 0.952289 0.945828 0.952289 0.945828 0.969517 0.941753 0.969517
1 0.782836 0.865586 0.786861 0.865586 0.786861 0.882476 0.782836 0.882476
1 0.795981 0.981664 0.800377 0.981664 0.800377 0.999053 0.795981 0.999053
1 0.910724 0.781648 0.914829 0.781648 0.914829 0.798187 0.910724 0.798187
1 0.782660 0.824547 0.786834 0.824547 0.786834 0.841220 0.782660 0.841220
1 0.941858 0.781620 0.945860 0.781620 0.945860 0.798405 0.941858 0.798405
1 0.909705 0.952583 0.914526 0.952583 0.914526 0.969268 0.909705 0.969268
1 0.192704 0.363896 0.201956 0.363896 0.201956 0.367430 0.192704 0.367430
1 0.192845 0.383741 0.202096 0.383741 0.202096 0.387275 0.192845 0.387275
1 0.120833 0.636164 0.123567 0.636164 0.123567 0.644527 0.120833 0.644527
1 0.171091 0.643691 0.179910 0.643691 0.179910 0.647046 0.171091 0.647046
1 0.170848 0.662871 0.179667 0.662871 0.179667 0.666226 0.170848 0.666226
1 0.010166 0.692495 0.030499 0.692495 0.030499 0.704057 0.010166 0.704057
1 0.010266 0.708343 0.030598 0.708343 0.030598 0.720303 0.010266 0.720303
1 0.010366 0.724987 0.030897 0.724987 0.030897 0.736250 0.010366 0.736250
1 0.016878 0.785023 0.022140 0.785023 0.022140 0.801702 0.016878 0.801702
1 0.017077 0.808652 0.021743 0.808652 0.021743 0.825430 0.017077 0.825430
1 0.096601 0.890559 0.126187 0.890559 0.126187 0.909622 0.096601 0.909622
1 0.095906 0.980410 0.124500 0.980410 0.124500 0.996791 0.095906 0.996791
1 0.274195 0.800854 0.300648 0.800854 0.300648 0.820244 0.274195 0.820244
1 0.461444 0.799862 0.488952 0.799862 0.488952 0.817401 0.461444 0.817401
1 0.587499 0.868504 0.632167 0.868504 0.632167 0.889324 0.587499 0.889324
1 0.587499 0.961121 0.631789 0.961121 0.631789 0.981941 0.587499 0.981941
1 0.650251 0.942467 0.667861 0.942467 0.667861 0.945951 0.650251 0.945951
1 0.651946 0.911861 0.668426 0.911861 0.668426 0.915628 0.651946 0.915628
1 0.912369 0.987243 0.929258 0.987243 0.929258 0.991747 0.912369 0.991747
