0 0.004705 0.653301 0.016928 0.653301 0.016928 0.678597 0.004705 0.678597
0 0.116120 0.642096 0.154421 0.642096 0.154421 0.710981 0.116120 0.710981
0 0.474511 0.639603 0.487233 0.639603 0.487233 0.665175 0.474511 0.665175
0 0.663151 0.364754 0.743502 0.364754 0.743502 0.428306 0.663151 0.428306
0 0.051710 0.653861 0.064125 0.653861 0.064125 0.679031 0.051710 0.679031
0 0.120216 0.771385 0.132654 0.771385 0.132654 0.796219 0.120216 0.796219
0 0.867439 0.866880 0.879808 0.866880 0.879808 0.891216 0.867439 0.891216
0 0.909626 0.322472 0.931908 0.322472 0.931908 0.355144 0.909626 0.355144
0 0.867897 0.948148 0.880082 0.948148 0.880082 0.971536 0.867897 0.971536
0 0.318613 0.785004 0.326761 0.785004 0.326761 0.799862 0.318613 0.799862
0 0.651848 0.477908 0.715068 0.477908 0.715068 0.557836 0.651848 0.557836
0 0.772295 0.671980 0.784678 0.671980 0.784678 0.696484 0.772295 0.696484
0 0.159615 0.742236 0.185682 0.742236 0.185682 0.755641 0.159615 0.755641
0 0.773383 0.786397 0.785730 0.786397 0.785730 0.810442 0.773383 0.810442
0 0.346107 0.554073 0.358221 0.554073 0.358221 0.579187 0.346107 0.579187
0 0.570221 0.634404 0.618680 0.634404 0.618680 0.652925 0.570221 0.652925
0 0.884343 0.478163 0.897102 0.478163 0.897102 0.501919 0.884343 0.501919
1 0.539134 0.929938 0.564063 0.929938 0.564063 0.954148 0.539134 0.954148
0 0.675097 0.614871 0.689341 0.614871 0.689341 0.640860 0.675097 0.640860
0 0.867793 0.907952 0.880769 0.907952 0.880769 0.931619 0.867793 0.931619
0 0.399291 0.685535 0.447349 0.685535 0.447349 0.735248 0.399291 0.735248
0 0.211406 0.626357 0.245933 0.626357 0.245933 0.647488 0.211406 0.647488
1 0.599608 0.612150 0.619604 0.612150 0.619604 0.632337 0.599608 0.632337
0 0.893917 0.428205 0.907931 0.428205 0.907931 0.454012 0.893917 0.454012
1 0.502511 0.611708 0.522433 0.611708 0.522433 0.633252 0.502511 0.633252
0 0.622171 0.902776 0.631038 0.902776 0.631038 0.918936 0.622171 0.918936
1 0.534585 0.611967 0.554777 0.611967 0.554777 0.633108 0.534585 0.633108
1 0.719389 0.930009 0.741673 0.930009 0.741673 0.950121 0.719389 0.950121
0 0.770574 0.490329 0.780148 0.490329 0.780148 0.507382 0.770574 0.507382
0 0.671717 0.939437 0.680701 0.939437 0.680701 0.955458 0.671717 0.955458
0 0.063260 0.771187 0.076222 0.771187 0.076222 0.796361 0.063260 0.796361
1 0.682884 0.829159 0.705966 0.829159 0.705966 0.849147 0.682884 0.849147
1 0.761440 0.943960 0.785797 0.943960 0.785797 0.966463 0.761440 0.966463
1 0.567023 0.611967 0.587721 0.611967 0.587721 0.633671 0.567023 0.633671
0 0.771609 0.448512 0.784138 0.448512 0.784138 0.472705 0.771609 0.472705
1 0.710974 0.686832 0.719258 0.686832 0.719258 0.714086 0.710974 0.714086
0 0.653689 0.614871 0.668266 0.614871 0.668266 0.640485 0.653689 0.640485
0 0.867459 0.786501 0.879956 0.786501 0.879956 0.810451 0.867459 0.810451
1 0.683166 0.871358 0.705783 0.871358 0.705783 0.891749 0.683166 0.891749
0 0.612773 0.850555 0.633844 0.850555 0.633844 0.883902 0.612773 0.883902
1 0.583615 0.653517 0.603693 0.653517 0.603693 0.676960 0.583615 0.676960
0 0.868725 0.711493 0.881137 0.711493 0.881137 0.736973 0.868725 0.736973
0 0.021895 0.718073 0.029826 0.718073 0.029826 0.734041 0.021895 0.734041
0 0.314342 0.848328 0.322383 0.848328 0.322383 0.863762 0.314342 0.863762
0 0.463286 0.746053 0.489245 0.746053 0.489245 0.760544 0.463286 0.760544
0 0.466590 0.919955 0.480988 0.919955 0.480988 0.945681 0.466590 0.945681
0 0.771317 0.545128 0.785498 0.545128 0.785498 0.571190 0.771317 0.571190
1 0.863820 0.861235 0.883144 0.861235 0.883144 0.866704 0.863820 0.866704
1 0.673489 0.743776 0.694035 0.743776 0.694035 0.766006 0.673489 0.766006
1 0.619268 0.476629 0.651497 0.476629 0.651497 0.494951 0.619268 0.494951
1 0.704783 0.428536 0.723628 0.428536 0.723628 0.460562 0.704783 0.460562
0 0.608513 0.741869 0.623011 0.741869 0.623011 0.767746 0.608513 0.767746
0 0.307869 0.551086 0.332324 0.551086 0.332324 0.564438 0.307869 0.564438
1 0.725329 0.887382 0.747807 0.887382 0.747807 0.907674 0.725329 0.907674
1 0.724844 0.845198 0.747888 0.845198 0.747888 0.866025 0.724844 0.866025
1 0.657301 0.701246 0.677744 0.701246 0.677744 0.724200 0.657301 0.724200
0 0.706891 0.817057 0.724017 0.817057 0.724017 0.862218 0.706891 0.862218
0 0.078186 0.636776 0.102017 0.636776 0.102017 0.687934 0.078186 0.687934
1 0.753365 0.688878 0.763840 0.688878 0.763840 0.714493 0.753365 0.714493
0 0.584118 0.850713 0.605620 0.850713 0.605620 0.884047 0.584118 0.884047
0 0.642495 0.850120 0.663422 0.850120 0.663422 0.883177 0.642495 0.883177
1 0.683060 0.903755 0.705274 0.903755 0.705274 0.924022 0.683060 0.924022
0 0.707039 0.874564 0.724006 0.874564 0.724006 0.920070 0.707039 0.920070
1 0.641214 0.743750 0.661450 0.743750 0.661450 0.765892 0.641214 0.765892
0 0.743267 0.933818 0.760007 0.933818 0.760007 0.979248 0.743267 0.979248
1 0.864162 0.941925 0.883319 0.941925 0.883319 0.947993 0.864162 0.947993
1 0.725449 0.812995 0.748442 0.812995 0.748442 0.833324 0.725449 0.833324
0 0.772057 0.905776 0.784502 0.905776 0.784502 0.930748 0.772057 0.930748
1 0.246270 0.624107 0.255915 0.624107 0.255915 0.651009 0.246270 0.651009
0 0.867399 0.827141 0.880419 0.827141 0.880419 0.850960 0.867399 0.850960
1 0.710823 0.658705 0.719269 0.658705 0.719269 0.684931 0.710823 0.684931
0 0.644160 0.724778 0.690059 0.724778 0.690059 0.742641 0.644160 0.742641
0 0.890908 0.372503 0.925019 0.372503 0.925019 0.393919 0.890908 0.393919
1 0.518098 0.654623 0.540467 0.654623 0.540467 0.676893 0.518098 0.676893
1 0.719389 0.962277 0.741344 0.962277 0.741344 0.982475 0.719389 0.982475
0 0.294393 0.480522 0.320400 0.480522 0.320400 0.494996 0.294393 0.494996
1 0.619423 0.519731 0.651347 0.519731 0.651347 0.538612 0.619423 0.538612
0 0.476315 0.804100 0.497815 0.804100 0.497815 0.838327 0.476315 0.838327
0 0.719565 0.659651 0.753501 0.659651 0.753501 0.682600 0.719565 0.682600
0 0.772155 0.826430 0.784679 0.826430 0.784679 0.849851 0.772155 0.849851
1 0.906828 0.311518 0.934431 0.311518 0.934431 0.322373 0.906828 0.322373
0 0.503400 0.633847 0.551969 0.633847 0.551969 0.654002 0.503400 0.654002
0 0.169908 0.663285 0.194752 0.663285 0.194752 0.714716 0.169908 0.714716
1 0.753718 0.657093 0.763913 0.657093 0.763913 0.683107 0.753718 0.683107
1 0.880267 0.371545 0.890841 0.371545 0.890841 0.395346 0.880267 0.395346
1 0.768860 0.780503 0.788724 0.780503 0.788724 0.786253 0.768860 0.786253
0 0.476434 0.773261 0.502607 0.773261 0.502607 0.787717 0.476434 0.787717
0 0.521186 0.920696 0.538369 0.920696 0.538369 0.965949 0.521186 0.965949
0 0.192444 0.900770 0.201204 0.900770 0.201204 0.917910 0.192444 0.917910
1 0.863962 0.851161 0.883736 0.851161 0.883736 0.856211 0.863962 0.856211
1 0.489483 0.744327 0.493529 0.744327 0.493529 0.763431 0.489483 0.763431
0 0.253316 0.787858 0.267626 0.787858 0.267626 0.812353 0.253316 0.812353
1 0.618012 0.542120 0.651393 0.542120 0.651393 0.559121 0.618012 0.559121
1 0.497614 0.948466 0.520354 0.948466 0.520354 0.968972 0.497614 0.968972
0 0.313801 0.449827 0.339893 0.449827 0.339893 0.465279 0.313801 0.465279
1 0.639978 0.841065 0.665904 0.841065 0.665904 0.849864 0.639978 0.849864
0 0.877184 0.332580 0.891057 0.332580 0.891057 0.357073 0.877184 0.357073
1 0.769232 0.900230 0.787302 0.900230 0.787302 0.905736 0.769232 0.905736
0 0.719546 0.690533 0.753166 0.690533 0.753166 0.712023 0.719546 0.712023
1 0.165695 0.714908 0.198699 0.714908 0.198699 0.727219 0.165695 0.727219
1 0.908125 0.355420 0.932703 0.355420 0.932703 0.366067 0.908125 0.366067
1 0.768608 0.442025 0.786340 0.442025 0.786340 0.448365 0.768608 0.448365
1 0.473025 0.838525 0.500312 0.838525 0.500312 0.847486 0.473025 0.847486
1 0.201505 0.625492 0.211264 0.625492 0.211264 0.650313 0.201505 0.650313
1 0.865110 0.707224 0.883333 0.707224 0.883333 0.711714 0.865110 0.711714
0 0.039195 0.733259 0.047218 0.733259 0.047218 0.749159 0.039195 0.749159
1 0.767870 0.540376 0.787363 0.540376 0.787363 0.544934 0.767870 0.544934
1 0.925132 0.369385 0.933290 0.369385 0.933290 0.395346 0.925132 0.395346
1 0.661630 0.428486 0.680509 0.428486 0.680509 0.460699 0.661630 0.460699
1 0.073618 0.624375 0.105005 0.624375 0.105005 0.636518 0.073618 0.636518
1 0.864381 0.780764 0.883744 0.780764 0.883744 0.786234 0.864381 0.786234
1 0.619366 0.497658 0.651447 0.497658 0.651447 0.516756 0.619366 0.516756
1 0.495976 0.915918 0.519806 0.915918 0.519806 0.936730 0.495976 0.936730
1 0.683585 0.428464 0.702097 0.428464 0.702097 0.460632 0.683585 0.460632
1 0.472499 0.795157 0.500400 0.795157 0.500400 0.803899 0.472499 0.803899
1 0.769136 0.850230 0.787807 0.850230 0.787807 0.855276 0.769136 0.855276
1 0.735932 0.478553 0.744964 0.478553 0.744964 0.493246 0.735932 0.493246
1 0.727157 0.428486 0.744997 0.428486 0.744997 0.460527 0.727157 0.460527
1 0.447964 0.698245 0.477947 0.698245 0.477947 0.705124 0.447964 0.705124
0 0.816597 0.496999 0.842011 0.496999 0.842011 0.510925 0.816597 0.510925
1 0.447817 0.706605 0.477731 0.706605 0.477731 0.713007 0.447817 0.713007
1 0.073844 0.688128 0.104244 0.688128 0.104244 0.700225 0.073844 0.700225
1 0.320652 0.478112 0.324990 0.478112 0.324990 0.497271 0.320652 0.497271
1 0.610279 0.883901 0.636792 0.883901 0.636792 0.892457 0.610279 0.892457
0 0.159656 0.766191 0.185355 0.766191 0.185355 0.780828 0.159656 0.780828
1 0.864238 0.931817 0.883531 0.931817 0.883531 0.937061 0.864238 0.937061
1 0.369992 0.707026 0.398017 0.707026 0.398017 0.713347 0.369992 0.713347
0 0.070632 0.440956 0.249945 0.440956 0.249945 0.615818 0.070632 0.615818
1 0.769682 0.931027 0.787507 0.931027 0.787507 0.934500 0.769682 0.934500
1 0.368141 0.698628 0.398406 0.698628 0.398406 0.704660 0.368141 0.704660
1 0.369169 0.724154 0.397864 0.724154 0.397864 0.730143 0.369169 0.730143
0 0.089843 0.771599 0.101800 0.771599 0.101800 0.796183 0.089843 0.796183
1 0.344420 0.548674 0.360998 0.548674 0.360998 0.553958 0.344420 0.553958
1 0.640368 0.883513 0.666891 0.883513 0.666891 0.892216 0.640368 0.892216
1 0.736169 0.522116 0.744300 0.522116 0.744300 0.536355 0.736169 0.536355
1 0.581675 0.884480 0.607001 0.884480 0.607001 0.892350 0.581675 0.892350
1 0.166594 0.651755 0.196788 0.651755 0.196788 0.663189 0.166594 0.663189
1 0.251639 0.781539 0.269542 0.781539 0.269542 0.787029 0.251639 0.787029
1 0.370057 0.690132 0.398237 0.690132 0.398237 0.696871 0.370057 0.696871
1 0.876033 0.327905 0.892036 0.327905 0.892036 0.332478 0.876033 0.332478
1 0.332497 0.549273 0.337103 0.549273 0.337103 0.567179 0.332497 0.567179
1 0.868485 0.300249 0.874269 0.300249 0.874269 0.317758 0.868485 0.317758
1 0.580703 0.840901 0.607139 0.840901 0.607139 0.850479 0.580703 0.850479
1 0.448013 0.689495 0.477813 0.689495 0.477813 0.696924 0.448013 0.696924
1 0.839243 0.299698 0.844236 0.299698 0.844236 0.317407 0.839243 0.317407
1 0.447710 0.723913 0.476902 0.723913 0.476902 0.730169 0.447710 0.730169
1 0.875661 0.357196 0.893936 0.357196 0.893936 0.361897 0.875661 0.361897
1 0.059786 0.766075 0.079104 0.766075 0.079104 0.770918 0.059786 0.770918
0 0.306703 0.573716 0.332662 0.573716 0.332662 0.587425 0.306703 0.587425
1 0.252524 0.812560 0.268529 0.812560 0.268529 0.817780 0.252524 0.817780
1 0.049834 0.648784 0.066382 0.648784 0.066382 0.653675 0.049834 0.653675
1 0.735685 0.543328 0.744300 0.543328 0.744300 0.558058 0.735685 0.558058
1 0.769804 0.666891 0.786839 0.666891 0.786839 0.671823 0.769804 0.671823
1 0.333004 0.571856 0.337336 0.571856 0.337336 0.589303 0.333004 0.589303
1 0.001300 0.648814 0.018739 0.648814 0.018739 0.653083 0.001300 0.653083
1 0.116237 0.766133 0.135732 0.766133 0.135732 0.771264 0.116237 0.771264
1 0.864860 0.821338 0.882175 0.821338 0.882175 0.826856 0.864860 0.826856
1 0.770740 0.820794 0.787326 0.820794 0.787326 0.826323 0.770740 0.826323
1 0.609766 0.841120 0.636804 0.841120 0.636804 0.850369 0.609766 0.850369
1 0.575606 0.467434 0.584748 0.467434 0.584748 0.525424 0.575606 0.525424
1 0.842144 0.495403 0.846655 0.495403 0.846655 0.511463 0.842144 0.511463
1 0.472852 0.635050 0.490139 0.635050 0.490139 0.639610 0.472852 0.639610
1 0.458308 0.744310 0.463044 0.744310 0.463044 0.763566 0.458308 0.763566
1 0.768466 0.472931 0.788132 0.472931 0.788132 0.477504 0.768466 0.477504
1 0.882793 0.472957 0.899585 0.472957 0.899585 0.477986 0.882793 0.477986
1 0.706525 0.334218 0.721336 0.334218 0.721336 0.343956 0.706525 0.343956
1 0.302439 0.571626 0.306374 0.571626 0.306374 0.587982 0.302439 0.587982
1 0.344185 0.579355 0.361603 0.579355 0.361603 0.583786 0.344185 0.583786
1 0.303055 0.549962 0.307764 0.549962 0.307764 0.566511 0.303055 0.566511
1 0.464531 0.915501 0.483053 0.915501 0.483053 0.919899 0.464531 0.919899
1 0.465697 0.945904 0.481881 0.945904 0.481881 0.949811 0.465697 0.949811
1 0.671095 0.955525 0.681924 0.955525 0.681924 0.959418 0.671095 0.959418
1 0.670812 0.935969 0.681736 0.935969 0.681736 0.939422 0.670812 0.939422
1 0.607270 0.767903 0.624529 0.767903 0.624529 0.772302 0.607270 0.772302
1 0.606113 0.737196 0.625015 0.737196 0.625015 0.741593 0.606113 0.741593
1 0.318241 0.780371 0.326974 0.780371 0.326974 0.784738 0.318241 0.784738
1 0.317708 0.800181 0.327560 0.800181 0.327560 0.803803 0.317708 0.803803
1 0.060593 0.796425 0.079481 0.796425 0.079481 0.801322 0.060593 0.801322
1 0.085831 0.796048 0.105688 0.796048 0.105688 0.801484 0.085831 0.801484
1 0.086154 0.766182 0.105634 0.766182 0.105634 0.771510 0.086154 0.771510
1 0.117446 0.796475 0.135585 0.796475 0.135585 0.801386 0.117446 0.801386
1 0.155398 0.764197 0.159385 0.764197 0.159385 0.783695 0.155398 0.783695
1 0.185547 0.764305 0.189720 0.764305 0.189720 0.783310 0.185547 0.783310
1 0.185802 0.739783 0.190252 0.739783 0.190252 0.758753 0.185802 0.758753
1 0.154977 0.739608 0.159456 0.739608 0.159456 0.759338 0.154977 0.759338
1 0.121132 0.624183 0.148484 0.624183 0.148484 0.640857 0.121132 0.640857
1 0.121159 0.711495 0.151382 0.711495 0.151382 0.725994 0.121159 0.725994
1 0.002178 0.678728 0.020707 0.678728 0.020707 0.684511 0.002178 0.684511
1 0.049804 0.679212 0.067849 0.679212 0.067849 0.683694 0.049804 0.683694
1 0.253788 0.488927 0.277044 0.488927 0.277044 0.570490 0.253788 0.570490
1 0.041763 0.487193 0.068510 0.487193 0.068510 0.571341 0.041763 0.571341
1 0.339984 0.448219 0.343936 0.448219 0.343936 0.466803 0.339984 0.466803
1 0.309565 0.447933 0.313571 0.447933 0.313571 0.467602 0.309565 0.467602
1 0.289797 0.479292 0.294267 0.479292 0.294267 0.495659 0.289797 0.495659
0 0.549097 0.469630 0.575406 0.469630 0.575406 0.522248 0.549097 0.522248
1 0.540302 0.467546 0.549174 0.467546 0.549174 0.525334 0.540302 0.525334
1 0.736021 0.500561 0.744152 0.500561 0.744152 0.514800 0.736021 0.514800
1 0.770249 0.486572 0.780220 0.486572 0.780220 0.490076 0.770249 0.490076
1 0.770068 0.507562 0.780907 0.507562 0.780907 0.510850 0.770068 0.510850
1 0.810823 0.494061 0.816543 0.494061 0.816543 0.511414 0.810823 0.511414
0 0.757881 0.584163 0.720915 0.621308 0.739376 0.640169 0.776297 0.602697
1 0.752985 0.575204 0.759630 0.582227 0.719071 0.622924 0.711757 0.617085
1 0.778599 0.600671 0.786110 0.606053 0.744141 0.648745 0.737372 0.642552
1 0.866004 0.737503 0.884350 0.737503 0.884350 0.742128 0.866004 0.742128
1 0.864889 0.810592 0.883009 0.810592 0.883009 0.815825 0.864889 0.815825
1 0.865063 0.891350 0.883496 0.891350 0.883496 0.896091 0.865063 0.896091
1 0.865205 0.902212 0.883602 0.902212 0.883602 0.907660 0.865205 0.907660
1 0.864639 0.971768 0.883001 0.971768 0.883001 0.976969 0.864639 0.976969
1 0.881983 0.502279 0.900096 0.502279 0.900096 0.507777 0.881983 0.507777
1 0.891999 0.454161 0.911689 0.454161 0.911689 0.458125 0.891999 0.458125
1 0.893405 0.423773 0.909771 0.423773 0.909771 0.428120 0.893405 0.428120
0 0.844416 0.303233 0.868289 0.303233 0.868289 0.315635 0.844416 0.315635
1 0.728865 0.334398 0.743232 0.334398 0.743232 0.344249 0.728865 0.344249
1 0.663967 0.334504 0.678761 0.334504 0.678761 0.344466 0.663967 0.344466
1 0.685680 0.334266 0.700135 0.334266 0.700135 0.344327 0.685680 0.344327
1 0.768187 0.571318 0.786073 0.571318 0.786073 0.575214 0.768187 0.575214
1 0.770100 0.696719 0.787142 0.696719 0.787142 0.700961 0.770100 0.700961
1 0.770419 0.810564 0.787754 0.810564 0.787754 0.814918 0.770419 0.814918
1 0.621553 0.919290 0.631443 0.919290 0.631443 0.922659 0.621553 0.922659
1 0.622083 0.899072 0.631163 0.899072 0.631163 0.902941 0.622083 0.902941
1 0.313531 0.844275 0.322837 0.844275 0.322837 0.848134 0.313531 0.848134
1 0.313337 0.863827 0.322837 0.863827 0.322837 0.867685 0.313337 0.867685
1 0.192169 0.897590 0.201456 0.897590 0.201456 0.900614 0.192169 0.900614
1 0.191714 0.918068 0.201413 0.918068 0.201413 0.921132 0.191714 0.921132
1 0.471755 0.665199 0.490414 0.665199 0.490414 0.670065 0.471755 0.670065
1 0.502861 0.771689 0.508082 0.771689 0.508082 0.790097 0.502861 0.790097
1 0.472580 0.771486 0.476384 0.771486 0.476384 0.790608 0.472580 0.790608
1 0.021652 0.714410 0.030158 0.714410 0.030158 0.717890 0.021652 0.717890
1 0.021458 0.734322 0.030158 0.734322 0.030158 0.737898 0.021458 0.737898
1 0.039099 0.729682 0.047556 0.729682 0.047556 0.733065 0.039099 0.733065
1 0.038258 0.749446 0.047641 0.749446 0.047641 0.752837 0.038258 0.752837
1 0.652216 0.610672 0.668905 0.610672 0.668905 0.614527 0.652216 0.614527
1 0.651233 0.640766 0.670285 0.640766 0.670285 0.645223 0.651233 0.645223
1 0.672905 0.641021 0.692194 0.641021 0.692194 0.645021 0.672905 0.645021
1 0.674011 0.610868 0.691031 0.610868 0.691031 0.614726 0.674011 0.614726
1 0.448013 0.715306 0.478245 0.715306 0.478245 0.721826 0.448013 0.721826
1 0.368888 0.715412 0.398268 0.715412 0.398268 0.722219 0.368888 0.722219
1 0.188921 0.323510 0.208318 0.323510 0.208318 0.350161 0.188921 0.350161
0 0.015276 0.249367 0.186397 0.249367 0.186397 0.421911 0.015276 0.421911
1 0.004150 0.820704 0.010446 0.820704 0.010446 0.850354 0.004150 0.850354
1 0.012769 0.820704 0.019066 0.820704 0.019066 0.850354 0.012769 0.850354
1 0.029459 0.820582 0.035756 0.820582 0.035756 0.850231 0.029459 0.850231
1 0.020839 0.820582 0.027136 0.820582 0.027136 0.850231 0.020839 0.850231
1 0.063449 0.820643 0.069745 0.820643 0.069745 0.850292 0.063449 0.850292
1 0.054829 0.820643 0.061126 0.820643 0.061126 0.850292 0.054829 0.850292
1 0.046759 0.820765 0.053056 0.820765 0.053056 0.850415 0.046759 0.850415
1 0.038140 0.820765 0.044436 0.820765 0.044436 0.850415 0.038140 0.850415
1 0.097500 0.820582 0.103797 0.820582 0.103797 0.850231 0.097500 0.850231
1 0.088880 0.820582 0.095177 0.820582 0.095177 0.850231 0.088880 0.850231
1 0.080811 0.820704 0.087107 0.820704 0.087107 0.850354 0.080811 0.850354
1 0.072191 0.820704 0.078488 0.820704 0.078488 0.850354 0.072191 0.850354
1 0.123115 0.820582 0.129411 0.820582 0.129411 0.850231 0.123115 0.850231
1 0.114495 0.820582 0.120792 0.820582 0.120792 0.850231 0.114495 0.850231
1 0.106425 0.820704 0.112722 0.820704 0.112722 0.850354 0.106425 0.850354
1 0.147446 0.867165 0.175445 0.867165 0.175445 0.874562 0.147446 0.874562
1 0.147507 0.875907 0.176973 0.875907 0.176973 0.882938 0.147507 0.882938
1 0.147507 0.884649 0.177217 0.884649 0.177217 0.891741 0.147507 0.891741
1 0.147568 0.893391 0.177034 0.893391 0.177034 0.900422 0.147568 0.900422
1 0.147384 0.901522 0.176851 0.901522 0.176851 0.908552 0.147384 0.908552
1 0.147384 0.910264 0.177095 0.910264 0.177095 0.917355 0.147384 0.917355
1 0.147446 0.919006 0.176912 0.919006 0.176912 0.926036 0.147446 0.926036
1 0.147384 0.927069 0.176851 0.927069 0.176851 0.934099 0.147384 0.934099
1 0.147384 0.935811 0.177095 0.935811 0.177095 0.942902 0.147384 0.942902
1 0.147446 0.944553 0.176912 0.944553 0.176912 0.951583 0.147446 0.951583
1 0.147792 0.952480 0.177258 0.952480 0.177258 0.959510 0.147792 0.959510
1 0.147792 0.961222 0.177503 0.961222 0.177503 0.968313 0.147792 0.968313
1 0.147853 0.969964 0.177319 0.969964 0.177319 0.976994 0.147853 0.976994
1 0.147249 0.978276 0.176959 0.978276 0.176959 0.985367 0.147249 0.985367
1 0.147310 0.987018 0.176776 0.987018 0.176776 0.994048 0.147310 0.994048
1 0.865308 0.983181 0.882955 0.983181 0.882955 0.988616 0.865308 0.988616
