0 0.087264 0.098118 0.145006 0.098118 0.145006 0.147610 0.087264 0.147610
1 0.145006 0.098118 0.150215 0.098118 0.150215 0.145440 0.145006 0.145440
1 0.080752 0.097249 0.087264 0.097249 0.087264 0.145440 0.080752 0.145440
1 0.242689 0.097683 0.247899 0.097683 0.247899 0.145006 0.242689 0.145006
0 0.184947 0.097683 0.242689 0.097683 0.242689 0.147176 0.184947 0.147176
1 0.178435 0.096815 0.184947 0.096815 0.184947 0.145006 0.178435 0.145006
1 0.240952 0.178001 0.246162 0.178001 0.246162 0.225323 0.240952 0.225323
0 0.183211 0.178869 0.240952 0.178869 0.240952 0.228362 0.183211 0.228362
1 0.176698 0.178001 0.183211 0.178001 0.183211 0.226191 0.176698 0.226191
1 0.143269 0.179303 0.148479 0.179303 0.148479 0.226625 0.143269 0.226625
0 0.085527 0.179303 0.143269 0.179303 0.143269 0.228796 0.085527 0.228796
1 0.079015 0.178435 0.085527 0.178435 0.085527 0.226625 0.079015 0.226625
1 0.076410 0.254411 0.082922 0.254411 0.082922 0.302601 0.076410 0.302601
0 0.082922 0.255279 0.140664 0.255279 0.140664 0.304772 0.082922 0.304772
1 0.140664 0.255279 0.145874 0.255279 0.145874 0.302601 0.140664 0.302601
1 0.174093 0.253977 0.180606 0.253977 0.180606 0.302167 0.174093 0.302167
0 0.180606 0.254845 0.238347 0.254845 0.238347 0.304338 0.180606 0.304338
1 0.238347 0.253977 0.243557 0.253977 0.243557 0.301299 0.238347 0.301299
0 0.230849 0.158432 0.246028 0.158432 0.246028 0.165705 0.230849 0.165705
1 0.247293 0.156218 0.251404 0.156218 0.251404 0.166970 0.247293 0.166970
1 0.226106 0.156851 0.230217 0.156851 0.230217 0.167603 0.226106 0.167603
1 0.211875 0.156218 0.215986 0.156218 0.215986 0.166970 0.211875 0.166970
0 0.195747 0.158432 0.210926 0.158432 0.210926 0.165705 0.195747 0.165705
1 0.190688 0.156851 0.194799 0.156851 0.194799 0.167603 0.190688 0.167603
0 0.126746 0.157800 0.141925 0.157800 0.141925 0.165073 0.126746 0.165073
1 0.121370 0.156535 0.125481 0.156535 0.125481 0.167286 0.121370 0.167286
1 0.142241 0.155902 0.146352 0.155902 0.146352 0.166654 0.142241 0.166654
1 0.157483 0.156535 0.161594 0.156535 0.161594 0.167286 0.157483 0.167286
0 0.162227 0.158116 0.177406 0.158116 0.177406 0.165389 0.162227 0.165389
1 0.178671 0.155902 0.182782 0.155902 0.182782 0.166654 0.178671 0.166654
0 0.093921 0.158116 0.109100 0.158116 0.109100 0.165389 0.093921 0.165389
1 0.110681 0.157483 0.114792 0.157483 0.114792 0.168235 0.110681 0.168235
1 0.110681 0.157483 0.114792 0.157483 0.114792 0.168235 0.110681 0.168235
1 0.387415 0.132501 0.391526 0.132501 0.391526 0.143253 0.387415 0.143253
0 0.371256 0.134715 0.386435 0.134715 0.386435 0.141988 0.371256 0.141988
1 0.366512 0.133133 0.370623 0.133133 0.370623 0.143885 0.366512 0.143885
1 0.399938 0.133133 0.404049 0.133133 0.404049 0.143885 0.399938 0.143885
0 0.405029 0.134398 0.420208 0.134398 0.420208 0.141672 0.405029 0.141672
1 0.420525 0.132501 0.424636 0.132501 0.424636 0.143253 0.420525 0.143253
1 0.434439 0.133133 0.438550 0.133133 0.438550 0.143885 0.434439 0.143885
0 0.438898 0.134999 0.454077 0.134999 0.454077 0.142273 0.438898 0.142273
1 0.455342 0.132501 0.459453 0.132501 0.459453 0.143253 0.455342 0.143253
1 0.467359 0.133450 0.471470 0.133450 0.471470 0.144202 0.467359 0.144202
0 0.472988 0.135031 0.488167 0.135031 0.488167 0.142304 0.472988 0.142304
1 0.488546 0.133102 0.492657 0.133102 0.492657 0.143854 0.488546 0.143854
1 0.503346 0.133450 0.507457 0.133450 0.507457 0.144202 0.503346 0.144202
0 0.508564 0.135315 0.523743 0.135315 0.523743 0.142589 0.508564 0.142589
1 0.523964 0.133102 0.528075 0.133102 0.528075 0.143854 0.523964 0.143854
0 0.609094 0.134999 0.624273 0.134999 0.624273 0.142273 0.609094 0.142273
1 0.694444 0.133102 0.698555 0.133102 0.698555 0.143854 0.694444 0.143854
0 0.677906 0.134746 0.693085 0.134746 0.693085 0.142020 0.677906 0.142020
1 0.672972 0.133734 0.677083 0.133734 0.677083 0.144486 0.672972 0.144486
1 0.658742 0.133102 0.662853 0.133102 0.662853 0.143854 0.658742 0.143854
0 0.643183 0.135031 0.658362 0.135031 0.658362 0.142304 0.643183 0.142304
1 0.637554 0.133450 0.641665 0.133450 0.641665 0.144202 0.637554 0.144202
1 0.625538 0.132501 0.629649 0.132501 0.629649 0.143253 0.625538 0.143253
1 0.604635 0.133133 0.608746 0.133133 0.608746 0.143885 0.604635 0.143885
1 0.590721 0.132501 0.594832 0.132501 0.594832 0.143253 0.590721 0.143253
0 0.575225 0.134398 0.590404 0.134398 0.590404 0.141672 0.575225 0.141672
1 0.570134 0.133133 0.574245 0.133133 0.574245 0.143885 0.570134 0.143885
1 0.557611 0.132501 0.561722 0.132501 0.561722 0.143253 0.557611 0.143253
0 0.541452 0.134715 0.556631 0.134715 0.556631 0.141988 0.541452 0.141988
1 0.536708 0.133133 0.540819 0.133133 0.540819 0.143885 0.536708 0.143885
0 0.025971 0.158116 0.041150 0.158116 0.041150 0.165389 0.025971 0.165389
1 0.042731 0.157483 0.046842 0.157483 0.046842 0.168235 0.042731 0.168235
1 0.087912 0.157128 0.092023 0.157128 0.092023 0.167879 0.087912 0.167879
1 0.054471 0.156772 0.058582 0.156772 0.058582 0.167524 0.054471 0.167524
0 0.060479 0.157760 0.075658 0.157760 0.075658 0.165033 0.060479 0.165033
1 0.077240 0.157128 0.081351 0.157128 0.081351 0.167879 0.077240 0.167879
1 0.021169 0.156997 0.025280 0.156997 0.025280 0.167749 0.021169 0.167749
0 0.355178 0.094527 0.406689 0.094527 0.406689 0.118171 0.355178 0.118171
1 0.407252 0.092557 0.417385 0.092557 0.417385 0.119860 0.407252 0.119860
1 0.344200 0.092838 0.354334 0.092838 0.354334 0.120142 0.344200 0.120142
0 0.453978 0.094808 0.505489 0.094808 0.505489 0.118453 0.453978 0.118453
1 0.505770 0.092838 0.515904 0.092838 0.515904 0.120142 0.505770 0.120142
1 0.443000 0.093119 0.453133 0.093119 0.453133 0.120423 0.443000 0.120423
1 0.701701 0.092838 0.711834 0.092838 0.711834 0.120142 0.701701 0.120142
0 0.649908 0.094808 0.701419 0.094808 0.701419 0.118453 0.649908 0.118453
1 0.638931 0.093119 0.649064 0.093119 0.649064 0.120423 0.638931 0.120423
1 0.603182 0.092557 0.613316 0.092557 0.613316 0.119860 0.603182 0.119860
0 0.551109 0.094527 0.602620 0.094527 0.602620 0.118171 0.551109 0.118171
1 0.540131 0.092838 0.550264 0.092838 0.550264 0.120142 0.540131 0.120142
1 0.700802 0.157549 0.710935 0.157549 0.710935 0.184853 0.700802 0.184853
0 0.649459 0.159519 0.700970 0.159519 0.700970 0.183164 0.649459 0.183164
1 0.638481 0.157830 0.648614 0.157830 0.648614 0.185134 0.638481 0.185134
1 0.602733 0.157267 0.612866 0.157267 0.612866 0.184571 0.602733 0.184571
0 0.550659 0.159238 0.602170 0.159238 0.602170 0.182882 0.550659 0.182882
1 0.540131 0.157549 0.550264 0.157549 0.550264 0.184853 0.540131 0.184853
1 0.505770 0.157549 0.515904 0.157549 0.515904 0.184853 0.505770 0.184853
0 0.453978 0.159519 0.505489 0.159519 0.505489 0.183164 0.453978 0.183164
1 0.441293 0.157830 0.453133 0.157830 0.453133 0.182449 0.441293 0.182449
1 0.407252 0.157267 0.417385 0.157267 0.417385 0.184571 0.407252 0.184571
0 0.355178 0.159238 0.406689 0.159238 0.406689 0.182882 0.355178 0.182882
1 0.344200 0.157549 0.354334 0.157549 0.354334 0.184853 0.344200 0.184853
1 0.344226 0.216418 0.355232 0.216418 0.355232 0.244913 0.344226 0.244913
0 0.357708 0.216309 0.407588 0.216309 0.407588 0.244464 0.357708 0.244464
1 0.408151 0.216136 0.418284 0.216136 0.418284 0.243440 0.408151 0.243440
1 0.440843 0.216699 0.454032 0.216699 0.454032 0.244014 0.440843 0.244014
0 0.455224 0.217040 0.507286 0.217040 0.507286 0.245362 0.455224 0.245362
1 0.506669 0.216418 0.516802 0.216418 0.516802 0.243722 0.506669 0.243722
1 0.541030 0.216418 0.551163 0.216418 0.551163 0.243722 0.541030 0.243722
0 0.551391 0.216759 0.603069 0.216759 0.603069 0.244464 0.551391 0.244464
1 0.603632 0.215687 0.613765 0.215687 0.613765 0.242991 0.603632 0.242991
1 0.637582 0.216250 0.647716 0.216250 0.647716 0.243554 0.637582 0.243554
0 0.649356 0.217040 0.700521 0.217040 0.700521 0.244913 0.649356 0.244913
1 0.700353 0.215969 0.710486 0.215969 0.710486 0.243272 0.700353 0.243272
1 0.699903 0.276819 0.714067 0.276819 0.714067 0.303489 0.699903 0.303489
0 0.648458 0.277257 0.699622 0.277257 0.699622 0.305130 0.648458 0.305130
1 0.636684 0.276467 0.646817 0.276467 0.646817 0.303771 0.636684 0.303771
1 0.602733 0.275904 0.612866 0.275904 0.612866 0.303208 0.602733 0.303208
0 0.550942 0.276526 0.602620 0.276526 0.602620 0.304231 0.550942 0.304231
1 0.540580 0.276186 0.550713 0.276186 0.550713 0.303489 0.540580 0.303489
1 0.506669 0.216418 0.516802 0.216418 0.516802 0.243722 0.506669 0.243722
0 0.454774 0.276808 0.506837 0.276808 0.506837 0.305130 0.454774 0.305130
1 0.442053 0.276467 0.453404 0.276467 0.453404 0.302874 0.442053 0.302874
1 0.407701 0.275904 0.417835 0.275904 0.417835 0.303208 0.407701 0.303208
0 0.357258 0.276077 0.407138 0.276077 0.407138 0.304231 0.357258 0.304231
1 0.344650 0.276186 0.354783 0.276186 0.354783 0.303489 0.344650 0.303489
0 0.230200 0.238018 0.239182 0.238018 0.239182 0.243340 0.230200 0.243340
1 0.239348 0.236521 0.245170 0.236521 0.245170 0.244504 0.239348 0.244504
1 0.224212 0.236687 0.230034 0.236687 0.230034 0.244671 0.224212 0.244671
1 0.213734 0.236521 0.219555 0.236521 0.219555 0.244504 0.213734 0.244504
0 0.204419 0.237519 0.213401 0.237519 0.213401 0.242841 0.204419 0.242841
1 0.198431 0.236354 0.204253 0.236354 0.204253 0.244338 0.198431 0.244338
1 0.187786 0.236687 0.193608 0.236687 0.193608 0.244671 0.187786 0.244671
0 0.178804 0.238184 0.187786 0.238184 0.187786 0.243506 0.178804 0.243506
1 0.172816 0.236853 0.178638 0.236853 0.178638 0.244837 0.172816 0.244837
1 0.162338 0.236687 0.168159 0.236687 0.168159 0.244671 0.162338 0.244671
1 0.147035 0.236521 0.152857 0.236521 0.152857 0.244504 0.147035 0.244504
0 0.153023 0.237685 0.162005 0.237685 0.162005 0.243008 0.153023 0.243008
1 0.084828 0.236521 0.090650 0.236521 0.090650 0.244504 0.084828 0.244504
0 0.075846 0.238018 0.084828 0.238018 0.084828 0.243340 0.075846 0.243340
1 0.069858 0.236687 0.075680 0.236687 0.075680 0.244671 0.069858 0.244671
1 0.059380 0.236354 0.065201 0.236354 0.065201 0.244338 0.059380 0.244338
0 0.050232 0.237519 0.059213 0.237519 0.059213 0.242841 0.050232 0.242841
1 0.044077 0.236354 0.049899 0.236354 0.049899 0.244338 0.044077 0.244338
1 0.095473 0.236188 0.101295 0.236188 0.101295 0.244172 0.095473 0.244172
0 0.101461 0.237352 0.110443 0.237352 0.110443 0.242675 0.101461 0.242675
1 0.110775 0.236354 0.116597 0.236354 0.116597 0.244338 0.110775 0.244338
1 0.121254 0.236521 0.127076 0.236521 0.127076 0.244504 0.121254 0.244504
0 0.127242 0.237851 0.136224 0.237851 0.136224 0.243174 0.127242 0.243174
1 0.136390 0.236354 0.142212 0.236354 0.142212 0.244338 0.136390 0.244338
1 0.033765 0.236354 0.039586 0.236354 0.039586 0.244338 0.033765 0.244338
0 0.024617 0.237519 0.033599 0.237519 0.033599 0.242841 0.024617 0.242841
1 0.018463 0.236354 0.024284 0.236354 0.024284 0.244338 0.018463 0.244338
1 0.009148 0.236521 0.014970 0.236521 0.014970 0.244504 0.009148 0.244504
0 0.377515 0.197746 0.388692 0.197746 0.388692 0.202869 0.377515 0.202869
1 0.388692 0.197901 0.391331 0.197901 0.391331 0.202558 0.388692 0.202558
1 0.375031 0.197901 0.377670 0.197901 0.377670 0.202558 0.375031 0.202558
1 0.398472 0.197746 0.401112 0.197746 0.401112 0.202403 0.398472 0.202403
0 0.400956 0.197591 0.412134 0.197591 0.412134 0.202714 0.400956 0.202714
1 0.412134 0.197746 0.414773 0.197746 0.414773 0.202403 0.412134 0.202403
1 0.459016 0.197435 0.461655 0.197435 0.461655 0.202093 0.459016 0.202093
0 0.447839 0.197280 0.459016 0.197280 0.459016 0.202403 0.447839 0.202403
1 0.445510 0.197435 0.448150 0.197435 0.448150 0.202093 0.445510 0.202093
1 0.435730 0.197591 0.438369 0.197591 0.438369 0.202248 0.435730 0.202248
0 0.424708 0.197435 0.435885 0.197435 0.435885 0.202558 0.424708 0.202558
1 0.422224 0.197591 0.424863 0.197591 0.424863 0.202248 0.422224 0.202248
1 0.515679 0.197435 0.518318 0.197435 0.518318 0.202093 0.515679 0.202093
0 0.518163 0.197280 0.529341 0.197280 0.529341 0.202403 0.518163 0.202403
1 0.529185 0.197435 0.531824 0.197435 0.531824 0.202093 0.529185 0.202093
1 0.538965 0.197280 0.541605 0.197280 0.541605 0.201937 0.538965 0.201937
0 0.541294 0.197125 0.552471 0.197125 0.552471 0.202248 0.541294 0.202248
1 0.552471 0.197280 0.555111 0.197280 0.555111 0.201937 0.552471 0.201937
1 0.505589 0.197591 0.508228 0.197591 0.508228 0.202248 0.505589 0.202248
0 0.494567 0.197435 0.505744 0.197435 0.505744 0.202558 0.494567 0.202558
1 0.492238 0.197591 0.494877 0.197591 0.494877 0.202248 0.492238 0.202248
1 0.482458 0.197746 0.485097 0.197746 0.485097 0.202403 0.482458 0.202403
0 0.471280 0.197591 0.482458 0.197591 0.482458 0.202714 0.471280 0.202714
1 0.468797 0.197746 0.471436 0.197746 0.471436 0.202403 0.468797 0.202403
1 0.609600 0.197435 0.612239 0.197435 0.612239 0.202093 0.609600 0.202093
0 0.612084 0.197280 0.623261 0.197280 0.623261 0.202403 0.612084 0.202403
1 0.623106 0.197435 0.625745 0.197435 0.625745 0.202093 0.623106 0.202093
1 0.632886 0.197280 0.635525 0.197280 0.635525 0.201937 0.632886 0.201937
0 0.635215 0.197125 0.646392 0.197125 0.646392 0.202248 0.635215 0.202248
1 0.646392 0.197280 0.649031 0.197280 0.649031 0.201937 0.646392 0.201937
1 0.656172 0.197591 0.658811 0.197591 0.658811 0.202248 0.656172 0.202248
0 0.658656 0.197435 0.669834 0.197435 0.669834 0.202558 0.658656 0.202558
1 0.669834 0.197591 0.672473 0.197591 0.672473 0.202248 0.669834 0.202248
1 0.679614 0.197435 0.682253 0.197435 0.682253 0.202093 0.679614 0.202093
0 0.681787 0.197280 0.692964 0.197280 0.692964 0.202403 0.681787 0.202403
1 0.692654 0.197435 0.695293 0.197435 0.695293 0.202093 0.692654 0.202093
1 0.599509 0.197591 0.602149 0.197591 0.602149 0.202248 0.599509 0.202248
0 0.588332 0.197435 0.599509 0.197435 0.599509 0.202558 0.588332 0.202558
1 0.585848 0.197591 0.588487 0.197591 0.588487 0.202248 0.585848 0.202248
1 0.576068 0.197746 0.578707 0.197746 0.578707 0.202403 0.576068 0.202403
0 0.564891 0.197591 0.576068 0.197591 0.576068 0.202714 0.564891 0.202714
1 0.562407 0.197746 0.565046 0.197746 0.565046 0.202403 0.562407 0.202403
1 0.692654 0.257350 0.695293 0.257350 0.695293 0.262008 0.692654 0.262008
0 0.681787 0.257195 0.692964 0.257195 0.692964 0.262318 0.681787 0.262318
1 0.679614 0.257350 0.682253 0.257350 0.682253 0.262008 0.679614 0.262008
1 0.669834 0.257506 0.672473 0.257506 0.672473 0.262163 0.669834 0.262163
0 0.658656 0.257350 0.669834 0.257350 0.669834 0.262473 0.658656 0.262473
1 0.656172 0.257506 0.658811 0.257506 0.658811 0.262163 0.656172 0.262163
1 0.646392 0.257195 0.649031 0.257195 0.649031 0.261852 0.646392 0.261852
0 0.635215 0.257040 0.646392 0.257040 0.646392 0.262163 0.635215 0.262163
1 0.632886 0.257195 0.635525 0.257195 0.635525 0.261852 0.632886 0.261852
1 0.623106 0.257350 0.625745 0.257350 0.625745 0.262008 0.623106 0.262008
0 0.612084 0.257195 0.623261 0.257195 0.623261 0.262318 0.612084 0.262318
1 0.609600 0.257350 0.612239 0.257350 0.612239 0.262008 0.609600 0.262008
1 0.599509 0.257506 0.602149 0.257506 0.602149 0.262163 0.599509 0.262163
0 0.588332 0.257350 0.599509 0.257350 0.599509 0.262473 0.588332 0.262473
1 0.585848 0.257506 0.588487 0.257506 0.588487 0.262163 0.585848 0.262163
1 0.576068 0.257661 0.578707 0.257661 0.578707 0.262318 0.576068 0.262318
0 0.564891 0.257506 0.576068 0.257506 0.576068 0.262629 0.564891 0.262629
1 0.562407 0.257661 0.565046 0.257661 0.565046 0.262318 0.562407 0.262318
1 0.552471 0.257195 0.555111 0.257195 0.555111 0.261852 0.552471 0.261852
0 0.541441 0.257040 0.552619 0.257040 0.552619 0.262163 0.541441 0.262163
1 0.539113 0.257195 0.541752 0.257195 0.541752 0.261852 0.539113 0.261852
1 0.529333 0.257350 0.531972 0.257350 0.531972 0.262008 0.529333 0.262008
0 0.518310 0.257195 0.529488 0.257195 0.529488 0.262318 0.518310 0.262318
1 0.515827 0.257350 0.518466 0.257350 0.518466 0.262008 0.515827 0.262008
1 0.374565 0.257661 0.377204 0.257661 0.377204 0.262318 0.374565 0.262318
0 0.377049 0.257506 0.388227 0.257506 0.388227 0.262629 0.377049 0.262629
1 0.388227 0.257661 0.390866 0.257661 0.390866 0.262318 0.388227 0.262318
1 0.398007 0.257506 0.400646 0.257506 0.400646 0.262163 0.398007 0.262163
0 0.400491 0.257350 0.411668 0.257350 0.411668 0.262473 0.400491 0.262473
1 0.411668 0.257506 0.414307 0.257506 0.414307 0.262163 0.411668 0.262163
1 0.421759 0.257350 0.424398 0.257350 0.424398 0.262008 0.421759 0.262008
0 0.424242 0.257195 0.435420 0.257195 0.435420 0.262318 0.424242 0.262318
1 0.435265 0.257350 0.437904 0.257350 0.437904 0.262008 0.435265 0.262008
1 0.445045 0.257195 0.447684 0.257195 0.447684 0.261852 0.445045 0.261852
0 0.447521 0.257040 0.458698 0.257040 0.458698 0.262163 0.447521 0.262163
1 0.458698 0.257195 0.461337 0.257195 0.461337 0.261852 0.458698 0.261852
1 0.468478 0.257506 0.471117 0.257506 0.471117 0.262163 0.468478 0.262163
0 0.470962 0.257350 0.482139 0.257350 0.482139 0.262473 0.470962 0.262473
1 0.482139 0.257506 0.484778 0.257506 0.484778 0.262163 0.482139 0.262163
1 0.491919 0.257350 0.494559 0.257350 0.494559 0.262008 0.491919 0.262008
0 0.494534 0.257048 0.505712 0.257048 0.505712 0.262171 0.494534 0.262171
1 0.504960 0.257350 0.507599 0.257350 0.507599 0.262008 0.504960 0.262008
0 0.043496 0.364207 0.091217 0.364207 0.091217 0.419998 0.043496 0.419998
1 0.042794 0.357189 0.092269 0.357189 0.092269 0.363505 0.042794 0.363505
1 0.043145 0.420700 0.092620 0.420700 0.092620 0.427015 0.043145 0.427015
1 0.128762 0.356838 0.178237 0.356838 0.178237 0.363154 0.128762 0.363154
0 0.129463 0.363856 0.178587 0.363856 0.178587 0.419647 0.129463 0.419647
1 0.129112 0.420349 0.178587 0.420349 0.178587 0.426665 0.129112 0.426665
1 0.223852 0.420700 0.273327 0.420700 0.273327 0.427015 0.223852 0.427015
0 0.224203 0.364207 0.273327 0.364207 0.273327 0.419998 0.224203 0.419998
1 0.223501 0.357189 0.272976 0.357189 0.272976 0.363505 0.223501 0.363505
1 0.223852 0.522457 0.273327 0.522457 0.273327 0.528773 0.223852 0.528773
0 0.224203 0.465964 0.273327 0.465964 0.273327 0.521755 0.224203 0.521755
1 0.223501 0.458946 0.272976 0.458946 0.272976 0.465262 0.223501 0.465262
1 0.129112 0.522106 0.178587 0.522106 0.178587 0.528422 0.129112 0.528422
0 0.129463 0.465613 0.178587 0.465613 0.178587 0.521404 0.129463 0.521404
1 0.128762 0.458595 0.178237 0.458595 0.178237 0.464911 0.128762 0.464911
1 0.042794 0.458946 0.092269 0.458946 0.092269 0.465262 0.042794 0.465262
0 0.043496 0.465964 0.091217 0.465964 0.091217 0.521755 0.043496 0.521755
1 0.043145 0.522457 0.092620 0.522457 0.092620 0.528773 0.043145 0.528773
1 0.043145 0.626319 0.092620 0.626319 0.092620 0.632635 0.043145 0.632635
0 0.043496 0.569827 0.091217 0.569827 0.091217 0.625618 0.043496 0.625618
1 0.042794 0.562809 0.092269 0.562809 0.092269 0.569125 0.042794 0.569125
1 0.128762 0.562458 0.178237 0.562458 0.178237 0.568774 0.128762 0.568774
0 0.129463 0.569476 0.178587 0.569476 0.178587 0.625267 0.129463 0.625267
1 0.129112 0.625968 0.178587 0.625968 0.178587 0.632284 0.129112 0.632284
1 0.223852 0.626319 0.273327 0.626319 0.273327 0.632635 0.223852 0.632635
0 0.224203 0.569827 0.273327 0.569827 0.273327 0.625618 0.224203 0.625618
1 0.223501 0.562809 0.272976 0.562809 0.272976 0.569125 0.223501 0.569125
1 0.209993 0.366612 0.214104 0.366612 0.214104 0.377364 0.209993 0.377364
0 0.193248 0.367244 0.210287 0.367244 0.210287 0.377341 0.193248 0.377341
1 0.188683 0.366256 0.192794 0.366256 0.192794 0.377008 0.188683 0.377008
1 0.189307 0.385623 0.193418 0.385623 0.193418 0.396375 0.189307 0.396375
1 0.209785 0.385979 0.213896 0.385979 0.213896 0.396731 0.209785 0.396731
0 0.193248 0.386612 0.210078 0.386612 0.210078 0.397541 0.193248 0.397541
1 0.209160 0.404722 0.213271 0.404722 0.213271 0.415474 0.209160 0.415474
0 0.193039 0.405354 0.209454 0.405354 0.209454 0.414826 0.193039 0.414826
1 0.188891 0.404366 0.193002 0.404366 0.193002 0.415118 0.188891 0.415118
1 0.208952 0.424089 0.213063 0.424089 0.213063 0.434841 0.208952 0.434841
0 0.192831 0.424721 0.209245 0.424721 0.209245 0.434193 0.192831 0.434193
1 0.188474 0.423733 0.192585 0.423733 0.192585 0.434485 0.188474 0.434485
1 0.208744 0.442831 0.212855 0.442831 0.212855 0.453583 0.208744 0.453583
0 0.192623 0.443464 0.209037 0.443464 0.209037 0.452935 0.192623 0.452935
1 0.188266 0.442476 0.192377 0.442476 0.192377 0.453228 0.188266 0.453228
1 0.209160 0.538210 0.213271 0.538210 0.213271 0.548962 0.209160 0.548962
0 0.192415 0.539051 0.208829 0.539051 0.208829 0.548522 0.192415 0.548522
1 0.188058 0.538062 0.192169 0.538062 0.192169 0.548814 0.188058 0.548814
1 0.208327 0.519259 0.212438 0.519259 0.212438 0.530011 0.208327 0.530011
0 0.192206 0.519892 0.208621 0.519892 0.208621 0.529363 0.192206 0.529363
1 0.187850 0.518903 0.191961 0.518903 0.191961 0.529655 0.187850 0.529655
1 0.208536 0.499892 0.212647 0.499892 0.212647 0.510644 0.208536 0.510644
0 0.192415 0.500524 0.208829 0.500524 0.208829 0.509996 0.192415 0.509996
1 0.188266 0.499536 0.192377 0.499536 0.192377 0.510288 0.188266 0.510288
1 0.209160 0.481149 0.213271 0.481149 0.213271 0.491901 0.209160 0.491901
0 0.192623 0.481782 0.209454 0.481782 0.209454 0.492711 0.192623 0.492711
1 0.188683 0.480794 0.192794 0.480794 0.192794 0.491546 0.188683 0.491546
1 0.209369 0.461782 0.213480 0.461782 0.213480 0.472534 0.209369 0.472534
0 0.192623 0.462415 0.209662 0.462415 0.209662 0.472511 0.192623 0.472511
1 0.188058 0.462259 0.192169 0.462259 0.192169 0.473011 0.188058 0.473011
1 0.208327 0.614846 0.212438 0.614846 0.212438 0.625598 0.208327 0.625598
0 0.192206 0.615478 0.208621 0.615478 0.208621 0.624950 0.192206 0.624950
1 0.187850 0.614490 0.191961 0.614490 0.191961 0.625242 0.187850 0.625242
1 0.208327 0.596104 0.212438 0.596104 0.212438 0.606855 0.208327 0.606855
0 0.192415 0.596736 0.208829 0.596736 0.208829 0.606208 0.192415 0.606208
1 0.188058 0.595748 0.192169 0.595748 0.192169 0.606500 0.188058 0.606500
1 0.208536 0.576736 0.212647 0.576736 0.212647 0.587488 0.208536 0.587488
0 0.192415 0.577369 0.208829 0.577369 0.208829 0.586840 0.192415 0.586840
1 0.188266 0.576381 0.192377 0.576381 0.192377 0.587132 0.188266 0.587132
1 0.209160 0.557994 0.213271 0.557994 0.213271 0.568746 0.209160 0.568746
0 0.192623 0.558626 0.209454 0.558626 0.209454 0.569556 0.192623 0.569556
1 0.188683 0.557638 0.192794 0.557638 0.192794 0.568390 0.188683 0.568390
1 0.675643 0.360950 0.679754 0.360950 0.679754 0.371702 0.675643 0.371702
0 0.658897 0.361582 0.675936 0.361582 0.675936 0.371679 0.658897 0.371679
1 0.654332 0.360594 0.658443 0.360594 0.658443 0.371346 0.654332 0.371346
1 0.654225 0.381669 0.658336 0.381669 0.658336 0.392421 0.654225 0.392421
0 0.658409 0.382413 0.675240 0.382413 0.675240 0.393342 0.658409 0.393342
1 0.674947 0.382513 0.679058 0.382513 0.679058 0.393264 0.674947 0.393264
1 0.674810 0.403939 0.678921 0.403939 0.678921 0.414690 0.674810 0.414690
0 0.658933 0.404083 0.675347 0.404083 0.675347 0.413555 0.658933 0.413555
1 0.654784 0.403827 0.658895 0.403827 0.658895 0.414579 0.654784 0.414579
1 0.654124 0.425146 0.658235 0.425146 0.658235 0.435897 0.654124 0.435897
0 0.658237 0.426134 0.674651 0.426134 0.674651 0.435605 0.658237 0.435605
1 0.675089 0.425989 0.679200 0.425989 0.679200 0.436741 0.675089 0.436741
1 0.654403 0.445352 0.658514 0.445352 0.658514 0.456104 0.654403 0.456104
0 0.658516 0.447316 0.674930 0.447316 0.674930 0.456787 0.658516 0.456787
1 0.675125 0.446439 0.679236 0.446439 0.679236 0.457191 0.675125 0.457191
1 0.675506 0.467098 0.679617 0.467098 0.679617 0.477850 0.675506 0.477850
0 0.658737 0.467684 0.675776 0.467684 0.675776 0.477780 0.658737 0.477780
1 0.654195 0.467087 0.658306 0.467087 0.658306 0.477839 0.654195 0.477839
1 0.675289 0.489372 0.679400 0.489372 0.679400 0.500124 0.675289 0.500124
0 0.658285 0.489121 0.674699 0.489121 0.674699 0.498593 0.658285 0.498593
1 0.653915 0.490120 0.658026 0.490120 0.658026 0.500872 0.653915 0.500872
1 0.653720 0.510812 0.657831 0.510812 0.657831 0.521564 0.653720 0.521564
0 0.657856 0.511138 0.674270 0.511138 0.674270 0.520610 0.657856 0.520610
1 0.675081 0.510726 0.679192 0.510726 0.679192 0.521478 0.675081 0.521478
1 0.674810 0.532548 0.678921 0.532548 0.678921 0.543300 0.674810 0.543300
0 0.658285 0.532284 0.674699 0.532284 0.674699 0.541756 0.658285 0.541756
1 0.653707 0.532400 0.657818 0.532400 0.657818 0.543152 0.653707 0.543152
1 0.654332 0.551976 0.658443 0.551976 0.658443 0.562728 0.654332 0.562728
0 0.658272 0.552964 0.675103 0.552964 0.675103 0.563893 0.658272 0.563893
1 0.674810 0.552332 0.678921 0.552332 0.678921 0.563083 0.674810 0.563083
1 0.674368 0.594728 0.678479 0.594728 0.678479 0.605480 0.674368 0.605480
0 0.657831 0.595361 0.674661 0.595361 0.674661 0.606290 0.657831 0.606290
1 0.653890 0.594373 0.658001 0.594373 0.658001 0.605124 0.653890 0.605124
1 0.653265 0.574797 0.657376 0.574797 0.657376 0.585549 0.653265 0.585549
0 0.657843 0.574681 0.674257 0.574681 0.674257 0.584153 0.657843 0.584153
1 0.674368 0.574945 0.678479 0.574945 0.678479 0.585697 0.674368 0.585697
1 0.393047 0.592741 0.397158 0.592741 0.397158 0.603493 0.393047 0.603493
0 0.376510 0.593373 0.393341 0.593373 0.393341 0.604303 0.376510 0.604303
1 0.372570 0.592385 0.376681 0.592385 0.376681 0.603137 0.372570 0.603137
1 0.371945 0.572810 0.376056 0.572810 0.376056 0.583562 0.371945 0.583562
0 0.376522 0.572694 0.392937 0.572694 0.392937 0.582165 0.376522 0.582165
1 0.393047 0.572957 0.397158 0.572957 0.397158 0.583709 0.393047 0.583709
1 0.393489 0.550344 0.397600 0.550344 0.397600 0.561096 0.393489 0.561096
0 0.376952 0.550977 0.393782 0.550977 0.393782 0.561906 0.376952 0.561906
1 0.373011 0.549988 0.377122 0.549988 0.377122 0.560740 0.373011 0.560740
1 0.393489 0.530560 0.397600 0.530560 0.397600 0.541312 0.393489 0.541312
0 0.376964 0.530297 0.393378 0.530297 0.393378 0.539769 0.376964 0.539769
1 0.372386 0.530413 0.376497 0.530413 0.376497 0.541165 0.372386 0.541165
1 0.393760 0.508739 0.397871 0.508739 0.397871 0.519491 0.393760 0.519491
0 0.376535 0.509151 0.392949 0.509151 0.392949 0.518622 0.376535 0.518622
1 0.372399 0.508825 0.376510 0.508825 0.376510 0.519577 0.372399 0.519577
1 0.394189 0.487384 0.398300 0.487384 0.398300 0.498136 0.394189 0.498136
0 0.376964 0.487134 0.393378 0.487134 0.393378 0.496605 0.376964 0.496605
1 0.372595 0.488133 0.376706 0.488133 0.376706 0.498885 0.372595 0.498885
1 0.394406 0.465110 0.398517 0.465110 0.398517 0.475862 0.394406 0.475862
0 0.377637 0.465697 0.394676 0.465697 0.394676 0.475793 0.377637 0.475793
1 0.373095 0.465100 0.377206 0.465100 0.377206 0.475852 0.373095 0.475852
1 0.394025 0.444452 0.398136 0.444452 0.398136 0.455204 0.394025 0.455204
0 0.377416 0.445328 0.393830 0.445328 0.393830 0.454800 0.377416 0.454800
1 0.373303 0.443364 0.377414 0.443364 0.377414 0.454116 0.373303 0.454116
1 0.393990 0.424002 0.398101 0.424002 0.398101 0.434754 0.393990 0.434754
0 0.377137 0.424146 0.393551 0.424146 0.393551 0.433618 0.377137 0.433618
1 0.373024 0.423158 0.377135 0.423158 0.377135 0.433910 0.373024 0.433910
1 0.393710 0.401951 0.397821 0.401951 0.397821 0.412703 0.393710 0.412703
0 0.377833 0.402096 0.394247 0.402096 0.394247 0.411567 0.377833 0.411567
1 0.373684 0.401839 0.377795 0.401839 0.377795 0.412591 0.373684 0.412591
1 0.393847 0.380525 0.397958 0.380525 0.397958 0.391277 0.393847 0.391277
0 0.377309 0.380426 0.394140 0.380426 0.394140 0.391355 0.377309 0.391355
1 0.373125 0.379682 0.377236 0.379682 0.377236 0.390433 0.373125 0.390433
1 0.394543 0.358962 0.398654 0.358962 0.398654 0.369714 0.394543 0.369714
0 0.377797 0.359595 0.394836 0.359595 0.394836 0.369691 0.377797 0.369691
1 0.373232 0.358607 0.377343 0.358607 0.377343 0.369359 0.373232 0.369359
0 0.104776 0.366015 0.115723 0.366015 0.115723 0.371051 0.104776 0.371051
1 0.115942 0.365139 0.118350 0.365139 0.118350 0.372145 0.115942 0.372145
1 0.101548 0.365577 0.103956 0.365577 0.103956 0.372364 0.101548 0.372364
1 0.116105 0.379986 0.118513 0.379986 0.118513 0.386992 0.116105 0.386992
0 0.104940 0.380862 0.115886 0.380862 0.115886 0.385897 0.104940 0.385897
1 0.102201 0.380098 0.104609 0.380098 0.104609 0.386885 0.102201 0.386885
1 0.116105 0.409843 0.118513 0.409843 0.118513 0.416849 0.116105 0.416849
0 0.104940 0.410719 0.115886 0.410719 0.115886 0.415754 0.104940 0.415754
1 0.115942 0.394996 0.118350 0.394996 0.118350 0.402002 0.115942 0.402002
1 0.102038 0.395434 0.104446 0.395434 0.104446 0.402221 0.102038 0.402221
0 0.104776 0.395872 0.115723 0.395872 0.115723 0.400907 0.104776 0.400907
1 0.102201 0.409954 0.104609 0.409954 0.104609 0.416741 0.102201 0.416741
1 0.116105 0.469393 0.118513 0.469393 0.118513 0.476399 0.116105 0.476399
0 0.104940 0.470269 0.115886 0.470269 0.115886 0.475304 0.104940 0.475304
1 0.102201 0.469505 0.104609 0.469505 0.104609 0.476291 0.102201 0.476291
1 0.115942 0.454546 0.118350 0.454546 0.118350 0.461552 0.115942 0.461552
0 0.104776 0.455422 0.115723 0.455422 0.115723 0.460457 0.104776 0.460457
1 0.102038 0.454984 0.104446 0.454984 0.104446 0.461771 0.102038 0.461771
1 0.116105 0.439536 0.118513 0.439536 0.118513 0.446542 0.116105 0.446542
0 0.104940 0.440412 0.115886 0.440412 0.115886 0.445448 0.104940 0.445448
1 0.102201 0.439648 0.104609 0.439648 0.104609 0.446435 0.102201 0.446435
1 0.115942 0.424690 0.118350 0.424690 0.118350 0.431695 0.115942 0.431695
0 0.104776 0.425565 0.115723 0.425565 0.115723 0.430601 0.104776 0.430601
1 0.101548 0.425127 0.103956 0.425127 0.103956 0.431914 0.101548 0.431914
1 0.116094 0.484370 0.118503 0.484370 0.118503 0.491376 0.116094 0.491376
0 0.104929 0.485246 0.115875 0.485246 0.115875 0.490281 0.104929 0.490281
1 0.102311 0.484808 0.104719 0.484808 0.104719 0.491595 0.102311 0.491595
1 0.116257 0.499217 0.118666 0.499217 0.118666 0.506223 0.116257 0.506223
0 0.105092 0.500092 0.116039 0.500092 0.116039 0.505128 0.105092 0.505128
1 0.102353 0.499328 0.104762 0.499328 0.104762 0.506115 0.102353 0.506115
1 0.116094 0.514227 0.118503 0.514227 0.118503 0.521232 0.116094 0.521232
0 0.104929 0.515102 0.115875 0.515102 0.115875 0.520138 0.104929 0.520138
1 0.102190 0.514665 0.104598 0.514665 0.104598 0.521451 0.102190 0.521451
1 0.116257 0.529073 0.118666 0.529073 0.118666 0.536079 0.116257 0.536079
0 0.105092 0.529949 0.116039 0.529949 0.116039 0.534985 0.105092 0.534985
1 0.102353 0.529185 0.104762 0.529185 0.104762 0.535972 0.102353 0.535972
1 0.116094 0.543920 0.118503 0.543920 0.118503 0.550926 0.116094 0.550926
0 0.104929 0.544796 0.115875 0.544796 0.115875 0.549831 0.104929 0.549831
1 0.101701 0.544358 0.104109 0.544358 0.104109 0.551145 0.101701 0.551145
1 0.116257 0.558767 0.118666 0.558767 0.118666 0.565773 0.116257 0.565773
0 0.105092 0.559643 0.116039 0.559643 0.116039 0.564678 0.105092 0.564678
1 0.102353 0.558879 0.104762 0.558879 0.104762 0.565665 0.102353 0.565665
1 0.116094 0.573777 0.118503 0.573777 0.118503 0.580783 0.116094 0.580783
0 0.104929 0.574653 0.115875 0.574653 0.115875 0.579688 0.104929 0.579688
1 0.102190 0.574215 0.104598 0.574215 0.104598 0.581002 0.102190 0.581002
1 0.116257 0.588624 0.118666 0.588624 0.118666 0.595629 0.116257 0.595629
0 0.105092 0.589499 0.116039 0.589499 0.116039 0.594535 0.105092 0.594535
1 0.102353 0.588735 0.104762 0.588735 0.104762 0.595522 0.102353 0.595522
1 0.102311 0.484808 0.104719 0.484808 0.104719 0.491595 0.102311 0.491595
1 0.116257 0.618355 0.118666 0.618355 0.118666 0.625361 0.116257 0.625361
0 0.105092 0.619231 0.116039 0.619231 0.116039 0.624266 0.105092 0.624266
1 0.102353 0.618467 0.104762 0.618467 0.104762 0.625253 0.102353 0.625253
1 0.116094 0.603508 0.118503 0.603508 0.118503 0.610514 0.116094 0.610514
0 0.104929 0.604384 0.115875 0.604384 0.115875 0.609419 0.104929 0.609419
1 0.102190 0.603946 0.104598 0.603946 0.104598 0.610733 0.102190 0.610733
1 0.465889 0.364972 0.468297 0.364972 0.468297 0.371978 0.465889 0.371978
0 0.454724 0.365848 0.465670 0.365848 0.465670 0.370883 0.454724 0.370883
1 0.452015 0.364891 0.454423 0.364891 0.454423 0.371677 0.452015 0.371677
1 0.465885 0.379986 0.468293 0.379986 0.468293 0.386992 0.465885 0.386992
0 0.454887 0.380862 0.465833 0.380862 0.465833 0.385897 0.454887 0.385897
1 0.451981 0.380098 0.454389 0.380098 0.454389 0.386885 0.451981 0.386885
1 0.465722 0.394996 0.468130 0.394996 0.468130 0.402002 0.465722 0.402002
0 0.454556 0.395872 0.465503 0.395872 0.465503 0.400907 0.454556 0.400907
1 0.451818 0.395434 0.454226 0.395434 0.454226 0.402221 0.451818 0.402221
1 0.465885 0.409843 0.468293 0.409843 0.468293 0.416849 0.465885 0.416849
0 0.454719 0.410719 0.465666 0.410719 0.465666 0.415754 0.454719 0.415754
1 0.451981 0.409954 0.454389 0.409954 0.454389 0.416741 0.451981 0.416741
1 0.465722 0.424690 0.468130 0.424690 0.468130 0.431695 0.465722 0.431695
0 0.454556 0.425565 0.465503 0.425565 0.465503 0.430601 0.454556 0.430601
1 0.451328 0.425127 0.453736 0.425127 0.453736 0.431914 0.451328 0.431914
1 0.465885 0.439536 0.468293 0.439536 0.468293 0.446542 0.465885 0.446542
0 0.454719 0.440412 0.465666 0.440412 0.465666 0.445448 0.454719 0.445448
1 0.451981 0.439648 0.454389 0.439648 0.454389 0.446435 0.451981 0.446435
1 0.465722 0.454546 0.468130 0.454546 0.468130 0.461552 0.465722 0.461552
0 0.454556 0.455422 0.465503 0.455422 0.465503 0.460457 0.454556 0.460457
1 0.451818 0.454984 0.454226 0.454984 0.454226 0.461771 0.451818 0.461771
1 0.465885 0.469393 0.468293 0.469393 0.468293 0.476399 0.465885 0.476399
0 0.454719 0.470269 0.465666 0.470269 0.465666 0.475304 0.454719 0.475304
1 0.451981 0.469505 0.454389 0.469505 0.454389 0.476291 0.451981 0.476291
1 0.465874 0.484370 0.468282 0.484370 0.468282 0.491376 0.465874 0.491376
0 0.454709 0.485246 0.465655 0.485246 0.465655 0.490281 0.454709 0.490281
1 0.452090 0.484808 0.454499 0.484808 0.454499 0.491595 0.452090 0.491595
1 0.465889 0.499240 0.468297 0.499240 0.468297 0.506246 0.465889 0.506246
0 0.454724 0.500116 0.465670 0.500116 0.465670 0.505151 0.454724 0.505151
1 0.452015 0.499159 0.454423 0.499159 0.454423 0.505946 0.452015 0.505946
1 0.465885 0.514254 0.468293 0.514254 0.468293 0.521260 0.465885 0.521260
0 0.454887 0.515130 0.465833 0.515130 0.465833 0.520165 0.454887 0.520165
1 0.451981 0.514366 0.454389 0.514366 0.454389 0.521153 0.451981 0.521153
1 0.465722 0.529264 0.468130 0.529264 0.468130 0.536270 0.465722 0.536270
0 0.454556 0.530140 0.465503 0.530140 0.465503 0.535175 0.454556 0.535175
1 0.451818 0.529702 0.454226 0.529702 0.454226 0.536489 0.451818 0.536489
1 0.465717 0.544111 0.468126 0.544111 0.468126 0.551117 0.465717 0.551117
0 0.454552 0.544987 0.465498 0.544987 0.465498 0.550022 0.454552 0.550022
1 0.451813 0.544223 0.454222 0.544223 0.454222 0.551009 0.451813 0.551009
1 0.465554 0.558958 0.467962 0.558958 0.467962 0.565964 0.465554 0.565964
0 0.454389 0.559834 0.465335 0.559834 0.465335 0.564869 0.454389 0.564869
1 0.451161 0.559396 0.453569 0.559396 0.453569 0.566183 0.451161 0.566183
1 0.465717 0.573805 0.468126 0.573805 0.468126 0.580810 0.465717 0.580810
0 0.454552 0.574680 0.465498 0.574680 0.465498 0.579716 0.454552 0.579716
1 0.451813 0.573916 0.454222 0.573916 0.454222 0.580703 0.451813 0.580703
1 0.465554 0.588815 0.467962 0.588815 0.467962 0.595820 0.465554 0.595820
0 0.454389 0.589690 0.465335 0.589690 0.465335 0.594726 0.454389 0.594726
1 0.451650 0.589252 0.454058 0.589252 0.454058 0.596039 0.451650 0.596039
1 0.597730 0.365160 0.600138 0.365160 0.600138 0.372166 0.597730 0.372166
0 0.586564 0.366036 0.597511 0.366036 0.597511 0.371071 0.586564 0.371071
1 0.583855 0.365079 0.586264 0.365079 0.586264 0.371866 0.583855 0.371866
0 0.586727 0.381050 0.597674 0.381050 0.597674 0.386086 0.586727 0.386086
1 0.583821 0.380286 0.586230 0.380286 0.586230 0.387073 0.583821 0.387073
1 0.597725 0.380175 0.600134 0.380175 0.600134 0.387180 0.597725 0.387180
1 0.597562 0.395184 0.599971 0.395184 0.599971 0.402190 0.597562 0.402190
0 0.586397 0.396060 0.597343 0.396060 0.597343 0.401096 0.586397 0.401096
1 0.583658 0.395622 0.586066 0.395622 0.586066 0.402409 0.583658 0.402409
1 0.597725 0.410031 0.600134 0.410031 0.600134 0.417037 0.597725 0.417037
0 0.586560 0.410907 0.597507 0.410907 0.597507 0.415942 0.586560 0.415942
1 0.583821 0.410143 0.586230 0.410143 0.586230 0.416930 0.583821 0.416930
1 0.597562 0.424878 0.599971 0.424878 0.599971 0.431884 0.597562 0.431884
0 0.586397 0.425754 0.597343 0.425754 0.597343 0.430789 0.586397 0.430789
1 0.583169 0.425316 0.585577 0.425316 0.585577 0.432103 0.583169 0.432103
1 0.597725 0.439725 0.600134 0.439725 0.600134 0.446730 0.597725 0.446730
0 0.586560 0.440600 0.597507 0.440600 0.597507 0.445636 0.586560 0.445636
1 0.583821 0.439836 0.586230 0.439836 0.586230 0.446623 0.583821 0.446623
1 0.597562 0.454735 0.599971 0.454735 0.599971 0.461740 0.597562 0.461740
0 0.586397 0.455610 0.597343 0.455610 0.597343 0.460646 0.586397 0.460646
1 0.583658 0.455173 0.586066 0.455173 0.586066 0.461959 0.583658 0.461959
1 0.597725 0.469581 0.600134 0.469581 0.600134 0.476587 0.597725 0.476587
0 0.586560 0.470457 0.597507 0.470457 0.597507 0.475493 0.586560 0.475493
1 0.583821 0.469693 0.586230 0.469693 0.586230 0.476480 0.583821 0.476480
1 0.597715 0.484558 0.600123 0.484558 0.600123 0.491564 0.597715 0.491564
0 0.586549 0.485434 0.597496 0.485434 0.597496 0.490469 0.586549 0.490469
1 0.583931 0.484996 0.586339 0.484996 0.586339 0.491783 0.583931 0.491783
1 0.597730 0.499429 0.600138 0.499429 0.600138 0.506434 0.597730 0.506434
0 0.586564 0.500304 0.597511 0.500304 0.597511 0.505340 0.586564 0.505340
1 0.583855 0.499347 0.586264 0.499347 0.586264 0.506134 0.583855 0.506134
1 0.597537 0.514443 0.599945 0.514443 0.599945 0.521448 0.597537 0.521448
0 0.586539 0.515318 0.597486 0.515318 0.597486 0.520354 0.586539 0.520354
1 0.583821 0.514554 0.586230 0.514554 0.586230 0.521341 0.583821 0.521341
1 0.597374 0.529453 0.599782 0.529453 0.599782 0.536458 0.597374 0.536458
0 0.586209 0.530328 0.597155 0.530328 0.597155 0.535364 0.586209 0.535364
1 0.583470 0.529890 0.585878 0.529890 0.585878 0.536677 0.583470 0.536677
1 0.597181 0.544111 0.599590 0.544111 0.599590 0.551117 0.597181 0.551117
0 0.586016 0.545175 0.596962 0.545175 0.596962 0.550210 0.586016 0.550210
1 0.583277 0.544411 0.585685 0.544411 0.585685 0.551198 0.583277 0.551198
1 0.597558 0.588560 0.599966 0.588560 0.599966 0.595566 0.597558 0.595566
0 0.586393 0.589624 0.597339 0.589624 0.597339 0.594660 0.586393 0.594660
1 0.583654 0.588860 0.586062 0.588860 0.586062 0.595647 0.583654 0.595647
1 0.597751 0.573902 0.600159 0.573902 0.600159 0.580908 0.597751 0.580908
0 0.586585 0.574777 0.597532 0.574777 0.597532 0.579813 0.586585 0.579813
1 0.583847 0.574340 0.586255 0.574340 0.586255 0.581126 0.583847 0.581126
1 0.597725 0.558892 0.600134 0.558892 0.600134 0.565898 0.597725 0.565898
0 0.586727 0.559768 0.597674 0.559768 0.597674 0.564803 0.586727 0.564803
1 0.584010 0.559003 0.586418 0.559003 0.586418 0.565790 0.584010 0.565790
0 0.022077 0.383748 0.028645 0.383748 0.028645 0.387470 0.022077 0.387470
1 0.028771 0.383129 0.031078 0.383129 0.031078 0.388227 0.028771 0.388227
1 0.019909 0.383250 0.022216 0.383250 0.022216 0.388349 0.019909 0.388349
1 0.028164 0.370261 0.030471 0.370261 0.030471 0.375359 0.028164 0.375359
0 0.021470 0.370880 0.028038 0.370880 0.028038 0.374602 0.021470 0.374602
1 0.019302 0.370382 0.021609 0.370382 0.021609 0.375481 0.019302 0.375481
1 0.028043 0.395754 0.030349 0.395754 0.030349 0.400853 0.028043 0.400853
0 0.021348 0.396374 0.027916 0.396374 0.027916 0.400096 0.021348 0.400096
1 0.019181 0.395875 0.021487 0.395875 0.021487 0.400974 0.019181 0.400974
1 0.028650 0.408622 0.030956 0.408622 0.030956 0.413721 0.028650 0.413721
0 0.021955 0.409242 0.028523 0.409242 0.028523 0.412964 0.021955 0.412964
1 0.019788 0.408743 0.022094 0.408743 0.022094 0.413842 0.019788 0.413842
1 0.028892 0.459730 0.031199 0.459730 0.031199 0.464829 0.028892 0.464829
0 0.022198 0.460350 0.028766 0.460350 0.028766 0.464072 0.022198 0.464072
1 0.020030 0.459852 0.022337 0.459852 0.022337 0.464950 0.020030 0.464950
1 0.019424 0.446984 0.021730 0.446984 0.021730 0.452082 0.019424 0.452082
0 0.021591 0.447482 0.028159 0.447482 0.028159 0.451204 0.021591 0.451204
1 0.028285 0.446862 0.030592 0.446862 0.030592 0.451961 0.028285 0.451961
1 0.029014 0.434237 0.031320 0.434237 0.031320 0.439336 0.029014 0.439336
0 0.022320 0.434857 0.028888 0.434857 0.028888 0.438578 0.022320 0.438578
1 0.020152 0.434358 0.022458 0.434358 0.022458 0.439457 0.020152 0.439457
1 0.028407 0.421369 0.030713 0.421369 0.030713 0.426467 0.028407 0.426467
0 0.021713 0.421988 0.028281 0.421988 0.028281 0.425710 0.021713 0.425710
1 0.019545 0.421490 0.021851 0.421490 0.021851 0.426589 0.019545 0.426589
1 0.028152 0.523330 0.030459 0.523330 0.030459 0.528429 0.028152 0.528429
0 0.021458 0.523950 0.028026 0.523950 0.028026 0.527672 0.021458 0.527672
1 0.019290 0.523452 0.021597 0.523452 0.021597 0.528550 0.019290 0.528550
1 0.028759 0.536198 0.031066 0.536198 0.031066 0.541297 0.028759 0.541297
0 0.022065 0.536818 0.028633 0.536818 0.028633 0.540540 0.022065 0.540540
1 0.019897 0.536320 0.022204 0.536320 0.022204 0.541418 0.019897 0.541418
1 0.019509 0.561813 0.021816 0.561813 0.021816 0.566912 0.019509 0.566912
0 0.021543 0.562311 0.028111 0.562311 0.028111 0.566033 0.021543 0.566033
1 0.028638 0.561692 0.030944 0.561692 0.030944 0.566790 0.028638 0.566790
1 0.028395 0.510584 0.030702 0.510584 0.030702 0.515682 0.028395 0.515682
0 0.021701 0.511203 0.028269 0.511203 0.028269 0.514925 0.021701 0.514925
1 0.019533 0.510705 0.021840 0.510705 0.021840 0.515804 0.019533 0.515804
1 0.027788 0.497716 0.030095 0.497716 0.030095 0.502814 0.027788 0.502814
0 0.021094 0.498335 0.027662 0.498335 0.027662 0.502057 0.021094 0.502057
1 0.018926 0.497837 0.021233 0.497837 0.021233 0.502936 0.018926 0.502936
1 0.028516 0.485090 0.030823 0.485090 0.030823 0.490189 0.028516 0.490189
0 0.021822 0.485710 0.028390 0.485710 0.028390 0.489432 0.021822 0.489432
1 0.019654 0.485212 0.021961 0.485212 0.021961 0.490310 0.019654 0.490310
1 0.027788 0.472222 0.030095 0.472222 0.030095 0.477321 0.027788 0.477321
0 0.021215 0.472842 0.027783 0.472842 0.027783 0.476564 0.021215 0.476564
1 0.019047 0.472344 0.021354 0.472344 0.021354 0.477442 0.019047 0.477442
1 0.028893 0.600369 0.031199 0.600369 0.031199 0.605467 0.028893 0.605467
0 0.022198 0.600988 0.028766 0.600988 0.028766 0.604710 0.022198 0.604710
1 0.020031 0.600490 0.022337 0.600490 0.022337 0.605589 0.020031 0.605589
1 0.028528 0.574754 0.030835 0.574754 0.030835 0.579853 0.028528 0.579853
0 0.021834 0.575374 0.028402 0.575374 0.028402 0.579095 0.021834 0.579095
1 0.019666 0.574875 0.021973 0.574875 0.021973 0.579974 0.019666 0.579974
1 0.520104 0.417374 0.522410 0.417374 0.522410 0.422472 0.520104 0.422472
0 0.522553 0.418040 0.529121 0.418040 0.529121 0.421762 0.522553 0.421762
1 0.529669 0.417421 0.531976 0.417421 0.531976 0.422519 0.529669 0.422519
0 0.522456 0.432992 0.529024 0.432992 0.529024 0.436714 0.522456 0.436714
1 0.529043 0.431669 0.530894 0.431669 0.530894 0.437703 0.529043 0.437703
1 0.520288 0.432494 0.522595 0.432494 0.522595 0.437592 0.520288 0.437592
1 0.529209 0.402000 0.531515 0.402000 0.531515 0.407098 0.529209 0.407098
0 0.522514 0.402901 0.529082 0.402901 0.529082 0.406623 0.522514 0.406623
1 0.520065 0.402262 0.522372 0.402262 0.522372 0.407361 0.520065 0.407361
1 0.529024 0.387302 0.531330 0.387302 0.531330 0.392401 0.529024 0.392401
0 0.522470 0.387640 0.529038 0.387640 0.529038 0.391362 0.522470 0.391362
1 0.520303 0.387424 0.522609 0.387424 0.522609 0.392522 0.520303 0.392522
1 0.529471 0.372566 0.531777 0.372566 0.531777 0.377664 0.529471 0.377664
0 0.522776 0.372904 0.529344 0.372904 0.529344 0.376626 0.522776 0.376626
1 0.520749 0.372265 0.523056 0.372265 0.523056 0.377364 0.520749 0.377364
1 0.529567 0.357446 0.531874 0.357446 0.531874 0.362544 0.529567 0.362544
0 0.522873 0.358065 0.529441 0.358065 0.529441 0.361787 0.522873 0.361787
1 0.520705 0.357567 0.523012 0.357567 0.523012 0.362666 0.520705 0.362666
0 0.522316 0.522362 0.528883 0.522362 0.528883 0.526084 0.522316 0.526084
1 0.528902 0.521039 0.530753 0.521039 0.530753 0.527073 0.528902 0.527073
1 0.520148 0.521864 0.522454 0.521864 0.522454 0.526963 0.520148 0.526963
1 0.519963 0.506744 0.522270 0.506744 0.522270 0.511843 0.519963 0.511843
0 0.522412 0.507410 0.528980 0.507410 0.528980 0.511132 0.522412 0.511132
1 0.529529 0.506791 0.531835 0.506791 0.531835 0.511889 0.529529 0.511889
1 0.529068 0.491370 0.531374 0.491370 0.531374 0.496469 0.529068 0.496469
0 0.522374 0.492271 0.528941 0.492271 0.528941 0.495993 0.522374 0.495993
1 0.519924 0.491632 0.522231 0.491632 0.522231 0.496731 0.519924 0.496731
1 0.520162 0.476794 0.522468 0.476794 0.522468 0.481892 0.520162 0.481892
0 0.522330 0.477010 0.528897 0.477010 0.528897 0.480732 0.522330 0.480732
1 0.528883 0.476672 0.531190 0.476672 0.531190 0.481771 0.528883 0.481771
1 0.529330 0.461936 0.531636 0.461936 0.531636 0.467035 0.529330 0.467035
0 0.522636 0.462274 0.529204 0.462274 0.529204 0.465996 0.522636 0.465996
1 0.520609 0.461635 0.522915 0.461635 0.522915 0.466734 0.520609 0.466734
1 0.520565 0.446937 0.522871 0.446937 0.522871 0.452036 0.520565 0.452036
0 0.522732 0.447436 0.529300 0.447436 0.529300 0.451157 0.522732 0.451157
1 0.529427 0.446816 0.531733 0.446816 0.531733 0.451915 0.529427 0.451915
1 0.521022 0.536592 0.523328 0.536592 0.523328 0.541691 0.521022 0.541691
0 0.523189 0.537091 0.529757 0.537091 0.529757 0.540812 0.523189 0.540812
1 0.530053 0.536471 0.532359 0.536471 0.532359 0.541570 0.530053 0.541570
1 0.529330 0.461936 0.531636 0.461936 0.531636 0.467035 0.529330 0.467035
0 0.523093 0.551929 0.529661 0.551929 0.529661 0.555651 0.523093 0.555651
1 0.521066 0.551290 0.523372 0.551290 0.523372 0.556389 0.521066 0.556389
1 0.520619 0.566449 0.522925 0.566449 0.522925 0.571547 0.520619 0.571547
0 0.522786 0.566665 0.529354 0.566665 0.529354 0.570387 0.522786 0.570387
1 0.529340 0.566327 0.531646 0.566327 0.531646 0.571426 0.529340 0.571426
1 0.529525 0.581025 0.531831 0.581025 0.531831 0.586124 0.529525 0.586124
0 0.522830 0.581926 0.529398 0.581926 0.529398 0.585648 0.522830 0.585648
1 0.520381 0.581287 0.522688 0.581287 0.522688 0.586386 0.520381 0.586386
1 0.520420 0.596399 0.522726 0.596399 0.522726 0.601498 0.520420 0.601498
0 0.522869 0.596841 0.529437 0.596841 0.529437 0.600562 0.522869 0.600562
1 0.529986 0.596446 0.532292 0.596446 0.532292 0.601544 0.529986 0.601544
1 0.529359 0.610694 0.531210 0.610694 0.531210 0.616728 0.529359 0.616728
0 0.522772 0.611455 0.529340 0.611455 0.529340 0.615177 0.522772 0.615177
1 0.520605 0.610620 0.522911 0.610620 0.522911 0.615719 0.520605 0.615719
1 0.529716 0.551413 0.532022 0.551413 0.532022 0.556511 0.529716 0.556511
0 0.329129 0.358403 0.357997 0.358403 0.357997 0.412682 0.329129 0.412682
1 0.331268 0.348645 0.357184 0.348645 0.357184 0.357899 0.331268 0.357899
1 0.331674 0.413292 0.356980 0.413292 0.356980 0.423562 0.331674 0.423562
1 0.331471 0.609672 0.358403 0.609672 0.358403 0.619536 0.331471 0.619536
0 0.330146 0.556003 0.359013 0.556003 0.359013 0.608655 0.330146 0.608655
1 0.330959 0.545131 0.358509 0.545131 0.358509 0.555190 0.330959 0.555190
1 0.332585 0.445111 0.358102 0.445111 0.358102 0.456796 0.332585 0.456796
0 0.330756 0.457406 0.357793 0.457406 0.357793 0.510669 0.330756 0.510669
1 0.330861 0.511888 0.358403 0.511888 0.358403 0.520329 0.330861 0.520329
1 0.412178 0.608859 0.439720 0.608859 0.439720 0.621162 0.412178 0.621162
0 0.411259 0.554783 0.439923 0.554783 0.439923 0.608045 0.411259 0.608045
1 0.412072 0.545334 0.440029 0.545334 0.440029 0.554986 0.412072 0.554986
1 0.412178 0.512498 0.439923 0.512498 0.439923 0.521346 0.412178 0.521346
0 0.412788 0.454357 0.441143 0.454357 0.441143 0.512604 0.412788 0.512604
1 0.412788 0.445819 0.441753 0.445819 0.441753 0.454259 0.412788 0.454259
1 0.412467 0.411680 0.437917 0.411680 0.437917 0.422952 0.412467 0.422952
0 0.412001 0.359670 0.439819 0.359670 0.439819 0.411725 0.412001 0.411725
1 0.412276 0.349158 0.439012 0.349158 0.439012 0.358843 0.412276 0.358843
1 0.612339 0.416528 0.638360 0.416528 0.638360 0.423847 0.612339 0.423847
0 0.610306 0.355541 0.638360 0.355541 0.638360 0.416122 0.610306 0.416122
1 0.612339 0.348629 0.638360 0.348629 0.638360 0.355948 0.612339 0.355948
1 0.612746 0.445396 0.638767 0.445396 0.638767 0.452714 0.612746 0.452714
0 0.611526 0.453121 0.639580 0.453121 0.639580 0.513702 0.611526 0.513702
1 0.611526 0.513295 0.637547 0.513295 0.637547 0.520614 0.611526 0.520614
1 0.613152 0.545415 0.639173 0.545415 0.639173 0.552734 0.613152 0.552734
0 0.611119 0.552327 0.639173 0.552327 0.639173 0.612908 0.611119 0.612908
1 0.613152 0.613315 0.639173 0.613315 0.639173 0.620633 0.613152 0.620633
1 0.481730 0.411404 0.507181 0.411404 0.507181 0.422677 0.481730 0.422677
0 0.480858 0.359394 0.508676 0.359394 0.508676 0.411450 0.480858 0.411450
1 0.480858 0.348882 0.507594 0.348882 0.507594 0.358568 0.480858 0.358568
1 0.481468 0.447072 0.508204 0.447072 0.508204 0.456758 0.481468 0.456758
0 0.481468 0.458194 0.509286 0.458194 0.509286 0.510250 0.481468 0.510250
1 0.481191 0.510204 0.507791 0.510204 0.507791 0.522256 0.481191 0.522256
1 0.480673 0.607791 0.507272 0.607791 0.507272 0.619843 0.480673 0.619843
0 0.480949 0.555781 0.508767 0.555781 0.508767 0.607837 0.480949 0.607837
1 0.480949 0.544659 0.507685 0.544659 0.507685 0.554345 0.480949 0.554345
1 0.544425 0.608075 0.571024 0.608075 0.571024 0.620128 0.544425 0.620128
0 0.544701 0.556065 0.572520 0.556065 0.572520 0.608121 0.544701 0.608121
1 0.544701 0.544943 0.571438 0.544943 0.571438 0.554629 0.544701 0.554629
1 0.544944 0.510489 0.571543 0.510489 0.571543 0.522541 0.544944 0.522541
0 0.544082 0.457909 0.571900 0.457909 0.571900 0.509965 0.544082 0.509965
1 0.544935 0.446503 0.571671 0.446503 0.571671 0.456189 0.544935 0.456189
1 0.545482 0.411689 0.570933 0.411689 0.570933 0.422962 0.545482 0.422962
0 0.544610 0.359679 0.572428 0.359679 0.572428 0.411735 0.544610 0.411735
1 0.544610 0.349167 0.571346 0.349167 0.571346 0.358853 0.544610 0.358853
1 0.693394 0.348629 0.719415 0.348629 0.719415 0.355948 0.693394 0.355948
0 0.691361 0.355541 0.719415 0.355541 0.719415 0.416122 0.691361 0.416122
1 0.693394 0.416528 0.719415 0.416528 0.719415 0.423847 0.693394 0.423847
1 0.693800 0.445396 0.719822 0.445396 0.719822 0.452714 0.693800 0.452714
0 0.692581 0.453121 0.720635 0.453121 0.720635 0.513702 0.692581 0.513702
1 0.692581 0.513295 0.718602 0.513295 0.718602 0.520614 0.692581 0.520614
1 0.694207 0.545415 0.720228 0.545415 0.720228 0.552734 0.694207 0.552734
0 0.692174 0.552327 0.720228 0.552327 0.720228 0.612908 0.692174 0.612908
1 0.694207 0.613315 0.720228 0.613315 0.720228 0.620633 0.694207 0.620633
0 0.013514 0.749744 0.048831 0.749744 0.048831 0.771089 0.013514 0.771089
1 0.049436 0.748719 0.054303 0.748719 0.054303 0.771260 0.049436 0.771260
1 0.006916 0.748719 0.011783 0.748719 0.011783 0.771260 0.006916 0.771260
1 0.048668 0.791496 0.053535 0.791496 0.053535 0.814037 0.048668 0.814037
0 0.012745 0.792520 0.048063 0.792520 0.048063 0.813866 0.012745 0.813866
1 0.006660 0.791496 0.011527 0.791496 0.011527 0.814037 0.006660 0.814037
1 0.005635 0.877305 0.010502 0.877305 0.010502 0.899846 0.005635 0.899846
1 0.047643 0.877305 0.052510 0.877305 0.052510 0.899846 0.047643 0.899846
0 0.011721 0.878330 0.047038 0.878330 0.047038 0.899676 0.011721 0.899676
1 0.048412 0.834529 0.053279 0.834529 0.053279 0.857070 0.048412 0.857070
0 0.012489 0.835553 0.047806 0.835553 0.047806 0.856899 0.012489 0.856899
1 0.005891 0.834529 0.010758 0.834529 0.010758 0.857070 0.005891 0.857070
1 0.048412 0.962346 0.053279 0.962346 0.053279 0.984887 0.048412 0.984887
0 0.012489 0.963371 0.047806 0.963371 0.047806 0.984717 0.012489 0.984717
1 0.006404 0.962346 0.011270 0.962346 0.011270 0.984887 0.006404 0.984887
0 0.013258 0.920594 0.048575 0.920594 0.048575 0.941940 0.013258 0.941940
1 0.049180 0.919570 0.054047 0.919570 0.054047 0.942111 0.049180 0.942111
1 0.006660 0.919570 0.011527 0.919570 0.011527 0.942111 0.006660 0.942111
1 0.117572 0.919570 0.122439 0.919570 0.122439 0.942111 0.117572 0.942111
0 0.081649 0.920594 0.116966 0.920594 0.116966 0.941940 0.081649 0.941940
1 0.075051 0.919570 0.079918 0.919570 0.079918 0.942111 0.075051 0.942111
1 0.074795 0.962346 0.079662 0.962346 0.079662 0.984887 0.074795 0.984887
0 0.080881 0.963371 0.116198 0.963371 0.116198 0.984717 0.080881 0.984717
1 0.116803 0.962346 0.121670 0.962346 0.121670 0.984887 0.116803 0.984887
1 0.116035 0.877305 0.120902 0.877305 0.120902 0.899846 0.116035 0.899846
0 0.080112 0.878330 0.115429 0.878330 0.115429 0.899676 0.080112 0.899676
1 0.074027 0.877305 0.078893 0.877305 0.078893 0.899846 0.074027 0.899846
1 0.074283 0.834529 0.079150 0.834529 0.079150 0.857070 0.074283 0.857070
0 0.080881 0.835553 0.116198 0.835553 0.116198 0.856899 0.080881 0.856899
1 0.116803 0.834529 0.121670 0.834529 0.121670 0.857070 0.116803 0.857070
1 0.117059 0.791496 0.121926 0.791496 0.121926 0.814037 0.117059 0.814037
0 0.081137 0.792520 0.116454 0.792520 0.116454 0.813866 0.081137 0.813866
1 0.075051 0.791496 0.079918 0.791496 0.079918 0.814037 0.075051 0.814037
1 0.075307 0.748719 0.080174 0.748719 0.080174 0.771260 0.075307 0.771260
0 0.081905 0.749744 0.117222 0.749744 0.117222 0.771089 0.081905 0.771089
1 0.117828 0.748719 0.122695 0.748719 0.122695 0.771260 0.117828 0.771260
1 0.253842 0.748463 0.258709 0.748463 0.258709 0.771004 0.253842 0.771004
0 0.217919 0.749488 0.253237 0.749488 0.253237 0.770833 0.217919 0.770833
1 0.211322 0.748463 0.216189 0.748463 0.216189 0.771004 0.211322 0.771004
1 0.211066 0.791240 0.215932 0.791240 0.215932 0.813781 0.211066 0.813781
0 0.217151 0.792264 0.252468 0.792264 0.252468 0.813610 0.217151 0.813610
1 0.253074 0.791240 0.257941 0.791240 0.257941 0.813781 0.253074 0.813781
1 0.252818 0.834273 0.257684 0.834273 0.257684 0.856814 0.252818 0.856814
0 0.216895 0.835297 0.252212 0.835297 0.252212 0.856643 0.216895 0.856643
1 0.211066 0.834273 0.215932 0.834273 0.215932 0.856814 0.211066 0.856814
1 0.211066 0.876793 0.215932 0.876793 0.215932 0.899334 0.211066 0.899334
0 0.216126 0.878074 0.251444 0.878074 0.251444 0.899419 0.216126 0.899419
1 0.252049 0.877049 0.256916 0.877049 0.256916 0.899590 0.252049 0.899590
1 0.253586 0.919314 0.258453 0.919314 0.258453 0.941855 0.253586 0.941855
0 0.217663 0.920338 0.252981 0.920338 0.252981 0.941684 0.217663 0.941684
1 0.211066 0.919314 0.215932 0.919314 0.215932 0.941855 0.211066 0.941855
1 0.185707 0.961578 0.190574 0.961578 0.190574 0.984119 0.185707 0.984119
0 0.149784 0.962602 0.185102 0.962602 0.185102 0.983948 0.149784 0.983948
1 0.143699 0.961578 0.148566 0.961578 0.148566 0.984119 0.143699 0.984119
1 0.252561 0.962859 0.257428 0.962859 0.257428 0.985400 0.252561 0.985400
0 0.216639 0.963883 0.251956 0.963883 0.251956 0.985229 0.216639 0.985229
1 0.210553 0.962859 0.215420 0.962859 0.215420 0.985400 0.210553 0.985400
1 0.142418 0.792008 0.147285 0.792008 0.147285 0.814549 0.142418 0.814549
0 0.148503 0.793033 0.183821 0.793033 0.183821 0.814378 0.148503 0.814378
1 0.184426 0.792008 0.189293 0.792008 0.189293 0.814549 0.184426 0.814549
1 0.142930 0.835041 0.147797 0.835041 0.147797 0.857582 0.142930 0.857582
0 0.148247 0.836066 0.183565 0.836066 0.183565 0.857411 0.148247 0.857411
1 0.184170 0.835041 0.189037 0.835041 0.189037 0.857582 0.184170 0.857582
1 0.142418 0.877818 0.147285 0.877818 0.147285 0.900359 0.142418 0.900359
1 0.183402 0.877818 0.188268 0.877818 0.188268 0.900359 0.183402 0.900359
0 0.147479 0.878842 0.182796 0.878842 0.182796 0.900188 0.147479 0.900188
1 0.142162 0.920082 0.147029 0.920082 0.147029 0.942623 0.142162 0.942623
0 0.148760 0.921107 0.184077 0.921107 0.184077 0.942452 0.148760 0.942452
1 0.184682 0.920082 0.189549 0.920082 0.189549 0.942623 0.184682 0.942623
1 0.320441 0.962859 0.325307 0.962859 0.325307 0.985400 0.320441 0.985400
0 0.284518 0.963883 0.319835 0.963883 0.319835 0.985229 0.284518 0.985229
1 0.278432 0.962859 0.283299 0.962859 0.283299 0.985400 0.278432 0.985400
1 0.279969 0.919314 0.284836 0.919314 0.284836 0.941855 0.279969 0.941855
0 0.285542 0.920338 0.320860 0.920338 0.320860 0.941684 0.285542 0.941684
1 0.321465 0.919314 0.326332 0.919314 0.326332 0.941855 0.321465 0.941855
1 0.319928 0.877049 0.324795 0.877049 0.324795 0.899590 0.319928 0.899590
0 0.284006 0.878074 0.319323 0.878074 0.319323 0.899419 0.284006 0.899419
1 0.278689 0.877049 0.283555 0.877049 0.283555 0.899590 0.278689 0.899590
0 0.284774 0.835297 0.320091 0.835297 0.320091 0.856643 0.284774 0.856643
1 0.279201 0.833760 0.284068 0.833760 0.284068 0.856301 0.279201 0.856301
1 0.320697 0.834273 0.325564 0.834273 0.325564 0.856814 0.320697 0.856814
1 0.320953 0.791240 0.325820 0.791240 0.325820 0.813781 0.320953 0.813781
0 0.285030 0.792264 0.320347 0.792264 0.320347 0.813610 0.285030 0.813610
1 0.278945 0.791240 0.283811 0.791240 0.283811 0.813781 0.278945 0.813781
0 0.618865 0.752947 0.643215 0.752947 0.643215 0.768443 0.618865 0.768443
1 0.643847 0.751366 0.651121 0.751366 0.651121 0.770024 0.643847 0.770024
1 0.610011 0.751366 0.617284 0.751366 0.617284 0.770024 0.610011 0.770024
1 0.644164 0.784887 0.651437 0.784887 0.651437 0.803544 0.644164 0.803544
0 0.619181 0.786468 0.643531 0.786468 0.643531 0.801963 0.619181 0.801963
1 0.610327 0.784887 0.617600 0.784887 0.617600 0.803544 0.610327 0.803544
1 0.644164 0.852560 0.651437 0.852560 0.651437 0.871218 0.644164 0.871218
0 0.619181 0.854141 0.643531 0.854141 0.643531 0.869637 0.619181 0.869637
1 0.610327 0.852560 0.617600 0.852560 0.617600 0.871218 0.610327 0.871218
1 0.643847 0.819040 0.651121 0.819040 0.651121 0.837697 0.643847 0.837697
0 0.618865 0.820621 0.643215 0.820621 0.643215 0.836116 0.618865 0.836116
1 0.610959 0.819040 0.618233 0.819040 0.618233 0.837697 0.610959 0.837697
1 0.643847 0.921182 0.651121 0.921182 0.651121 0.939840 0.643847 0.939840
0 0.618865 0.922764 0.643215 0.922764 0.643215 0.938259 0.618865 0.938259
1 0.610011 0.921182 0.617284 0.921182 0.617284 0.939840 0.610011 0.939840
1 0.610643 0.887662 0.617916 0.887662 0.617916 0.906320 0.610643 0.906320
0 0.618549 0.889243 0.642899 0.889243 0.642899 0.904738 0.618549 0.904738
1 0.643531 0.887662 0.650804 0.887662 0.650804 0.906320 0.643531 0.906320
1 0.583763 0.921182 0.591037 0.921182 0.591037 0.939840 0.583763 0.939840
0 0.558781 0.922764 0.583131 0.922764 0.583131 0.938259 0.558781 0.938259
1 0.549927 0.921182 0.557200 0.921182 0.557200 0.939840 0.549927 0.939840
1 0.550559 0.887662 0.557832 0.887662 0.557832 0.906320 0.550559 0.906320
0 0.558465 0.889243 0.582815 0.889243 0.582815 0.904738 0.558465 0.904738
1 0.583447 0.887662 0.590721 0.887662 0.590721 0.906320 0.583447 0.906320
1 0.584080 0.852560 0.591353 0.852560 0.591353 0.871218 0.584080 0.871218
0 0.559097 0.854141 0.583447 0.854141 0.583447 0.869637 0.559097 0.869637
1 0.550243 0.852560 0.557516 0.852560 0.557516 0.871218 0.550243 0.871218
1 0.583763 0.819040 0.591037 0.819040 0.591037 0.837697 0.583763 0.837697
0 0.558781 0.820621 0.583131 0.820621 0.583131 0.836116 0.558781 0.836116
1 0.550875 0.819040 0.558149 0.819040 0.558149 0.837697 0.550875 0.837697
1 0.584080 0.784887 0.591353 0.784887 0.591353 0.803544 0.584080 0.803544
0 0.559097 0.786468 0.583447 0.786468 0.583447 0.801963 0.559097 0.801963
1 0.550243 0.784887 0.557516 0.784887 0.557516 0.803544 0.550243 0.803544
1 0.583763 0.751366 0.591037 0.751366 0.591037 0.770024 0.583763 0.770024
0 0.558781 0.752947 0.583131 0.752947 0.583131 0.768443 0.558781 0.768443
1 0.549927 0.751366 0.557200 0.751366 0.557200 0.770024 0.549927 0.770024
1 0.524628 0.751682 0.531901 0.751682 0.531901 0.770340 0.524628 0.770340
0 0.499646 0.753264 0.523996 0.753264 0.523996 0.768759 0.499646 0.768759
1 0.490791 0.751682 0.498065 0.751682 0.498065 0.770340 0.490791 0.770340
1 0.491108 0.785203 0.498381 0.785203 0.498381 0.803861 0.491108 0.803861
0 0.499962 0.786784 0.524312 0.786784 0.524312 0.802279 0.499962 0.802279
1 0.524944 0.785203 0.532218 0.785203 0.532218 0.803861 0.524944 0.803861
1 0.524628 0.819356 0.531901 0.819356 0.531901 0.838014 0.524628 0.838014
0 0.499646 0.820937 0.523996 0.820937 0.523996 0.836432 0.499646 0.836432
1 0.491740 0.819356 0.499013 0.819356 0.499013 0.838014 0.491740 0.838014
1 0.491108 0.852876 0.498381 0.852876 0.498381 0.871534 0.491108 0.871534
0 0.499962 0.854458 0.524312 0.854458 0.524312 0.869953 0.499962 0.869953
1 0.524944 0.852876 0.532218 0.852876 0.532218 0.871534 0.524944 0.871534
1 0.524312 0.887978 0.531585 0.887978 0.531585 0.906636 0.524312 0.906636
0 0.499330 0.889559 0.523679 0.889559 0.523679 0.905055 0.499330 0.905055
1 0.491424 0.887978 0.498697 0.887978 0.498697 0.906636 0.491424 0.906636
1 0.490791 0.921499 0.498065 0.921499 0.498065 0.940156 0.490791 0.940156
0 0.499646 0.923080 0.523996 0.923080 0.523996 0.938575 0.499646 0.938575
1 0.524628 0.921499 0.531901 0.921499 0.531901 0.940156 0.524628 0.940156
1 0.465493 0.921815 0.472766 0.921815 0.472766 0.940473 0.465493 0.940473
0 0.440511 0.923396 0.464860 0.923396 0.464860 0.938891 0.440511 0.938891
1 0.431656 0.921815 0.438929 0.921815 0.438929 0.940473 0.431656 0.940473
1 0.465177 0.888294 0.472450 0.888294 0.472450 0.906952 0.465177 0.906952
0 0.440194 0.889876 0.464544 0.889876 0.464544 0.905371 0.440194 0.905371
1 0.432289 0.888294 0.439562 0.888294 0.439562 0.906952 0.432289 0.906952
1 0.465809 0.853193 0.473082 0.853193 0.473082 0.871850 0.465809 0.871850
0 0.440827 0.854774 0.465177 0.854774 0.465177 0.870269 0.440827 0.870269
1 0.431972 0.853193 0.439246 0.853193 0.439246 0.871850 0.431972 0.871850
1 0.465493 0.819672 0.472766 0.819672 0.472766 0.838330 0.465493 0.838330
0 0.440511 0.821253 0.464860 0.821253 0.464860 0.836749 0.440511 0.836749
1 0.432605 0.819672 0.439878 0.819672 0.439878 0.838330 0.432605 0.838330
1 0.465809 0.785519 0.473082 0.785519 0.473082 0.804177 0.465809 0.804177
0 0.440827 0.787100 0.465177 0.787100 0.465177 0.802596 0.440827 0.802596
1 0.431972 0.785519 0.439246 0.785519 0.439246 0.804177 0.431972 0.804177
1 0.465493 0.751999 0.472766 0.751999 0.472766 0.770656 0.465493 0.770656
0 0.440511 0.753580 0.464860 0.753580 0.464860 0.769075 0.440511 0.769075
1 0.431656 0.751999 0.438929 0.751999 0.438929 0.770656 0.431656 0.770656
1 0.405093 0.921182 0.412366 0.921182 0.412366 0.939840 0.405093 0.939840
0 0.380110 0.922764 0.404460 0.922764 0.404460 0.938259 0.380110 0.938259
1 0.371256 0.921182 0.378529 0.921182 0.378529 0.939840 0.371256 0.939840
1 0.404776 0.887662 0.412050 0.887662 0.412050 0.906320 0.404776 0.906320
0 0.379794 0.889243 0.404144 0.889243 0.404144 0.904738 0.379794 0.904738
1 0.371888 0.887662 0.379162 0.887662 0.379162 0.906320 0.371888 0.906320
1 0.405409 0.852560 0.412682 0.852560 0.412682 0.871218 0.405409 0.871218
0 0.380427 0.854141 0.404776 0.854141 0.404776 0.869637 0.380427 0.869637
1 0.371572 0.852560 0.378845 0.852560 0.378845 0.871218 0.371572 0.871218
1 0.405093 0.819040 0.412366 0.819040 0.412366 0.837697 0.405093 0.837697
0 0.380110 0.820621 0.404460 0.820621 0.404460 0.836116 0.380110 0.836116
1 0.372205 0.819040 0.379478 0.819040 0.379478 0.837697 0.372205 0.837697
1 0.405409 0.784887 0.412682 0.784887 0.412682 0.803544 0.405409 0.803544
0 0.380427 0.786468 0.404776 0.786468 0.404776 0.801963 0.380427 0.801963
1 0.371572 0.784887 0.378845 0.784887 0.378845 0.803544 0.371572 0.803544
1 0.405093 0.751366 0.412366 0.751366 0.412366 0.770024 0.405093 0.770024
0 0.380110 0.752947 0.404460 0.752947 0.404460 0.768443 0.380110 0.768443
1 0.371256 0.751366 0.378529 0.751366 0.378529 0.770024 0.371256 0.770024
0 0.709284 0.758185 0.780598 0.758185 0.780598 0.814363 0.709284 0.814363
1 0.780889 0.767993 0.794507 0.767993 0.794507 0.804757 0.780889 0.804757
1 0.695643 0.767208 0.708993 0.767208 0.708993 0.804393 0.695643 0.804393
1 0.781180 0.861465 0.795406 0.861465 0.795406 0.899066 0.781180 0.899066
0 0.711613 0.851912 0.780889 0.851912 0.780889 0.904888 0.711613 0.904888
1 0.695895 0.861517 0.711031 0.861517 0.711031 0.897902 0.695895 0.897902
1 0.781924 0.954528 0.795286 0.954528 0.795286 0.992361 0.781924 0.992361
1 0.695193 0.954886 0.711814 0.954886 0.711814 0.991911 0.695193 0.991911
1 0.840246 0.861025 0.854755 0.861025 0.854755 0.897924 0.840246 0.897924
0 0.854755 0.854218 0.924256 0.854218 0.924256 0.907776 0.854755 0.907776
1 0.924793 0.861204 0.939660 0.861204 0.939660 0.898462 0.924793 0.898462
1 0.926226 0.766645 0.940106 0.766645 0.940106 0.804601 0.926226 0.804601
0 0.855293 0.758745 0.926047 0.758745 0.926047 0.813915 0.855293 0.813915
1 0.840425 0.767343 0.855472 0.767343 0.855472 0.803884 0.840425 0.803884
1 0.142300 0.749507 0.147167 0.749507 0.147167 0.772048 0.142300 0.772048
0 0.148898 0.750532 0.184215 0.750532 0.184215 0.771878 0.148898 0.771878
1 0.184820 0.749507 0.189687 0.749507 0.189687 0.772048 0.184820 0.772048
1 0.321170 0.749113 0.326036 0.749113 0.326036 0.771654 0.321170 0.771654
0 0.285247 0.750138 0.320564 0.750138 0.320564 0.771484 0.285247 0.771484
1 0.278649 0.749113 0.283516 0.749113 0.283516 0.771654 0.278649 0.771654
1 0.507218 0.276646 0.517351 0.276646 0.517351 0.303950 0.507218 0.303950
0 0.020580 0.551828 0.023326 0.557837 0.026127 0.556722 0.023517 0.550658
0 0.711814 0.944138 0.782210 0.944138 0.782210 0.998592 0.711814 0.998592
1 0.047442 0.097575 0.050831 0.097575 0.050931 0.145615 0.045349 0.145914
1 0.008472 0.156679 0.013256 0.156679 0.013256 0.166944 0.008472 0.166944
1 0.043356 0.178606 0.049336 0.178606 0.049336 0.226546 0.043356 0.226546
1 0.043854 0.253656 0.049435 0.253656 0.049435 0.302992 0.043854 0.302992
1 0.984203 0.860549 0.997714 0.860549 0.997714 0.899226 0.984203 0.899226
1 0.984016 0.954314 0.997621 0.954314 0.997621 0.994019 0.984016 0.994019
1 0.839960 0.954091 0.854452 0.954091 0.854452 0.992787 0.839960 0.992787
1 0.925969 0.954169 0.940383 0.954169 0.940383 0.992787 0.925969 0.992787
1 0.020015 0.550603 0.020569 0.551767 0.023412 0.550666 0.022952 0.549434
