0 0.034132 0.699222 0.060004 0.699222 0.060004 0.750483 0.034132 0.750483
0 0.102338 0.482129 0.122542 0.482129 0.122542 0.513358 0.102338 0.513358
0 0.102702 0.590477 0.122745 0.590477 0.122745 0.621601 0.102702 0.621601
0 0.102410 0.806730 0.122286 0.806730 0.122286 0.837899 0.102410 0.837899
0 0.103097 0.048738 0.123131 0.048738 0.123131 0.080150 0.103097 0.080150
0 0.809565 0.876973 0.842503 0.876973 0.842503 0.896810 0.809565 0.896810
0 0.102621 0.698483 0.122839 0.698483 0.122839 0.729931 0.102621 0.729931
0 0.035020 0.309709 0.061499 0.309709 0.061499 0.361711 0.035020 0.361711
0 0.421222 0.075161 0.883210 0.075161 0.883210 0.537078 0.421222 0.537078
0 0.034430 0.438681 0.060363 0.438681 0.060363 0.490787 0.034430 0.490787
0 0.102546 0.373886 0.123126 0.373886 0.123126 0.404830 0.102546 0.404830
0 0.485998 0.877231 0.518200 0.877231 0.518200 0.897129 0.485998 0.897129
0 0.161566 0.877281 0.193255 0.877281 0.193255 0.896976 0.161566 0.896976
0 0.102644 0.266672 0.122728 0.266672 0.122728 0.297577 0.102644 0.297577
0 0.035912 0.049283 0.060613 0.049283 0.060613 0.100744 0.035912 0.100744
0 0.594031 0.877594 0.626027 0.877594 0.626027 0.897061 0.594031 0.897061
0 0.034765 0.179667 0.060603 0.179667 0.060603 0.230933 0.034765 0.230933
0 0.918372 0.876943 0.951811 0.876943 0.951811 0.897205 0.918372 0.897205
0 0.269232 0.877517 0.301652 0.877517 0.301652 0.897062 0.269232 0.897062
0 0.377566 0.877570 0.409306 0.877570 0.409306 0.897149 0.377566 0.897149
0 0.171251 0.733912 0.183716 0.733912 0.183716 0.757884 0.171251 0.757884
0 0.171324 0.214388 0.184016 0.214388 0.184016 0.238924 0.171324 0.238924
0 0.171554 0.128049 0.183852 0.128049 0.183852 0.152831 0.171554 0.152831
0 0.171765 0.560951 0.184123 0.560951 0.184123 0.584953 0.171765 0.584953
0 0.172264 0.301213 0.185045 0.301213 0.185045 0.326020 0.172264 0.326020
0 0.702835 0.877451 0.734800 0.877451 0.734800 0.897250 0.702835 0.897250
0 0.035174 0.828487 0.060268 0.828487 0.060268 0.880349 0.035174 0.880349
0 0.378538 0.939925 0.430630 0.939925 0.430630 0.964655 0.378538 0.964655
0 0.171180 0.647172 0.183401 0.647172 0.183401 0.671569 0.171180 0.671569
0 0.171389 0.387636 0.184185 0.387636 0.184185 0.412375 0.171389 0.412375
0 0.119374 0.938447 0.171552 0.938447 0.171552 0.964511 0.119374 0.964511
0 0.248546 0.938896 0.300924 0.938896 0.300924 0.965210 0.248546 0.965210
0 0.171355 0.474240 0.184187 0.474240 0.184187 0.498980 0.171355 0.498980
0 0.171705 0.041382 0.184566 0.041382 0.184566 0.066212 0.171705 0.066212
1 0.101101 0.513337 0.123552 0.513337 0.123552 0.529806 0.101101 0.529806
1 0.101105 0.621938 0.123885 0.621938 0.123885 0.638212 0.101105 0.638212
0 0.767585 0.939023 0.819521 0.939023 0.819521 0.964486 0.767585 0.964486
1 0.101155 0.188915 0.124221 0.188915 0.124221 0.205628 0.101155 0.205628
0 0.227459 0.630372 0.235434 0.630372 0.235434 0.645907 0.227459 0.645907
0 0.227681 0.110850 0.235600 0.110850 0.235600 0.126246 0.227681 0.126246
1 0.101171 0.297841 0.123939 0.297841 0.123939 0.313465 0.101171 0.313465
1 0.101287 0.405121 0.123765 0.405121 0.123765 0.421907 0.101287 0.421907
1 0.034814 0.100985 0.061979 0.100985 0.061979 0.119872 0.034814 0.119872
0 0.677875 0.764542 0.693474 0.764542 0.693474 0.772486 0.677875 0.772486
1 0.100891 0.730066 0.123846 0.730066 0.123846 0.746487 0.100891 0.746487
1 0.033696 0.750772 0.061482 0.750772 0.061482 0.769112 0.033696 0.769112
1 0.034153 0.491099 0.061440 0.491099 0.061440 0.509489 0.034153 0.509489
1 0.033974 0.621023 0.061053 0.621023 0.061053 0.639064 0.033974 0.639064
1 0.101615 0.080404 0.124544 0.080404 0.124544 0.097205 0.101615 0.097205
1 0.101185 0.573929 0.123827 0.573929 0.123827 0.590165 0.101185 0.590165
1 0.100984 0.838068 0.123485 0.838068 0.123485 0.854581 0.100984 0.854581
0 0.227731 0.695471 0.236154 0.695471 0.236154 0.711093 0.227731 0.711093
0 0.933123 0.816168 0.958232 0.816168 0.958232 0.828971 0.933123 0.828971
0 0.418318 0.764334 0.433996 0.764334 0.433996 0.772307 0.418318 0.772307
1 0.490719 0.938731 0.507296 0.938731 0.507296 0.965886 0.490719 0.965886
1 0.879574 0.938418 0.897323 0.938418 0.897323 0.966301 0.879574 0.966301
1 0.100550 0.938097 0.119024 0.938097 0.119024 0.966308 0.100550 0.966308
0 0.807731 0.764296 0.822829 0.764296 0.822829 0.772367 0.807731 0.772367
1 0.469396 0.875807 0.485844 0.875807 0.485844 0.898801 0.469396 0.898801
0 0.353114 0.764308 0.368719 0.764308 0.368719 0.771944 0.353114 0.771944
0 0.241259 0.816151 0.265813 0.816151 0.265813 0.828699 0.241259 0.828699
0 0.483405 0.764589 0.498845 0.764589 0.498845 0.772384 0.483405 0.772384
1 0.101167 0.249440 0.124114 0.249440 0.124114 0.266360 0.101167 0.266360
1 0.361541 0.875983 0.377479 0.875983 0.377479 0.898515 0.361541 0.898515
0 0.227548 0.176549 0.235268 0.176549 0.235268 0.192152 0.227548 0.192152
1 0.360581 0.938350 0.378364 0.938350 0.378364 0.965782 0.360581 0.965782
0 0.034914 0.569286 0.060604 0.569286 0.060604 0.620844 0.034914 0.620844
1 0.101193 0.141070 0.124688 0.141070 0.124688 0.157272 0.101193 0.157272
0 0.228119 0.435583 0.235880 0.435583 0.235880 0.450697 0.228119 0.450697
0 0.227874 0.306076 0.235490 0.306076 0.235490 0.321195 0.227874 0.321195
1 0.034153 0.361950 0.061211 0.361950 0.061211 0.379303 0.034153 0.379303
1 0.230421 0.938646 0.247944 0.938646 0.247944 0.965821 0.230421 0.965821
1 0.033834 0.880573 0.061462 0.880573 0.061462 0.899028 0.033834 0.899028
0 0.227395 0.501060 0.235517 0.501060 0.235517 0.516089 0.227395 0.516089
0 0.227736 0.046494 0.236736 0.046494 0.236736 0.062195 0.227736 0.062195
0 0.673453 0.816449 0.698361 0.816449 0.698361 0.829122 0.673453 0.829122
0 0.500643 0.815905 0.525186 0.815905 0.525186 0.828329 0.500643 0.828329
0 0.547882 0.764439 0.563768 0.764439 0.563768 0.772119 0.547882 0.772119
1 0.170219 0.239169 0.185008 0.239169 0.185008 0.248952 0.170219 0.248952
0 0.414351 0.816135 0.439230 0.816135 0.439230 0.828654 0.414351 0.828654
1 0.749332 0.938216 0.767285 0.938216 0.767285 0.965932 0.749332 0.965932
0 0.228124 0.241140 0.236043 0.241140 0.236043 0.256591 0.228124 0.256591
1 0.033814 0.550860 0.061022 0.550860 0.061022 0.568958 0.033814 0.568958
1 0.034034 0.231130 0.061441 0.231130 0.061441 0.249730 0.034034 0.249730
0 0.587152 0.816389 0.611760 0.816389 0.611760 0.829003 0.587152 0.829003
0 0.937712 0.764634 0.953316 0.764634 0.953316 0.772418 0.937712 0.772418
1 0.950721 0.938519 0.969932 0.938519 0.969932 0.966755 0.950721 0.966755
1 0.101170 0.465642 0.123823 0.465642 0.123823 0.481865 0.101170 0.481865
0 0.872485 0.764056 0.888825 0.764056 0.888825 0.772364 0.872485 0.772364
0 0.760060 0.815912 0.783997 0.815912 0.783997 0.828079 0.760060 0.828079
1 0.793788 0.875621 0.809425 0.875621 0.809425 0.898457 0.793788 0.898457
1 0.033779 0.680793 0.061303 0.680793 0.061303 0.699208 0.033779 0.699208
1 0.171272 0.032691 0.184984 0.032691 0.184984 0.041087 0.171272 0.041087
1 0.560146 0.938418 0.578298 0.938418 0.578298 0.966150 0.560146 0.966150
1 0.170320 0.153002 0.184896 0.153002 0.184896 0.162339 0.170320 0.162339
1 0.430902 0.937964 0.448318 0.937964 0.448318 0.965904 0.430902 0.965904
1 0.301823 0.875983 0.317525 0.875983 0.317525 0.898715 0.301823 0.898715
0 0.327114 0.816038 0.351555 0.816038 0.351555 0.828463 0.327114 0.828463
1 0.619718 0.938413 0.637797 0.938413 0.637797 0.966352 0.619718 0.966352
0 0.613061 0.764665 0.628964 0.764665 0.628964 0.772643 0.613061 0.772643
1 0.171915 0.938228 0.189228 0.938228 0.189228 0.966109 0.171915 0.966109
0 0.226801 0.565883 0.235060 0.565883 0.235060 0.581335 0.226801 0.581335
1 0.690162 0.938276 0.708389 0.938276 0.708389 0.965898 0.690162 0.965898
1 0.100899 0.790231 0.123726 0.790231 0.123726 0.806680 0.100899 0.806680
0 0.846428 0.815578 0.871466 0.815578 0.871466 0.828406 0.846428 0.828406
1 0.952019 0.875844 0.967097 0.875844 0.967097 0.899039 0.952019 0.899039
1 0.577701 0.875733 0.593748 0.875733 0.593748 0.898991 0.577701 0.898991
1 0.170219 0.326309 0.184672 0.326309 0.184672 0.335229 0.170219 0.335229
0 0.742564 0.764724 0.758555 0.764724 0.758555 0.772626 0.742564 0.772626
1 0.253439 0.875933 0.269119 0.875933 0.269119 0.898599 0.253439 0.898599
1 0.902278 0.875919 0.918325 0.875919 0.918325 0.898778 0.902278 0.898778
1 0.626249 0.875509 0.642099 0.875509 0.642099 0.898917 0.626249 0.898917
1 0.842746 0.875472 0.858526 0.875472 0.858526 0.898422 0.842746 0.898422
1 0.034153 0.161869 0.061831 0.161869 0.061831 0.179592 0.034153 0.179592
1 0.170382 0.638598 0.184395 0.638598 0.184395 0.647064 0.170382 0.647064
0 0.507467 0.939998 0.559894 0.939998 0.559894 0.965646 0.507467 0.965646
1 0.169931 0.551820 0.184514 0.551820 0.184514 0.560612 0.169931 0.560612
1 0.034610 0.031510 0.061900 0.031510 0.061900 0.049077 0.034610 0.049077
1 0.518466 0.875844 0.533960 0.875844 0.533960 0.898736 0.518466 0.898736
0 0.226794 0.370846 0.234936 0.370846 0.234936 0.386298 0.226794 0.386298
1 0.101759 0.032961 0.124113 0.032961 0.124113 0.048455 0.101759 0.048455
1 0.193346 0.875600 0.209500 0.875600 0.209500 0.898651 0.193346 0.898651
1 0.170577 0.205967 0.184821 0.205967 0.184821 0.214127 0.170577 0.214127
1 0.101024 0.682237 0.123726 0.682237 0.123726 0.698285 0.101024 0.698285
1 0.735075 0.875509 0.750299 0.875509 0.750299 0.899040 0.735075 0.899040
1 0.033808 0.291602 0.061917 0.291602 0.061917 0.309527 0.033808 0.309527
1 0.034034 0.421300 0.061191 0.421300 0.061191 0.438518 0.034034 0.438518
1 0.101209 0.357485 0.123997 0.357485 0.123997 0.373698 0.101209 0.373698
1 0.169917 0.758199 0.184522 0.758199 0.184522 0.768022 0.169917 0.768022
1 0.170252 0.725377 0.184799 0.725377 0.184799 0.733892 0.170252 0.733892
1 0.885523 0.109012 0.919954 0.109012 0.919954 0.116488 0.885523 0.116488
1 0.686005 0.875993 0.702610 0.875993 0.702610 0.898853 0.686005 0.898853
1 0.170019 0.292538 0.184710 0.292538 0.184710 0.301001 0.170019 0.301001
1 0.760121 0.031340 0.767265 0.031340 0.767265 0.068292 0.760121 0.068292
1 0.377533 0.262110 0.413068 0.262110 0.413068 0.268577 0.377533 0.268577
0 0.638201 0.938871 0.690020 0.938871 0.690020 0.964093 0.638201 0.964093
1 0.170323 0.585210 0.184636 0.585210 0.184636 0.595034 0.170323 0.595034
1 0.170007 0.671659 0.184537 0.671659 0.184537 0.681366 0.170007 0.681366
1 0.377945 0.117255 0.413559 0.117255 0.413559 0.123974 0.377945 0.123974
1 0.170656 0.119195 0.185455 0.119195 0.185455 0.127925 0.170656 0.127925
1 0.170318 0.499283 0.184648 0.499283 0.184648 0.508387 0.170318 0.508387
1 0.376892 0.159533 0.413903 0.159533 0.413903 0.166956 0.376892 0.166956
1 0.377547 0.449403 0.412939 0.449403 0.412939 0.455828 0.377547 0.455828
1 0.170653 0.066293 0.185418 0.066293 0.185418 0.075726 0.170653 0.075726
1 0.377605 0.355773 0.413058 0.355773 0.413058 0.362143 0.377605 0.362143
1 0.377449 0.500705 0.412680 0.500705 0.412680 0.506837 0.377449 0.506837
1 0.437590 0.032390 0.443600 0.032390 0.443600 0.067733 0.437590 0.067733
1 0.377655 0.211129 0.413117 0.211129 0.413117 0.217481 0.377655 0.217481
1 0.884980 0.160037 0.919441 0.160037 0.919441 0.167237 0.884980 0.167237
1 0.170267 0.465523 0.184601 0.465523 0.184601 0.473959 0.170267 0.473959
1 0.428469 0.031713 0.435237 0.031713 0.435237 0.067804 0.428469 0.067804
1 0.377533 0.491987 0.412503 0.491987 0.412503 0.498243 0.377533 0.498243
1 0.885123 0.253982 0.919445 0.253982 0.919445 0.260735 0.885123 0.260735
1 0.437198 0.540842 0.443548 0.540842 0.443548 0.574057 0.437198 0.574057
1 0.616039 0.032999 0.622470 0.032999 0.622470 0.068470 0.616039 0.068470
1 0.033953 0.810871 0.061459 0.810871 0.061459 0.828338 0.033953 0.828338
1 0.884996 0.441411 0.919297 0.441411 0.919297 0.447925 0.884996 0.447925
1 0.854508 0.032311 0.860580 0.032311 0.860580 0.067602 0.854508 0.067602
1 0.885165 0.492522 0.919396 0.492522 0.919396 0.498761 0.885165 0.498761
1 0.377608 0.398280 0.413125 0.398280 0.413125 0.404709 0.377608 0.404709
1 0.885255 0.347777 0.919522 0.347777 0.919522 0.354299 0.885255 0.354299
1 0.170057 0.412521 0.184560 0.412521 0.184560 0.421832 0.170057 0.421832
1 0.226991 0.321429 0.236099 0.321429 0.236099 0.329918 0.226991 0.329918
1 0.377541 0.253656 0.412925 0.253656 0.412925 0.259964 0.377541 0.259964
1 0.522907 0.032198 0.529353 0.032198 0.529353 0.067946 0.522907 0.067946
1 0.377666 0.304668 0.412979 0.304668 0.412979 0.311025 0.377666 0.311025
1 0.667282 0.031694 0.673888 0.031694 0.673888 0.068356 0.667282 0.068356
1 0.885075 0.202788 0.919795 0.202788 0.919795 0.209771 0.885075 0.209771
1 0.709836 0.031812 0.716791 0.031812 0.716791 0.068392 0.709836 0.068392
1 0.885118 0.296686 0.919503 0.296686 0.919503 0.303266 0.885118 0.303266
1 0.885073 0.483997 0.919323 0.483997 0.919323 0.490237 0.885073 0.490237
1 0.531001 0.540421 0.536917 0.540421 0.536917 0.573981 0.531001 0.573981
1 0.170483 0.378863 0.184486 0.378863 0.184486 0.387165 0.170483 0.387165
1 0.479698 0.540608 0.485984 0.540608 0.485984 0.574076 0.479698 0.574076
1 0.811232 0.031340 0.818728 0.031340 0.818728 0.068227 0.811232 0.068227
1 0.301074 0.938347 0.318647 0.938347 0.318647 0.966210 0.301074 0.966210
1 0.377584 0.347376 0.412780 0.347376 0.412780 0.353577 0.377584 0.353577
1 0.227127 0.233080 0.236310 0.233080 0.236310 0.240869 0.227127 0.240869
0 0.897480 0.940192 0.950519 0.940192 0.950519 0.964944 0.897480 0.964944
1 0.226688 0.516411 0.236071 0.516411 0.236071 0.524535 0.226688 0.524535
1 0.573608 0.540430 0.579500 0.540430 0.579500 0.574116 0.573608 0.574116
1 0.884996 0.390415 0.919591 0.390415 0.919591 0.396962 0.884996 0.396962
0 0.102792 0.157631 0.122731 0.157631 0.122731 0.188674 0.102792 0.188674
1 0.624734 0.540717 0.630568 0.540717 0.630568 0.573914 0.624734 0.573914
1 0.667228 0.540597 0.673226 0.540597 0.673226 0.574102 0.667228 0.574102
1 0.479929 0.032768 0.486680 0.032768 0.486680 0.068168 0.479929 0.068168
1 0.377505 0.440972 0.412787 0.440972 0.412787 0.447246 0.377505 0.447246
1 0.812112 0.540593 0.817713 0.540593 0.817713 0.574029 0.812112 0.574029
1 0.718490 0.540675 0.724847 0.540675 0.724847 0.573957 0.718490 0.573957
1 0.803146 0.031930 0.810111 0.031930 0.810111 0.068168 0.803146 0.068168
1 0.885528 0.100460 0.919959 0.100460 0.919959 0.107689 0.885528 0.107689
1 0.378004 0.108871 0.413246 0.108871 0.413246 0.115333 0.378004 0.115333
1 0.227019 0.687449 0.236210 0.687449 0.236210 0.695309 0.227019 0.695309
1 0.885096 0.339406 0.919608 0.339406 0.919608 0.345754 0.885096 0.345754
1 0.377565 0.202681 0.413033 0.202681 0.413033 0.208911 0.377565 0.208911
1 0.885727 0.083891 0.920140 0.083891 0.920140 0.090455 0.885727 0.090455
1 0.863304 0.032111 0.868995 0.032111 0.868995 0.067480 0.863304 0.067480
1 0.573566 0.032746 0.579868 0.032746 0.579868 0.068486 0.573566 0.068486
1 0.884893 0.151815 0.919643 0.151815 0.919643 0.158474 0.884893 0.158474
1 0.227127 0.167984 0.236570 0.167984 0.236570 0.176257 0.227127 0.176257
1 0.377206 0.150855 0.412831 0.150855 0.412831 0.158000 0.377206 0.158000
1 0.884965 0.245510 0.919623 0.245510 0.919623 0.252062 0.884965 0.252062
1 0.227178 0.711319 0.236016 0.711319 0.236016 0.719539 0.227178 0.719539
1 0.375847 0.134441 0.413256 0.134441 0.413256 0.141146 0.375847 0.141146
1 0.710053 0.540652 0.715809 0.540652 0.715809 0.574076 0.710053 0.574076
1 0.616362 0.540570 0.622080 0.540570 0.622080 0.573947 0.616362 0.573947
1 0.846054 0.031930 0.852782 0.031930 0.852782 0.068109 0.846054 0.068109
1 0.761043 0.540497 0.766769 0.540497 0.766769 0.573920 0.761043 0.573920
1 0.409455 0.875621 0.425703 0.875621 0.425703 0.898761 0.409455 0.898761
1 0.227561 0.126344 0.236142 0.126344 0.236142 0.135188 0.227561 0.135188
1 0.145166 0.875770 0.161366 0.875770 0.161366 0.899201 0.145166 0.899201
1 0.884939 0.433019 0.919402 0.433019 0.919402 0.439120 0.884939 0.439120
1 0.226743 0.492587 0.236182 0.492587 0.236182 0.500858 0.226743 0.500858
1 0.227190 0.557707 0.236147 0.557707 0.236147 0.565594 0.227190 0.565594
1 0.885257 0.398817 0.919692 0.398817 0.919692 0.405253 0.885257 0.405253
1 0.522583 0.540449 0.528450 0.540449 0.528450 0.573962 0.522583 0.573962
1 0.752625 0.031458 0.758274 0.031458 0.758274 0.068312 0.752625 0.068312
1 0.377429 0.483562 0.412408 0.483562 0.412408 0.489805 0.377429 0.489805
1 0.377406 0.185740 0.413146 0.185740 0.413146 0.192016 0.377406 0.192016
1 0.884939 0.288293 0.919515 0.288293 0.919515 0.294533 0.884939 0.294533
1 0.377486 0.236624 0.412837 0.236624 0.412837 0.242920 0.377486 0.242920
1 0.718689 0.031930 0.725077 0.031930 0.725077 0.068308 0.718689 0.068308
1 0.377627 0.092113 0.413319 0.092113 0.413319 0.098262 0.377627 0.098262
1 0.227203 0.646195 0.236099 0.646195 0.236099 0.654436 0.227203 0.654436
1 0.885510 0.092091 0.920008 0.092091 0.920008 0.099030 0.885510 0.099030
1 0.650483 0.540723 0.656084 0.540723 0.656084 0.574183 0.650483 0.574183
1 0.884863 0.382029 0.919743 0.382029 0.919743 0.388095 0.884863 0.388095
1 0.377365 0.143243 0.412895 0.143243 0.412895 0.149373 0.377365 0.149373
1 0.803729 0.540584 0.809282 0.540584 0.809282 0.575484 0.803729 0.575484
1 0.854831 0.540697 0.860808 0.540697 0.860808 0.574339 0.854831 0.574339
1 0.846265 0.540749 0.851551 0.540749 0.851551 0.574038 0.846265 0.574038
1 0.884938 0.194416 0.919797 0.194416 0.919797 0.200979 0.884938 0.200979
1 0.693087 0.540753 0.698834 0.540753 0.698834 0.574137 0.693087 0.574137
1 0.377512 0.227935 0.413122 0.227935 0.413122 0.234531 0.377512 0.234531
1 0.769725 0.540584 0.775184 0.540584 0.775184 0.573963 0.769725 0.573963
1 0.505605 0.540657 0.511441 0.540657 0.511441 0.574096 0.505605 0.574096
1 0.428598 0.540796 0.435062 0.540796 0.435062 0.574284 0.428598 0.574284
1 0.531561 0.032386 0.537428 0.032386 0.537428 0.068225 0.531561 0.068225
1 0.577912 0.814848 0.586904 0.814848 0.586904 0.829775 0.577912 0.829775
1 0.565266 0.540451 0.570769 0.540451 0.570769 0.574118 0.565266 0.574118
1 0.377471 0.389870 0.412990 0.389870 0.412990 0.396130 0.377471 0.396130
1 0.227317 0.450950 0.235847 0.450950 0.235847 0.459612 0.227317 0.459612
1 0.377629 0.296254 0.412788 0.296254 0.412788 0.302390 0.377629 0.302390
1 0.837784 0.541015 0.843183 0.541015 0.843183 0.574065 0.837784 0.574065
1 0.658877 0.540614 0.664545 0.540614 0.664545 0.574131 0.658877 0.574131
1 0.885089 0.509678 0.919681 0.509678 0.919681 0.515326 0.885089 0.515326
1 0.701577 0.540660 0.707069 0.540660 0.707069 0.574175 0.701577 0.574175
1 0.377543 0.245119 0.412825 0.245119 0.412825 0.251411 0.377543 0.251411
1 0.675945 0.540718 0.681656 0.540718 0.681656 0.574081 0.675945 0.574081
1 0.884917 0.467067 0.919566 0.467067 0.919566 0.473006 0.884917 0.473006
1 0.795155 0.540677 0.800563 0.540677 0.800563 0.574010 0.795155 0.574010
1 0.514215 0.540603 0.519583 0.540603 0.519583 0.574009 0.514215 0.574009
1 0.377544 0.176981 0.413216 0.176981 0.413216 0.183557 0.377544 0.183557
1 0.377477 0.338785 0.412692 0.338785 0.412692 0.345178 0.377477 0.345178
1 0.884988 0.475545 0.919417 0.475545 0.919417 0.481573 0.884988 0.481573
1 0.664225 0.815084 0.673036 0.815084 0.673036 0.829664 0.664225 0.829664
1 0.769623 0.031340 0.776051 0.031340 0.776051 0.068163 0.769623 0.068163
1 0.701396 0.032048 0.708124 0.032048 0.708124 0.068640 0.701396 0.068640
1 0.377462 0.287744 0.412876 0.287744 0.412876 0.293898 0.377462 0.293898
1 0.471398 0.540629 0.477348 0.540629 0.477348 0.574144 0.471398 0.574144
1 0.556772 0.540482 0.562334 0.540482 0.562334 0.574192 0.556772 0.574192
1 0.471297 0.032763 0.477509 0.032763 0.477509 0.068349 0.471297 0.068349
1 0.884814 0.322385 0.919761 0.322385 0.919761 0.328477 0.884814 0.328477
1 0.786090 0.031576 0.792499 0.031576 0.792499 0.068161 0.786090 0.068161
1 0.463008 0.540649 0.468640 0.540649 0.468640 0.574198 0.463008 0.574198
1 0.377896 0.100551 0.413181 0.100551 0.413181 0.106792 0.377896 0.106792
1 0.744272 0.540653 0.749559 0.540653 0.749559 0.574022 0.744272 0.574022
1 0.885228 0.211463 0.919728 0.211463 0.919728 0.217971 0.885228 0.217971
1 0.884794 0.416034 0.919853 0.416034 0.919853 0.422034 0.884794 0.422034
1 0.582324 0.540501 0.588090 0.540501 0.588090 0.574101 0.582324 0.574101
1 0.884836 0.228723 0.919838 0.228723 0.919838 0.234738 0.884836 0.234738
1 0.624906 0.032166 0.631028 0.032166 0.631028 0.068294 0.624906 0.068294
1 0.752728 0.540539 0.758061 0.540539 0.758061 0.573961 0.752728 0.573961
1 0.884910 0.330926 0.919664 0.330926 0.919664 0.336992 0.884910 0.336992
1 0.885283 0.305214 0.919400 0.305214 0.919400 0.311623 0.885283 0.311623
1 0.607962 0.540501 0.613189 0.540501 0.613189 0.574089 0.607962 0.574089
1 0.884816 0.424664 0.919710 0.424664 0.919710 0.430614 0.884816 0.430614
1 0.227577 0.103237 0.237013 0.103237 0.237013 0.110656 0.227577 0.110656
1 0.884800 0.373523 0.919873 0.373523 0.919873 0.379542 0.884800 0.379542
1 0.377459 0.194077 0.413044 0.194077 0.413044 0.200357 0.377459 0.200357
1 0.445874 0.540900 0.451966 0.540900 0.451966 0.574119 0.445874 0.574119
1 0.226973 0.298086 0.236099 0.298086 0.236099 0.305909 0.226973 0.305909
1 0.884795 0.134769 0.919836 0.134769 0.919836 0.141199 0.884795 0.141199
1 0.377368 0.381315 0.412968 0.381315 0.412968 0.387763 0.377368 0.387763
1 0.377448 0.432453 0.412773 0.432453 0.412773 0.438624 0.377448 0.438624
1 0.659019 0.032107 0.665570 0.032107 0.665570 0.068345 0.659019 0.068345
1 0.599425 0.540634 0.605039 0.540634 0.605039 0.574117 0.599425 0.574117
1 0.794766 0.032048 0.801730 0.032048 0.801730 0.068227 0.794766 0.068227
1 0.744008 0.031163 0.749795 0.031163 0.749795 0.068259 0.744008 0.068259
1 0.837581 0.032752 0.843988 0.032752 0.843988 0.068286 0.837581 0.068286
1 0.377667 0.125590 0.413551 0.125590 0.413551 0.132528 0.377667 0.132528
1 0.377754 0.083610 0.413369 0.083610 0.413369 0.090013 0.377754 0.090013
1 0.884864 0.177572 0.919738 0.177572 0.919738 0.183659 0.884864 0.183659
1 0.884814 0.143342 0.919791 0.143342 0.919791 0.149773 0.884814 0.149773
1 0.514142 0.032186 0.521148 0.032186 0.521148 0.068640 0.514142 0.068640
1 0.227013 0.192419 0.236016 0.192419 0.236016 0.200210 0.227013 0.200210
1 0.735450 0.031812 0.741567 0.031812 0.741567 0.068144 0.735450 0.068144
1 0.884875 0.186104 0.919774 0.186104 0.919774 0.192394 0.884875 0.192394
1 0.786896 0.540769 0.792281 0.540769 0.792281 0.573967 0.786896 0.573967
1 0.488575 0.540622 0.494493 0.540622 0.494493 0.574034 0.488575 0.574034
1 0.453880 0.032331 0.461243 0.032331 0.461243 0.067991 0.453880 0.067991
1 0.445506 0.032308 0.452921 0.032308 0.452921 0.068109 0.445506 0.068109
1 0.462975 0.032408 0.469978 0.032408 0.469978 0.068227 0.462975 0.068227
1 0.488409 0.032186 0.495120 0.032186 0.495120 0.068345 0.488409 0.068345
1 0.496702 0.032198 0.504032 0.032198 0.504032 0.068404 0.496702 0.068404
1 0.505584 0.032599 0.512649 0.032599 0.512649 0.068581 0.505584 0.068581
1 0.548061 0.032048 0.554849 0.032048 0.554849 0.068463 0.548061 0.068463
1 0.539208 0.032166 0.546704 0.032166 0.546704 0.068640 0.539208 0.068640
1 0.556619 0.032107 0.563407 0.032107 0.563407 0.068522 0.556619 0.068522
1 0.565540 0.032392 0.571841 0.032392 0.571841 0.068131 0.565540 0.068131
1 0.599240 0.032451 0.605541 0.032451 0.605541 0.068191 0.599240 0.068191
1 0.590977 0.032097 0.597279 0.032097 0.597279 0.067836 0.590977 0.067836
1 0.582352 0.031812 0.589139 0.031812 0.589139 0.068227 0.582352 0.068227
1 0.608034 0.032746 0.614335 0.032746 0.614335 0.068486 0.608034 0.068486
1 0.650579 0.032048 0.656997 0.032048 0.656997 0.067999 0.650579 0.067999
1 0.641844 0.032166 0.648438 0.032166 0.648438 0.068175 0.641844 0.068175
1 0.634003 0.032451 0.640304 0.032451 0.640304 0.068191 0.634003 0.068191
1 0.684693 0.031989 0.691299 0.031989 0.691299 0.068651 0.684693 0.068651
1 0.675899 0.032166 0.682627 0.032166 0.682627 0.068522 0.675899 0.068522
1 0.692956 0.032107 0.699562 0.032107 0.699562 0.068769 0.692956 0.068769
1 0.727188 0.031694 0.733576 0.031694 0.733576 0.068072 0.727188 0.068072
1 0.777886 0.031340 0.784314 0.031340 0.784314 0.068163 0.777886 0.068163
1 0.828466 0.031340 0.835962 0.031340 0.835962 0.068227 0.828466 0.068227
1 0.820321 0.031635 0.827286 0.031635 0.827286 0.067873 0.820321 0.067873
1 0.376997 0.168001 0.414008 0.168001 0.414008 0.175424 0.376997 0.175424
1 0.377446 0.219389 0.412908 0.219389 0.412908 0.225740 0.377446 0.225740
1 0.377533 0.270474 0.413068 0.270474 0.413068 0.276941 0.377533 0.276941
1 0.377533 0.278943 0.413068 0.278943 0.413068 0.285410 0.377533 0.285410
1 0.377561 0.312927 0.413799 0.312927 0.413799 0.320017 0.377561 0.320017
1 0.377143 0.321605 0.413380 0.321605 0.413380 0.328695 0.377143 0.328695
1 0.377059 0.330002 0.413694 0.330002 0.413694 0.336536 0.377059 0.336536
1 0.377501 0.372605 0.412954 0.372605 0.412954 0.378976 0.377501 0.378976
1 0.377480 0.364209 0.412676 0.364209 0.412676 0.370410 0.377480 0.370410
1 0.377471 0.415602 0.412990 0.415602 0.412990 0.421862 0.377471 0.421862
1 0.377608 0.424012 0.413125 0.424012 0.413125 0.430441 0.377608 0.430441
1 0.377368 0.407047 0.412968 0.407047 0.412968 0.413495 0.377368 0.413495
1 0.377649 0.457968 0.412973 0.457968 0.412973 0.464139 0.377649 0.464139
1 0.377705 0.466487 0.412987 0.466487 0.412987 0.472761 0.377705 0.472761
1 0.377747 0.474918 0.413139 0.474918 0.413139 0.481342 0.377747 0.481342
1 0.227076 0.581686 0.236033 0.581686 0.236033 0.589572 0.227076 0.589572
1 0.226656 0.427710 0.236450 0.427710 0.236450 0.435297 0.226656 0.435297
1 0.226794 0.386464 0.236237 0.386464 0.236237 0.394883 0.226794 0.394883
1 0.226739 0.362926 0.235988 0.362926 0.235988 0.370625 0.226739 0.370625
1 0.227099 0.256812 0.236210 0.256812 0.236210 0.265092 0.227099 0.265092
1 0.227542 0.038325 0.236819 0.038325 0.236819 0.046383 0.227542 0.046383
1 0.227542 0.062362 0.236902 0.062362 0.236902 0.070254 0.227542 0.070254
1 0.226850 0.622231 0.236154 0.622231 0.236154 0.630178 0.226850 0.630178
1 0.454068 0.540666 0.460575 0.540666 0.460575 0.573865 0.454068 0.573865
1 0.497099 0.540579 0.503017 0.540579 0.503017 0.573992 0.497099 0.573992
1 0.539801 0.540788 0.545667 0.540788 0.545667 0.574301 0.539801 0.574301
1 0.548219 0.540760 0.554134 0.540760 0.554134 0.574320 0.548219 0.574320
1 0.590806 0.540416 0.596572 0.540416 0.596572 0.574017 0.590806 0.574017
1 0.641952 0.540548 0.647786 0.540548 0.647786 0.573744 0.641952 0.573744
1 0.633202 0.540370 0.639297 0.540370 0.639297 0.573777 0.633202 0.573777
1 0.684474 0.540412 0.690496 0.540412 0.690496 0.573957 0.684474 0.573957
1 0.735666 0.540294 0.741471 0.540294 0.741471 0.573830 0.735666 0.573830
1 0.727229 0.540270 0.732984 0.540270 0.732984 0.573694 0.727229 0.573694
1 0.777773 0.540794 0.784047 0.540794 0.784047 0.574090 0.777773 0.574090
1 0.820721 0.540381 0.826322 0.540381 0.826322 0.573817 0.820721 0.573817
1 0.829260 0.540549 0.835024 0.540549 0.835024 0.573999 0.829260 0.573999
1 0.863185 0.540781 0.869163 0.540781 0.869163 0.574424 0.863185 0.574424
1 0.885513 0.518245 0.920105 0.518245 0.920105 0.523892 0.885513 0.523892
1 0.885419 0.500834 0.919651 0.500834 0.919651 0.507073 0.885419 0.507073
1 0.884996 0.449680 0.919297 0.449680 0.919297 0.456195 0.884996 0.456195
1 0.885208 0.458077 0.919509 0.458077 0.919509 0.464592 0.885208 0.464592
1 0.885130 0.407171 0.919565 0.407171 0.919565 0.413608 0.885130 0.413608
1 0.885255 0.356258 0.919522 0.356258 0.919522 0.362781 0.885255 0.362781
1 0.885213 0.364867 0.919480 0.364867 0.919480 0.371390 0.885213 0.371390
1 0.885156 0.313611 0.919273 0.313611 0.919273 0.320020 0.885156 0.320020
1 0.885067 0.270821 0.919642 0.270821 0.919642 0.277060 0.885067 0.277060
1 0.885246 0.279214 0.919630 0.279214 0.919630 0.285794 0.885246 0.285794
1 0.885123 0.262251 0.919445 0.262251 0.919445 0.269004 0.885123 0.269004
1 0.884454 0.237248 0.919456 0.237248 0.919456 0.243262 0.884454 0.243262
1 0.885398 0.220029 0.919897 0.220029 0.919897 0.226537 0.885398 0.226537
1 0.884980 0.168434 0.919441 0.168434 0.919441 0.175634 0.884980 0.175634
1 0.885905 0.117451 0.920335 0.117451 0.920335 0.124927 0.885905 0.124927
1 0.885227 0.125848 0.919657 0.125848 0.919657 0.133324 0.885227 0.133324
1 0.377533 0.508921 0.412503 0.508921 0.412503 0.515177 0.377533 0.515177
1 0.377449 0.517640 0.412680 0.517640 0.412680 0.523771 0.377449 0.523771
1 0.953392 0.763925 0.961480 0.763925 0.961480 0.772896 0.953392 0.772896
1 0.928970 0.763960 0.937577 0.763960 0.937577 0.773258 0.928970 0.773258
1 0.888986 0.764242 0.896773 0.764242 0.896773 0.773053 0.888986 0.773053
1 0.864165 0.763832 0.872362 0.763832 0.872362 0.772900 0.864165 0.772900
1 0.823028 0.763627 0.831352 0.763627 0.831352 0.773028 0.823028 0.773028
1 0.799513 0.763755 0.807582 0.763755 0.807582 0.772925 0.799513 0.772925
1 0.758786 0.763832 0.766650 0.763832 0.766650 0.772951 0.758786 0.772951
1 0.734631 0.763909 0.742392 0.763909 0.742392 0.773053 0.734631 0.773053
1 0.693494 0.763730 0.701844 0.763730 0.701844 0.773002 0.693494 0.773002
1 0.669851 0.763678 0.677843 0.763678 0.677843 0.772951 0.669851 0.772951
1 0.629124 0.763704 0.636962 0.763704 0.636962 0.772900 0.629124 0.772900
1 0.604739 0.763960 0.612935 0.763960 0.612935 0.772874 0.604739 0.772874
1 0.563909 0.763781 0.572106 0.763781 0.572106 0.772925 0.563909 0.772925
1 0.539831 0.763730 0.547720 0.763730 0.547720 0.772823 0.539831 0.772823
1 0.498924 0.763934 0.506993 0.763934 0.506993 0.772951 0.498924 0.772951
1 0.475231 0.764011 0.483145 0.764011 0.483145 0.773002 0.475231 0.773002
1 0.433940 0.763883 0.442239 0.763883 0.442239 0.772797 0.433940 0.772797
1 0.410246 0.763960 0.418186 0.763960 0.418186 0.773258 0.410246 0.773258
1 0.404841 0.815087 0.414165 0.815087 0.414165 0.829585 0.404841 0.829585
1 0.439447 0.815190 0.447797 0.815190 0.447797 0.830046 0.439447 0.830046
1 0.491311 0.815082 0.500427 0.815082 0.500427 0.830389 0.491311 0.830389
1 0.525187 0.814901 0.534356 0.814901 0.534356 0.830182 0.525187 0.830182
1 0.612015 0.814749 0.620851 0.814749 0.620851 0.830038 0.612015 0.830038
1 0.698589 0.814935 0.707561 0.814935 0.707561 0.829902 0.698589 0.829902
1 0.750824 0.815047 0.759945 0.815047 0.759945 0.829976 0.750824 0.829976
1 0.784033 0.814935 0.793788 0.814935 0.793788 0.830051 0.784033 0.830051
1 0.837162 0.814972 0.846209 0.814972 0.846209 0.829753 0.837162 0.829753
1 0.871749 0.815196 0.880498 0.815196 0.880498 0.830237 0.871749 0.830237
1 0.924058 0.815196 0.932919 0.815196 0.932919 0.830237 0.924058 0.830237
1 0.958310 0.815047 0.967097 0.815047 0.967097 0.830199 0.958310 0.830199
1 0.819773 0.937913 0.838076 0.937913 0.838076 0.965999 0.819773 0.965999
1 0.345160 0.763557 0.352827 0.763557 0.352827 0.772874 0.345160 0.772874
1 0.368815 0.763866 0.377548 0.763866 0.377548 0.772943 0.368815 0.772943
1 0.231739 0.815175 0.241059 0.815175 0.241059 0.829905 0.231739 0.829905
1 0.266055 0.814882 0.274658 0.814882 0.274658 0.830101 0.266055 0.830101
1 0.351733 0.815051 0.360900 0.815051 0.360900 0.830137 0.351733 0.830137
1 0.318418 0.815261 0.326956 0.815261 0.326956 0.829561 0.318418 0.829561
