0 0.047205 0.191553 0.166813 0.191553 0.166813 0.276518 0.047205 0.276518
1 0.555499 0.616996 0.563448 0.616996 0.563448 0.631716 0.555499 0.631716
0 0.424638 0.612797 0.456917 0.612797 0.456917 0.635138 0.424638 0.635138
1 0.963724 0.617524 0.972516 0.617524 0.972516 0.632284 0.963724 0.632284
1 0.064589 0.158074 0.071435 0.158074 0.071435 0.192115 0.064589 0.192115
1 0.075805 0.158016 0.082583 0.158016 0.082583 0.192017 0.075805 0.192017
1 0.053120 0.157991 0.060912 0.157991 0.060912 0.192310 0.053120 0.192310
1 0.929969 0.617598 0.938272 0.617598 0.938272 0.632182 0.929969 0.632182
1 0.064616 0.277509 0.071496 0.277509 0.071496 0.309028 0.064616 0.309028
1 0.130669 0.277561 0.137817 0.277561 0.137817 0.308603 0.130669 0.308603
1 0.053495 0.277406 0.060453 0.277406 0.060453 0.308927 0.053495 0.308927
1 0.119545 0.158110 0.126731 0.158110 0.126731 0.192063 0.119545 0.192063
1 0.739686 0.432543 0.753784 0.432543 0.753784 0.441929 0.739686 0.441929
1 0.119592 0.277633 0.126744 0.277633 0.126744 0.308692 0.119592 0.308692
1 0.131026 0.158109 0.137908 0.158109 0.137908 0.192130 0.131026 0.192130
1 0.108619 0.277561 0.115683 0.277561 0.115683 0.308658 0.108619 0.308658
1 0.152786 0.277355 0.160339 0.277355 0.160339 0.308704 0.152786 0.308704
1 0.152752 0.157994 0.159870 0.157994 0.159870 0.191991 0.152752 0.191991
1 0.141670 0.277341 0.148810 0.277341 0.148810 0.308678 0.141670 0.308678
1 0.097393 0.157975 0.105066 0.157975 0.105066 0.192420 0.097393 0.192420
1 0.086463 0.277619 0.093697 0.277619 0.093697 0.308924 0.086463 0.308924
1 0.075372 0.277640 0.082552 0.277640 0.082552 0.308974 0.075372 0.308974
1 0.108349 0.158159 0.116011 0.158159 0.116011 0.192257 0.108349 0.192257
1 0.086569 0.157947 0.093849 0.157947 0.093849 0.192324 0.086569 0.192324
1 0.097583 0.277503 0.104677 0.277503 0.104677 0.308814 0.097583 0.308814
1 0.141771 0.158049 0.148903 0.158049 0.148903 0.192228 0.141771 0.192228
0 0.100083 0.464099 0.322256 0.464099 0.322256 0.684872 0.100083 0.684872
1 0.457323 0.613016 0.472520 0.613016 0.472520 0.636130 0.457323 0.636130
1 0.408702 0.613437 0.423899 0.613437 0.423899 0.636551 0.408702 0.636551
1 0.521138 0.617322 0.530051 0.617322 0.530051 0.632073 0.521138 0.632073
0 0.530320 0.617886 0.555428 0.617886 0.555428 0.632272 0.530320 0.632272
0 0.938455 0.619123 0.963466 0.619123 0.963466 0.631861 0.938455 0.631861
0 0.425961 0.664892 0.458210 0.660525 0.461905 0.680849 0.428648 0.685636
0 0.436459 0.713518 0.442421 0.733926 0.474419 0.723848 0.467700 0.704196
0 0.531171 0.652255 0.533222 0.666025 0.559172 0.661924 0.557037 0.648321
0 0.935940 0.589108 0.937757 0.601584 0.962144 0.597733 0.960135 0.585568
0 0.538353 0.684994 0.542548 0.698437 0.567131 0.690598 0.562662 0.677395
0 0.550043 0.717450 0.556026 0.729587 0.578959 0.718241 0.573079 0.705864
0 0.567318 0.747055 0.575700 0.758471 0.596835 0.742647 0.588886 0.731773
0 0.589164 0.773826 0.598196 0.783002 0.616693 0.764938 0.606866 0.755473
0 0.613468 0.796276 0.628937 0.775939 0.640084 0.784219 0.624706 0.805193
0 0.654007 0.792136 0.642178 0.815021 0.655417 0.821527 0.666655 0.798414
0 0.681032 0.804465 0.673480 0.828988 0.686810 0.833174 0.694499 0.808651
0 0.709967 0.812210 0.706153 0.837651 0.720369 0.839688 0.723967 0.814377
0 0.801236 0.810250 0.808798 0.832244 0.820296 0.828717 0.812381 0.806299
0 0.829258 0.798531 0.840228 0.819353 0.851145 0.814347 0.840121 0.793578
0 0.739626 0.841587 0.739982 0.815688 0.754426 0.816186 0.754283 0.842227
0 0.854943 0.783981 0.869102 0.803619 0.878637 0.796646 0.864477 0.777293
0 0.878654 0.765174 0.895908 0.781820 0.904573 0.773611 0.887243 0.757041
0 0.898772 0.742133 0.918620 0.756885 0.925192 0.747095 0.905612 0.732880
0 0.915536 0.717591 0.937932 0.728856 0.943162 0.717591 0.920632 0.707265
0 0.927203 0.689294 0.950940 0.697609 0.955098 0.686076 0.930958 0.678432
0 0.935384 0.661266 0.959926 0.665557 0.962071 0.652549 0.937932 0.648928
0 0.739877 0.432216 0.740162 0.407834 0.754013 0.408214 0.753918 0.432406
1 0.556988 0.647188 0.559356 0.662380 0.567658 0.660896 0.564902 0.645845
1 0.522753 0.653123 0.524979 0.667362 0.533282 0.666054 0.531056 0.651710
1 0.530118 0.687785 0.534594 0.701795 0.543132 0.699059 0.538490 0.684635
1 0.562513 0.676769 0.567569 0.691261 0.575784 0.688228 0.571150 0.674157
1 0.542418 0.720668 0.548864 0.733939 0.556320 0.730147 0.549706 0.716876
1 0.572919 0.705375 0.579281 0.718646 0.587117 0.714938 0.580545 0.701541
1 0.560124 0.751413 0.568826 0.763619 0.575722 0.758419 0.566965 0.746597
1 0.588475 0.730998 0.597232 0.743258 0.603636 0.738770 0.594660 0.726565
1 0.581678 0.779381 0.588191 0.773032 0.598755 0.783815 0.592515 0.789890
1 0.606368 0.755052 0.617137 0.765274 0.622795 0.759433 0.611843 0.749029
1 0.607968 0.803176 0.613040 0.796235 0.624976 0.805430 0.620100 0.811775
1 0.638127 0.822491 0.641874 0.814969 0.655177 0.821519 0.650850 0.829454
1 0.653520 0.791801 0.657240 0.784821 0.670201 0.791410 0.666892 0.798459
1 0.670486 0.837039 0.672908 0.828980 0.687020 0.833444 0.684258 0.841882
1 0.680702 0.804160 0.683464 0.796706 0.697009 0.801246 0.694701 0.808813
1 0.709722 0.811916 0.711235 0.804576 0.725613 0.806997 0.724288 0.814640
1 0.705711 0.837947 0.704387 0.846573 0.718916 0.848881 0.720391 0.840141
1 0.739700 0.841995 0.739722 0.850870 0.754435 0.850870 0.754401 0.841883
1 0.739988 0.808084 0.739860 0.815934 0.754261 0.816044 0.754288 0.808137
1 0.769931 0.433952 0.768606 0.442579 0.783135 0.444887 0.784611 0.436147
0 0.774255 0.409093 0.770373 0.433657 0.784589 0.435694 0.787907 0.411391
1 0.773782 0.408822 0.774931 0.400847 0.789832 0.403003 0.788110 0.411391
1 0.806675 0.415852 0.809437 0.408398 0.822982 0.412938 0.820674 0.420506
0 0.807005 0.416157 0.799453 0.440680 0.812783 0.444866 0.820472 0.420343
1 0.796459 0.448731 0.798880 0.440672 0.812993 0.445137 0.810231 0.453574
1 0.806750 0.833144 0.820909 0.828882 0.823659 0.837268 0.809820 0.841896
1 0.799281 0.810737 0.796486 0.801252 0.810416 0.797036 0.812982 0.806246
1 0.838714 0.820252 0.851372 0.814347 0.855754 0.822464 0.843402 0.829193
1 0.827463 0.799349 0.841050 0.792849 0.836756 0.784938 0.823463 0.791702
1 0.868292 0.804758 0.873623 0.811693 0.885480 0.803043 0.880260 0.796108
1 0.848615 0.777289 0.853676 0.784401 0.865607 0.776161 0.860583 0.768639
1 0.894862 0.783498 0.905507 0.773489 0.911529 0.779596 0.901266 0.789817
1 0.870771 0.759449 0.881292 0.749359 0.888077 0.756059 0.877517 0.766280
1 0.917908 0.758163 0.926021 0.746273 0.933633 0.751662 0.925465 0.763720
1 0.937078 0.730382 0.943523 0.717046 0.951024 0.720825 0.944968 0.734104
1 0.890559 0.738259 0.899239 0.726548 0.906240 0.731826 0.897794 0.743439
1 0.906728 0.714701 0.913173 0.701365 0.921187 0.705600 0.915186 0.718713
1 0.950746 0.698766 0.955803 0.684764 0.963981 0.688023 0.959228 0.701693
1 0.918575 0.688542 0.923286 0.674473 0.931244 0.676985 0.926354 0.691043
1 0.926354 0.660816 0.928632 0.646370 0.937988 0.647771 0.935717 0.662535
1 0.960112 0.666110 0.962390 0.651663 0.971216 0.653071 0.968944 0.667456
1 0.680515 0.444207 0.694674 0.439945 0.697424 0.448331 0.683585 0.452959
0 0.673825 0.420809 0.681688 0.443933 0.694538 0.440154 0.686139 0.416471
1 0.672794 0.420876 0.670015 0.412272 0.683788 0.407820 0.686495 0.416385
1 0.641417 0.434790 0.655004 0.428291 0.650710 0.420380 0.637417 0.427144
0 0.642458 0.434160 0.654206 0.456728 0.665978 0.450513 0.654772 0.428194
1 0.653372 0.457227 0.666047 0.450618 0.670209 0.458511 0.657617 0.465183
1 0.628147 0.474042 0.633479 0.480977 0.645335 0.472326 0.640115 0.465391
0 0.614008 0.452975 0.628671 0.473483 0.639188 0.465805 0.624522 0.445612
1 0.608044 0.446364 0.613105 0.453476 0.624906 0.445498 0.619808 0.438014
1 0.573046 0.545001 0.579492 0.531666 0.586993 0.535444 0.580936 0.548724
0 0.550662 0.531730 0.573265 0.543442 0.579158 0.532137 0.556550 0.520593
1 0.541855 0.528839 0.548300 0.515504 0.556313 0.519739 0.549875 0.532859
1 0.559579 0.497662 0.568259 0.485950 0.575260 0.491229 0.566814 0.502842
0 0.567478 0.502164 0.587947 0.517004 0.595104 0.506519 0.575014 0.491828
1 0.587493 0.517943 0.595606 0.506052 0.603218 0.511442 0.595050 0.523499
0 0.538239 0.564062 0.561977 0.572376 0.566931 0.559093 0.542833 0.551130
0 0.532111 0.597516 0.557091 0.601729 0.559103 0.588191 0.534235 0.584409
1 0.557034 0.602356 0.559165 0.587511 0.567404 0.588639 0.565256 0.603471
1 0.562298 0.572683 0.567355 0.558681 0.575366 0.561187 0.570741 0.575265
1 0.529486 0.562192 0.534197 0.548122 0.542738 0.550819 0.537757 0.564744
1 0.522574 0.596679 0.524852 0.582232 0.534208 0.583634 0.531937 0.598397
1 0.628008 0.775241 0.633080 0.768299 0.645016 0.777495 0.640139 0.783840
0 0.589293 0.475973 0.606131 0.493718 0.615895 0.484842 0.598335 0.467418
1 0.605831 0.494261 0.616476 0.484253 0.622498 0.490359 0.612235 0.500580
1 0.581911 0.470132 0.592451 0.459742 0.598586 0.466708 0.588499 0.476434
1 0.918910 0.561397 0.923386 0.575406 0.931924 0.572671 0.927282 0.558247
0 0.927145 0.558605 0.931340 0.572049 0.955923 0.564210 0.951454 0.551007
1 0.951306 0.550381 0.956087 0.564900 0.963685 0.562252 0.959425 0.547977
1 0.937023 0.520446 0.943384 0.533717 0.951220 0.530009 0.944648 0.516612
0 0.914146 0.532521 0.920129 0.544658 0.943062 0.533312 0.937183 0.520935
1 0.906521 0.535739 0.912967 0.549010 0.920424 0.545218 0.913809 0.531947
1 0.890684 0.511298 0.899386 0.523504 0.906837 0.517826 0.897525 0.506482
0 0.899390 0.507102 0.907016 0.517449 0.926367 0.502765 0.919459 0.492781
1 0.918499 0.491170 0.926996 0.503499 0.933990 0.498666 0.925014 0.486461
1 0.895477 0.466437 0.905846 0.476701 0.911653 0.471001 0.900953 0.460413
0 0.878329 0.485452 0.887361 0.494628 0.905858 0.476564 0.896031 0.467099
1 0.870704 0.490577 0.877217 0.484228 0.887474 0.494775 0.881443 0.500677
1 0.848370 0.472562 0.853914 0.465113 0.866535 0.473101 0.860501 0.481161
0 0.853914 0.465166 0.868646 0.445005 0.879049 0.452279 0.865150 0.472195
1 0.868402 0.444691 0.873474 0.437749 0.885410 0.446945 0.880533 0.453290
1 0.838792 0.428956 0.842816 0.420573 0.855777 0.427161 0.851709 0.435378
0 0.839802 0.429566 0.828575 0.451798 0.840397 0.457782 0.851563 0.435378
1 0.823630 0.458754 0.827377 0.451232 0.840455 0.457722 0.836532 0.465028
1 0.739557 0.399332 0.754391 0.399332 0.754391 0.408039 0.739557 0.408039
0 0.706512 0.410592 0.710781 0.436152 0.724021 0.434207 0.720130 0.408808
1 0.709592 0.436476 0.723967 0.434423 0.725480 0.443177 0.710943 0.445231
1 0.704351 0.403350 0.718671 0.401243 0.720022 0.408700 0.705485 0.410700
1 0.926261 0.589139 0.928493 0.603537 0.937980 0.602030 0.935692 0.587912
1 0.962479 0.598180 0.959967 0.583838 0.968394 0.582610 0.970905 0.596841
1 0.410306 0.666610 0.413831 0.689170 0.428636 0.686663 0.425189 0.664339
0 0.453916 0.762952 0.463542 0.781707 0.493361 0.765995 0.483624 0.747683
0 0.479196 0.807154 0.491803 0.823592 0.518888 0.803412 0.505747 0.786974
0 0.510140 0.845638 0.525428 0.860876 0.550141 0.836364 0.534200 0.821777
0 0.548481 0.880185 0.566303 0.892451 0.585887 0.865074 0.568607 0.853215
0 0.591195 0.908648 0.606521 0.879875 0.624934 0.888496 0.609927 0.918333
0 0.637094 0.928934 0.656787 0.934897 0.666404 0.903109 0.646626 0.897314
0 0.686607 0.942300 0.691447 0.909425 0.711868 0.912198 0.706675 0.945376
0 0.736575 0.948754 0.757198 0.948149 0.756392 0.915526 0.735819 0.915778
0 0.787200 0.945779 0.807672 0.941998 0.801974 0.910483 0.781452 0.913912
0 0.836838 0.934831 0.827636 0.904857 0.846847 0.899046 0.855942 0.928912
0 0.884462 0.916804 0.902812 0.907494 0.888175 0.880050 0.870202 0.888875
0 0.909939 0.866356 0.926356 0.855447 0.944537 0.879565 0.927960 0.892185
0 0.967391 0.860070 0.982342 0.845067 0.958870 0.822014 0.943867 0.836442
0 0.959512 0.426310 0.945763 0.411996 0.967328 0.391467 0.980889 0.404557
0 0.926740 0.395234 0.944444 0.369619 0.928529 0.358224 0.909883 0.383180
0 0.870306 0.361122 0.888905 0.370454 0.903334 0.341464 0.884139 0.332330
0 0.827984 0.345917 0.847468 0.351987 0.856937 0.321334 0.837635 0.315143
0 0.782764 0.335598 0.803523 0.338937 0.808379 0.307070 0.787802 0.303731
0 0.736694 0.333413 0.757999 0.333352 0.757574 0.300757 0.737301 0.300575
0 0.692202 0.339968 0.713021 0.336327 0.707073 0.303185 0.686375 0.306888
0 0.668226 0.345371 0.657604 0.313929 0.637087 0.321031 0.648135 0.352776
0 0.625093 0.361401 0.609911 0.331688 0.590443 0.342027 0.605905 0.372019
0 0.584917 0.384497 0.565031 0.357083 0.547560 0.369772 0.567635 0.397044
0 0.533766 0.425783 0.547327 0.412222 0.525479 0.390499 0.511667 0.403997
0 0.518660 0.445619 0.493123 0.426524 0.480083 0.443523 0.506862 0.462928
0 0.454982 0.487228 0.485134 0.502443 0.494067 0.484436 0.464335 0.468871
0 0.436766 0.535456 0.442978 0.516472 0.474106 0.525615 0.468521 0.545152
0 0.426705 0.584148 0.429688 0.563574 0.462709 0.567792 0.460238 0.589056
1 0.458560 0.658749 0.462085 0.681309 0.477248 0.679022 0.473734 0.656644
1 0.428262 0.740497 0.421147 0.718673 0.435889 0.714002 0.442894 0.735676
1 0.439522 0.768479 0.450221 0.788835 0.463595 0.782080 0.453168 0.761452
1 0.465831 0.814815 0.479257 0.833465 0.491858 0.823888 0.477882 0.805742
1 0.498915 0.856422 0.515365 0.872322 0.525859 0.862058 0.509683 0.845699
1 0.538279 0.892547 0.557294 0.905793 0.566386 0.892732 0.547602 0.879625
1 0.582648 0.921592 0.603361 0.932043 0.610229 0.918603 0.589759 0.908098
1 0.631302 0.943326 0.636119 0.928988 0.658050 0.935562 0.653176 0.950636
1 0.682663 0.957487 0.684976 0.942139 0.707542 0.945679 0.705264 0.961307
1 0.785905 0.946360 0.808689 0.941941 0.811312 0.957959 0.788528 0.961549
1 0.835612 0.935727 0.840684 0.950644 0.862299 0.943354 0.857476 0.928652
1 0.882793 0.917699 0.903634 0.907299 0.910794 0.921620 0.889868 0.932275
1 0.936831 0.905699 0.955318 0.892247 0.945732 0.879440 0.927045 0.892932
1 0.978501 0.872352 0.994318 0.856578 0.982939 0.844891 0.966682 0.860928
1 0.994515 0.394224 0.978430 0.377463 0.965994 0.389966 0.982349 0.405713
1 0.936730 0.343738 0.955451 0.357255 0.945718 0.370502 0.927065 0.356782
1 0.890442 0.317476 0.911452 0.328039 0.903984 0.342046 0.883129 0.331560
1 0.840572 0.298968 0.862833 0.306113 0.857633 0.321618 0.835469 0.314425
1 0.809417 0.307037 0.811847 0.291483 0.789002 0.287984 0.786475 0.303780
1 0.735588 0.286098 0.758321 0.286098 0.758321 0.300608 0.735588 0.300608
1 0.735797 0.333399 0.758636 0.333399 0.758636 0.350319 0.735797 0.350319
1 0.683128 0.291702 0.705549 0.288269 0.708120 0.303442 0.685262 0.306733
1 0.631809 0.305933 0.653155 0.299262 0.658224 0.313937 0.636434 0.321230
1 0.582986 0.328186 0.603408 0.317851 0.610348 0.331582 0.589727 0.342417
1 0.538780 0.357358 0.557017 0.344040 0.566287 0.356450 0.547255 0.369957
1 0.515392 0.377608 0.527195 0.389244 0.510119 0.405400 0.498985 0.394015
1 0.479059 0.445159 0.493505 0.426175 0.479533 0.416505 0.466430 0.435766
1 0.450149 0.460994 0.440017 0.480972 0.454573 0.488179 0.464662 0.467967
1 0.420856 0.531068 0.428153 0.509140 0.443545 0.514233 0.436248 0.536465
1 0.413990 0.560555 0.429599 0.563517 0.426236 0.585955 0.409988 0.583128
1 0.462940 0.567993 0.477788 0.570981 0.474424 0.593419 0.459827 0.590884
1 0.462427 0.567480 0.477275 0.570468 0.473912 0.592907 0.459315 0.590371
1 0.467933 0.546204 0.474936 0.524026 0.490047 0.529024 0.482750 0.551257
1 0.494381 0.483632 0.484250 0.503611 0.497439 0.510343 0.507749 0.490176
1 0.518579 0.472926 0.531873 0.454250 0.519486 0.445174 0.506382 0.464435
1 0.549371 0.410836 0.560986 0.422682 0.544454 0.438896 0.533321 0.427512
1 0.567155 0.397430 0.585392 0.384111 0.594662 0.396522 0.575971 0.410003
1 0.605310 0.372069 0.625732 0.361734 0.632672 0.375465 0.611920 0.385999
1 0.646682 0.352759 0.668387 0.345360 0.673369 0.360248 0.651388 0.367633
1 0.690763 0.340309 0.712758 0.336450 0.715755 0.352049 0.692897 0.355340
1 0.801287 0.355712 0.804142 0.339116 0.781298 0.335617 0.778908 0.352135
1 0.825765 0.344964 0.848026 0.352109 0.842825 0.367614 0.820661 0.360420
1 0.868454 0.360625 0.889344 0.371006 0.881460 0.385654 0.860968 0.375648
1 0.908584 0.382372 0.927448 0.395965 0.917417 0.409804 0.898764 0.396084
1 0.960527 0.427549 0.944617 0.411109 0.932437 0.423064 0.948793 0.438812
1 0.474960 0.725290 0.467845 0.703465 0.482586 0.698795 0.489592 0.720469
1 0.482954 0.746347 0.493654 0.766703 0.507673 0.759591 0.497177 0.739460
1 0.506052 0.785946 0.519502 0.803927 0.531643 0.795311 0.518103 0.776873
1 0.534127 0.821271 0.550578 0.837172 0.561071 0.826907 0.544896 0.810549
1 0.567257 0.852168 0.586271 0.865414 0.594906 0.853155 0.576187 0.839954
1 0.605008 0.877399 0.625721 0.887850 0.632589 0.874409 0.612119 0.863905
1 0.646408 0.896832 0.651225 0.882494 0.673007 0.889235 0.668777 0.903872
1 0.690342 0.908722 0.692655 0.893375 0.715221 0.896914 0.712943 0.912542
1 0.735437 0.948720 0.758109 0.948720 0.758109 0.963719 0.735437 0.963719
1 0.735263 0.899163 0.758571 0.899163 0.758571 0.915547 0.735263 0.915547
1 0.778354 0.898079 0.800916 0.894317 0.803281 0.909951 0.780978 0.913269
1 0.820819 0.889356 0.825665 0.905336 0.847415 0.898529 0.842683 0.882281
1 0.860972 0.874818 0.881813 0.864418 0.888779 0.879029 0.868047 0.889394
1 0.908451 0.866510 0.927143 0.854222 0.917352 0.840251 0.898665 0.853743
1 0.943389 0.837373 0.959567 0.821356 0.948775 0.810940 0.932850 0.826864
1 0.975080 0.444955 0.989291 0.463600 0.976076 0.472561 0.961775 0.453734
1 0.975272 0.776471 0.988653 0.786539 0.975145 0.804635 0.961509 0.794822
1 0.083864 0.981619 0.125591 0.981619 0.125591 0.990399 0.083864 0.990399
1 0.083760 0.967882 0.125488 0.967882 0.125488 0.976662 0.083760 0.976662
1 0.083657 0.954145 0.125384 0.954145 0.125384 0.962925 0.083657 0.962925
1 0.083554 0.940409 0.125281 0.940409 0.125281 0.949188 0.083554 0.949188
1 0.083657 0.927395 0.125384 0.927395 0.125384 0.936174 0.083657 0.936174
1 0.136436 0.874822 0.144699 0.874822 0.144699 0.916446 0.136436 0.916446
1 0.150173 0.874822 0.158436 0.874822 0.158436 0.916446 0.150173 0.916446
1 0.177647 0.874409 0.185909 0.874409 0.185909 0.916033 0.177647 0.916033
1 0.163910 0.874409 0.172172 0.874409 0.172172 0.916033 0.163910 0.916033
1 0.204501 0.874512 0.212764 0.874512 0.212764 0.916136 0.204501 0.916136
1 0.190764 0.874512 0.199027 0.874512 0.199027 0.916136 0.190764 0.916136
1 0.218031 0.874926 0.226294 0.874926 0.226294 0.916550 0.218031 0.916550
1 0.231768 0.874512 0.240031 0.874512 0.240031 0.916136 0.231768 0.916136
1 0.245505 0.874512 0.253768 0.874512 0.253768 0.916136 0.245505 0.916136
1 0.258622 0.874616 0.266885 0.874616 0.266885 0.916240 0.258622 0.916240
1 0.272359 0.874616 0.280622 0.874616 0.280622 0.916240 0.272359 0.916240
1 0.291804 0.927577 0.333673 0.927577 0.333673 0.935662 0.291804 0.935662
1 0.291549 0.941534 0.333417 0.941534 0.333417 0.949618 0.291549 0.949618
1 0.291974 0.968510 0.333843 0.968510 0.333843 0.976594 0.291974 0.976594
1 0.292229 0.954554 0.334098 0.954554 0.334098 0.962638 0.292229 0.962638
1 0.291974 0.981810 0.333843 0.981810 0.333843 0.989894 0.291974 0.989894
