0 0.347794 0.106031 0.372691 0.106031 0.372691 0.118744 0.347794 0.118744
0 0.703460 0.837344 0.729784 0.837344 0.729784 0.887839 0.703460 0.887839
0 0.348085 0.148990 0.372980 0.148990 0.372980 0.161774 0.348085 0.161774
0 0.198159 0.148911 0.222937 0.148911 0.222937 0.161557 0.198159 0.161557
0 0.122767 0.617460 0.147955 0.617460 0.147955 0.630112 0.122767 0.630112
0 0.347533 0.575432 0.372512 0.575432 0.372512 0.588149 0.347533 0.588149
0 0.910197 0.906208 0.960940 0.906208 0.960940 0.946010 0.910197 0.946010
0 0.198580 0.106008 0.223587 0.106008 0.223587 0.118608 0.198580 0.118608
0 0.122991 0.574756 0.147956 0.574756 0.147956 0.587399 0.122991 0.587399
0 0.347372 0.446940 0.372415 0.446940 0.372415 0.459445 0.347372 0.459445
0 0.272381 0.106010 0.297042 0.106010 0.297042 0.118899 0.272381 0.118899
0 0.048740 0.445724 0.073600 0.445724 0.073600 0.458135 0.048740 0.458135
0 0.048718 0.489168 0.073672 0.489168 0.073672 0.501743 0.048718 0.501743
0 0.440562 0.327726 0.467220 0.327726 0.467220 0.379417 0.440562 0.379417
0 0.048026 0.532681 0.072839 0.532681 0.072839 0.545302 0.048026 0.545302
0 0.347936 0.532847 0.372542 0.532847 0.372542 0.545262 0.347936 0.545262
0 0.458021 0.658965 0.470715 0.658965 0.470715 0.684023 0.458021 0.684023
0 0.197866 0.446712 0.222636 0.446712 0.222636 0.459223 0.197866 0.459223
0 0.047985 0.190694 0.073094 0.190694 0.073094 0.203702 0.047985 0.203702
0 0.272911 0.149024 0.297625 0.149024 0.297625 0.161908 0.272911 0.161908
0 0.361209 0.065033 0.373438 0.065033 0.373438 0.089697 0.361209 0.089697
0 0.272800 0.403948 0.297675 0.403948 0.297675 0.416655 0.272800 0.416655
0 0.197794 0.403962 0.222569 0.403962 0.222569 0.416288 0.197794 0.416288
0 0.272988 0.575348 0.297770 0.575348 0.297770 0.587811 0.272988 0.587811
0 0.347422 0.361092 0.372524 0.361092 0.372524 0.373613 0.347422 0.373613
0 0.122840 0.361291 0.147841 0.361291 0.147841 0.373702 0.122840 0.373702
0 0.347533 0.233841 0.372609 0.233841 0.372609 0.246910 0.347533 0.246910
0 0.197813 0.559275 0.222769 0.559275 0.222769 0.571619 0.197813 0.571619
0 0.196275 0.635651 0.208831 0.635651 0.208831 0.660494 0.196275 0.660494
0 0.047976 0.787406 0.073112 0.787406 0.073112 0.800142 0.047976 0.800142
0 0.457805 0.711580 0.470382 0.711580 0.470382 0.736236 0.457805 0.736236
0 0.198154 0.532783 0.222998 0.532783 0.222998 0.545304 0.198154 0.545304
0 0.273563 0.275728 0.298640 0.275728 0.298640 0.288746 0.273563 0.288746
0 0.347917 0.779690 0.372892 0.779690 0.372892 0.792479 0.347917 0.792479
0 0.272738 0.190845 0.297785 0.190845 0.297785 0.203713 0.272738 0.203713
0 0.047390 0.276191 0.071960 0.276191 0.071960 0.288786 0.047390 0.288786
0 0.198399 0.191210 0.223146 0.191210 0.223146 0.203966 0.198399 0.203966
0 0.347367 0.618105 0.372328 0.618105 0.372328 0.630637 0.347367 0.630637
0 0.052135 0.341296 0.064469 0.341296 0.064469 0.366253 0.052135 0.366253
0 0.272676 0.532290 0.297577 0.532290 0.297577 0.545136 0.272676 0.545136
0 0.198528 0.070215 0.223799 0.070215 0.223799 0.082964 0.198528 0.082964
0 0.122696 0.191467 0.147903 0.191467 0.147903 0.204011 0.122696 0.204011
0 0.197780 0.361167 0.222430 0.361167 0.222430 0.373887 0.197780 0.373887
0 0.048436 0.745114 0.073575 0.745114 0.073575 0.757577 0.048436 0.757577
0 0.123452 0.149183 0.148136 0.149183 0.148136 0.161644 0.123452 0.161644
0 0.272644 0.446510 0.297328 0.446510 0.297328 0.459058 0.272644 0.459058
0 0.444101 0.425099 0.470411 0.425099 0.470411 0.439868 0.444101 0.439868
0 0.123699 0.532621 0.148400 0.532621 0.148400 0.545143 0.123699 0.545143
0 0.047831 0.659814 0.073128 0.659814 0.073128 0.672566 0.047831 0.672566
0 0.347395 0.745450 0.372765 0.745450 0.372765 0.758369 0.347395 0.758369
0 0.273153 0.361290 0.298172 0.361290 0.298172 0.374093 0.273153 0.374093
0 0.122361 0.745374 0.147695 0.745374 0.147695 0.757991 0.122361 0.757991
0 0.048077 0.702724 0.073257 0.702724 0.073257 0.715506 0.048077 0.715506
0 0.347950 0.490183 0.372762 0.490183 0.372762 0.502975 0.347950 0.502975
0 0.347391 0.318888 0.372538 0.318888 0.372538 0.331360 0.347391 0.331360
0 0.347454 0.404386 0.372537 0.404386 0.372537 0.417034 0.347454 0.417034
0 0.285997 0.064751 0.298379 0.064751 0.298379 0.089497 0.285997 0.089497
0 0.048110 0.234244 0.073441 0.234244 0.073441 0.246751 0.048110 0.246751
0 0.123620 0.779060 0.148787 0.779060 0.148787 0.792054 0.123620 0.792054
0 0.199041 0.022723 0.223805 0.022723 0.223805 0.035312 0.199041 0.035312
0 0.123152 0.318678 0.148116 0.318678 0.148116 0.331331 0.123152 0.331331
0 0.197936 0.745211 0.222584 0.745211 0.222584 0.757870 0.197936 0.757870
0 0.272704 0.745541 0.297822 0.745541 0.297822 0.758305 0.272704 0.758305
0 0.122756 0.233854 0.148065 0.233854 0.148065 0.246365 0.122756 0.246365
0 0.122849 0.404665 0.147607 0.404665 0.147607 0.417159 0.122849 0.417159
0 0.347332 0.702896 0.372463 0.702896 0.372463 0.715434 0.347332 0.715434
0 0.347657 0.276632 0.372437 0.276632 0.372437 0.288958 0.347657 0.288958
0 0.047443 0.404899 0.072322 0.404899 0.072322 0.417643 0.047443 0.417643
0 0.273635 0.318758 0.298208 0.318758 0.298208 0.331266 0.273635 0.331266
0 0.198063 0.490330 0.222851 0.490330 0.222851 0.503063 0.198063 0.503063
1 0.430738 0.503737 0.451233 0.503737 0.451233 0.524695 0.430738 0.524695
0 0.123466 0.490168 0.148449 0.490168 0.148449 0.503072 0.123466 0.503072
0 0.358345 0.652621 0.371042 0.652621 0.371042 0.677634 0.358345 0.677634
0 0.273086 0.233701 0.297874 0.233701 0.297874 0.246421 0.273086 0.246421
0 0.122452 0.446569 0.147489 0.446569 0.147489 0.459275 0.122452 0.459275
0 0.047370 0.147720 0.072159 0.147720 0.072159 0.160145 0.047370 0.160145
0 0.273116 0.490500 0.298127 0.490500 0.298127 0.503127 0.273116 0.503127
0 0.122789 0.702894 0.147986 0.702894 0.147986 0.715380 0.122789 0.715380
0 0.123111 0.276031 0.148045 0.276031 0.148045 0.288801 0.123111 0.288801
0 0.457786 0.618444 0.470374 0.618444 0.470374 0.642996 0.457786 0.642996
0 0.347878 0.191663 0.372765 0.191663 0.372765 0.204257 0.347878 0.204257
0 0.198518 0.705691 0.223813 0.705691 0.223813 0.718338 0.198518 0.718338
0 0.198308 0.233617 0.222874 0.233617 0.222874 0.246528 0.198308 0.246528
0 0.197746 0.788017 0.222571 0.788017 0.222571 0.800558 0.197746 0.800558
0 0.434852 0.483980 0.482114 0.483980 0.482114 0.503423 0.434852 0.503423
0 0.197876 0.319190 0.222699 0.319190 0.222699 0.331686 0.197876 0.331686
0 0.198333 0.275866 0.222951 0.275866 0.222951 0.288650 0.198333 0.288650
0 0.198031 0.596743 0.223087 0.596743 0.223087 0.609465 0.198031 0.609465
1 0.701046 0.888047 0.733083 0.888047 0.733083 0.901185 0.701046 0.901185
1 0.445216 0.458093 0.468924 0.458093 0.468924 0.483191 0.445216 0.483191
0 0.038651 0.060798 0.051132 0.060798 0.051132 0.085298 0.038651 0.085298
1 0.701311 0.823425 0.731400 0.823425 0.731400 0.836939 0.701311 0.836939
0 0.272593 0.787717 0.297795 0.787717 0.297795 0.800439 0.272593 0.800439
0 0.457216 0.579329 0.482219 0.579329 0.482219 0.591651 0.457216 0.591651
1 0.439126 0.379995 0.467739 0.379995 0.467739 0.390424 0.439126 0.390424
1 0.463145 0.504170 0.483831 0.504170 0.483831 0.525334 0.463145 0.525334
1 0.439382 0.315403 0.467877 0.315403 0.467877 0.327236 0.439382 0.327236
1 0.896465 0.899061 0.909585 0.899061 0.909585 0.953641 0.896465 0.953641
1 0.961271 0.899228 0.973846 0.899228 0.973846 0.953356 0.961271 0.953356
1 0.455695 0.736554 0.472188 0.736554 0.472188 0.740715 0.455695 0.740715
1 0.194270 0.630731 0.210520 0.630731 0.210520 0.635436 0.194270 0.635436
1 0.455929 0.654322 0.472050 0.654322 0.472050 0.658879 0.455929 0.658879
1 0.356492 0.677883 0.372627 0.677883 0.372627 0.682073 0.356492 0.682073
1 0.193140 0.556931 0.197624 0.556931 0.197624 0.572544 0.193140 0.572544
1 0.193209 0.594735 0.197852 0.594735 0.197852 0.610357 0.193209 0.610357
1 0.194532 0.020894 0.198920 0.020894 0.198920 0.036549 0.194532 0.036549
1 0.223927 0.020777 0.227825 0.020777 0.227825 0.036834 0.223927 0.036834
1 0.356582 0.648001 0.372699 0.648001 0.372699 0.652540 0.356582 0.652540
1 0.439901 0.423964 0.444015 0.423964 0.444015 0.440197 0.439901 0.440197
1 0.050415 0.336620 0.066306 0.336620 0.066306 0.341171 0.050415 0.341171
1 0.284067 0.060057 0.300176 0.060057 0.300176 0.064584 0.284067 0.064584
1 0.455492 0.613604 0.472082 0.613604 0.472082 0.618262 0.455492 0.618262
1 0.298006 0.743589 0.302465 0.743589 0.302465 0.759655 0.298006 0.759655
1 0.455555 0.684139 0.472274 0.684139 0.472274 0.687984 0.455555 0.687984
1 0.455393 0.707019 0.472088 0.707019 0.472088 0.711404 0.455393 0.711404
1 0.283880 0.089759 0.300107 0.089759 0.300107 0.094329 0.283880 0.094329
1 0.223884 0.068308 0.228099 0.068308 0.228099 0.084523 0.223884 0.084523
1 0.037071 0.056220 0.053159 0.056220 0.053159 0.060531 0.037071 0.060531
1 0.222912 0.556751 0.227501 0.556751 0.227501 0.572756 0.222912 0.572756
1 0.193055 0.743838 0.197674 0.743838 0.197674 0.759398 0.193055 0.759398
1 0.372489 0.615987 0.377124 0.615987 0.377124 0.631868 0.372489 0.631868
1 0.268350 0.743695 0.272486 0.743695 0.272486 0.759285 0.268350 0.759285
1 0.193908 0.704086 0.198291 0.704086 0.198291 0.719501 0.193908 0.719501
1 0.194174 0.068417 0.198297 0.068417 0.198297 0.084328 0.194174 0.084328
1 0.044187 0.189548 0.047892 0.189548 0.047892 0.205098 0.044187 0.205098
1 0.043805 0.700924 0.047909 0.700924 0.047909 0.716902 0.043805 0.716902
1 0.043990 0.232330 0.048008 0.232330 0.048008 0.248280 0.043990 0.248280
1 0.194541 0.660597 0.210364 0.660597 0.210364 0.664524 0.194541 0.664524
1 0.297931 0.786143 0.302041 0.786143 0.302041 0.801995 0.297931 0.801995
1 0.268571 0.232319 0.272884 0.232319 0.272884 0.248207 0.268571 0.248207
1 0.222770 0.360067 0.227329 0.360067 0.227329 0.375438 0.222770 0.375438
1 0.268593 0.786313 0.272353 0.786313 0.272353 0.802306 0.268593 0.802306
1 0.223226 0.594565 0.227461 0.594565 0.227461 0.610369 0.223226 0.610369
1 0.343036 0.743770 0.347192 0.743770 0.347192 0.759570 0.343036 0.759570
1 0.372721 0.573664 0.377334 0.573664 0.377334 0.589587 0.372721 0.589587
1 0.372755 0.402397 0.377293 0.402397 0.377293 0.418562 0.372755 0.418562
1 0.269149 0.274831 0.273354 0.274831 0.273354 0.290366 0.269149 0.290366
1 0.223221 0.274677 0.227443 0.274677 0.227443 0.290299 0.223221 0.290299
1 0.222809 0.743567 0.227164 0.743567 0.227164 0.759371 0.222809 0.759371
1 0.043292 0.146292 0.047216 0.146292 0.047216 0.161775 0.043292 0.161775
1 0.193999 0.104276 0.198259 0.104276 0.198259 0.120140 0.193999 0.120140
1 0.118386 0.317687 0.122911 0.317687 0.122911 0.333204 0.118386 0.333204
1 0.193422 0.531001 0.197836 0.531001 0.197836 0.546657 0.193422 0.546657
1 0.043191 0.274436 0.047205 0.274436 0.047205 0.290027 0.043191 0.290027
1 0.372588 0.701184 0.377438 0.701184 0.377438 0.717151 0.372588 0.717151
1 0.043253 0.403489 0.047261 0.403489 0.047261 0.419308 0.043253 0.419308
1 0.148291 0.232140 0.152859 0.232140 0.152859 0.248140 0.148291 0.248140
1 0.372593 0.274538 0.376899 0.274538 0.376899 0.290656 0.372593 0.290656
1 0.358779 0.060172 0.374886 0.060172 0.374886 0.064851 0.358779 0.064851
1 0.453211 0.577411 0.457046 0.577411 0.457046 0.592830 0.453211 0.592830
1 0.358958 0.089985 0.374996 0.089985 0.374996 0.094288 0.358958 0.094288
1 0.193722 0.189862 0.198106 0.189862 0.198106 0.205068 0.193722 0.205068
1 0.148068 0.359961 0.152821 0.359961 0.152821 0.375555 0.148068 0.375555
1 0.193396 0.232286 0.198043 0.232286 0.198043 0.248035 0.193396 0.248035
1 0.148242 0.572480 0.152878 0.572480 0.152878 0.588276 0.148242 0.588276
1 0.118353 0.402715 0.122730 0.402715 0.122730 0.418441 0.118353 0.418441
1 0.043758 0.658411 0.047661 0.658411 0.047661 0.674109 0.043758 0.674109
1 0.298557 0.317434 0.302707 0.317434 0.302707 0.332935 0.298557 0.332935
1 0.482207 0.576990 0.486738 0.576990 0.486738 0.593403 0.482207 0.593403
1 0.342840 0.701222 0.347132 0.701222 0.347132 0.717077 0.342840 0.717077
1 0.193396 0.488573 0.197690 0.488573 0.197690 0.504125 0.193396 0.504125
1 0.297826 0.530856 0.302342 0.530856 0.302342 0.546704 0.297826 0.546704
1 0.147833 0.402511 0.152628 0.402511 0.152628 0.418535 0.147833 0.418535
1 0.343593 0.488614 0.347733 0.488614 0.347733 0.503977 0.343593 0.503977
1 0.073826 0.743113 0.077990 0.743113 0.077990 0.759202 0.073826 0.759202
1 0.074088 0.487013 0.078260 0.487013 0.078260 0.503236 0.074088 0.503236
1 0.072519 0.145851 0.076911 0.145851 0.076911 0.162005 0.072519 0.162005
1 0.148194 0.700778 0.152705 0.700778 0.152705 0.716905 0.148194 0.716905
1 0.193658 0.274967 0.198091 0.274967 0.198091 0.290331 0.193658 0.290331
1 0.298077 0.189528 0.302725 0.189528 0.302725 0.205283 0.298077 0.205283
1 0.148365 0.274786 0.152724 0.274786 0.152724 0.290533 0.148365 0.290533
1 0.343962 0.777478 0.347773 0.777478 0.347773 0.793608 0.343962 0.793608
1 0.223934 0.703837 0.227994 0.703837 0.227994 0.719777 0.223934 0.719777
1 0.342836 0.615998 0.347137 0.615998 0.347137 0.631855 0.342836 0.631855
1 0.193231 0.317621 0.197606 0.317621 0.197606 0.333087 0.193231 0.333087
1 0.222834 0.402600 0.227152 0.402600 0.227152 0.418067 0.222834 0.418067
1 0.297909 0.402406 0.302245 0.402406 0.302245 0.418154 0.297909 0.418154
1 0.072227 0.274111 0.076797 0.274111 0.076797 0.290203 0.072227 0.290203
1 0.223076 0.488464 0.227607 0.488464 0.227607 0.504158 0.223076 0.504158
1 0.268272 0.402930 0.272501 0.402930 0.272501 0.418415 0.268272 0.418415
1 0.268603 0.488697 0.272832 0.488697 0.272832 0.504069 0.268603 0.504069
1 0.470510 0.423980 0.474128 0.423980 0.474128 0.440344 0.470510 0.440344
1 0.343614 0.232252 0.347391 0.232252 0.347391 0.248115 0.343614 0.248115
1 0.297261 0.103809 0.301354 0.103809 0.301354 0.119508 0.297261 0.119508
1 0.148227 0.615597 0.152755 0.615597 0.152755 0.631442 0.148227 0.631442
1 0.343249 0.402827 0.347248 0.402827 0.347248 0.418435 0.343249 0.418435
1 0.343358 0.275007 0.347430 0.275007 0.347430 0.290564 0.343358 0.290564
1 0.223105 0.317339 0.227331 0.317339 0.227331 0.333019 0.223105 0.333019
1 0.147859 0.743688 0.152381 0.743688 0.152381 0.759418 0.147859 0.759418
1 0.223296 0.189474 0.227734 0.189474 0.227734 0.205256 0.223296 0.205256
1 0.342985 0.317508 0.347146 0.317508 0.347146 0.333119 0.342985 0.333119
1 0.298523 0.488321 0.302517 0.488321 0.302517 0.504120 0.298523 0.504120
1 0.455762 0.643298 0.472292 0.643298 0.472292 0.647016 0.455762 0.647016
1 0.343317 0.359957 0.347240 0.359957 0.347240 0.375382 0.343317 0.375382
1 0.269010 0.317503 0.273388 0.317503 0.273388 0.332994 0.269010 0.332994
1 0.148115 0.189312 0.152565 0.189312 0.152565 0.205509 0.148115 0.205509
1 0.343899 0.104090 0.347611 0.104090 0.347611 0.119612 0.343899 0.119612
1 0.223150 0.232188 0.227317 0.232188 0.227317 0.247933 0.223150 0.247933
1 0.118738 0.275036 0.122872 0.275036 0.122872 0.290400 0.118738 0.290400
1 0.148466 0.317258 0.152745 0.317258 0.152745 0.333075 0.148466 0.333075
1 0.269246 0.359777 0.272978 0.359777 0.272978 0.375148 0.269246 0.375148
1 0.050324 0.366499 0.066041 0.366499 0.066041 0.370753 0.050324 0.370753
1 0.193811 0.147196 0.197883 0.147196 0.197883 0.162674 0.193811 0.162674
1 0.222781 0.786224 0.227074 0.786224 0.227074 0.801878 0.222781 0.801878
1 0.147804 0.445154 0.152520 0.445154 0.152520 0.460794 0.147804 0.460794
1 0.119330 0.777280 0.123296 0.777280 0.123296 0.793255 0.119330 0.793255
1 0.043990 0.785900 0.047801 0.785900 0.047801 0.801806 0.043990 0.801806
1 0.222919 0.445184 0.227198 0.445184 0.227198 0.460636 0.222919 0.460636
1 0.118595 0.232345 0.122602 0.232345 0.122602 0.248050 0.118595 0.248050
1 0.118110 0.743787 0.122195 0.743787 0.122195 0.759158 0.118110 0.759158
1 0.118399 0.701058 0.122602 0.701058 0.122602 0.716856 0.118399 0.716856
1 0.073335 0.658004 0.077859 0.658004 0.077859 0.674128 0.073335 0.674128
1 0.044103 0.530737 0.047751 0.530737 0.047751 0.546521 0.044103 0.546521
1 0.298146 0.232195 0.302258 0.232195 0.302258 0.248077 0.298146 0.248077
1 0.343229 0.531193 0.347693 0.531193 0.347693 0.546632 0.343229 0.546632
1 0.148715 0.488391 0.153099 0.488391 0.153099 0.504237 0.148715 0.504237
1 0.343112 0.445422 0.347153 0.445422 0.347153 0.460771 0.343112 0.460771
1 0.072640 0.403216 0.076801 0.403216 0.076801 0.419327 0.072640 0.419327
1 0.036847 0.085629 0.052997 0.085629 0.052997 0.089835 0.036847 0.089835
1 0.343837 0.190168 0.347708 0.190168 0.347708 0.205598 0.343837 0.205598
1 0.298491 0.359660 0.302688 0.359660 0.302688 0.375118 0.298491 0.375118
1 0.118268 0.360202 0.122623 0.360202 0.122623 0.375268 0.118268 0.375268
1 0.148953 0.777165 0.152968 0.777165 0.152968 0.793276 0.148953 0.793276
1 0.223319 0.530996 0.227680 0.530996 0.227680 0.546623 0.223319 0.546623
1 0.268643 0.147402 0.272643 0.147402 0.272643 0.162886 0.268643 0.162886
1 0.343168 0.573674 0.347328 0.573674 0.347328 0.589569 0.343168 0.589569
1 0.073995 0.444323 0.077862 0.444323 0.077862 0.460028 0.073995 0.460028
1 0.297640 0.445081 0.302056 0.445081 0.302056 0.460569 0.297640 0.460569
1 0.148781 0.530679 0.153037 0.530679 0.153037 0.546540 0.148781 0.546540
1 0.372755 0.232097 0.377079 0.232097 0.377079 0.248567 0.372755 0.248567
1 0.193210 0.445291 0.197531 0.445291 0.197531 0.460641 0.193210 0.460641
1 0.344103 0.147249 0.347849 0.147249 0.347849 0.162834 0.344103 0.162834
1 0.223216 0.147076 0.227395 0.147076 0.227395 0.162632 0.223216 0.162632
1 0.268370 0.531108 0.272425 0.531108 0.272425 0.546612 0.268370 0.546612
1 0.223765 0.104380 0.227676 0.104380 0.227676 0.120289 0.223765 0.120289
1 0.073200 0.530428 0.077228 0.530428 0.077228 0.546669 0.073200 0.546669
1 0.268378 0.445174 0.272400 0.445174 0.272400 0.460655 0.268378 0.460655
1 0.268528 0.189879 0.272474 0.189879 0.272474 0.205345 0.268528 0.205345
1 0.119064 0.572615 0.122892 0.572615 0.122892 0.587990 0.119064 0.587990
1 0.118416 0.445211 0.122262 0.445211 0.122262 0.460734 0.118416 0.460734
1 0.073233 0.785819 0.077283 0.785819 0.077283 0.801828 0.073233 0.801828
1 0.073746 0.232175 0.077781 0.232175 0.077781 0.248249 0.073746 0.248249
1 0.073554 0.700736 0.077648 0.700736 0.077648 0.716898 0.073554 0.716898
1 0.372702 0.445207 0.376937 0.445207 0.376937 0.460884 0.372702 0.460884
1 0.268078 0.103965 0.271995 0.103965 0.271995 0.120000 0.268078 0.120000
1 0.193333 0.360315 0.197527 0.360315 0.197527 0.375511 0.193333 0.375511
1 0.268594 0.573554 0.272725 0.573554 0.272725 0.589387 0.268594 0.589387
1 0.118880 0.530876 0.123308 0.530876 0.123308 0.546498 0.118880 0.546498
1 0.193236 0.402892 0.197487 0.402892 0.197487 0.418275 0.193236 0.418275
1 0.148575 0.146863 0.152450 0.146863 0.152450 0.162835 0.148575 0.162835
1 0.298005 0.573350 0.301995 0.573350 0.301995 0.589372 0.298005 0.589372
1 0.297884 0.147178 0.302137 0.147178 0.302137 0.162749 0.297884 0.162749
1 0.073324 0.189264 0.077676 0.189264 0.077676 0.205227 0.073324 0.205227
1 0.372807 0.104410 0.376806 0.104410 0.376806 0.120057 0.372807 0.120057
1 0.193513 0.786279 0.197518 0.786279 0.197518 0.802007 0.193513 0.802007
1 0.118784 0.189675 0.122540 0.189675 0.122540 0.205265 0.118784 0.205265
1 0.372766 0.359849 0.377122 0.359849 0.377122 0.375734 0.372766 0.375734
1 0.373167 0.146877 0.377393 0.146877 0.377393 0.163211 0.373167 0.163211
1 0.118937 0.615812 0.122570 0.615812 0.122570 0.631027 0.118937 0.631027
1 0.119082 0.147160 0.123251 0.147160 0.123251 0.162585 0.119082 0.162585
1 0.372770 0.531024 0.376810 0.531024 0.376810 0.546747 0.372770 0.546747
1 0.372790 0.317277 0.376986 0.317277 0.376986 0.333003 0.372790 0.333003
1 0.044641 0.487401 0.048582 0.487401 0.048582 0.503091 0.044641 0.503091
1 0.298895 0.274628 0.302842 0.274628 0.302842 0.290347 0.298895 0.290347
1 0.044603 0.743406 0.048308 0.743406 0.048308 0.759153 0.044603 0.759153
1 0.044457 0.444503 0.048573 0.444503 0.048573 0.460268 0.044457 0.460268
1 0.118878 0.488449 0.123156 0.488449 0.123156 0.504214 0.118878 0.504214
1 0.372927 0.488255 0.377231 0.488255 0.377231 0.504173 0.372927 0.504173
1 0.372998 0.777261 0.377233 0.777261 0.377233 0.793717 0.372998 0.793717
1 0.372854 0.189714 0.377160 0.189714 0.377160 0.205847 0.372854 0.205847
1 0.372841 0.743811 0.377249 0.743811 0.377249 0.759899 0.372841 0.759899
0 0.762218 0.877844 0.873535 0.879998 0.870902 0.974318 0.759825 0.972164
1 0.737607 0.895537 0.761590 0.895701 0.760611 0.956230 0.737770 0.956556
1 0.873203 0.895131 0.893910 0.895270 0.894136 0.956473 0.871468 0.956360
1 0.277956 0.005576 0.294412 0.005576 0.294412 0.010490 0.277956 0.010490
1 0.050774 0.017043 0.067006 0.017043 0.067006 0.022776 0.050774 0.022776
1 0.201967 0.006621 0.219182 0.006621 0.219182 0.010897 0.201967 0.010897
