0 0.054385 0.201161 0.241006 0.201161 0.241006 0.388190 0.054385 0.388190
0 0.079964 0.481754 0.146956 0.481754 0.146956 0.549732 0.079964 0.549732
0 0.099003 0.887288 0.161957 0.887288 0.161957 0.954572 0.099003 0.954572
0 0.014582 0.887829 0.076455 0.887829 0.076455 0.954211 0.014582 0.954211
0 0.045338 0.644083 0.130029 0.644083 0.130029 0.727647 0.045338 0.727647
0 0.342042 0.116689 0.666496 0.116689 0.666496 0.442566 0.342042 0.442566
0 0.337987 0.558274 0.663294 0.558274 0.663294 0.882300 0.337987 0.882300
1 0.103804 0.549838 0.108224 0.549838 0.108224 0.560984 0.103804 0.560984
0 0.108924 0.784648 0.152036 0.784648 0.152036 0.827039 0.108924 0.827039
1 0.118841 0.549954 0.123409 0.549954 0.123409 0.560258 0.118841 0.560258
0 0.024864 0.785009 0.067075 0.785009 0.067075 0.827219 0.024864 0.827219
1 0.664441 0.698394 0.684621 0.698394 0.684621 0.742845 0.664441 0.742845
1 0.110913 0.471242 0.116201 0.471242 0.116201 0.481706 0.110913 0.481706
1 0.667609 0.255776 0.684490 0.255776 0.684490 0.299985 0.667609 0.299985
1 0.069883 0.506326 0.079640 0.506326 0.079640 0.510756 0.069883 0.510756
1 0.070101 0.513857 0.079789 0.513857 0.079789 0.518523 0.070101 0.518523
1 0.095968 0.550193 0.100493 0.550193 0.100493 0.561191 0.095968 0.561191
1 0.118679 0.471231 0.124254 0.471231 0.124254 0.481620 0.118679 0.481620
1 0.130336 0.662953 0.138894 0.662953 0.138894 0.667406 0.130336 0.667406
1 0.126617 0.549955 0.131044 0.549955 0.131044 0.560404 0.126617 0.560404
1 0.130299 0.688691 0.138602 0.688691 0.138602 0.693436 0.130299 0.693436
1 0.130203 0.671074 0.138841 0.671074 0.138841 0.675745 0.130203 0.675745
1 0.147112 0.513937 0.157083 0.513937 0.157083 0.518502 0.147112 0.518502
1 0.317727 0.698202 0.337183 0.698202 0.337183 0.743174 0.317727 0.743174
1 0.130294 0.680024 0.138482 0.680024 0.138482 0.685020 0.130294 0.685020
1 0.110990 0.549613 0.116239 0.549613 0.116239 0.561075 0.110990 0.561075
1 0.130329 0.696188 0.139793 0.696188 0.139793 0.701983 0.130329 0.701983
0 0.399930 0.493663 0.405680 0.493663 0.405680 0.504849 0.399930 0.504849
1 0.147201 0.506511 0.157042 0.506511 0.157042 0.510633 0.147201 0.510633
1 0.069803 0.498609 0.079496 0.498609 0.079496 0.503681 0.069803 0.503681
1 0.317716 0.256589 0.341564 0.256589 0.341564 0.299869 0.317716 0.299869
1 0.147596 0.536586 0.157915 0.536586 0.157915 0.541089 0.147596 0.541089
1 0.147429 0.528892 0.157834 0.528892 0.157834 0.533369 0.147429 0.533369
1 0.147269 0.521627 0.157865 0.521627 0.157865 0.526147 0.147269 0.526147
1 0.069907 0.536611 0.079595 0.536611 0.079595 0.541277 0.069907 0.541277
1 0.069972 0.529223 0.079729 0.529223 0.079729 0.533652 0.069972 0.533652
1 0.069950 0.521193 0.079643 0.521193 0.079643 0.526264 0.069950 0.526264
1 0.069803 0.490728 0.079496 0.490728 0.079496 0.495800 0.069803 0.495800
1 0.126196 0.471060 0.131771 0.471060 0.131771 0.481450 0.126196 0.481450
1 0.105999 0.728204 0.111216 0.728204 0.111216 0.738721 0.105999 0.738721
1 0.096206 0.472156 0.100550 0.472156 0.100550 0.481688 0.096206 0.481688
1 0.088605 0.472178 0.093038 0.472178 0.093038 0.481603 0.088605 0.481603
1 0.103643 0.471976 0.108383 0.471976 0.108383 0.481481 0.103643 0.481481
1 0.133498 0.471173 0.139073 0.471173 0.139073 0.481562 0.133498 0.481562
1 0.133511 0.549977 0.139085 0.549977 0.139085 0.560367 0.133511 0.560367
1 0.087991 0.550453 0.093127 0.550453 0.093127 0.560279 0.087991 0.560279
1 0.147201 0.491453 0.157737 0.491453 0.157737 0.495247 0.147201 0.495247
1 0.147112 0.498878 0.157567 0.498878 0.157567 0.503430 0.147112 0.503430
1 0.036916 0.713612 0.045001 0.713612 0.045001 0.718882 0.036916 0.718882
1 0.037072 0.705694 0.044849 0.705694 0.044849 0.710385 0.037072 0.710385
1 0.036451 0.687997 0.044888 0.687997 0.044888 0.693205 0.036451 0.693205
1 0.037227 0.679924 0.045100 0.679924 0.045100 0.684564 0.037227 0.684564
1 0.035985 0.671231 0.044904 0.671231 0.044904 0.675607 0.035985 0.675607
1 0.035129 0.662766 0.045100 0.662766 0.045100 0.667332 0.035129 0.667332
1 0.035218 0.654875 0.045059 0.654875 0.045059 0.658996 0.035218 0.658996
1 0.036451 0.697001 0.044888 0.697001 0.044888 0.702209 0.036451 0.702209
1 0.130371 0.705694 0.138149 0.705694 0.138149 0.710385 0.130371 0.710385
1 0.130371 0.713612 0.138456 0.713612 0.138456 0.718882 0.130371 0.718882
1 0.114869 0.728252 0.120444 0.728252 0.120444 0.738641 0.114869 0.738641
1 0.097771 0.728359 0.103240 0.728359 0.103240 0.738490 0.097771 0.738490
1 0.088790 0.728140 0.094666 0.728140 0.094666 0.738450 0.088790 0.738450
1 0.080984 0.727899 0.086283 0.727899 0.086283 0.738295 0.080984 0.738295
1 0.072681 0.728255 0.077279 0.728255 0.077279 0.737984 0.072681 0.737984
1 0.064083 0.728049 0.069220 0.728049 0.069220 0.737875 0.064083 0.737875
1 0.056011 0.728204 0.061147 0.728204 0.061147 0.738030 0.056011 0.738030
1 0.115203 0.635654 0.120587 0.635654 0.120587 0.643799 0.115203 0.643799
1 0.106410 0.634889 0.111486 0.634889 0.111486 0.643624 0.106410 0.643624
1 0.098636 0.635909 0.103254 0.635909 0.103254 0.643776 0.098636 0.643776
1 0.089588 0.635144 0.095063 0.635144 0.095063 0.643863 0.089588 0.643863
1 0.080540 0.636036 0.086170 0.636036 0.086170 0.643708 0.080540 0.643708
1 0.072384 0.635654 0.077166 0.635654 0.077166 0.643780 0.072384 0.643780
1 0.063846 0.636163 0.069107 0.636163 0.069107 0.643670 0.063846 0.643670
1 0.055817 0.636546 0.061034 0.636546 0.061034 0.643825 0.055817 0.643825
1 0.400661 0.505163 0.405366 0.505163 0.405366 0.507359 0.400661 0.507359
1 0.400661 0.491363 0.405157 0.491363 0.405157 0.493349 0.400661 0.493349
0 0.387076 0.493755 0.392826 0.493755 0.392826 0.504942 0.387076 0.504942
1 0.387808 0.491455 0.392303 0.491455 0.392303 0.493441 0.387808 0.493441
1 0.387808 0.505256 0.392513 0.505256 0.392513 0.507451 0.387808 0.507451
1 0.375139 0.505348 0.379844 0.505348 0.379844 0.507544 0.375139 0.507544
0 0.374407 0.493848 0.380158 0.493848 0.380158 0.505034 0.374407 0.505034
1 0.375139 0.491547 0.379635 0.491547 0.379635 0.493534 0.375139 0.493534
1 0.439130 0.504793 0.443835 0.504793 0.443835 0.506989 0.439130 0.506989
0 0.438398 0.493293 0.444148 0.493293 0.444148 0.504480 0.438398 0.504480
1 0.439130 0.490993 0.443625 0.490993 0.443625 0.492979 0.439130 0.492979
1 0.426276 0.491085 0.430772 0.491085 0.430772 0.493072 0.426276 0.493072
0 0.425544 0.493385 0.431295 0.493385 0.431295 0.504572 0.425544 0.504572
1 0.426276 0.504886 0.430981 0.504886 0.430981 0.507081 0.426276 0.507081
1 0.413608 0.504978 0.418312 0.504978 0.418312 0.507174 0.413608 0.507174
0 0.412876 0.493478 0.418626 0.493478 0.418626 0.504665 0.412876 0.504665
1 0.413608 0.491178 0.418103 0.491178 0.418103 0.493164 0.413608 0.493164
1 0.490637 0.490971 0.495132 0.490971 0.495132 0.492957 0.490637 0.492957
0 0.489905 0.493271 0.495655 0.493271 0.495655 0.504458 0.489905 0.504458
1 0.490637 0.504771 0.495341 0.504771 0.495341 0.506967 0.490637 0.506967
1 0.503305 0.504679 0.508010 0.504679 0.508010 0.506874 0.503305 0.506874
0 0.502574 0.493178 0.508324 0.493178 0.508324 0.504365 0.502574 0.504365
1 0.503305 0.490878 0.507801 0.490878 0.507801 0.492865 0.503305 0.492865
1 0.516159 0.490900 0.520655 0.490900 0.520655 0.492887 0.516159 0.492887
0 0.515427 0.493200 0.521177 0.493200 0.521177 0.504387 0.515427 0.504387
1 0.516159 0.504701 0.520864 0.504701 0.520864 0.506896 0.516159 0.506896
1 0.477691 0.504956 0.482395 0.504956 0.482395 0.507152 0.477691 0.507152
0 0.476959 0.493341 0.482709 0.493341 0.482709 0.504528 0.476959 0.504528
1 0.477691 0.491041 0.482186 0.491041 0.482186 0.493028 0.477691 0.493028
1 0.464837 0.491134 0.469333 0.491134 0.469333 0.493120 0.464837 0.493120
0 0.464105 0.493434 0.469855 0.493434 0.469855 0.504621 0.464105 0.504621
1 0.464837 0.504934 0.469542 0.504934 0.469542 0.507130 0.464837 0.507130
1 0.452168 0.505027 0.456873 0.505027 0.456873 0.507222 0.452168 0.507222
0 0.451437 0.493526 0.457187 0.493526 0.457187 0.504713 0.451437 0.504713
1 0.452168 0.491226 0.456664 0.491226 0.456664 0.493213 0.452168 0.493213
1 0.528670 0.505256 0.533374 0.505256 0.533374 0.507451 0.528670 0.507451
0 0.527938 0.493755 0.533688 0.493755 0.533688 0.504942 0.527938 0.504942
1 0.528670 0.491455 0.533165 0.491455 0.533165 0.493441 0.528670 0.493441
1 0.541338 0.505163 0.546043 0.505163 0.546043 0.507359 0.541338 0.507359
0 0.540606 0.493663 0.546357 0.493663 0.546357 0.504849 0.540606 0.504849
1 0.541338 0.491363 0.545834 0.491363 0.545834 0.493349 0.541338 0.493349
1 0.554192 0.491270 0.558688 0.491270 0.558688 0.493257 0.554192 0.493257
0 0.553460 0.493570 0.559210 0.493570 0.559210 0.504757 0.553460 0.504757
1 0.554192 0.505185 0.558897 0.505185 0.558897 0.507381 0.554192 0.507381
1 0.567138 0.505000 0.571843 0.505000 0.571843 0.507196 0.567138 0.507196
0 0.566406 0.493500 0.572156 0.493500 0.572156 0.504686 0.566406 0.504686
1 0.567138 0.491199 0.571634 0.491199 0.571634 0.493186 0.567138 0.493186
1 0.579807 0.490993 0.584302 0.490993 0.584302 0.492979 0.579807 0.492979
0 0.579075 0.493293 0.584825 0.493293 0.584825 0.504480 0.579075 0.504480
1 0.579807 0.504908 0.584511 0.504908 0.584511 0.507103 0.579807 0.507103
1 0.592660 0.504701 0.597365 0.504701 0.597365 0.506896 0.592660 0.506896
0 0.591928 0.493200 0.597679 0.493200 0.597679 0.504387 0.591928 0.504387
1 0.592660 0.491015 0.597156 0.491015 0.597156 0.493001 0.592660 0.493001
1 0.618161 0.505273 0.622865 0.505273 0.622865 0.507468 0.618161 0.507468
0 0.617429 0.493772 0.623179 0.493772 0.623179 0.504959 0.617429 0.504959
1 0.618161 0.491586 0.622656 0.491586 0.622656 0.493573 0.618161 0.493573
1 0.605307 0.491564 0.609803 0.491564 0.609803 0.493551 0.605307 0.493551
0 0.604575 0.493865 0.610325 0.493865 0.610325 0.505051 0.604575 0.505051
1 0.605307 0.505479 0.610012 0.505479 0.610012 0.507675 0.605307 0.507675
1 0.309067 0.017572 0.336979 0.017572 0.336979 0.041903 0.309067 0.041903
1 0.006268 0.471282 0.011268 0.471282 0.011268 0.482152 0.006268 0.482152
1 0.019890 0.491100 0.029709 0.491100 0.029709 0.495339 0.019890 0.495339
1 0.019854 0.498057 0.029999 0.498057 0.029999 0.502984 0.019854 0.502984
1 0.019854 0.506534 0.029673 0.506534 0.029673 0.510773 0.019854 0.510773
1 0.019818 0.513491 0.029962 0.513491 0.029962 0.518418 0.019818 0.518418
1 0.019854 0.536606 0.029999 0.536606 0.029999 0.541533 0.019854 0.541533
1 0.019890 0.529215 0.029709 0.529215 0.029709 0.533454 0.019890 0.533454
1 0.019854 0.521461 0.029999 0.521461 0.029999 0.526389 0.019854 0.526389
1 0.006349 0.549718 0.011080 0.549718 0.011080 0.559740 0.006349 0.559740
