0 0.042188 0.073621 0.136014 0.073621 0.136014 0.128330 0.042188 0.128330
0 0.038832 0.163492 0.136527 0.163492 0.136527 0.216189 0.038832 0.216189
1 0.134740 0.077357 0.150871 0.077357 0.150871 0.124823 0.134740 0.124823
1 0.023062 0.077613 0.040139 0.077613 0.040139 0.124573 0.023062 0.124573
1 0.137532 0.166120 0.149846 0.166120 0.149846 0.213883 0.137532 0.213883
1 0.023460 0.166855 0.038934 0.166855 0.038934 0.214139 0.023460 0.214139
0 0.039139 0.248492 0.136783 0.248492 0.136783 0.300205 0.039139 0.300205
1 0.138368 0.251360 0.150098 0.251360 0.150098 0.298998 0.138368 0.298998
1 0.023683 0.251633 0.038166 0.251633 0.038166 0.298156 0.023683 0.298156
0 0.186759 0.247279 0.286117 0.247279 0.286117 0.300205 0.186759 0.300205
1 0.173319 0.251120 0.185049 0.251120 0.185049 0.298759 0.173319 0.298759
1 0.287029 0.251120 0.298759 0.251120 0.298759 0.298759 0.287029 0.298759
0 0.188073 0.162673 0.284068 0.162673 0.284068 0.215420 0.188073 0.215420
1 0.284740 0.166170 0.300205 0.166170 0.300205 0.214395 0.284740 0.214395
1 0.172840 0.166616 0.187244 0.166616 0.187244 0.213371 0.172840 0.213371
0 0.188419 0.073654 0.286373 0.073654 0.286373 0.126025 0.188419 0.126025
1 0.287268 0.076844 0.300674 0.076844 0.300674 0.124722 0.287268 0.124722
1 0.172484 0.076126 0.187756 0.076126 0.187756 0.124232 0.172484 0.124232
1 0.321548 0.077043 0.338625 0.077043 0.338625 0.124003 0.321548 0.124003
0 0.339393 0.073563 0.432121 0.073563 0.432121 0.127561 0.339393 0.127561
1 0.433226 0.077357 0.448770 0.077357 0.448770 0.124765 0.433226 0.124765
1 0.470458 0.076324 0.485656 0.076324 0.485656 0.123975 0.470458 0.123975
0 0.486649 0.073852 0.584785 0.073852 0.584785 0.126025 0.486649 0.126025
1 0.583705 0.076786 0.597848 0.076786 0.597848 0.124488 0.583705 0.124488
1 0.582714 0.166506 0.597592 0.166506 0.597592 0.214139 0.582714 0.214139
0 0.486303 0.162103 0.582480 0.162103 0.582480 0.215676 0.486303 0.215676
1 0.470301 0.165789 0.486680 0.165789 0.486680 0.214139 0.470301 0.214139
1 0.435506 0.166575 0.449283 0.166575 0.449283 0.213371 0.435506 0.213371
0 0.336963 0.163434 0.435195 0.163434 0.435195 0.215676 0.336963 0.215676
1 0.321335 0.166029 0.337090 0.166029 0.337090 0.213883 0.321335 0.213883
1 0.322070 0.251831 0.336578 0.251831 0.336578 0.298412 0.322070 0.298412
0 0.338038 0.249203 0.435707 0.249203 0.435707 0.301230 0.338038 0.301230
1 0.436242 0.250533 0.447972 0.250533 0.447972 0.298172 0.436242 0.298172
1 0.470937 0.252087 0.485912 0.252087 0.485912 0.298924 0.470937 0.298924
0 0.487451 0.247477 0.583504 0.247477 0.583504 0.299949 0.487451 0.299949
1 0.583623 0.251319 0.598105 0.251319 0.598105 0.299180 0.583623 0.299180
0 0.039662 0.376785 0.092130 0.376785 0.092130 0.472220 0.039662 0.472220
1 0.042140 0.472634 0.089238 0.472634 0.089238 0.487507 0.042140 0.487507
1 0.042140 0.361085 0.089238 0.361085 0.089238 0.375958 0.042140 0.375958
1 0.143773 0.360672 0.190871 0.360672 0.190871 0.375545 0.143773 0.375545
0 0.141736 0.530502 0.194205 0.530502 0.194205 0.625937 0.141736 0.625937
1 0.143773 0.472220 0.190871 0.472220 0.190871 0.487093 0.143773 0.487093
1 0.331752 0.472220 0.378850 0.472220 0.378850 0.487093 0.331752 0.487093
0 0.328509 0.376372 0.380978 0.376372 0.380978 0.471807 0.328509 0.471807
1 0.331752 0.360672 0.378850 0.360672 0.378850 0.375545 0.331752 0.375545
1 0.237556 0.361085 0.284654 0.361085 0.284654 0.375958 0.237556 0.375958
0 0.141157 0.376785 0.193626 0.376785 0.193626 0.472220 0.141157 0.472220
1 0.237556 0.472634 0.284654 0.472634 0.284654 0.487507 0.237556 0.487507
1 0.425302 0.361229 0.472400 0.361229 0.472400 0.376102 0.425302 0.376102
0 0.423937 0.376928 0.476406 0.376928 0.476406 0.472364 0.423937 0.472364
1 0.426416 0.472777 0.473514 0.472777 0.473514 0.487650 0.426416 0.487650
1 0.527924 0.472220 0.575022 0.472220 0.575022 0.487093 0.527924 0.487093
0 0.524470 0.375834 0.576939 0.375834 0.576939 0.471270 0.524470 0.471270
1 0.527089 0.360672 0.574187 0.360672 0.574187 0.375545 0.527089 0.375545
1 0.525322 0.514802 0.572420 0.514802 0.572420 0.529676 0.525322 0.529676
0 0.523957 0.530502 0.576426 0.530502 0.576426 0.625937 0.523957 0.625937
1 0.527041 0.626351 0.574139 0.626351 0.574139 0.641224 0.527041 0.641224
1 0.425532 0.626907 0.472630 0.626907 0.472630 0.641780 0.425532 0.641780
0 0.423495 0.531059 0.475964 0.531059 0.475964 0.626494 0.423495 0.626494
1 0.425302 0.515359 0.472400 0.515359 0.472400 0.530232 0.425302 0.530232
1 0.331752 0.626351 0.378850 0.626351 0.378850 0.641224 0.331752 0.641224
0 0.329274 0.530502 0.381742 0.530502 0.381742 0.625937 0.329274 0.625937
1 0.331752 0.514802 0.378850 0.514802 0.378850 0.529676 0.331752 0.529676
1 0.237998 0.515216 0.285096 0.515216 0.285096 0.530089 0.237998 0.530089
0 0.235519 0.530915 0.287988 0.530915 0.287988 0.626351 0.235519 0.626351
1 0.237556 0.626764 0.284654 0.626764 0.284654 0.641637 0.237556 0.641637
1 0.144215 0.626351 0.191313 0.626351 0.191313 0.641224 0.144215 0.641224
1 0.144215 0.514802 0.191313 0.514802 0.191313 0.529676 0.144215 0.529676
1 0.041756 0.516736 0.088854 0.516736 0.088854 0.531609 0.041756 0.531609
0 0.039277 0.532435 0.091746 0.532435 0.091746 0.627871 0.039277 0.627871
1 0.041756 0.628284 0.088854 0.628284 0.088854 0.643157 0.041756 0.643157
0 0.048888 0.140827 0.065249 0.140827 0.065249 0.149008 0.048888 0.149008
1 0.065518 0.140827 0.070211 0.140827 0.070211 0.149679 0.065518 0.149679
1 0.044812 0.140670 0.048970 0.140670 0.048970 0.149521 0.044812 0.149521
1 0.098978 0.140827 0.103672 0.140827 0.103672 0.149679 0.098978 0.149679
0 0.082349 0.141143 0.098710 0.141143 0.098710 0.149324 0.082349 0.149324
1 0.078095 0.140827 0.082252 0.140827 0.082252 0.149679 0.078095 0.149679
1 0.167052 0.140978 0.171746 0.140978 0.171746 0.149830 0.167052 0.149830
0 0.150415 0.140973 0.166776 0.140973 0.166776 0.149154 0.150415 0.149154
1 0.146371 0.140763 0.150528 0.140763 0.150528 0.149614 0.146371 0.149614
1 0.133184 0.140868 0.137878 0.140868 0.137878 0.149719 0.133184 0.149719
0 0.116963 0.141058 0.133325 0.141058 0.133325 0.149239 0.116963 0.149239
1 0.112940 0.141058 0.117097 0.141058 0.117097 0.149909 0.112940 0.149909
1 0.180669 0.140487 0.184826 0.140487 0.184826 0.150322 0.180669 0.150322
0 0.185036 0.141170 0.201527 0.141170 0.201527 0.149598 0.185036 0.149598
1 0.201490 0.140787 0.206184 0.140787 0.206184 0.149638 0.201490 0.149638
1 0.214528 0.140276 0.218646 0.140276 0.218646 0.150006 0.214528 0.150006
0 0.218961 0.140960 0.235561 0.140960 0.235561 0.149072 0.218961 0.149072
1 0.235541 0.140224 0.240368 0.140224 0.240368 0.149638 0.235541 0.149638
1 0.248937 0.140597 0.253094 0.140597 0.253094 0.149448 0.248937 0.149448
0 0.253323 0.140907 0.269685 0.140907 0.269685 0.149088 0.253323 0.149088
1 0.269489 0.140697 0.274294 0.140697 0.274294 0.150052 0.269489 0.150052
1 0.282747 0.140434 0.287022 0.140434 0.287022 0.149994 0.282747 0.149994
0 0.287259 0.141038 0.303432 0.141038 0.303432 0.149428 0.287259 0.149428
1 0.303481 0.140329 0.308324 0.140329 0.308324 0.150310 0.303481 0.150310
1 0.316884 0.140697 0.321157 0.140697 0.321157 0.150193 0.316884 0.150193
0 0.321526 0.141749 0.336920 0.141749 0.336920 0.149575 0.321526 0.149575
1 0.337302 0.140873 0.341996 0.140873 0.341996 0.149724 0.337302 0.149724
1 0.351234 0.140629 0.355391 0.140629 0.355391 0.149480 0.351234 0.149480
0 0.355783 0.141207 0.371598 0.141207 0.371598 0.149060 0.355783 0.149060
1 0.371582 0.140734 0.376276 0.140734 0.376276 0.149585 0.371582 0.149585
0 0.390081 0.141470 0.405681 0.141470 0.405681 0.149428 0.390081 0.149428
1 0.405994 0.140171 0.410309 0.140171 0.410309 0.150318 0.405994 0.150318
1 0.419555 0.140597 0.423712 0.140597 0.423712 0.149448 0.419555 0.149448
0 0.424137 0.141721 0.439876 0.141721 0.439876 0.148994 0.424137 0.148994
1 0.440237 0.140517 0.444601 0.140517 0.444601 0.150116 0.440237 0.150116
1 0.453181 0.140921 0.457338 0.140921 0.457338 0.149772 0.453181 0.149772
0 0.457745 0.141295 0.473497 0.141295 0.473497 0.149293 0.457745 0.149293
1 0.474058 0.140714 0.478152 0.140714 0.478152 0.150789 0.474058 0.150789
1 0.521022 0.140995 0.525179 0.140995 0.525179 0.149846 0.521022 0.149846
0 0.525691 0.141942 0.541381 0.141942 0.541381 0.149323 0.525691 0.149323
1 0.541801 0.140697 0.546536 0.140697 0.546536 0.149908 0.541801 0.149908
1 0.507543 0.140684 0.512237 0.140684 0.512237 0.149536 0.507543 0.149536
0 0.491525 0.141075 0.507886 0.141075 0.507886 0.149255 0.491525 0.149255
1 0.487239 0.140764 0.491349 0.140764 0.491349 0.149947 0.487239 0.149947
1 0.575936 0.140962 0.580442 0.140962 0.580442 0.150521 0.575936 0.150521
0 0.560385 0.142078 0.575837 0.142078 0.575837 0.149423 0.560385 0.149423
1 0.652887 0.136437 0.657475 0.136437 0.657475 0.146410 0.652887 0.146410
0 0.034726 0.229992 0.045729 0.229992 0.045729 0.235223 0.034726 0.235223
1 0.045909 0.230082 0.048345 0.230082 0.048345 0.234862 0.045909 0.234862
1 0.032200 0.230262 0.034455 0.230262 0.034455 0.234772 0.032200 0.234772
1 0.071344 0.229992 0.073779 0.229992 0.073779 0.234772 0.071344 0.234772
0 0.060160 0.229901 0.071163 0.229901 0.071163 0.235133 0.060160 0.235133
1 0.057544 0.230172 0.059799 0.230172 0.059799 0.234682 0.057544 0.234682
1 0.083249 0.230172 0.085504 0.230172 0.085504 0.234682 0.083249 0.234682
0 0.085865 0.229901 0.096868 0.229901 0.096868 0.235133 0.085865 0.235133
1 0.097049 0.229992 0.099484 0.229992 0.099484 0.234772 0.097049 0.234772
1 0.109225 0.230262 0.111480 0.230262 0.111480 0.234772 0.109225 0.234772
0 0.111659 0.229992 0.122662 0.229992 0.122662 0.235223 0.111659 0.235223
1 0.122843 0.230082 0.125278 0.230082 0.125278 0.234862 0.122843 0.234862
1 0.134117 0.230172 0.136372 0.230172 0.136372 0.234682 0.134117 0.234682
0 0.136732 0.229901 0.147736 0.229901 0.147736 0.235133 0.136732 0.235133
1 0.147916 0.229992 0.150351 0.229992 0.150351 0.234772 0.147916 0.234772
1 0.159641 0.230172 0.161896 0.230172 0.161896 0.234682 0.159641 0.234682
0 0.162257 0.229901 0.173260 0.229901 0.173260 0.235133 0.162257 0.235133
1 0.173441 0.229992 0.175876 0.229992 0.175876 0.234772 0.173441 0.234772
1 0.185344 0.230262 0.187598 0.230262 0.187598 0.234772 0.185344 0.234772
0 0.187869 0.229992 0.198873 0.229992 0.198873 0.235223 0.187869 0.235223
1 0.199053 0.230082 0.201488 0.230082 0.201488 0.234862 0.199053 0.234862
1 0.210688 0.230172 0.212943 0.230172 0.212943 0.234682 0.210688 0.234682
0 0.213303 0.229901 0.224307 0.229901 0.224307 0.235133 0.213303 0.235133
1 0.224487 0.229992 0.226923 0.229992 0.226923 0.234772 0.224487 0.234772
1 0.236674 0.230172 0.238929 0.230172 0.238929 0.234682 0.236674 0.234682
0 0.239290 0.229901 0.250293 0.229901 0.250293 0.235133 0.239290 0.235133
1 0.250474 0.229992 0.252909 0.229992 0.252909 0.234772 0.250474 0.234772
1 0.262650 0.230262 0.264905 0.230262 0.264905 0.234772 0.262650 0.234772
0 0.265084 0.229992 0.276087 0.229992 0.276087 0.235223 0.265084 0.235223
1 0.276127 0.230082 0.278562 0.230082 0.278562 0.234862 0.276127 0.234862
1 0.287260 0.230172 0.289515 0.230172 0.289515 0.234682 0.287260 0.234682
0 0.289876 0.229901 0.300879 0.229901 0.300879 0.235133 0.289876 0.235133
1 0.301060 0.229992 0.303495 0.229992 0.303495 0.234772 0.301060 0.234772
1 0.314244 0.230172 0.316499 0.230172 0.316499 0.234682 0.314244 0.234682
0 0.316859 0.229970 0.326007 0.229970 0.326007 0.235036 0.316859 0.235036
1 0.326496 0.230132 0.328931 0.230132 0.328931 0.234913 0.326496 0.234913
0 0.763050 0.078642 0.819223 0.078642 0.819223 0.127175 0.763050 0.127175
0 0.860566 0.076844 0.916892 0.076844 0.916892 0.126327 0.860566 0.126327
0 0.664437 0.158203 0.720784 0.158203 0.720784 0.205538 0.664437 0.205538
0 0.759434 0.157881 0.815147 0.157881 0.815147 0.208217 0.759434 0.208217
0 0.856698 0.157840 0.912676 0.157840 0.912676 0.205966 0.856698 0.205966
0 0.661550 0.233735 0.722548 0.233735 0.722548 0.284311 0.661550 0.284311
0 0.755626 0.233703 0.815683 0.233703 0.815683 0.284525 0.755626 0.284525
0 0.852719 0.234720 0.913848 0.234720 0.913848 0.283164 0.852719 0.283164
1 0.754650 0.077337 0.762039 0.077337 0.762039 0.125365 0.754650 0.125365
1 0.819672 0.077091 0.824105 0.077091 0.824105 0.126596 0.819672 0.126596
1 0.851937 0.076105 0.860065 0.076105 0.860065 0.125857 0.851937 0.125857
1 0.917205 0.076598 0.923855 0.076598 0.923855 0.125365 0.917205 0.125365
1 0.850375 0.158122 0.856731 0.158122 0.856731 0.205538 0.850375 0.205538
1 0.913018 0.158122 0.919668 0.158122 0.919668 0.206150 0.913018 0.206150
1 0.815020 0.158229 0.821792 0.158229 0.821792 0.206181 0.815020 0.206181
1 0.752702 0.158443 0.759952 0.158443 0.759952 0.206288 0.752702 0.206288
1 0.721033 0.157887 0.727264 0.157887 0.727264 0.205752 0.721033 0.205752
1 0.659345 0.157864 0.664271 0.157864 0.664271 0.205646 0.659345 0.205646
1 0.657250 0.234174 0.661995 0.234174 0.661995 0.282275 0.657250 0.282275
1 0.722561 0.234322 0.725764 0.234322 0.725764 0.282810 0.722561 0.282810
1 0.750635 0.234664 0.755772 0.234664 0.755772 0.282596 0.750635 0.282596
1 0.815736 0.234730 0.819113 0.234730 0.819113 0.282703 0.815736 0.282703
1 0.848426 0.234780 0.853061 0.234780 0.853061 0.282272 0.848426 0.282272
1 0.914123 0.235072 0.918435 0.235072 0.918435 0.282527 0.914123 0.282527
0 0.657537 0.137114 0.674223 0.137114 0.674223 0.145550 0.657537 0.145550
1 0.674000 0.136498 0.678534 0.136498 0.678534 0.146356 0.674000 0.146356
0 0.692159 0.137504 0.708520 0.137504 0.708520 0.145685 0.692159 0.145685
1 0.687731 0.136840 0.691889 0.136840 0.691889 0.145691 0.687731 0.145691
1 0.555520 0.140847 0.560008 0.140847 0.560008 0.150034 0.555520 0.150034
1 0.708430 0.137173 0.712588 0.137173 0.712588 0.146024 0.708430 0.146024
1 0.721433 0.137005 0.725591 0.137005 0.725591 0.145856 0.721433 0.145856
0 0.725813 0.137091 0.742016 0.137091 0.742016 0.145858 0.725813 0.145858
1 0.742097 0.136437 0.746450 0.136437 0.746450 0.146541 0.742097 0.146541
1 0.755262 0.136840 0.759419 0.136840 0.759419 0.145691 0.755262 0.145691
0 0.759566 0.137073 0.776128 0.137073 0.776128 0.145796 0.759566 0.145796
1 0.776361 0.136806 0.780685 0.136806 0.780685 0.146332 0.776361 0.146332
1 0.789673 0.136840 0.793830 0.136840 0.793830 0.145691 0.789673 0.145691
0 0.794101 0.137504 0.810462 0.137504 0.810462 0.145685 0.794101 0.145685
1 0.810372 0.137173 0.814529 0.137173 0.814529 0.146024 0.810372 0.146024
1 0.823375 0.137005 0.827532 0.137005 0.827532 0.145856 0.823375 0.145856
0 0.827939 0.137338 0.844301 0.137338 0.844301 0.145518 0.827939 0.145518
1 0.844469 0.137505 0.848627 0.137505 0.848627 0.146356 0.844469 0.146356
1 0.857942 0.136840 0.862099 0.136840 0.862099 0.145691 0.857942 0.145691
0 0.862628 0.137245 0.878990 0.137245 0.878990 0.145426 0.862628 0.145426
1 0.878733 0.137173 0.882891 0.137173 0.882891 0.146024 0.878733 0.146024
1 0.980876 0.136856 0.985033 0.136856 0.985033 0.145707 0.980876 0.145707
0 0.964771 0.136929 0.981132 0.136929 0.981132 0.145110 0.964771 0.145110
1 0.960085 0.136524 0.964242 0.136524 0.964242 0.145375 0.960085 0.145375
1 0.946612 0.137189 0.950770 0.137189 0.950770 0.146040 0.946612 0.146040
0 0.930082 0.137022 0.946443 0.137022 0.946443 0.145202 0.930082 0.145202
1 0.925518 0.136689 0.929675 0.136689 0.929675 0.145540 0.925518 0.145540
1 0.912515 0.136856 0.916672 0.136856 0.916672 0.145707 0.912515 0.145707
0 0.896243 0.137188 0.912605 0.137188 0.912605 0.145368 0.896243 0.145368
1 0.891816 0.136524 0.895973 0.136524 0.895973 0.145375 0.891816 0.145375
1 0.339608 0.230313 0.341862 0.230313 0.341862 0.234822 0.339608 0.234822
0 0.342192 0.230392 0.351481 0.230392 0.351481 0.235177 0.342192 0.235177
1 0.351764 0.230273 0.354199 0.230273 0.354199 0.235053 0.351764 0.235053
1 0.364644 0.230403 0.366899 0.230403 0.366899 0.234913 0.364644 0.234913
0 0.367078 0.230132 0.378081 0.230132 0.378081 0.235364 0.367078 0.235364
1 0.378026 0.230223 0.380461 0.230223 0.380461 0.235003 0.378026 0.235003
1 0.390677 0.230313 0.392932 0.230313 0.392932 0.234822 0.390677 0.234822
0 0.393035 0.230042 0.402779 0.230042 0.402779 0.235172 0.393035 0.235172
1 0.402959 0.230132 0.405394 0.230132 0.405394 0.234913 0.402959 0.234913
1 0.416012 0.230313 0.418267 0.230313 0.418267 0.234822 0.416012 0.234822
0 0.418460 0.230042 0.428113 0.230042 0.428113 0.234603 0.418460 0.234603
1 0.339608 0.230313 0.341862 0.230313 0.341862 0.234822 0.339608 0.234822
0 0.342192 0.230392 0.351481 0.230392 0.351481 0.235177 0.342192 0.235177
1 0.351764 0.230273 0.354199 0.230273 0.354199 0.235053 0.351764 0.235053
1 0.364644 0.230403 0.366899 0.230403 0.366899 0.234913 0.364644 0.234913
0 0.367078 0.230132 0.378081 0.230132 0.378081 0.235364 0.367078 0.235364
1 0.378026 0.230223 0.380461 0.230223 0.380461 0.235003 0.378026 0.235003
1 0.390677 0.230313 0.392932 0.230313 0.392932 0.234822 0.390677 0.234822
0 0.393035 0.230042 0.402779 0.230042 0.402779 0.235172 0.393035 0.235172
1 0.402959 0.230132 0.405394 0.230132 0.405394 0.234913 0.402959 0.234913
1 0.416012 0.230313 0.418267 0.230313 0.418267 0.234822 0.416012 0.234822
0 0.418460 0.230042 0.428113 0.230042 0.428113 0.234603 0.418460 0.234603
1 0.428440 0.230028 0.430695 0.230028 0.430695 0.234538 0.428440 0.234538
1 0.441878 0.230196 0.444133 0.230196 0.444133 0.234705 0.441878 0.234705
0 0.444492 0.229993 0.453641 0.229993 0.453641 0.235060 0.444492 0.235060
1 0.454129 0.230156 0.456565 0.230156 0.456565 0.234936 0.454129 0.234936
1 0.467241 0.230336 0.469496 0.230336 0.469496 0.234846 0.467241 0.234846
0 0.469826 0.230416 0.479115 0.230416 0.479115 0.235201 0.469826 0.235201
1 0.479398 0.230297 0.481833 0.230297 0.481833 0.235077 0.479398 0.235077
1 0.492278 0.230426 0.494532 0.230426 0.494532 0.234936 0.492278 0.234936
0 0.494711 0.230156 0.505715 0.230156 0.505715 0.235387 0.494711 0.235387
1 0.505565 0.230246 0.508000 0.230246 0.508000 0.235026 0.505565 0.235026
1 0.518216 0.230336 0.520471 0.230336 0.520471 0.234846 0.518216 0.234846
0 0.520574 0.230066 0.530317 0.230066 0.530317 0.235195 0.520574 0.235195
1 0.530308 0.230156 0.532743 0.230156 0.532743 0.234936 0.530308 0.234936
1 0.543361 0.230336 0.545616 0.230336 0.545616 0.234846 0.543361 0.234846
0 0.545904 0.230066 0.555557 0.230066 0.555557 0.234626 0.545904 0.234626
1 0.555884 0.230052 0.558139 0.230052 0.558139 0.234561 0.555884 0.234561
1 0.569267 0.230627 0.571522 0.230627 0.571522 0.235137 0.569267 0.235137
0 0.571809 0.230357 0.581463 0.230357 0.581463 0.234917 0.571809 0.234917
1 0.581790 0.230343 0.584045 0.230343 0.584045 0.234852 0.581790 0.234852
1 0.777443 0.217672 0.779698 0.217672 0.779698 0.222181 0.777443 0.222181
0 0.766649 0.217668 0.777209 0.217668 0.777209 0.222246 0.766649 0.222246
1 0.764188 0.217875 0.766443 0.217875 0.766443 0.222385 0.764188 0.222385
1 0.751537 0.217381 0.753792 0.217381 0.753792 0.221890 0.751537 0.221890
0 0.741394 0.217506 0.751431 0.217506 0.751431 0.222850 0.741394 0.222850
1 0.739014 0.217665 0.741269 0.217665 0.741269 0.222175 0.739014 0.222175
1 0.725961 0.217485 0.728396 0.217485 0.728396 0.222265 0.725961 0.222265
0 0.716227 0.217395 0.725970 0.217395 0.725970 0.222524 0.716227 0.222524
1 0.713869 0.217665 0.716124 0.217665 0.716124 0.222175 0.713869 0.222175
1 0.701218 0.217575 0.703653 0.217575 0.703653 0.222355 0.701218 0.222355
0 0.690365 0.217485 0.701368 0.217485 0.701368 0.222716 0.690365 0.222716
1 0.687931 0.217755 0.690185 0.217755 0.690185 0.222265 0.687931 0.222265
1 0.675051 0.217625 0.677486 0.217625 0.677486 0.222406 0.675051 0.222406
0 0.665235 0.217262 0.674912 0.217262 0.674912 0.222123 0.665235 0.222123
1 0.662894 0.217665 0.665149 0.217665 0.665149 0.222175 0.662894 0.222175
1 0.789775 0.217856 0.792030 0.217856 0.792030 0.222366 0.789775 0.222366
0 0.792034 0.217587 0.802742 0.217587 0.802742 0.222396 0.792034 0.222396
1 0.802852 0.217898 0.805287 0.217898 0.805287 0.222678 0.802852 0.222678
1 0.815732 0.218028 0.817987 0.218028 0.817987 0.222537 0.815732 0.222537
0 0.818166 0.217757 0.829169 0.217757 0.829169 0.222988 0.818166 0.222988
1 0.828883 0.217847 0.831318 0.217847 0.831318 0.222628 0.828883 0.222628
1 0.841046 0.217775 0.843301 0.217775 0.843301 0.222285 0.841046 0.222285
0 0.843485 0.217504 0.853229 0.217504 0.853229 0.222634 0.843485 0.222634
1 0.853545 0.217757 0.855980 0.217757 0.855980 0.222537 0.853545 0.222537
1 0.866679 0.217938 0.868934 0.217938 0.868934 0.222447 0.866679 0.222447
0 0.869222 0.217667 0.878875 0.217667 0.878875 0.222228 0.869222 0.222228
1 0.879202 0.217653 0.881457 0.217653 0.881457 0.222163 0.879202 0.222163
1 0.892585 0.218229 0.894840 0.218229 0.894840 0.222738 0.892585 0.222738
0 0.895128 0.217958 0.904781 0.217958 0.904781 0.222519 0.895128 0.222519
1 0.904972 0.217944 0.907227 0.217944 0.907227 0.222454 0.904972 0.222454
0 0.971427 0.217958 0.981081 0.217958 0.981081 0.222519 0.971427 0.222519
1 0.968884 0.217822 0.971139 0.217822 0.971139 0.222332 0.968884 0.222332
1 0.981271 0.217944 0.983526 0.217944 0.983526 0.222454 0.981271 0.222454
1 0.955501 0.217653 0.957756 0.217653 0.957756 0.222163 0.955501 0.222163
0 0.945521 0.217667 0.955175 0.217667 0.955175 0.222228 0.945521 0.222228
1 0.943115 0.217938 0.945370 0.217938 0.945370 0.222447 0.943115 0.222447
1 0.930062 0.217757 0.932497 0.217757 0.932497 0.222537 0.930062 0.222537
0 0.920327 0.217667 0.930071 0.217667 0.930071 0.222797 0.920327 0.222797
1 0.917970 0.217938 0.920225 0.217938 0.920225 0.222447 0.917970 0.222447
0 0.647590 0.342022 0.695567 0.342022 0.695567 0.399350 0.647590 0.399350
1 0.647758 0.399428 0.695785 0.399428 0.695785 0.406325 0.647758 0.406325
1 0.648017 0.336431 0.695038 0.336431 0.695038 0.342286 0.648017 0.342286
1 0.647758 0.501521 0.695785 0.501521 0.695785 0.508418 0.647758 0.508418
0 0.647590 0.444115 0.695567 0.444115 0.695567 0.501443 0.647590 0.501443
1 0.648017 0.438525 0.695038 0.438525 0.695038 0.444379 0.648017 0.444379
1 0.646660 0.604346 0.694688 0.604346 0.694688 0.611243 0.646660 0.611243
0 0.646492 0.546940 0.694469 0.546940 0.694469 0.604268 0.646492 0.604268
1 0.646919 0.541167 0.693940 0.541167 0.693940 0.547021 0.646919 0.547021
1 0.744784 0.336787 0.791805 0.336787 0.791805 0.342642 0.744784 0.342642
0 0.744357 0.342378 0.792333 0.342378 0.792333 0.399706 0.744357 0.399706
1 0.744525 0.399784 0.792552 0.399784 0.792552 0.406680 0.744525 0.406680
1 0.744259 0.439364 0.791805 0.439364 0.791805 0.444735 0.744259 0.444735
0 0.744357 0.444471 0.792333 0.444471 0.792333 0.501799 0.744357 0.501799
1 0.744525 0.501877 0.792552 0.501877 0.792552 0.508773 0.744525 0.508773
1 0.743686 0.541522 0.790707 0.541522 0.790707 0.547377 0.743686 0.547377
0 0.743259 0.547296 0.791236 0.547296 0.791236 0.604624 0.743259 0.604624
1 0.743427 0.604702 0.791454 0.604702 0.791454 0.611598 0.743427 0.611598
1 0.828098 0.604346 0.876125 0.604346 0.876125 0.611243 0.828098 0.611243
0 0.827930 0.546940 0.875907 0.546940 0.875907 0.604268 0.827930 0.604268
1 0.828357 0.541167 0.875378 0.541167 0.875378 0.547021 0.828357 0.547021
1 0.829196 0.501521 0.877223 0.501521 0.877223 0.508418 0.829196 0.508418
0 0.829028 0.444115 0.877004 0.444115 0.877004 0.501443 0.829028 0.501443
1 0.829455 0.438525 0.876476 0.438525 0.876476 0.444379 0.829455 0.444379
1 0.829196 0.399428 0.877223 0.399428 0.877223 0.406325 0.829196 0.406325
0 0.829028 0.342022 0.877004 0.342022 0.877004 0.399350 0.829028 0.399350
1 0.829455 0.336431 0.876476 0.336431 0.876476 0.342286 0.829455 0.342286
0 0.108261 0.373384 0.125009 0.373384 0.125009 0.381857 0.108261 0.381857
1 0.124812 0.372990 0.129738 0.372990 0.129738 0.382645 0.124812 0.382645
1 0.104123 0.372793 0.108064 0.372793 0.108064 0.383236 0.104123 0.383236
1 0.125009 0.394073 0.129935 0.394073 0.129935 0.403728 0.125009 0.403728
0 0.108458 0.394467 0.125206 0.394467 0.125206 0.402940 0.108458 0.402940
1 0.104320 0.393876 0.108261 0.393876 0.108261 0.404319 0.104320 0.404319
1 0.124724 0.436830 0.129650 0.436830 0.129650 0.446485 0.124724 0.446485
0 0.108173 0.437224 0.124921 0.437224 0.124921 0.445697 0.108173 0.445697
1 0.104035 0.436633 0.107976 0.436633 0.107976 0.447076 0.104035 0.447076
1 0.124527 0.415747 0.129453 0.415747 0.129453 0.425402 0.124527 0.425402
0 0.108261 0.416141 0.125009 0.416141 0.125009 0.424614 0.108261 0.424614
1 0.104123 0.415550 0.108064 0.415550 0.108064 0.425993 0.104123 0.425993
1 0.124921 0.521753 0.129847 0.521753 0.129847 0.531408 0.124921 0.531408
0 0.108370 0.522147 0.125118 0.522147 0.125118 0.530619 0.108370 0.530619
1 0.104232 0.521556 0.108173 0.521556 0.108173 0.531999 0.104232 0.531999
1 0.124527 0.500670 0.129453 0.500670 0.129453 0.510325 0.124527 0.510325
0 0.108173 0.501064 0.124921 0.501064 0.124921 0.509537 0.108173 0.509537
1 0.104035 0.500473 0.107976 0.500473 0.107976 0.510916 0.104035 0.510916
1 0.124724 0.478996 0.129650 0.478996 0.129650 0.488651 0.124724 0.488651
0 0.108173 0.479390 0.124921 0.479390 0.124921 0.487863 0.108173 0.487863
1 0.104232 0.478799 0.108173 0.478799 0.108173 0.489242 0.104232 0.489242
1 0.124724 0.457913 0.129650 0.457913 0.129650 0.467568 0.124724 0.467568
0 0.108173 0.458307 0.124921 0.458307 0.124921 0.466780 0.108173 0.466780
1 0.104035 0.457716 0.107976 0.457716 0.107976 0.468159 0.104035 0.468159
1 0.125118 0.606676 0.130044 0.606676 0.130044 0.616330 0.125118 0.616330
0 0.108764 0.607070 0.125512 0.607070 0.125512 0.615542 0.108764 0.615542
1 0.104626 0.606479 0.108567 0.606479 0.108567 0.616922 0.104626 0.616922
1 0.104429 0.585396 0.108370 0.585396 0.108370 0.595839 0.104429 0.595839
0 0.108567 0.585987 0.125315 0.585987 0.125315 0.594459 0.108567 0.594459
1 0.124921 0.585593 0.129847 0.585593 0.129847 0.595247 0.124921 0.595247
1 0.125118 0.563919 0.130044 0.563919 0.130044 0.573573 0.125118 0.573573
0 0.108567 0.564313 0.125315 0.564313 0.125315 0.572785 0.108567 0.572785
1 0.104626 0.563722 0.108567 0.563722 0.108567 0.574165 0.104626 0.574165
1 0.104429 0.542639 0.108370 0.542639 0.108370 0.553082 0.104429 0.553082
0 0.108567 0.543230 0.125315 0.543230 0.125315 0.551702 0.108567 0.551702
1 0.125118 0.542836 0.130044 0.542836 0.130044 0.552491 0.125118 0.552491
1 0.487490 0.372793 0.491431 0.372793 0.491431 0.383236 0.487490 0.383236
0 0.491628 0.373384 0.508376 0.373384 0.508376 0.381857 0.491628 0.381857
1 0.508179 0.372990 0.513105 0.372990 0.513105 0.382645 0.508179 0.382645
1 0.508376 0.394073 0.513302 0.394073 0.513302 0.403728 0.508376 0.403728
0 0.491825 0.394467 0.508573 0.394467 0.508573 0.402940 0.491825 0.402940
1 0.487687 0.393876 0.491628 0.393876 0.491628 0.404319 0.487687 0.404319
1 0.487490 0.415550 0.491431 0.415550 0.491431 0.425993 0.487490 0.425993
0 0.491628 0.416141 0.508376 0.416141 0.508376 0.424614 0.491628 0.424614
1 0.507895 0.415747 0.512821 0.415747 0.512821 0.425402 0.507895 0.425402
1 0.508092 0.436830 0.513018 0.436830 0.513018 0.446485 0.508092 0.446485
0 0.491541 0.437224 0.508289 0.437224 0.508289 0.445697 0.491541 0.445697
1 0.487403 0.436633 0.491344 0.436633 0.491344 0.447076 0.487403 0.447076
1 0.487403 0.457716 0.491344 0.457716 0.491344 0.468159 0.487403 0.468159
0 0.491541 0.458307 0.508289 0.458307 0.508289 0.466780 0.491541 0.466780
1 0.508092 0.457913 0.513018 0.457913 0.513018 0.467568 0.508092 0.467568
1 0.508092 0.478996 0.513018 0.478996 0.513018 0.488651 0.508092 0.488651
0 0.491541 0.480085 0.508289 0.480085 0.508289 0.488558 0.491541 0.488558
1 0.487600 0.478799 0.491541 0.478799 0.491541 0.489242 0.487600 0.489242
1 0.508376 0.606785 0.513302 0.606785 0.513302 0.616440 0.508376 0.616440
0 0.491825 0.607179 0.508573 0.607179 0.508573 0.615652 0.491825 0.615652
1 0.487884 0.606588 0.491825 0.606588 0.491825 0.617031 0.487884 0.617031
0 0.491825 0.586096 0.508573 0.586096 0.508573 0.594569 0.491825 0.594569
1 0.487687 0.585505 0.491628 0.585505 0.491628 0.595948 0.487687 0.595948
1 0.508376 0.585702 0.513302 0.585702 0.513302 0.595357 0.508376 0.595357
1 0.508376 0.564619 0.513302 0.564619 0.513302 0.574274 0.508376 0.574274
0 0.491825 0.565013 0.508573 0.565013 0.508573 0.573486 0.491825 0.573486
1 0.487687 0.564422 0.491628 0.564422 0.491628 0.574865 0.487687 0.574865
1 0.508179 0.543536 0.513105 0.543536 0.513105 0.553191 0.508179 0.553191
0 0.491913 0.543434 0.508661 0.543434 0.508661 0.551907 0.491913 0.551907
1 0.487775 0.543339 0.491716 0.543339 0.491716 0.553782 0.487775 0.553782
1 0.508661 0.521862 0.513587 0.521862 0.513587 0.531517 0.508661 0.531517
0 0.492110 0.522256 0.508858 0.522256 0.508858 0.530729 0.492110 0.530729
1 0.487972 0.521665 0.491913 0.521665 0.491913 0.532108 0.487972 0.532108
1 0.487775 0.500582 0.491716 0.500582 0.491716 0.511025 0.487775 0.511025
0 0.491913 0.501173 0.508661 0.501173 0.508661 0.509646 0.491913 0.509646
1 0.508464 0.500779 0.513390 0.500779 0.513390 0.510434 0.508464 0.510434
1 0.726671 0.592839 0.731597 0.592839 0.731597 0.602494 0.726671 0.602494
0 0.710120 0.593233 0.726868 0.593233 0.726868 0.601706 0.710120 0.601706
1 0.706179 0.592642 0.710120 0.592642 0.710120 0.603085 0.706179 0.603085
1 0.726671 0.572895 0.731597 0.572895 0.731597 0.582550 0.726671 0.582550
0 0.710120 0.573573 0.726868 0.573573 0.726868 0.582046 0.710120 0.582046
1 0.705982 0.572129 0.709923 0.572129 0.709923 0.582571 0.705982 0.582571
1 0.726102 0.553520 0.731028 0.553520 0.731028 0.563174 0.726102 0.563174
0 0.710120 0.553914 0.726868 0.553914 0.726868 0.562386 0.710120 0.562386
1 0.705982 0.553038 0.709923 0.553038 0.709923 0.563481 0.705982 0.563481
1 0.726686 0.535544 0.731287 0.535544 0.731287 0.545297 0.726686 0.545297
0 0.710207 0.535677 0.726955 0.535677 0.726955 0.544149 0.710207 0.544149
1 0.706283 0.535062 0.710110 0.535062 0.710110 0.545297 0.706283 0.545297
1 0.727033 0.516246 0.731484 0.516246 0.731484 0.526235 0.727033 0.526235
0 0.710404 0.516280 0.727153 0.516280 0.727153 0.524752 0.710404 0.524752
1 0.706167 0.515788 0.710108 0.515788 0.710108 0.526231 0.706167 0.526231
1 0.726758 0.497364 0.731684 0.497364 0.731684 0.507019 0.726758 0.507019
0 0.710207 0.497474 0.726955 0.497474 0.726955 0.505946 0.710207 0.505946
1 0.706092 0.382950 0.710033 0.382950 0.710033 0.393393 0.706092 0.393393
1 0.726395 0.478261 0.731321 0.478261 0.731321 0.487916 0.726395 0.487916
0 0.709844 0.478656 0.726592 0.478656 0.726592 0.487128 0.709844 0.487128
1 0.705904 0.478064 0.709844 0.478064 0.709844 0.488507 0.705904 0.488507
1 0.727232 0.460064 0.731352 0.460064 0.731352 0.470141 0.727232 0.470141
0 0.710671 0.460373 0.726934 0.460373 0.726934 0.469347 0.710671 0.469347
1 0.706131 0.459501 0.710072 0.459501 0.710072 0.469944 0.706131 0.469944
1 0.726476 0.440842 0.731402 0.440842 0.731402 0.450497 0.726476 0.450497
0 0.709844 0.441264 0.726592 0.441264 0.726592 0.449736 0.709844 0.449736
1 0.706104 0.440180 0.710044 0.440180 0.710044 0.450623 0.706104 0.450623
1 0.726758 0.421748 0.731684 0.421748 0.731684 0.431403 0.726758 0.431403
0 0.710031 0.421776 0.726636 0.421776 0.726636 0.431371 0.710031 0.431371
1 0.705993 0.420787 0.709933 0.420787 0.709933 0.431230 0.705993 0.431230
1 0.727182 0.402728 0.731550 0.402728 0.731550 0.413054 0.727182 0.413054
0 0.710355 0.402858 0.727103 0.402858 0.727103 0.411331 0.710355 0.411331
1 0.706190 0.401806 0.710131 0.401806 0.710131 0.412249 0.706190 0.412249
1 0.726709 0.383567 0.731352 0.383567 0.731352 0.393719 0.726709 0.393719
0 0.710031 0.383573 0.726636 0.383573 0.726636 0.392751 0.710031 0.392751
1 0.726911 0.365001 0.731302 0.365001 0.731302 0.375463 0.726911 0.375463
1 0.727083 0.346214 0.731468 0.346214 0.731468 0.356264 0.727083 0.356264
0 0.710361 0.346120 0.727083 0.346120 0.727083 0.355867 0.710361 0.355867
1 0.706620 0.345645 0.710561 0.345645 0.710561 0.356088 0.706620 0.356088
0 0.710736 0.365345 0.726934 0.365345 0.726934 0.374781 0.710736 0.374781
1 0.706896 0.364374 0.710837 0.364374 0.710837 0.374817 0.706896 0.374817
1 0.706946 0.364622 0.710886 0.364622 0.710886 0.375065 0.706946 0.375065
0 0.237774 0.376335 0.290243 0.376335 0.290243 0.471771 0.237774 0.471771
0 0.913062 0.342022 0.961039 0.342022 0.961039 0.399350 0.913062 0.399350
1 0.913489 0.336431 0.960510 0.336431 0.960510 0.342286 0.913489 0.342286
1 0.913230 0.399428 0.961258 0.399428 0.961258 0.406325 0.913230 0.406325
1 0.913489 0.438073 0.960510 0.438073 0.960510 0.443928 0.913489 0.443928
0 0.912613 0.444115 0.960589 0.444115 0.960589 0.501443 0.912613 0.501443
1 0.912781 0.501521 0.960808 0.501521 0.960808 0.508418 0.912781 0.508418
1 0.911942 0.541167 0.958963 0.541167 0.958963 0.547021 0.911942 0.547021
0 0.911515 0.546940 0.959492 0.546940 0.959492 0.604268 0.911515 0.604268
1 0.911683 0.604346 0.959710 0.604346 0.959710 0.611243 0.911683 0.611243
0 0.209598 0.370182 0.219942 0.370182 0.219942 0.375847 0.209598 0.375847
1 0.220074 0.370427 0.223344 0.370427 0.223344 0.376150 0.220074 0.376150
1 0.206248 0.370564 0.209518 0.370564 0.209518 0.376286 0.206248 0.376286
1 0.219664 0.387712 0.222934 0.387712 0.222934 0.393435 0.219664 0.393435
0 0.209389 0.387467 0.219734 0.387467 0.219734 0.393132 0.209389 0.393132
1 0.206040 0.387848 0.209310 0.387848 0.209310 0.393571 0.206040 0.393571
1 0.219040 0.421865 0.222310 0.421865 0.222310 0.427588 0.219040 0.427588
0 0.208765 0.422245 0.219109 0.422245 0.219109 0.427910 0.208765 0.427910
1 0.205415 0.422002 0.208685 0.422002 0.208685 0.427724 0.205415 0.427724
1 0.219248 0.404580 0.222518 0.404580 0.222518 0.410303 0.219248 0.410303
0 0.208973 0.404335 0.219317 0.404335 0.219317 0.410000 0.208973 0.410000
1 0.205623 0.404717 0.208893 0.404717 0.208893 0.410439 0.205623 0.410439
1 0.220015 0.438591 0.223285 0.438591 0.223285 0.444314 0.220015 0.444314
0 0.209740 0.438346 0.220084 0.438346 0.220084 0.444011 0.209740 0.444011
1 0.206390 0.438727 0.209660 0.438727 0.209660 0.444450 0.206390 0.444450
1 0.219807 0.455876 0.223077 0.455876 0.223077 0.461598 0.219807 0.461598
0 0.209532 0.455631 0.219876 0.455631 0.219876 0.461296 0.209532 0.461296
1 0.206182 0.456012 0.209452 0.456012 0.209452 0.461735 0.206182 0.461735
1 0.219390 0.472744 0.222660 0.472744 0.222660 0.478467 0.219390 0.478467
0 0.209115 0.472499 0.219460 0.472499 0.219460 0.478164 0.209115 0.478164
1 0.205765 0.472880 0.209035 0.472880 0.209035 0.478603 0.205765 0.478603
1 0.219182 0.490029 0.222452 0.490029 0.222452 0.495751 0.219182 0.495751
0 0.209192 0.489839 0.219536 0.489839 0.219536 0.495504 0.209192 0.495504
1 0.205984 0.489738 0.209254 0.489738 0.209254 0.495461 0.205984 0.495461
1 0.205984 0.489738 0.209254 0.489738 0.209254 0.495461 0.205984 0.495461
1 0.219873 0.506836 0.223143 0.506836 0.223143 0.512559 0.219873 0.512559
0 0.209598 0.506591 0.219942 0.506591 0.219942 0.512256 0.209598 0.512256
1 0.206248 0.506972 0.209518 0.506972 0.209518 0.512695 0.206248 0.512695
1 0.219664 0.524121 0.222934 0.524121 0.222934 0.529843 0.219664 0.529843
0 0.209389 0.523876 0.219734 0.523876 0.219734 0.529541 0.209389 0.529541
1 0.206040 0.524257 0.209310 0.524257 0.209310 0.529980 0.206040 0.529980
1 0.219248 0.540989 0.222518 0.540989 0.222518 0.546712 0.219248 0.546712
0 0.208973 0.540744 0.219317 0.540744 0.219317 0.546409 0.208973 0.546409
1 0.205623 0.541125 0.208893 0.541125 0.208893 0.546848 0.205623 0.546848
1 0.219040 0.558274 0.222310 0.558274 0.222310 0.563996 0.219040 0.563996
0 0.208765 0.558654 0.219109 0.558654 0.219109 0.564318 0.208765 0.564318
1 0.205415 0.558410 0.208685 0.558410 0.208685 0.564133 0.205415 0.564133
1 0.220015 0.575000 0.223285 0.575000 0.223285 0.580722 0.220015 0.580722
0 0.209740 0.574755 0.220084 0.574755 0.220084 0.580420 0.209740 0.580420
1 0.206390 0.575136 0.209660 0.575136 0.209660 0.580859 0.206390 0.580859
1 0.219807 0.592285 0.223077 0.592285 0.223077 0.598007 0.219807 0.598007
0 0.209532 0.592040 0.219876 0.592040 0.219876 0.597704 0.209532 0.597704
1 0.206182 0.592421 0.209452 0.592421 0.209452 0.598143 0.206182 0.598143
0 0.209327 0.626803 0.219671 0.626803 0.219671 0.632467 0.209327 0.632467
1 0.219602 0.627048 0.222872 0.627048 0.222872 0.632770 0.219602 0.632770
1 0.205977 0.627184 0.209247 0.627184 0.209247 0.632906 0.205977 0.632906
1 0.219810 0.609763 0.223080 0.609763 0.223080 0.615485 0.219810 0.615485
0 0.209535 0.609518 0.219879 0.609518 0.219879 0.615183 0.209535 0.615183
1 0.206185 0.609899 0.209455 0.609899 0.209455 0.615622 0.206185 0.615622
1 0.407445 0.370204 0.410715 0.370204 0.410715 0.375927 0.407445 0.375927
0 0.396969 0.369959 0.407313 0.369959 0.407313 0.375624 0.396969 0.375624
1 0.393619 0.370341 0.396889 0.370341 0.396889 0.376063 0.393619 0.376063
1 0.407035 0.387489 0.410305 0.387489 0.410305 0.393212 0.407035 0.393212
0 0.396760 0.387244 0.407105 0.387244 0.407105 0.392909 0.396760 0.392909
1 0.393410 0.387625 0.396680 0.387625 0.396680 0.393348 0.393410 0.393348
1 0.406821 0.404358 0.410091 0.404358 0.410091 0.410080 0.406821 0.410080
0 0.396546 0.404112 0.406890 0.404112 0.406890 0.409777 0.396546 0.409777
1 0.392994 0.404494 0.396264 0.404494 0.396264 0.410216 0.392994 0.410216
1 0.406612 0.421642 0.409882 0.421642 0.409882 0.427365 0.406612 0.427365
0 0.396337 0.422022 0.406682 0.422022 0.406682 0.427687 0.396337 0.427687
1 0.392987 0.421779 0.396257 0.421779 0.396257 0.427501 0.392987 0.427501
1 0.407588 0.438368 0.410858 0.438368 0.410858 0.444091 0.407588 0.444091
0 0.397313 0.438123 0.407657 0.438123 0.407657 0.443788 0.397313 0.443788
1 0.393963 0.438504 0.397233 0.438504 0.397233 0.444227 0.393963 0.444227
1 0.407379 0.455653 0.410649 0.455653 0.410649 0.461375 0.407379 0.461375
0 0.397104 0.455408 0.407449 0.455408 0.407449 0.461073 0.397104 0.461073
1 0.393754 0.455789 0.397024 0.455789 0.397024 0.461512 0.393754 0.461512
1 0.406963 0.472341 0.410233 0.472341 0.410233 0.478063 0.406963 0.478063
0 0.396688 0.472096 0.407032 0.472096 0.407032 0.477761 0.396688 0.477761
1 0.393338 0.472477 0.396608 0.472477 0.396608 0.478200 0.393338 0.478200
1 0.406755 0.489626 0.410025 0.489626 0.410025 0.495348 0.406755 0.495348
0 0.396764 0.489436 0.407109 0.489436 0.407109 0.495101 0.396764 0.495101
1 0.393557 0.489335 0.396827 0.489335 0.396827 0.495057 0.393557 0.495057
1 0.406956 0.626372 0.410226 0.626372 0.410226 0.632095 0.406956 0.632095
0 0.396966 0.626183 0.406758 0.626183 0.406758 0.631533 0.396966 0.631533
1 0.393758 0.626081 0.397028 0.626081 0.397028 0.631804 0.393758 0.631804
1 0.407165 0.609087 0.410435 0.609087 0.410435 0.614810 0.407165 0.614810
0 0.396890 0.608842 0.407234 0.608842 0.407234 0.614507 0.396890 0.614507
1 0.393540 0.609224 0.396810 0.609224 0.396810 0.614946 0.393540 0.614946
1 0.407581 0.592219 0.410851 0.592219 0.410851 0.597941 0.407581 0.597941
0 0.397306 0.591974 0.407650 0.591974 0.407650 0.597639 0.397306 0.597639
1 0.393956 0.592355 0.397226 0.592355 0.397226 0.598078 0.393956 0.598078
1 0.407789 0.574934 0.411059 0.574934 0.411059 0.580657 0.407789 0.580657
0 0.397514 0.574689 0.407859 0.574689 0.407859 0.580354 0.397514 0.580354
1 0.394164 0.575071 0.397434 0.575071 0.397434 0.580793 0.394164 0.580793
1 0.406814 0.558208 0.410084 0.558208 0.410084 0.563931 0.406814 0.563931
0 0.396936 0.558390 0.406758 0.558390 0.406758 0.563922 0.396936 0.563922
1 0.393189 0.558345 0.396459 0.558345 0.396459 0.564067 0.393189 0.564067
1 0.407022 0.540924 0.410292 0.540924 0.410292 0.546646 0.407022 0.546646
0 0.396747 0.540679 0.407092 0.540679 0.407092 0.546343 0.396747 0.546343
1 0.393196 0.541060 0.396466 0.541060 0.396466 0.546782 0.393196 0.546782
1 0.407237 0.524055 0.410507 0.524055 0.410507 0.529778 0.407237 0.529778
0 0.396962 0.523810 0.407306 0.523810 0.407306 0.529475 0.396962 0.529475
1 0.393612 0.524192 0.396882 0.524192 0.396882 0.529914 0.393612 0.529914
1 0.407250 0.506969 0.410520 0.506969 0.410520 0.512692 0.407250 0.512692
0 0.397170 0.507221 0.406957 0.507221 0.406957 0.512295 0.397170 0.512295
1 0.393820 0.506907 0.397090 0.506907 0.397090 0.512629 0.393820 0.512629
1 0.801534 0.345067 0.804804 0.345067 0.804804 0.350790 0.801534 0.350790
0 0.804820 0.345066 0.815165 0.345066 0.815165 0.350731 0.804820 0.350731
1 0.815361 0.345184 0.818630 0.345184 0.818630 0.350907 0.815361 0.350907
1 0.815258 0.359754 0.818528 0.359754 0.818528 0.365476 0.815258 0.365476
0 0.804973 0.359645 0.815171 0.359645 0.815171 0.365771 0.804973 0.365771
1 0.802110 0.359714 0.805018 0.359714 0.805018 0.365517 0.802110 0.365517
1 0.801928 0.375271 0.805198 0.375271 0.805198 0.380994 0.801928 0.380994
0 0.805299 0.375197 0.815644 0.375197 0.815644 0.380862 0.805299 0.380862
1 0.815729 0.375081 0.818999 0.375081 0.818999 0.380804 0.815729 0.380804
1 0.815563 0.389941 0.818833 0.389941 0.818833 0.395664 0.815563 0.395664
0 0.804550 0.389934 0.815429 0.389934 0.815429 0.395752 0.804550 0.395752
1 0.801380 0.390031 0.804650 0.390031 0.804650 0.395753 0.801380 0.395753
1 0.802252 0.404904 0.805522 0.404904 0.805522 0.410627 0.802252 0.410627
0 0.805109 0.404904 0.815453 0.404904 0.815453 0.410569 0.805109 0.410569
1 0.815259 0.404816 0.818529 0.404816 0.818529 0.410539 0.815259 0.410539
1 0.815675 0.419655 0.818945 0.419655 0.818945 0.425378 0.815675 0.425378
0 0.805104 0.419706 0.815449 0.419706 0.815449 0.425371 0.805104 0.425371
1 0.802050 0.419791 0.805320 0.419791 0.805320 0.425514 0.802050 0.425514
1 0.801580 0.434406 0.804850 0.434406 0.804850 0.440129 0.801580 0.440129
0 0.804930 0.434469 0.815275 0.434469 0.815275 0.440134 0.804930 0.440134
1 0.815355 0.434628 0.818625 0.434628 0.818625 0.440351 0.815355 0.440351
1 0.815290 0.449635 0.818560 0.449635 0.818560 0.455358 0.815290 0.455358
0 0.804805 0.449609 0.815149 0.449609 0.815149 0.455274 0.804805 0.455274
1 0.801316 0.449555 0.804586 0.449555 0.804586 0.455278 0.801316 0.455278
1 0.815504 0.464694 0.818774 0.464694 0.818774 0.470417 0.815504 0.470417
0 0.805027 0.464449 0.815371 0.464449 0.815371 0.470114 0.805027 0.470114
1 0.801677 0.464831 0.804947 0.464831 0.804947 0.470553 0.801677 0.470553
1 0.815535 0.479454 0.818805 0.479454 0.818805 0.485176 0.815535 0.485176
0 0.805297 0.479753 0.815174 0.479753 0.815174 0.484851 0.805297 0.484851
1 0.801615 0.479364 0.804885 0.479364 0.804885 0.485087 0.801615 0.485087
1 0.815240 0.494566 0.818510 0.494566 0.818510 0.500289 0.815240 0.500289
0 0.805658 0.494835 0.815174 0.494835 0.815174 0.499945 0.805658 0.499945
1 0.802135 0.494502 0.805405 0.494502 0.805405 0.500224 0.802135 0.500224
1 0.815052 0.509201 0.818322 0.509201 0.818322 0.514924 0.815052 0.514924
0 0.805366 0.509241 0.814946 0.509241 0.814946 0.514582 0.805366 0.514582
1 0.801663 0.509033 0.804933 0.509033 0.804933 0.514755 0.801663 0.514755
1 0.815466 0.524200 0.818736 0.524200 0.818736 0.529922 0.815466 0.529922
0 0.805468 0.524440 0.815251 0.524440 0.815251 0.529600 0.805468 0.529600
1 0.802611 0.524113 0.805172 0.524113 0.805172 0.529934 0.802611 0.529934
1 0.815120 0.539114 0.818466 0.539114 0.818466 0.544545 0.815120 0.544545
0 0.805387 0.539089 0.814946 0.539089 0.814946 0.544085 0.805387 0.544085
1 0.802544 0.539174 0.805527 0.539174 0.805527 0.544622 0.802544 0.544622
1 0.815245 0.553935 0.818515 0.553935 0.818515 0.559657 0.815245 0.559657
0 0.805567 0.554233 0.815327 0.554233 0.815327 0.559103 0.805567 0.559103
1 0.801989 0.553789 0.805259 0.553789 0.805259 0.559512 0.801989 0.559512
1 0.814761 0.569057 0.818031 0.569057 0.818031 0.574779 0.814761 0.574779
0 0.805415 0.568676 0.814715 0.568676 0.814715 0.574340 0.805415 0.574340
1 0.801925 0.568456 0.805195 0.568456 0.805195 0.574178 0.801925 0.574178
1 0.814979 0.598892 0.818249 0.598892 0.818249 0.604614 0.814979 0.604614
0 0.805297 0.598892 0.814769 0.598892 0.814769 0.603955 0.805297 0.603955
1 0.801945 0.598886 0.805215 0.598886 0.805215 0.604608 0.801945 0.604608
1 0.801839 0.583731 0.805109 0.583731 0.805109 0.589453 0.801839 0.589453
0 0.805342 0.583870 0.815022 0.583870 0.815022 0.589139 0.805342 0.589139
1 0.815187 0.583815 0.818457 0.583815 0.818457 0.589537 0.815187 0.589537
1 0.985148 0.598566 0.988418 0.598566 0.988418 0.604288 0.985148 0.604288
0 0.975488 0.598498 0.984788 0.598498 0.984788 0.604162 0.975488 0.604162
1 0.971999 0.598592 0.975269 0.598592 0.975269 0.604314 0.971999 0.604314
1 0.985837 0.583504 0.989107 0.583504 0.989107 0.589226 0.985837 0.589226
0 0.975412 0.583440 0.985756 0.583440 0.985756 0.589104 0.975412 0.589104
1 0.972062 0.583377 0.975332 0.583377 0.975332 0.589099 0.972062 0.589099
1 0.985593 0.568855 0.988863 0.568855 0.988863 0.574578 0.985593 0.574578
0 0.976404 0.569257 0.985424 0.569257 0.985424 0.574178 0.976404 0.574178
1 0.973071 0.568803 0.976341 0.568803 0.976341 0.574525 0.973071 0.574525
1 0.985656 0.554106 0.988926 0.554106 0.988926 0.559829 0.985656 0.559829
0 0.976171 0.554199 0.985346 0.554199 0.985346 0.559451 0.976171 0.559451
1 0.972507 0.553666 0.975777 0.553666 0.975777 0.559388 0.972507 0.559388
1 0.985931 0.538836 0.989201 0.538836 0.989201 0.544559 0.985931 0.544559
0 0.976143 0.538888 0.985894 0.538888 0.985894 0.544255 0.976143 0.544255
1 0.973089 0.538973 0.976359 0.538973 0.976359 0.544695 0.973089 0.544695
1 0.985828 0.524401 0.989098 0.524401 0.989098 0.530124 0.985828 0.530124
0 0.976044 0.524482 0.985659 0.524482 0.985659 0.529685 0.976044 0.529685
1 0.972632 0.524393 0.975902 0.524393 0.975902 0.530115 0.972632 0.530115
1 0.985705 0.509076 0.988975 0.509076 0.988975 0.514798 0.985705 0.514798
0 0.975869 0.509204 0.985424 0.509204 0.985424 0.514567 0.975869 0.514567
1 0.972621 0.509212 0.975891 0.509212 0.975891 0.514934 0.972621 0.514934
1 0.985647 0.494449 0.988917 0.494449 0.988917 0.500172 0.985647 0.500172
0 0.975991 0.494408 0.985424 0.494408 0.985424 0.499919 0.975991 0.499919
1 0.972464 0.494374 0.975734 0.494374 0.975734 0.500097 0.972464 0.500097
1 0.985773 0.479248 0.989043 0.479248 0.989043 0.484970 0.985773 0.484970
0 0.976024 0.479487 0.985424 0.479487 0.985424 0.484409 0.976024 0.484409
1 0.972807 0.479258 0.976077 0.479258 0.976077 0.484980 0.972807 0.484980
1 0.986068 0.464493 0.989338 0.464493 0.989338 0.470215 0.986068 0.470215
0 0.975591 0.464483 0.986051 0.464483 0.986051 0.470230 0.975591 0.470230
1 0.972084 0.464394 0.975354 0.464394 0.975354 0.470116 0.972084 0.470116
1 0.986324 0.449472 0.989594 0.449472 0.989594 0.455195 0.986324 0.455195
0 0.975682 0.449482 0.986027 0.449482 0.986027 0.455147 0.975682 0.455147
1 0.972271 0.449419 0.975541 0.449419 0.975541 0.455142 0.972271 0.455142
1 0.986154 0.434958 0.989424 0.434958 0.989424 0.440681 0.986154 0.440681
0 0.975807 0.434738 0.986152 0.434738 0.986152 0.440402 0.975807 0.440402
1 0.972379 0.434753 0.975649 0.434753 0.975649 0.440475 0.972379 0.440475
1 0.986161 0.419532 0.989431 0.419532 0.989431 0.425254 0.986161 0.425254
0 0.976138 0.419504 0.986286 0.419504 0.986286 0.425424 0.976138 0.425424
1 0.972849 0.419590 0.976119 0.419590 0.976119 0.425312 0.972849 0.425312
1 0.986293 0.404615 0.989563 0.404615 0.989563 0.410337 0.986293 0.410337
0 0.975838 0.404707 0.986051 0.404707 0.986051 0.410463 0.975838 0.410463
1 0.972504 0.404775 0.975774 0.404775 0.975774 0.410497 0.972504 0.410497
1 0.972068 0.345198 0.975338 0.345198 0.975338 0.350920 0.972068 0.350920
0 0.975636 0.345051 0.985980 0.345051 0.985980 0.350716 0.975636 0.350716
1 0.986203 0.345038 0.989473 0.345038 0.989473 0.350760 0.986203 0.350760
1 0.986508 0.359955 0.989778 0.359955 0.989778 0.365677 0.986508 0.365677
0 0.975936 0.360006 0.986281 0.360006 0.986281 0.365670 0.975936 0.365670
1 0.972413 0.360012 0.975683 0.360012 0.975683 0.365735 0.972413 0.365735
1 0.972334 0.374549 0.975604 0.374549 0.975604 0.380272 0.972334 0.380272
0 0.975762 0.374769 0.986107 0.374769 0.986107 0.380434 0.975762 0.380434
1 0.986266 0.374754 0.989536 0.374754 0.989536 0.380477 0.986266 0.380477
1 0.986122 0.390377 0.989392 0.390377 0.989392 0.396099 0.986122 0.396099
0 0.975637 0.389995 0.985982 0.389995 0.985982 0.395660 0.975637 0.395660
1 0.972148 0.389966 0.975418 0.389966 0.975418 0.395688 0.972148 0.395688
0 0.304698 0.375749 0.312777 0.375749 0.312777 0.379098 0.304698 0.379098
0 0.975636 0.345051 0.985980 0.345051 0.985980 0.350716 0.975636 0.350716
0 0.975936 0.360006 0.986281 0.360006 0.986281 0.365670 0.975936 0.365670
0 0.975762 0.374769 0.986107 0.374769 0.986107 0.380434 0.975762 0.380434
1 0.986122 0.390377 0.989392 0.390377 0.989392 0.396099 0.986122 0.396099
0 0.975637 0.389995 0.985982 0.389995 0.985982 0.395660 0.975637 0.395660
0 0.975636 0.345051 0.985980 0.345051 0.985980 0.350716 0.975636 0.350716
0 0.975936 0.360006 0.986281 0.360006 0.986281 0.365670 0.975936 0.365670
0 0.975762 0.374769 0.986107 0.374769 0.986107 0.380434 0.975762 0.380434
1 0.986122 0.390377 0.989392 0.390377 0.989392 0.396099 0.986122 0.396099
0 0.975637 0.389995 0.985982 0.389995 0.985982 0.395660 0.975637 0.395660
1 0.302509 0.374479 0.304589 0.374479 0.304589 0.381047 0.302509 0.381047
0 0.304808 0.390636 0.312886 0.390636 0.312886 0.393986 0.304808 0.393986
1 0.312850 0.388819 0.315259 0.388819 0.315259 0.395825 0.312850 0.395825
1 0.302509 0.389257 0.304589 0.389257 0.304589 0.395825 0.302509 0.395825
1 0.302342 0.404253 0.304422 0.404253 0.304422 0.410821 0.302342 0.410821
0 0.304531 0.405523 0.312609 0.405523 0.312609 0.408873 0.304531 0.408873
1 0.312850 0.404034 0.315259 0.404034 0.315259 0.411040 0.312850 0.411040
1 0.312960 0.418593 0.315368 0.418593 0.315368 0.425599 0.312960 0.425599
0 0.304859 0.420410 0.312938 0.420410 0.312938 0.423760 0.304859 0.423760
1 0.302561 0.419031 0.304640 0.419031 0.304640 0.425599 0.302561 0.425599
1 0.312850 0.433860 0.315259 0.433860 0.315259 0.440866 0.312850 0.440866
0 0.304531 0.435349 0.312609 0.435349 0.312609 0.438699 0.304531 0.438699
1 0.302342 0.434079 0.304422 0.434079 0.304422 0.440647 0.302342 0.440647
1 0.312683 0.463635 0.315091 0.463635 0.315091 0.470641 0.312683 0.470641
0 0.304364 0.465123 0.312442 0.465123 0.312442 0.468473 0.304364 0.468473
1 0.302174 0.463854 0.304254 0.463854 0.304254 0.470422 0.302174 0.470422
1 0.302393 0.478631 0.304473 0.478631 0.304473 0.485199 0.302393 0.485199
0 0.304692 0.480011 0.312770 0.480011 0.312770 0.483360 0.304692 0.483360
1 0.312792 0.478194 0.315201 0.478194 0.315201 0.485199 0.312792 0.485199
0 0.304580 0.494647 0.312659 0.494647 0.312659 0.497996 0.304580 0.497996
1 0.312900 0.493158 0.315308 0.493158 0.315308 0.500164 0.312900 0.500164
0 0.975636 0.345051 0.985980 0.345051 0.985980 0.350716 0.975636 0.350716
0 0.975936 0.360006 0.986281 0.360006 0.986281 0.365670 0.975936 0.365670
0 0.975762 0.374769 0.986107 0.374769 0.986107 0.380434 0.975762 0.380434
1 0.986200 0.390142 0.989470 0.390142 0.989470 0.395864 0.986200 0.395864
0 0.975637 0.389995 0.985982 0.389995 0.985982 0.395660 0.975637 0.395660
0 0.975780 0.360006 0.986124 0.360006 0.986124 0.365670 0.975780 0.365670
0 0.975762 0.374769 0.986107 0.374769 0.986107 0.380434 0.975762 0.380434
0 0.975637 0.389995 0.985982 0.389995 0.985982 0.395660 0.975637 0.395660
1 0.302391 0.493377 0.304471 0.493377 0.304471 0.499945 0.302391 0.499945
1 0.302778 0.523151 0.304858 0.523151 0.304858 0.529719 0.302778 0.529719
0 0.304967 0.524866 0.311822 0.524866 0.311822 0.528464 0.304967 0.528464
1 0.312064 0.523155 0.314472 0.523155 0.314472 0.530160 0.312064 0.530160
1 0.312063 0.538047 0.314471 0.538047 0.314471 0.545053 0.312063 0.545053
0 0.305407 0.539864 0.311767 0.539864 0.311767 0.543022 0.305407 0.543022
1 0.302997 0.537929 0.305077 0.537929 0.305077 0.544497 0.302997 0.544497
1 0.302778 0.567755 0.304858 0.567755 0.304858 0.574323 0.302778 0.574323
0 0.305077 0.569357 0.311489 0.569357 0.311489 0.572748 0.305077 0.572748
1 0.311730 0.567817 0.314138 0.567817 0.314138 0.574823 0.311730 0.574823
1 0.312304 0.627737 0.314713 0.627737 0.314713 0.634743 0.312304 0.634743
0 0.304760 0.629110 0.311933 0.629110 0.311933 0.632646 0.304760 0.632646
1 0.302461 0.628120 0.304541 0.628120 0.304541 0.634688 0.302461 0.634688
1 0.312028 0.612790 0.314437 0.612790 0.314437 0.619795 0.312028 0.619795
0 0.304487 0.614278 0.311600 0.614278 0.311600 0.617699 0.304487 0.617699
1 0.302242 0.613342 0.304322 0.613342 0.304322 0.619910 0.302242 0.619910
0 0.891065 0.363130 0.899143 0.363130 0.899143 0.366479 0.891065 0.366479
1 0.898899 0.362078 0.901307 0.362078 0.901307 0.369084 0.898899 0.369084
1 0.888558 0.362323 0.890638 0.362323 0.890638 0.368891 0.888558 0.368891
1 0.888907 0.374738 0.890986 0.374738 0.890986 0.381306 0.888907 0.381306
0 0.891160 0.375944 0.899239 0.375944 0.899239 0.379293 0.891160 0.379293
1 0.899286 0.374971 0.901694 0.374971 0.901694 0.381977 0.899286 0.381977
1 0.899718 0.387272 0.902126 0.387272 0.902126 0.394278 0.899718 0.394278
0 0.891618 0.389282 0.899696 0.389282 0.899696 0.392632 0.891618 0.392632
1 0.889255 0.387323 0.891334 0.387323 0.891334 0.393890 0.889255 0.393890
1 0.899544 0.400539 0.901952 0.400539 0.901952 0.407544 0.899544 0.407544
0 0.891547 0.401511 0.899626 0.401511 0.899626 0.404861 0.891547 0.404861
1 0.889165 0.400371 0.891244 0.400371 0.891244 0.406938 0.889165 0.406938
1 0.889294 0.413148 0.891374 0.413148 0.891374 0.419716 0.889294 0.419716
0 0.891657 0.414398 0.899735 0.414398 0.899735 0.417748 0.891657 0.417748
1 0.899764 0.412904 0.902172 0.412904 0.902172 0.419910 0.899764 0.419910
1 0.899519 0.426184 0.901928 0.426184 0.901928 0.433190 0.899519 0.433190
0 0.891380 0.427285 0.899459 0.427285 0.899459 0.430635 0.891380 0.430635
1 0.889062 0.425822 0.891142 0.425822 0.891142 0.432390 0.889062 0.432390
1 0.889101 0.438664 0.891181 0.438664 0.891181 0.445232 0.889101 0.445232
0 0.891464 0.440108 0.899543 0.440108 0.899543 0.443458 0.891464 0.443458
1 0.899629 0.438613 0.902037 0.438613 0.902037 0.445619 0.899629 0.445619
0 0.891740 0.452873 0.899818 0.452873 0.899818 0.456223 0.891740 0.456223
1 0.900123 0.451707 0.902532 0.451707 0.902532 0.458713 0.900123 0.458713
1 0.889486 0.451797 0.891566 0.451797 0.891566 0.458365 0.889486 0.458365
0 0.891437 0.465373 0.899515 0.465373 0.899515 0.468722 0.891437 0.468722
1 0.889420 0.464381 0.891500 0.464381 0.891500 0.470949 0.889420 0.470949
1 0.888711 0.502218 0.890791 0.502218 0.890791 0.508786 0.888711 0.508786
0 0.890965 0.504455 0.899044 0.504455 0.899044 0.507805 0.890965 0.507805
1 0.899220 0.501676 0.901628 0.501676 0.901628 0.508682 0.899220 0.508682
1 0.899523 0.515203 0.901931 0.515203 0.901931 0.522208 0.899523 0.522208
0 0.891358 0.516891 0.899437 0.516891 0.899437 0.520240 0.891358 0.520240
1 0.889188 0.515253 0.891268 0.515253 0.891268 0.521821 0.889188 0.521821
1 0.899220 0.527437 0.901628 0.527437 0.901628 0.534443 0.899220 0.534443
1 0.888711 0.527656 0.890791 0.527656 0.890791 0.534224 0.888711 0.534224
1 0.888969 0.540821 0.891049 0.540821 0.891049 0.547389 0.888969 0.547389
0 0.891010 0.541878 0.899089 0.541878 0.899089 0.545227 0.891010 0.545227
1 0.898988 0.540899 0.901396 0.540899 0.901396 0.547905 0.898988 0.547905
1 0.899384 0.553663 0.901793 0.553663 0.901793 0.560669 0.899384 0.560669
0 0.891194 0.554894 0.899273 0.554894 0.899273 0.558243 0.891194 0.558243
1 0.888940 0.553947 0.891020 0.553947 0.891020 0.560514 0.888940 0.560514
1 0.899265 0.579479 0.901673 0.579479 0.901673 0.586485 0.899265 0.586485
0 0.891074 0.580516 0.899153 0.580516 0.899153 0.583866 0.891074 0.583866
1 0.888950 0.579569 0.891029 0.579569 0.891029 0.586137 0.888950 0.586137
0 0.890448 0.530873 0.893480 0.538035 0.896383 0.536422 0.893222 0.529325
1 0.899525 0.463676 0.901933 0.463676 0.901933 0.470682 0.899525 0.470682
0 0.891779 0.490957 0.898492 0.490957 0.898492 0.494302 0.891779 0.494302
1 0.888822 0.489756 0.890902 0.489756 0.890902 0.496324 0.888822 0.496324
1 0.898874 0.489365 0.901282 0.489365 0.901282 0.496371 0.898874 0.496371
1 0.899525 0.477082 0.901933 0.477082 0.901933 0.484088 0.899525 0.484088
0 0.891559 0.478510 0.898597 0.478510 0.898597 0.481861 0.891559 0.481861
1 0.888887 0.477172 0.890967 0.477172 0.890967 0.483740 0.888887 0.483740
0 0.070441 0.741350 0.128813 0.741350 0.128813 0.789378 0.070441 0.789378
1 0.129059 0.743567 0.134231 0.743567 0.134231 0.786422 0.129059 0.786422
1 0.065268 0.743813 0.070441 0.743813 0.070441 0.787407 0.065268 0.787407
1 0.129798 0.803417 0.134970 0.803417 0.134970 0.846272 0.129798 0.846272
0 0.071179 0.801200 0.129552 0.801200 0.129552 0.849228 0.071179 0.849228
1 0.066007 0.803663 0.071179 0.803663 0.071179 0.847257 0.066007 0.847257
0 0.070441 0.920407 0.128813 0.920407 0.128813 0.968435 0.070441 0.968435
1 0.065268 0.922870 0.070441 0.922870 0.070441 0.966464 0.065268 0.966464
1 0.129059 0.922624 0.134231 0.922624 0.134231 0.965479 0.129059 0.965479
1 0.128320 0.862774 0.133492 0.862774 0.133492 0.905629 0.128320 0.905629
0 0.069702 0.860557 0.128074 0.860557 0.128074 0.908585 0.069702 0.908585
1 0.064529 0.863020 0.069702 0.863020 0.069702 0.906615 0.064529 0.906615
1 0.227824 0.922377 0.232996 0.922377 0.232996 0.965233 0.227824 0.965233
0 0.169205 0.920161 0.227577 0.920161 0.227577 0.968188 0.169205 0.968188
1 0.164033 0.922624 0.169205 0.922624 0.169205 0.966218 0.164033 0.966218
1 0.227085 0.862528 0.232257 0.862528 0.232257 0.905383 0.227085 0.905383
0 0.168466 0.860311 0.226838 0.860311 0.226838 0.908339 0.168466 0.908339
1 0.163294 0.862774 0.168466 0.862774 0.168466 0.906368 0.163294 0.906368
1 0.228562 0.803170 0.233735 0.803170 0.233735 0.846026 0.228562 0.846026
0 0.169944 0.800954 0.228316 0.800954 0.228316 0.848981 0.169944 0.848981
1 0.164772 0.803417 0.169944 0.803417 0.169944 0.847011 0.164772 0.847011
0 0.169205 0.741104 0.227577 0.741104 0.227577 0.789131 0.169205 0.789131
1 0.164033 0.743567 0.169205 0.743567 0.169205 0.787161 0.164033 0.787161
1 0.227824 0.743320 0.232996 0.743320 0.232996 0.786176 0.227824 0.786176
1 0.325539 0.743637 0.330711 0.743637 0.330711 0.786492 0.325539 0.786492
0 0.266921 0.741420 0.325293 0.741420 0.325293 0.789448 0.266921 0.789448
1 0.261748 0.743883 0.266921 0.743883 0.266921 0.787477 0.261748 0.787477
1 0.262487 0.803733 0.267660 0.803733 0.267660 0.847327 0.262487 0.847327
0 0.267660 0.801270 0.326032 0.801270 0.326032 0.849298 0.267660 0.849298
1 0.326278 0.803487 0.331450 0.803487 0.331450 0.846342 0.326278 0.846342
1 0.261010 0.863090 0.266182 0.863090 0.266182 0.906684 0.261010 0.906684
1 0.325539 0.922694 0.330711 0.922694 0.330711 0.965549 0.325539 0.965549
0 0.266921 0.920477 0.325293 0.920477 0.325293 0.968505 0.266921 0.968505
1 0.261748 0.922940 0.266921 0.922940 0.266921 0.966534 0.261748 0.966534
1 0.324800 0.862844 0.329972 0.862844 0.329972 0.905699 0.324800 0.905699
0 0.266182 0.860627 0.324554 0.860627 0.324554 0.908655 0.266182 0.908655
1 0.422622 0.743320 0.427794 0.743320 0.427794 0.786176 0.422622 0.786176
0 0.364004 0.741104 0.422376 0.741104 0.422376 0.789131 0.364004 0.789131
1 0.358832 0.743567 0.364004 0.743567 0.364004 0.787161 0.358832 0.787161
1 0.359570 0.803417 0.364743 0.803417 0.364743 0.847011 0.359570 0.847011
0 0.364743 0.800954 0.423115 0.800954 0.423115 0.848981 0.364743 0.848981
1 0.423361 0.803170 0.428533 0.803170 0.428533 0.846026 0.423361 0.846026
1 0.422516 0.862528 0.427688 0.862528 0.427688 0.905383 0.422516 0.905383
0 0.364530 0.860311 0.422902 0.860311 0.422902 0.908339 0.364530 0.908339
1 0.358725 0.862774 0.363897 0.862774 0.363897 0.906368 0.358725 0.906368
1 0.422622 0.922377 0.427794 0.922377 0.427794 0.965233 0.422622 0.965233
0 0.364004 0.920161 0.422376 0.920161 0.422376 0.968188 0.364004 0.968188
1 0.358832 0.922624 0.364004 0.922624 0.364004 0.966218 0.358832 0.966218
0 0.483716 0.735107 0.536775 0.735107 0.536775 0.761453 0.483716 0.761453
1 0.537507 0.735473 0.546655 0.735473 0.546655 0.761453 0.537507 0.761453
1 0.473470 0.735107 0.482619 0.735107 0.482619 0.761088 0.473470 0.761088
1 0.536044 0.786702 0.545192 0.786702 0.545192 0.812683 0.536044 0.812683
0 0.482253 0.786336 0.535312 0.786336 0.535312 0.812683 0.482253 0.812683
1 0.472007 0.786336 0.481155 0.786336 0.481155 0.812317 0.472007 0.812317
1 0.536076 0.888608 0.545224 0.888608 0.545224 0.914589 0.536076 0.914589
0 0.481528 0.888101 0.536497 0.888101 0.536497 0.914776 0.481528 0.914776
1 0.472267 0.887937 0.481415 0.887937 0.481415 0.913918 0.472267 0.913918
0 0.482253 0.837200 0.535312 0.837200 0.535312 0.863547 0.482253 0.863547
1 0.536044 0.837566 0.545192 0.837566 0.545192 0.863547 0.536044 0.863547
1 0.472746 0.836954 0.481894 0.836954 0.481894 0.862934 0.472746 0.862934
1 0.535924 0.939898 0.545072 0.939898 0.545072 0.965879 0.535924 0.965879
0 0.481887 0.940025 0.534946 0.940025 0.534946 0.966371 0.481887 0.966371
1 0.472380 0.940025 0.481528 0.940025 0.481528 0.966006 0.472380 0.966006
1 0.629713 0.939779 0.638862 0.939779 0.638862 0.965759 0.629713 0.965759
0 0.575929 0.939659 0.628989 0.939659 0.628989 0.966006 0.575929 0.966006
1 0.566057 0.939659 0.575205 0.939659 0.575205 0.965640 0.566057 0.965640
1 0.628989 0.888429 0.638137 0.888429 0.638137 0.914410 0.628989 0.914410
0 0.574832 0.888064 0.627891 0.888064 0.627891 0.914410 0.574832 0.914410
1 0.565318 0.888064 0.574466 0.888064 0.574466 0.914044 0.565318 0.914044
0 0.576825 0.836667 0.629039 0.836667 0.629039 0.863266 0.576825 0.863266
1 0.630100 0.836954 0.639249 0.836954 0.639249 0.862934 0.630100 0.862934
1 0.564586 0.837159 0.575593 0.837159 0.575593 0.862815 0.564586 0.862815
1 0.564586 0.785970 0.573734 0.785970 0.573734 0.811951 0.564586 0.811951
0 0.574832 0.785437 0.629286 0.785437 0.629286 0.812317 0.574832 0.812317
1 0.629608 0.786336 0.638756 0.786336 0.638756 0.812317 0.629608 0.812317
1 0.629840 0.734861 0.638988 0.734861 0.638988 0.760841 0.629840 0.760841
0 0.575310 0.734454 0.629286 0.734454 0.629286 0.760841 0.575310 0.760841
1 0.566049 0.734741 0.575198 0.734741 0.575198 0.760722 0.566049 0.760722
1 0.723517 0.735839 0.732665 0.735839 0.732665 0.761819 0.723517 0.761819
0 0.670218 0.734980 0.723278 0.734980 0.723278 0.761327 0.670218 0.761327
1 0.659973 0.735719 0.669121 0.735719 0.669121 0.761700 0.659973 0.761700
1 0.659740 0.786456 0.668888 0.786456 0.668888 0.812437 0.659740 0.812437
0 0.669001 0.786949 0.722060 0.786949 0.722060 0.813295 0.669001 0.813295
1 0.722792 0.787068 0.731940 0.787068 0.731940 0.813049 0.722792 0.813049
1 0.723038 0.837685 0.732186 0.837685 0.732186 0.863666 0.723038 0.863666
0 0.669247 0.837566 0.722307 0.837566 0.722307 0.863912 0.669247 0.863912
1 0.659494 0.837566 0.668642 0.837566 0.668642 0.863547 0.659494 0.863547
1 0.659016 0.888549 0.668164 0.888549 0.668164 0.914530 0.659016 0.914530
0 0.668769 0.889374 0.723124 0.889374 0.723124 0.914896 0.668769 0.914896
1 0.723791 0.888422 0.732939 0.888422 0.732939 0.914403 0.723791 0.914403
1 0.723411 0.939525 0.732559 0.939525 0.732559 0.965506 0.723411 0.965506
0 0.669867 0.939652 0.722926 0.939652 0.722926 0.965999 0.669867 0.965999
1 0.660113 0.939898 0.669261 0.939898 0.669261 0.965879 0.660113 0.965879
1 0.817074 0.940391 0.826222 0.940391 0.826222 0.966371 0.817074 0.966371
0 0.763283 0.940271 0.816342 0.940271 0.816342 0.966618 0.763283 0.966618
1 0.753283 0.940517 0.762432 0.940517 0.762432 0.966498 0.753283 0.966498
0 0.762432 0.888922 0.815491 0.888922 0.815491 0.915269 0.762432 0.915269
1 0.752678 0.888922 0.761826 0.888922 0.761826 0.914903 0.752678 0.914903
1 0.816469 0.888795 0.825617 0.888795 0.825617 0.914776 0.816469 0.914776
1 0.816947 0.837812 0.826096 0.837812 0.826096 0.863793 0.816947 0.863793
0 0.762910 0.837446 0.815969 0.837446 0.815969 0.863793 0.762910 0.863793
1 0.753157 0.838185 0.762305 0.838185 0.762305 0.864166 0.753157 0.864166
1 0.753157 0.787075 0.762305 0.787075 0.762305 0.813056 0.753157 0.813056
0 0.762910 0.786829 0.815969 0.786829 0.815969 0.813176 0.762910 0.813176
1 0.816947 0.787195 0.826096 0.787195 0.826096 0.813176 0.816947 0.813176
1 0.816933 0.735473 0.826081 0.735473 0.826081 0.761453 0.816933 0.761453
0 0.762650 0.735932 0.816963 0.735932 0.816963 0.761946 0.762650 0.761946
1 0.752903 0.735585 0.762052 0.735585 0.762052 0.761566 0.752903 0.761566
0 0.883373 0.728321 0.916672 0.728321 0.916672 0.751740 0.883373 0.751740
1 0.916805 0.728287 0.924490 0.728287 0.924490 0.752072 0.916805 0.752072
1 0.876653 0.728520 0.883972 0.728520 0.883972 0.750842 0.876653 0.750842
0 0.883373 0.771400 0.916672 0.771400 0.916672 0.794819 0.883373 0.794819
1 0.916473 0.771034 0.924157 0.771034 0.924157 0.794819 0.916473 0.794819
1 0.876321 0.771600 0.883639 0.771600 0.883639 0.793921 0.876321 0.793921
1 0.916306 0.813614 0.923991 0.813614 0.923991 0.837400 0.916306 0.837400
0 0.883539 0.813980 0.916839 0.813980 0.916839 0.837400 0.883539 0.837400
1 0.875988 0.813847 0.883306 0.813847 0.883306 0.836169 0.875988 0.836169
1 0.916812 0.941947 0.924496 0.941947 0.924496 0.965732 0.916812 0.965732
0 0.883706 0.942313 0.917005 0.942313 0.917005 0.965732 0.883706 0.965732
1 0.876394 0.942432 0.883713 0.942432 0.883713 0.964754 0.876394 0.964754
1 0.916645 0.899200 0.924330 0.899200 0.924330 0.922985 0.916645 0.922985
0 0.883539 0.899320 0.916839 0.899320 0.916839 0.922739 0.883539 0.922739
1 0.876228 0.899193 0.883546 0.899193 0.883546 0.921515 0.876228 0.921515
1 0.916904 0.856121 0.924589 0.856121 0.924589 0.879906 0.916904 0.879906
0 0.884537 0.855385 0.916959 0.855385 0.916959 0.879906 0.884537 0.879906
1 0.876733 0.856606 0.884052 0.856606 0.884052 0.878928 0.876733 0.878928
1 0.985173 0.856626 0.992858 0.856626 0.992858 0.880411 0.985173 0.880411
0 0.951821 0.856746 0.985120 0.856746 0.985120 0.880165 0.951821 0.880165
1 0.944263 0.856619 0.951582 0.856619 0.951582 0.878940 0.944263 0.878940
1 0.943758 0.899673 0.951076 0.899673 0.951076 0.921995 0.943758 0.921995
0 0.951808 0.899579 0.985107 0.899579 0.985107 0.922998 0.951808 0.922998
1 0.984668 0.899459 0.992352 0.899459 0.992352 0.923244 0.984668 0.923244
1 0.985105 0.940653 0.992790 0.940653 0.992790 0.964438 0.985105 0.964438
0 0.951753 0.941019 0.985052 0.941019 0.985052 0.964438 0.951753 0.964438
1 0.943949 0.941385 0.951267 0.941385 0.951267 0.963707 0.943949 0.963707
1 0.984834 0.813873 0.992518 0.813873 0.992518 0.837658 0.984834 0.837658
0 0.951235 0.814239 0.984535 0.814239 0.984535 0.837658 0.951235 0.837658
1 0.944017 0.814272 0.951335 0.814272 0.951335 0.836594 0.944017 0.836594
0 0.951402 0.771326 0.984701 0.771326 0.984701 0.794745 0.951402 0.794745
1 0.984501 0.771459 0.992186 0.771459 0.992186 0.795244 0.984501 0.795244
0 0.951901 0.728413 0.985200 0.728413 0.985200 0.751832 0.951901 0.751832
1 0.984668 0.728380 0.992352 0.728380 0.992352 0.752165 0.984668 0.752165
1 0.944349 0.728779 0.951668 0.728779 0.951668 0.751100 0.944349 0.751100
1 0.944516 0.771692 0.951834 0.771692 0.951834 0.794013 0.944516 0.794013
1 0.313066 0.374201 0.315146 0.374201 0.315146 0.380769 0.313066 0.380769
1 0.313066 0.374201 0.315146 0.374201 0.315146 0.380769 0.313066 0.380769
1 0.385349 0.140201 0.389714 0.140201 0.389714 0.150562 0.385349 0.150562
1 0.706118 0.496726 0.710058 0.496726 0.710058 0.507169 0.706118 0.507169
1 0.946181 0.234375 0.951802 0.234375 0.951802 0.282260 0.946181 0.282260
1 0.948315 0.157886 0.955359 0.157886 0.955359 0.205843 0.948315 0.205843
1 0.994448 0.217499 0.996920 0.217499 0.996920 0.222154 0.994448 0.222154
1 0.950697 0.077409 0.957772 0.077409 0.957772 0.124627 0.950697 0.124627
0 0.670441 0.074207 0.726630 0.079042 0.722487 0.128011 0.665921 0.123554
1 0.661449 0.076844 0.670099 0.076676 0.665816 0.124127 0.662036 0.124211
1 0.726535 0.076928 0.729391 0.076844 0.729811 0.124546 0.723596 0.124714
1 0.992797 0.136334 0.998311 0.136334 0.998311 0.146464 0.992797 0.146464
