0 0.758799 0.879942 0.869094 0.879942 0.869094 0.974867 0.758799 0.974867
0 0.196464 0.707356 0.221424 0.707356 0.221424 0.719859 0.196464 0.719859
0 0.438598 0.327745 0.465746 0.327745 0.465746 0.380851 0.438598 0.380851
0 0.345499 0.746688 0.370869 0.746688 0.370869 0.759575 0.345499 0.759575
0 0.195616 0.788703 0.220726 0.788703 0.220726 0.801440 0.195616 0.801440
0 0.345855 0.192704 0.370771 0.192704 0.370771 0.205376 0.345855 0.205376
0 0.345147 0.405219 0.370285 0.405219 0.370285 0.417793 0.345147 0.417793
0 0.345684 0.704091 0.370684 0.704091 0.370684 0.716692 0.345684 0.716692
0 0.196645 0.024277 0.221726 0.024277 0.221726 0.036910 0.196645 0.036910
0 0.046508 0.745838 0.071811 0.745838 0.071811 0.758849 0.046508 0.758849
0 0.046477 0.235100 0.071675 0.235100 0.071675 0.247970 0.046477 0.247970
0 0.196117 0.362885 0.221089 0.362885 0.221089 0.375638 0.196117 0.375638
0 0.345889 0.277719 0.371223 0.277719 0.371223 0.290498 0.345889 0.290498
0 0.345855 0.235590 0.371030 0.235590 0.371030 0.248271 0.345855 0.248271
0 0.196108 0.235252 0.221107 0.235252 0.221107 0.247959 0.196108 0.247959
0 0.046017 0.703607 0.071215 0.703607 0.071215 0.716428 0.046017 0.716428
0 0.045939 0.661203 0.071226 0.661203 0.071226 0.674070 0.045939 0.674070
0 0.196046 0.192638 0.221249 0.192638 0.221249 0.205321 0.196046 0.205321
0 0.047039 0.490113 0.072176 0.490113 0.072176 0.502830 0.047039 0.502830
0 0.270698 0.106908 0.295611 0.106908 0.295611 0.119452 0.270698 0.119452
0 0.046439 0.192821 0.071507 0.192821 0.071507 0.205553 0.046439 0.205553
0 0.345323 0.576430 0.370732 0.576430 0.370732 0.589271 0.345323 0.589271
0 0.121223 0.277757 0.146309 0.277757 0.146309 0.290324 0.121223 0.290324
0 0.271474 0.278059 0.296592 0.278059 0.296592 0.290676 0.271474 0.290676
0 0.356583 0.654425 0.369135 0.654425 0.369135 0.679492 0.356583 0.679492
0 0.270558 0.405270 0.295725 0.405270 0.295725 0.418069 0.270558 0.418069
0 0.121442 0.575661 0.146471 0.575661 0.146471 0.588329 0.121442 0.588329
0 0.046041 0.788767 0.071329 0.788767 0.071329 0.801569 0.046041 0.801569
0 0.195799 0.320220 0.220923 0.320220 0.220923 0.332706 0.195799 0.332706
0 0.195861 0.746585 0.220961 0.746585 0.220961 0.759254 0.195861 0.759254
0 0.197073 0.071841 0.222354 0.071841 0.222354 0.084468 0.197073 0.084468
0 0.120955 0.746482 0.146232 0.746482 0.146232 0.759016 0.120955 0.759016
0 0.121342 0.534094 0.146124 0.534094 0.146124 0.546637 0.121342 0.546637
0 0.121276 0.320290 0.146420 0.320290 0.146420 0.333121 0.121276 0.333121
0 0.270486 0.448405 0.295657 0.448405 0.295657 0.461090 0.270486 0.461090
0 0.121516 0.192395 0.146570 0.192395 0.146570 0.205107 0.121516 0.205107
0 0.121431 0.618652 0.146411 0.618652 0.146411 0.631349 0.121431 0.631349
0 0.045438 0.149025 0.070857 0.149025 0.070857 0.161735 0.045438 0.161735
0 0.270985 0.235404 0.296061 0.235404 0.296061 0.247912 0.270985 0.247912
0 0.702541 0.838638 0.728065 0.838638 0.728065 0.889510 0.702541 0.889510
0 0.196045 0.559779 0.220966 0.559779 0.220966 0.572601 0.196045 0.572601
0 0.121095 0.405790 0.146347 0.405790 0.146347 0.418728 0.121095 0.418728
0 0.196230 0.150136 0.221317 0.150136 0.221317 0.162943 0.196230 0.162943
0 0.270617 0.491536 0.295785 0.491536 0.295785 0.504331 0.270617 0.504331
0 0.121234 0.780141 0.146540 0.780141 0.146540 0.793018 0.121234 0.793018
0 0.121216 0.235414 0.146448 0.235414 0.146448 0.248211 0.121216 0.248211
0 0.195923 0.448450 0.221009 0.448450 0.221009 0.461197 0.195923 0.461197
0 0.121459 0.149979 0.146533 0.149979 0.146533 0.162595 0.121459 0.162595
0 0.270177 0.789313 0.295343 0.789313 0.295343 0.802033 0.270177 0.802033
0 0.045405 0.406803 0.070630 0.406803 0.070630 0.419525 0.045405 0.419525
0 0.359194 0.067103 0.372039 0.067103 0.372039 0.091905 0.359194 0.091905
0 0.120792 0.447934 0.146054 0.447934 0.146054 0.460627 0.120792 0.460627
0 0.271564 0.149972 0.296611 0.149972 0.296611 0.162620 0.271564 0.162620
0 0.196276 0.107624 0.221545 0.107624 0.221545 0.120510 0.196276 0.120510
0 0.346196 0.150464 0.370976 0.150464 0.370976 0.163053 0.346196 0.163053
0 0.196054 0.533704 0.221124 0.533704 0.221124 0.546379 0.196054 0.546379
0 0.120741 0.362144 0.146053 0.362144 0.146053 0.374978 0.120741 0.374978
0 0.196061 0.278039 0.221308 0.278039 0.221308 0.290838 0.196061 0.290838
0 0.270900 0.362976 0.296066 0.362976 0.296066 0.375525 0.270900 0.375525
0 0.345358 0.619169 0.370604 0.619169 0.370604 0.631827 0.345358 0.631827
0 0.345309 0.363138 0.370865 0.363138 0.370865 0.375851 0.345309 0.375851
0 0.441646 0.427939 0.467787 0.427939 0.467787 0.441450 0.441646 0.441450
0 0.195874 0.596867 0.220919 0.596867 0.220919 0.609661 0.195874 0.609661
0 0.121473 0.491117 0.146615 0.491117 0.146615 0.503737 0.121473 0.503737
0 0.037439 0.062470 0.050090 0.062470 0.050090 0.087445 0.037439 0.087445
0 0.120913 0.703746 0.146068 0.703746 0.146068 0.716232 0.120913 0.716232
0 0.270542 0.576409 0.295746 0.576409 0.295746 0.589253 0.270542 0.589253
0 0.345490 0.491167 0.370903 0.491167 0.370903 0.504085 0.345490 0.504085
0 0.455766 0.713119 0.468298 0.713119 0.468298 0.738062 0.455766 0.738062
0 0.345453 0.448163 0.370796 0.448163 0.370796 0.460874 0.345453 0.460874
0 0.271549 0.320531 0.296452 0.320531 0.296452 0.333219 0.271549 0.333219
0 0.455982 0.619496 0.468480 0.619496 0.468480 0.644186 0.455982 0.644186
0 0.045582 0.276921 0.070895 0.276921 0.070895 0.289804 0.045582 0.289804
0 0.195717 0.405585 0.220898 0.405585 0.220898 0.418315 0.195717 0.418315
0 0.196124 0.490838 0.221201 0.490838 0.221201 0.503514 0.196124 0.503514
0 0.345421 0.320559 0.370658 0.320559 0.370658 0.333016 0.345421 0.333016
0 0.345918 0.107788 0.370995 0.107788 0.370995 0.120333 0.345918 0.120333
0 0.284644 0.066424 0.297378 0.066424 0.297378 0.091458 0.284644 0.091458
0 0.270496 0.746496 0.295677 0.746496 0.295677 0.759172 0.270496 0.759172
0 0.270788 0.192660 0.295874 0.192660 0.295874 0.205439 0.270788 0.205439
0 0.270741 0.533682 0.295907 0.533682 0.295907 0.546463 0.270741 0.546463
0 0.345755 0.534248 0.370911 0.534248 0.370911 0.546886 0.345755 0.546886
0 0.046518 0.447486 0.071683 0.447486 0.071683 0.460383 0.046518 0.460383
0 0.432375 0.484632 0.479604 0.484632 0.479604 0.503932 0.432375 0.503932
1 0.444073 0.460091 0.467597 0.460091 0.467597 0.483706 0.444073 0.483706
0 0.456205 0.660321 0.468735 0.660321 0.468735 0.685233 0.456205 0.685233
0 0.194270 0.636824 0.206836 0.636824 0.206836 0.661766 0.194270 0.661766
0 0.050534 0.342841 0.063112 0.342841 0.063112 0.368090 0.050534 0.368090
0 0.046334 0.533852 0.071354 0.533852 0.071354 0.546424 0.046334 0.546424
0 0.345895 0.780352 0.371040 0.780352 0.371040 0.793074 0.345895 0.793074
1 0.699611 0.889531 0.731333 0.889531 0.731333 0.902775 0.699611 0.902775
1 0.437338 0.381547 0.465818 0.381547 0.465818 0.392409 0.437338 0.392409
1 0.736387 0.897180 0.758498 0.897180 0.758498 0.957992 0.736387 0.957992
1 0.699840 0.824907 0.729196 0.824907 0.729196 0.838350 0.699840 0.838350
1 0.429143 0.504481 0.449258 0.504481 0.449258 0.526354 0.429143 0.526354
1 0.437492 0.317616 0.465860 0.317616 0.465860 0.327474 0.437492 0.327474
1 0.461128 0.504646 0.481786 0.504646 0.481786 0.527154 0.461128 0.527154
1 0.869395 0.897119 0.892651 0.897119 0.892651 0.958166 0.869395 0.958166
1 0.958730 0.900936 0.972252 0.900936 0.972252 0.955253 0.958730 0.955253
0 0.905915 0.907515 0.958593 0.907515 0.958593 0.948588 0.905915 0.948588
1 0.894792 0.900752 0.905668 0.900752 0.905668 0.955164 0.894792 0.955164
1 0.355278 0.649596 0.370909 0.649596 0.370909 0.654164 0.355278 0.654164
1 0.193016 0.631930 0.209008 0.631930 0.209008 0.636607 0.193016 0.636607
0 0.455431 0.581381 0.480160 0.581381 0.480160 0.593404 0.455431 0.593404
1 0.453744 0.708649 0.470370 0.708649 0.470370 0.713005 0.453744 0.713005
1 0.191186 0.595846 0.195757 0.595846 0.195757 0.611502 0.191186 0.611502
1 0.048993 0.338059 0.064996 0.338059 0.064996 0.342605 0.048993 0.342605
1 0.453934 0.644418 0.470551 0.644418 0.470551 0.648798 0.453934 0.648798
1 0.454135 0.615209 0.470561 0.615209 0.470561 0.619409 0.454135 0.619409
1 0.453865 0.738426 0.470335 0.738426 0.470335 0.742515 0.453865 0.742515
1 0.282792 0.091662 0.299073 0.091662 0.299073 0.096522 0.282792 0.096522
1 0.192772 0.070098 0.196922 0.070098 0.196922 0.086028 0.192772 0.086028
1 0.357742 0.092184 0.373592 0.092184 0.373592 0.096648 0.357742 0.096648
1 0.454157 0.655828 0.470705 0.655828 0.470705 0.660096 0.454157 0.660096
1 0.191140 0.558005 0.195866 0.558005 0.195866 0.573779 0.191140 0.573779
1 0.041078 0.275668 0.045337 0.275668 0.045337 0.291513 0.041078 0.291513
1 0.116822 0.318896 0.121115 0.318896 0.121115 0.334387 0.116822 0.334387
1 0.282968 0.061923 0.298890 0.061923 0.298890 0.066246 0.282968 0.066246
1 0.041981 0.531980 0.045987 0.531980 0.045987 0.547680 0.041981 0.547680
1 0.048949 0.368267 0.064916 0.368267 0.064916 0.372444 0.048949 0.372444
1 0.453655 0.685451 0.470465 0.685451 0.470465 0.689764 0.453655 0.689764
1 0.480345 0.578609 0.484590 0.578609 0.484590 0.595045 0.480345 0.595045
1 0.357671 0.061897 0.373677 0.061897 0.373677 0.066821 0.357671 0.066821
1 0.116599 0.446797 0.120629 0.446797 0.120629 0.462288 0.116599 0.462288
1 0.355387 0.679762 0.370666 0.679762 0.370666 0.684025 0.355387 0.684025
1 0.042885 0.488777 0.046853 0.488777 0.046853 0.504204 0.042885 0.504204
1 0.222029 0.022670 0.226644 0.022670 0.226644 0.038431 0.222029 0.038431
1 0.295850 0.744764 0.300831 0.744764 0.300831 0.760967 0.295850 0.760967
1 0.116641 0.361277 0.120631 0.361277 0.120631 0.377036 0.116641 0.377036
1 0.117282 0.778397 0.121088 0.778397 0.121088 0.794455 0.117282 0.794455
1 0.341146 0.446970 0.345260 0.446970 0.345260 0.462476 0.341146 0.462476
1 0.192522 0.022645 0.196439 0.022645 0.196439 0.038500 0.192522 0.038500
1 0.042179 0.233614 0.046264 0.233614 0.046264 0.249589 0.042179 0.249589
1 0.341313 0.489889 0.345355 0.489889 0.345355 0.505397 0.341313 0.505397
1 0.071635 0.531793 0.075457 0.531793 0.075457 0.547785 0.071635 0.547785
1 0.117050 0.148613 0.121311 0.148613 0.121311 0.164271 0.117050 0.164271
1 0.221168 0.595776 0.225652 0.595776 0.225652 0.611576 0.221168 0.611576
1 0.116739 0.404214 0.120932 0.404214 0.120932 0.419812 0.116739 0.419812
1 0.116578 0.744929 0.120797 0.744929 0.120797 0.760100 0.116578 0.760100
1 0.042608 0.446043 0.046235 0.446043 0.046235 0.461581 0.042608 0.461581
1 0.467906 0.425965 0.471689 0.425965 0.471689 0.442270 0.467906 0.442270
1 0.437605 0.425886 0.441556 0.425886 0.441556 0.442043 0.437605 0.442043
1 0.296278 0.361201 0.300730 0.361201 0.300730 0.376807 0.296278 0.376807
1 0.117058 0.489792 0.121292 0.489792 0.121292 0.505286 0.117058 0.505286
1 0.116975 0.276391 0.121014 0.276391 0.121014 0.291742 0.116975 0.291742
1 0.371317 0.106384 0.375305 0.106384 0.375305 0.122216 0.371317 0.122216
1 0.266973 0.148798 0.271326 0.148798 0.271326 0.164479 0.266973 0.164479
1 0.341419 0.532573 0.345494 0.532573 0.345494 0.548315 0.341419 0.548315
1 0.036098 0.058140 0.052158 0.058140 0.052158 0.062275 0.036098 0.062275
1 0.042144 0.191300 0.046175 0.191300 0.046175 0.206954 0.042144 0.206954
1 0.341199 0.404200 0.344960 0.404200 0.344960 0.419859 0.341199 0.419859
1 0.191530 0.446873 0.195711 0.446873 0.195711 0.462479 0.191530 0.462479
1 0.041613 0.659477 0.045638 0.659477 0.045638 0.675352 0.041613 0.675352
1 0.191544 0.532385 0.195811 0.532385 0.195811 0.548056 0.191544 0.548056
1 0.071101 0.147480 0.075461 0.147480 0.075461 0.163327 0.071101 0.163327
1 0.340981 0.617441 0.345125 0.617441 0.345125 0.633287 0.340981 0.633287
1 0.370557 0.404054 0.375003 0.404054 0.375003 0.420185 0.370557 0.420185
1 0.117160 0.532273 0.121156 0.532273 0.121156 0.547765 0.117160 0.547765
1 0.341247 0.575090 0.345112 0.575090 0.345112 0.590837 0.341247 0.590837
1 0.117161 0.234019 0.121107 0.234019 0.121107 0.249459 0.117161 0.249459
1 0.042277 0.744454 0.046288 0.744454 0.046288 0.760053 0.042277 0.760053
1 0.266561 0.532685 0.270489 0.532685 0.270489 0.547846 0.266561 0.547846
1 0.116530 0.702085 0.120747 0.702085 0.120747 0.717800 0.116530 0.717800
1 0.221351 0.446713 0.225582 0.446713 0.225582 0.462456 0.221351 0.462456
1 0.071994 0.445915 0.075767 0.445915 0.075767 0.461761 0.071994 0.461761
1 0.266092 0.105672 0.270375 0.105672 0.270375 0.121385 0.266092 0.121385
1 0.071165 0.275613 0.075128 0.275613 0.075128 0.291439 0.071165 0.291439
1 0.371206 0.532320 0.375356 0.532320 0.375356 0.548437 0.371206 0.548437
1 0.341129 0.702469 0.345462 0.702469 0.345462 0.718362 0.341129 0.718362
1 0.371106 0.702430 0.375622 0.702430 0.375622 0.718142 0.371106 0.718142
1 0.117441 0.573843 0.121261 0.573843 0.121261 0.589371 0.117441 0.589371
1 0.266325 0.404252 0.270311 0.404252 0.270311 0.419588 0.266325 0.419588
1 0.041703 0.787038 0.045841 0.787038 0.045841 0.802827 0.041703 0.802827
1 0.371232 0.745103 0.375093 0.745103 0.375093 0.761156 0.371232 0.761156
1 0.370878 0.617305 0.375348 0.617305 0.375348 0.633213 0.370878 0.633213
1 0.146659 0.778588 0.150806 0.778588 0.150806 0.794663 0.146659 0.794663
1 0.191448 0.745077 0.195565 0.745077 0.195565 0.760471 0.191448 0.760471
1 0.341086 0.745266 0.345333 0.745266 0.345333 0.761048 0.341086 0.761048
1 0.221483 0.532220 0.225814 0.532220 0.225814 0.548124 0.221483 0.548124
1 0.117366 0.616930 0.121244 0.616930 0.121244 0.632342 0.117366 0.632342
1 0.266479 0.490101 0.270375 0.490101 0.270375 0.505543 0.266479 0.505543
1 0.296796 0.319141 0.301055 0.319141 0.301055 0.334741 0.296796 0.334741
1 0.191429 0.404219 0.195527 0.404219 0.195527 0.419814 0.191429 0.419814
1 0.371296 0.778696 0.375307 0.778696 0.375307 0.795034 0.371296 0.795034
1 0.371140 0.446770 0.375315 0.446770 0.375315 0.462525 0.371140 0.462525
1 0.221231 0.404079 0.225541 0.404079 0.225541 0.419790 0.221231 0.419790
1 0.071604 0.786967 0.075301 0.786967 0.075301 0.802819 0.071604 0.802819
1 0.296890 0.276232 0.301150 0.276232 0.301150 0.291946 0.296890 0.291946
1 0.221291 0.558100 0.225854 0.558100 0.225854 0.573978 0.221291 0.573978
1 0.341296 0.361846 0.345105 0.361846 0.345105 0.377164 0.341296 0.377164
1 0.192178 0.148801 0.196025 0.148801 0.196025 0.164357 0.192178 0.164357
1 0.266925 0.234259 0.270746 0.234259 0.270746 0.249607 0.266925 0.249607
1 0.266373 0.447134 0.270244 0.447134 0.270244 0.462475 0.266373 0.462475
1 0.267042 0.361413 0.270696 0.361413 0.270696 0.376890 0.267042 0.376890
1 0.451310 0.578907 0.455308 0.578907 0.455308 0.594775 0.451310 0.594775
1 0.191863 0.705254 0.196225 0.705254 0.196225 0.721138 0.191863 0.721138
1 0.191692 0.319062 0.195620 0.319062 0.195620 0.334541 0.191692 0.334541
1 0.191623 0.489779 0.195905 0.489779 0.195905 0.505430 0.191623 0.505430
1 0.296072 0.489778 0.300343 0.489778 0.300343 0.505596 0.296072 0.505596
1 0.371340 0.148782 0.375577 0.148782 0.375577 0.164656 0.371340 0.164656
1 0.371231 0.489805 0.375292 0.489805 0.375292 0.505619 0.371231 0.505619
1 0.191640 0.787095 0.195405 0.787095 0.195405 0.803381 0.191640 0.803381
1 0.266578 0.575049 0.270295 0.575049 0.270295 0.590537 0.266578 0.590537
1 0.041804 0.701925 0.045758 0.701925 0.045758 0.717918 0.041804 0.717918
1 0.221500 0.361407 0.225721 0.361407 0.225721 0.377236 0.221500 0.377236
1 0.266121 0.745021 0.270198 0.745021 0.270198 0.760572 0.266121 0.760572
1 0.295915 0.446756 0.300150 0.446756 0.300150 0.462448 0.295915 0.462448
1 0.071521 0.659192 0.075757 0.659192 0.075757 0.675143 0.071521 0.675143
1 0.222624 0.070151 0.226529 0.070151 0.226529 0.086076 0.222624 0.086076
1 0.341935 0.148969 0.345961 0.148969 0.345961 0.164568 0.341935 0.164568
1 0.296226 0.532245 0.300297 0.532245 0.300297 0.548218 0.296226 0.548218
1 0.371115 0.574955 0.375389 0.574955 0.375389 0.590985 0.371115 0.590985
1 0.070897 0.404740 0.074863 0.404740 0.074863 0.420624 0.070897 0.420624
1 0.371109 0.191485 0.375183 0.191485 0.375183 0.207500 0.371109 0.207500
1 0.192426 0.106070 0.196077 0.106070 0.196077 0.121591 0.192426 0.121591
1 0.191775 0.361574 0.195870 0.361574 0.195870 0.377118 0.191775 0.377118
1 0.267291 0.319373 0.271287 0.319373 0.271287 0.334638 0.267291 0.334638
1 0.221621 0.489614 0.225771 0.489614 0.225771 0.505461 0.221621 0.505461
1 0.191981 0.233939 0.195933 0.233939 0.195933 0.249570 0.191981 0.249570
1 0.295945 0.105644 0.299622 0.105644 0.299622 0.121133 0.295945 0.121133
1 0.296011 0.404018 0.300302 0.404018 0.300302 0.420085 0.296011 0.420085
1 0.295982 0.574903 0.299922 0.574903 0.299922 0.590615 0.295982 0.590615
1 0.296283 0.191276 0.300633 0.191276 0.300633 0.207101 0.296283 0.207101
1 0.296433 0.233811 0.300421 0.233811 0.300421 0.249714 0.296433 0.249714
1 0.192090 0.191313 0.195907 0.191313 0.195907 0.206949 0.192090 0.206949
1 0.371037 0.318895 0.375138 0.318895 0.375138 0.334668 0.371037 0.334668
1 0.221303 0.318884 0.225573 0.318884 0.225573 0.334774 0.221303 0.334774
1 0.071851 0.191046 0.075668 0.191046 0.075668 0.206943 0.071851 0.206943
1 0.296955 0.148705 0.300875 0.148705 0.300875 0.164361 0.296955 0.164361
1 0.221880 0.106227 0.225915 0.106227 0.225915 0.121934 0.221880 0.121934
1 0.146771 0.148528 0.151057 0.148528 0.151057 0.164242 0.146771 0.164242
1 0.221771 0.276303 0.225980 0.276303 0.225980 0.292103 0.221771 0.292103
1 0.221550 0.233850 0.225728 0.233850 0.225728 0.249722 0.221550 0.249722
1 0.341459 0.318989 0.345251 0.318989 0.345251 0.334633 0.341459 0.334633
1 0.295663 0.787179 0.299733 0.787179 0.299733 0.803453 0.295663 0.803453
1 0.221721 0.148720 0.225904 0.148720 0.225904 0.164278 0.221721 0.164278
1 0.221354 0.744809 0.225614 0.744809 0.225614 0.760603 0.221354 0.760603
1 0.191883 0.276364 0.195819 0.276364 0.195819 0.291976 0.191883 0.291976
1 0.146251 0.702130 0.150896 0.702130 0.150896 0.717573 0.146251 0.717573
1 0.371204 0.361392 0.375220 0.361392 0.375220 0.377360 0.371204 0.377360
1 0.072488 0.488323 0.076167 0.488323 0.076167 0.504308 0.072488 0.504308
1 0.371481 0.276206 0.375341 0.276206 0.375341 0.292304 0.371481 0.292304
1 0.117340 0.191381 0.121281 0.191381 0.121281 0.206559 0.117340 0.206559
1 0.266290 0.787403 0.269945 0.787403 0.269945 0.803558 0.266290 0.803558
1 0.221655 0.191224 0.225742 0.191224 0.225742 0.206931 0.221655 0.206931
1 0.146240 0.361411 0.150709 0.361411 0.150709 0.376732 0.146240 0.376732
1 0.071439 0.701773 0.075391 0.701773 0.075391 0.717786 0.071439 0.717786
1 0.266782 0.191584 0.270498 0.191584 0.270498 0.206823 0.266782 0.206823
1 0.221856 0.705134 0.225939 0.705134 0.225939 0.720947 0.221856 0.720947
1 0.041175 0.147768 0.045105 0.147768 0.045105 0.163359 0.041175 0.163359
1 0.146684 0.617138 0.150859 0.617138 0.150859 0.632520 0.146684 0.632520
1 0.371451 0.233763 0.375172 0.233763 0.375172 0.250011 0.371451 0.250011
1 0.146705 0.573928 0.150911 0.573928 0.150911 0.589445 0.146705 0.589445
1 0.146753 0.191270 0.150821 0.191270 0.150821 0.206779 0.146753 0.206779
1 0.035919 0.087818 0.052002 0.087818 0.052002 0.092123 0.035919 0.092123
1 0.221121 0.787125 0.225324 0.787125 0.225324 0.803206 0.221121 0.803206
1 0.341512 0.276527 0.345537 0.276527 0.345537 0.292316 0.341512 0.292316
1 0.146835 0.489701 0.150843 0.489701 0.150843 0.505487 0.146835 0.505487
1 0.146670 0.233858 0.150800 0.233858 0.150800 0.249476 0.146670 0.249476
1 0.146548 0.276233 0.150824 0.276233 0.150824 0.291692 0.146548 0.291692
1 0.041124 0.405095 0.045090 0.405095 0.045090 0.420715 0.041124 0.420715
1 0.267250 0.276622 0.271207 0.276622 0.271207 0.292116 0.267250 0.292116
1 0.071996 0.233675 0.075487 0.233675 0.075487 0.249438 0.071996 0.249438
1 0.341581 0.778825 0.345632 0.778825 0.345632 0.794932 0.341581 0.794932
1 0.146398 0.532105 0.150694 0.532105 0.150694 0.547881 0.146398 0.547881
1 0.146287 0.446701 0.150474 0.446701 0.150474 0.462128 0.146287 0.462128
1 0.072057 0.744235 0.076018 0.744235 0.076018 0.760103 0.072057 0.760103
1 0.341589 0.234025 0.345690 0.234025 0.345690 0.249974 0.341589 0.249974
1 0.146625 0.403979 0.150825 0.403979 0.150825 0.419718 0.146625 0.419718
1 0.146736 0.318977 0.150740 0.318977 0.150740 0.334382 0.146736 0.334382
1 0.192876 0.662010 0.208813 0.662010 0.208813 0.666287 0.192876 0.666287
0 0.906113 0.907457 0.958570 0.907457 0.958570 0.948593 0.906113 0.948593
1 0.146422 0.744811 0.150625 0.744811 0.150625 0.760346 0.146422 0.760346
1 0.341693 0.105939 0.345681 0.105939 0.345681 0.121771 0.341693 0.121771
1 0.276541 0.007214 0.294040 0.007214 0.294040 0.013096 0.276541 0.013096
1 0.200739 0.008629 0.217791 0.008629 0.217791 0.013022 0.200739 0.013022
1 0.049508 0.017862 0.066411 0.017862 0.066411 0.023074 0.049508 0.023074
