0 0.523366 0.177571 0.570631 0.177571 0.570631 0.197533 0.523366 0.197533
0 0.010507 0.695652 0.027893 0.695652 0.027893 0.705181 0.010507 0.705181
0 0.355228 0.834162 0.364398 0.834162 0.364398 0.839057 0.355228 0.839057
1 0.539983 0.161985 0.552914 0.161985 0.552914 0.177792 0.539983 0.177792
0 0.116942 0.834369 0.125903 0.834369 0.125903 0.839047 0.116942 0.839047
0 0.491684 0.834020 0.500720 0.834020 0.500720 0.839181 0.491684 0.839181
0 0.351212 0.694688 0.368905 0.694688 0.368905 0.704690 0.351212 0.704690
0 0.214193 0.695092 0.231584 0.695092 0.231584 0.705015 0.214193 0.705015
1 0.523893 0.197716 0.536986 0.197716 0.536986 0.212866 0.523893 0.212866
0 0.146285 0.695324 0.163547 0.695324 0.163547 0.704715 0.146285 0.704715
1 0.150978 0.162089 0.164895 0.162089 0.164895 0.177708 0.150978 0.177708
0 0.044404 0.695623 0.061484 0.695623 0.061484 0.704951 0.044404 0.704951
1 0.361801 0.197779 0.375190 0.197779 0.375190 0.212771 0.361801 0.212771
1 0.329423 0.197534 0.342792 0.197534 0.342792 0.212889 0.329423 0.212889
1 0.345986 0.161762 0.358810 0.161762 0.358810 0.177415 0.345986 0.177415
0 0.385145 0.695399 0.402661 0.695399 0.402661 0.704938 0.385145 0.704938
0 0.589166 0.695329 0.607134 0.695329 0.607134 0.704669 0.589166 0.704669
0 0.520953 0.695208 0.538457 0.695208 0.538457 0.704615 0.520953 0.704615
0 0.486954 0.695402 0.504311 0.695402 0.504311 0.704702 0.486954 0.704702
0 0.316811 0.694608 0.334524 0.694608 0.334524 0.704906 0.316811 0.704906
0 0.593683 0.833804 0.602853 0.833804 0.602853 0.839009 0.593683 0.839009
1 0.167488 0.197979 0.181009 0.197979 0.181009 0.213183 0.167488 0.213183
0 0.218861 0.834736 0.228162 0.834736 0.228162 0.839372 0.218861 0.839372
0 0.452982 0.695351 0.470238 0.695351 0.470238 0.704755 0.452982 0.704755
0 0.419078 0.695498 0.436078 0.695498 0.436078 0.705039 0.419078 0.705039
0 0.554908 0.694838 0.572556 0.694838 0.572556 0.704750 0.554908 0.704750
0 0.078417 0.695451 0.095642 0.695451 0.095642 0.705042 0.078417 0.705042
0 0.623467 0.695483 0.640720 0.695483 0.640720 0.704638 0.623467 0.704638
0 0.253269 0.833965 0.262343 0.833965 0.262343 0.838969 0.253269 0.838969
0 0.321381 0.834561 0.330565 0.834561 0.330565 0.839190 0.321381 0.839190
0 0.283325 0.695366 0.300413 0.695366 0.300413 0.704751 0.283325 0.704751
0 0.657048 0.694729 0.674256 0.694729 0.674256 0.704554 0.657048 0.704554
0 0.180020 0.695267 0.197120 0.695267 0.197120 0.704775 0.180020 0.704775
0 0.184728 0.834798 0.193916 0.834798 0.193916 0.839334 0.184728 0.839334
0 0.457716 0.834501 0.466863 0.834501 0.466863 0.839087 0.457716 0.839087
1 0.135300 0.198540 0.148391 0.198540 0.148391 0.213133 0.135300 0.213133
1 0.555906 0.198107 0.569326 0.198107 0.569326 0.212786 0.555906 0.212786
0 0.389636 0.833832 0.398742 0.833832 0.398742 0.839518 0.389636 0.839518
0 0.559984 0.834291 0.568958 0.834291 0.568958 0.839057 0.559984 0.839057
0 0.083032 0.834712 0.091779 0.834712 0.091779 0.839239 0.083032 0.839239
0 0.111987 0.695406 0.129387 0.695406 0.129387 0.704847 0.111987 0.704847
0 0.661878 0.834527 0.670851 0.834527 0.670851 0.839237 0.661878 0.839237
0 0.423379 0.833914 0.432644 0.833914 0.432644 0.838968 0.423379 0.838968
0 0.048575 0.834340 0.057782 0.834340 0.057782 0.839324 0.048575 0.839324
0 0.627931 0.833909 0.637023 0.833909 0.637023 0.839204 0.627931 0.839204
0 0.525428 0.834299 0.534662 0.834299 0.534662 0.839359 0.525428 0.839359
0 0.014713 0.834088 0.023702 0.834088 0.023702 0.839239 0.014713 0.839239
0 0.287384 0.833964 0.296729 0.833964 0.296729 0.839155 0.287384 0.839155
1 0.673626 0.694803 0.678785 0.694803 0.678785 0.705478 0.673626 0.705478
0 0.150951 0.834380 0.159857 0.834380 0.159857 0.839344 0.150951 0.839344
1 0.163501 0.695443 0.168834 0.695443 0.168834 0.704976 0.163501 0.704976
1 0.061612 0.694957 0.066688 0.694957 0.066688 0.705822 0.061612 0.705822
1 0.300283 0.695137 0.304868 0.695137 0.304868 0.705058 0.300283 0.705058
1 0.537629 0.694715 0.542702 0.694715 0.542702 0.705221 0.537629 0.705221
1 0.244426 0.695203 0.249527 0.695203 0.249527 0.705561 0.244426 0.705561
1 0.129473 0.695324 0.134447 0.695324 0.134447 0.705413 0.129473 0.705413
1 0.005682 0.694666 0.010602 0.694666 0.010602 0.705401 0.005682 0.705401
1 0.435961 0.695549 0.441111 0.695549 0.441111 0.705698 0.435961 0.705698
1 0.334693 0.694551 0.339131 0.694551 0.339131 0.705263 0.334693 0.705263
1 0.584819 0.695094 0.589814 0.695094 0.589814 0.705489 0.584819 0.705489
1 0.265735 0.695758 0.270507 0.695758 0.270507 0.705701 0.265735 0.705701
1 0.346011 0.694572 0.351257 0.694572 0.351257 0.704529 0.346011 0.704529
1 0.640217 0.695185 0.644660 0.695185 0.644660 0.704749 0.640217 0.704749
1 0.209219 0.694744 0.214028 0.694744 0.214028 0.704988 0.209219 0.704988
1 0.503812 0.695055 0.508498 0.695055 0.508498 0.705616 0.503812 0.705616
1 0.483024 0.694982 0.487454 0.694982 0.487454 0.704944 0.483024 0.704944
1 0.107478 0.694878 0.111955 0.694878 0.111955 0.705057 0.107478 0.705057
1 0.381042 0.695343 0.385959 0.695343 0.385959 0.705340 0.381042 0.705340
1 0.027917 0.695596 0.032402 0.695596 0.032402 0.705885 0.027917 0.705885
1 0.402211 0.695201 0.406704 0.695201 0.406704 0.705194 0.402211 0.705194
1 0.619387 0.695123 0.623896 0.695123 0.623896 0.704813 0.619387 0.704813
0 0.248931 0.695526 0.266163 0.695526 0.266163 0.705028 0.248931 0.705028
1 0.311994 0.694632 0.316889 0.694632 0.316889 0.704632 0.311994 0.704632
1 0.231518 0.694931 0.236571 0.694931 0.236571 0.705333 0.231518 0.705333
1 0.215727 0.832684 0.218845 0.832684 0.218845 0.840912 0.215727 0.840912
1 0.448655 0.694878 0.453058 0.694878 0.453058 0.704563 0.448655 0.704563
1 0.653263 0.695335 0.657621 0.695335 0.657621 0.704527 0.653263 0.704527
1 0.488251 0.832459 0.491730 0.832459 0.491730 0.840755 0.488251 0.840755
1 0.073801 0.695045 0.078235 0.695045 0.078235 0.705149 0.073801 0.705149
1 0.249502 0.832528 0.253237 0.832528 0.253237 0.840843 0.249502 0.840843
1 0.470011 0.694964 0.474537 0.694964 0.474537 0.705255 0.470011 0.705255
1 0.606483 0.695067 0.611132 0.695067 0.611132 0.704946 0.606483 0.704946
1 0.590122 0.832404 0.593641 0.832404 0.593641 0.840755 0.590122 0.840755
1 0.351300 0.832123 0.355186 0.832123 0.355186 0.841035 0.351300 0.841035
1 0.624289 0.832584 0.627784 0.832584 0.627784 0.840492 0.624289 0.840492
1 0.572061 0.695176 0.576825 0.695176 0.576825 0.705551 0.572061 0.705551
1 0.636912 0.832460 0.639838 0.832460 0.639838 0.840125 0.636912 0.840125
1 0.011319 0.832996 0.014721 0.832996 0.014721 0.840814 0.011319 0.840814
1 0.398661 0.832622 0.401732 0.832622 0.401732 0.840511 0.398661 0.840511
1 0.368832 0.694696 0.373423 0.694696 0.373423 0.704896 0.368832 0.704896
1 0.113541 0.832649 0.116919 0.832649 0.116919 0.840999 0.113541 0.840999
1 0.317753 0.832325 0.321324 0.832325 0.321324 0.841040 0.317753 0.841040
1 0.500546 0.832264 0.503912 0.832264 0.503912 0.840035 0.500546 0.840035
1 0.262340 0.832322 0.265463 0.832322 0.265463 0.840117 0.262340 0.840117
1 0.386129 0.832540 0.389507 0.832540 0.389507 0.840380 0.386129 0.840380
1 0.556284 0.832221 0.559846 0.832221 0.559846 0.840494 0.556284 0.840494
1 0.516796 0.695226 0.521014 0.695226 0.521014 0.705060 0.516796 0.705060
1 0.079511 0.832714 0.083003 0.832714 0.083003 0.840676 0.079511 0.840676
1 0.453994 0.832259 0.457597 0.832259 0.457597 0.840432 0.453994 0.840432
1 0.023560 0.832948 0.026783 0.832948 0.026783 0.840182 0.023560 0.840182
1 0.125887 0.832692 0.129110 0.832692 0.129110 0.840418 0.125887 0.840418
1 0.040359 0.695426 0.044376 0.695426 0.044376 0.705481 0.040359 0.705481
1 0.147512 0.833117 0.150909 0.833117 0.150909 0.840297 0.147512 0.840297
1 0.175840 0.695146 0.179939 0.695146 0.179939 0.704344 0.175840 0.704344
1 0.671016 0.832354 0.674136 0.832354 0.674136 0.840704 0.671016 0.840704
1 0.534785 0.832394 0.538163 0.832394 0.538163 0.840186 0.534785 0.840186
1 0.160034 0.832944 0.162817 0.832944 0.162817 0.840793 0.160034 0.840793
1 0.181206 0.832589 0.184599 0.832589 0.184599 0.840857 0.181206 0.840857
1 0.364508 0.832207 0.367867 0.832207 0.367867 0.840229 0.364508 0.840229
1 0.414734 0.695444 0.418953 0.695444 0.418953 0.705141 0.414734 0.705141
1 0.278963 0.694953 0.283569 0.694953 0.283569 0.705105 0.278963 0.705105
1 0.296674 0.832713 0.299755 0.832713 0.299755 0.840116 0.296674 0.840116
1 0.228125 0.832477 0.231481 0.832477 0.231481 0.840804 0.228125 0.840804
1 0.602910 0.832497 0.605926 0.832497 0.605926 0.840367 0.602910 0.840367
0 0.329374 0.177232 0.376116 0.177232 0.376116 0.197343 0.329374 0.197343
1 0.095626 0.695177 0.100601 0.695177 0.100601 0.705521 0.095626 0.705521
1 0.057897 0.832737 0.061103 0.832737 0.061103 0.840727 0.057897 0.840727
1 0.197195 0.694645 0.202129 0.694645 0.202129 0.705752 0.197195 0.705752
1 0.284091 0.833003 0.287472 0.833003 0.287472 0.840396 0.284091 0.840396
1 0.466846 0.832361 0.469604 0.832361 0.469604 0.840318 0.466846 0.840318
0 0.134685 0.177270 0.182333 0.177270 0.182333 0.197895 0.134685 0.197895
1 0.658135 0.832329 0.661655 0.832329 0.661655 0.840671 0.658135 0.840671
1 0.550021 0.694165 0.554784 0.694165 0.554784 0.704540 0.550021 0.704540
1 0.568934 0.832278 0.571921 0.832278 0.571921 0.840591 0.568934 0.840591
1 0.522049 0.832545 0.525300 0.832545 0.525300 0.840366 0.522049 0.840366
1 0.141103 0.695000 0.146435 0.695000 0.146435 0.704533 0.141103 0.704533
1 0.045508 0.832966 0.048442 0.832966 0.048442 0.840456 0.045508 0.840456
1 0.091864 0.832842 0.094647 0.832842 0.094647 0.840734 0.091864 0.840734
1 0.193929 0.832659 0.196670 0.832659 0.196670 0.840779 0.193929 0.840779
1 0.330699 0.832633 0.333571 0.832633 0.333571 0.840559 0.330699 0.840559
1 0.420194 0.832399 0.423265 0.832399 0.423265 0.840288 0.420194 0.840288
1 0.432798 0.832455 0.435547 0.832455 0.435547 0.840559 0.432798 0.840559
