0 0.326049 0.104374 0.373449 0.104374 0.373449 0.150816 0.326049 0.150816
0 0.099109 0.086335 0.124750 0.086335 0.124750 0.100733 0.099109 0.100733
0 0.178461 0.218850 0.194733 0.218850 0.194733 0.228035 0.178461 0.228035
0 0.007753 0.094734 0.020950 0.094734 0.020950 0.119814 0.007753 0.119814
0 0.058975 0.051277 0.084765 0.051277 0.084765 0.102298 0.058975 0.102298
0 0.035493 0.014142 0.047934 0.014142 0.047934 0.039613 0.035493 0.039613
0 0.273706 0.339122 0.292073 0.339122 0.292073 0.371197 0.273706 0.371197
0 0.100161 0.405682 0.182435 0.405682 0.182435 0.475841 0.100161 0.475841
0 0.078235 0.126364 0.129371 0.126364 0.129371 0.152561 0.078235 0.152561
0 0.316127 0.246430 0.393286 0.246430 0.393286 0.299883 0.316127 0.299883
0 0.385134 0.106842 0.409225 0.106842 0.409225 0.119708 0.385134 0.119708
0 0.094118 0.015014 0.121079 0.015014 0.121079 0.067138 0.094118 0.067138
0 0.238638 0.096553 0.248509 0.096553 0.248509 0.113507 0.238638 0.113507
0 0.385145 0.136910 0.409565 0.136910 0.409565 0.149824 0.385145 0.149824
0 0.197071 0.362563 0.206249 0.362563 0.206249 0.378750 0.197071 0.378750
0 0.075144 0.508522 0.091766 0.508522 0.091766 0.517803 0.075144 0.517803
0 0.435069 0.295280 0.447773 0.295280 0.447773 0.319419 0.435069 0.319419
0 0.141235 0.272052 0.150303 0.272052 0.150303 0.287931 0.141235 0.287931
0 0.219116 0.083230 0.228724 0.083230 0.228724 0.099622 0.219116 0.099622
0 0.285999 0.178820 0.302701 0.178820 0.302701 0.188318 0.285999 0.188318
0 0.070625 0.454561 0.087464 0.454561 0.087464 0.463657 0.070625 0.463657
0 0.122192 0.271980 0.130368 0.271980 0.130368 0.287517 0.122192 0.287517
0 0.121960 0.308545 0.130579 0.308545 0.130579 0.324298 0.121960 0.324298
0 0.078221 0.474910 0.087747 0.474910 0.087747 0.491925 0.078221 0.491925
0 0.303775 0.105804 0.311875 0.105804 0.311875 0.121343 0.303775 0.121343
0 0.070210 0.420377 0.086616 0.420377 0.086616 0.429596 0.070210 0.429596
0 0.102954 0.308797 0.111541 0.308797 0.111541 0.324659 0.102954 0.324659
0 0.149918 0.352157 0.165270 0.352157 0.165270 0.360235 0.149918 0.360235
0 0.303992 0.134688 0.312047 0.134688 0.312047 0.150718 0.303992 0.150718
0 0.162222 0.271264 0.172588 0.271264 0.172588 0.288271 0.162222 0.288271
0 0.224717 0.287102 0.241297 0.287102 0.241297 0.296027 0.224717 0.296027
0 0.070398 0.438276 0.086656 0.438276 0.086656 0.447209 0.070398 0.447209
0 0.302999 0.434840 0.319448 0.434840 0.319448 0.443467 0.302999 0.443467
0 0.249021 0.425490 0.258179 0.425490 0.258179 0.441970 0.249021 0.441970
0 0.232454 0.425329 0.241663 0.425329 0.241663 0.441833 0.232454 0.441833
0 0.379785 0.845508 0.482535 0.845508 0.482535 0.944183 0.379785 0.944183
0 0.174678 0.802643 0.199369 0.802643 0.199369 0.815561 0.174678 0.815561
0 0.017571 0.502685 0.042367 0.502685 0.042367 0.515825 0.017571 0.515825
0 0.029056 0.555371 0.041760 0.555371 0.041760 0.580505 0.029056 0.580505
0 0.364152 0.792125 0.376802 0.792125 0.376802 0.817101 0.364152 0.817101
0 0.363206 0.750861 0.377121 0.750861 0.377121 0.776675 0.363206 0.776675
0 0.258115 0.836194 0.361156 0.836194 0.361156 0.935160 0.258115 0.935160
0 0.044725 0.656373 0.059105 0.656373 0.059105 0.682180 0.044725 0.682180
0 0.192601 0.766423 0.245860 0.766423 0.245860 0.793232 0.192601 0.793232
0 0.017703 0.526229 0.043468 0.526229 0.043468 0.539878 0.017703 0.539878
0 0.022622 0.656605 0.036859 0.656605 0.036859 0.682374 0.022622 0.682374
0 0.324153 0.747060 0.350318 0.747060 0.350318 0.761915 0.324153 0.761915
0 0.371483 0.722986 0.397151 0.722986 0.397151 0.738193 0.371483 0.738193
0 0.229004 0.803029 0.253304 0.803029 0.253304 0.815824 0.229004 0.815824
0 0.305358 0.763143 0.314150 0.763143 0.314150 0.779936 0.305358 0.779936
0 0.112462 0.893974 0.138455 0.893974 0.138455 0.908950 0.112462 0.908950
0 0.050761 0.559156 0.063586 0.559156 0.063586 0.584622 0.050761 0.584622
0 0.066396 0.656672 0.081643 0.656672 0.081643 0.682110 0.066396 0.682110
0 0.171083 0.839104 0.241815 0.839104 0.241815 0.959028 0.171083 0.959028
0 0.005774 0.564772 0.018787 0.564772 0.018787 0.590371 0.005774 0.590371
0 0.100675 0.557188 0.116771 0.557188 0.116771 0.565864 0.100675 0.565864
0 0.114220 0.817501 0.158366 0.817501 0.158366 0.867449 0.114220 0.867449
0 0.795732 0.228781 0.821269 0.228781 0.821269 0.242446 0.795732 0.242446
0 0.812220 0.371194 0.839227 0.371194 0.839227 0.386099 0.812220 0.386099
0 0.811953 0.071930 0.838917 0.071930 0.838917 0.086860 0.811953 0.086860
0 0.812331 0.250517 0.839072 0.250517 0.839072 0.264812 0.812331 0.264812
0 0.940026 0.414252 0.967166 0.414252 0.967166 0.428988 0.940026 0.428988
0 0.680073 0.393441 0.694592 0.393441 0.694592 0.419691 0.680073 0.419691
0 0.940031 0.029035 0.967119 0.029035 0.967119 0.043986 0.940031 0.043986
0 0.812507 0.329122 0.839217 0.329122 0.839217 0.343955 0.812507 0.343955
0 0.812380 0.402584 0.839233 0.402584 0.839233 0.417028 0.812380 0.417028
0 0.812992 0.115644 0.837801 0.115644 0.837801 0.128725 0.812992 0.128725
0 0.811584 0.029119 0.838246 0.029119 0.838246 0.044066 0.811584 0.044066
0 0.521808 0.245654 0.548046 0.245654 0.548046 0.296746 0.521808 0.296746
0 0.941023 0.115490 0.966265 0.115490 0.966265 0.128665 0.941023 0.128665
0 0.558055 0.250097 0.584166 0.250097 0.584166 0.300662 0.558055 0.300662
0 0.940407 0.369815 0.967243 0.369815 0.967243 0.384475 0.940407 0.384475
0 0.940468 0.325084 0.967478 0.325084 0.967478 0.339921 0.940468 0.339921
0 0.640922 0.425370 0.668379 0.425370 0.668379 0.478211 0.640922 0.478211
0 0.532417 0.328265 0.558104 0.328265 0.558104 0.341650 0.532417 0.341650
0 0.496753 0.294898 0.510339 0.294898 0.510339 0.320480 0.496753 0.320480
0 0.940714 0.456342 0.967576 0.456342 0.967576 0.471318 0.940714 0.471318
0 0.940049 0.062380 0.966556 0.062380 0.966556 0.076882 0.940049 0.076882
0 0.940297 0.242899 0.967491 0.242899 0.967491 0.257548 0.940297 0.257548
0 0.666722 0.046785 0.693634 0.046785 0.693634 0.061326 0.666722 0.061326
0 0.496842 0.252866 0.511421 0.252866 0.511421 0.280415 0.496842 0.280415
0 0.627444 0.245174 0.646324 0.245174 0.646324 0.292094 0.627444 0.292094
0 0.939830 0.670634 0.966813 0.670634 0.966813 0.685359 0.939830 0.685359
0 0.660549 0.500127 0.687399 0.500127 0.687399 0.514690 0.660549 0.514690
0 0.674422 0.930824 0.689251 0.930824 0.689251 0.957528 0.674422 0.957528
0 0.760965 0.907376 0.775588 0.907376 0.775588 0.933950 0.760965 0.933950
0 0.678680 0.590994 0.693284 0.590994 0.693284 0.617759 0.678680 0.617759
0 0.811760 0.671834 0.838689 0.671834 0.838689 0.686370 0.811760 0.686370
0 0.794704 0.699653 0.821754 0.699653 0.821754 0.714380 0.794704 0.714380
0 0.940669 0.499564 0.967904 0.499564 0.967904 0.514467 0.940669 0.514467
0 0.812494 0.583289 0.839540 0.583289 0.839540 0.598067 0.812494 0.598067
0 0.812361 0.541650 0.839426 0.541650 0.839426 0.556434 0.812361 0.556434
0 0.861992 0.907131 0.876600 0.907131 0.876600 0.933593 0.861992 0.933593
0 0.794598 0.721369 0.821694 0.721369 0.821694 0.736030 0.794598 0.736030
0 0.660762 0.808176 0.674941 0.808176 0.674941 0.834790 0.660762 0.834790
0 0.862391 0.864420 0.877153 0.864420 0.877153 0.890790 0.862391 0.890790
0 0.667304 0.542073 0.694114 0.542073 0.694114 0.556902 0.667304 0.556902
0 0.874294 0.758568 0.888632 0.758568 0.888632 0.784825 0.874294 0.784825
0 0.939266 0.708482 0.954039 0.708482 0.954039 0.734783 0.939266 0.734783
0 0.506433 0.957252 0.558272 0.957252 0.558272 0.984578 0.506433 0.984578
0 0.497716 0.919759 0.510792 0.919759 0.510792 0.945751 0.497716 0.945751
0 0.537182 0.928788 0.546971 0.928788 0.546971 0.945932 0.537182 0.945932
0 0.815185 0.767844 0.862418 0.767844 0.862418 0.787921 0.815185 0.787921
0 0.519664 0.929050 0.527816 0.929050 0.527816 0.944844 0.519664 0.944844
0 0.621381 0.735998 0.664755 0.735998 0.664755 0.784854 0.621381 0.784854
1 0.057512 0.039418 0.086096 0.039418 0.086096 0.050084 0.057512 0.050084
1 0.066340 0.125352 0.077369 0.125352 0.077369 0.154060 0.066340 0.154060
1 0.057956 0.102928 0.086226 0.102928 0.086226 0.114310 0.057956 0.114310
1 0.130045 0.125446 0.140882 0.125446 0.140882 0.153940 0.130045 0.153940
1 0.094334 0.068225 0.122478 0.068225 0.122478 0.079013 0.094334 0.079013
1 0.125003 0.085356 0.128622 0.085356 0.128622 0.101436 0.125003 0.101436
1 0.091765 0.001897 0.123679 0.001897 0.123679 0.013402 0.091765 0.013402
1 0.005719 0.089957 0.022951 0.089957 0.022951 0.094388 0.005719 0.094388
1 0.033902 0.009181 0.049684 0.009181 0.049684 0.013663 0.033902 0.013663
1 0.033858 0.040228 0.049935 0.040228 0.049935 0.044212 0.033858 0.044212
1 0.094708 0.085176 0.098825 0.085176 0.098825 0.101582 0.094708 0.101582
1 0.006248 0.120199 0.022331 0.120199 0.022331 0.124581 0.006248 0.124581
1 0.219942 0.079803 0.228687 0.079803 0.228687 0.083228 0.219942 0.083228
1 0.238991 0.093600 0.247612 0.093600 0.247612 0.096600 0.238991 0.096600
1 0.174397 0.219348 0.177976 0.219348 0.177976 0.228857 0.174397 0.228857
1 0.219416 0.099858 0.228863 0.099858 0.228863 0.103287 0.219416 0.103287
1 0.239017 0.113667 0.247903 0.113667 0.247903 0.116831 0.239017 0.116831
1 0.195082 0.218836 0.199023 0.218836 0.199023 0.227964 0.195082 0.227964
1 0.104588 0.377135 0.111707 0.377135 0.111707 0.405452 0.104588 0.405452
1 0.137501 0.375828 0.144825 0.375828 0.144825 0.405461 0.137501 0.405461
1 0.115150 0.376260 0.122365 0.376260 0.122365 0.405442 0.115150 0.405442
1 0.170695 0.375757 0.177490 0.375757 0.177490 0.405300 0.170695 0.405300
1 0.126123 0.375749 0.133653 0.375749 0.133653 0.405368 0.126123 0.405368
1 0.148583 0.375598 0.155799 0.375598 0.155799 0.405264 0.148583 0.405264
1 0.171081 0.477088 0.177683 0.477088 0.177683 0.507112 0.171081 0.507112
1 0.137560 0.477198 0.144934 0.477198 0.144934 0.507828 0.137560 0.507828
1 0.126407 0.477364 0.133793 0.477364 0.133793 0.507755 0.126407 0.507755
1 0.115510 0.477425 0.122727 0.477425 0.122727 0.507508 0.115510 0.507508
1 0.104807 0.477282 0.111493 0.477282 0.111493 0.507583 0.104807 0.507583
1 0.148733 0.477255 0.156125 0.477255 0.156125 0.507814 0.148733 0.507814
1 0.159656 0.375745 0.166870 0.375745 0.166870 0.405044 0.159656 0.405044
1 0.159733 0.477473 0.167044 0.477473 0.167044 0.507248 0.159733 0.507248
1 0.141463 0.287861 0.149803 0.287861 0.149803 0.291131 0.141463 0.291131
1 0.196697 0.379112 0.206633 0.379112 0.206633 0.382859 0.196697 0.382859
1 0.078555 0.491777 0.087153 0.491777 0.087153 0.495076 0.078555 0.495076
1 0.102897 0.305012 0.111860 0.305012 0.111860 0.308453 0.102897 0.308453
1 0.122609 0.305041 0.130446 0.305041 0.130446 0.308316 0.122609 0.308316
1 0.165884 0.352321 0.168705 0.352321 0.168705 0.360463 0.165884 0.360463
1 0.221481 0.287478 0.225091 0.287478 0.225091 0.295683 0.221481 0.295683
1 0.121828 0.324291 0.130932 0.324291 0.130932 0.327694 0.121828 0.327694
1 0.102497 0.324651 0.111940 0.324651 0.111940 0.328001 0.102497 0.328001
1 0.163240 0.288217 0.171807 0.288217 0.171807 0.291356 0.163240 0.291356
1 0.233136 0.421889 0.241643 0.421889 0.241643 0.425299 0.233136 0.425299
1 0.066389 0.420930 0.069831 0.420930 0.069831 0.429088 0.066389 0.429088
1 0.232163 0.441985 0.242379 0.441985 0.242379 0.446040 0.232163 0.446040
1 0.122806 0.287605 0.130114 0.287605 0.130114 0.290395 0.122806 0.290395
1 0.122409 0.268230 0.130058 0.268230 0.130058 0.271553 0.122409 0.271553
1 0.086897 0.438555 0.090577 0.438555 0.090577 0.446973 0.086897 0.446973
1 0.162878 0.267919 0.171839 0.267919 0.171839 0.271219 0.162878 0.271219
1 0.146567 0.352464 0.149521 0.352464 0.149521 0.360178 0.146567 0.360178
1 0.197192 0.358456 0.206353 0.358456 0.206353 0.362278 0.197192 0.362278
1 0.141522 0.268403 0.149649 0.268403 0.149649 0.271926 0.141522 0.271926
1 0.087625 0.454777 0.090775 0.454777 0.090775 0.463372 0.087625 0.463372
1 0.078433 0.471186 0.086964 0.471186 0.086964 0.475063 0.078433 0.475063
1 0.067101 0.438431 0.070264 0.438431 0.070264 0.446961 0.067101 0.446961
1 0.067527 0.454741 0.070041 0.454741 0.070041 0.463417 0.067527 0.463417
1 0.241333 0.287007 0.244548 0.287007 0.244548 0.295556 0.241333 0.295556
1 0.086865 0.420221 0.090607 0.420221 0.090607 0.428973 0.086865 0.428973
1 0.043551 0.651667 0.059769 0.651667 0.059769 0.656015 0.043551 0.656015
1 0.027149 0.550247 0.043329 0.550247 0.043329 0.555040 0.027149 0.555040
1 0.042322 0.500603 0.047814 0.500603 0.047814 0.517735 0.042322 0.517735
1 0.021369 0.651896 0.037662 0.651896 0.037662 0.656393 0.021369 0.656393
1 0.026804 0.580887 0.043446 0.580887 0.043446 0.585219 0.026804 0.585219
1 0.003581 0.560362 0.020259 0.560362 0.020259 0.564393 0.003581 0.564393
1 0.049088 0.554471 0.065405 0.554471 0.065405 0.558912 0.049088 0.558912
1 0.043566 0.524657 0.047365 0.524657 0.047365 0.540815 0.043566 0.540815
1 0.013056 0.501043 0.017221 0.501043 0.017221 0.517925 0.013056 0.517925
1 0.065418 0.651832 0.082112 0.651832 0.082112 0.656399 0.065418 0.656399
1 0.021327 0.682542 0.037679 0.682542 0.037679 0.687159 0.021327 0.687159
1 0.065543 0.682795 0.081924 0.682795 0.081924 0.687235 0.065543 0.687235
1 0.048920 0.585022 0.065097 0.585022 0.065097 0.589363 0.048920 0.589363
1 0.013194 0.524273 0.017457 0.524273 0.017457 0.541045 0.013194 0.541045
1 0.043759 0.682577 0.059880 0.682577 0.059880 0.687134 0.043759 0.687134
1 0.003826 0.590795 0.020566 0.590795 0.020566 0.594923 0.003826 0.594923
1 0.116741 0.556706 0.119802 0.556706 0.119802 0.565752 0.116741 0.565752
1 0.097081 0.557080 0.100505 0.557080 0.100505 0.565641 0.097081 0.565641
1 0.071602 0.508693 0.075045 0.508693 0.075045 0.517753 0.071602 0.517753
1 0.091420 0.509290 0.094563 0.509290 0.094563 0.517475 0.091420 0.517475
1 0.109004 0.802342 0.162192 0.802342 0.162192 0.816369 0.109004 0.816369
1 0.109032 0.867037 0.163103 0.867037 0.163103 0.880822 0.109032 0.880822
1 0.180261 0.762426 0.191935 0.762426 0.191935 0.794737 0.180261 0.794737
1 0.224082 0.800742 0.228945 0.800742 0.228945 0.817326 0.224082 0.817326
1 0.253872 0.800446 0.258426 0.800446 0.258426 0.817192 0.253872 0.817192
1 0.138677 0.893238 0.143842 0.893238 0.143842 0.909285 0.138677 0.909285
1 0.199305 0.800945 0.204642 0.800945 0.204642 0.817326 0.199305 0.817326
1 0.107518 0.893058 0.112497 0.893058 0.112497 0.909609 0.107518 0.909609
1 0.169295 0.801052 0.174561 0.801052 0.174561 0.817301 0.169295 0.817301
1 0.166717 0.823386 0.246181 0.823386 0.246181 0.839104 0.166717 0.839104
1 0.169046 0.959319 0.248219 0.959319 0.248219 0.967760 0.169046 0.967760
1 0.329360 0.152107 0.336619 0.152107 0.336619 0.178270 0.329360 0.178270
1 0.350987 0.076332 0.358583 0.076332 0.358583 0.103447 0.350987 0.103447
1 0.361946 0.152212 0.369401 0.152212 0.369401 0.177727 0.361946 0.177727
1 0.373964 0.234247 0.404236 0.234247 0.404236 0.263937 0.373964 0.263937
1 0.304375 0.233480 0.334377 0.233480 0.334377 0.262481 0.304375 0.262481
1 0.361855 0.077234 0.369396 0.077234 0.369396 0.103136 0.361855 0.103136
1 0.329372 0.077573 0.336575 0.077573 0.336575 0.103106 0.329372 0.103106
1 0.351101 0.152073 0.358697 0.152073 0.358697 0.177628 0.351101 0.177628
1 0.339601 0.077293 0.347237 0.077293 0.347237 0.103043 0.339601 0.103043
1 0.339990 0.152238 0.347631 0.152238 0.347631 0.178515 0.339990 0.178515
1 0.380023 0.134897 0.384767 0.134897 0.384767 0.151733 0.380023 0.151733
1 0.380274 0.104675 0.384805 0.104675 0.384805 0.121911 0.380274 0.121911
1 0.409949 0.104701 0.413717 0.104701 0.413717 0.121023 0.409949 0.121023
1 0.409982 0.135390 0.413922 0.135390 0.413922 0.151888 0.409982 0.151888
1 0.304833 0.150955 0.311485 0.150955 0.311485 0.153338 0.304833 0.153338
1 0.282702 0.179371 0.285835 0.179371 0.285835 0.187958 0.282702 0.187958
1 0.302958 0.179283 0.306448 0.179283 0.306448 0.187988 0.302958 0.187988
1 0.304031 0.103373 0.311590 0.103373 0.311590 0.105925 0.304031 0.105925
1 0.304313 0.131434 0.311812 0.131434 0.311812 0.134647 0.304313 0.134647
1 0.304093 0.121810 0.311163 0.121810 0.311163 0.124804 0.304093 0.124804
1 0.374893 0.283024 0.404909 0.283024 0.404909 0.312761 0.374893 0.312761
1 0.304472 0.282451 0.334622 0.282451 0.334622 0.312041 0.304472 0.312041
1 0.256095 0.363728 0.273764 0.363728 0.273764 0.370538 0.256095 0.370538
1 0.292000 0.363527 0.310043 0.363527 0.310043 0.370598 0.292000 0.370598
1 0.254958 0.341148 0.273773 0.341148 0.273773 0.348392 0.254958 0.348392
1 0.255361 0.352497 0.273826 0.352497 0.273826 0.359640 0.255361 0.359640
1 0.432933 0.290127 0.449345 0.290127 0.449345 0.294913 0.432933 0.294913
1 0.433040 0.320183 0.449665 0.320183 0.449665 0.324930 0.433040 0.324930
1 0.292169 0.352386 0.309245 0.352386 0.309245 0.359481 0.292169 0.359481
1 0.292463 0.341034 0.309686 0.341034 0.309686 0.348113 0.292463 0.348113
1 0.299255 0.434682 0.302539 0.434682 0.302539 0.443260 0.299255 0.443260
1 0.319315 0.435348 0.322223 0.435348 0.322223 0.443330 0.319315 0.443330
1 0.249084 0.422234 0.257966 0.422234 0.257966 0.425397 0.249084 0.425397
1 0.248298 0.442266 0.258803 0.442266 0.258803 0.446655 0.248298 0.446655
1 0.397403 0.721911 0.402469 0.721911 0.402469 0.739225 0.397403 0.739225
1 0.361700 0.746183 0.377945 0.746183 0.377945 0.750689 0.361700 0.750689
1 0.367634 0.721057 0.371242 0.721057 0.371242 0.738391 0.367634 0.738391
1 0.423933 0.826492 0.437466 0.826492 0.437466 0.843559 0.423933 0.843559
1 0.342083 0.772685 0.355926 0.772685 0.355926 0.834773 0.342083 0.834773
1 0.492515 0.955999 0.505615 0.955999 0.505615 0.986760 0.492515 0.986760
1 0.283769 0.772671 0.297047 0.772671 0.297047 0.835099 0.283769 0.835099
1 0.462393 0.772832 0.477387 0.772832 0.477387 0.843487 0.462393 0.843487
1 0.246234 0.762487 0.257742 0.762487 0.257742 0.792956 0.246234 0.792956
1 0.404301 0.773338 0.418142 0.773338 0.418142 0.842791 0.404301 0.842791
1 0.303564 0.818336 0.316806 0.818336 0.316806 0.834876 0.303564 0.834876
1 0.323106 0.772922 0.336395 0.772922 0.336395 0.834780 0.323106 0.834780
1 0.384762 0.773105 0.398483 0.773105 0.398483 0.843378 0.384762 0.843378
1 0.263701 0.771498 0.278141 0.771498 0.278141 0.834991 0.263701 0.834991
1 0.362422 0.787622 0.377488 0.787622 0.377488 0.791909 0.362422 0.791909
1 0.319463 0.746207 0.324010 0.746207 0.324010 0.763016 0.319463 0.763016
1 0.361855 0.817589 0.378101 0.817589 0.378101 0.822406 0.361855 0.822406
1 0.443501 0.774041 0.456864 0.774041 0.456864 0.843841 0.443501 0.843841
1 0.383569 0.944765 0.477878 0.944765 0.477878 0.971253 0.383569 0.971253
1 0.305665 0.759825 0.314373 0.759825 0.314373 0.763185 0.305665 0.763185
1 0.362080 0.776816 0.378144 0.776816 0.378144 0.780759 0.362080 0.780759
1 0.305261 0.779916 0.314341 0.779916 0.314341 0.782980 0.305261 0.782980
1 0.350361 0.746366 0.353942 0.746366 0.353942 0.762796 0.350361 0.762796
1 0.263064 0.935160 0.357663 0.935160 0.357663 0.968634 0.263064 0.968634
1 0.520762 0.234402 0.549671 0.234402 0.549671 0.244865 0.520762 0.244865
1 0.556660 0.237911 0.585625 0.237911 0.585625 0.248897 0.556660 0.248897
1 0.605219 0.241514 0.626412 0.241514 0.626412 0.261885 0.605219 0.261885
1 0.693678 0.045760 0.697751 0.045760 0.697751 0.062634 0.693678 0.062634
1 0.661909 0.045210 0.666605 0.045210 0.666605 0.062644 0.661909 0.062644
1 0.646837 0.256484 0.671401 0.256484 0.671401 0.280177 0.646837 0.280177
1 0.605360 0.273968 0.626731 0.273968 0.626731 0.294586 0.605360 0.294586
1 0.556661 0.301945 0.585891 0.301945 0.585891 0.312608 0.556661 0.312608
1 0.640754 0.478583 0.670650 0.478583 0.670650 0.489031 0.640754 0.489031
1 0.520195 0.297586 0.549679 0.297586 0.549679 0.309121 0.520195 0.309121
1 0.640273 0.412861 0.669282 0.412861 0.669282 0.424219 0.640273 0.424219
1 0.495547 0.280590 0.512703 0.280590 0.512703 0.284578 0.495547 0.284578
1 0.679363 0.388593 0.695371 0.388593 0.695371 0.393137 0.679363 0.393137
1 0.678503 0.419902 0.695784 0.419902 0.695784 0.423811 0.678503 0.423811
1 0.527358 0.326478 0.532261 0.326478 0.532261 0.342816 0.527358 0.342816
1 0.496092 0.320785 0.511965 0.320785 0.511965 0.324549 0.496092 0.324549
1 0.495771 0.289900 0.512091 0.289900 0.512091 0.294386 0.495771 0.294386
1 0.558360 0.326629 0.562458 0.326629 0.562458 0.342983 0.558360 0.342983
1 0.496455 0.248875 0.512603 0.248875 0.512603 0.252514 0.496455 0.252514
1 0.616648 0.721040 0.670847 0.721040 0.670847 0.735821 0.616648 0.735821
1 0.654937 0.498677 0.660436 0.498677 0.660436 0.515550 0.654937 0.515550
1 0.677124 0.618059 0.694539 0.618059 0.694539 0.621936 0.677124 0.621936
1 0.677242 0.586514 0.694184 0.586514 0.694184 0.590748 0.677242 0.590748
1 0.687618 0.498518 0.692028 0.498518 0.692028 0.515527 0.687618 0.515527
1 0.661305 0.540844 0.666972 0.540844 0.666972 0.557998 0.661305 0.557998
1 0.694098 0.540954 0.698648 0.540954 0.698648 0.557876 0.694098 0.557876
1 0.616851 0.785335 0.670642 0.785335 0.670642 0.799391 0.616851 0.799391
1 0.559026 0.956008 0.570530 0.956008 0.570530 0.986924 0.559026 0.986924
1 0.673438 0.926017 0.690350 0.926017 0.690350 0.930733 0.673438 0.930733
1 0.673012 0.957734 0.690753 0.957734 0.690753 0.962473 0.673012 0.962473
1 0.495977 0.945810 0.512536 0.945810 0.512536 0.950486 0.495977 0.950486
1 0.659562 0.803629 0.676051 0.803629 0.676051 0.807977 0.659562 0.807977
1 0.659230 0.835096 0.676856 0.835096 0.676856 0.839932 0.659230 0.839932
1 0.496034 0.915441 0.512137 0.915441 0.512137 0.919516 0.496034 0.919516
1 0.519820 0.925789 0.527673 0.925789 0.527673 0.928887 0.519820 0.928887
1 0.519038 0.945151 0.528512 0.945151 0.528512 0.948708 0.519038 0.948708
1 0.537887 0.925875 0.545969 0.925875 0.545969 0.928795 0.537887 0.928795
1 0.537551 0.946138 0.546005 0.946138 0.546005 0.949137 0.537551 0.949137
1 0.790334 0.226990 0.795537 0.226990 0.795537 0.244119 0.790334 0.244119
1 0.966478 0.113933 0.972016 0.113933 0.972016 0.130344 0.966478 0.130344
1 0.838197 0.113771 0.843168 0.113771 0.843168 0.130486 0.838197 0.130486
1 0.807235 0.071228 0.811817 0.071228 0.811817 0.087965 0.807235 0.087965
1 0.838534 0.028031 0.843532 0.028031 0.843532 0.045051 0.838534 0.045051
1 0.967136 0.028191 0.972548 0.028191 0.972548 0.045045 0.967136 0.045045
1 0.966932 0.061068 0.971933 0.061068 0.971933 0.077535 0.966932 0.077535
1 0.935258 0.028151 0.940194 0.028151 0.940194 0.045148 0.935258 0.045148
1 0.821654 0.226897 0.826706 0.226897 0.826706 0.243983 0.821654 0.243983
1 0.935258 0.242019 0.940529 0.242019 0.940529 0.259093 0.935258 0.259093
1 0.967735 0.241959 0.972562 0.241959 0.972562 0.259264 0.967735 0.259264
1 0.935553 0.060894 0.940484 0.060894 0.940484 0.077894 0.935553 0.077894
1 0.807664 0.114044 0.812670 0.114044 0.812670 0.130592 0.807664 0.130592
1 0.838871 0.070781 0.843512 0.070781 0.843512 0.087784 0.838871 0.087784
1 0.806962 0.028385 0.811392 0.028385 0.811392 0.045254 0.806962 0.045254
1 0.936406 0.113447 0.940995 0.113447 0.940995 0.130515 0.936406 0.130515
1 0.839183 0.370218 0.844321 0.370218 0.844321 0.387008 0.839183 0.387008
1 0.807137 0.370497 0.812259 0.370497 0.812259 0.387268 0.807137 0.387268
1 0.967580 0.455598 0.972944 0.455598 0.972944 0.472597 0.967580 0.472597
1 0.839219 0.248790 0.844148 0.248790 0.844148 0.266019 0.839219 0.266019
1 0.839422 0.400955 0.844044 0.400955 0.844044 0.417991 0.839422 0.417991
1 0.935557 0.323732 0.940380 0.323732 0.940380 0.341125 0.935557 0.341125
1 0.935161 0.455237 0.940473 0.455237 0.940473 0.472731 0.935161 0.472731
1 0.967266 0.412950 0.972455 0.412950 0.972455 0.429939 0.967266 0.429939
1 0.807422 0.249183 0.812347 0.249183 0.812347 0.266063 0.807422 0.266063
1 0.839198 0.327197 0.844178 0.327197 0.844178 0.344343 0.839198 0.344343
1 0.967509 0.368523 0.972419 0.368523 0.972419 0.385629 0.967509 0.385629
1 0.935347 0.413050 0.940237 0.413050 0.940237 0.429797 0.935347 0.429797
1 0.807551 0.401129 0.812562 0.401129 0.812562 0.418164 0.807551 0.418164
1 0.967534 0.323978 0.972917 0.323978 0.972917 0.341143 0.967534 0.341143
1 0.935440 0.368530 0.940644 0.368530 0.940644 0.385589 0.935440 0.385589
1 0.806873 0.327688 0.812202 0.327688 0.812202 0.344679 0.806873 0.344679
1 0.789649 0.698298 0.794818 0.698298 0.794818 0.715471 0.789649 0.715471
1 0.789700 0.720141 0.794733 0.720141 0.794733 0.737497 0.789700 0.737497
1 0.806749 0.671194 0.811834 0.671194 0.811834 0.687917 0.806749 0.687917
1 0.966811 0.669086 0.971996 0.669086 0.971996 0.686077 0.966811 0.686077
1 0.934763 0.669136 0.939880 0.669136 0.939880 0.686150 0.934763 0.686150
1 0.821595 0.720618 0.826584 0.720618 0.826584 0.737024 0.821595 0.737024
1 0.806863 0.540734 0.812498 0.540734 0.812498 0.557828 0.806863 0.557828
1 0.937977 0.703291 0.955250 0.703291 0.955250 0.708254 0.937977 0.708254
1 0.839567 0.581919 0.844745 0.581919 0.844745 0.598921 0.839567 0.598921
1 0.838765 0.670541 0.843660 0.670541 0.843660 0.687517 0.838765 0.687517
1 0.937728 0.735018 0.955307 0.735018 0.955307 0.739815 0.937728 0.739815
1 0.967750 0.498417 0.972406 0.498417 0.972406 0.515181 0.967750 0.515181
1 0.807197 0.581827 0.812315 0.581827 0.812315 0.599018 0.807197 0.599018
1 0.839536 0.540755 0.844629 0.540755 0.844629 0.557609 0.839536 0.557609
1 0.821657 0.698336 0.826432 0.698336 0.826432 0.715296 0.821657 0.715296
1 0.935836 0.497944 0.940818 0.497944 0.940818 0.515034 0.935836 0.515034
1 0.810608 0.787732 0.834458 0.787732 0.834458 0.811595 0.810608 0.811595
1 0.828920 0.746414 0.849061 0.746414 0.849061 0.768481 0.828920 0.768481
1 0.845170 0.788181 0.865652 0.788181 0.865652 0.811047 0.845170 0.811047
1 0.760134 0.902797 0.776167 0.902797 0.776167 0.907325 0.760134 0.907325
1 0.759257 0.934380 0.776771 0.934380 0.776771 0.938849 0.759257 0.938849
1 0.860935 0.902311 0.878262 0.902311 0.878262 0.906943 0.860935 0.906943
1 0.861112 0.860032 0.877817 0.860032 0.877817 0.864332 0.861112 0.864332
1 0.860527 0.933765 0.878453 0.933765 0.878453 0.938129 0.860527 0.938129
1 0.872910 0.753517 0.889998 0.753517 0.889998 0.758293 0.872910 0.758293
1 0.873015 0.785365 0.890206 0.785365 0.890206 0.789752 0.873015 0.789752
1 0.861227 0.891185 0.878153 0.891185 0.878153 0.895355 0.861227 0.895355
1 0.432626 0.059705 0.446375 0.059705 0.446375 0.138621 0.432626 0.138621
1 0.566726 0.059893 0.576709 0.059893 0.576709 0.138433 0.566726 0.138433
0 0.446563 0.062342 0.566538 0.062342 0.566538 0.132971 0.446563 0.132971
1 0.444013 0.015463 0.488656 0.015463 0.488656 0.034282 0.444013 0.034282
0 0.012264 0.407154 0.035141 0.407154 0.035141 0.453420 0.012264 0.453420
1 0.035711 0.408808 0.056762 0.408808 0.056762 0.419419 0.035711 0.419419
1 0.035483 0.424896 0.056534 0.424896 0.056534 0.435507 0.035483 0.435507
1 0.035483 0.440983 0.057732 0.440983 0.057732 0.451880 0.035483 0.451880
0 0.001077 0.656372 0.015391 0.656372 0.015391 0.682223 0.001077 0.682223
1 0.003008 0.753558 0.012237 0.753558 0.012237 0.794617 0.003008 0.794617
1 0.016380 0.754029 0.025609 0.754029 0.025609 0.795088 0.016380 0.795088
1 0.043690 0.753887 0.052919 0.753887 0.052919 0.794946 0.043690 0.794946
1 0.030318 0.753417 0.039547 0.753417 0.039547 0.794476 0.030318 0.794476
1 0.084937 0.753699 0.094166 0.753699 0.094166 0.794758 0.084937 0.794758
1 0.071565 0.753228 0.080794 0.753228 0.080794 0.794287 0.071565 0.794287
1 0.057628 0.753840 0.066856 0.753840 0.066856 0.794899 0.057628 0.794899
1 0.002867 0.917040 0.012943 0.917040 0.012943 0.957205 0.002867 0.957205
1 0.016239 0.917181 0.026315 0.917181 0.026315 0.957346 0.016239 0.957346
1 0.043784 0.917417 0.053861 0.917417 0.053861 0.957581 0.043784 0.957581
1 0.030412 0.917276 0.040488 0.917276 0.040488 0.957440 0.030412 0.957440
1 0.084137 0.917747 0.094213 0.917747 0.094213 0.957911 0.084137 0.957911
1 0.070765 0.917605 0.080841 0.917605 0.080841 0.957770 0.070765 0.957770
1 0.056592 0.917511 0.066668 0.917511 0.066668 0.957675 0.056592 0.957675
1 0.122815 0.606018 0.152671 0.606018 0.152671 0.621964 0.122815 0.621964
1 0.122476 0.695415 0.150550 0.695415 0.150550 0.712209 0.122476 0.712209
1 0.299893 0.515844 0.327051 0.515844 0.327051 0.534284 0.299893 0.534284
1 0.298967 0.709806 0.327282 0.709806 0.327282 0.729403 0.298967 0.729403
1 0.487707 0.516967 0.515098 0.516967 0.515098 0.535945 0.487707 0.535945
1 0.486491 0.711883 0.514350 0.711883 0.514350 0.730299 0.486491 0.730299
1 0.613312 0.585228 0.659089 0.585228 0.659089 0.606008 0.613312 0.606008
1 0.612180 0.679560 0.657958 0.679560 0.657958 0.698591 0.612180 0.698591
1 0.675814 0.659272 0.693681 0.659272 0.693681 0.663111 0.675814 0.663111
1 0.677562 0.628020 0.694977 0.628020 0.694977 0.631898 0.677562 0.631898
