1 0.310628 0.701185 0.318536 0.701185 0.318536 0.730908 0.310628 0.730908
1 0.498333 0.701949 0.505666 0.701949 0.505666 0.730654 0.498333 0.730654
1 0.506485 0.701880 0.514023 0.701880 0.514023 0.730590 0.506485 0.730590
1 0.617318 0.702080 0.624761 0.702080 0.624761 0.731103 0.617318 0.731103
1 0.599979 0.701962 0.607625 0.701962 0.607625 0.731352 0.599979 0.731352
1 0.310297 0.266345 0.317556 0.266345 0.317556 0.295581 0.310297 0.295581
1 0.566603 0.701925 0.573316 0.701925 0.573316 0.730597 0.566603 0.730597
1 0.472723 0.266444 0.479959 0.266444 0.479959 0.294832 0.472723 0.294832
1 0.642724 0.702087 0.649746 0.702087 0.649746 0.730465 0.642724 0.730465
1 0.574467 0.701966 0.582473 0.701966 0.582473 0.730889 0.574467 0.730889
1 0.548975 0.701965 0.556120 0.701965 0.556120 0.730576 0.548975 0.730576
1 0.404749 0.701678 0.412245 0.701678 0.412245 0.730401 0.404749 0.730401
1 0.472668 0.701426 0.480191 0.701426 0.480191 0.730682 0.472668 0.730682
1 0.523540 0.701932 0.531379 0.701932 0.531379 0.730591 0.523540 0.730591
1 0.566329 0.266633 0.573484 0.266633 0.573484 0.294980 0.566329 0.294980
1 0.336035 0.701870 0.344069 0.701870 0.344069 0.730374 0.336035 0.730374
1 0.591788 0.701771 0.599360 0.701771 0.599360 0.731423 0.591788 0.731423
1 0.319297 0.701679 0.327112 0.701679 0.327112 0.730435 0.319297 0.730435
1 0.412879 0.701553 0.420368 0.701553 0.420368 0.730445 0.412879 0.730445
1 0.362413 0.701985 0.369721 0.701985 0.369721 0.730222 0.362413 0.730222
1 0.455359 0.701870 0.463287 0.701870 0.463287 0.730693 0.455359 0.730693
1 0.700709 0.609857 0.730845 0.609857 0.730845 0.617432 0.700709 0.617432
1 0.378761 0.265787 0.385845 0.265787 0.385845 0.294892 0.378761 0.294892
1 0.481532 0.701994 0.488514 0.701994 0.488514 0.730713 0.481532 0.730713
1 0.659712 0.701843 0.667404 0.701843 0.667404 0.731459 0.659712 0.731459
1 0.532196 0.701900 0.539965 0.701900 0.539965 0.730684 0.532196 0.730684
1 0.265592 0.354616 0.293658 0.354616 0.293658 0.362230 0.265592 0.362230
1 0.429836 0.701985 0.437543 0.701985 0.437543 0.730781 0.429836 0.730781
1 0.659841 0.266523 0.667171 0.266523 0.667171 0.294878 0.659841 0.294878
1 0.650884 0.701705 0.659068 0.701705 0.659068 0.731317 0.650884 0.731317
1 0.387391 0.701870 0.395135 0.701870 0.395135 0.730289 0.387391 0.730289
1 0.668259 0.701783 0.676061 0.701783 0.676061 0.731103 0.668259 0.731103
1 0.438431 0.701362 0.445984 0.701362 0.445984 0.730524 0.438431 0.730524
1 0.378959 0.701489 0.386516 0.701489 0.386516 0.730424 0.378959 0.730424
1 0.700082 0.354277 0.730518 0.354277 0.730518 0.361623 0.700082 0.361623
1 0.265880 0.610507 0.294311 0.610507 0.294311 0.618101 0.265880 0.618101
1 0.625650 0.701848 0.633738 0.701848 0.633738 0.731281 0.625650 0.731281
1 0.265683 0.329180 0.293665 0.329180 0.293665 0.336664 0.265683 0.336664
1 0.344848 0.701362 0.352777 0.701362 0.352777 0.730070 0.344848 0.730070
1 0.591656 0.266182 0.599205 0.266182 0.599205 0.294379 0.591656 0.294379
1 0.403837 0.266461 0.412043 0.266461 0.412043 0.294872 0.403837 0.294872
1 0.676560 0.701605 0.684825 0.701605 0.684825 0.731067 0.676560 0.731067
1 0.265642 0.423061 0.293812 0.423061 0.293812 0.430296 0.265642 0.430296
1 0.464323 0.701984 0.471620 0.701984 0.471620 0.730570 0.464323 0.730570
1 0.633805 0.266239 0.641806 0.266239 0.641806 0.294577 0.633805 0.294577
1 0.676836 0.265787 0.684331 0.265787 0.684331 0.294712 0.676836 0.294712
1 0.447180 0.701679 0.454609 0.701679 0.454609 0.730516 0.447180 0.730516
1 0.625472 0.265922 0.633276 0.265922 0.633276 0.295157 0.625472 0.295157
1 0.574056 0.266608 0.581938 0.266608 0.581938 0.295020 0.574056 0.295020
1 0.557947 0.701853 0.565344 0.701853 0.565344 0.730416 0.557947 0.730416
1 0.412735 0.266259 0.420402 0.266259 0.420402 0.294966 0.412735 0.294966
1 0.531435 0.266710 0.539471 0.266710 0.539471 0.294940 0.531435 0.294940
1 0.700612 0.635557 0.730724 0.635557 0.730724 0.642675 0.700612 0.642675
1 0.699964 0.329025 0.730647 0.329025 0.730647 0.336543 0.699964 0.336543
1 0.481086 0.266393 0.488334 0.266393 0.488334 0.294882 0.481086 0.294882
1 0.353344 0.701743 0.361130 0.701743 0.361130 0.730301 0.353344 0.730301
1 0.617199 0.266319 0.624326 0.266319 0.624326 0.295176 0.617199 0.295176
1 0.265614 0.380114 0.293846 0.380114 0.293846 0.387786 0.265614 0.387786
1 0.548493 0.266578 0.556189 0.266578 0.556189 0.295013 0.548493 0.295013
1 0.352526 0.266206 0.360696 0.266206 0.360696 0.295109 0.352526 0.295109
1 0.265594 0.397074 0.294033 0.397074 0.294033 0.404675 0.265594 0.404675
1 0.370399 0.701489 0.378321 0.701489 0.378321 0.730281 0.370399 0.730281
1 0.700434 0.567309 0.730740 0.567309 0.730740 0.574592 0.700434 0.574592
1 0.700083 0.380010 0.730738 0.380010 0.730738 0.387514 0.700083 0.387514
1 0.497934 0.266236 0.505554 0.266236 0.505554 0.295176 0.497934 0.295176
1 0.700165 0.541451 0.730362 0.541451 0.730362 0.548823 0.700165 0.548823
1 0.265889 0.636172 0.294381 0.636172 0.294381 0.643429 0.265889 0.643429
1 0.437810 0.266259 0.445882 0.266259 0.445882 0.294897 0.437810 0.294897
1 0.541485 0.701850 0.548102 0.701850 0.548102 0.730490 0.541485 0.730490
1 0.634396 0.701566 0.642039 0.701566 0.642039 0.731637 0.634396 0.731637
1 0.344061 0.266351 0.352203 0.266351 0.352203 0.295513 0.344061 0.295513
1 0.506388 0.266565 0.514048 0.266565 0.514048 0.295379 0.506388 0.295379
1 0.556644 0.266688 0.565205 0.266688 0.565205 0.294899 0.556644 0.294899
1 0.265680 0.406027 0.293697 0.406027 0.293697 0.413079 0.265680 0.413079
1 0.318962 0.266577 0.326597 0.266577 0.326597 0.295137 0.318962 0.295137
1 0.386715 0.265652 0.394262 0.265652 0.394262 0.294872 0.386715 0.294872
1 0.523557 0.266641 0.530657 0.266641 0.530657 0.294903 0.523557 0.294903
1 0.455336 0.266461 0.462606 0.266461 0.462606 0.294995 0.455336 0.294995
1 0.265796 0.619124 0.294195 0.619124 0.294195 0.626502 0.265796 0.626502
1 0.599857 0.266124 0.607607 0.266124 0.607607 0.295017 0.599857 0.295017
1 0.650682 0.266326 0.658710 0.266326 0.658710 0.295068 0.650682 0.295068
1 0.266010 0.661558 0.294393 0.661558 0.294393 0.668941 0.266010 0.668941
1 0.336009 0.266149 0.343238 0.266149 0.343238 0.295783 0.336009 0.295783
1 0.700642 0.661375 0.730667 0.661375 0.730667 0.668807 0.700642 0.668807
1 0.395887 0.701426 0.403749 0.701426 0.403749 0.730718 0.395887 0.730718
1 0.446506 0.265585 0.454055 0.265585 0.454055 0.295446 0.446506 0.295446
1 0.265673 0.311826 0.293745 0.311826 0.293745 0.319605 0.265673 0.319605
1 0.583164 0.701937 0.591023 0.701937 0.591023 0.731317 0.583164 0.731317
1 0.265732 0.431330 0.293684 0.431330 0.293684 0.438664 0.265732 0.438664
1 0.361842 0.265450 0.368726 0.265450 0.368726 0.295010 0.361842 0.295010
1 0.265893 0.567531 0.293938 0.567531 0.293938 0.574886 0.265893 0.574886
1 0.700500 0.405469 0.730396 0.405469 0.730396 0.412780 0.700500 0.412780
1 0.700604 0.592459 0.730310 0.592459 0.730310 0.599951 0.700604 0.599951
1 0.463560 0.266191 0.471454 0.266191 0.471454 0.294807 0.463560 0.294807
1 0.265696 0.337789 0.293499 0.337789 0.293499 0.344956 0.265696 0.344956
1 0.327856 0.701996 0.335475 0.701996 0.335475 0.730338 0.327856 0.730338
1 0.642118 0.266587 0.650149 0.266587 0.650149 0.295142 0.642118 0.295142
1 0.265519 0.388776 0.293626 0.388776 0.293626 0.396000 0.265519 0.396000
1 0.265620 0.362873 0.293664 0.362873 0.293664 0.370356 0.265620 0.370356
1 0.265786 0.593058 0.294122 0.593058 0.294122 0.600302 0.265786 0.600302
1 0.700454 0.600798 0.730433 0.600798 0.730433 0.608640 0.700454 0.608640
1 0.700277 0.447922 0.730466 0.447922 0.730466 0.455157 0.700277 0.455157
1 0.369864 0.266124 0.377406 0.266124 0.377406 0.294961 0.369864 0.294961
1 0.699895 0.311470 0.730270 0.311470 0.730270 0.319055 0.699895 0.319055
1 0.700183 0.678286 0.730385 0.678286 0.730385 0.685098 0.700183 0.685098
1 0.266238 0.678501 0.294278 0.678501 0.294278 0.685293 0.266238 0.685293
1 0.421536 0.701969 0.428867 0.701969 0.428867 0.730459 0.421536 0.730459
1 0.265884 0.448425 0.293762 0.448425 0.293762 0.455782 0.265884 0.455782
1 0.395478 0.266124 0.403163 0.266124 0.403163 0.295311 0.395478 0.295311
1 0.700061 0.422299 0.730651 0.422299 0.730651 0.429880 0.700061 0.429880
1 0.539823 0.266273 0.547865 0.266273 0.547865 0.294356 0.539823 0.294356
1 0.667804 0.266056 0.675487 0.266056 0.675487 0.294882 0.667804 0.294882
1 0.266325 0.669814 0.294384 0.669814 0.294384 0.677249 0.266325 0.677249
1 0.429654 0.266259 0.437221 0.266259 0.437221 0.294864 0.429654 0.294864
1 0.700204 0.388020 0.730550 0.388020 0.730550 0.395772 0.700204 0.395772
1 0.327530 0.266371 0.334947 0.266371 0.334947 0.295244 0.327530 0.295244
1 0.700322 0.550147 0.730477 0.550147 0.730477 0.557079 0.700322 0.557079
1 0.700297 0.431070 0.730577 0.431070 0.730577 0.438087 0.700297 0.438087
1 0.265803 0.542179 0.293730 0.542179 0.293730 0.549506 0.265803 0.549506
1 0.582714 0.266577 0.590659 0.266577 0.590659 0.294731 0.582714 0.294731
1 0.700510 0.669683 0.730331 0.669683 0.730331 0.676925 0.700510 0.676925
1 0.489107 0.266326 0.497263 0.266326 0.497263 0.295109 0.489107 0.295109
1 0.700542 0.644100 0.730664 0.644100 0.730664 0.651195 0.700542 0.651195
1 0.700216 0.362599 0.730818 0.362599 0.730818 0.370002 0.700216 0.370002
1 0.700217 0.337498 0.730376 0.337498 0.730376 0.344697 0.700217 0.344697
1 0.700580 0.618580 0.730621 0.618580 0.730621 0.625674 0.700580 0.625674
1 0.265841 0.644386 0.294269 0.644386 0.294269 0.651871 0.265841 0.651871
1 0.489533 0.701603 0.496980 0.701603 0.496980 0.730330 0.489533 0.730330
1 0.421295 0.266124 0.428845 0.266124 0.428845 0.295446 0.421295 0.295446
1 0.700354 0.413778 0.730512 0.413778 0.730512 0.421111 0.700354 0.421111
1 0.608620 0.266259 0.616170 0.266259 0.616170 0.295109 0.608620 0.295109
1 0.265717 0.516721 0.293816 0.516721 0.293816 0.523737 0.265717 0.523737
1 0.700389 0.575294 0.730573 0.575294 0.730573 0.582606 0.700389 0.582606
1 0.265699 0.584270 0.294203 0.584270 0.294203 0.591846 0.265699 0.591846
1 0.700081 0.473490 0.730497 0.473490 0.730497 0.481225 0.700081 0.481225
1 0.514536 0.266626 0.522767 0.266626 0.522767 0.294654 0.514536 0.294654
1 0.514441 0.701463 0.522947 0.701463 0.522947 0.730655 0.514441 0.730655
1 0.265818 0.576353 0.293833 0.576353 0.293833 0.583190 0.265818 0.583190
1 0.265830 0.601632 0.293806 0.601632 0.293806 0.608789 0.265830 0.608789
1 0.265914 0.525237 0.293560 0.525237 0.293560 0.532081 0.265914 0.532081
1 0.699816 0.396787 0.730589 0.396787 0.730589 0.404166 0.699816 0.404166
1 0.608750 0.702074 0.616674 0.702074 0.616674 0.731352 0.608750 0.731352
1 0.265556 0.414361 0.293745 0.414361 0.293745 0.421756 0.265556 0.421756
1 0.265791 0.499764 0.293603 0.499764 0.293603 0.506683 0.265791 0.506683
1 0.265842 0.550580 0.293673 0.550580 0.293673 0.557744 0.265842 0.557744
1 0.265852 0.473897 0.293538 0.473897 0.293538 0.481280 0.265852 0.481280
1 0.265848 0.456863 0.293528 0.456863 0.293528 0.464186 0.265848 0.464186
1 0.265524 0.490806 0.293551 0.490806 0.293551 0.498415 0.265524 0.498415
1 0.700736 0.516281 0.730118 0.516281 0.730118 0.523480 0.700736 0.523480
1 0.700493 0.456416 0.730110 0.456416 0.730110 0.463516 0.700493 0.463516
1 0.700381 0.499012 0.730604 0.499012 0.730604 0.506947 0.700381 0.506947
1 0.700477 0.524911 0.730476 0.524911 0.730476 0.531773 0.700477 0.531773
1 0.265923 0.652759 0.294423 0.652759 0.294423 0.660438 0.265923 0.660438
1 0.265588 0.371439 0.294180 0.371439 0.294180 0.378911 0.265588 0.378911
1 0.265548 0.320791 0.293406 0.320791 0.293406 0.328083 0.265548 0.328083
1 0.700479 0.482000 0.730358 0.482000 0.730358 0.489326 0.700479 0.489326
1 0.266013 0.346095 0.293816 0.346095 0.293816 0.353262 0.266013 0.353262
1 0.265922 0.439763 0.293874 0.439763 0.293874 0.447096 0.265922 0.447096
1 0.265975 0.464979 0.293655 0.464979 0.293655 0.472302 0.265975 0.472302
1 0.266232 0.482139 0.293919 0.482139 0.293919 0.489523 0.266232 0.489523
1 0.265981 0.507879 0.293793 0.507879 0.293793 0.514799 0.265981 0.514799
1 0.265851 0.533416 0.293497 0.533416 0.293497 0.540260 0.265851 0.540260
1 0.265969 0.558949 0.293800 0.558949 0.293800 0.566113 0.265969 0.566113
1 0.266176 0.627176 0.294576 0.627176 0.294576 0.634555 0.266176 0.634555
1 0.700286 0.652611 0.730310 0.652611 0.730310 0.660043 0.700286 0.660043
1 0.700648 0.626935 0.730760 0.626935 0.730760 0.634053 0.700648 0.634053
1 0.700462 0.583838 0.730167 0.583838 0.730167 0.591330 0.700462 0.591330
1 0.700149 0.558438 0.730455 0.558438 0.730455 0.565722 0.700149 0.565722
1 0.700272 0.533008 0.730469 0.533008 0.730469 0.540379 0.700272 0.540379
1 0.700095 0.507518 0.730248 0.507518 0.730248 0.514856 0.700095 0.514856
1 0.700238 0.490355 0.730462 0.490355 0.730462 0.498290 0.700238 0.498290
1 0.699939 0.464726 0.730355 0.464726 0.730355 0.472461 0.699939 0.472461
1 0.700134 0.439265 0.730323 0.439265 0.730323 0.446500 0.700134 0.446500
1 0.700154 0.371424 0.730809 0.371424 0.730809 0.378929 0.700154 0.378929
1 0.699904 0.345834 0.730340 0.345834 0.730340 0.353180 0.699904 0.353180
1 0.699858 0.320333 0.730540 0.320333 0.730540 0.327850 0.699858 0.327850
0 0.295679 0.297293 0.698811 0.297293 0.698811 0.699736 0.295679 0.699736
1 0.190324 0.311129 0.219678 0.311129 0.219678 0.318891 0.190324 0.318891
1 0.190324 0.320208 0.219678 0.320208 0.219678 0.327970 0.190324 0.327970
1 0.190222 0.337707 0.219577 0.337707 0.219577 0.345469 0.190222 0.345469
1 0.190222 0.328628 0.219577 0.328628 0.219577 0.336390 0.190222 0.336390
1 0.190222 0.346076 0.219577 0.346076 0.219577 0.353484 0.190222 0.353484
1 0.190172 0.354648 0.219678 0.354648 0.219678 0.361599 0.190172 0.361599
1 0.190121 0.362764 0.219475 0.362764 0.219475 0.370526 0.190121 0.370526
1 0.190273 0.371691 0.219425 0.371691 0.219425 0.378845 0.190273 0.378845
1 0.190070 0.379959 0.219222 0.379959 0.219222 0.387112 0.190070 0.387112
1 0.190222 0.388277 0.219374 0.388277 0.219374 0.395431 0.190222 0.395431
1 0.190019 0.396545 0.219171 0.396545 0.219171 0.403699 0.190019 0.403699
1 0.190324 0.414044 0.219475 0.414044 0.219475 0.421198 0.190324 0.421198
1 0.190172 0.405726 0.219323 0.405726 0.219323 0.412879 0.190172 0.412879
1 0.190121 0.422312 0.219272 0.422312 0.219272 0.429466 0.190121 0.429466
1 0.190222 0.431391 0.219374 0.431391 0.219374 0.438545 0.190222 0.438545
1 0.190019 0.439659 0.219171 0.439659 0.219171 0.446813 0.190019 0.446813
1 0.190324 0.448383 0.219475 0.448383 0.219475 0.455537 0.190324 0.455537
1 0.190375 0.456955 0.219526 0.456955 0.219526 0.464109 0.190375 0.464109
1 0.190121 0.465325 0.219272 0.465325 0.219272 0.472478 0.190121 0.472478
1 0.190425 0.474049 0.219577 0.474049 0.219577 0.481202 0.190425 0.481202
1 0.190273 0.482519 0.219425 0.482519 0.219425 0.489673 0.190273 0.489673
1 0.190160 0.490782 0.219311 0.490782 0.219311 0.497936 0.190160 0.497936
1 0.189957 0.499050 0.219108 0.499050 0.219108 0.506204 0.189957 0.506204
1 0.190261 0.507774 0.219413 0.507774 0.219413 0.514928 0.190261 0.514928
1 0.190312 0.516346 0.219463 0.516346 0.219463 0.523500 0.190312 0.523500
1 0.190058 0.524716 0.219210 0.524716 0.219210 0.531869 0.190058 0.531869
1 0.190362 0.533440 0.219514 0.533440 0.219514 0.540593 0.190362 0.540593
1 0.190210 0.541910 0.219362 0.541910 0.219362 0.549064 0.190210 0.549064
1 0.190892 0.551094 0.220044 0.551094 0.220044 0.558248 0.190892 0.558248
1 0.190689 0.559362 0.219841 0.559362 0.219841 0.566516 0.190689 0.566516
1 0.190993 0.568086 0.220145 0.568086 0.220145 0.575240 0.190993 0.575240
1 0.191044 0.576658 0.220196 0.576658 0.220196 0.583812 0.191044 0.583812
1 0.190791 0.585027 0.219942 0.585027 0.219942 0.592181 0.190791 0.592181
1 0.191095 0.593752 0.220246 0.593752 0.220246 0.600905 0.191095 0.600905
1 0.190943 0.602222 0.220094 0.602222 0.220094 0.609376 0.190943 0.609376
1 0.190829 0.610485 0.219981 0.610485 0.219981 0.617639 0.190829 0.617639
1 0.190626 0.618753 0.219778 0.618753 0.219778 0.625907 0.190626 0.625907
1 0.190931 0.627477 0.220082 0.627477 0.220082 0.634631 0.190931 0.634631
1 0.190981 0.636049 0.220133 0.636049 0.220133 0.643203 0.190981 0.643203
1 0.190728 0.644419 0.219879 0.644419 0.219879 0.651572 0.190728 0.651572
1 0.191032 0.653143 0.220184 0.653143 0.220184 0.660296 0.191032 0.660296
1 0.190880 0.661613 0.220031 0.661613 0.220031 0.668767 0.190880 0.668767
1 0.190649 0.678382 0.219801 0.678382 0.219801 0.685536 0.190649 0.685536
1 0.190801 0.669912 0.219953 0.669912 0.219953 0.677065 0.190801 0.677065
1 0.776473 0.311656 0.804833 0.311656 0.804833 0.318322 0.776473 0.318322
1 0.775479 0.319639 0.804833 0.319639 0.804833 0.327401 0.775479 0.327401
1 0.775377 0.337138 0.804732 0.337138 0.804732 0.344900 0.775377 0.344900
1 0.775377 0.328059 0.804732 0.328059 0.804732 0.335821 0.775377 0.335821
1 0.775377 0.345507 0.804732 0.345507 0.804732 0.352914 0.775377 0.352914
1 0.775326 0.354079 0.804833 0.354079 0.804833 0.361030 0.775326 0.361030
1 0.775276 0.362195 0.804630 0.362195 0.804630 0.369957 0.775276 0.369957
1 0.775428 0.371122 0.804579 0.371122 0.804579 0.378276 0.775428 0.378276
1 0.775225 0.379390 0.804377 0.379390 0.804377 0.386543 0.775225 0.386543
1 0.775377 0.387708 0.804529 0.387708 0.804529 0.394862 0.775377 0.394862
1 0.775467 0.396972 0.804619 0.396972 0.804619 0.404126 0.775467 0.404126
1 0.775479 0.413475 0.804630 0.413475 0.804630 0.420629 0.775479 0.420629
1 0.775326 0.405157 0.804478 0.405157 0.804478 0.412310 0.775326 0.412310
1 0.775276 0.421743 0.804427 0.421743 0.804427 0.428896 0.775276 0.428896
1 0.775377 0.430822 0.804529 0.430822 0.804529 0.437976 0.775377 0.437976
1 0.775174 0.439090 0.804326 0.439090 0.804326 0.446243 0.775174 0.446243
1 0.775479 0.447814 0.804630 0.447814 0.804630 0.454968 0.775479 0.454968
1 0.775529 0.456386 0.804681 0.456386 0.804681 0.463540 0.775529 0.463540
1 0.775276 0.464755 0.804427 0.464755 0.804427 0.471909 0.775276 0.471909
1 0.775580 0.473480 0.804732 0.473480 0.804732 0.480633 0.775580 0.480633
1 0.775428 0.481950 0.804579 0.481950 0.804579 0.489104 0.775428 0.489104
1 0.775314 0.490213 0.804466 0.490213 0.804466 0.497367 0.775314 0.497367
1 0.775112 0.498481 0.804263 0.498481 0.804263 0.505634 0.775112 0.505634
1 0.775416 0.507205 0.804567 0.507205 0.804567 0.514359 0.775416 0.514359
1 0.775467 0.515777 0.804618 0.515777 0.804618 0.522931 0.775467 0.522931
1 0.775213 0.524146 0.804364 0.524146 0.804364 0.531300 0.775213 0.531300
1 0.775517 0.532871 0.804669 0.532871 0.804669 0.540024 0.775517 0.540024
1 0.775365 0.541341 0.804517 0.541341 0.804517 0.548495 0.775365 0.548495
1 0.776047 0.550525 0.805198 0.550525 0.805198 0.557679 0.776047 0.557679
1 0.775844 0.558793 0.804995 0.558793 0.804995 0.565946 0.775844 0.565946
1 0.776148 0.567517 0.805300 0.567517 0.805300 0.574671 0.776148 0.574671
1 0.776199 0.576089 0.805351 0.576089 0.805351 0.583243 0.776199 0.583243
1 0.775945 0.584458 0.805097 0.584458 0.805097 0.591612 0.775945 0.591612
1 0.776250 0.593182 0.805401 0.593182 0.805401 0.600336 0.776250 0.600336
1 0.776098 0.601653 0.805249 0.601653 0.805249 0.608807 0.776098 0.608807
1 0.775984 0.609916 0.805136 0.609916 0.805136 0.617070 0.775984 0.617070
1 0.775781 0.618184 0.804933 0.618184 0.804933 0.625337 0.775781 0.625337
1 0.776086 0.626908 0.805237 0.626908 0.805237 0.634062 0.776086 0.634062
1 0.776136 0.635480 0.805288 0.635480 0.805288 0.642634 0.776136 0.642634
1 0.775883 0.643849 0.805034 0.643849 0.805034 0.651003 0.775883 0.651003
1 0.776187 0.652574 0.805338 0.652574 0.805338 0.659727 0.776187 0.659727
1 0.776035 0.661044 0.805186 0.661044 0.805186 0.668198 0.776035 0.668198
1 0.775804 0.677813 0.804956 0.677813 0.804956 0.684967 0.775804 0.684967
1 0.775956 0.669342 0.805108 0.669342 0.805108 0.676496 0.775956 0.676496
1 0.166310 0.266425 0.174031 0.266425 0.174031 0.295395 0.166310 0.295395
1 0.157416 0.266479 0.165138 0.266479 0.165138 0.295448 0.157416 0.295448
1 0.149109 0.266479 0.156830 0.266479 0.156830 0.295448 0.149109 0.295448
1 0.140215 0.266532 0.147937 0.266532 0.147937 0.295502 0.140215 0.295502
1 0.131801 0.266372 0.139523 0.266372 0.139523 0.295342 0.131801 0.295342
1 0.123228 0.266425 0.130949 0.266425 0.130949 0.295395 0.123228 0.295395
1 0.114920 0.266425 0.122642 0.266425 0.122642 0.295395 0.114920 0.295395
1 0.106293 0.266425 0.114015 0.266425 0.114015 0.295395 0.106293 0.295395
1 0.098199 0.266425 0.105920 0.266425 0.105920 0.295395 0.098199 0.295395
1 0.089465 0.266532 0.097187 0.266532 0.097187 0.295502 0.089465 0.295502
1 0.081158 0.266479 0.088879 0.266479 0.088879 0.295448 0.081158 0.295448
1 0.072424 0.266479 0.080146 0.266479 0.080146 0.295448 0.072424 0.295448
1 0.063957 0.266266 0.071679 0.266266 0.071679 0.295235 0.063957 0.295235
1 0.055490 0.266532 0.063211 0.266532 0.063211 0.295502 0.055490 0.295502
1 0.047076 0.266425 0.054797 0.266425 0.054797 0.295395 0.047076 0.295395
1 0.038662 0.266425 0.046383 0.266425 0.046383 0.295395 0.038662 0.295395
1 0.004580 0.266638 0.012301 0.266638 0.012301 0.295608 0.004580 0.295608
1 0.012994 0.266638 0.020715 0.266638 0.020715 0.295608 0.012994 0.295608
1 0.021408 0.266745 0.029129 0.266745 0.029129 0.295715 0.021408 0.295715
1 0.029875 0.266479 0.037597 0.266479 0.037597 0.295448 0.029875 0.295448
1 0.166444 0.702492 0.174166 0.702492 0.174166 0.731462 0.166444 0.731462
1 0.157551 0.702545 0.165273 0.702545 0.165273 0.731515 0.157551 0.731515
1 0.149243 0.702545 0.156965 0.702545 0.156965 0.731515 0.149243 0.731515
1 0.140350 0.702598 0.148072 0.702598 0.148072 0.731568 0.140350 0.731568
1 0.131936 0.702439 0.139658 0.702439 0.139658 0.731408 0.131936 0.731408
1 0.123362 0.702492 0.131084 0.702492 0.131084 0.731462 0.123362 0.731462
1 0.115055 0.702492 0.122777 0.702492 0.122777 0.731462 0.115055 0.731462
1 0.106428 0.702492 0.114150 0.702492 0.114150 0.731462 0.106428 0.731462
1 0.098333 0.702492 0.106055 0.702492 0.106055 0.731462 0.098333 0.731462
1 0.080916 0.702043 0.088637 0.702043 0.088637 0.731013 0.080916 0.731013
1 0.089223 0.702096 0.096945 0.702096 0.096945 0.731066 0.089223 0.731066
1 0.072182 0.702043 0.079904 0.702043 0.079904 0.731013 0.072182 0.731013
1 0.063715 0.701830 0.071437 0.701830 0.071437 0.730800 0.063715 0.730800
1 0.055248 0.702096 0.062969 0.702096 0.062969 0.731066 0.055248 0.731066
1 0.046834 0.701990 0.054555 0.701990 0.054555 0.730959 0.046834 0.730959
1 0.038420 0.701990 0.046141 0.701990 0.046141 0.730959 0.038420 0.730959
1 0.029633 0.702043 0.037355 0.702043 0.037355 0.731013 0.029633 0.731013
1 0.021166 0.702309 0.028887 0.702309 0.028887 0.731279 0.021166 0.731279
1 0.012752 0.702203 0.020473 0.702203 0.020473 0.731172 0.012752 0.731172
1 0.004338 0.702203 0.012059 0.702203 0.012059 0.731172 0.004338 0.731172
1 0.821688 0.701859 0.829362 0.701859 0.829362 0.730429 0.821688 0.730429
1 0.830296 0.701911 0.837970 0.701911 0.837970 0.730481 0.830296 0.730481
1 0.847251 0.701859 0.854925 0.701859 0.854925 0.730429 0.847251 0.730429
1 0.838644 0.701807 0.846318 0.701807 0.846318 0.730377 0.838644 0.730377
1 0.881110 0.701962 0.888784 0.701962 0.888784 0.730533 0.881110 0.730533
1 0.872503 0.701911 0.880177 0.701911 0.880177 0.730481 0.872503 0.730481
1 0.864155 0.702014 0.871829 0.702014 0.871829 0.730585 0.864155 0.730585
1 0.855547 0.701962 0.863221 0.701962 0.863221 0.730533 0.855547 0.730533
1 0.148957 0.702281 0.156679 0.702281 0.156679 0.731251 0.148957 0.731251
1 0.157265 0.702334 0.164987 0.702334 0.164987 0.731304 0.157265 0.731304
1 0.140224 0.702281 0.147946 0.702281 0.147946 0.731251 0.140224 0.731251
1 0.131757 0.702068 0.139478 0.702068 0.139478 0.731038 0.131757 0.731038
1 0.123289 0.702334 0.131011 0.702334 0.131011 0.731304 0.123289 0.731304
1 0.114875 0.702228 0.122597 0.702228 0.122597 0.731197 0.114875 0.731197
1 0.106461 0.702228 0.114183 0.702228 0.114183 0.731197 0.106461 0.731197
1 0.097675 0.702281 0.105396 0.702281 0.105396 0.731251 0.097675 0.731251
1 0.089207 0.702547 0.096929 0.702547 0.096929 0.731517 0.089207 0.731517
1 0.080793 0.702441 0.088515 0.702441 0.088515 0.731410 0.080793 0.731410
1 0.072379 0.702441 0.080101 0.702441 0.080101 0.731410 0.072379 0.731410
1 0.889730 0.702097 0.897404 0.702097 0.897404 0.730667 0.889730 0.730667
1 0.898337 0.702149 0.906011 0.702149 0.906011 0.730719 0.898337 0.730719
1 0.915293 0.702097 0.922967 0.702097 0.922967 0.730667 0.915293 0.730667
1 0.906685 0.702045 0.914359 0.702045 0.914359 0.730615 0.906685 0.730615
1 0.949152 0.702200 0.956826 0.702200 0.956826 0.730771 0.949152 0.730771
1 0.940544 0.702149 0.948219 0.702149 0.948219 0.730719 0.940544 0.730719
1 0.932196 0.702252 0.939870 0.702252 0.939870 0.730823 0.932196 0.730823
1 0.923589 0.702200 0.931263 0.702200 0.931263 0.730771 0.923589 0.730771
1 0.991533 0.701883 0.999207 0.701883 0.999207 0.730453 0.991533 0.730453
1 0.982926 0.701831 0.990600 0.701831 0.990600 0.730402 0.982926 0.730402
1 0.974577 0.701935 0.982251 0.701935 0.982251 0.730505 0.974577 0.730505
1 0.965970 0.701883 0.973644 0.701883 0.973644 0.730453 0.965970 0.730453
1 0.957674 0.701779 0.965348 0.701779 0.965348 0.730350 0.957674 0.730350
1 0.821453 0.266112 0.829282 0.266112 0.829282 0.294921 0.821453 0.294921
1 0.829776 0.266176 0.837605 0.266176 0.837605 0.294985 0.829776 0.294985
1 0.846681 0.266305 0.854509 0.266305 0.854509 0.295114 0.846681 0.295114
1 0.838357 0.266241 0.846186 0.266241 0.846186 0.295050 0.838357 0.295050
1 0.863908 0.266370 0.871737 0.266370 0.871737 0.295179 0.863908 0.295179
1 0.855262 0.266305 0.863091 0.266305 0.863091 0.295114 0.855262 0.295114
1 0.872424 0.266370 0.880253 0.266370 0.880253 0.295179 0.872424 0.295179
1 0.881070 0.266435 0.888899 0.266435 0.888899 0.295243 0.881070 0.295243
1 0.889845 0.266370 0.897674 0.266370 0.897674 0.295179 0.889845 0.295179
1 0.898138 0.266471 0.905967 0.266471 0.905967 0.295280 0.898138 0.295280
1 0.906365 0.266391 0.914194 0.266391 0.914194 0.295199 0.906365 0.295199
1 0.914726 0.266439 0.922555 0.266439 0.922555 0.295248 0.914726 0.295248
1 0.923254 0.266439 0.931083 0.266439 0.931083 0.295248 0.923254 0.295248
1 0.931902 0.266469 0.939731 0.266469 0.939731 0.295278 0.931902 0.295278
1 0.940340 0.266559 0.948169 0.266559 0.948169 0.295368 0.940340 0.295368
1 0.948899 0.266439 0.956728 0.266439 0.956728 0.295248 0.948899 0.295248
1 0.957337 0.266529 0.965166 0.266529 0.965166 0.295338 0.957337 0.295338
1 0.983072 0.266349 0.990900 0.266349 0.990900 0.295158 0.983072 0.295158
1 0.974633 0.266260 0.982462 0.266260 0.982462 0.295068 0.974633 0.295068
1 0.966075 0.266379 0.973904 0.266379 0.973904 0.295188 0.966075 0.295188
1 0.991510 0.266409 0.999339 0.266409 0.999339 0.295218 0.991510 0.295218
