0 0.390003 0.242526 0.130381 0.551190 0.440597 0.809243 0.699318 0.500467
1 0.690489 0.513127 0.714303 0.532204 0.710138 0.537281 0.685680 0.518583
1 0.685354 0.519688 0.709168 0.538764 0.705004 0.543842 0.680546 0.525144
1 0.679364 0.526077 0.703178 0.545154 0.699014 0.550231 0.674556 0.531533
1 0.674230 0.532638 0.697587 0.551372 0.693480 0.556392 0.669421 0.538094
1 0.652323 0.559051 0.676137 0.578128 0.671973 0.583205 0.647515 0.564507
1 0.668810 0.539427 0.692453 0.557876 0.687946 0.563181 0.664002 0.544883
1 0.663448 0.546101 0.687262 0.565178 0.683097 0.570255 0.658639 0.551557
1 0.657458 0.552491 0.681271 0.571567 0.677107 0.576645 0.652649 0.557947
1 0.646655 0.565514 0.670469 0.584590 0.666304 0.589667 0.641846 0.570969
1 0.641520 0.572074 0.665334 0.591151 0.661170 0.596228 0.636712 0.577530
1 0.635530 0.578464 0.659344 0.597540 0.655180 0.602617 0.630722 0.583919
1 0.630396 0.585024 0.653753 0.603758 0.649646 0.608779 0.625587 0.590480
1 0.608489 0.611438 0.632449 0.630243 0.628139 0.635591 0.603681 0.616893
1 0.624976 0.591813 0.648619 0.610262 0.644112 0.615567 0.620168 0.597269
1 0.619614 0.598488 0.643428 0.617564 0.639263 0.622641 0.614805 0.603943
1 0.613624 0.604877 0.637913 0.623526 0.633273 0.629031 0.608815 0.610333
1 0.526217 0.709549 0.550102 0.727741 0.545594 0.733274 0.521409 0.715005
1 0.603082 0.617800 0.626896 0.636876 0.622731 0.641954 0.598274 0.623256
1 0.597948 0.624360 0.621103 0.642956 0.616888 0.648209 0.593139 0.629816
1 0.591958 0.630750 0.615771 0.649826 0.611607 0.654904 0.587149 0.636206
1 0.586823 0.637310 0.610181 0.656044 0.606073 0.661065 0.582015 0.642766
1 0.564942 0.663442 0.588756 0.682518 0.584592 0.687596 0.560134 0.668898
1 0.581404 0.644099 0.605046 0.662548 0.600540 0.667854 0.576595 0.649555
1 0.576041 0.650774 0.599488 0.669339 0.595422 0.674518 0.571233 0.656230
1 0.570051 0.657163 0.593929 0.675640 0.589600 0.680943 0.565242 0.662619
1 0.559248 0.670186 0.583062 0.689262 0.578897 0.694340 0.554440 0.675642
1 0.554191 0.676618 0.578004 0.695695 0.573840 0.700772 0.549382 0.682074
1 0.548252 0.682803 0.572066 0.701879 0.567901 0.706957 0.543443 0.688259
1 0.542989 0.689696 0.566347 0.708431 0.562239 0.713451 0.538181 0.695152
1 0.521083 0.716110 0.544800 0.734247 0.540266 0.739728 0.516274 0.721566
1 0.537570 0.696485 0.561212 0.714934 0.556706 0.720240 0.532761 0.701941
1 0.532335 0.702955 0.555635 0.721337 0.551358 0.726486 0.527527 0.708411
1 0.466454 0.781078 0.489754 0.799460 0.485476 0.804609 0.461645 0.786534
1 0.499061 0.741565 0.522875 0.760641 0.518710 0.765719 0.494252 0.747021
1 0.515522 0.722222 0.539165 0.740671 0.534658 0.745976 0.510714 0.727678
1 0.510160 0.728897 0.533606 0.747462 0.529540 0.752641 0.505351 0.734352
1 0.504170 0.735286 0.528048 0.753763 0.523719 0.759065 0.499361 0.740742
1 0.493367 0.748309 0.517180 0.767385 0.513016 0.772463 0.488558 0.753765
1 0.488309 0.754741 0.511943 0.773534 0.507710 0.778587 0.483501 0.760197
1 0.482802 0.761314 0.506242 0.780142 0.501836 0.785412 0.477994 0.766770
1 0.477410 0.767862 0.500768 0.786597 0.496660 0.791617 0.472602 0.773318
1 0.455417 0.794492 0.479135 0.812629 0.474601 0.818111 0.450609 0.799948
1 0.471688 0.774608 0.495331 0.793057 0.490824 0.798363 0.466880 0.780064
1 0.460897 0.787845 0.484782 0.806036 0.480274 0.811569 0.456089 0.793301
1 0.353814 0.239586 0.375009 0.258171 0.379961 0.252313 0.359033 0.233568
1 0.348116 0.246136 0.369310 0.264721 0.374423 0.258810 0.353334 0.240118
1 0.342844 0.252846 0.364038 0.271431 0.368991 0.265573 0.348062 0.246828
1 0.337199 0.259343 0.358820 0.277822 0.363506 0.272017 0.342418 0.253325
1 0.315463 0.285040 0.336720 0.304022 0.341406 0.298218 0.320318 0.279526
1 0.331714 0.265786 0.352908 0.284372 0.357861 0.278514 0.336933 0.259769
1 0.326016 0.272336 0.347210 0.290922 0.352323 0.285011 0.331234 0.266319
1 0.320744 0.279046 0.341938 0.297632 0.346891 0.291774 0.325962 0.273029
1 0.276902 0.331313 0.298097 0.349898 0.303049 0.344040 0.282121 0.325295
1 0.310073 0.291586 0.331268 0.310172 0.336221 0.304314 0.315023 0.285480
1 0.304555 0.298041 0.325363 0.316903 0.330475 0.310992 0.309387 0.292300
1 0.299051 0.304924 0.320246 0.323509 0.325199 0.317651 0.304270 0.298906
1 0.293174 0.311731 0.314795 0.330210 0.319481 0.324405 0.298393 0.305713
1 0.271253 0.337351 0.292695 0.356105 0.297381 0.350300 0.276293 0.331609
1 0.288381 0.317690 0.309264 0.336706 0.314217 0.330848 0.293174 0.312438
1 0.282702 0.324192 0.303369 0.343219 0.308481 0.337307 0.287393 0.318616
1 0.195087 0.428642 0.215754 0.447668 0.220866 0.441757 0.199778 0.423065
1 0.266199 0.344036 0.287394 0.362621 0.292346 0.356763 0.271183 0.338140
1 0.260501 0.350586 0.281696 0.369171 0.286808 0.363260 0.265720 0.344568
1 0.255229 0.357296 0.276423 0.375881 0.281376 0.370023 0.260448 0.351278
1 0.249669 0.363623 0.271289 0.382102 0.275976 0.376297 0.254887 0.357606
1 0.227976 0.389413 0.249233 0.408395 0.253919 0.402590 0.232831 0.383899
1 0.244311 0.370067 0.265505 0.388652 0.270458 0.382794 0.249257 0.364216
1 0.238785 0.376684 0.259980 0.395269 0.265092 0.389358 0.244004 0.370666
1 0.233257 0.383266 0.254452 0.401851 0.259404 0.395993 0.238476 0.377248
1 0.189620 0.435583 0.210815 0.454168 0.215767 0.448311 0.194839 0.429565
1 0.222458 0.396036 0.243653 0.414622 0.248606 0.408764 0.227408 0.389929
1 0.217196 0.402261 0.238004 0.421122 0.243117 0.415211 0.222028 0.396519
1 0.211437 0.409374 0.232631 0.427959 0.237584 0.422101 0.216655 0.403356
1 0.205790 0.416027 0.227410 0.434506 0.232097 0.428701 0.211008 0.410010
1 0.183869 0.441826 0.205310 0.460581 0.209997 0.454776 0.188908 0.436084
1 0.200766 0.422139 0.221649 0.441155 0.226602 0.435298 0.205559 0.416888
1 0.156775 0.474606 0.177659 0.493622 0.182611 0.487765 0.161568 0.469355
1 0.145629 0.488050 0.166824 0.506635 0.171777 0.500777 0.150848 0.482032
1 0.178468 0.448503 0.199663 0.467088 0.204615 0.461231 0.183418 0.442396
1 0.173206 0.454728 0.194014 0.473589 0.199126 0.467678 0.178038 0.448986
1 0.167360 0.461783 0.188555 0.480369 0.193507 0.474511 0.172579 0.455766
1 0.161770 0.468265 0.183391 0.486744 0.188077 0.480939 0.166989 0.462247
1 0.139878 0.494293 0.161320 0.513047 0.166006 0.507243 0.144918 0.488551
1 0.151097 0.481109 0.171763 0.500135 0.176876 0.494224 0.155787 0.475532
1 0.117871 0.519856 0.139312 0.538610 0.143998 0.532805 0.122910 0.514113
1 0.123622 0.513612 0.144816 0.532198 0.149769 0.526340 0.128841 0.507595
1 0.129089 0.506672 0.149756 0.525698 0.154868 0.519787 0.133780 0.501095
1 0.134767 0.500169 0.155651 0.519185 0.160604 0.513327 0.139561 0.494918
1 0.022240 0.463256 0.002354 0.486579 0.006773 0.490753 0.027314 0.467675
1 0.421847 0.227540 0.401674 0.249967 0.407621 0.255215 0.427638 0.232399
1 0.428377 0.233137 0.408204 0.255565 0.414151 0.260812 0.434168 0.237996
1 0.441570 0.243894 0.421397 0.266322 0.427344 0.271569 0.447362 0.248753
1 0.435040 0.238297 0.414867 0.260724 0.420814 0.265972 0.440832 0.243156
1 0.461725 0.260049 0.441552 0.282476 0.447499 0.287723 0.467516 0.264907
1 0.448531 0.249292 0.428358 0.271719 0.434305 0.276966 0.454323 0.254150
1 0.455061 0.254889 0.434888 0.277316 0.440835 0.282564 0.460853 0.259747
1 0.468255 0.265646 0.448082 0.288073 0.454029 0.293321 0.474046 0.270504
1 0.520506 0.310054 0.500333 0.332482 0.506280 0.337729 0.526298 0.314913
1 0.474520 0.271245 0.454347 0.293672 0.460294 0.298919 0.480312 0.276103
1 0.481050 0.276842 0.460877 0.299269 0.466824 0.304517 0.486842 0.281700
1 0.494056 0.287833 0.473883 0.310261 0.479830 0.315508 0.499848 0.292692
1 0.487620 0.282377 0.467447 0.304804 0.473394 0.310052 0.493412 0.287236
1 0.514070 0.304082 0.493897 0.326509 0.499844 0.331757 0.519862 0.308940
1 0.500689 0.293372 0.480516 0.315799 0.486463 0.321046 0.506480 0.298230
1 0.507735 0.298593 0.487562 0.321021 0.493509 0.326268 0.513526 0.303452
1 0.612226 0.386134 0.592053 0.408561 0.598000 0.413808 0.618017 0.390992
1 0.526338 0.315080 0.506165 0.337508 0.512111 0.342755 0.532129 0.319939
1 0.532868 0.320677 0.512695 0.343105 0.518641 0.348352 0.538659 0.325536
1 0.546061 0.331434 0.525888 0.353862 0.531835 0.359109 0.551853 0.336293
1 0.539531 0.325837 0.519358 0.348265 0.525305 0.353512 0.545323 0.330696
1 0.566216 0.347589 0.546043 0.370016 0.551990 0.375264 0.572007 0.352447
1 0.553022 0.336832 0.532849 0.359259 0.538796 0.364507 0.558814 0.341690
1 0.559552 0.342429 0.539379 0.364856 0.545326 0.370104 0.565344 0.347288
1 0.572746 0.353186 0.552573 0.375613 0.558520 0.380861 0.578537 0.358045
1 0.624963 0.397285 0.604790 0.419712 0.610737 0.424960 0.630754 0.402144
1 0.579011 0.358785 0.558838 0.381212 0.564785 0.386460 0.584803 0.363643
1 0.585541 0.364382 0.565368 0.386809 0.571315 0.392057 0.591333 0.369241
1 0.598547 0.375373 0.578374 0.397801 0.584321 0.403048 0.604339 0.380232
1 0.592111 0.369917 0.571938 0.392345 0.577885 0.397592 0.597903 0.374776
1 0.618561 0.391622 0.598388 0.414049 0.604335 0.419297 0.624353 0.396481
1 0.605180 0.380912 0.585007 0.403339 0.590954 0.408587 0.610971 0.385770
1 0.664108 0.429950 0.643934 0.452378 0.649881 0.457625 0.669899 0.434809
1 0.631295 0.402878 0.611122 0.425305 0.617069 0.430553 0.637087 0.407736
1 0.683375 0.446598 0.663202 0.469026 0.669149 0.474273 0.689166 0.451457
1 0.637836 0.407995 0.617604 0.430978 0.623140 0.435688 0.643627 0.412854
1 0.644469 0.413420 0.624296 0.435848 0.630051 0.441086 0.650261 0.418279
1 0.657475 0.424412 0.637302 0.446839 0.643249 0.452087 0.663267 0.429271
1 0.651039 0.418956 0.630866 0.441383 0.636813 0.446630 0.656830 0.423814
1 0.676904 0.441142 0.656731 0.463569 0.662678 0.468817 0.682696 0.446000
1 0.670775 0.435447 0.650061 0.458243 0.655734 0.462747 0.676567 0.440306
1 0.702626 0.462867 0.682676 0.485108 0.688623 0.490356 0.708528 0.467709
1 0.695979 0.457567 0.676206 0.479652 0.682153 0.484899 0.701996 0.462351
1 0.689847 0.452094 0.669535 0.474325 0.675208 0.478829 0.695377 0.456621
1 0.141443 0.561677 0.122965 0.583415 0.128871 0.588668 0.146877 0.566024
1 0.148073 0.567220 0.129595 0.588958 0.135501 0.594212 0.153507 0.571568
1 0.161333 0.578162 0.143472 0.600117 0.148761 0.604610 0.166768 0.582509
1 0.154703 0.572618 0.136226 0.594356 0.142131 0.599610 0.160138 0.576966
1 0.180751 0.594619 0.162800 0.616553 0.168179 0.621610 0.186185 0.598967
1 0.167655 0.583604 0.149178 0.605342 0.155084 0.610595 0.173090 0.587952
1 0.174540 0.589000 0.156063 0.610738 0.161968 0.615992 0.179975 0.593348
1 0.187197 0.600089 0.169336 0.622044 0.174625 0.626537 0.192632 0.604436
1 0.240136 0.644279 0.222274 0.666235 0.227564 0.670727 0.245570 0.648627
1 0.194381 0.605867 0.175904 0.627605 0.181362 0.631900 0.199573 0.610065
1 0.201011 0.611411 0.182534 0.633149 0.188047 0.637679 0.206102 0.615563
1 0.213465 0.621797 0.195603 0.643753 0.201237 0.648588 0.219188 0.626603
1 0.207289 0.616456 0.188811 0.638194 0.194717 0.643447 0.212723 0.620803
1 0.233505 0.638736 0.215028 0.660474 0.220934 0.665727 0.238940 0.643083
1 0.220594 0.627794 0.202117 0.649532 0.208022 0.654786 0.226029 0.632142
1 0.227075 0.633338 0.208597 0.655076 0.214503 0.660329 0.232509 0.637685
1 0.331788 0.720366 0.313311 0.742104 0.319216 0.747358 0.337223 0.724714
1 0.246921 0.649470 0.228444 0.671208 0.234349 0.676461 0.252355 0.653818
1 0.253551 0.655013 0.235074 0.676751 0.240979 0.682005 0.258986 0.659361
1 0.266811 0.665955 0.248950 0.687910 0.254239 0.692403 0.272246 0.670302
1 0.260181 0.660411 0.241704 0.682150 0.247609 0.687403 0.265616 0.664759
1 0.285799 0.682030 0.267848 0.703963 0.273227 0.709021 0.291233 0.686377
1 0.272990 0.671158 0.254513 0.692896 0.260418 0.698150 0.278425 0.675506
1 0.279827 0.676650 0.261350 0.698388 0.267256 0.703641 0.285262 0.680997
1 0.292389 0.687834 0.274527 0.709789 0.279817 0.714282 0.297823 0.692182
1 0.344610 0.731308 0.326749 0.753263 0.332038 0.757756 0.350045 0.735655
1 0.299143 0.693183 0.280665 0.714921 0.286541 0.719698 0.304701 0.697572
1 0.305773 0.698630 0.287295 0.720368 0.292808 0.724899 0.310863 0.702783
1 0.318943 0.709590 0.301082 0.731546 0.306715 0.736381 0.324666 0.714397
1 0.312767 0.704249 0.294289 0.725987 0.300195 0.731240 0.318201 0.708597
1 0.338219 0.725908 0.319742 0.747646 0.325647 0.752899 0.343654 0.730255
1 0.325355 0.715253 0.306878 0.736991 0.312490 0.741681 0.330411 0.719411
1 0.363905 0.747601 0.345955 0.769535 0.351333 0.774593 0.369339 0.751949
1 0.351096 0.736730 0.332619 0.758468 0.338525 0.763721 0.356531 0.741077
1 0.357934 0.742222 0.339456 0.763960 0.345362 0.769213 0.363368 0.746569
1 0.370495 0.753406 0.352633 0.775361 0.357923 0.779854 0.375929 0.757753
1 0.422716 0.796879 0.404855 0.818835 0.410145 0.823327 0.428151 0.801227
1 0.377249 0.758754 0.358771 0.780492 0.364647 0.785270 0.382807 0.763144
1 0.383879 0.764202 0.365402 0.785940 0.370914 0.790471 0.388969 0.768354
1 0.396593 0.775010 0.378731 0.796966 0.384365 0.801800 0.402316 0.779816
1 0.390315 0.769466 0.371838 0.791204 0.377743 0.796457 0.395750 0.773813
1 0.416122 0.791378 0.397645 0.813116 0.403550 0.818369 0.421557 0.795726
1 0.403462 0.780825 0.384984 0.802563 0.390597 0.807253 0.408517 0.784983
1 0.409793 0.785836 0.391316 0.807574 0.397221 0.812828 0.415228 0.790184
0 0.631424 0.064145 0.628335 0.072984 0.644208 0.078117 0.647297 0.069515
1 0.647534 0.069325 0.644255 0.078592 0.648152 0.080018 0.651574 0.070703
1 0.631587 0.063011 0.627831 0.073892 0.623265 0.072143 0.627313 0.061489
1 0.612761 0.068885 0.609482 0.078151 0.613379 0.079577 0.616800 0.070263
0 0.596651 0.063705 0.593562 0.072544 0.609434 0.077676 0.612523 0.069075
1 0.596657 0.062931 0.593119 0.072966 0.588731 0.071334 0.592499 0.061048
1 0.579405 0.069290 0.576126 0.078557 0.580023 0.079982 0.583444 0.070668
0 0.563295 0.064110 0.560206 0.072949 0.576078 0.078082 0.579167 0.069480
1 0.563301 0.063337 0.559763 0.073372 0.555375 0.071739 0.559143 0.061454
0 0.529377 0.063548 0.526255 0.072285 0.541855 0.078356 0.545441 0.069595
1 0.545795 0.069189 0.541906 0.078663 0.545799 0.080225 0.549334 0.070517
1 0.529384 0.062775 0.525846 0.072810 0.522182 0.071491 0.525743 0.061347
0 0.494729 0.063512 0.491684 0.071980 0.507291 0.077894 0.510930 0.069426
1 0.511280 0.068936 0.507116 0.078734 0.510720 0.080274 0.514920 0.070546
1 0.494694 0.062847 0.491264 0.072540 0.487730 0.071175 0.491369 0.061762
0 0.460541 0.063529 0.476615 0.068922 0.473780 0.077944 0.457706 0.072275
1 0.476921 0.068571 0.473719 0.078689 0.477715 0.079944 0.480891 0.069775
1 0.460758 0.062679 0.457326 0.072797 0.453686 0.071651 0.457377 0.061603
0 0.427635 0.063993 0.442740 0.069906 0.439666 0.078220 0.424034 0.071926
1 0.443340 0.069083 0.439549 0.078970 0.443852 0.080533 0.447490 0.070492
1 0.423514 0.060937 0.419211 0.071363 0.423514 0.072925 0.427894 0.062884
0 0.392784 0.063756 0.389582 0.072325 0.406018 0.077905 0.408702 0.069398
1 0.409098 0.068971 0.405927 0.078698 0.410226 0.079918 0.412971 0.070160
1 0.388728 0.061469 0.384856 0.071563 0.389155 0.072782 0.392936 0.063055
0 0.358394 0.063410 0.355183 0.071902 0.370856 0.077667 0.374239 0.069244
1 0.374722 0.068692 0.370718 0.078565 0.375033 0.080187 0.378830 0.070418
1 0.358471 0.062723 0.354716 0.072643 0.351427 0.070959 0.355519 0.061480
0 0.324880 0.064096 0.340704 0.069120 0.337700 0.078159 0.321746 0.072772
1 0.340984 0.068699 0.337705 0.078919 0.341189 0.080200 0.344518 0.069698
1 0.321721 0.061757 0.317802 0.072131 0.321286 0.073412 0.325051 0.063115
0 0.290603 0.063993 0.287324 0.072219 0.303454 0.077664 0.306645 0.069350
1 0.307095 0.068596 0.303279 0.078765 0.307147 0.080277 0.310809 0.070108
1 0.290727 0.062987 0.286732 0.073181 0.283069 0.071516 0.287321 0.061911
0 0.257454 0.063397 0.254124 0.072643 0.269877 0.078381 0.272976 0.069672
1 0.273335 0.069237 0.269877 0.078868 0.273361 0.080149 0.276716 0.070594
1 0.257480 0.062577 0.253484 0.073566 0.249283 0.072234 0.253689 0.060861
0 0.222131 0.063345 0.218673 0.071824 0.234759 0.077971 0.237961 0.069032
1 0.238294 0.068545 0.234759 0.078663 0.238397 0.079969 0.242008 0.070005
1 0.222106 0.062910 0.218289 0.072208 0.215523 0.070697 0.219314 0.062116
0 0.188166 0.063806 0.185015 0.072439 0.201153 0.078202 0.204355 0.069518
1 0.204534 0.069518 0.201204 0.078535 0.204892 0.079739 0.208120 0.070876
1 0.188192 0.063320 0.184759 0.072643 0.181122 0.070876 0.184631 0.062244
0 0.153740 0.063806 0.169749 0.069237 0.167034 0.078099 0.150692 0.072234
1 0.170005 0.069006 0.167034 0.078791 0.170774 0.079918 0.173873 0.070133
1 0.153689 0.063397 0.150538 0.072413 0.147310 0.071004 0.150589 0.062526
0 0.120261 0.063627 0.116957 0.072054 0.132531 0.078304 0.135938 0.070005
0 0.086373 0.063883 0.083094 0.072413 0.099360 0.078048 0.102510 0.069518
0 0.050000 0.066624 0.066983 0.066624 0.066983 0.076025 0.050000 0.076025
0 0.015599 0.066393 0.032684 0.066393 0.032684 0.075845 0.015599 0.075845
1 0.136168 0.069928 0.132684 0.078586 0.136552 0.080072 0.140010 0.071363
1 0.120210 0.063089 0.116547 0.072541 0.113140 0.070825 0.116957 0.062039
1 0.102561 0.069749 0.099360 0.078560 0.102459 0.079688 0.105789 0.070722
1 0.086245 0.063525 0.082787 0.072695 0.079355 0.071183 0.082736 0.062526
0 0.665138 0.063755 0.661911 0.072387 0.677971 0.078048 0.681019 0.069288
0 0.699078 0.063601 0.715138 0.069109 0.712218 0.078074 0.696055 0.072439
0 0.733530 0.063755 0.730661 0.072208 0.747131 0.077741 0.749872 0.069006
0 0.767751 0.063576 0.783837 0.069570 0.780840 0.077894 0.764652 0.072208
0 0.801434 0.063678 0.817649 0.068801 0.814780 0.077792 0.798591 0.072234
0 0.835886 0.063038 0.832454 0.071568 0.848514 0.077894 0.851588 0.069109
0 0.869877 0.063448 0.866522 0.071773 0.882275 0.077920 0.885451 0.069698
0 0.903714 0.063960 0.900640 0.072439 0.916675 0.077818 0.919544 0.069493
0 0.937423 0.063217 0.933786 0.071901 0.950000 0.077715 0.953253 0.069237
0 0.971901 0.063550 0.968904 0.072464 0.984990 0.078227 0.988038 0.069365
1 0.664985 0.063268 0.661655 0.072669 0.657966 0.070978 0.661245 0.062295
1 0.681352 0.068750 0.678023 0.078586 0.681967 0.079892 0.685092 0.070056
1 0.698975 0.063166 0.695850 0.072643 0.692188 0.070978 0.695543 0.062346
1 0.715471 0.068801 0.712321 0.078509 0.716598 0.079713 0.719314 0.069954
1 0.733607 0.063012 0.730353 0.072592 0.727024 0.071183 0.730149 0.062039
1 0.750128 0.068724 0.747054 0.078432 0.750282 0.079559 0.753458 0.069621
1 0.767649 0.063038 0.764600 0.072182 0.760809 0.070774 0.764421 0.061936
1 0.784298 0.069006 0.780866 0.078484 0.784477 0.079892 0.787756 0.070056
1 0.801460 0.063140 0.798258 0.072643 0.794723 0.071107 0.798105 0.062090
1 0.817828 0.068468 0.814780 0.078356 0.818468 0.079380 0.821414 0.069518
1 0.851844 0.068904 0.848514 0.078304 0.851895 0.079585 0.855353 0.070184
1 0.835656 0.063217 0.832300 0.071516 0.828612 0.069493 0.831993 0.061911
1 0.885733 0.069390 0.882428 0.078176 0.886450 0.079636 0.889754 0.070902
1 0.869749 0.063166 0.866317 0.071773 0.862705 0.069723 0.866342 0.062065
1 0.919851 0.069057 0.916470 0.078535 0.920312 0.079918 0.923719 0.070312
1 0.903740 0.063345 0.900333 0.072772 0.896209 0.070774 0.900102 0.062039
1 0.953637 0.068622 0.949898 0.078586 0.953945 0.079995 0.957531 0.069877
1 0.937193 0.063320 0.933837 0.071568 0.930482 0.069826 0.933940 0.062141
1 0.988140 0.069672 0.985220 0.078023 0.988448 0.078996 0.991393 0.070953
1 0.971875 0.063140 0.968699 0.072618 0.964626 0.070825 0.968135 0.061936
1 0.067136 0.065164 0.071901 0.065164 0.071901 0.077357 0.067136 0.077357
1 0.045748 0.065138 0.049795 0.065138 0.049795 0.077843 0.045748 0.077843
1 0.032813 0.065036 0.037756 0.065036 0.037756 0.077408 0.032813 0.077408
1 0.011834 0.065113 0.015471 0.065113 0.015471 0.077510 0.011834 0.077510
0 0.956788 0.200077 0.966291 0.200077 0.966291 0.204739 0.956788 0.204739
1 0.966445 0.198181 0.969877 0.198181 0.969877 0.206352 0.966445 0.206352
1 0.954047 0.198181 0.956557 0.198181 0.956557 0.206096 0.954047 0.206096
0 0.922541 0.200026 0.932223 0.200026 0.932223 0.204867 0.922541 0.204867
1 0.932480 0.198233 0.934964 0.198233 0.934964 0.206685 0.932480 0.206685
1 0.920005 0.198130 0.922362 0.198130 0.922362 0.206045 0.920005 0.206045
0 0.888730 0.199795 0.897976 0.199795 0.897976 0.204739 0.888730 0.204739
1 0.898156 0.197925 0.901127 0.197925 0.901127 0.206199 0.898156 0.206199
1 0.885963 0.197797 0.888576 0.197797 0.888576 0.206122 0.885963 0.206122
0 0.854739 0.200026 0.864114 0.200026 0.864114 0.204611 0.854739 0.204611
1 0.864293 0.198079 0.867213 0.198079 0.867213 0.206481 0.864293 0.206481
1 0.852075 0.198105 0.854534 0.198105 0.854534 0.205866 0.852075 0.205866
0 0.820697 0.199641 0.830302 0.199641 0.830302 0.204995 0.820697 0.204995
1 0.830558 0.198079 0.833299 0.198079 0.833299 0.206301 0.830558 0.206301
1 0.817751 0.198053 0.820569 0.198053 0.820569 0.206019 0.817751 0.206019
0 0.786808 0.200154 0.796388 0.200154 0.796388 0.205251 0.786808 0.205251
1 0.796491 0.198233 0.799206 0.198233 0.799206 0.206378 0.796491 0.206378
1 0.783709 0.197823 0.786706 0.197823 0.786706 0.206045 0.783709 0.206045
0 0.752561 0.199641 0.762090 0.199641 0.762090 0.204662 0.752561 0.204662
1 0.762449 0.198463 0.764882 0.198463 0.764882 0.206301 0.762449 0.206301
1 0.749744 0.198309 0.752357 0.198309 0.752357 0.206327 0.749744 0.206327
0 0.718545 0.199923 0.728432 0.199923 0.728432 0.205149 0.718545 0.205149
1 0.728586 0.198233 0.731660 0.198233 0.731660 0.206660 0.728586 0.206660
1 0.715164 0.198309 0.718315 0.198309 0.718315 0.206327 0.715164 0.206327
0 0.684144 0.199590 0.693468 0.199590 0.693468 0.204713 0.684144 0.204713
1 0.693750 0.198028 0.696696 0.198028 0.696696 0.206583 0.693750 0.206583
1 0.681276 0.198617 0.683888 0.198617 0.683888 0.206148 0.681276 0.206148
0 0.649769 0.200000 0.659452 0.200000 0.659452 0.205046 0.649769 0.205046
1 0.659606 0.198514 0.662167 0.198514 0.662167 0.206634 0.659606 0.206634
1 0.647259 0.198309 0.649565 0.198309 0.649565 0.206609 0.647259 0.206609
0 0.615881 0.200154 0.625564 0.200154 0.625564 0.204995 0.615881 0.204995
1 0.625845 0.198463 0.628637 0.198463 0.628637 0.206378 0.625845 0.206378
1 0.612961 0.198079 0.615676 0.198079 0.615676 0.206045 0.612961 0.206045
0 0.581916 0.200102 0.591470 0.200102 0.591470 0.204867 0.581916 0.204867
1 0.591624 0.198412 0.594518 0.198412 0.594518 0.206557 0.591624 0.206557
1 0.578842 0.198335 0.581737 0.198335 0.581737 0.206378 0.578842 0.206378
0 0.548053 0.200051 0.557608 0.200051 0.557608 0.205251 0.548053 0.205251
1 0.557787 0.198361 0.560528 0.198361 0.560528 0.206609 0.557787 0.206609
1 0.544980 0.198309 0.547925 0.198309 0.547925 0.206839 0.544980 0.206839
0 0.514011 0.199949 0.523514 0.199949 0.523514 0.205097 0.514011 0.205097
1 0.523796 0.198361 0.526614 0.198361 0.526614 0.206532 0.523796 0.206532
1 0.510938 0.198079 0.513858 0.198079 0.513858 0.206301 0.510938 0.206301
0 0.275564 0.199846 0.285374 0.199846 0.285374 0.204995 0.275564 0.204995
1 0.285553 0.198181 0.288345 0.198181 0.288345 0.206429 0.285553 0.206429
1 0.272106 0.198386 0.275359 0.198386 0.275359 0.206378 0.272106 0.206378
0 0.241752 0.200333 0.251255 0.200333 0.251255 0.205123 0.241752 0.205123
1 0.251409 0.198438 0.254226 0.198438 0.254226 0.206429 0.251409 0.206429
1 0.238601 0.198386 0.241470 0.198386 0.241470 0.206634 0.238601 0.206634
0 0.207018 0.200205 0.217188 0.200205 0.217188 0.204995 0.207018 0.204995
1 0.217341 0.197848 0.220108 0.197848 0.220108 0.206557 0.217341 0.206557
1 0.203714 0.198002 0.206711 0.198002 0.206711 0.206916 0.203714 0.206916
0 0.172976 0.200435 0.182813 0.200435 0.182813 0.205302 0.172976 0.205302
1 0.183017 0.198489 0.185733 0.198489 0.185733 0.206967 0.183017 0.206967
1 0.170133 0.198463 0.172695 0.198463 0.172695 0.206685 0.170133 0.206685
0 0.138986 0.200461 0.148540 0.200461 0.148540 0.205379 0.138986 0.205379
1 0.148745 0.198642 0.151691 0.198642 0.151691 0.206890 0.148745 0.206890
1 0.136194 0.198514 0.138755 0.198514 0.138755 0.206660 0.136194 0.206660
0 0.105020 0.199923 0.114677 0.199923 0.114677 0.204918 0.105020 0.204918
1 0.114908 0.198335 0.117725 0.198335 0.117725 0.206890 0.114908 0.206890
1 0.102638 0.198514 0.104892 0.198514 0.104892 0.206967 0.102638 0.206967
0 0.071004 0.200435 0.080840 0.200435 0.080840 0.205353 0.071004 0.205353
1 0.080943 0.198437 0.083607 0.198437 0.083607 0.206404 0.080943 0.206404
1 0.068340 0.198591 0.070799 0.198591 0.070799 0.206634 0.068340 0.206634
0 0.037072 0.200217 0.046496 0.200217 0.046496 0.205204 0.037072 0.205204
1 0.046658 0.198533 0.049605 0.198533 0.049605 0.206596 0.046658 0.206596
1 0.034417 0.198436 0.036911 0.198436 0.036911 0.206143 0.034417 0.206143
0 0.059315 0.932380 0.112149 0.932380 0.112149 0.973838 0.059315 0.973838
1 0.053731 0.928262 0.078997 0.928262 0.078997 0.948223 0.053731 0.948223
1 0.053902 0.958539 0.078825 0.958539 0.078825 0.978365 0.053902 0.978365
1 0.093900 0.958409 0.118781 0.958409 0.118781 0.978236 0.093900 0.978236
1 0.093857 0.928345 0.118867 0.928345 0.118867 0.948604 0.093857 0.948604
1 0.173039 0.928148 0.198305 0.928148 0.198305 0.948109 0.173039 0.948109
0 0.178622 0.932756 0.231457 0.932756 0.231457 0.974214 0.178622 0.974214
1 0.173209 0.958425 0.198133 0.958425 0.198133 0.978251 0.173209 0.978251
1 0.213165 0.928231 0.238175 0.928231 0.238175 0.948490 0.213165 0.948490
1 0.213208 0.958295 0.238089 0.958295 0.238089 0.978122 0.213208 0.978122
1 0.975382 0.337291 0.993361 0.357118 0.999149 0.351761 0.980738 0.331503
1 0.969163 0.343633 0.987142 0.363460 0.992930 0.358103 0.974519 0.337845
1 0.963005 0.349421 0.981416 0.369248 0.986588 0.364260 0.968177 0.344002
1 0.957340 0.355024 0.975566 0.375528 0.980246 0.370479 0.961835 0.350221
1 0.951368 0.361366 0.969532 0.381255 0.974396 0.376452 0.955986 0.356194
1 0.945333 0.367462 0.963498 0.387350 0.968362 0.382548 0.949951 0.362290
1 0.939299 0.373312 0.957094 0.393631 0.961958 0.388828 0.944533 0.368016
1 0.933388 0.379469 0.951183 0.399788 0.956047 0.394986 0.938622 0.374174
1 0.927231 0.385319 0.945026 0.405638 0.949890 0.400835 0.932464 0.380023
1 0.921320 0.391107 0.939114 0.411426 0.943979 0.406623 0.926553 0.385811
1 0.914977 0.397141 0.932772 0.417460 0.937637 0.412657 0.920211 0.391845
1 0.909436 0.403483 0.927231 0.423741 0.932095 0.418999 0.914670 0.398188
1 0.903032 0.409332 0.920827 0.429529 0.925999 0.425403 0.908574 0.404037
1 0.896813 0.415305 0.915637 0.436016 0.920598 0.430772 0.902355 0.410010
1 0.890843 0.421275 0.909667 0.441986 0.914628 0.436742 0.896385 0.415980
1 0.884873 0.427245 0.903697 0.447956 0.908658 0.442712 0.890415 0.421950
1 0.878540 0.433659 0.897363 0.454369 0.902325 0.449125 0.884082 0.428364
1 0.872449 0.439629 0.891272 0.460339 0.896234 0.455096 0.877991 0.434334
1 0.866398 0.445397 0.885222 0.466108 0.890183 0.460864 0.871940 0.440102
1 0.860267 0.451448 0.879090 0.472159 0.884052 0.466915 0.865808 0.446153
1 0.854095 0.457378 0.872919 0.478088 0.877880 0.472844 0.859637 0.452082
1 0.848367 0.463630 0.867191 0.484341 0.872152 0.479097 0.853909 0.458335
1 0.842478 0.469399 0.861301 0.490109 0.866263 0.484865 0.848019 0.464103
1 0.836750 0.475409 0.855573 0.496119 0.860535 0.490876 0.842291 0.470114
1 0.830497 0.481460 0.849321 0.502170 0.854282 0.496926 0.836039 0.476164
1 0.824366 0.487510 0.843189 0.508221 0.848151 0.502977 0.829907 0.482215
1 0.818033 0.493682 0.836856 0.514393 0.841818 0.509149 0.823574 0.488387
1 0.005416 0.519518 0.028450 0.537777 0.033611 0.531906 0.010319 0.513840
1 0.000393 0.525575 0.022456 0.543888 0.027125 0.538422 0.005021 0.520548
1 0.818613 0.557397 0.836442 0.538601 0.841786 0.543392 0.823173 0.562603
1 0.824740 0.563294 0.842569 0.544498 0.847913 0.549289 0.829301 0.568500
1 0.830499 0.569099 0.848327 0.550303 0.853672 0.555094 0.835059 0.574305
1 0.836764 0.575134 0.854593 0.556338 0.859937 0.561129 0.841325 0.580340
1 0.843306 0.581676 0.861135 0.562880 0.866479 0.567671 0.847867 0.586882
1 0.849203 0.587343 0.867032 0.568546 0.872376 0.573337 0.853764 0.592549
1 0.855008 0.593332 0.872837 0.574535 0.878181 0.579326 0.859568 0.598538
1 0.860628 0.598814 0.878457 0.580018 0.883801 0.584809 0.865189 0.604020
1 0.867078 0.605264 0.884907 0.586467 0.890251 0.591259 0.871639 0.610470
1 0.873297 0.611345 0.891126 0.592549 0.896470 0.597340 0.877858 0.616551
1 0.879056 0.617610 0.896885 0.598814 0.902229 0.603605 0.883617 0.622816
1 0.884861 0.623277 0.902690 0.604481 0.908034 0.609272 0.889422 0.628483
1 0.891264 0.629589 0.909093 0.610792 0.914438 0.615583 0.895825 0.634794
1 0.897115 0.635624 0.914944 0.616827 0.920288 0.621618 0.901676 0.640830
1 0.903473 0.641613 0.921302 0.622816 0.926646 0.627608 0.908034 0.646819
1 0.909324 0.647602 0.927153 0.628805 0.932497 0.633597 0.913885 0.652808
1 0.915635 0.653683 0.933464 0.634887 0.938808 0.639678 0.920196 0.658889
1 0.921118 0.659995 0.938947 0.641198 0.944291 0.645989 0.925679 0.665200
1 0.927245 0.665984 0.945074 0.647187 0.950418 0.651978 0.931806 0.671189
1 0.933372 0.671742 0.951201 0.652946 0.956545 0.657737 0.937933 0.676948
1 0.939545 0.677962 0.957374 0.659165 0.962719 0.663957 0.944106 0.683168
1 0.945535 0.684089 0.963364 0.665293 0.968708 0.670084 0.950095 0.689295
1 0.951708 0.690032 0.969537 0.671236 0.974881 0.676027 0.956269 0.695238
1 0.957789 0.696113 0.975618 0.677317 0.980962 0.682108 0.962350 0.701319
1 0.963548 0.701457 0.981377 0.682661 0.986721 0.687452 0.968109 0.706663
1 0.969537 0.707723 0.987366 0.688926 0.992710 0.693718 0.974098 0.712929
1 0.975572 0.713850 0.993401 0.695054 0.998745 0.699845 0.980133 0.719056
0 0.002806 0.200066 0.012229 0.200066 0.012229 0.205053 0.002806 0.205053
1 0.000151 0.198285 0.002644 0.198285 0.002644 0.205992 0.000151 0.205992
1 0.012391 0.198382 0.015338 0.198382 0.015338 0.206445 0.012391 0.206445
1 0.987722 0.198002 0.990233 0.198002 0.990233 0.205917 0.987722 0.205917
0 0.990463 0.199898 0.999966 0.199898 0.999966 0.204560 0.990463 0.204560
