0 0.337810 0.015183 0.346070 0.015183 0.346070 0.030718 0.337810 0.030718
1 0.338033 0.011326 0.345897 0.011326 0.345897 0.015011 0.338033 0.015011
1 0.337763 0.030959 0.346088 0.030959 0.346088 0.034493 0.337763 0.034493
0 0.360629 0.015356 0.368888 0.015356 0.368888 0.030891 0.360629 0.030891
1 0.360714 0.011533 0.368578 0.011533 0.368578 0.015218 0.360714 0.015218
1 0.360961 0.031132 0.369616 0.031132 0.369616 0.034715 0.360961 0.034715
0 0.428423 0.015378 0.436683 0.015378 0.436683 0.030913 0.428423 0.030913
1 0.428508 0.011393 0.436372 0.011393 0.436372 0.015079 0.428508 0.015079
1 0.428351 0.031316 0.436827 0.031316 0.436827 0.034582 0.428351 0.034582
1 0.462486 0.010965 0.470309 0.010965 0.470309 0.014432 0.462486 0.014432
0 0.462360 0.014732 0.470620 0.014732 0.470620 0.030267 0.462360 0.030267
1 0.462289 0.030669 0.470699 0.030669 0.470699 0.034493 0.462289 0.034493
0 0.202720 0.054385 0.210980 0.054385 0.210980 0.069920 0.202720 0.069920
1 0.202673 0.070161 0.211066 0.070161 0.211066 0.074050 0.202673 0.074050
1 0.202943 0.050527 0.210807 0.050527 0.210807 0.054213 0.202943 0.054213
0 0.615004 0.042983 0.623626 0.042983 0.623626 0.060351 0.615004 0.060351
1 0.615108 0.039841 0.623519 0.039841 0.623519 0.042590 0.615108 0.042590
1 0.615036 0.060606 0.623903 0.060606 0.623903 0.063234 0.615036 0.063234
1 0.703056 0.040999 0.712749 0.040999 0.712749 0.046253 0.703056 0.046253
0 0.703786 0.046461 0.711212 0.046461 0.711212 0.061951 0.703786 0.061951
1 0.702940 0.062292 0.712537 0.062292 0.712537 0.065698 0.702940 0.065698
1 0.703554 0.013196 0.713059 0.013196 0.713059 0.017162 0.703554 0.017162
0 0.704096 0.017371 0.711926 0.017371 0.711926 0.032794 0.704096 0.032794
1 0.703463 0.032847 0.712461 0.032847 0.712461 0.036101 0.703463 0.036101
1 0.740420 0.007450 0.749925 0.007450 0.749925 0.011417 0.740420 0.011417
0 0.741154 0.011530 0.748984 0.011530 0.748984 0.026953 0.741154 0.026953
1 0.740281 0.027149 0.749279 0.027149 0.749279 0.030404 0.740281 0.030404
0 0.757720 0.011673 0.765550 0.011673 0.765550 0.027097 0.757720 0.027097
1 0.756985 0.007594 0.766491 0.007594 0.766491 0.011561 0.756985 0.011561
1 0.756847 0.027293 0.765845 0.027293 0.765845 0.030547 0.756847 0.030547
0 0.794359 0.043521 0.802189 0.043521 0.802189 0.058945 0.794359 0.058945
1 0.794110 0.039330 0.803093 0.039330 0.803093 0.043388 0.794110 0.043388
1 0.794345 0.059327 0.802421 0.059327 0.802421 0.062655 0.794345 0.062655
0 0.918568 0.027632 0.930938 0.027632 0.930938 0.053784 0.918568 0.053784
1 0.916309 0.022835 0.932574 0.022835 0.932574 0.027261 0.916309 0.027261
1 0.916807 0.053872 0.932297 0.053872 0.932297 0.057744 0.916807 0.057744
0 0.944300 0.027648 0.956896 0.027648 0.956896 0.053150 0.944300 0.053150
1 0.942422 0.022946 0.958687 0.022946 0.958687 0.027372 0.942422 0.027372
1 0.943230 0.053418 0.958760 0.053418 0.958760 0.057725 0.943230 0.057725
0 0.975190 0.027444 0.987384 0.027444 0.987384 0.053064 0.975190 0.053064
1 0.972909 0.022860 0.989174 0.022860 0.989174 0.027286 0.972909 0.027286
1 0.973718 0.053331 0.989248 0.053331 0.989248 0.057639 0.973718 0.057639
0 0.362122 0.107918 0.446297 0.107918 0.446297 0.161709 0.362122 0.161709
1 0.351346 0.115249 0.361680 0.115249 0.361680 0.157027 0.351346 0.157027
1 0.446562 0.115779 0.457162 0.115779 0.457162 0.156497 0.446562 0.156497
0 0.383500 0.081414 0.391076 0.081414 0.391076 0.096446 0.383500 0.096446
0 0.413744 0.081474 0.421561 0.081474 0.421561 0.096326 0.413744 0.096326
1 0.383319 0.077205 0.391196 0.077205 0.391196 0.081113 0.383319 0.081113
1 0.382778 0.096446 0.391256 0.096446 0.391256 0.099813 0.382778 0.099813
1 0.413744 0.076904 0.421742 0.076904 0.421742 0.081174 0.413744 0.081174
1 0.413444 0.096566 0.421982 0.096566 0.421982 0.100114 0.413444 0.100114
0 0.508833 0.077156 0.533404 0.077156 0.533404 0.129349 0.508833 0.129349
1 0.507146 0.065995 0.537499 0.065995 0.537499 0.077076 0.507146 0.077076
1 0.506263 0.129509 0.535652 0.129509 0.535652 0.142277 0.506263 0.142277
0 0.546096 0.132327 0.560023 0.132327 0.560023 0.158051 0.546096 0.158051
0 0.581268 0.131126 0.588969 0.131126 0.588969 0.146527 0.581268 0.146527
1 0.543256 0.127576 0.561497 0.127576 0.561497 0.132218 0.543256 0.132218
1 0.543747 0.158270 0.562153 0.158270 0.562153 0.162202 0.543747 0.162202
1 0.580504 0.127084 0.589133 0.127084 0.589133 0.130853 0.580504 0.130853
1 0.581104 0.146800 0.589460 0.146800 0.589460 0.149859 0.581104 0.149859
0 0.571721 0.172043 0.590535 0.172043 0.590535 0.203046 0.571721 0.203046
0 0.546107 0.179286 0.559797 0.179286 0.559797 0.204724 0.546107 0.204724
1 0.543368 0.174074 0.562624 0.174074 0.562624 0.179109 0.543368 0.179109
1 0.544163 0.204989 0.562624 0.204989 0.562624 0.209405 0.544163 0.209405
1 0.568807 0.161090 0.593980 0.161090 0.593980 0.171866 0.568807 0.171866
1 0.569336 0.203310 0.595128 0.203310 0.595128 0.213203 0.569336 0.213203
0 0.539831 0.286408 0.553921 0.286408 0.553921 0.312040 0.539831 0.312040
1 0.537060 0.312299 0.556385 0.312299 0.556385 0.316838 0.537060 0.316838
1 0.536866 0.281496 0.556450 0.281496 0.556450 0.286230 0.536866 0.286230
0 0.573116 0.346474 0.584594 0.346474 0.584594 0.371959 0.573116 0.371959
1 0.570976 0.372088 0.588938 0.372088 0.588938 0.376887 0.570976 0.376887
1 0.569484 0.341740 0.588549 0.341740 0.588549 0.346149 0.569484 0.346149
0 0.549588 0.427050 0.557797 0.427050 0.557797 0.442156 0.549588 0.442156
1 0.549634 0.442343 0.557985 0.442343 0.557985 0.446143 0.549634 0.446143
1 0.549400 0.422921 0.557797 0.422921 0.557797 0.426674 0.549400 0.426674
0 0.658281 0.466817 0.666237 0.466817 0.666237 0.483182 0.658281 0.483182
1 0.657634 0.462483 0.666884 0.462483 0.666884 0.466817 0.657634 0.466817
1 0.656211 0.483182 0.667596 0.483182 0.667596 0.488292 0.656211 0.488292
0 0.758526 0.678937 0.929779 0.678937 0.929779 0.821282 0.758526 0.821282
1 0.785178 0.821008 0.817059 0.821008 0.817059 0.932020 0.785178 0.932020
1 0.833724 0.821099 0.854764 0.821099 0.854764 0.854764 0.833724 0.854764
1 0.871292 0.820947 0.903661 0.820947 0.903661 0.932783 0.871292 0.932783
1 0.751025 0.643809 0.769870 0.643809 0.769870 0.679120 0.751025 0.679120
1 0.918801 0.647102 0.935268 0.647102 0.935268 0.678571 0.918801 0.678571
1 0.823371 0.644438 0.833543 0.644438 0.833543 0.654332 0.823371 0.654332
1 0.854534 0.644438 0.864798 0.644438 0.864798 0.655257 0.854534 0.655257
0 0.626244 0.743611 0.732633 0.743611 0.732633 0.843631 0.626244 0.843631
1 0.625024 0.844173 0.655247 0.844173 0.655247 0.908277 0.625024 0.908277
1 0.671781 0.843766 0.687367 0.843766 0.687367 0.858403 0.671781 0.858403
1 0.702817 0.843631 0.734260 0.843631 0.734260 0.909362 0.702817 0.909362
0 0.683572 0.688045 0.707561 0.688045 0.707561 0.700378 0.683572 0.700378
0 0.629768 0.688587 0.653621 0.688587 0.653621 0.700242 0.629768 0.700242
1 0.653892 0.685470 0.660939 0.685470 0.660939 0.704037 0.653892 0.704037
1 0.622314 0.685334 0.629361 0.685334 0.629361 0.702953 0.622314 0.702953
1 0.675305 0.686147 0.683166 0.686147 0.683166 0.704173 0.675305 0.704173
1 0.707860 0.685527 0.713276 0.685527 0.713276 0.704319 0.707860 0.704319
0 0.668800 0.875886 0.686147 0.875886 0.686147 0.884154 0.668800 0.884154
1 0.665547 0.875073 0.668393 0.875073 0.668393 0.884967 0.665547 0.884967
1 0.686690 0.874938 0.689536 0.874938 0.689536 0.885644 0.686690 0.885644
0 0.671781 0.896487 0.683708 0.896487 0.683708 0.920882 0.671781 0.920882
1 0.669342 0.891065 0.686147 0.891065 0.686147 0.896080 0.669342 0.896080
1 0.669071 0.921288 0.686283 0.921288 0.686283 0.926303 0.669071 0.926303
1 0.631801 0.709458 0.727002 0.709458 0.727002 0.740870 0.631801 0.740870
0 0.570542 0.888019 0.617327 0.888019 0.617327 0.907412 0.570542 0.907412
1 0.583874 0.865152 0.604479 0.865152 0.604479 0.887696 0.583874 0.887696
1 0.567633 0.907735 0.589692 0.907735 0.589692 0.930118 0.567633 0.930118
1 0.600128 0.907608 0.622418 0.907608 0.622418 0.929956 0.600128 0.929956
0 0.503223 0.178007 0.511228 0.178007 0.511228 0.193559 0.503223 0.193559
1 0.502994 0.174272 0.510923 0.174272 0.510923 0.177626 0.502994 0.177626
1 0.503452 0.193788 0.511761 0.193788 0.511761 0.197295 0.503452 0.197295
0 0.487748 0.207205 0.513362 0.207205 0.513362 0.220699 0.487748 0.220699
1 0.513591 0.204384 0.518775 0.204384 0.518775 0.223672 0.513591 0.223672
1 0.482716 0.204308 0.487671 0.204308 0.487671 0.223443 0.482716 0.223443
0 0.476694 0.238461 0.488662 0.238461 0.488662 0.263085 0.476694 0.263085
1 0.473492 0.232896 0.492169 0.232896 0.492169 0.238385 0.473492 0.238385
1 0.473797 0.263390 0.492322 0.263390 0.492322 0.267659 0.473797 0.267659
0 0.476770 0.278027 0.488891 0.278027 0.488891 0.303032 0.476770 0.303032
1 0.474102 0.272919 0.492245 0.272919 0.492245 0.277722 0.474102 0.277722
1 0.475321 0.303108 0.491941 0.303108 0.491941 0.306996 0.475321 0.306996
0 0.472348 0.322471 0.484393 0.322471 0.484393 0.347095 0.472348 0.347095
1 0.470519 0.317821 0.486680 0.317821 0.486680 0.322090 0.470519 0.322090
1 0.469604 0.347248 0.488357 0.347248 0.488357 0.351745 0.469604 0.351745
0 0.457483 0.280466 0.465487 0.280466 0.465487 0.295332 0.457483 0.295332
1 0.457406 0.275968 0.465335 0.275968 0.465335 0.280009 0.457406 0.280009
1 0.457711 0.295561 0.465716 0.295561 0.465716 0.299068 0.457711 0.299068
0 0.452604 0.329256 0.460608 0.329256 0.460608 0.344274 0.452604 0.344274
1 0.452222 0.325216 0.460608 0.325216 0.460608 0.328951 0.452222 0.328951
1 0.452624 0.344583 0.461032 0.344583 0.461032 0.348655 0.452624 0.348655
0 0.457793 0.359029 0.466224 0.359029 0.466224 0.374958 0.457793 0.374958
1 0.456322 0.375065 0.467336 0.375065 0.467336 0.381415 0.456322 0.381415
1 0.457183 0.353684 0.466331 0.353684 0.466331 0.358850 0.457183 0.358850
0 0.032873 0.281010 0.050161 0.281010 0.050161 0.290391 0.032873 0.290391
0 0.033611 0.297875 0.050477 0.297875 0.050477 0.305887 0.033611 0.305887
1 0.050305 0.279671 0.054377 0.279671 0.054377 0.291340 0.050305 0.291340
1 0.029184 0.279956 0.032652 0.279956 0.032652 0.291011 0.029184 0.291011
1 0.050667 0.295434 0.055371 0.295434 0.055371 0.307337 0.050667 0.307337
1 0.028068 0.295434 0.033335 0.295434 0.033335 0.308181 0.028068 0.308181
0 0.062680 0.285834 0.082018 0.285834 0.082018 0.312551 0.062680 0.312551
0 0.093468 0.286173 0.113146 0.286173 0.113146 0.313060 0.093468 0.313060
1 0.067260 0.267428 0.077268 0.267428 0.077268 0.285664 0.067260 0.285664
1 0.066852 0.312740 0.078089 0.312740 0.078089 0.330747 0.066852 0.330747
1 0.097911 0.267304 0.108450 0.267304 0.108450 0.285939 0.097911 0.285939
1 0.098528 0.313169 0.108460 0.313169 0.108460 0.330263 0.098528 0.330263
0 0.125643 0.293417 0.142283 0.293417 0.142283 0.301955 0.125643 0.301955
0 0.126017 0.312550 0.142159 0.312550 0.142159 0.321337 0.126017 0.321337
1 0.142533 0.292856 0.146272 0.292856 0.146272 0.302578 0.142533 0.302578
1 0.121343 0.292420 0.125394 0.292420 0.125394 0.302454 0.121343 0.302454
1 0.142408 0.310805 0.145898 0.310805 0.145898 0.322459 0.142408 0.322459
1 0.122028 0.311989 0.125768 0.311989 0.125768 0.321774 0.122028 0.321774
0 0.139604 0.336544 0.147643 0.336544 0.147643 0.351876 0.139604 0.351876
1 0.139043 0.352437 0.148516 0.352437 0.148516 0.355615 0.139043 0.355615
1 0.139167 0.332556 0.147892 0.332556 0.147892 0.336295 0.139167 0.336295
0 0.137048 0.366210 0.148952 0.366210 0.148952 0.390578 0.137048 0.390578
1 0.136363 0.362408 0.150946 0.362408 0.150946 0.365898 0.136363 0.365898
1 0.134119 0.390641 0.152193 0.390641 0.152193 0.396499 0.134119 0.396499
0 0.045307 0.331688 0.054174 0.331688 0.054174 0.348128 0.045307 0.348128
0 0.065811 0.342525 0.080897 0.342525 0.080897 0.350960 0.065811 0.350960
0 0.053250 0.362167 0.080158 0.362167 0.080158 0.381255 0.053250 0.381255
1 0.044953 0.327915 0.054506 0.327915 0.054506 0.331423 0.044953 0.331423
1 0.044260 0.348222 0.055383 0.348222 0.055383 0.352330 0.044260 0.352330
1 0.061475 0.342084 0.065721 0.342084 0.065721 0.351453 0.061475 0.351453
1 0.081136 0.341484 0.085659 0.341484 0.085659 0.352653 0.081136 0.352653
1 0.034799 0.365576 0.052937 0.365576 0.052937 0.376375 0.034799 0.376375
1 0.080490 0.364514 0.098075 0.364514 0.098075 0.376098 0.080490 0.376098
0 0.045887 0.425041 0.057941 0.425041 0.057941 0.449559 0.045887 0.449559
0 0.069447 0.425725 0.081638 0.425725 0.081638 0.449696 0.069447 0.449696
0 0.045735 0.466645 0.058077 0.466645 0.058077 0.490484 0.045735 0.490484
0 0.071349 0.466307 0.083607 0.466307 0.083607 0.490400 0.071349 0.490400
1 0.042607 0.419558 0.061459 0.419558 0.061459 0.425137 0.042607 0.425137
1 0.066869 0.419220 0.085721 0.419220 0.085721 0.425391 0.066869 0.425391
1 0.044297 0.449738 0.061036 0.449738 0.061036 0.454387 0.044297 0.454387
1 0.067714 0.449907 0.085298 0.449907 0.085298 0.454049 0.067714 0.454049
1 0.043959 0.461066 0.060613 0.461066 0.060613 0.466391 0.043959 0.466391
1 0.068475 0.460389 0.084960 0.460389 0.084960 0.466222 0.068475 0.466222
1 0.042945 0.490569 0.061797 0.490569 0.061797 0.496148 0.042945 0.496148
1 0.066700 0.490315 0.086228 0.490315 0.086228 0.495726 0.066700 0.495726
0 0.100937 0.467659 0.108546 0.467659 0.108546 0.482961 0.100937 0.482961
1 0.100684 0.483299 0.109560 0.483299 0.109560 0.487018 0.100684 0.487018
1 0.100177 0.463602 0.109137 0.463602 0.109137 0.467490 0.100177 0.467490
0 0.101360 0.432069 0.108715 0.432069 0.108715 0.447201 0.101360 0.447201
1 0.101022 0.427842 0.108630 0.427842 0.108630 0.431900 0.101022 0.431900
1 0.101106 0.447032 0.109814 0.447032 0.109814 0.451006 0.101106 0.451006
0 0.120212 0.428350 0.135175 0.428350 0.135175 0.435451 0.120212 0.435451
1 0.135513 0.426743 0.139233 0.426743 0.139233 0.436719 0.135513 0.436719
1 0.116915 0.426405 0.120043 0.426405 0.120043 0.436381 0.116915 0.436381
0 0.120221 0.443897 0.135196 0.443897 0.135196 0.450925 0.120221 0.450925
1 0.135429 0.442890 0.139402 0.442890 0.139402 0.452443 0.135429 0.452443
1 0.116763 0.443344 0.119902 0.443344 0.119902 0.452335 0.116763 0.452335
0 0.119937 0.462723 0.135256 0.462723 0.135256 0.470357 0.119937 0.470357
1 0.135608 0.461769 0.139676 0.461769 0.139676 0.471663 0.135608 0.471663
1 0.116773 0.462020 0.119686 0.462020 0.119686 0.471362 0.116773 0.471362
0 0.120188 0.479649 0.135356 0.479649 0.135356 0.486831 0.120188 0.486831
1 0.135557 0.478092 0.139274 0.478092 0.139274 0.487283 0.135557 0.487283
1 0.116723 0.478343 0.119937 0.478343 0.119937 0.487886 0.116723 0.487886
0 0.191674 0.167605 0.199674 0.167605 0.199674 0.182598 0.191674 0.182598
1 0.191539 0.163302 0.199876 0.163302 0.199876 0.167471 0.191539 0.167471
1 0.191371 0.182793 0.200574 0.182793 0.200574 0.186724 0.191371 0.186724
0 0.013145 0.396106 0.021823 0.396106 0.021823 0.412483 0.013145 0.412483
1 0.012795 0.392887 0.021823 0.392887 0.021823 0.395756 0.012795 0.395756
1 0.013075 0.412483 0.021333 0.412483 0.021333 0.415702 0.013075 0.415702
0 0.034770 0.509273 0.046388 0.509273 0.046388 0.534608 0.034770 0.534608
1 0.032741 0.505004 0.048627 0.505004 0.048627 0.509133 0.032741 0.509133
1 0.030921 0.534748 0.049817 0.534748 0.049817 0.539577 0.030921 0.539577
0 0.271061 0.510701 0.278518 0.510701 0.278518 0.525444 0.271061 0.525444
1 0.270492 0.506148 0.279429 0.506148 0.279429 0.510474 0.270492 0.510474
1 0.270890 0.525842 0.278916 0.525842 0.278916 0.529372 0.270890 0.529372
0 0.249374 0.642361 0.257343 0.642361 0.257343 0.657502 0.249374 0.657502
1 0.249032 0.637978 0.257798 0.637978 0.257798 0.642133 0.249032 0.642133
1 0.248406 0.657388 0.258026 0.657388 0.258026 0.660974 0.248406 0.660974
0 0.225751 0.677766 0.227117 0.710781 0.249146 0.709244 0.246528 0.676685
1 0.223137 0.667418 0.248752 0.667418 0.248752 0.676344 0.223137 0.676344
1 0.224672 0.711135 0.249925 0.711135 0.249925 0.720180 0.224672 0.720180
0 0.159699 0.688236 0.206564 0.688236 0.206564 0.708269 0.159699 0.708269
1 0.189893 0.708341 0.210213 0.708341 0.210213 0.730235 0.189893 0.730235
1 0.157441 0.708456 0.177754 0.708456 0.177754 0.730199 0.157441 0.730199
1 0.173346 0.665745 0.194196 0.665745 0.194196 0.687905 0.173346 0.687905
0 0.118053 0.698863 0.131831 0.698863 0.131831 0.724290 0.118053 0.724290
0 0.169174 0.776504 0.187417 0.776504 0.187417 0.808853 0.169174 0.808853
1 0.187523 0.778254 0.204441 0.778254 0.204441 0.785784 0.187523 0.785784
1 0.187576 0.789444 0.204547 0.789444 0.204547 0.796974 0.187576 0.796974
1 0.187788 0.800315 0.204123 0.800315 0.204123 0.807846 0.187788 0.807846
1 0.150413 0.778484 0.168886 0.778484 0.168886 0.785304 0.150413 0.785304
1 0.151218 0.789439 0.168886 0.789439 0.168886 0.796689 0.151218 0.796689
1 0.151094 0.800467 0.168869 0.800467 0.168869 0.807742 0.151094 0.807742
0 0.176076 0.748395 0.183983 0.748395 0.183983 0.763804 0.176076 0.763804
1 0.176157 0.744119 0.184305 0.744119 0.184305 0.748112 0.176157 0.748112
1 0.175996 0.764046 0.184467 0.764046 0.184467 0.767232 0.175996 0.767232
1 0.115637 0.692751 0.134845 0.692751 0.134845 0.698625 0.115637 0.698625
1 0.115745 0.724559 0.134781 0.724559 0.134781 0.728967 0.115745 0.728967
0 0.266280 0.734546 0.287527 0.734546 0.287527 0.768070 0.266280 0.768070
1 0.263683 0.724749 0.288708 0.724749 0.288708 0.734546 0.263683 0.734546
1 0.263631 0.768660 0.289175 0.768660 0.289175 0.777510 0.263631 0.777510
0 0.295265 0.736275 0.296919 0.769435 0.317636 0.768443 0.316114 0.735878
1 0.293544 0.724891 0.318232 0.724891 0.318232 0.735547 0.293544 0.735547
1 0.293213 0.769700 0.320747 0.769700 0.320747 0.779033 0.293213 0.779033
0 0.145713 0.821018 0.160036 0.821018 0.160036 0.846633 0.145713 0.846633
1 0.143212 0.815941 0.162613 0.815941 0.162613 0.820942 0.143212 0.820942
1 0.142994 0.846667 0.162668 0.846667 0.162668 0.851759 0.142994 0.851759
0 0.172081 0.822943 0.179989 0.822943 0.179989 0.838026 0.172081 0.838026
1 0.171194 0.818776 0.180838 0.818776 0.180838 0.822788 0.171194 0.822788
1 0.171309 0.838219 0.180954 0.838219 0.180954 0.841999 0.171309 0.841999
0 0.293518 0.807203 0.310297 0.807203 0.310297 0.815990 0.293518 0.815990
1 0.310495 0.807700 0.314119 0.807700 0.314119 0.816139 0.310495 0.816139
1 0.290093 0.807104 0.293171 0.807104 0.293171 0.816188 0.290093 0.816188
0 0.392822 0.816681 0.473406 0.896516 0.553615 0.816307 0.473032 0.736471
1 0.478291 0.738449 0.484413 0.744642 0.505383 0.724375 0.498628 0.718112
1 0.487369 0.748609 0.493492 0.754801 0.513982 0.735340 0.507009 0.728368
1 0.497853 0.757471 0.503975 0.763664 0.524946 0.743397 0.518190 0.737134
1 0.506932 0.767631 0.513054 0.773823 0.533358 0.754423 0.526532 0.747964
1 0.516983 0.777250 0.523105 0.783442 0.544076 0.763176 0.537320 0.756913
1 0.526062 0.787409 0.532184 0.793602 0.552367 0.773872 0.545395 0.767487
1 0.536545 0.796272 0.542668 0.802464 0.562202 0.782973 0.554863 0.776661
1 0.545624 0.806431 0.551746 0.812624 0.573211 0.792001 0.566239 0.785689
1 0.376055 0.841331 0.382598 0.847468 0.401130 0.828378 0.395446 0.822118
1 0.384669 0.852034 0.390791 0.858227 0.411281 0.838766 0.404309 0.831793
1 0.395152 0.860897 0.401275 0.867090 0.420773 0.847805 0.414657 0.841617
1 0.404231 0.871056 0.410353 0.877249 0.430657 0.857848 0.423832 0.851390
1 0.414617 0.879553 0.421313 0.886126 0.440171 0.867391 0.433475 0.860941
1 0.425121 0.888890 0.431018 0.895094 0.450368 0.876543 0.443426 0.870339
1 0.434704 0.898288 0.441215 0.904738 0.459501 0.886399 0.453009 0.879799
1 0.443304 0.909099 0.449815 0.915487 0.468734 0.895278 0.462714 0.889627
1 0.381702 0.786163 0.375403 0.792294 0.394887 0.811862 0.400934 0.805731
1 0.391444 0.776673 0.385145 0.782804 0.404629 0.802372 0.410676 0.796241
1 0.401102 0.766763 0.394803 0.772894 0.414287 0.792462 0.420334 0.786331
1 0.410844 0.757189 0.404545 0.763320 0.424029 0.782888 0.430076 0.776757
1 0.449324 0.718941 0.443025 0.725071 0.462509 0.744639 0.468556 0.738509
1 0.439582 0.728515 0.433283 0.734645 0.452767 0.754213 0.458814 0.748083
1 0.429924 0.738425 0.423625 0.744555 0.443109 0.764123 0.449156 0.757993
1 0.420182 0.747915 0.413883 0.754045 0.433367 0.773613 0.439414 0.767483
1 0.485265 0.889284 0.478966 0.895415 0.497552 0.914123 0.503704 0.908290
1 0.494310 0.879258 0.488588 0.885344 0.508192 0.905493 0.514239 0.899362
1 0.504483 0.869448 0.497853 0.875716 0.517850 0.895583 0.523897 0.889452
1 0.513839 0.859820 0.507935 0.866178 0.527592 0.886009 0.533639 0.879878
1 0.551898 0.821580 0.545812 0.827665 0.566072 0.847761 0.572119 0.841630
1 0.542179 0.830935 0.536457 0.837021 0.555713 0.856091 0.561800 0.849903
1 0.532460 0.840564 0.526465 0.846740 0.546672 0.867245 0.552719 0.861114
1 0.523286 0.850374 0.517109 0.856459 0.536528 0.875693 0.542425 0.869796
0 0.552644 0.876105 0.564111 0.864588 0.570118 0.870893 0.558353 0.882409
1 0.564079 0.864249 0.570448 0.870813 0.572878 0.868271 0.566844 0.862042
1 0.552123 0.875925 0.559079 0.883439 0.556928 0.885786 0.549470 0.878299
0 0.589714 0.819214 0.597398 0.819214 0.597398 0.834252 0.589714 0.834252
1 0.589094 0.834376 0.598431 0.834376 0.598431 0.837929 0.589094 0.837929
1 0.589259 0.814586 0.598100 0.814586 0.598100 0.818966 0.589259 0.818966
0 0.888460 0.522784 0.895984 0.522784 0.895984 0.537910 0.888460 0.537910
0 0.866341 0.551363 0.873942 0.551363 0.873942 0.566033 0.866341 0.566033
1 0.888611 0.519056 0.895789 0.519056 0.895789 0.522619 0.888611 0.522619
1 0.888249 0.538009 0.897404 0.538009 0.897404 0.541800 0.888249 0.541800
1 0.866066 0.546960 0.875073 0.546960 0.875073 0.551089 0.866066 0.551089
1 0.865772 0.566125 0.875048 0.566125 0.875048 0.570376 0.865772 0.570376
0 0.474753 0.398056 0.500515 0.398056 0.500515 0.412189 0.474753 0.412189
1 0.500957 0.396290 0.505079 0.396290 0.505079 0.414249 0.500957 0.414249
1 0.471196 0.395799 0.474572 0.395799 0.474572 0.415094 0.471196 0.415094
0 0.492211 0.540326 0.540756 0.540326 0.540756 0.560142 0.492211 0.560142
1 0.490278 0.518202 0.510899 0.518202 0.510899 0.539413 0.490278 0.539413
1 0.522767 0.518309 0.543172 0.518309 0.543172 0.539682 0.522767 0.539682
1 0.506388 0.560464 0.527009 0.560464 0.527009 0.582642 0.506388 0.582642
0 0.564667 0.707232 0.611086 0.707232 0.611086 0.726533 0.564667 0.726533
1 0.561420 0.684563 0.582137 0.684563 0.582137 0.706716 0.561420 0.706716
1 0.593769 0.683060 0.615897 0.683060 0.615897 0.706991 0.593769 0.706991
1 0.577893 0.726888 0.598468 0.726888 0.598468 0.749225 0.577893 0.749225
0 0.383270 0.734015 0.371921 0.745110 0.377501 0.750436 0.388469 0.739468
1 0.383403 0.733883 0.388773 0.739633 0.391197 0.737067 0.386207 0.731507
1 0.371237 0.744433 0.378223 0.751467 0.375324 0.753938 0.368481 0.747047
1 0.368485 0.767794 0.373855 0.773544 0.376279 0.770978 0.371289 0.765417
0 0.368402 0.767826 0.357053 0.778922 0.362632 0.784248 0.373601 0.773279
1 0.356319 0.778344 0.363305 0.785377 0.360406 0.787848 0.353563 0.780957
0 0.350126 0.865543 0.358846 0.857318 0.376435 0.874610 0.367219 0.883181
1 0.347451 0.863264 0.349928 0.865741 0.359292 0.856674 0.356964 0.854593
1 0.377574 0.873619 0.365981 0.884667 0.369102 0.887937 0.380398 0.877335
0 0.398643 0.890942 0.405014 0.885280 0.416782 0.897490 0.410278 0.903462
1 0.396290 0.888197 0.398534 0.890961 0.405047 0.885105 0.402748 0.882833
1 0.410274 0.903686 0.416924 0.897502 0.418922 0.899362 0.412600 0.905602
0 0.387845 0.666667 0.396987 0.666667 0.396987 0.683417 0.387845 0.683417
1 0.387989 0.663241 0.396470 0.663241 0.396470 0.666410 0.387989 0.666410
1 0.388075 0.683544 0.396556 0.683544 0.396556 0.686542 0.388075 0.686542
0 0.388293 0.695728 0.397395 0.695728 0.397395 0.711015 0.388293 0.711015
1 0.388176 0.691644 0.397278 0.691644 0.397278 0.695553 0.388176 0.695553
1 0.388293 0.710899 0.397278 0.710899 0.397278 0.714166 0.388293 0.714166
0 0.406089 0.671164 0.425519 0.671164 0.425519 0.698296 0.406089 0.698296
1 0.411340 0.653134 0.421318 0.653134 0.421318 0.670814 0.411340 0.670814
1 0.411165 0.698354 0.421726 0.698354 0.421726 0.716383 0.411165 0.716383
0 0.440398 0.646249 0.459361 0.646249 0.459361 0.675832 0.440398 0.675832
0 0.472372 0.645841 0.491569 0.645841 0.491569 0.675715 0.472372 0.675715
1 0.437772 0.634696 0.461636 0.634696 0.461636 0.646074 0.437772 0.646074
1 0.469513 0.635221 0.493378 0.635221 0.493378 0.645549 0.469513 0.645549
1 0.437714 0.676065 0.461928 0.676065 0.461928 0.686451 0.437714 0.686451
1 0.469280 0.675948 0.493669 0.675948 0.493669 0.686159 0.469280 0.686159
0 0.503276 0.636112 0.522757 0.636112 0.522757 0.662953 0.503276 0.662953
0 0.533364 0.645853 0.552990 0.645853 0.552990 0.672477 0.533364 0.672477
1 0.507605 0.616991 0.518645 0.616991 0.518645 0.635535 0.507605 0.635535
1 0.537910 0.627165 0.549238 0.627165 0.549238 0.645492 0.537910 0.645492
1 0.507897 0.663250 0.518119 0.663250 0.518119 0.680604 0.507897 0.680604
1 0.538266 0.672580 0.548726 0.672580 0.548726 0.690231 0.538266 0.690231
0 0.563456 0.625848 0.572554 0.625848 0.572554 0.642430 0.563456 0.642430
1 0.563456 0.622622 0.572037 0.622622 0.572037 0.625525 0.563456 0.625525
1 0.563392 0.642559 0.572618 0.642559 0.572618 0.645269 0.563392 0.645269
0 0.563521 0.655334 0.572554 0.655334 0.572554 0.671335 0.563521 0.671335
1 0.563392 0.651914 0.572618 0.651914 0.572618 0.655076 0.563392 0.655076
1 0.563650 0.671529 0.572037 0.671529 0.572037 0.674626 0.563650 0.674626
0 0.858926 0.963797 0.871234 0.963797 0.871234 0.988164 0.858926 0.988164
1 0.857263 0.988247 0.874644 0.988247 0.874644 0.993320 0.857263 0.993320
1 0.856514 0.958474 0.872731 0.958474 0.872731 0.963464 0.856514 0.963464
0 0.393940 0.521523 0.402042 0.521523 0.402042 0.536335 0.393940 0.536335
1 0.394179 0.516689 0.401637 0.516689 0.401637 0.521152 0.394179 0.521152
1 0.394118 0.536435 0.402615 0.536435 0.402615 0.540287 0.394118 0.540287
0 0.419732 0.538453 0.427374 0.538453 0.427374 0.553675 0.419732 0.553675
1 0.419324 0.534570 0.427612 0.534570 0.427612 0.538276 0.419324 0.538276
1 0.419324 0.553853 0.428154 0.553853 0.428154 0.557602 0.419324 0.557602
1 0.977466 0.078616 0.984960 0.078616 0.984960 0.107240 0.977466 0.107240
1 0.968928 0.077326 0.976238 0.077326 0.976238 0.107548 0.968928 0.107548
1 0.960390 0.077080 0.967638 0.077080 0.967638 0.107118 0.960390 0.107118
1 0.951852 0.077142 0.959161 0.077142 0.959161 0.107363 0.951852 0.107363
1 0.943559 0.076896 0.950807 0.076896 0.950807 0.106933 0.943559 0.106933
1 0.935021 0.077019 0.942331 0.077019 0.942331 0.107240 0.935021 0.107240
1 0.926053 0.076957 0.933301 0.076957 0.933301 0.106995 0.926053 0.106995
1 0.917514 0.077080 0.924824 0.077080 0.924824 0.107302 0.917514 0.107302
1 0.909222 0.076834 0.916470 0.076834 0.916470 0.106872 0.909222 0.106872
1 0.900684 0.077019 0.907993 0.077019 0.907993 0.107240 0.900684 0.107240
1 0.892391 0.077449 0.899701 0.077449 0.899701 0.107670 0.892391 0.107670
1 0.884098 0.077203 0.891347 0.077203 0.891347 0.107240 0.884098 0.107240
1 0.875560 0.077326 0.882870 0.077326 0.882870 0.107548 0.875560 0.107548
1 0.866592 0.077264 0.873840 0.077264 0.873840 0.107302 0.866592 0.107302
1 0.858054 0.077387 0.865363 0.077387 0.865363 0.107609 0.858054 0.107609
1 0.849761 0.077142 0.857009 0.077142 0.857009 0.107179 0.849761 0.107179
1 0.841223 0.077326 0.848533 0.077326 0.848533 0.107548 0.841223 0.107548
1 0.832930 0.076834 0.840179 0.076834 0.840179 0.106872 0.832930 0.106872
1 0.824392 0.076957 0.831702 0.076957 0.831702 0.107179 0.824392 0.107179
1 0.807561 0.076896 0.814871 0.076896 0.814871 0.107118 0.807561 0.107118
1 0.816100 0.076712 0.823348 0.076712 0.823348 0.106749 0.816100 0.106749
1 0.798347 0.077264 0.805657 0.077264 0.805657 0.107486 0.798347 0.107486
1 0.790055 0.077019 0.797303 0.077019 0.797303 0.107056 0.790055 0.107056
1 0.781394 0.077203 0.788703 0.077203 0.788703 0.107425 0.781394 0.107425
1 0.756148 0.076834 0.763457 0.076834 0.763457 0.107056 0.756148 0.107056
1 0.764809 0.076650 0.772057 0.076650 0.772057 0.106688 0.764809 0.106688
1 0.773101 0.076896 0.780411 0.076896 0.780411 0.107118 0.773101 0.107118
1 0.747425 0.077019 0.754735 0.077019 0.754735 0.107240 0.747425 0.107240
1 0.739132 0.076773 0.746381 0.076773 0.746381 0.106810 0.739132 0.106810
1 0.730471 0.076957 0.737781 0.076957 0.737781 0.107179 0.730471 0.107179
1 0.721872 0.076834 0.729120 0.076834 0.729120 0.106872 0.721872 0.106872
1 0.713211 0.077019 0.720520 0.077019 0.720520 0.107240 0.713211 0.107240
1 0.704857 0.076896 0.712105 0.076896 0.712105 0.106933 0.704857 0.106933
1 0.696196 0.077080 0.703505 0.077080 0.703505 0.107302 0.696196 0.107302
1 0.687657 0.077264 0.694967 0.077264 0.694967 0.107486 0.687657 0.107486
1 0.679303 0.077142 0.686552 0.077142 0.686552 0.107179 0.679303 0.107179
1 0.632318 0.124292 0.662053 0.124292 0.662053 0.131192 0.632318 0.131192
1 0.632417 0.132830 0.662152 0.132830 0.662152 0.139730 0.632417 0.139730
1 0.632417 0.141468 0.662152 0.141468 0.662152 0.148368 0.632417 0.148368
1 0.632517 0.150006 0.662252 0.150006 0.662252 0.156906 0.632517 0.156906
1 0.632666 0.175819 0.662401 0.175819 0.662401 0.182720 0.632666 0.182720
1 0.632566 0.167281 0.662301 0.167281 0.662301 0.174181 0.632566 0.174181
1 0.632566 0.158644 0.662301 0.158644 0.662301 0.165544 0.632566 0.165544
1 0.632814 0.192548 0.662549 0.192548 0.662549 0.199449 0.632814 0.199449
1 0.632864 0.184110 0.662599 0.184110 0.662599 0.191010 0.632864 0.191010
1 0.632715 0.200987 0.662450 0.200987 0.662450 0.207888 0.632715 0.207888
1 0.632666 0.209426 0.662401 0.209426 0.662401 0.216327 0.632666 0.216327
1 0.632566 0.226503 0.662301 0.226503 0.662301 0.233403 0.632566 0.233403
1 0.632616 0.218064 0.662351 0.218064 0.662351 0.224964 0.632616 0.224964
1 0.632666 0.235289 0.662401 0.235289 0.662401 0.242189 0.632666 0.242189
1 0.632616 0.243927 0.662351 0.243927 0.662351 0.250827 0.632616 0.250827
1 0.632566 0.252366 0.662301 0.252366 0.662301 0.259266 0.632566 0.259266
1 0.632566 0.260706 0.662301 0.260706 0.662301 0.267606 0.632566 0.267606
1 0.632517 0.269145 0.662252 0.269145 0.662252 0.276045 0.632517 0.276045
1 0.632467 0.278030 0.662202 0.278030 0.662202 0.284930 0.632467 0.284930
1 0.632417 0.286469 0.662152 0.286469 0.662152 0.293369 0.632417 0.293369
1 0.632765 0.303198 0.662500 0.303198 0.662500 0.310098 0.632765 0.310098
1 0.632814 0.294759 0.662549 0.294759 0.662549 0.301659 0.632814 0.301659
1 0.632765 0.311786 0.662500 0.311786 0.662500 0.318686 0.632765 0.318686
1 0.632715 0.320225 0.662450 0.320225 0.662450 0.327125 0.632715 0.327125
1 0.632666 0.328962 0.662401 0.328962 0.662401 0.335862 0.632666 0.335862
1 0.632616 0.337401 0.662351 0.337401 0.662351 0.344301 0.632616 0.344301
1 0.632666 0.345989 0.662401 0.345989 0.662401 0.352889 0.632666 0.352889
1 0.632616 0.354726 0.662351 0.354726 0.662351 0.361626 0.632616 0.361626
1 0.632566 0.363165 0.662301 0.363165 0.662301 0.370065 0.632566 0.370065
1 0.632666 0.380291 0.662401 0.380291 0.662401 0.387191 0.632666 0.387191
1 0.632715 0.371852 0.662450 0.371852 0.662450 0.378752 0.632715 0.378752
1 0.632566 0.388432 0.662301 0.388432 0.662301 0.395332 0.632566 0.395332
1 0.632715 0.397119 0.662450 0.397119 0.662450 0.404019 0.632715 0.404019
1 0.632666 0.405558 0.662401 0.405558 0.662401 0.412458 0.632666 0.412458
1 0.632914 0.422436 0.662649 0.422436 0.662649 0.429336 0.632914 0.429336
1 0.632963 0.413997 0.662698 0.413997 0.662698 0.420897 0.632963 0.420897
1 0.679777 0.447395 0.686857 0.447395 0.686857 0.474859 0.679777 0.474859
1 0.688300 0.447350 0.695380 0.447350 0.695380 0.474814 0.688300 0.474814
1 0.705707 0.447395 0.712787 0.447395 0.712787 0.474859 0.705707 0.474859
1 0.697184 0.447440 0.704264 0.447440 0.704264 0.474904 0.697184 0.474904
1 0.731277 0.447575 0.738357 0.447575 0.738357 0.475039 0.731277 0.475039
1 0.722393 0.447485 0.729473 0.447485 0.729473 0.474949 0.722393 0.474949
1 0.713870 0.447530 0.720950 0.447530 0.720950 0.474994 0.713870 0.474994
1 0.739800 0.447530 0.746880 0.447530 0.746880 0.474994 0.739800 0.474994
1 0.748098 0.447395 0.755178 0.447395 0.755178 0.474859 0.748098 0.474859
1 0.756801 0.447079 0.763611 0.447079 0.763611 0.476708 0.756801 0.476708
1 0.765280 0.446989 0.772089 0.446989 0.772089 0.476618 0.765280 0.476618
1 0.782506 0.447079 0.789316 0.447079 0.789316 0.476708 0.782506 0.476708
1 0.774028 0.447170 0.780838 0.447170 0.780838 0.476798 0.774028 0.476798
1 0.799192 0.446899 0.806002 0.446899 0.806002 0.476527 0.799192 0.476527
1 0.790714 0.446989 0.797523 0.446989 0.797523 0.476618 0.790714 0.476618
1 0.824446 0.446899 0.831256 0.446899 0.831256 0.476527 0.824446 0.476527
1 0.815968 0.446989 0.822777 0.446989 0.822777 0.476618 0.815968 0.476618
1 0.807760 0.447079 0.814570 0.447079 0.814570 0.476708 0.807760 0.476708
1 0.842034 0.447079 0.848843 0.447079 0.848843 0.476708 0.842034 0.476708
1 0.833556 0.447170 0.840365 0.447170 0.840365 0.476798 0.833556 0.476798
1 0.867558 0.447440 0.874368 0.447440 0.874368 0.477068 0.867558 0.477068
1 0.859080 0.447530 0.865890 0.447530 0.865890 0.477159 0.859080 0.477159
1 0.849971 0.447260 0.856780 0.447260 0.856780 0.476888 0.849971 0.476888
1 0.875721 0.447170 0.882530 0.447170 0.882530 0.476798 0.875721 0.476798
1 0.884830 0.447440 0.891640 0.447440 0.891640 0.477068 0.884830 0.477068
1 0.893308 0.447350 0.900118 0.447350 0.900118 0.476978 0.893308 0.476978
1 0.926680 0.447079 0.933489 0.447079 0.933489 0.476708 0.926680 0.476708
1 0.918201 0.447170 0.925011 0.447170 0.925011 0.476798 0.918201 0.476798
1 0.909904 0.447350 0.916713 0.447350 0.916713 0.476978 0.909904 0.476978
1 0.901426 0.447440 0.908235 0.447440 0.908235 0.477068 0.901426 0.477068
1 0.935584 0.447140 0.942393 0.447140 0.942393 0.476769 0.935584 0.476769
1 0.953026 0.447140 0.959836 0.447140 0.959836 0.476769 0.953026 0.476769
1 0.944122 0.447079 0.950932 0.447079 0.950932 0.476708 0.944122 0.476708
1 0.960894 0.447140 0.967703 0.447140 0.967703 0.476769 0.960894 0.476769
1 0.969432 0.447079 0.976241 0.447079 0.976241 0.476708 0.969432 0.476708
1 0.978336 0.447140 0.985146 0.447140 0.985146 0.476769 0.978336 0.476769
1 0.893465 0.005561 0.902597 0.005561 0.902597 0.008011 0.893465 0.008011
1 0.480553 0.008169 0.487787 0.008169 0.487787 0.010552 0.480553 0.010552
1 0.391795 0.013871 0.399794 0.013871 0.399794 0.016850 0.391795 0.016850
