0 0.016705 0.923369 0.070162 0.923369 0.070162 0.964946 0.016705 0.964946
1 0.050611 0.918171 0.077092 0.918171 0.077092 0.939579 0.050611 0.939579
1 0.050735 0.947498 0.076844 0.947498 0.076844 0.969525 0.050735 0.969525
1 0.010518 0.917800 0.036999 0.917800 0.036999 0.940074 0.010518 0.940074
1 0.010271 0.947622 0.036999 0.947622 0.036999 0.969648 0.010271 0.969648
1 0.129559 0.917924 0.156163 0.917924 0.156163 0.939703 0.129559 0.939703
1 0.169899 0.918048 0.196132 0.918048 0.196132 0.939084 0.169899 0.939084
1 0.170146 0.947746 0.196380 0.947746 0.196380 0.969277 0.170146 0.969277
1 0.129559 0.947622 0.156040 0.947622 0.156040 0.969277 0.129559 0.969277
0 0.135375 0.923121 0.188337 0.923121 0.188337 0.964327 0.135375 0.964327
1 0.029406 0.161477 0.042907 0.161477 0.042907 0.176458 0.029406 0.176458
1 0.045570 0.197490 0.059354 0.197490 0.059354 0.212509 0.045570 0.212509
1 0.013268 0.197593 0.027156 0.197593 0.027156 0.212406 0.013268 0.212406
0 0.012651 0.176710 0.060692 0.176710 0.060692 0.197387 0.012651 0.197387
1 0.223372 0.161834 0.236873 0.161834 0.236873 0.176815 0.223372 0.176815
0 0.206617 0.176534 0.254657 0.176534 0.254657 0.197210 0.206617 0.197210
1 0.207234 0.197416 0.221121 0.197416 0.221121 0.212230 0.207234 0.212230
1 0.239535 0.197313 0.253320 0.197313 0.253320 0.212332 0.239535 0.212332
1 0.417734 0.161200 0.431235 0.161200 0.431235 0.176181 0.417734 0.176181
0 0.400979 0.176271 0.449020 0.176271 0.449020 0.196948 0.400979 0.196948
1 0.401597 0.197154 0.415484 0.197154 0.415484 0.211967 0.401597 0.211967
1 0.433898 0.197213 0.447683 0.197213 0.447683 0.212232 0.433898 0.212232
1 0.595724 0.197626 0.609612 0.197626 0.609612 0.212439 0.595724 0.212439
1 0.628026 0.197523 0.641810 0.197523 0.641810 0.212542 0.628026 0.212542
0 0.595107 0.176743 0.643147 0.176743 0.643147 0.197420 0.595107 0.197420
1 0.612024 0.161882 0.625525 0.161882 0.625525 0.176862 0.612024 0.176862
1 0.789618 0.197464 0.803506 0.197464 0.803506 0.212277 0.789618 0.212277
0 0.789001 0.176581 0.837041 0.176581 0.837041 0.197258 0.789001 0.197258
1 0.805918 0.161720 0.819419 0.161720 0.819419 0.176700 0.805918 0.176700
1 0.821919 0.197361 0.835704 0.197361 0.835704 0.212380 0.821919 0.212380
0 0.022168 0.833923 0.031638 0.833923 0.031638 0.838580 0.022168 0.838580
1 0.031483 0.832526 0.035209 0.832526 0.035209 0.840288 0.031483 0.840288
1 0.018908 0.832371 0.022168 0.832371 0.022168 0.840288 0.018908 0.840288
1 0.052906 0.832681 0.056166 0.832681 0.056166 0.840599 0.052906 0.840599
0 0.056166 0.834234 0.065636 0.834234 0.065636 0.838891 0.056166 0.838891
1 0.065481 0.832837 0.069206 0.832837 0.069206 0.840599 0.065481 0.840599
1 0.087059 0.832526 0.090319 0.832526 0.090319 0.840443 0.087059 0.840443
0 0.090319 0.834078 0.099789 0.834078 0.099789 0.838736 0.090319 0.838736
1 0.099634 0.832681 0.103359 0.832681 0.103359 0.840443 0.099634 0.840443
1 0.121057 0.832837 0.124317 0.832837 0.124317 0.840754 0.121057 0.840754
0 0.124317 0.834389 0.133787 0.834389 0.133787 0.839046 0.124317 0.839046
1 0.133631 0.832992 0.137357 0.832992 0.137357 0.840754 0.133631 0.840754
1 0.155162 0.832371 0.158422 0.832371 0.158422 0.840288 0.155162 0.840288
0 0.158422 0.833923 0.167891 0.833923 0.167891 0.838580 0.158422 0.838580
1 0.167736 0.832526 0.171462 0.832526 0.171462 0.840288 0.167736 0.840288
1 0.189159 0.832681 0.192419 0.832681 0.192419 0.840599 0.189159 0.840599
0 0.192419 0.834234 0.201889 0.834234 0.201889 0.838891 0.192419 0.838891
1 0.201734 0.832837 0.205460 0.832837 0.205460 0.840599 0.201734 0.840599
1 0.223312 0.832526 0.226572 0.832526 0.226572 0.840443 0.223312 0.840443
0 0.226572 0.834078 0.236042 0.834078 0.236042 0.838736 0.226572 0.838736
1 0.235887 0.832681 0.239613 0.832681 0.239613 0.840443 0.235887 0.840443
1 0.257310 0.832837 0.260570 0.832837 0.260570 0.840754 0.257310 0.840754
0 0.260480 0.833938 0.269950 0.833938 0.269950 0.838595 0.260480 0.838595
1 0.269885 0.832902 0.273610 0.832902 0.273610 0.840664 0.269885 0.840664
1 0.291165 0.832837 0.294425 0.832837 0.294425 0.840754 0.291165 0.840754
0 0.294425 0.834389 0.303895 0.834389 0.303895 0.839046 0.294425 0.839046
1 0.303740 0.832992 0.307465 0.832992 0.307465 0.840754 0.303740 0.840754
1 0.325270 0.832371 0.328530 0.832371 0.328530 0.840288 0.325270 0.840288
0 0.328530 0.833923 0.338000 0.833923 0.338000 0.838580 0.328530 0.838580
1 0.337844 0.832526 0.341570 0.832526 0.341570 0.840288 0.337844 0.840288
1 0.359268 0.832681 0.362528 0.832681 0.362528 0.840599 0.359268 0.840599
0 0.362528 0.834234 0.371997 0.834234 0.371997 0.838891 0.362528 0.838891
1 0.371842 0.832837 0.375568 0.832837 0.375568 0.840599 0.371842 0.840599
1 0.393421 0.832526 0.396681 0.832526 0.396681 0.840443 0.393421 0.840443
0 0.396681 0.834078 0.406150 0.834078 0.406150 0.838736 0.396681 0.838736
1 0.405995 0.832681 0.409721 0.832681 0.409721 0.840443 0.405995 0.840443
1 0.427418 0.832837 0.430678 0.832837 0.430678 0.840754 0.427418 0.840754
0 0.430859 0.833938 0.440329 0.833938 0.440329 0.838595 0.430859 0.838595
1 0.440263 0.832721 0.443989 0.832721 0.443989 0.840483 0.440263 0.840483
1 0.461686 0.831989 0.464946 0.831989 0.464946 0.839906 0.461686 0.839906
0 0.464766 0.833721 0.474235 0.833721 0.474235 0.838379 0.464766 0.838379
1 0.474260 0.832144 0.477986 0.832144 0.477986 0.839906 0.474260 0.839906
1 0.495684 0.832299 0.498944 0.832299 0.498944 0.840216 0.495684 0.840216
0 0.498944 0.834122 0.508413 0.834122 0.508413 0.838779 0.498944 0.838779
1 0.508258 0.832454 0.511984 0.832454 0.511984 0.840216 0.508258 0.840216
1 0.529837 0.832144 0.533097 0.832144 0.533097 0.840061 0.529837 0.840061
0 0.533097 0.833696 0.542566 0.833696 0.542566 0.838354 0.533097 0.838354
1 0.542411 0.832299 0.546137 0.832299 0.546137 0.840061 0.542411 0.840061
1 0.563834 0.832454 0.567094 0.832454 0.567094 0.840372 0.563834 0.840372
0 0.567094 0.834007 0.576564 0.834007 0.576564 0.838664 0.567094 0.838664
1 0.576409 0.832610 0.580135 0.832610 0.580135 0.840372 0.576409 0.840372
1 0.597689 0.832454 0.600949 0.832454 0.600949 0.840372 0.597689 0.840372
0 0.600949 0.833826 0.610419 0.833826 0.610419 0.838484 0.600949 0.838484
1 0.610264 0.832610 0.613990 0.832610 0.613990 0.840372 0.610264 0.840372
1 0.631794 0.831989 0.635054 0.831989 0.635054 0.839906 0.631794 0.839906
0 0.635054 0.833812 0.644524 0.833812 0.644524 0.838469 0.635054 0.838469
1 0.644369 0.832144 0.648094 0.832144 0.648094 0.839906 0.644369 0.839906
1 0.665792 0.832299 0.669052 0.832299 0.669052 0.840216 0.665792 0.840216
0 0.669052 0.833852 0.678522 0.833852 0.678522 0.838509 0.669052 0.838509
1 0.678366 0.832454 0.682092 0.832454 0.682092 0.840216 0.678366 0.840216
1 0.699945 0.832144 0.703205 0.832144 0.703205 0.840061 0.699945 0.840061
0 0.703115 0.834057 0.712584 0.834057 0.712584 0.838714 0.703115 0.838714
1 0.712519 0.832299 0.716245 0.832299 0.716245 0.840061 0.712519 0.840061
1 0.733943 0.832454 0.737203 0.832454 0.737203 0.840372 0.733943 0.840372
0 0.737203 0.834007 0.746672 0.834007 0.746672 0.838664 0.737203 0.838664
1 0.746517 0.832610 0.750243 0.832610 0.750243 0.840372 0.746517 0.840372
1 0.768359 0.832144 0.771619 0.832144 0.771619 0.840061 0.768359 0.840061
0 0.771619 0.833696 0.781089 0.833696 0.781089 0.838354 0.771619 0.838354
1 0.780934 0.832299 0.784659 0.832299 0.784659 0.840061 0.780934 0.840061
1 0.802357 0.832454 0.805617 0.832454 0.805617 0.840372 0.802357 0.840372
0 0.805617 0.833826 0.815087 0.833826 0.815087 0.838484 0.805617 0.838484
1 0.814931 0.832610 0.818657 0.832610 0.818657 0.840372 0.814931 0.840372
0 0.030025 0.691645 0.035769 0.698475 0.023039 0.708877 0.017451 0.702201
1 0.030181 0.691179 0.032820 0.689006 0.038979 0.695929 0.036080 0.698320
1 0.017140 0.701891 0.014501 0.704064 0.020245 0.711050 0.022729 0.709032
1 0.064428 0.691358 0.067068 0.689185 0.073122 0.696326 0.070328 0.698499
0 0.064273 0.691740 0.070017 0.698570 0.057287 0.708971 0.051699 0.702296
1 0.051388 0.701986 0.048749 0.704159 0.054493 0.711145 0.056977 0.709127
1 0.084972 0.701785 0.082333 0.703958 0.088077 0.710944 0.090561 0.708926
0 0.097857 0.691539 0.103601 0.698370 0.090871 0.708771 0.085282 0.702095
1 0.098012 0.691073 0.100651 0.688900 0.106706 0.696041 0.103911 0.698214
1 0.119220 0.701880 0.116581 0.704053 0.122325 0.711039 0.124809 0.709021
0 0.131857 0.691386 0.137601 0.698217 0.124872 0.708618 0.119283 0.701943
1 0.132260 0.691168 0.134899 0.688995 0.140954 0.696136 0.138159 0.698309
1 0.153483 0.701571 0.150844 0.703745 0.156588 0.710731 0.159072 0.708712
0 0.166368 0.691150 0.172112 0.697981 0.159383 0.708382 0.153794 0.701706
1 0.166524 0.690860 0.169163 0.688686 0.175217 0.695827 0.172423 0.698001
1 0.187731 0.701666 0.185092 0.703840 0.190836 0.710825 0.193320 0.708807
0 0.200521 0.691325 0.206265 0.698156 0.193536 0.708557 0.187947 0.701882
1 0.200677 0.690860 0.203316 0.688686 0.209370 0.695827 0.206576 0.698001
1 0.221220 0.701287 0.218581 0.703460 0.224325 0.710446 0.226809 0.708428
0 0.234105 0.691041 0.239849 0.697871 0.227119 0.708273 0.221531 0.701597
1 0.234260 0.690575 0.236900 0.688402 0.242954 0.695543 0.240160 0.697716
1 0.255592 0.701877 0.252953 0.704050 0.258697 0.711036 0.261181 0.709018
0 0.268353 0.691259 0.274097 0.698090 0.261367 0.708491 0.255779 0.701816
1 0.268508 0.690759 0.271147 0.688585 0.277202 0.695726 0.274407 0.697900
1 0.289876 0.701404 0.287237 0.703577 0.292981 0.710563 0.295465 0.708545
0 0.302761 0.691158 0.308505 0.697988 0.295775 0.708390 0.290186 0.701714
1 0.302916 0.690692 0.305555 0.688519 0.311610 0.695660 0.308815 0.697833
1 0.324124 0.701499 0.321485 0.703672 0.327229 0.710658 0.329713 0.708640
0 0.337009 0.691253 0.342753 0.698083 0.330023 0.708484 0.324434 0.701809
1 0.337164 0.690787 0.339803 0.688614 0.345858 0.695755 0.343063 0.697928
1 0.358326 0.701462 0.355687 0.703635 0.361431 0.710621 0.363915 0.708603
0 0.370840 0.690916 0.376584 0.697747 0.363854 0.708148 0.358266 0.701473
1 0.370995 0.690626 0.373634 0.688453 0.379689 0.695594 0.376895 0.697767
1 0.392079 0.701309 0.389440 0.703482 0.395184 0.710468 0.397668 0.708450
0 0.404964 0.691063 0.410708 0.697894 0.397978 0.708295 0.392390 0.701619
1 0.404996 0.690597 0.407635 0.688424 0.413689 0.695565 0.410895 0.697738
1 0.426219 0.701619 0.423580 0.703792 0.429324 0.710778 0.431808 0.708760
0 0.438857 0.691126 0.444601 0.697956 0.431871 0.708357 0.426282 0.701682
1 0.439259 0.690907 0.441898 0.688734 0.447953 0.695875 0.445158 0.698049
1 0.459601 0.701838 0.456962 0.704011 0.462706 0.710997 0.465189 0.708979
0 0.473257 0.690754 0.479001 0.697585 0.465273 0.708675 0.459457 0.701498
1 0.473412 0.690289 0.476051 0.688115 0.482106 0.695256 0.479311 0.697430
1 0.494327 0.701706 0.491688 0.703879 0.497432 0.710865 0.499916 0.708847
0 0.506965 0.691089 0.512709 0.697919 0.499979 0.708320 0.494390 0.701645
1 0.507244 0.690747 0.509883 0.688573 0.515937 0.695714 0.513143 0.697888
1 0.527833 0.701801 0.525193 0.703974 0.530937 0.710960 0.533421 0.708942
0 0.541089 0.690565 0.546833 0.697395 0.533579 0.708799 0.527887 0.701745
1 0.541244 0.690099 0.543883 0.687926 0.549937 0.695067 0.547143 0.697240
1 0.561796 0.702328 0.559157 0.704502 0.564901 0.711487 0.567384 0.709469
0 0.575156 0.691227 0.581096 0.698280 0.567695 0.709314 0.562106 0.702639
1 0.575207 0.691245 0.577846 0.689072 0.583901 0.696213 0.581106 0.698386
1 0.595936 0.701896 0.593297 0.704069 0.599040 0.711055 0.601524 0.709037
0 0.608697 0.691403 0.614441 0.698233 0.601711 0.708634 0.596122 0.701959
1 0.609100 0.691308 0.611739 0.689135 0.617793 0.696276 0.614999 0.698449
1 0.630307 0.702115 0.627668 0.704288 0.633412 0.711274 0.635896 0.709256
0 0.642850 0.691526 0.648594 0.698357 0.635864 0.708758 0.630275 0.702083
1 0.643129 0.691308 0.645768 0.689135 0.651822 0.696276 0.649028 0.698449
1 0.663796 0.701845 0.661157 0.704018 0.666901 0.711004 0.669385 0.708986
0 0.676681 0.691599 0.682425 0.698430 0.669695 0.708831 0.664107 0.702155
1 0.676836 0.691133 0.679476 0.688960 0.685530 0.696101 0.682736 0.698274
1 0.697797 0.701940 0.695157 0.704113 0.700901 0.711099 0.703385 0.709081
0 0.711273 0.690980 0.716966 0.698033 0.703572 0.708678 0.697983 0.702003
1 0.711084 0.690946 0.713723 0.688772 0.719778 0.695913 0.716983 0.698087
1 0.732452 0.701962 0.729813 0.704135 0.735557 0.711121 0.738041 0.709103
0 0.745089 0.691592 0.750833 0.698423 0.738104 0.708824 0.732515 0.702149
1 0.745245 0.691250 0.747884 0.689077 0.753938 0.696218 0.751144 0.698391
1 0.766452 0.701314 0.763813 0.703488 0.769433 0.710284 0.772031 0.707932
0 0.778966 0.690697 0.784710 0.697528 0.771980 0.707929 0.766392 0.701254
1 0.778998 0.690479 0.781637 0.688306 0.787691 0.695447 0.784897 0.697620
1 0.800036 0.701525 0.797397 0.703698 0.803141 0.710684 0.805813 0.708180
0 0.812921 0.690908 0.818665 0.697738 0.805935 0.708139 0.800347 0.701464
1 0.813200 0.690813 0.815839 0.688640 0.821894 0.695781 0.819099 0.697954
1 0.834531 0.701496 0.831892 0.703669 0.837636 0.710655 0.840337 0.708427
0 0.847293 0.691003 0.853037 0.697833 0.840307 0.708234 0.834718 0.701559
1 0.847572 0.690784 0.850211 0.688611 0.856265 0.695752 0.853471 0.697925
1 0.868795 0.701559 0.866156 0.703732 0.871900 0.710718 0.874384 0.708700
0 0.881680 0.690942 0.887424 0.697772 0.874694 0.708173 0.869106 0.701498
1 0.881835 0.690847 0.884474 0.688674 0.890529 0.695815 0.887734 0.697988
1 0.903043 0.701654 0.900404 0.703827 0.906148 0.710813 0.908632 0.708795
0 0.915833 0.691313 0.921577 0.698143 0.908847 0.708544 0.903259 0.701869
1 0.915878 0.690847 0.918517 0.688674 0.924572 0.695815 0.921778 0.697988
1 0.936422 0.701274 0.933783 0.703447 0.939527 0.710433 0.942011 0.708415
0 0.949307 0.691028 0.955051 0.697859 0.942321 0.708260 0.936732 0.701585
1 0.949462 0.690562 0.952101 0.688389 0.958156 0.695530 0.955361 0.697704
1 0.970670 0.701369 0.968031 0.703542 0.973775 0.710528 0.976258 0.708510
0 0.983555 0.691123 0.989299 0.697954 0.976569 0.708355 0.970980 0.701679
1 0.983710 0.690657 0.986349 0.688484 0.992404 0.695625 0.989609 0.697798
1 0.983904 0.196943 0.997894 0.196943 0.997894 0.212488 0.983904 0.212488
