0 0.907721 0.951262 0.926080 0.951262 0.926080 0.983712 0.907721 0.983712
0 0.710497 0.737919 0.763108 0.737919 0.763108 0.764269 0.710497 0.764269
0 0.284515 0.519830 0.304910 0.519830 0.304910 0.551108 0.284515 0.551108
0 0.607496 0.656502 0.632265 0.656502 0.632265 0.669127 0.607496 0.669127
0 0.692619 0.662026 0.719040 0.662026 0.719040 0.713999 0.692619 0.713999
0 0.732104 0.697052 0.758059 0.697052 0.758059 0.712152 0.732104 0.712152
0 0.608755 0.630481 0.633584 0.630481 0.633584 0.643328 0.608755 0.643328
0 0.340856 0.645288 0.359724 0.645288 0.359724 0.690818 0.340856 0.690818
0 0.343081 0.358551 0.368968 0.358551 0.368968 0.371990 0.343081 0.371990
0 0.700400 0.478429 0.713168 0.478429 0.713168 0.504319 0.700400 0.504319
0 0.274987 0.410497 0.287848 0.410497 0.287848 0.435176 0.274987 0.435176
0 0.729007 0.625947 0.756500 0.625947 0.756500 0.680171 0.729007 0.680171
0 0.641211 0.705668 0.654551 0.705668 0.654551 0.731431 0.641211 0.731431
0 0.663594 0.461469 0.676051 0.461469 0.676051 0.487254 0.663594 0.487254
1 0.281584 0.509771 0.306515 0.509771 0.306515 0.519527 0.281584 0.519527
0 0.293652 0.358302 0.319093 0.358302 0.319093 0.371372 0.293652 0.371372
1 0.317130 0.639716 0.340651 0.639716 0.340651 0.663261 0.317130 0.663261
1 0.360170 0.657897 0.383152 0.657897 0.383152 0.677894 0.360170 0.677894
0 0.668916 0.626092 0.681558 0.626092 0.681558 0.651656 0.668916 0.651656
0 0.315927 0.519608 0.330609 0.519608 0.330609 0.545402 0.315927 0.545402
1 0.690984 0.650783 0.720027 0.650783 0.720027 0.662044 0.690984 0.662044
0 0.337838 0.381694 0.363148 0.381694 0.363148 0.394101 0.337838 0.394101
0 0.889033 0.357136 0.905240 0.357136 0.905240 0.365037 0.889033 0.365037
1 0.763310 0.736602 0.774854 0.736602 0.774854 0.765519 0.763310 0.765519
0 0.663776 0.512951 0.676328 0.512951 0.676328 0.538359 0.663776 0.538359
1 0.318767 0.674216 0.340156 0.674216 0.340156 0.694149 0.318767 0.694149
0 0.293304 0.379099 0.319089 0.379099 0.319089 0.394407 0.293304 0.394407
0 0.812348 0.830613 0.828588 0.830613 0.828588 0.839937 0.812348 0.839937
1 0.438942 0.640285 0.570878 0.640285 0.570878 0.662641 0.438942 0.662641
1 0.209269 0.481723 0.222513 0.481723 0.222513 0.522185 0.209269 0.522185
0 0.076354 0.884790 0.093275 0.884790 0.093275 0.893855 0.076354 0.893855
1 0.728263 0.680407 0.756083 0.680407 0.756083 0.690389 0.728263 0.690389
1 0.089372 0.480170 0.105288 0.480170 0.105288 0.522145 0.089372 0.522145
1 0.691502 0.714709 0.720010 0.714709 0.720010 0.725869 0.691502 0.725869
0 0.303809 0.791073 0.320022 0.791073 0.320022 0.799648 0.303809 0.799648
1 0.595372 0.521327 0.639252 0.521327 0.639252 0.529415 0.595372 0.529415
0 0.783494 0.963368 0.799377 0.963368 0.799377 0.971587 0.783494 0.971587
1 0.248922 0.413822 0.260057 0.413822 0.260057 0.452864 0.248922 0.452864
1 0.699444 0.736357 0.710259 0.736357 0.710259 0.765409 0.699444 0.765409
0 0.920855 0.790350 0.936821 0.790350 0.936821 0.799717 0.920855 0.799717
1 0.128590 0.412239 0.143874 0.412239 0.143874 0.453918 0.128590 0.453918
0 0.302243 0.773930 0.318204 0.773930 0.318204 0.783401 0.302243 0.783401
0 0.106893 0.475208 0.207429 0.475208 0.207429 0.529372 0.106893 0.529372
0 0.755890 0.919942 0.764769 0.919942 0.764769 0.935773 0.755890 0.935773
1 0.368578 0.599527 0.412060 0.599527 0.412060 0.607539 0.368578 0.607539
0 0.756109 0.883448 0.764256 0.883448 0.764256 0.899380 0.756109 0.899380
1 0.282186 0.551236 0.306446 0.551236 0.306446 0.561518 0.282186 0.561518
0 0.419695 0.760220 0.436086 0.760220 0.436086 0.769449 0.419695 0.769449
1 0.595399 0.587944 0.639588 0.587944 0.639588 0.596011 0.595399 0.596011
0 0.556323 0.856155 0.565500 0.856155 0.565500 0.872829 0.556323 0.872829
0 0.736804 0.920354 0.745570 0.920354 0.745570 0.936325 0.736804 0.936325
1 0.436699 0.354448 0.571185 0.354448 0.571185 0.377585 0.436699 0.377585
1 0.725815 0.613367 0.757419 0.613367 0.757419 0.626082 0.725815 0.626082
0 0.859082 0.898882 0.875539 0.898882 0.875539 0.907579 0.859082 0.907579
0 0.447079 0.749894 0.456217 0.749894 0.456217 0.766064 0.447079 0.766064
0 0.937838 0.716925 0.945837 0.716925 0.945837 0.732446 0.937838 0.732446
0 0.378042 0.362176 0.387486 0.362176 0.387486 0.378774 0.378042 0.378774
0 0.853916 0.694946 0.863560 0.694946 0.863560 0.710905 0.853916 0.710905
0 0.872391 0.708179 0.881679 0.708179 0.881679 0.724804 0.872391 0.724804
0 0.076802 0.901796 0.093186 0.901796 0.093186 0.910793 0.076802 0.910793
0 0.488399 0.903978 0.496917 0.903978 0.496917 0.920089 0.488399 0.920089
0 0.488914 0.941444 0.496973 0.941444 0.496973 0.957444 0.488914 0.957444
0 0.831271 0.975027 0.840498 0.975027 0.840498 0.991209 0.831271 0.991209
0 0.543175 0.956554 0.551206 0.956554 0.551206 0.972888 0.543175 0.972888
1 0.926364 0.975068 0.943875 0.975068 0.943875 0.982080 0.926364 0.982080
0 0.243288 0.920277 0.251349 0.920277 0.251349 0.936200 0.243288 0.936200
0 0.938034 0.745943 0.945868 0.745943 0.945868 0.761925 0.938034 0.761925
0 0.795897 0.882622 0.805688 0.882622 0.805688 0.899431 0.795897 0.899431
1 0.595352 0.454657 0.638430 0.454657 0.638430 0.462711 0.595352 0.462711
0 0.333077 0.485317 0.340957 0.485317 0.340957 0.501567 0.333077 0.501567
1 0.368529 0.455097 0.412500 0.455097 0.412500 0.462983 0.368529 0.462983
1 0.595237 0.443592 0.639293 0.443592 0.639293 0.451537 0.595237 0.451537
0 0.186794 0.869430 0.194969 0.869430 0.194969 0.885386 0.186794 0.885386
1 0.146895 0.545209 0.156752 0.545209 0.156752 0.587566 0.146895 0.587566
1 0.595530 0.599082 0.638683 0.599082 0.638683 0.607322 0.595530 0.607322
0 0.655548 0.430107 0.663654 0.430107 0.663654 0.446253 0.655548 0.446253
0 0.774936 0.883388 0.783943 0.883388 0.783943 0.899420 0.774936 0.899420
1 0.595246 0.510264 0.639486 0.510264 0.639486 0.518147 0.595246 0.518147
1 0.595329 0.532619 0.638826 0.532619 0.638826 0.540497 0.595329 0.540497
1 0.890437 0.975030 0.907379 0.975030 0.907379 0.981845 0.890437 0.981845
1 0.368789 0.521850 0.412532 0.521850 0.412532 0.529647 0.368789 0.529647
1 0.595548 0.465820 0.638443 0.465820 0.638443 0.473684 0.595548 0.473684
1 0.926622 0.964129 0.943053 0.964129 0.943053 0.970908 0.926622 0.970908
1 0.595003 0.576938 0.639652 0.576938 0.639652 0.584821 0.595003 0.584821
1 0.370067 0.588409 0.412255 0.588409 0.412255 0.596361 0.370067 0.596361
1 0.368939 0.532955 0.412529 0.532955 0.412529 0.540647 0.368939 0.540647
1 0.595178 0.432532 0.638447 0.432532 0.638447 0.440641 0.595178 0.440641
1 0.272792 0.435539 0.289268 0.435539 0.289268 0.440038 0.272792 0.440038
1 0.889390 0.964126 0.907649 0.964126 0.907649 0.970912 0.889390 0.970912
1 0.595558 0.543582 0.638995 0.543582 0.638995 0.551564 0.595558 0.551564
1 0.595536 0.476705 0.638632 0.476705 0.638632 0.484925 0.595536 0.484925
1 0.595157 0.499138 0.639702 0.499138 0.639702 0.507187 0.595157 0.507187
0 0.243047 0.882616 0.251311 0.882616 0.251311 0.898635 0.243047 0.898635
1 0.370303 0.410733 0.411904 0.410733 0.411904 0.419052 0.370303 0.419052
1 0.594934 0.565854 0.638603 0.565854 0.638603 0.573865 0.594934 0.573865
1 0.370336 0.443994 0.412635 0.443994 0.412635 0.451827 0.370336 0.451827
1 0.368111 0.477437 0.412397 0.477437 0.412397 0.485493 0.368111 0.485493
1 0.595218 0.421129 0.638345 0.421129 0.638345 0.429404 0.595218 0.429404
1 0.595363 0.554553 0.639080 0.554553 0.639080 0.562627 0.595363 0.562627
1 0.926824 0.952539 0.943432 0.952539 0.943432 0.959611 0.926824 0.959611
1 0.595235 0.487896 0.639688 0.487896 0.639688 0.495881 0.595235 0.495881
1 0.368115 0.466185 0.412516 0.466185 0.412516 0.474144 0.368115 0.474144
1 0.699085 0.473228 0.715810 0.473228 0.715810 0.478158 0.699085 0.478158
1 0.639478 0.731590 0.656298 0.731590 0.656298 0.735784 0.639478 0.735784
1 0.368731 0.543902 0.412538 0.543902 0.412538 0.551858 0.368731 0.551858
1 0.595714 0.409974 0.639354 0.409974 0.639354 0.418550 0.595714 0.418550
1 0.888503 0.952851 0.907765 0.952851 0.907765 0.959783 0.888503 0.959783
1 0.602222 0.654392 0.607372 0.654392 0.607372 0.671134 0.602222 0.671134
1 0.370274 0.432788 0.412681 0.432788 0.412681 0.440929 0.370274 0.440929
1 0.370198 0.577328 0.412703 0.577328 0.412703 0.585171 0.370198 0.585171
1 0.633652 0.629445 0.638247 0.629445 0.638247 0.645652 0.633652 0.645652
1 0.368958 0.421726 0.412330 0.421726 0.412330 0.429979 0.368958 0.429979
1 0.368271 0.510724 0.412622 0.510724 0.412622 0.518406 0.368271 0.518406
1 0.632499 0.654318 0.637377 0.654318 0.637377 0.670974 0.632499 0.670974
1 0.369953 0.554916 0.412424 0.554916 0.412424 0.562824 0.369953 0.562824
1 0.332637 0.379346 0.337721 0.379346 0.337721 0.395984 0.332637 0.395984
1 0.370272 0.566198 0.412847 0.566198 0.412847 0.574214 0.370272 0.574214
1 0.363377 0.379317 0.367711 0.379317 0.367711 0.395890 0.363377 0.395890
1 0.338110 0.356597 0.342956 0.356597 0.342956 0.373052 0.338110 0.373052
1 0.698695 0.504549 0.715657 0.504549 0.715657 0.508534 0.698695 0.508534
1 0.758217 0.696199 0.762305 0.696199 0.762305 0.712942 0.758217 0.712942
1 0.288524 0.355839 0.293504 0.355839 0.293504 0.372701 0.288524 0.372701
1 0.368275 0.488466 0.412533 0.488466 0.412533 0.496384 0.368275 0.496384
1 0.661619 0.487301 0.677930 0.487301 0.677930 0.491477 0.661619 0.491477
1 0.368283 0.499408 0.412880 0.499408 0.412880 0.507332 0.368283 0.507332
1 0.661609 0.508207 0.678358 0.508207 0.678358 0.512936 0.661609 0.512936
1 0.667224 0.621102 0.683793 0.621102 0.683793 0.625912 0.667224 0.625912
1 0.661582 0.456449 0.677993 0.456449 0.677993 0.461230 0.661582 0.461230
1 0.543131 0.973083 0.551533 0.973083 0.551533 0.976583 0.543131 0.976583
1 0.755968 0.916187 0.764662 0.916187 0.764662 0.919727 0.755968 0.919727
1 0.272812 0.404974 0.289616 0.404974 0.289616 0.410183 0.272812 0.410183
1 0.214804 0.544848 0.223145 0.544848 0.223145 0.587368 0.214804 0.587368
1 0.667238 0.651898 0.683763 0.651898 0.683763 0.655950 0.667238 0.655950
1 0.937700 0.713346 0.946358 0.713346 0.946358 0.716797 0.937700 0.716797
1 0.315463 0.545697 0.331726 0.545697 0.331726 0.550458 0.315463 0.550458
0 0.178377 0.747138 0.187785 0.747138 0.187785 0.763319 0.178377 0.763319
1 0.639207 0.701898 0.656214 0.701898 0.656214 0.705502 0.639207 0.705502
1 0.315149 0.515419 0.331655 0.515419 0.331655 0.519444 0.315149 0.519444
1 0.093333 0.884664 0.097040 0.884664 0.097040 0.893909 0.093333 0.893909
1 0.727817 0.696142 0.731893 0.696142 0.731893 0.712987 0.727817 0.712987
1 0.242702 0.898793 0.251948 0.898793 0.251948 0.902348 0.242702 0.902348
1 0.319142 0.379502 0.323778 0.379502 0.323778 0.395756 0.319142 0.395756
1 0.603085 0.629345 0.608389 0.629345 0.608389 0.646042 0.603085 0.646042
1 0.332635 0.481538 0.341378 0.481538 0.341378 0.485072 0.332635 0.485072
1 0.655528 0.446333 0.663718 0.446333 0.663718 0.449761 0.655528 0.449761
1 0.178390 0.743525 0.187522 0.743525 0.187522 0.747157 0.178390 0.747157
1 0.093235 0.901718 0.096847 0.901718 0.096847 0.910936 0.093235 0.910936
1 0.319209 0.356851 0.324029 0.356851 0.324029 0.373620 0.319209 0.373620
1 0.073339 0.901807 0.076715 0.901807 0.076715 0.910822 0.073339 0.910822
1 0.661566 0.538630 0.678514 0.538630 0.678514 0.542996 0.661566 0.542996
0 0.413923 0.378181 0.593821 0.378181 0.593821 0.640285 0.413923 0.640285
1 0.796255 0.899751 0.805772 0.899751 0.805772 0.903126 0.796255 0.903126
1 0.377692 0.378988 0.387350 0.378988 0.387350 0.382675 0.377692 0.382675
1 0.185755 0.885537 0.195401 0.885537 0.195401 0.888766 0.185755 0.888766
1 0.488359 0.900073 0.497165 0.900073 0.497165 0.903964 0.488359 0.903964
1 0.289329 0.377873 0.293168 0.377873 0.293168 0.394102 0.289329 0.394102
1 0.556274 0.852057 0.565419 0.852057 0.565419 0.855907 0.556274 0.855907
1 0.320081 0.791317 0.323178 0.791317 0.323178 0.800337 0.320081 0.800337
1 0.369107 0.357013 0.373439 0.357013 0.373439 0.373353 0.369107 0.373353
1 0.378159 0.358807 0.387482 0.358807 0.387482 0.362154 0.378159 0.362154
1 0.488506 0.937721 0.497035 0.937721 0.497035 0.941316 0.488506 0.941316
1 0.542589 0.952941 0.552262 0.952941 0.552262 0.956415 0.542589 0.956415
1 0.796201 0.878914 0.805781 0.878914 0.805781 0.882550 0.796201 0.882550
1 0.855624 0.898793 0.858901 0.898793 0.858901 0.907340 0.855624 0.907340
1 0.416557 0.760845 0.419699 0.760845 0.419699 0.769287 0.416557 0.769287
1 0.488674 0.957756 0.497151 0.957756 0.497151 0.961258 0.488674 0.961258
1 0.447244 0.746574 0.456156 0.746574 0.456156 0.749812 0.447244 0.749812
1 0.872451 0.704686 0.881665 0.704686 0.881665 0.708081 0.872451 0.708081
1 0.937760 0.742289 0.946220 0.742289 0.946220 0.745786 0.937760 0.745786
1 0.905332 0.356995 0.908679 0.356995 0.908679 0.365287 0.905332 0.365287
1 0.831276 0.971250 0.840506 0.971250 0.840506 0.974909 0.831276 0.974909
1 0.242927 0.878943 0.251539 0.878943 0.251539 0.882569 0.242927 0.882569
1 0.853598 0.711327 0.863567 0.711327 0.863567 0.714920 0.853598 0.714920
1 0.808876 0.830330 0.812128 0.830330 0.812128 0.839977 0.808876 0.839977
1 0.828754 0.830619 0.832048 0.830619 0.832048 0.840080 0.828754 0.840080
1 0.447161 0.766203 0.456222 0.766203 0.456222 0.769221 0.447161 0.769221
1 0.799611 0.963090 0.803326 0.963090 0.803326 0.971888 0.799611 0.971888
1 0.854104 0.691424 0.863201 0.691424 0.863201 0.694882 0.854104 0.694882
1 0.655405 0.426422 0.663808 0.426422 0.663808 0.429905 0.655405 0.429905
1 0.756185 0.879675 0.764014 0.879675 0.764014 0.883425 0.756185 0.883425
1 0.775212 0.879507 0.783667 0.879507 0.783667 0.883253 0.775212 0.883253
1 0.242736 0.936642 0.251981 0.936642 0.251981 0.940108 0.242736 0.940108
1 0.875477 0.898651 0.878459 0.898651 0.878459 0.907529 0.875477 0.907529
1 0.775297 0.899759 0.783860 0.899759 0.783860 0.902587 0.775297 0.902587
1 0.736641 0.916989 0.745495 0.916989 0.745495 0.920265 0.736641 0.920265
1 0.300326 0.790536 0.303636 0.790536 0.303636 0.798926 0.300326 0.798926
1 0.917394 0.790633 0.920777 0.790633 0.920777 0.800004 0.917394 0.800004
1 0.756400 0.899667 0.764217 0.899667 0.764217 0.902854 0.756400 0.902854
1 0.937022 0.790554 0.939929 0.790554 0.939929 0.799377 0.937022 0.799377
1 0.885341 0.356921 0.888944 0.356921 0.888944 0.365044 0.885341 0.365044
1 0.178236 0.763478 0.187661 0.763478 0.187661 0.766696 0.178236 0.766696
1 0.186516 0.865358 0.195070 0.865358 0.195070 0.869365 0.186516 0.869365
1 0.831153 0.991403 0.840687 0.991403 0.840687 0.994873 0.831153 0.994873
1 0.073319 0.884959 0.076409 0.884959 0.076409 0.893849 0.073319 0.893849
1 0.243231 0.916770 0.251591 0.916770 0.251591 0.920148 0.243231 0.920148
1 0.937930 0.762336 0.946033 0.762336 0.946033 0.765921 0.937930 0.765921
1 0.298695 0.773863 0.302192 0.773863 0.302192 0.782789 0.298695 0.782789
1 0.332944 0.501739 0.341246 0.501739 0.341246 0.505122 0.332944 0.505122
0 0.145573 0.406751 0.248177 0.406751 0.248177 0.459900 0.145573 0.459900
1 0.779746 0.963442 0.783375 0.963442 0.783375 0.971677 0.779746 0.971677
1 0.488049 0.920344 0.497188 0.920344 0.497188 0.924106 0.488049 0.924106
1 0.556207 0.872890 0.565577 0.872890 0.565577 0.876314 0.556207 0.876314
1 0.736801 0.936558 0.745645 0.936558 0.745645 0.939695 0.736801 0.939695
1 0.436092 0.760428 0.439686 0.760428 0.439686 0.768732 0.436092 0.768732
0 0.157118 0.542510 0.213456 0.542510 0.213456 0.591148 0.157118 0.591148
1 0.031357 0.975080 0.054424 0.975080 0.054424 0.995464 0.031357 0.995464
1 0.074674 0.957646 0.097875 0.957646 0.097875 0.979237 0.074674 0.979237
1 0.937767 0.844028 0.969377 0.844028 0.969377 0.874548 0.937767 0.874548
1 0.937767 0.893622 0.968832 0.893622 0.968832 0.923461 0.937767 0.923461
1 0.962643 0.689104 0.970934 0.689104 0.970934 0.714449 0.962643 0.714449
1 0.973024 0.688700 0.982326 0.688700 0.982326 0.714719 0.973024 0.714719
1 0.984078 0.687284 0.993044 0.687284 0.993044 0.714315 0.984078 0.714315
1 0.962306 0.762174 0.970867 0.762174 0.970867 0.790013 0.962306 0.790013
1 0.973698 0.762241 0.982124 0.762241 0.982124 0.790350 0.973698 0.790350
1 0.984955 0.762106 0.993178 0.762106 0.993178 0.788732 0.984955 0.788732
1 0.989404 0.608148 0.998638 0.608148 0.998638 0.650952 0.989404 0.650952
1 0.978147 0.608283 0.987381 0.608283 0.987381 0.651087 0.978147 0.651087
1 0.967429 0.608081 0.976680 0.608081 0.976680 0.652112 0.967429 0.652112
1 0.956172 0.608216 0.965446 0.608216 0.965446 0.651942 0.956172 0.651942
1 0.911226 0.608060 0.921365 0.608060 0.921365 0.652623 0.911226 0.652623
1 0.922908 0.608180 0.932143 0.608180 0.932143 0.650984 0.922908 0.650984
1 0.933966 0.608212 0.943576 0.608212 0.943576 0.652878 0.933966 0.652878
1 0.945138 0.607992 0.954554 0.607992 0.954554 0.653219 0.945138 0.653219
1 0.900560 0.608148 0.909792 0.608148 0.909792 0.652283 0.900560 0.652283
1 0.889303 0.608283 0.898729 0.608283 0.898729 0.652453 0.889303 0.652453
1 0.878245 0.608166 0.887496 0.608166 0.887496 0.652708 0.878245 0.652708
1 0.867499 0.608130 0.876603 0.608130 0.876603 0.652027 0.867499 0.652027
1 0.822736 0.607861 0.831497 0.607861 0.831497 0.652711 0.822736 0.652711
1 0.833628 0.607946 0.842619 0.607946 0.842619 0.651835 0.833628 0.651835
1 0.845202 0.607861 0.853762 0.607861 0.853762 0.652896 0.845202 0.652896
1 0.855699 0.607992 0.865200 0.607992 0.865200 0.652112 0.855699 0.652112
1 0.811928 0.607521 0.820689 0.607521 0.820689 0.652371 0.811928 0.652371
1 0.800695 0.607946 0.809460 0.607946 0.809460 0.652623 0.800695 0.652623
1 0.746719 0.449393 0.765362 0.449393 0.765362 0.582168 0.746719 0.582168
1 0.800124 0.379907 0.809157 0.379907 0.809157 0.424194 0.800124 0.424194
1 0.811179 0.380109 0.820211 0.380109 0.820211 0.424396 0.811179 0.424396
1 0.822301 0.380244 0.831334 0.380244 0.831334 0.424531 0.822301 0.424531
1 0.833356 0.380379 0.842388 0.380379 0.842388 0.424666 0.833356 0.424666
1 0.877979 0.380244 0.886877 0.380244 0.886877 0.425138 0.877979 0.425138
1 0.866790 0.380716 0.875822 0.380716 0.875822 0.425003 0.866790 0.425003
1 0.855668 0.380581 0.864700 0.380581 0.864700 0.424868 0.855668 0.424868
1 0.844613 0.380447 0.853645 0.380447 0.853645 0.424733 0.844613 0.424733
1 0.889439 0.380649 0.898471 0.380649 0.898471 0.424935 0.889439 0.424935
1 0.900493 0.380851 0.909526 0.380851 0.909526 0.425138 0.900493 0.425138
1 0.911346 0.380042 0.920648 0.380042 0.920648 0.425272 0.911346 0.425272
1 0.922670 0.381121 0.931703 0.381121 0.931703 0.425407 0.922670 0.425407
1 0.967159 0.381121 0.976057 0.381121 0.976057 0.426014 0.967159 0.426014
1 0.956037 0.380379 0.965137 0.380379 0.965137 0.425744 0.956037 0.425744
1 0.944915 0.380177 0.954082 0.380177 0.954082 0.425609 0.944915 0.425609
1 0.933927 0.381188 0.942960 0.381188 0.942960 0.425475 0.933927 0.425475
1 0.978214 0.381053 0.987112 0.381053 0.987112 0.425946 0.978214 0.425946
1 0.989269 0.381053 0.998167 0.381053 0.998167 0.425946 0.989269 0.425946
