0 0.891592 0.474725 0.942247 0.474725 0.942247 0.525171 0.891592 0.525171
1 0.896996 0.465302 0.902584 0.465302 0.902584 0.474488 0.896996 0.474488
1 0.905222 0.465399 0.911218 0.465399 0.911218 0.474467 0.905222 0.474467
0 0.036269 0.133174 0.089198 0.133174 0.089198 0.173863 0.036269 0.173863
1 0.031128 0.129007 0.055725 0.129007 0.055725 0.149193 0.031128 0.149193
1 0.071246 0.129176 0.095843 0.129176 0.095843 0.149363 0.071246 0.149363
1 0.071077 0.158693 0.095674 0.158693 0.095674 0.178879 0.071077 0.178879
1 0.030873 0.158778 0.055470 0.158778 0.055470 0.178964 0.030873 0.178964
0 0.155871 0.133418 0.208801 0.133418 0.208801 0.174107 0.155871 0.174107
1 0.190273 0.158693 0.214870 0.158693 0.214870 0.178879 0.190273 0.178879
1 0.190442 0.129176 0.215039 0.129176 0.215039 0.149363 0.190442 0.149363
1 0.150324 0.129007 0.174921 0.129007 0.174921 0.149193 0.150324 0.149193
1 0.150069 0.158778 0.174666 0.158778 0.174666 0.178964 0.150069 0.178964
0 0.274973 0.133418 0.327903 0.133418 0.327903 0.174107 0.274973 0.174107
1 0.269426 0.129007 0.294023 0.129007 0.294023 0.149193 0.269426 0.149193
1 0.269171 0.158778 0.293768 0.158778 0.293768 0.178964 0.269171 0.178964
1 0.309375 0.158693 0.333972 0.158693 0.333972 0.178879 0.309375 0.178879
1 0.309544 0.129176 0.334141 0.129176 0.334141 0.149363 0.309544 0.149363
0 0.394219 0.133129 0.447149 0.133129 0.447149 0.173817 0.394219 0.173817
1 0.428790 0.128887 0.453395 0.128887 0.453395 0.148687 0.428790 0.148687
1 0.388672 0.128717 0.413269 0.128717 0.413269 0.148904 0.388672 0.148904
1 0.388296 0.158628 0.413014 0.158628 0.413014 0.178675 0.388296 0.178675
1 0.428759 0.159004 0.453218 0.159004 0.453218 0.178590 0.428759 0.178590
0 0.513111 0.133322 0.566040 0.133322 0.566040 0.174011 0.513111 0.174011
1 0.508068 0.129055 0.532665 0.129055 0.532665 0.149241 0.508068 0.149241
1 0.507461 0.158667 0.532555 0.158667 0.532555 0.178579 0.507461 0.178579
1 0.547682 0.129080 0.572287 0.129080 0.572287 0.148880 0.547682 0.148880
1 0.547650 0.159197 0.572109 0.159197 0.572109 0.178783 0.547650 0.178783
0 0.632716 0.133217 0.685645 0.133217 0.685645 0.173906 0.632716 0.173906
1 0.627673 0.128950 0.652270 0.128950 0.652270 0.149137 0.627673 0.149137
1 0.627066 0.158563 0.652160 0.158563 0.652160 0.178475 0.627066 0.178475
1 0.667255 0.159092 0.691714 0.159092 0.691714 0.178679 0.667255 0.178679
1 0.667287 0.128976 0.691892 0.128976 0.691892 0.148775 0.667287 0.148775
0 0.752144 0.133118 0.805074 0.133118 0.805074 0.173807 0.752144 0.173807
1 0.746273 0.158906 0.771367 0.158906 0.771367 0.178819 0.746273 0.178819
1 0.746290 0.128630 0.770887 0.128630 0.770887 0.148816 0.746290 0.148816
1 0.786346 0.128581 0.810951 0.128581 0.810951 0.148381 0.786346 0.148381
1 0.786241 0.158919 0.810700 0.158919 0.810700 0.178506 0.786241 0.178506
0 0.770680 0.240724 0.823610 0.240724 0.823610 0.281413 0.770680 0.281413
1 0.764647 0.235698 0.789244 0.235698 0.789244 0.255884 0.764647 0.255884
1 0.764630 0.266333 0.789724 0.266333 0.789724 0.286245 0.764630 0.286245
1 0.805314 0.266167 0.829773 0.266167 0.829773 0.285753 0.805314 0.285753
1 0.805151 0.236366 0.829756 0.236366 0.829756 0.256165 0.805151 0.256165
0 0.651368 0.239821 0.705156 0.239821 0.705156 0.281363 0.651368 0.281363
1 0.645811 0.235905 0.670407 0.235905 0.670407 0.256092 0.645811 0.256092
1 0.645556 0.265826 0.670650 0.265826 0.670650 0.285738 0.645556 0.285738
1 0.686161 0.265977 0.710620 0.265977 0.710620 0.285563 0.686161 0.285563
1 0.686077 0.235859 0.710682 0.235859 0.710682 0.255659 0.686077 0.255659
0 0.531417 0.239815 0.585205 0.239815 0.585205 0.281357 0.531417 0.281357
1 0.526467 0.265993 0.551561 0.265993 0.551561 0.285906 0.526467 0.285906
1 0.526550 0.235986 0.551146 0.235986 0.551146 0.256173 0.526550 0.256173
1 0.566643 0.236285 0.591248 0.236285 0.591248 0.256085 0.566643 0.256085
1 0.566986 0.266403 0.591445 0.266403 0.591445 0.285989 0.566986 0.285989
0 0.412116 0.240071 0.465904 0.240071 0.465904 0.281613 0.412116 0.281613
1 0.407113 0.236038 0.431710 0.236038 0.431710 0.256225 0.407113 0.256225
1 0.407031 0.266046 0.432125 0.266046 0.432125 0.285958 0.407031 0.285958
1 0.447550 0.266455 0.472008 0.266455 0.472008 0.286042 0.447550 0.286042
1 0.447207 0.236337 0.471812 0.236337 0.471812 0.256137 0.447207 0.256137
0 0.293119 0.239910 0.346907 0.239910 0.346907 0.281452 0.293119 0.281452
1 0.288033 0.265884 0.313127 0.265884 0.313127 0.285797 0.288033 0.285797
1 0.288116 0.235877 0.312713 0.235877 0.312713 0.256064 0.288116 0.256064
1 0.328209 0.236176 0.352814 0.236176 0.352814 0.255976 0.328209 0.255976
1 0.328552 0.266294 0.353011 0.266294 0.353011 0.285880 0.328552 0.285880
0 0.174511 0.240607 0.227709 0.240607 0.227709 0.282114 0.174511 0.282114
1 0.168932 0.235999 0.193529 0.235999 0.193529 0.256185 0.168932 0.256185
1 0.168849 0.266006 0.193944 0.266006 0.193944 0.285918 0.168849 0.285918
1 0.209254 0.266154 0.233713 0.266154 0.233713 0.285740 0.209254 0.285740
1 0.209026 0.236298 0.233630 0.236298 0.233630 0.256097 0.209026 0.256097
0 0.055068 0.240694 0.108267 0.240694 0.108267 0.282201 0.055068 0.282201
1 0.049712 0.236138 0.074309 0.236138 0.074309 0.256325 0.049712 0.256325
1 0.049556 0.266295 0.074650 0.266295 0.074650 0.286207 0.049556 0.286207
1 0.089960 0.266219 0.114419 0.266219 0.114419 0.285805 0.089960 0.285805
1 0.089732 0.236140 0.114336 0.236140 0.114336 0.255939 0.089732 0.255939
0 0.889798 0.240830 0.942727 0.240830 0.942727 0.281519 0.889798 0.281519
1 0.883764 0.235804 0.908361 0.235804 0.908361 0.255991 0.883764 0.255991
1 0.883861 0.266268 0.908956 0.266268 0.908956 0.286180 0.883861 0.286180
1 0.924432 0.266273 0.948891 0.266273 0.948891 0.285859 0.924432 0.285859
1 0.924268 0.235632 0.948873 0.235632 0.948873 0.255432 0.924268 0.255432
1 0.922058 0.465478 0.928536 0.465478 0.928536 0.474644 0.922058 0.474644
1 0.913832 0.465380 0.919998 0.465380 0.919998 0.474644 0.913832 0.474644
1 0.930155 0.465397 0.936633 0.465397 0.936633 0.474564 0.930155 0.474564
1 0.930399 0.525388 0.936942 0.525388 0.936942 0.534138 0.930399 0.534138
1 0.921870 0.525351 0.928496 0.525351 0.928496 0.534099 0.921870 0.534099
1 0.913330 0.525253 0.919892 0.525253 0.919892 0.534335 0.913330 0.534335
1 0.904955 0.525233 0.911485 0.525233 0.911485 0.534138 0.904955 0.534138
1 0.896651 0.525253 0.902999 0.525253 0.902999 0.534099 0.896651 0.534099
1 0.777716 0.464665 0.783884 0.464665 0.783884 0.473873 0.777716 0.473873
1 0.785776 0.464729 0.792148 0.464729 0.792148 0.473840 0.785776 0.473840
1 0.794420 0.464579 0.800906 0.464579 0.800906 0.473840 0.794420 0.473840
1 0.802777 0.464840 0.809466 0.464840 0.809466 0.473972 0.802777 0.473972
1 0.811335 0.464760 0.817814 0.464760 0.817814 0.473927 0.811335 0.473927
0 0.772311 0.474088 0.822966 0.474088 0.822966 0.524533 0.772311 0.524533
1 0.777502 0.524748 0.783653 0.524748 0.783653 0.534091 0.777502 0.534091
1 0.785773 0.524760 0.792247 0.524760 0.792247 0.534091 0.785773 0.534091
1 0.794313 0.524781 0.801432 0.524781 0.801432 0.534288 0.794313 0.534288
1 0.802951 0.524812 0.809400 0.524812 0.809400 0.533926 0.802951 0.533926
1 0.811119 0.524751 0.817598 0.524751 0.817598 0.533729 0.811119 0.533729
1 0.658421 0.524634 0.664571 0.524634 0.664571 0.533977 0.658421 0.533977
1 0.666764 0.524610 0.673237 0.524610 0.673237 0.533941 0.666764 0.533941
1 0.674977 0.524631 0.682097 0.524631 0.682097 0.534138 0.674977 0.534138
1 0.683869 0.524698 0.690222 0.524698 0.690222 0.534251 0.683869 0.534251
0 0.653592 0.473974 0.704246 0.473974 0.704246 0.524420 0.653592 0.524420
1 0.666839 0.464651 0.673211 0.464651 0.673211 0.473762 0.666839 0.473762
1 0.675193 0.464465 0.681679 0.464465 0.681679 0.473726 0.675193 0.473726
1 0.683514 0.464727 0.690203 0.464727 0.690203 0.473858 0.683514 0.473858
1 0.692362 0.464610 0.698840 0.464610 0.698840 0.473777 0.692362 0.473777
1 0.692399 0.524637 0.698917 0.524637 0.698917 0.534214 0.692399 0.534214
1 0.658634 0.464478 0.664802 0.464478 0.664802 0.473687 0.658634 0.473687
1 0.453427 0.524938 0.460233 0.524938 0.460233 0.534516 0.453427 0.534516
1 0.445110 0.524925 0.451463 0.524925 0.451463 0.534478 0.445110 0.534478
1 0.436442 0.524932 0.443562 0.524932 0.443562 0.534440 0.436442 0.534440
1 0.427944 0.525037 0.434590 0.525037 0.434590 0.534279 0.427944 0.534279
1 0.419475 0.524898 0.426298 0.524898 0.426298 0.534255 0.419475 0.534255
0 0.414945 0.474574 0.465523 0.474574 0.465523 0.524859 0.414945 0.524859
1 0.419987 0.465078 0.426155 0.465078 0.426155 0.474287 0.419987 0.474287
1 0.428192 0.465251 0.434564 0.465251 0.434564 0.474362 0.428192 0.474362
1 0.436546 0.465065 0.443032 0.465065 0.443032 0.474326 0.436546 0.474326
1 0.444867 0.465326 0.451556 0.465326 0.451556 0.474458 0.444867 0.474458
1 0.453715 0.465210 0.460193 0.465210 0.460193 0.474377 0.453715 0.474377
0 0.533440 0.474871 0.584018 0.474871 0.584018 0.525155 0.533440 0.525155
1 0.538738 0.525270 0.545572 0.525270 0.545572 0.534574 0.538738 0.534574
1 0.547624 0.525305 0.554098 0.525305 0.554098 0.534636 0.547624 0.534636
1 0.555950 0.525289 0.563069 0.525289 0.563069 0.534796 0.555950 0.534796
1 0.564618 0.525281 0.570970 0.525281 0.570970 0.534834 0.564618 0.534834
1 0.573222 0.525295 0.579740 0.525295 0.579740 0.534872 0.573222 0.534872
1 0.573222 0.465566 0.579701 0.465566 0.579701 0.474733 0.573222 0.474733
1 0.564007 0.465498 0.571063 0.465498 0.571063 0.474814 0.564007 0.474814
1 0.555407 0.465437 0.562539 0.465437 0.562539 0.474682 0.555407 0.474682
1 0.547203 0.465346 0.554071 0.465346 0.554071 0.474718 0.547203 0.474718
1 0.538892 0.465389 0.545662 0.465389 0.545662 0.474643 0.538892 0.474643
1 0.300052 0.524784 0.307060 0.524784 0.307060 0.534266 0.300052 0.534266
1 0.308774 0.524858 0.315247 0.524858 0.315247 0.534189 0.308774 0.534189
1 0.316862 0.524740 0.324262 0.524740 0.324262 0.534357 0.316862 0.534357
1 0.325530 0.524733 0.332586 0.524733 0.332586 0.534425 0.325530 0.534425
1 0.334135 0.524747 0.341383 0.524747 0.341383 0.534323 0.334135 0.534323
0 0.295365 0.474382 0.345943 0.474382 0.345943 0.524667 0.295365 0.524667
1 0.334135 0.465018 0.340613 0.465018 0.340613 0.474184 0.334135 0.474184
1 0.325287 0.465134 0.331976 0.465134 0.331976 0.474265 0.325287 0.474265
1 0.316966 0.464872 0.323452 0.464872 0.323452 0.474134 0.316966 0.474134
1 0.308612 0.465059 0.314984 0.465059 0.314984 0.474170 0.308612 0.474170
1 0.300407 0.464886 0.306575 0.464886 0.306575 0.474094 0.300407 0.474094
1 0.214836 0.525475 0.222084 0.525475 0.222084 0.535051 0.214836 0.535051
1 0.206806 0.525525 0.213861 0.525525 0.213861 0.535216 0.206806 0.535216
1 0.198138 0.525532 0.205538 0.525532 0.205538 0.535149 0.198138 0.535149
1 0.190177 0.525586 0.196650 0.525586 0.196650 0.534917 0.190177 0.534917
1 0.181049 0.525434 0.188061 0.525434 0.188061 0.534716 0.181049 0.534716
0 0.176832 0.475110 0.227611 0.475110 0.227611 0.525240 0.176832 0.525240
1 0.181874 0.465614 0.188042 0.465614 0.188042 0.474822 0.181874 0.474822
1 0.190080 0.465787 0.196451 0.465787 0.196451 0.474898 0.190080 0.474898
1 0.198165 0.465533 0.204650 0.465533 0.204650 0.474795 0.198165 0.474795
1 0.206754 0.465862 0.213443 0.465862 0.213443 0.474993 0.206754 0.474993
1 0.215401 0.465813 0.221879 0.465813 0.221879 0.474980 0.215401 0.474980
1 0.061717 0.525204 0.068728 0.525204 0.068728 0.534486 0.061717 0.534486
1 0.070495 0.525140 0.076968 0.525140 0.076968 0.534471 0.070495 0.534471
1 0.078276 0.525302 0.085675 0.525302 0.085675 0.534919 0.078276 0.534919
1 0.087016 0.525043 0.094071 0.525043 0.094071 0.534734 0.087016 0.534734
1 0.095262 0.525245 0.102510 0.525245 0.102510 0.534821 0.095262 0.534821
0 0.057258 0.474880 0.108038 0.474880 0.108038 0.525010 0.057258 0.525010
1 0.062084 0.465348 0.068252 0.465348 0.068252 0.474556 0.062084 0.474556
1 0.070506 0.465557 0.076877 0.465557 0.076877 0.474668 0.070506 0.474668
1 0.078591 0.465303 0.085076 0.465303 0.085076 0.474565 0.078591 0.474565
1 0.087180 0.465632 0.093869 0.465632 0.093869 0.474764 0.087180 0.474764
1 0.095827 0.465583 0.102305 0.465583 0.102305 0.474750 0.095827 0.474750
1 0.474926 0.355390 0.499523 0.355390 0.499523 0.375577 0.474926 0.375577
0 0.479794 0.359220 0.533581 0.359220 0.533581 0.400762 0.479794 0.400762
1 0.515020 0.355690 0.539625 0.355690 0.539625 0.375489 0.515020 0.375489
1 0.515362 0.385807 0.539821 0.385807 0.539821 0.405394 0.515362 0.405394
1 0.474844 0.385398 0.499938 0.385398 0.499938 0.405310 0.474844 0.405310
1 0.321943 0.385398 0.347038 0.385398 0.347038 0.405310 0.321943 0.405310
1 0.322026 0.355390 0.346623 0.355390 0.346623 0.375577 0.322026 0.375577
0 0.326893 0.359220 0.380681 0.359220 0.380681 0.400762 0.326893 0.400762
1 0.362119 0.355690 0.386724 0.355690 0.386724 0.375489 0.362119 0.375489
1 0.362462 0.385807 0.386921 0.385807 0.386921 0.405394 0.362462 0.405394
1 0.209871 0.385807 0.234330 0.385807 0.234330 0.405394 0.209871 0.405394
1 0.169353 0.385398 0.194447 0.385398 0.194447 0.405310 0.169353 0.405310
1 0.169435 0.355390 0.194032 0.355390 0.194032 0.375577 0.169435 0.375577
0 0.174302 0.359220 0.228090 0.359220 0.228090 0.400762 0.174302 0.400762
1 0.209529 0.355690 0.234133 0.355690 0.234133 0.375489 0.209529 0.375489
1 0.055474 0.355690 0.080079 0.355690 0.080079 0.375489 0.055474 0.375489
1 0.055817 0.385807 0.080276 0.385807 0.080276 0.405394 0.055817 0.405394
1 0.015298 0.385398 0.040392 0.385398 0.040392 0.405310 0.015298 0.405310
1 0.015380 0.355390 0.039977 0.355390 0.039977 0.375577 0.015380 0.375577
0 0.020248 0.359220 0.074036 0.359220 0.074036 0.400762 0.020248 0.400762
0 0.633482 0.359220 0.687270 0.359220 0.687270 0.400762 0.633482 0.400762
1 0.628614 0.355390 0.653211 0.355390 0.653211 0.375577 0.628614 0.375577
1 0.628532 0.385398 0.653626 0.385398 0.653626 0.405310 0.628532 0.405310
1 0.668708 0.355690 0.693313 0.355690 0.693313 0.375489 0.668708 0.375489
1 0.669051 0.385807 0.693510 0.385807 0.693510 0.405394 0.669051 0.405394
1 0.822740 0.385807 0.847198 0.385807 0.847198 0.405394 0.822740 0.405394
0 0.787171 0.359220 0.840958 0.359220 0.840958 0.400762 0.787171 0.400762
1 0.782303 0.355390 0.806900 0.355390 0.806900 0.375577 0.782303 0.375577
1 0.782221 0.385398 0.807315 0.385398 0.807315 0.405310 0.782221 0.405310
1 0.822397 0.355690 0.847002 0.355690 0.847002 0.375489 0.822397 0.375489
0 0.940127 0.358854 0.993915 0.358854 0.993915 0.400396 0.940127 0.400396
1 0.935260 0.355024 0.959857 0.355024 0.959857 0.375211 0.935260 0.375211
1 0.935177 0.385032 0.960272 0.385032 0.960272 0.404944 0.935177 0.404944
1 0.974906 0.385032 1.000000 0.385032 1.000000 0.404944 0.974906 0.404944
1 0.974988 0.355024 0.999585 0.355024 0.999585 0.375211 0.974988 0.375211
