0 0.256640 0.408851 0.274373 0.408851 0.274373 0.447027 0.256640 0.447027
0 0.211075 0.413284 0.240631 0.413284 0.240631 0.461066 0.211075 0.461066
0 0.330036 0.466730 0.341858 0.466730 0.341858 0.490867 0.330036 0.490867
0 0.296294 0.471410 0.317229 0.471410 0.317229 0.500719 0.296294 0.500719
0 0.171176 0.443086 0.184475 0.443086 0.184475 0.467223 0.171176 0.467223
0 0.099996 0.500473 0.123640 0.500473 0.123640 0.512295 0.099996 0.512295
0 0.331514 0.526088 0.355651 0.526088 0.355651 0.538649 0.331514 0.538649
0 0.353681 0.552934 0.378310 0.552934 0.378310 0.565249 0.353681 0.565249
0 0.084972 0.562539 0.190387 0.562539 0.190387 0.619680 0.084972 0.619680
0 0.247035 0.550717 0.271172 0.550717 0.271172 0.562786 0.247035 0.562786
0 0.299742 0.586430 0.324125 0.586430 0.324125 0.597760 0.299742 0.597760
0 0.274127 0.618941 0.312057 0.618941 0.312057 0.637906 0.274127 0.637906
0 0.288905 0.652930 0.313042 0.652930 0.313042 0.663521 0.288905 0.663521
0 0.244325 0.627808 0.256394 0.627808 0.256394 0.651945 0.244325 0.651945
0 0.095563 0.668447 0.134231 0.668447 0.134231 0.687165 0.095563 0.687165
0 0.142852 0.703421 0.180781 0.703421 0.180781 0.722385 0.142852 0.722385
0 0.240385 0.679530 0.289151 0.679530 0.289151 0.710071 0.240385 0.710071
0 0.720415 0.892083 0.749478 0.892083 0.749478 0.939372 0.720415 0.939372
0 0.340381 0.660565 0.463036 0.660565 0.463036 0.737656 0.340381 0.737656
0 0.393827 0.586184 0.417964 0.586184 0.417964 0.598499 0.393827 0.598499
0 0.394566 0.617710 0.418949 0.617710 0.418949 0.630517 0.394566 0.630517
0 0.435697 0.614015 0.448504 0.614015 0.448504 0.638645 0.435697 0.638645
0 0.519684 0.580519 0.558106 0.580519 0.558106 0.598991 0.519684 0.598991
0 0.373384 0.396782 0.499980 0.396782 0.499980 0.524610 0.373384 0.524610
0 0.521408 0.553919 0.545052 0.553919 0.545052 0.566480 0.521408 0.566480
0 0.564510 0.516236 0.576578 0.516236 0.576578 0.539141 0.564510 0.539141
0 0.538649 0.515497 0.550225 0.515497 0.550225 0.538402 0.538649 0.538402
0 0.564263 0.374123 0.582736 0.374123 0.582736 0.412299 0.564263 0.412299
0 0.538649 0.396290 0.550471 0.396290 0.550471 0.420180 0.538649 0.420180
0 0.525102 0.317968 0.547515 0.317968 0.547515 0.330036 0.525102 0.330036
0 0.583475 0.317721 0.608104 0.317721 0.608104 0.330283 0.583475 0.330283
0 0.575839 0.285703 0.613030 0.285703 0.613030 0.303683 0.575839 0.303683
0 0.524856 0.292846 0.548254 0.292846 0.548254 0.303929 0.524856 0.303929
0 0.669924 0.285457 0.707115 0.285457 0.707115 0.303436 0.669924 0.303436
0 0.736424 0.269694 0.748985 0.269694 0.748985 0.294077 0.736424 0.294077
0 0.804156 0.270186 0.816717 0.270186 0.816717 0.294077 0.804156 0.294077
0 0.766472 0.287920 0.789131 0.287920 0.789131 0.299742 0.766472 0.299742
0 0.851444 0.306638 0.874842 0.306638 0.874842 0.319199 0.851444 0.319199
0 0.891344 0.255901 0.914742 0.255901 0.914742 0.268462 0.891344 0.268462
0 0.842331 0.411314 0.853168 0.411314 0.853168 0.434712 0.842331 0.434712
0 0.788885 0.440623 0.800954 0.440623 0.800954 0.462790 0.788885 0.462790
0 0.824105 0.449982 0.847750 0.449982 0.847750 0.463036 0.824105 0.463036
0 0.838391 0.477321 0.860557 0.477321 0.860557 0.518945 0.838391 0.518945
0 0.789131 0.492345 0.800707 0.492345 0.800707 0.515004 0.789131 0.515004
1 0.209351 0.399245 0.241616 0.399245 0.241616 0.412299 0.209351 0.412299
1 0.209598 0.461558 0.241862 0.461558 0.241862 0.476090 0.209598 0.476090
1 0.255655 0.398999 0.275605 0.398999 0.275605 0.408605 0.255655 0.408605
1 0.255901 0.447273 0.275112 0.447273 0.275112 0.454908 0.255901 0.454908
1 0.299988 0.455893 0.312549 0.455893 0.312549 0.471164 0.299988 0.471164
1 0.330036 0.462543 0.340873 0.462543 0.340873 0.466238 0.330036 0.466238
1 0.330283 0.491114 0.341858 0.491114 0.341858 0.495793 0.330283 0.495793
1 0.300234 0.501212 0.312549 0.501212 0.312549 0.517467 0.300234 0.517467
1 0.170929 0.438406 0.183983 0.438406 0.183983 0.442593 0.170929 0.442593
1 0.170929 0.467469 0.183737 0.467469 0.183737 0.472641 0.170929 0.472641
1 0.124133 0.500473 0.129552 0.500473 0.129552 0.512541 0.124133 0.512541
1 0.094085 0.499241 0.099996 0.499241 0.099996 0.513280 0.094085 0.513280
1 0.091129 0.521408 0.111326 0.521408 0.111326 0.562293 0.091129 0.562293
1 0.128566 0.521408 0.148763 0.521408 0.148763 0.562293 0.128566 0.562293
1 0.166742 0.521162 0.186938 0.521162 0.186938 0.562047 0.166742 0.562047
1 0.090883 0.619926 0.109109 0.619926 0.109109 0.658595 0.090883 0.658595
1 0.167481 0.620419 0.186938 0.620419 0.186938 0.658841 0.167481 0.658841
1 0.118715 0.620173 0.158861 0.620173 0.158861 0.658595 0.118715 0.658595
1 0.364764 0.411560 0.372892 0.411560 0.372892 0.419688 0.364764 0.419688
1 0.364764 0.424121 0.372892 0.424121 0.372892 0.432249 0.364764 0.432249
1 0.365010 0.437914 0.373138 0.437914 0.373138 0.446042 0.365010 0.446042
1 0.364764 0.450229 0.372892 0.450229 0.372892 0.458356 0.364764 0.458356
1 0.364764 0.462790 0.372892 0.462790 0.372892 0.470917 0.364764 0.470917
1 0.364518 0.475843 0.372645 0.475843 0.372645 0.483971 0.364518 0.483971
1 0.364518 0.488897 0.372645 0.488897 0.372645 0.497025 0.364518 0.497025
1 0.364764 0.500965 0.372892 0.500965 0.372892 0.509093 0.364764 0.509093
1 0.355897 0.526334 0.360331 0.526334 0.360331 0.538895 0.355897 0.538895
1 0.326096 0.525841 0.330775 0.525841 0.330775 0.538895 0.326096 0.538895
1 0.388162 0.525102 0.396044 0.525102 0.396044 0.532738 0.388162 0.532738
1 0.388162 0.388901 0.396290 0.388901 0.396290 0.396536 0.388162 0.396536
1 0.378803 0.552195 0.383482 0.552195 0.383482 0.565495 0.378803 0.565495
1 0.349001 0.552441 0.353434 0.552441 0.353434 0.565741 0.349001 0.565741
1 0.324371 0.585938 0.329790 0.585938 0.329790 0.598499 0.324371 0.598499
1 0.295801 0.585938 0.299496 0.585938 0.299496 0.598252 0.295801 0.598252
1 0.271418 0.550471 0.275851 0.550471 0.275851 0.562786 0.271418 0.562786
1 0.242355 0.550964 0.246788 0.550964 0.246788 0.562539 0.242355 0.562539
1 0.388655 0.585691 0.393334 0.585691 0.393334 0.598991 0.388655 0.598991
1 0.388655 0.617217 0.394073 0.617217 0.394073 0.630763 0.388655 0.630763
1 0.312057 0.618449 0.322155 0.618449 0.322155 0.638152 0.312057 0.638152
1 0.264768 0.618695 0.273881 0.618695 0.273881 0.638398 0.264768 0.638398
1 0.244079 0.622636 0.255901 0.622636 0.255901 0.627808 0.244079 0.627808
1 0.244325 0.651945 0.255901 0.651945 0.255901 0.657363 0.244325 0.657363
1 0.326834 0.667215 0.340134 0.667215 0.340134 0.730267 0.326834 0.730267
1 0.313288 0.652437 0.318707 0.652437 0.318707 0.663521 0.313288 0.663521
1 0.282747 0.652437 0.288412 0.652437 0.288412 0.664013 0.282747 0.664013
1 0.289890 0.678545 0.302697 0.678545 0.302697 0.710809 0.289890 0.710809
1 0.225853 0.678791 0.239892 0.678791 0.239892 0.709824 0.225853 0.709824
1 0.181027 0.703174 0.189894 0.703174 0.189894 0.723124 0.181027 0.723124
1 0.133000 0.702928 0.142113 0.702928 0.142113 0.722385 0.133000 0.722385
1 0.134724 0.667954 0.143837 0.667954 0.143837 0.687904 0.134724 0.687904
1 0.085957 0.667708 0.095070 0.667708 0.095070 0.687165 0.085957 0.687165
1 0.548501 0.292846 0.553673 0.292846 0.553673 0.304175 0.548501 0.304175
1 0.519684 0.292107 0.524856 0.292107 0.524856 0.304175 0.519684 0.304175
1 0.565988 0.284964 0.575100 0.284964 0.575100 0.304175 0.565988 0.304175
1 0.613523 0.284718 0.624113 0.284718 0.624113 0.304422 0.613523 0.304422
1 0.707608 0.284964 0.716967 0.284964 0.716967 0.304175 0.707608 0.304175
1 0.660073 0.284964 0.669432 0.284964 0.669432 0.303190 0.660073 0.303190
1 0.736178 0.265260 0.748493 0.265260 0.748493 0.269694 0.736178 0.269694
1 0.736670 0.294077 0.749478 0.294077 0.749478 0.299249 0.736670 0.299249
1 0.789131 0.288166 0.794796 0.288166 0.794796 0.299742 0.789131 0.299742
1 0.760807 0.287673 0.766226 0.287673 0.766226 0.299988 0.760807 0.299988
1 0.608104 0.317229 0.613769 0.317229 0.613769 0.330775 0.608104 0.330775
1 0.577071 0.317475 0.582489 0.317475 0.582489 0.330036 0.577071 0.330036
1 0.547762 0.317968 0.553426 0.317968 0.553426 0.330036 0.547762 0.330036
1 0.518699 0.317229 0.524364 0.317229 0.524364 0.330283 0.518699 0.330283
1 0.563525 0.364025 0.583475 0.364025 0.583475 0.374123 0.563525 0.374123
1 0.564017 0.412792 0.583967 0.412792 0.583967 0.421658 0.564017 0.421658
1 0.538402 0.390625 0.549978 0.390625 0.549978 0.395551 0.538402 0.395551
1 0.538895 0.420427 0.549978 0.420427 0.549978 0.426092 0.538895 0.426092
1 0.788639 0.433727 0.800461 0.433727 0.800461 0.439884 0.788639 0.439884
1 0.789131 0.462790 0.800954 0.462790 0.800954 0.468947 0.789131 0.468947
1 0.789131 0.485695 0.800707 0.485695 0.800707 0.491853 0.789131 0.491853
1 0.788885 0.515497 0.800954 0.515497 0.800954 0.520669 0.788885 0.520669
1 0.564756 0.509832 0.576086 0.509832 0.576086 0.515497 0.564756 0.515497
1 0.564756 0.539880 0.576086 0.539880 0.576086 0.545299 0.564756 0.545299
1 0.538895 0.510325 0.549732 0.510325 0.549732 0.515004 0.538895 0.515004
1 0.538156 0.538649 0.549486 0.538649 0.549486 0.543821 0.538156 0.543821
1 0.545299 0.553426 0.550717 0.553426 0.550717 0.566973 0.545299 0.566973
1 0.515743 0.553426 0.520669 0.553426 0.520669 0.566726 0.515743 0.566726
1 0.558352 0.579780 0.567219 0.579780 0.567219 0.599730 0.558352 0.599730
1 0.509586 0.579780 0.518945 0.579780 0.518945 0.600715 0.509586 0.600715
1 0.435451 0.609336 0.448258 0.609336 0.448258 0.613769 0.435451 0.613769
1 0.500473 0.411314 0.508847 0.411314 0.508847 0.420427 0.500473 0.420427
1 0.400969 0.387916 0.409097 0.387916 0.409097 0.396290 0.400969 0.396290
1 0.414023 0.387916 0.421905 0.387916 0.421905 0.396536 0.414023 0.396536
1 0.427077 0.388162 0.435451 0.388162 0.435451 0.396536 0.427077 0.396536
1 0.478060 0.388162 0.486188 0.388162 0.486188 0.396290 0.478060 0.396290
1 0.465006 0.387669 0.473380 0.387669 0.473380 0.396536 0.465006 0.396536
1 0.451706 0.386931 0.460080 0.386931 0.460080 0.396536 0.451706 0.396536
1 0.438899 0.388162 0.447766 0.388162 0.447766 0.396536 0.438899 0.396536
1 0.500473 0.424614 0.509093 0.424614 0.509093 0.433234 0.500473 0.433234
1 0.500473 0.437421 0.508108 0.437421 0.508108 0.445795 0.500473 0.445795
1 0.500719 0.449736 0.509340 0.449736 0.509340 0.458356 0.500719 0.458356
1 0.500473 0.463529 0.509340 0.463529 0.509340 0.471410 0.500473 0.471410
1 0.500473 0.475843 0.509093 0.475843 0.509093 0.483725 0.500473 0.483725
1 0.500227 0.488404 0.509340 0.488404 0.509340 0.496532 0.500227 0.496532
1 0.500473 0.501212 0.509586 0.501212 0.509586 0.508847 0.500473 0.508847
1 0.400969 0.525102 0.408851 0.525102 0.408851 0.532738 0.400969 0.532738
1 0.426338 0.525102 0.434958 0.525102 0.434958 0.533723 0.426338 0.533723
1 0.413531 0.525102 0.421412 0.525102 0.421412 0.532738 0.413531 0.532738
1 0.478060 0.525102 0.486188 0.525102 0.486188 0.532245 0.478060 0.532245
1 0.464514 0.525349 0.472395 0.525349 0.472395 0.532984 0.464514 0.532984
1 0.451953 0.525349 0.459834 0.525349 0.459834 0.532984 0.451953 0.532984
1 0.439145 0.525349 0.447273 0.525349 0.447273 0.532738 0.439145 0.532738
1 0.418210 0.585691 0.424614 0.585691 0.424614 0.598745 0.418210 0.598745
1 0.419195 0.617710 0.423629 0.617710 0.423629 0.630763 0.419195 0.630763
1 0.434466 0.638891 0.448258 0.638891 0.448258 0.644063 0.434466 0.644063
1 0.463775 0.667708 0.476336 0.667708 0.476336 0.729774 0.463775 0.729774
1 0.719676 0.876320 0.749970 0.876320 0.749970 0.891837 0.719676 0.891837
1 0.720169 0.939864 0.751202 0.939864 0.751202 0.955381 0.720169 0.955381
1 0.842085 0.405649 0.852922 0.405649 0.852922 0.411068 0.842085 0.411068
1 0.842331 0.434958 0.853661 0.434958 0.853661 0.439638 0.842331 0.439638
1 0.847996 0.449243 0.853415 0.449243 0.853415 0.463036 0.847996 0.463036
1 0.818441 0.449243 0.824105 0.449243 0.824105 0.463282 0.818441 0.463282
1 0.834942 0.471656 0.860804 0.471656 0.860804 0.476828 0.834942 0.476828
1 0.835928 0.519438 0.859079 0.519438 0.859079 0.525349 0.835928 0.525349
1 0.804559 0.265113 0.816855 0.265113 0.816855 0.269723 0.804559 0.269723
1 0.804303 0.294570 0.817367 0.294570 0.817367 0.299436 0.804303 0.299436
1 0.915215 0.255635 0.921107 0.255635 0.921107 0.268186 0.915215 0.268186
1 0.885502 0.254867 0.890369 0.254867 0.890369 0.268699 0.885502 0.268699
1 0.875256 0.306096 0.881148 0.306096 0.881148 0.319672 0.875256 0.319672
1 0.844262 0.305840 0.850922 0.305840 0.850922 0.319672 0.844262 0.319672
1 0.772275 0.919106 0.797284 0.919106 0.797284 0.952586 0.772275 0.952586
1 0.965696 0.919711 0.987277 0.919711 0.987277 0.952586 0.965696 0.952586
