0 0.146024 0.103266 0.182127 0.103266 0.182127 0.122023 0.146024 0.122023
0 0.208347 0.082492 0.227104 0.082492 0.227104 0.118594 0.208347 0.118594
0 0.175875 0.167202 0.194430 0.167202 0.194430 0.203708 0.175875 0.203708
0 0.119199 0.167202 0.138965 0.167202 0.138965 0.203910 0.119199 0.203910
0 0.266635 0.230936 0.273695 0.230936 0.273695 0.244853 0.266635 0.244853
0 0.210767 0.241222 0.223474 0.241222 0.223474 0.265627 0.210767 0.265627
0 0.170227 0.337227 0.221860 0.337227 0.221860 0.370103 0.170227 0.370103
0 0.021178 0.412256 0.045986 0.412256 0.045986 0.424560 0.021178 0.424560
0 0.066760 0.404390 0.074021 0.404390 0.074021 0.418105 0.066760 0.418105
0 0.089752 0.394508 0.102862 0.394508 0.102862 0.419114 0.089752 0.419114
0 0.069583 0.437266 0.094190 0.437266 0.094190 0.449367 0.069583 0.449367
0 0.069987 0.467318 0.094996 0.467318 0.094996 0.480025 0.069987 0.480025
0 0.139167 0.435249 0.168412 0.435249 0.168412 0.480025 0.139167 0.480025
0 0.083702 0.529439 0.109115 0.529439 0.109115 0.541944 0.083702 0.541944
0 0.084105 0.554650 0.109115 0.554650 0.109115 0.567155 0.084105 0.567155
0 0.164782 0.501202 0.189590 0.501202 0.189590 0.513102 0.164782 0.513102
0 0.164983 0.527825 0.189590 0.527825 0.189590 0.538515 0.164983 0.538515
0 0.210969 0.513304 0.218028 0.513304 0.218028 0.527422 0.210969 0.527422
0 0.188178 0.552028 0.212784 0.552028 0.212784 0.564735 0.188178 0.564735
0 0.133519 0.509068 0.146428 0.509068 0.146428 0.533473 0.133519 0.533473
0 0.245660 0.543154 0.292452 0.543154 0.292452 0.572197 0.245660 0.572197
0 0.122023 0.582887 0.216616 0.582887 0.216616 0.703700 0.122023 0.703700
0 0.287208 0.638554 0.321092 0.638554 0.321092 0.690187 0.287208 0.690187
0 0.359817 0.026018 0.384020 0.026018 0.384020 0.038725 0.359817 0.038725
0 0.310806 0.026018 0.335412 0.026018 0.335412 0.038725 0.310806 0.038725
0 0.369498 0.131906 0.405802 0.131906 0.405802 0.150663 0.369498 0.150663
0 0.297091 0.131301 0.333799 0.131301 0.333799 0.150260 0.297091 0.150260
0 0.379179 0.178900 0.415282 0.178900 0.415282 0.198061 0.379179 0.198061
0 0.310201 0.178900 0.346303 0.178900 0.346303 0.197455 0.310201 0.197455
0 0.347514 0.309192 0.367279 0.309192 0.367279 0.348119 0.347514 0.348119
0 0.361027 0.369498 0.399953 0.369498 0.399953 0.389465 0.361027 0.389465
0 0.519556 0.361632 0.559894 0.361632 0.559894 0.382406 0.519556 0.382406
0 0.445535 0.456427 0.485067 0.456427 0.485067 0.476596 0.445535 0.476596
0 0.534279 0.456628 0.573811 0.456628 0.573811 0.476797 0.534279 0.476797
0 0.524195 0.501807 0.563726 0.501807 0.563726 0.521976 0.524195 0.521976
0 0.455217 0.502009 0.494748 0.502009 0.494748 0.522178 0.455217 0.522178
0 0.455418 0.541742 0.494950 0.541742 0.494950 0.561911 0.455418 0.561911
0 0.524195 0.541742 0.563726 0.541742 0.563726 0.561911 0.524195 0.561911
0 0.444729 0.586921 0.484260 0.586921 0.484260 0.607090 0.444729 0.607090
0 0.534884 0.587526 0.574416 0.587526 0.574416 0.607695 0.534884 0.607695
0 0.418307 0.636133 0.466915 0.636133 0.466915 0.665580 0.418307 0.665580
0 0.601846 0.361632 0.642587 0.361632 0.642587 0.382406 0.601846 0.382406
0 0.634923 0.946536 0.647428 0.946536 0.647428 0.971949 0.634923 0.971949
0 0.673446 0.946132 0.686959 0.946132 0.686959 0.953393 0.673446 0.953393
0 0.805352 0.962268 0.830563 0.962268 0.830563 0.974571 0.805352 0.974571
0 0.756946 0.882600 0.781754 0.882600 0.781754 0.895306 0.756946 0.895306
0 0.804545 0.821891 0.874330 0.821891 0.874330 0.861624 0.804545 0.861624
0 0.750896 0.804344 0.783368 0.804344 0.783368 0.856178 0.750896 0.856178
0 0.648436 0.787402 0.709145 0.787402 0.709145 0.823504 0.648436 0.823504
0 0.913862 0.810394 0.946737 0.810394 0.946737 0.861220 0.913862 0.861220
0 0.824109 0.752509 0.865053 0.752509 0.865053 0.780947 0.824109 0.780947
0 0.718222 0.726491 0.756341 0.726491 0.756341 0.744845 0.718222 0.744845
0 0.879171 0.639965 0.925358 0.639965 0.925358 0.667597 0.879171 0.667597
0 0.812815 0.636738 0.860010 0.636738 0.860010 0.664370 0.812815 0.664370
0 0.783569 0.653277 0.796881 0.653277 0.796881 0.677883 0.783569 0.677883
0 0.758761 0.653680 0.770863 0.653680 0.770863 0.678287 0.758761 0.678287
0 0.730854 0.682724 0.743158 0.682724 0.743158 0.706927 0.730854 0.706927
0 0.697649 0.646016 0.735365 0.646016 0.735365 0.663765 0.697649 0.663765
0 0.843270 0.534078 0.871910 0.534078 0.871910 0.573811 0.843270 0.573811
0 0.887037 0.533674 0.915879 0.533674 0.915879 0.574013 0.887037 0.574013
0 0.806361 0.507454 0.819269 0.507454 0.819269 0.532464 0.806361 0.532464
0 0.847707 0.454208 0.908820 0.454208 0.908820 0.490714 0.847707 0.490714
0 0.889054 0.225692 0.907609 0.225692 0.907609 0.262602 0.889054 0.262602
0 0.924350 0.225692 0.943712 0.225692 0.943712 0.262602 0.924350 0.262602
0 0.925358 0.295074 0.944519 0.295074 0.944519 0.331983 0.925358 0.331983
0 0.888650 0.295276 0.907408 0.295276 0.907408 0.331983 0.888650 0.331983
0 0.922131 0.406811 0.971949 0.406811 0.971949 0.437468 0.922131 0.437468
1 0.182732 0.102661 0.191606 0.102661 0.191606 0.122830 0.182732 0.122830
1 0.136545 0.102459 0.145621 0.102459 0.145621 0.122023 0.136545 0.122023
1 0.207742 0.071802 0.227709 0.071802 0.227709 0.082290 0.207742 0.082290
1 0.208347 0.118998 0.227507 0.118998 0.227507 0.128074 0.208347 0.128074
1 0.175673 0.157521 0.194228 0.157521 0.194228 0.166597 0.175673 0.166597
1 0.119199 0.156916 0.138965 0.156916 0.138965 0.166798 0.119199 0.166798
1 0.175673 0.204313 0.195035 0.204313 0.195035 0.212381 0.175673 0.212381
1 0.119401 0.204515 0.139974 0.204515 0.139974 0.213187 0.119401 0.213187
1 0.266434 0.226902 0.273896 0.226902 0.273896 0.230533 0.266434 0.230533
1 0.266232 0.245256 0.274300 0.245256 0.274300 0.248483 0.266232 0.248483
1 0.210364 0.235575 0.223877 0.235575 0.223877 0.240617 0.210364 0.240617
1 0.211170 0.266030 0.224079 0.266030 0.224079 0.272283 0.211170 0.272283
1 0.222263 0.336421 0.234970 0.336421 0.234970 0.370103 0.222263 0.370103
1 0.159336 0.335614 0.169622 0.335614 0.169622 0.370910 0.159336 0.370910
1 0.089752 0.388659 0.103266 0.388659 0.103266 0.394104 0.089752 0.394104
1 0.089551 0.419517 0.102862 0.419517 0.102862 0.425165 0.089551 0.425165
1 0.066356 0.400357 0.074424 0.400357 0.074424 0.403987 0.066356 0.403987
1 0.067365 0.418307 0.074424 0.418307 0.074424 0.421534 0.067365 0.421534
1 0.046389 0.411450 0.052036 0.411450 0.052036 0.424560 0.046389 0.424560
1 0.015732 0.410643 0.020774 0.410643 0.020774 0.425165 0.015732 0.425165
1 0.094593 0.436459 0.100240 0.436459 0.100240 0.449973 0.094593 0.449973
1 0.063936 0.436661 0.069180 0.436661 0.069180 0.449367 0.063936 0.449367
1 0.115972 0.430812 0.138763 0.430812 0.138763 0.451788 0.115972 0.451788
1 0.115569 0.464494 0.138562 0.464494 0.138562 0.485067 0.115569 0.485067
1 0.095198 0.466915 0.100442 0.466915 0.100442 0.480831 0.095198 0.480831
1 0.064339 0.466511 0.069583 0.466511 0.069583 0.480226 0.064339 0.480226
1 0.169017 0.447754 0.190598 0.447754 0.190598 0.467721 0.169017 0.467721
1 0.189993 0.500597 0.195640 0.500597 0.195640 0.513304 0.189993 0.513304
1 0.158731 0.500395 0.164176 0.500395 0.164176 0.513909 0.158731 0.513909
1 0.190195 0.527019 0.195237 0.527019 0.195237 0.539322 0.190195 0.539322
1 0.158932 0.526615 0.164580 0.526615 0.164580 0.539120 0.158932 0.539120
1 0.210767 0.509875 0.217221 0.509875 0.217221 0.512900 0.210767 0.512900
1 0.210162 0.528027 0.218028 0.528027 0.218028 0.531254 0.210162 0.531254
1 0.133721 0.503017 0.146831 0.503017 0.146831 0.508463 0.133721 0.508463
1 0.133923 0.533876 0.146831 0.533876 0.146831 0.540128 0.133923 0.540128
1 0.109115 0.528027 0.114359 0.528027 0.114359 0.542145 0.109115 0.542145
1 0.078256 0.528834 0.083298 0.528834 0.083298 0.541540 0.078256 0.541540
1 0.213187 0.551827 0.218633 0.551827 0.218633 0.565138 0.213187 0.565138
1 0.181925 0.551625 0.187774 0.551625 0.187774 0.564533 0.181925 0.564533
1 0.109720 0.554448 0.115771 0.554448 0.115771 0.567962 0.109720 0.567962
1 0.077853 0.554045 0.083702 0.554045 0.083702 0.567155 0.077853 0.567155
1 0.078256 0.585912 0.122023 0.585912 0.122023 0.603459 0.078256 0.603459
1 0.231340 0.541540 0.245458 0.541540 0.245458 0.575021 0.231340 0.575021
1 0.293259 0.541540 0.307982 0.541540 0.307982 0.574214 0.293259 0.574214
1 0.286199 0.691195 0.321899 0.691195 0.321899 0.702288 0.286199 0.702288
1 0.286603 0.625242 0.320487 0.625242 0.320487 0.637949 0.286603 0.637949
1 0.077651 0.617981 0.121418 0.617981 0.121418 0.635528 0.077651 0.635528
1 0.078054 0.682724 0.121821 0.682724 0.121821 0.700271 0.078054 0.700271
1 0.077651 0.650252 0.121418 0.650252 0.121418 0.667799 0.077651 0.667799
1 0.217625 0.585912 0.258366 0.585912 0.258366 0.603863 0.217625 0.603863
1 0.217019 0.618788 0.257559 0.618788 0.257559 0.635932 0.217019 0.635932
1 0.217019 0.650655 0.258164 0.650655 0.258164 0.668202 0.217019 0.668202
1 0.217423 0.683329 0.258366 0.683329 0.258366 0.700674 0.217423 0.700674
1 0.335614 0.025615 0.342068 0.025615 0.342068 0.039531 0.335614 0.039531
1 0.304553 0.025010 0.310201 0.025010 0.310201 0.038523 0.304553 0.038523
1 0.353564 0.025413 0.359615 0.025413 0.359615 0.038523 0.353564 0.038523
1 0.384423 0.025816 0.389667 0.025816 0.389667 0.039531 0.384423 0.039531
1 0.334202 0.130696 0.343278 0.130696 0.343278 0.151067 0.334202 0.151067
1 0.287410 0.130292 0.296486 0.130292 0.296486 0.150260 0.287410 0.150260
1 0.359615 0.129889 0.369094 0.129889 0.369094 0.151067 0.359615 0.151067
1 0.406206 0.129889 0.415282 0.129889 0.415282 0.151672 0.406206 0.151672
1 0.415887 0.178698 0.425568 0.178698 0.425568 0.198867 0.415887 0.198867
1 0.369498 0.178093 0.378776 0.178093 0.378776 0.199472 0.369498 0.199472
1 0.347110 0.178497 0.356993 0.178497 0.356993 0.198867 0.347110 0.198867
1 0.301125 0.177690 0.309797 0.177690 0.309797 0.199472 0.301125 0.199472
1 0.347312 0.299713 0.367683 0.299713 0.367683 0.308587 0.347312 0.308587
1 0.346908 0.348522 0.368489 0.348522 0.368489 0.357195 0.346908 0.357195
1 0.400962 0.368691 0.408626 0.368691 0.408626 0.390877 0.400962 0.390877
1 0.352354 0.368288 0.360623 0.368288 0.360623 0.391280 0.352354 0.391280
1 0.512295 0.360825 0.519153 0.360825 0.519153 0.383415 0.512295 0.383415
1 0.560499 0.361229 0.568567 0.361229 0.568567 0.383818 0.560499 0.383818
1 0.467318 0.633108 0.480630 0.633108 0.480630 0.665580 0.467318 0.665580
1 0.403382 0.633511 0.417702 0.633511 0.417702 0.664975 0.403382 0.664975
1 0.485672 0.455822 0.493538 0.455822 0.493538 0.478008 0.485672 0.478008
1 0.436258 0.455418 0.444930 0.455418 0.444930 0.477201 0.436258 0.477201
1 0.525808 0.455822 0.533876 0.455822 0.533876 0.478209 0.525808 0.478209
1 0.574416 0.454813 0.583290 0.454813 0.583290 0.478411 0.574416 0.478411
1 0.564130 0.500597 0.572399 0.500597 0.572399 0.522178 0.564130 0.522178
1 0.515724 0.500395 0.523791 0.500395 0.523791 0.522380 0.515724 0.522380
1 0.495555 0.500194 0.503824 0.500194 0.503824 0.523186 0.495555 0.523186
1 0.446342 0.500799 0.454611 0.500799 0.454611 0.522783 0.446342 0.522783
1 0.564130 0.540734 0.572601 0.540734 0.572601 0.562920 0.564130 0.562920
1 0.516329 0.540128 0.523791 0.540128 0.523791 0.563121 0.516329 0.563121
1 0.495353 0.540532 0.504026 0.540532 0.504026 0.562920 0.495353 0.562920
1 0.446947 0.540532 0.455217 0.540532 0.455217 0.562314 0.446947 0.562314
1 0.526212 0.586719 0.534481 0.586719 0.534481 0.607897 0.526212 0.607897
1 0.575021 0.585711 0.583290 0.585711 0.583290 0.609107 0.575021 0.609107
1 0.484663 0.585106 0.492933 0.585106 0.492933 0.607292 0.484663 0.607292
1 0.436661 0.586517 0.444325 0.586517 0.444325 0.607292 0.436661 0.607292
1 0.687161 0.945931 0.690993 0.945931 0.690993 0.952788 0.687161 0.952788
1 0.669412 0.945527 0.673244 0.945527 0.673244 0.953192 0.669412 0.953192
1 0.634923 0.941695 0.647025 0.941695 0.647025 0.946334 0.634923 0.946334
1 0.635125 0.972352 0.647831 0.972352 0.647831 0.975378 0.635125 0.975378
1 0.831169 0.961864 0.836211 0.961864 0.836211 0.974369 0.831169 0.974369
1 0.799705 0.962469 0.804949 0.962469 0.804949 0.973966 0.799705 0.973966
1 0.781956 0.882196 0.787603 0.882196 0.787603 0.895710 0.781956 0.895710
1 0.751097 0.881995 0.756946 0.881995 0.756946 0.896315 0.751097 0.896315
1 0.750694 0.856582 0.783569 0.856582 0.783569 0.869288 0.750694 0.869288
1 0.751097 0.793251 0.781956 0.793251 0.781956 0.804142 0.751097 0.804142
1 0.709549 0.791234 0.733550 0.791234 0.733550 0.819269 0.709549 0.819269
1 0.624032 0.790629 0.647831 0.790629 0.647831 0.819067 0.624032 0.819067
1 0.807772 0.794864 0.820882 0.794864 0.820882 0.821689 0.807772 0.821689
1 0.856582 0.794662 0.869691 0.794662 0.869691 0.821487 0.856582 0.821487
1 0.855775 0.861826 0.869691 0.861826 0.869691 0.886835 0.855775 0.886835
1 0.830967 0.862027 0.844884 0.862027 0.844884 0.887037 0.830967 0.887037
1 0.806764 0.862027 0.820681 0.862027 0.820681 0.887037 0.806764 0.887037
1 0.865456 0.760577 0.887239 0.760577 0.887239 0.773485 0.865456 0.773485
1 0.802730 0.760173 0.823706 0.760173 0.823706 0.773687 0.802730 0.773687
1 0.756543 0.725079 0.765417 0.725079 0.765417 0.746257 0.756543 0.746257
1 0.709751 0.724474 0.717818 0.724474 0.717818 0.746458 0.709751 0.746458
1 0.730726 0.707330 0.744240 0.707330 0.744240 0.713784 0.730726 0.713784
1 0.730726 0.676472 0.743433 0.676472 0.743433 0.682321 0.730726 0.682321
1 0.735970 0.643999 0.745450 0.643999 0.745450 0.664975 0.735970 0.664975
1 0.688976 0.643394 0.697246 0.643394 0.697246 0.666185 0.688976 0.666185
1 0.758560 0.647226 0.770056 0.647226 0.770056 0.653277 0.758560 0.653277
1 0.758560 0.678892 0.770863 0.678892 0.770863 0.684539 0.758560 0.684539
1 0.782763 0.647630 0.797083 0.647630 0.797083 0.652470 0.782763 0.652470
1 0.783368 0.678085 0.797284 0.678085 0.797284 0.683934 0.783368 0.683934
1 0.825118 0.664773 0.845892 0.664773 0.845892 0.689581 0.825118 0.689581
1 0.841858 0.613947 0.863036 0.613947 0.863036 0.636537 0.841858 0.636537
1 0.809184 0.614351 0.829958 0.614351 0.829958 0.636537 0.809184 0.636537
1 0.912450 0.861826 0.948754 0.861826 0.948754 0.872313 0.912450 0.872313
1 0.914064 0.796276 0.946536 0.796276 0.946536 0.809789 0.914064 0.809789
1 0.908820 0.668001 0.928787 0.668001 0.928787 0.689783 0.908820 0.689783
1 0.874935 0.667799 0.896516 0.667799 0.896516 0.689985 0.874935 0.689985
1 0.892079 0.613947 0.913257 0.613947 0.913257 0.639764 0.892079 0.639764
1 0.895710 0.574618 0.908416 0.574618 0.908416 0.596602 0.895710 0.596602
1 0.851741 0.574214 0.863439 0.574214 0.863439 0.596602 0.851741 0.596602
1 0.895105 0.510883 0.909626 0.510883 0.909626 0.533271 0.895105 0.533271
1 0.850531 0.511488 0.864448 0.511488 0.864448 0.533473 0.850531 0.533473
1 0.806159 0.502412 0.819269 0.502412 0.819269 0.507051 0.806159 0.507051
1 0.806159 0.532666 0.819470 0.532666 0.819470 0.539120 0.806159 0.539120
1 0.909021 0.457637 0.933022 0.457637 0.933022 0.486075 0.909021 0.486075
1 0.823908 0.458242 0.847102 0.458242 0.847102 0.484865 0.823908 0.484865
1 0.972554 0.405802 0.986269 0.405802 0.986269 0.438476 0.972554 0.438476
1 0.908013 0.406004 0.921728 0.406004 0.921728 0.439888 0.908013 0.439888
1 0.924551 0.332387 0.945527 0.332387 0.945527 0.341261 0.924551 0.341261
1 0.924350 0.284384 0.945124 0.284384 0.945124 0.295074 0.924350 0.295074
1 0.887844 0.284788 0.909223 0.284788 0.909223 0.295074 0.887844 0.295074
1 0.887642 0.332185 0.909223 0.332185 0.909223 0.340656 0.887642 0.340656
1 0.924350 0.263207 0.944317 0.263207 0.944317 0.272283 0.924350 0.272283
1 0.887844 0.263005 0.908618 0.263005 0.908618 0.272283 0.887844 0.272283
1 0.888650 0.215608 0.908416 0.215608 0.908416 0.225491 0.888650 0.225491
1 0.924148 0.215406 0.944922 0.215406 0.944922 0.225289 0.924148 0.225289
1 0.643324 0.361070 0.650467 0.361070 0.650467 0.382744 0.643324 0.382744
1 0.593326 0.360331 0.601454 0.360331 0.601454 0.383482 0.593326 0.383482
1 0.733050 0.980166 0.744747 0.980166 0.744747 0.995416 0.733050 0.995416
1 0.974346 0.798901 0.976152 0.812612 0.970323 0.813186 0.968599 0.800297
1 0.878044 0.145725 0.899965 0.145725 0.899965 0.200649 0.878044 0.200649
0 0.903632 0.154298 0.980578 0.154298 0.980578 0.194347 0.903632 0.194347
