0 0.345438 0.746332 0.481191 0.746332 0.481191 0.912068 0.345438 0.912068
0 0.801508 0.725272 0.941206 0.725272 0.941206 0.887817 0.801508 0.887817
0 0.615710 0.610201 0.728606 0.610201 0.728606 0.675654 0.615710 0.675654
0 0.366414 0.535170 0.444109 0.535170 0.444109 0.573645 0.366414 0.573645
0 0.061324 0.488483 0.316220 0.488483 0.316220 0.740083 0.061324 0.740083
0 0.366571 0.481815 0.443810 0.481815 0.443810 0.519672 0.366571 0.519672
0 0.346686 0.634584 0.459427 0.634584 0.459427 0.699738 0.346686 0.699738
0 0.331463 0.149101 0.502325 0.149101 0.502325 0.317960 0.331463 0.317960
0 0.100711 0.110477 0.269532 0.110477 0.269532 0.282614 0.100711 0.282614
0 0.649144 0.256702 0.712708 0.256702 0.712708 0.369187 0.649144 0.369187
0 0.734824 0.259105 0.799455 0.259105 0.799455 0.372490 0.734824 0.372490
0 0.570660 0.257608 0.634078 0.257608 0.634078 0.370522 0.570660 0.370522
0 0.697258 0.453730 0.736242 0.453730 0.736242 0.530443 0.697258 0.530443
0 0.642383 0.448885 0.680001 0.448885 0.680001 0.526216 0.642383 0.526216
1 0.269185 0.180412 0.294575 0.180412 0.294575 0.213154 0.269185 0.213154
1 0.400440 0.125412 0.433855 0.125412 0.433855 0.149088 0.400440 0.149088
1 0.400396 0.317560 0.433324 0.317560 0.433324 0.341597 0.400396 0.341597
1 0.642248 0.526601 0.681278 0.526601 0.681278 0.544751 0.642248 0.544751
1 0.581570 0.238388 0.623990 0.238388 0.623990 0.256845 0.581570 0.256845
1 0.697031 0.531008 0.736953 0.531008 0.736953 0.549898 0.697031 0.549898
1 0.459582 0.645620 0.479803 0.645620 0.479803 0.688556 0.459582 0.688556
0 0.357125 0.348328 0.379327 0.348328 0.379327 0.359425 0.357125 0.359425
0 0.530790 0.481856 0.542241 0.481856 0.542241 0.504462 0.530790 0.504462
1 0.482055 0.818196 0.505551 0.818196 0.505551 0.840140 0.482055 0.840140
1 0.697131 0.433891 0.736584 0.433891 0.736584 0.453153 0.697131 0.453153
0 0.504720 0.481578 0.516444 0.481578 0.516444 0.505208 0.504720 0.505208
1 0.078247 0.179909 0.099399 0.179909 0.099399 0.213318 0.078247 0.213318
1 0.745303 0.240803 0.787283 0.240803 0.787283 0.258948 0.745303 0.258948
0 0.356360 0.373711 0.379967 0.373711 0.379967 0.385139 0.356360 0.385139
1 0.348238 0.534013 0.365589 0.534013 0.365589 0.575940 0.348238 0.575940
1 0.348211 0.480439 0.365359 0.480439 0.365359 0.521622 0.348211 0.521622
1 0.729517 0.622515 0.748495 0.622515 0.748495 0.666291 0.729517 0.666291
1 0.659975 0.369407 0.703162 0.369407 0.703162 0.389501 0.659975 0.389501
1 0.641556 0.429030 0.681519 0.429030 0.681519 0.448170 0.641556 0.448170
1 0.444396 0.533719 0.463762 0.533719 0.463762 0.576042 0.444396 0.576042
1 0.482535 0.875672 0.562492 0.875672 0.562492 0.898090 0.482535 0.898090
1 0.660786 0.239319 0.702582 0.239319 0.702582 0.256071 0.660786 0.256071
1 0.581603 0.370891 0.623940 0.370891 0.623940 0.388280 0.581603 0.388280
1 0.599179 0.622487 0.615682 0.622487 0.615682 0.664945 0.599179 0.664945
0 0.754949 0.065001 0.766401 0.065001 0.766401 0.088183 0.754949 0.088183
1 0.328646 0.646385 0.345885 0.646385 0.345885 0.690660 0.328646 0.690660
1 0.444750 0.480329 0.463122 0.480329 0.463122 0.521912 0.444750 0.521912
1 0.146419 0.472643 0.230253 0.472643 0.230253 0.487880 0.146419 0.487880
1 0.723518 0.737508 0.801172 0.737508 0.801172 0.757868 0.723518 0.757868
1 0.743795 0.373211 0.788733 0.373211 0.788733 0.390517 0.743795 0.390517
1 0.530673 0.505144 0.542390 0.505144 0.542390 0.510604 0.530673 0.510604
1 0.351588 0.348173 0.356946 0.348173 0.356946 0.359524 0.351588 0.359524
1 0.380094 0.373563 0.385181 0.373563 0.385181 0.385340 0.380094 0.385340
1 0.755276 0.088420 0.766645 0.088420 0.766645 0.093318 0.755276 0.093318
1 0.379662 0.348086 0.384772 0.348086 0.384772 0.359774 0.379662 0.359774
1 0.504809 0.505702 0.516326 0.505702 0.516326 0.510829 0.504809 0.510829
1 0.504553 0.476141 0.516614 0.476141 0.516614 0.481075 0.504553 0.481075
1 0.530446 0.476302 0.542320 0.476302 0.542320 0.481311 0.530446 0.481311
1 0.147321 0.741118 0.229133 0.741118 0.229133 0.757852 0.147321 0.757852
1 0.724306 0.856124 0.800488 0.856124 0.800488 0.875555 0.724306 0.875555
1 0.482161 0.759485 0.561390 0.759485 0.561390 0.780945 0.482161 0.780945
1 0.350827 0.373664 0.355912 0.373664 0.355912 0.385712 0.350827 0.385712
0 0.182354 0.316243 0.197589 0.316243 0.197589 0.339489 0.182354 0.339489
1 0.181851 0.310998 0.196469 0.310998 0.196469 0.316027 0.181851 0.316027
1 0.182589 0.339764 0.196737 0.339764 0.196737 0.346134 0.182589 0.346134
1 0.754151 0.060024 0.767453 0.060024 0.767453 0.064422 0.754151 0.064422
1 0.779280 0.794254 0.800166 0.794254 0.800166 0.815337 0.779280 0.815337
1 0.291199 0.763499 0.344591 0.763499 0.344591 0.891683 0.291199 0.891683
1 0.942913 0.742828 0.992684 0.742828 0.992684 0.872699 0.942913 0.872699
1 0.846584 0.416321 0.928616 0.416321 0.928616 0.428966 0.846584 0.428966
1 0.847557 0.690301 0.928292 0.690301 0.928292 0.704568 0.847557 0.704568
