0 0.099478 0.062221 0.346777 0.062221 0.346777 0.308743 0.099478 0.308743
0 0.535111 0.034479 0.548609 0.034479 0.548609 0.059437 0.535111 0.059437
0 0.200472 0.508883 0.327389 0.508883 0.327389 0.590290 0.200472 0.590290
0 0.401529 0.227817 0.415436 0.227817 0.415436 0.252732 0.401529 0.252732
0 0.396948 0.014126 0.410267 0.014126 0.410267 0.039160 0.396948 0.039160
0 0.296214 0.422596 0.305584 0.422596 0.305584 0.437987 0.296214 0.437987
0 0.657194 0.571812 0.684755 0.571812 0.684755 0.615759 0.657194 0.615759
0 0.664356 0.513320 0.682678 0.513320 0.682678 0.549180 0.664356 0.549180
0 0.025030 0.550761 0.039389 0.550761 0.039389 0.576139 0.025030 0.576139
0 0.478650 0.117182 0.504080 0.117182 0.504080 0.130797 0.478650 0.130797
0 0.402164 0.177865 0.415789 0.177865 0.415789 0.202725 0.402164 0.202725
0 0.427569 0.227830 0.440856 0.227830 0.440856 0.253014 0.427569 0.253014
0 0.147072 0.533370 0.168040 0.533370 0.168040 0.574313 0.147072 0.574313
0 0.600903 0.602666 0.615526 0.602666 0.615526 0.628177 0.600903 0.628177
0 0.073069 0.630524 0.080333 0.630524 0.080333 0.645052 0.073069 0.645052
1 0.223875 0.020366 0.232912 0.020366 0.232912 0.058158 0.223875 0.058158
1 0.223483 0.312704 0.232264 0.312704 0.232264 0.350021 0.223483 0.350021
1 0.210950 0.020915 0.219834 0.020915 0.219834 0.058090 0.210950 0.058090
0 0.050369 0.430624 0.064968 0.430624 0.064968 0.455838 0.050369 0.455838
1 0.210950 0.312547 0.219474 0.312547 0.219474 0.350512 0.210950 0.350512
0 0.866666 0.851938 0.880314 0.851938 0.880314 0.877537 0.866666 0.877537
1 0.262414 0.020758 0.271814 0.020758 0.271814 0.058201 0.262414 0.058201
1 0.198522 0.020480 0.207020 0.020480 0.207020 0.058110 0.198522 0.058110
0 0.145227 0.500669 0.159464 0.500669 0.159464 0.507910 0.145227 0.507910
1 0.236486 0.020210 0.245302 0.020210 0.245302 0.058076 0.236486 0.058076
0 0.563233 0.570659 0.588916 0.570659 0.588916 0.583922 0.563233 0.583922
0 0.542217 0.464182 0.581319 0.464182 0.581319 0.484867 0.542217 0.484867
0 0.498817 0.081524 0.523448 0.081524 0.523448 0.095192 0.498817 0.095192
0 0.815983 0.863347 0.830037 0.863347 0.830037 0.888786 0.815983 0.888786
1 0.249881 0.020288 0.258184 0.020288 0.258184 0.058279 0.249881 0.058279
1 0.314216 0.020828 0.322260 0.020828 0.322260 0.057888 0.314216 0.057888
0 0.021231 0.431360 0.035077 0.431360 0.035077 0.456561 0.021231 0.456561
0 0.210926 0.656498 0.224664 0.656498 0.224664 0.681258 0.210926 0.681258
0 0.506264 0.436761 0.519981 0.436761 0.519981 0.461645 0.506264 0.461645
1 0.275191 0.020312 0.284347 0.020312 0.284347 0.058514 0.275191 0.058514
1 0.313800 0.312860 0.322025 0.312860 0.322025 0.349755 0.313800 0.349755
1 0.236251 0.312390 0.245065 0.312390 0.245065 0.349815 0.236251 0.349815
0 0.322906 0.377056 0.330258 0.377056 0.330258 0.391133 0.322906 0.391133
0 0.637838 0.257172 0.662729 0.257172 0.662729 0.269949 0.637838 0.269949
1 0.056478 0.250978 0.095064 0.250978 0.095064 0.259274 0.056478 0.259274
0 0.404278 0.063187 0.417826 0.063187 0.417826 0.088046 0.404278 0.088046
1 0.198103 0.312077 0.206681 0.312077 0.206681 0.350752 0.198103 0.350752
1 0.288507 0.020575 0.296489 0.020575 0.296489 0.057888 0.288507 0.057888
0 0.327445 0.691505 0.340602 0.691505 0.340602 0.716902 0.327445 0.716902
1 0.186044 0.020872 0.193953 0.020872 0.193953 0.058063 0.186044 0.058063
1 0.301411 0.020519 0.310119 0.020519 0.310119 0.058279 0.301411 0.058279
0 0.252060 0.656724 0.265668 0.656724 0.265668 0.681732 0.252060 0.681732
1 0.173274 0.020519 0.181043 0.020519 0.181043 0.058234 0.173274 0.058234
1 0.160014 0.019629 0.169010 0.019629 0.169010 0.058263 0.160014 0.058263
1 0.172723 0.313017 0.181418 0.313017 0.181418 0.350225 0.172723 0.350225
1 0.055792 0.238487 0.095189 0.238487 0.095189 0.246624 0.055792 0.246624
0 0.880700 0.912641 0.894896 0.912641 0.894896 0.938102 0.880700 0.938102
0 0.549854 0.094616 0.574677 0.094616 0.574677 0.107496 0.549854 0.107496
0 0.638335 0.284117 0.663770 0.284117 0.663770 0.296779 0.638335 0.296779
0 0.125879 0.387198 0.140785 0.387198 0.140785 0.412265 0.125879 0.412265
1 0.249098 0.312860 0.257841 0.312860 0.257841 0.349960 0.249098 0.349960
0 0.075195 0.518645 0.100645 0.518645 0.100645 0.532680 0.075195 0.532680
1 0.056948 0.225520 0.095158 0.225520 0.095158 0.234017 0.056948 0.234017
0 0.480918 0.851276 0.494159 0.851276 0.494159 0.876083 0.480918 0.876083
0 0.638068 0.229871 0.662973 0.229871 0.662973 0.243052 0.638068 0.243052
0 0.595847 0.100469 0.610541 0.100469 0.610541 0.125647 0.595847 0.125647
0 0.472365 0.694843 0.499434 0.694843 0.499434 0.710756 0.472365 0.710756
1 0.159407 0.312625 0.168885 0.312625 0.168885 0.349990 0.159407 0.349990
1 0.300640 0.312234 0.309570 0.312234 0.309570 0.349677 0.300640 0.349677
1 0.185570 0.312547 0.193951 0.312547 0.193951 0.350382 0.185570 0.350382
1 0.147030 0.312312 0.156352 0.312312 0.156352 0.349833 0.147030 0.349833
1 0.349409 0.238673 0.386728 0.238673 0.386728 0.247061 0.349409 0.247061
1 0.274869 0.312625 0.283961 0.312625 0.283961 0.349644 0.274869 0.349644
1 0.287716 0.312390 0.296142 0.312390 0.296142 0.349543 0.287716 0.349543
1 0.057183 0.186902 0.095329 0.186902 0.095329 0.195564 0.057183 0.195564
1 0.349111 0.212785 0.387433 0.212785 0.387433 0.221838 0.349111 0.221838
1 0.056713 0.212281 0.095219 0.212281 0.095219 0.221183 0.056713 0.221183
0 0.083582 0.456621 0.109149 0.456621 0.109149 0.469811 0.083582 0.469811
1 0.147500 0.020398 0.156195 0.020398 0.156195 0.058215 0.147500 0.058215
1 0.348875 0.200259 0.387041 0.200259 0.387041 0.208835 0.348875 0.208835
1 0.349477 0.225877 0.386101 0.225877 0.386101 0.233509 0.349477 0.233509
1 0.122160 0.019367 0.130791 0.019367 0.130791 0.058064 0.122160 0.058064
1 0.056869 0.263276 0.095266 0.263276 0.095266 0.271843 0.056869 0.271843
0 0.099982 0.387639 0.114562 0.387639 0.114562 0.413360 0.099982 0.413360
0 0.506348 0.851175 0.519832 0.851175 0.519832 0.876025 0.506348 0.876025
1 0.261944 0.312234 0.270440 0.312234 0.270440 0.349993 0.261944 0.349993
1 0.056556 0.161522 0.095191 0.161522 0.095191 0.169971 0.056556 0.169971
0 0.028165 0.255108 0.041733 0.255108 0.041733 0.280115 0.028165 0.280115
0 0.619347 0.851588 0.632419 0.851588 0.632419 0.876555 0.619347 0.876555
1 0.056478 0.135829 0.095943 0.135829 0.095943 0.143865 0.056478 0.143865
0 0.474308 0.520620 0.499488 0.520620 0.499488 0.533786 0.474308 0.533786
1 0.684237 0.536437 0.698168 0.536437 0.698168 0.551169 0.684237 0.551169
1 0.349006 0.187556 0.386728 0.187556 0.386728 0.195440 0.349006 0.195440
0 0.028233 0.509770 0.035943 0.509770 0.035943 0.524239 0.028233 0.524239
1 0.134592 0.019295 0.143188 0.019295 0.143188 0.058210 0.134592 0.058210
1 0.348930 0.174736 0.386258 0.174736 0.386258 0.183142 0.348930 0.183142
0 0.407218 0.979077 0.432527 0.979077 0.432527 0.992081 0.407218 0.992081
0 0.501191 0.051559 0.508373 0.051559 0.508373 0.066107 0.501191 0.066107
0 0.133484 0.459844 0.147727 0.459844 0.147727 0.466782 0.133484 0.466782
0 0.850059 0.912552 0.864884 0.912552 0.864884 0.937716 0.850059 0.937716
1 0.634091 0.600001 0.656566 0.600001 0.656566 0.619714 0.634091 0.619714
1 0.056634 0.148832 0.095299 0.148832 0.095299 0.157152 0.056634 0.157152
0 0.533673 0.851268 0.546978 0.851268 0.546978 0.876672 0.533673 0.876672
0 0.562206 0.850435 0.576479 0.850435 0.576479 0.876201 0.562206 0.876201
1 0.327579 0.516296 0.339817 0.516296 0.339817 0.578117 0.327579 0.578117
0 0.514577 0.388291 0.528088 0.388291 0.528088 0.413022 0.514577 0.413022
1 0.055929 0.123295 0.095241 0.123295 0.095241 0.131851 0.055929 0.131851
1 0.349600 0.251449 0.387120 0.251449 0.387120 0.259673 0.349600 0.259673
0 0.021047 0.366572 0.034615 0.366572 0.034615 0.391578 0.021047 0.391578
1 0.056869 0.110606 0.095351 0.110606 0.095351 0.118930 0.056869 0.118930
0 0.056275 0.382330 0.081093 0.382330 0.081093 0.395784 0.056275 0.395784
1 0.056869 0.174133 0.095193 0.174133 0.095193 0.183197 0.056869 0.183197
0 0.490870 0.731711 0.503302 0.731711 0.503302 0.755461 0.490870 0.755461
1 0.349659 0.264482 0.387041 0.264482 0.387041 0.272441 0.349659 0.272441
1 0.350012 0.136685 0.386520 0.136685 0.386520 0.144587 0.350012 0.144587
1 0.134184 0.312547 0.143270 0.312547 0.143270 0.350147 0.134184 0.350147
0 0.203332 0.395263 0.217036 0.395263 0.217036 0.420411 0.203332 0.420411
0 0.544262 0.442085 0.558246 0.442085 0.558246 0.448942 0.544262 0.448942
1 0.146687 0.526586 0.168373 0.526586 0.168373 0.533353 0.146687 0.533353
1 0.121259 0.312860 0.130434 0.312860 0.130434 0.349641 0.121259 0.349641
1 0.083154 0.582432 0.089574 0.582432 0.089574 0.596628 0.083154 0.596628
1 0.350021 0.161971 0.386650 0.161971 0.386650 0.170608 0.350021 0.170608
0 0.563893 0.354010 0.588930 0.354010 0.588930 0.366799 0.563893 0.366799
1 0.081294 0.382086 0.087706 0.382086 0.087706 0.395834 0.081294 0.395834
0 0.564244 0.404895 0.589981 0.404895 0.589981 0.419033 0.564244 0.419033
0 0.640620 0.787403 0.654495 0.787403 0.654495 0.812452 0.640620 0.812452
0 0.468733 0.476876 0.482212 0.476876 0.482212 0.502056 0.468733 0.502056
0 0.057538 0.583214 0.082961 0.583214 0.082961 0.596069 0.057538 0.596069
1 0.349111 0.149437 0.386671 0.149437 0.386671 0.157166 0.349111 0.157166
0 0.152282 0.387944 0.165412 0.387944 0.165412 0.412626 0.152282 0.412626
1 0.055923 0.200581 0.095505 0.200581 0.095505 0.208237 0.055923 0.208237
1 0.349958 0.123603 0.386611 0.123603 0.386611 0.131820 0.349958 0.131820
1 0.684649 0.511133 0.697324 0.511133 0.697324 0.525253 0.684649 0.525253
0 0.542675 0.497403 0.581500 0.497403 0.581500 0.518112 0.542675 0.518112
1 0.588291 0.569981 0.593670 0.569981 0.593670 0.583810 0.588291 0.583810
0 0.177681 0.394797 0.191134 0.394797 0.191134 0.420053 0.177681 0.420053
0 0.794655 0.913066 0.808639 0.913066 0.808639 0.938294 0.794655 0.938294
0 0.525770 0.611948 0.566059 0.611948 0.566059 0.641711 0.525770 0.641711
0 0.022406 0.729779 0.029725 0.729779 0.029725 0.743831 0.022406 0.743831
1 0.685149 0.583534 0.709753 0.583534 0.709753 0.602680 0.685149 0.602680
1 0.350121 0.097810 0.386963 0.097810 0.386963 0.106376 0.350121 0.106376
0 0.401225 0.456354 0.426622 0.456354 0.426622 0.469450 0.401225 0.469450
1 0.056791 0.097916 0.095302 0.097916 0.095302 0.106088 0.056791 0.106088
1 0.349673 0.111015 0.386969 0.111015 0.386969 0.118948 0.349673 0.118948
1 0.056948 0.276279 0.094000 0.276279 0.094000 0.284364 0.056948 0.284364
0 0.083836 0.430497 0.109030 0.430497 0.109030 0.443989 0.083836 0.443989
0 0.297469 0.376700 0.305271 0.376700 0.305271 0.391413 0.297469 0.391413
1 0.532554 0.496165 0.542465 0.496165 0.542465 0.519584 0.532554 0.519584
0 0.408984 0.274573 0.433640 0.274573 0.433640 0.288046 0.408984 0.288046
0 0.491980 0.397262 0.499481 0.397262 0.499481 0.411904 0.491980 0.411904
1 0.544252 0.094301 0.549638 0.094301 0.549638 0.108071 0.544252 0.108071
1 0.557917 0.353659 0.563706 0.353659 0.563706 0.367255 0.557917 0.367255
1 0.590163 0.405279 0.595694 0.405279 0.595694 0.418138 0.590163 0.418138
1 0.146344 0.573241 0.168949 0.573241 0.168949 0.581924 0.146344 0.581924
1 0.664113 0.283407 0.669118 0.283407 0.669118 0.297191 0.664113 0.297191
1 0.646752 0.523581 0.663874 0.523581 0.663874 0.538211 0.646752 0.538211
1 0.100739 0.518737 0.106442 0.518737 0.106442 0.532660 0.100739 0.532660
1 0.211355 0.681337 0.224510 0.681337 0.224510 0.686867 0.211355 0.686867
1 0.349871 0.084928 0.387120 0.084928 0.387120 0.093294 0.349871 0.093294
0 0.589022 0.850645 0.604037 0.850645 0.604037 0.875907 0.589022 0.875907
1 0.589147 0.353297 0.594523 0.353297 0.594523 0.367295 0.589147 0.367295
1 0.499590 0.520609 0.504995 0.520609 0.504995 0.534426 0.499590 0.534426
1 0.663147 0.229582 0.668716 0.229582 0.668716 0.243185 0.663147 0.243185
1 0.068454 0.519005 0.074905 0.519005 0.074905 0.532411 0.068454 0.532411
1 0.581569 0.496807 0.589735 0.496807 0.589735 0.518602 0.581569 0.518602
1 0.574881 0.093655 0.581283 0.093655 0.581283 0.108160 0.574881 0.108160
1 0.634844 0.566538 0.656779 0.566538 0.656779 0.587458 0.634844 0.587458
0 0.133423 0.434107 0.147906 0.434107 0.147906 0.441177 0.133423 0.441177
1 0.426319 0.456497 0.432256 0.456497 0.432256 0.470304 0.426319 0.470304
0 0.564849 0.382912 0.579245 0.382912 0.579245 0.390120 0.564849 0.390120
0 0.231862 0.432159 0.257054 0.432159 0.257054 0.445351 0.231862 0.445351
1 0.056869 0.084834 0.095032 0.084834 0.095032 0.093189 0.056869 0.093189
1 0.631276 0.229093 0.637852 0.229093 0.637852 0.243548 0.631276 0.243548
1 0.432652 0.978493 0.439029 0.978493 0.439029 0.992430 0.432652 0.992430
1 0.349380 0.277301 0.387276 0.277301 0.387276 0.286149 0.349380 0.286149
1 0.019539 0.456783 0.035871 0.456783 0.035871 0.462199 0.019539 0.462199
1 0.566292 0.620625 0.588666 0.620625 0.588666 0.633570 0.566292 0.633570
1 0.252230 0.681170 0.266091 0.681170 0.266091 0.686913 0.252230 0.686913
1 0.632042 0.283812 0.638139 0.283812 0.638139 0.297131 0.632042 0.297131
1 0.581498 0.463313 0.589875 0.463313 0.589875 0.484928 0.581498 0.484928
1 0.251458 0.649863 0.266088 0.649863 0.266088 0.657140 0.251458 0.657140
1 0.395100 0.456259 0.401806 0.456259 0.401806 0.468482 0.395100 0.468482
1 0.601059 0.596911 0.615680 0.596911 0.615680 0.602420 0.601059 0.602420
1 0.504200 0.619985 0.525563 0.619985 0.525563 0.633622 0.504200 0.633622
1 0.532443 0.462993 0.542045 0.462993 0.542045 0.486050 0.532443 0.486050
1 0.109141 0.430542 0.114827 0.430542 0.114827 0.444270 0.109141 0.444270
1 0.401219 0.171470 0.415900 0.171470 0.415900 0.177615 0.401219 0.177615
1 0.396363 0.007833 0.410698 0.007833 0.410698 0.014178 0.396363 0.014178
1 0.396285 0.039480 0.411168 0.039480 0.411168 0.045120 0.396285 0.045120
1 0.404118 0.057339 0.418218 0.057339 0.418218 0.063058 0.404118 0.063058
1 0.403961 0.088202 0.418531 0.088202 0.418531 0.094312 0.403961 0.094312
1 0.401454 0.202960 0.416651 0.202960 0.416651 0.208835 0.401454 0.208835
1 0.402274 0.221959 0.415428 0.221959 0.415428 0.227710 0.402274 0.227710
1 0.402168 0.252952 0.415960 0.252952 0.415960 0.258704 0.402168 0.258704
1 0.427303 0.253112 0.441042 0.253112 0.441042 0.259023 0.427303 0.259023
1 0.427197 0.221693 0.441149 0.221693 0.441149 0.227497 0.427197 0.227497
1 0.434013 0.274200 0.439019 0.274200 0.439019 0.288845 0.434013 0.288845
1 0.401795 0.274626 0.408664 0.274626 0.408664 0.288472 0.401795 0.288472
0 0.661155 0.859714 0.713032 0.859714 0.713032 0.883974 0.661155 0.883974
1 0.701726 0.884033 0.714858 0.884033 0.714858 0.893337 0.701726 0.893337
1 0.701550 0.850233 0.714976 0.850233 0.714976 0.859596 0.701550 0.859596
1 0.688477 0.849939 0.697428 0.849939 0.697428 0.859596 0.688477 0.859596
1 0.675994 0.849998 0.684944 0.849998 0.684944 0.859537 0.675994 0.859537
1 0.657858 0.850174 0.672402 0.850174 0.672402 0.859596 0.657858 0.859596
1 0.658034 0.884092 0.671931 0.884092 0.671931 0.893396 0.658034 0.893396
1 0.676288 0.884092 0.684356 0.884092 0.684356 0.893454 0.676288 0.893454
1 0.688772 0.884033 0.698193 0.884033 0.698193 0.893513 0.688772 0.893513
0 0.737220 0.859901 0.789512 0.859901 0.789512 0.883525 0.737220 0.883525
1 0.778206 0.883584 0.791469 0.883584 0.791469 0.893119 0.778206 0.893119
1 0.777826 0.849871 0.791577 0.849871 0.791577 0.859739 0.777826 0.859739
1 0.764776 0.850140 0.773619 0.850140 0.773619 0.859685 0.764776 0.859685
1 0.752265 0.849978 0.761217 0.849978 0.761217 0.859901 0.752265 0.859901
1 0.734415 0.850140 0.748706 0.850140 0.748706 0.859631 0.734415 0.859631
1 0.734514 0.883643 0.748544 0.883643 0.748544 0.893281 0.734514 0.893281
1 0.752606 0.883697 0.760893 0.883697 0.760893 0.893658 0.752606 0.893658
1 0.764820 0.883692 0.774321 0.883692 0.774321 0.893389 0.764820 0.893389
1 0.327743 0.685321 0.340705 0.685321 0.340705 0.691391 0.327743 0.691391
1 0.326818 0.717108 0.341117 0.717108 0.341117 0.722560 0.326818 0.722560
1 0.402016 0.978811 0.407057 0.978811 0.407057 0.992184 0.402016 0.992184
1 0.481156 0.844910 0.494842 0.844910 0.494842 0.851251 0.481156 0.851251
1 0.480528 0.876301 0.495156 0.876301 0.495156 0.882265 0.480528 0.882265
1 0.507084 0.845224 0.520771 0.845224 0.520771 0.851000 0.507084 0.851000
1 0.506645 0.876112 0.520896 0.876112 0.520896 0.882579 0.506645 0.882579
1 0.533578 0.844722 0.547704 0.844722 0.547704 0.851188 0.533578 0.851188
1 0.533327 0.876929 0.547578 0.876929 0.547578 0.882893 0.533327 0.882893
1 0.562081 0.876364 0.577274 0.876364 0.577274 0.882202 0.562081 0.882202
1 0.562708 0.845099 0.576709 0.845099 0.576709 0.850561 0.562708 0.850561
1 0.589265 0.845161 0.604395 0.845161 0.604395 0.850498 0.589265 0.850498
1 0.589767 0.875987 0.603956 0.875987 0.603956 0.882265 0.589767 0.882265
1 0.619777 0.876678 0.632898 0.876678 0.632898 0.882579 0.619777 0.882579
1 0.619086 0.845852 0.632961 0.845852 0.632961 0.851314 0.619086 0.851314
1 0.640934 0.781438 0.655185 0.781438 0.655185 0.787214 0.640934 0.787214
1 0.640620 0.812703 0.655374 0.812703 0.655374 0.818793 0.640620 0.818793
1 0.662789 0.256690 0.669298 0.256690 0.669298 0.270492 0.662789 0.270492
1 0.631991 0.256148 0.637657 0.256148 0.637657 0.271034 0.631991 0.271034
0 0.632470 0.153405 0.655800 0.153405 0.655800 0.205603 0.632470 0.205603
1 0.655938 0.151259 0.665492 0.151259 0.665492 0.164689 0.655938 0.164689
1 0.656077 0.169050 0.665354 0.169050 0.665354 0.177219 0.656077 0.177219
1 0.655731 0.181304 0.665700 0.181304 0.665700 0.190581 0.655731 0.190581
1 0.655938 0.194111 0.666184 0.194111 0.666184 0.208096 0.655938 0.208096
1 0.622709 0.151120 0.632349 0.151120 0.632349 0.164443 0.622709 0.164443
1 0.622639 0.168220 0.632193 0.168220 0.632193 0.176320 0.622639 0.176320
1 0.622224 0.181442 0.632331 0.181442 0.632331 0.190027 0.622224 0.190027
1 0.623332 0.196188 0.632401 0.196188 0.632401 0.207611 0.623332 0.207611
1 0.523663 0.081665 0.529851 0.081665 0.529851 0.095768 0.523663 0.095768
1 0.493372 0.081809 0.498624 0.081809 0.498624 0.095911 0.493372 0.095911
1 0.501081 0.048554 0.508886 0.048554 0.508886 0.051449 0.501081 0.051449
1 0.500202 0.066217 0.509546 0.066217 0.509546 0.070211 0.500202 0.070211
1 0.535381 0.028875 0.548829 0.028875 0.548829 0.034299 0.535381 0.034299
1 0.535197 0.059511 0.549049 0.059511 0.549049 0.066107 0.535197 0.066107
0 0.510476 0.011655 0.524923 0.011655 0.524923 0.018801 0.510476 0.018801
1 0.525077 0.010733 0.529150 0.010733 0.529150 0.019698 0.525077 0.019698
1 0.506788 0.010681 0.510400 0.010681 0.510400 0.019672 0.506788 0.019672
1 0.504311 0.116628 0.510495 0.116628 0.510495 0.131304 0.504311 0.131304
1 0.472835 0.116859 0.478511 0.116859 0.478511 0.130889 0.472835 0.130889
1 0.226664 0.431993 0.231471 0.431993 0.231471 0.446060 0.226664 0.446060
1 0.257261 0.431524 0.263357 0.431524 0.263357 0.447115 0.257261 0.447115
0 0.193312 0.483984 0.207438 0.483984 0.207438 0.491194 0.193312 0.491194
1 0.207732 0.483163 0.211307 0.483163 0.211307 0.491897 0.207732 0.491897
1 0.189737 0.482460 0.193078 0.482460 0.193078 0.491545 0.189737 0.491545
0 0.259313 0.483691 0.273321 0.483691 0.273321 0.491137 0.259313 0.491137
1 0.273466 0.483383 0.277487 0.483383 0.277487 0.491825 0.273466 0.491825
1 0.255495 0.482441 0.259118 0.482441 0.259118 0.492115 0.255495 0.492115
1 0.190589 0.516670 0.200407 0.516670 0.200407 0.578784 0.190589 0.578784
1 0.159646 0.500426 0.162871 0.500426 0.162871 0.508214 0.159646 0.508214
1 0.141028 0.499331 0.145227 0.499331 0.145227 0.509126 0.141028 0.509126
1 0.147904 0.459175 0.151432 0.459175 0.151432 0.467693 0.147904 0.467693
1 0.129347 0.458627 0.133241 0.458627 0.133241 0.467571 0.129347 0.467571
1 0.148208 0.433073 0.151858 0.433073 0.151858 0.441834 0.148208 0.441834
1 0.130320 0.432830 0.133119 0.432830 0.133119 0.441895 0.130320 0.441895
1 0.049595 0.381903 0.056007 0.381903 0.056007 0.395652 0.049595 0.395652
1 0.022142 0.360853 0.035771 0.360853 0.035771 0.366511 0.022142 0.366511
1 0.021655 0.391578 0.035892 0.391578 0.035892 0.398210 0.021655 0.398210
1 0.028226 0.249267 0.042098 0.249267 0.042098 0.254865 0.028226 0.254865
1 0.027739 0.280236 0.042281 0.280236 0.042281 0.285165 0.027739 0.285165
0 0.967813 0.904047 0.981724 0.904047 0.981724 0.911211 0.967813 0.911211
1 0.981974 0.902547 0.985431 0.902547 0.985431 0.910919 0.981974 0.910919
1 0.963939 0.902547 0.967688 0.902547 0.967688 0.911877 0.963939 0.911877
1 0.817283 0.857550 0.829792 0.857550 0.829792 0.863172 0.817283 0.863172
1 0.816615 0.888892 0.830319 0.888892 0.830319 0.894514 0.816615 0.894514
1 0.794866 0.938329 0.808428 0.938329 0.808428 0.943740 0.794866 0.943740
1 0.794971 0.907163 0.808182 0.907163 0.808182 0.912960 0.794971 0.912960
1 0.021792 0.743975 0.029964 0.743975 0.029964 0.747463 0.021792 0.747463
1 0.021505 0.726006 0.030250 0.726006 0.030250 0.729973 0.021505 0.729973
1 0.073069 0.627179 0.080859 0.627179 0.080859 0.630285 0.073069 0.630285
1 0.072209 0.645100 0.081719 0.645100 0.081719 0.648350 0.072209 0.648350
1 0.051707 0.582162 0.057269 0.582162 0.057269 0.596628 0.051707 0.596628
1 0.109293 0.456191 0.114597 0.456191 0.114597 0.470050 0.109293 0.470050
1 0.078612 0.456478 0.083439 0.456478 0.083439 0.470098 0.078612 0.470098
1 0.050369 0.455952 0.065327 0.455952 0.065327 0.461543 0.050369 0.461543
1 0.050465 0.425606 0.065088 0.425606 0.065088 0.430529 0.050465 0.430529
1 0.021553 0.424937 0.035889 0.424937 0.035889 0.431102 0.021553 0.431102
1 0.101503 0.381784 0.114597 0.381784 0.114597 0.387423 0.101503 0.387423
1 0.101073 0.413468 0.114836 0.413468 0.114836 0.418629 0.101073 0.418629
1 0.126258 0.412464 0.140355 0.412464 0.140355 0.418056 0.126258 0.418056
1 0.127022 0.381545 0.140117 0.381545 0.140117 0.386993 0.127022 0.386993
1 0.152210 0.381917 0.166101 0.381917 0.166101 0.387686 0.152210 0.387686
1 0.152246 0.412698 0.166309 0.412698 0.166309 0.418905 0.152246 0.418905
1 0.178183 0.389810 0.191385 0.389810 0.191385 0.394689 0.178183 0.394689
1 0.203655 0.389415 0.217323 0.389415 0.217323 0.395191 0.203655 0.395191
1 0.203547 0.420447 0.217000 0.420447 0.217000 0.426438 0.203547 0.426438
1 0.177825 0.420124 0.191098 0.420124 0.191098 0.426474 0.177825 0.426474
1 0.077975 0.430402 0.083661 0.430402 0.083661 0.444130 0.077975 0.444130
1 0.028198 0.506594 0.036656 0.506594 0.036656 0.509700 0.028198 0.509700
1 0.027163 0.524441 0.036967 0.524441 0.036967 0.528100 0.027163 0.528100
1 0.025180 0.545643 0.039292 0.545643 0.039292 0.550476 0.025180 0.550476
1 0.024890 0.576235 0.039969 0.576235 0.039969 0.582180 0.024890 0.582180
1 0.296792 0.419413 0.305315 0.419413 0.305315 0.422437 0.296792 0.422437
1 0.296288 0.438154 0.306094 0.438154 0.306094 0.441912 0.296288 0.441912
1 0.297184 0.373601 0.306126 0.373601 0.306126 0.376593 0.297184 0.376593
1 0.296578 0.391627 0.305734 0.391627 0.305734 0.395403 0.296578 0.395403
1 0.321659 0.391271 0.330992 0.391271 0.330992 0.395118 0.321659 0.395118
1 0.322834 0.372746 0.330707 0.372746 0.330707 0.376985 0.322834 0.376985
1 0.596403 0.094433 0.610382 0.094433 0.610382 0.100430 0.596403 0.100430
1 0.596579 0.125877 0.610528 0.125877 0.610528 0.131224 0.596579 0.131224
1 0.579574 0.381912 0.583056 0.381912 0.583056 0.390890 0.579574 0.390890
1 0.561215 0.381582 0.564770 0.381582 0.564770 0.391000 0.561215 0.391000
1 0.557368 0.405401 0.564000 0.405401 0.564000 0.419363 0.557368 0.419363
1 0.558427 0.441163 0.561911 0.441163 0.561911 0.449641 0.558427 0.449641
1 0.540702 0.440702 0.543955 0.440702 0.543955 0.450128 0.540702 0.450128
1 0.601276 0.628378 0.615338 0.628378 0.615338 0.633834 0.601276 0.633834
1 0.850610 0.938025 0.865347 0.938025 0.865347 0.943657 0.850610 0.943657
1 0.850996 0.907086 0.864961 0.907086 0.864961 0.912256 0.850996 0.912256
1 0.881703 0.907163 0.895128 0.907163 0.895128 0.912410 0.881703 0.912410
1 0.881626 0.938333 0.895745 0.938333 0.895745 0.944351 0.881626 0.944351
1 0.867134 0.877672 0.879747 0.877672 0.879747 0.882114 0.867134 0.882114
1 0.866745 0.846091 0.880039 0.846091 0.880039 0.851700 0.866745 0.851700
1 0.492459 0.394190 0.499282 0.394190 0.499282 0.397062 0.492459 0.397062
1 0.491980 0.411944 0.499601 0.411944 0.499601 0.415575 0.491980 0.415575
1 0.514722 0.382021 0.528208 0.382021 0.528208 0.388085 0.514722 0.388085
1 0.514643 0.413181 0.528208 0.413181 0.528208 0.418807 0.514643 0.418807
1 0.506743 0.461698 0.519949 0.461698 0.519949 0.467403 0.506743 0.467403
1 0.507062 0.430457 0.520707 0.430457 0.520707 0.436601 0.507062 0.436601
1 0.468574 0.471737 0.482070 0.471737 0.482070 0.476691 0.468574 0.476691
1 0.468801 0.502075 0.482121 0.502075 0.482121 0.508581 0.468801 0.508581
1 0.468596 0.520184 0.474001 0.520184 0.474001 0.533888 0.468596 0.533888
1 0.499649 0.695742 0.503524 0.695742 0.503524 0.710594 0.499649 0.710594
1 0.468438 0.694881 0.472097 0.694881 0.472097 0.710487 0.468438 0.710487
1 0.490870 0.755513 0.504027 0.755513 0.504027 0.762376 0.490870 0.762376
1 0.490896 0.725936 0.503665 0.725936 0.503665 0.731582 0.490896 0.731582
1 0.945442 0.219914 0.985943 0.219914 0.985943 0.238153 0.945442 0.238153
1 0.945442 0.252368 0.985272 0.252368 0.985272 0.271009 0.945442 0.271009
1 0.945844 0.284957 0.985540 0.284957 0.985540 0.303598 0.945844 0.303598
1 0.945174 0.317009 0.985943 0.317009 0.985943 0.334711 0.945174 0.334711
1 0.945442 0.372127 0.985943 0.372127 0.985943 0.391439 0.945442 0.391439
1 0.945576 0.405252 0.985272 0.405252 0.985272 0.423223 0.945576 0.423223
1 0.945308 0.437707 0.985675 0.437707 0.985675 0.455677 0.945308 0.455677
1 0.945308 0.469893 0.984736 0.469893 0.984736 0.487327 0.945308 0.487327
1 0.000335 0.739201 0.006529 0.739201 0.006529 0.752929 0.000335 0.752929
1 0.028126 0.177964 0.041185 0.177964 0.041185 0.209829 0.028126 0.209829
1 0.315287 0.000670 0.327760 0.000670 0.327760 0.006278 0.315287 0.006278
1 0.340693 0.000502 0.355467 0.000502 0.355467 0.006278 0.340693 0.006278
