0 0.286172 0.538311 0.323592 0.538311 0.323592 0.557912 0.286172 0.557912
0 0.023120 0.657252 0.035371 0.657252 0.035371 0.682422 0.023120 0.682422
0 0.110210 0.642997 0.134043 0.642997 0.134043 0.656361 0.110210 0.656361
0 0.070563 0.694227 0.093728 0.694227 0.093728 0.706700 0.070563 0.706700
0 0.060763 0.799136 0.072345 0.799136 0.072345 0.822523 0.060763 0.822523
0 0.007974 0.828092 0.019556 0.828092 0.019556 0.850143 0.007974 0.850143
0 0.042944 0.837001 0.065886 0.837001 0.065886 0.850811 0.042944 0.850811
0 0.008419 0.879098 0.019556 0.879098 0.019556 0.902486 0.008419 0.902486
0 0.057199 0.865289 0.079695 0.865289 0.079695 0.906718 0.057199 0.906718
0 0.691108 0.294859 0.713382 0.294859 0.713382 0.306442 0.691108 0.306442
0 0.647006 0.305551 0.665048 0.305551 0.665048 0.342748 0.647006 0.342748
0 0.690440 0.338516 0.713159 0.338516 0.713159 0.350098 0.690440 0.350098
0 0.658143 0.382840 0.669280 0.382840 0.669280 0.406673 0.658143 0.406673
0 0.626737 0.439638 0.638988 0.439638 0.638988 0.463917 0.626737 0.463917
0 0.657921 0.453671 0.669726 0.453671 0.669726 0.476167 0.657921 0.476167
0 0.686876 0.450107 0.706477 0.450107 0.706477 0.479285 0.686876 0.479285
0 0.690440 0.508241 0.713159 0.508241 0.713159 0.519601 0.690440 0.519601
0 0.537865 0.502896 0.654357 0.502896 0.654357 0.587758 0.537865 0.587758
0 0.681308 0.555016 0.691999 0.555016 0.691999 0.578403 0.681308 0.578403
1 0.645326 0.533676 0.662632 0.533676 0.662632 0.555625 0.645326 0.555625
1 0.529292 0.533676 0.547839 0.533676 0.547839 0.555625 0.529292 0.555625
0 0.677299 0.604464 0.695118 0.604464 0.695118 0.642106 0.677299 0.642106
0 0.567935 0.606468 0.604909 0.606468 0.604909 0.625624 0.567935 0.625624
0 0.690886 0.661262 0.713159 0.661262 0.713159 0.672844 0.690886 0.672844
0 0.692890 0.738551 0.710932 0.738551 0.710932 0.767507 0.692890 0.767507
0 0.690663 0.694672 0.713605 0.694672 0.713605 0.705809 0.690663 0.705809
0 0.665048 0.676185 0.675739 0.676185 0.675739 0.699127 0.665048 0.699127
0 0.691999 0.813391 0.710709 0.813391 0.710709 0.841901 0.691999 0.841901
0 0.408232 0.971534 0.419146 0.971534 0.419146 0.994476 0.408232 0.994476
0 0.657030 0.985344 0.679081 0.985344 0.679081 0.996481 0.657030 0.996481
0 0.664603 0.909168 0.677299 0.909168 0.677299 0.933669 0.664603 0.933669
0 0.690886 0.922309 0.713605 0.922309 0.713605 0.933892 0.690886 0.933892
0 0.691331 0.897140 0.713828 0.897140 0.713828 0.908500 0.691331 0.908500
0 0.691108 0.871525 0.714050 0.871525 0.714050 0.883108 0.691108 0.883108
1 0.324261 0.538088 0.334506 0.538088 0.334506 0.558357 0.324261 0.558357
1 0.277708 0.537643 0.285282 0.537643 0.285282 0.558357 0.277708 0.558357
1 0.134266 0.642997 0.140502 0.642997 0.140502 0.656584 0.134266 0.656584
1 0.104196 0.642552 0.109765 0.642552 0.109765 0.656584 0.104196 0.656584
1 0.023120 0.652129 0.035816 0.652129 0.035816 0.656584 0.023120 0.656584
1 0.022229 0.682644 0.035593 0.682644 0.035593 0.686654 0.022229 0.686654
1 0.093950 0.694227 0.099519 0.694227 0.099519 0.707145 0.093950 0.707145
1 0.063881 0.693781 0.070340 0.693781 0.070340 0.706700 0.063881 0.706700
1 0.060763 0.793122 0.072568 0.793122 0.072568 0.798690 0.060763 0.798690
1 0.060985 0.823191 0.072790 0.823191 0.072790 0.827646 0.060985 0.827646
1 0.066777 0.836333 0.073013 0.836333 0.073013 0.851033 0.066777 0.851033
1 0.036707 0.836556 0.042053 0.836556 0.042053 0.850143 0.036707 0.850143
1 0.007974 0.821855 0.019334 0.821855 0.019334 0.827201 0.007974 0.827201
1 0.007751 0.850143 0.020002 0.850143 0.020002 0.856379 0.007751 0.856379
1 0.008419 0.873307 0.020002 0.873307 0.020002 0.878430 0.008419 0.878430
1 0.007974 0.903154 0.019779 0.903154 0.019779 0.908277 0.007974 0.908277
1 0.056531 0.859052 0.079695 0.859052 0.079695 0.864175 0.056531 0.864175
1 0.056308 0.907386 0.079473 0.907386 0.079473 0.912954 0.056308 0.912954
1 0.407787 0.965298 0.419369 0.965298 0.419369 0.970866 0.407787 0.970866
1 0.679749 0.984898 0.685317 0.984898 0.685317 0.997149 0.679749 0.997149
1 0.651016 0.984898 0.656584 0.984898 0.656584 0.996926 0.651016 0.996926
1 0.713828 0.922087 0.719841 0.922087 0.719841 0.933892 0.713828 0.933892
1 0.685317 0.922309 0.690886 0.922309 0.690886 0.934114 0.685317 0.934114
1 0.664825 0.934114 0.677967 0.934114 0.677967 0.939015 0.664825 0.939015
1 0.664157 0.904268 0.677076 0.904268 0.677076 0.908722 0.664157 0.908722
1 0.713605 0.896695 0.720287 0.896695 0.720287 0.908500 0.713605 0.908500
1 0.684872 0.896472 0.691108 0.896472 0.691108 0.908722 0.684872 0.908722
1 0.714718 0.871080 0.719619 0.871080 0.719619 0.883330 0.714718 0.883330
1 0.685540 0.870634 0.690663 0.870634 0.690663 0.882885 0.685540 0.882885
1 0.696454 0.842792 0.708705 0.842792 0.708705 0.857716 0.696454 0.857716
1 0.695786 0.796017 0.708927 0.796017 0.708927 0.812945 0.695786 0.812945
1 0.696454 0.767953 0.708927 0.767953 0.708927 0.783990 0.696454 0.783990
1 0.695563 0.721623 0.710264 0.721623 0.710264 0.738106 0.695563 0.738106
1 0.713605 0.694004 0.719619 0.694004 0.719619 0.706477 0.713605 0.706477
1 0.684426 0.693781 0.690663 0.693781 0.690663 0.705364 0.684426 0.705364
1 0.713828 0.660593 0.719841 0.660593 0.719841 0.673067 0.713828 0.673067
1 0.684426 0.660593 0.690440 0.660593 0.690440 0.673067 0.684426 0.673067
1 0.664157 0.670171 0.676408 0.670171 0.676408 0.676185 0.664157 0.676185
1 0.664603 0.699127 0.676630 0.699127 0.676630 0.704473 0.664603 0.704473
1 0.605132 0.606023 0.616714 0.606023 0.616714 0.626292 0.605132 0.626292
1 0.557912 0.605800 0.567267 0.605800 0.567267 0.625846 0.557912 0.625846
1 0.676408 0.594663 0.698681 0.594663 0.698681 0.604686 0.676408 0.604686
1 0.676185 0.642552 0.697790 0.642552 0.697790 0.652575 0.676185 0.652575
1 0.679526 0.578626 0.692890 0.578626 0.692890 0.584640 0.679526 0.584640
1 0.679303 0.549002 0.694672 0.549002 0.694672 0.554793 0.679303 0.554793
1 0.691108 0.479954 0.703359 0.479954 0.703359 0.495545 0.691108 0.495545
1 0.690217 0.433624 0.703804 0.433624 0.703804 0.449661 0.690217 0.449661
1 0.657252 0.447880 0.670394 0.447880 0.670394 0.453225 0.657252 0.453225
1 0.657698 0.476613 0.670839 0.476613 0.670839 0.482627 0.657698 0.482627
1 0.626960 0.434515 0.639211 0.434515 0.639211 0.439416 0.626960 0.439416
1 0.626292 0.464139 0.640547 0.464139 0.640547 0.469708 0.626292 0.469708
1 0.714050 0.507128 0.719841 0.507128 0.719841 0.520492 0.714050 0.520492
1 0.684872 0.506682 0.690217 0.506682 0.690217 0.520937 0.684872 0.520937
1 0.657921 0.376604 0.670394 0.376604 0.670394 0.382618 0.657921 0.382618
1 0.656361 0.406896 0.671062 0.406896 0.671062 0.411573 0.656361 0.411573
1 0.713382 0.337179 0.719841 0.337179 0.719841 0.351434 0.713382 0.351434
1 0.684872 0.337402 0.689995 0.337402 0.689995 0.352103 0.684872 0.352103
1 0.713382 0.294191 0.719396 0.294191 0.719396 0.307333 0.713382 0.307333
1 0.684872 0.293523 0.690886 0.293523 0.690886 0.308892 0.684872 0.308892
1 0.645670 0.295082 0.666607 0.295082 0.666607 0.305105 0.645670 0.305105
1 0.644556 0.343416 0.667498 0.343416 0.667498 0.353662 0.644556 0.353662
1 0.408078 0.994432 0.419660 0.994432 0.419660 1.000000 0.408078 1.000000
1 0.008629 0.674836 0.013915 0.674836 0.013915 0.688388 0.008629 0.688388
