0 0.242302 0.184380 0.266993 0.184380 0.266993 0.197303 0.242302 0.197303
0 0.238379 0.226610 0.263070 0.226610 0.263070 0.239533 0.238379 0.239533
0 0.234225 0.253378 0.258917 0.253378 0.258917 0.266301 0.234225 0.266301
0 0.240456 0.358607 0.265147 0.358607 0.265147 0.371529 0.240456 0.371529
0 0.266070 0.430374 0.290762 0.430374 0.290762 0.443297 0.266070 0.443297
0 0.251763 0.617754 0.265840 0.617754 0.265840 0.642446 0.251763 0.642446
0 0.277147 0.624908 0.291224 0.624908 0.291224 0.649599 0.277147 0.649599
0 0.308762 0.645215 0.332761 0.645215 0.332761 0.658138 0.308762 0.658138
0 0.285455 0.670368 0.309454 0.670368 0.309454 0.683291 0.285455 0.683291
0 0.287531 0.723213 0.301608 0.723213 0.301608 0.747905 0.287531 0.747905
0 0.320069 0.749520 0.344068 0.749520 0.344068 0.762443 0.320069 0.762443
0 0.385375 0.842979 0.442604 0.842979 0.442604 0.890517 0.385375 0.890517
0 0.486219 0.843441 0.501218 0.843441 0.501218 0.852441 0.486219 0.852441
0 0.566063 0.853825 0.590524 0.853825 0.590524 0.866286 0.566063 0.866286
0 0.470296 0.920977 0.491526 0.920977 0.491526 0.959515 0.470296 0.959515
0 0.512757 0.911285 0.553140 0.911285 0.553140 0.932285 0.512757 0.932285
0 0.512295 0.944054 0.552909 0.944054 0.552909 0.964822 0.512295 0.964822
0 0.633446 0.947054 0.647292 0.947054 0.647292 0.954669 0.633446 0.954669
0 0.628138 0.918670 0.652830 0.918670 0.652830 0.931823 0.628138 0.931823
0 0.578063 0.919131 0.602985 0.919131 0.602985 0.931823 0.578063 0.931823
0 0.580140 0.944284 0.605062 0.944284 0.605062 0.956976 0.580140 0.956976
0 0.658830 0.821057 0.671291 0.821057 0.671291 0.845518 0.658830 0.845518
0 0.659061 0.771673 0.671522 0.771673 0.671522 0.796134 0.659061 0.796134
0 0.659061 0.724598 0.671522 0.724598 0.671522 0.749058 0.659061 0.749058
0 0.659522 0.616139 0.666445 0.616139 0.666445 0.629523 0.659522 0.629523
0 0.912439 0.134766 0.926746 0.134766 0.926746 0.142150 0.912439 0.142150
0 0.910593 0.162919 0.952823 0.162919 0.952823 0.185303 0.910593 0.185303
0 0.908055 0.203303 0.954669 0.203303 0.954669 0.233071 0.908055 0.233071
0 0.899055 0.303454 0.923746 0.303454 0.923746 0.315915 0.899055 0.315915
0 0.914203 0.572770 0.929665 0.572770 0.929665 0.581308 0.914203 0.581308
0 0.773519 0.589139 0.787365 0.589139 0.787365 0.614293 0.773519 0.614293
0 0.761981 0.653522 0.775596 0.653522 0.775596 0.677983 0.761981 0.677983
0 0.818749 0.654907 0.831903 0.654907 0.831903 0.679829 0.818749 0.679829
0 0.763827 0.730828 0.771443 0.730828 0.771443 0.744674 0.763827 0.744674
0 0.735905 0.723905 0.749520 0.723905 0.749520 0.748135 0.735905 0.748135
0 0.890978 0.601370 0.915901 0.601370 0.915901 0.614523 0.890978 0.614523
0 0.890978 0.626985 0.915901 0.626985 0.915901 0.640138 0.890978 0.640138
0 0.891209 0.652369 0.916131 0.652369 0.916131 0.665522 0.891209 0.665522
0 0.900439 0.782288 0.915901 0.782288 0.915901 0.790827 0.900439 0.790827
0 0.900670 0.823364 0.915901 0.823364 0.915901 0.832364 0.900670 0.832364
0 0.900209 0.911747 0.915670 0.911747 0.915670 0.920516 0.900209 0.920516
0 0.900016 0.952391 0.915670 0.952391 0.915670 0.961376 0.900016 0.961376
1 0.609669 0.794811 0.637167 0.794811 0.637167 0.819484 0.609669 0.819484
1 0.267586 0.184294 0.272960 0.184294 0.272960 0.197370 0.267586 0.197370
1 0.236240 0.183756 0.241972 0.183756 0.241972 0.197011 0.236240 0.197011
1 0.263330 0.226109 0.268800 0.226109 0.268800 0.239583 0.263330 0.239583
1 0.232513 0.226643 0.238116 0.226643 0.238116 0.239050 0.232513 0.239050
1 0.259195 0.253191 0.265065 0.253191 0.265065 0.266399 0.259195 0.266399
1 0.228110 0.253591 0.234114 0.253591 0.234114 0.265732 0.228110 0.265732
1 0.265465 0.358452 0.270935 0.358452 0.270935 0.371926 0.265465 0.371926
1 0.234514 0.358452 0.240250 0.358452 0.240250 0.371526 0.234514 0.371526
1 0.291080 0.430093 0.296416 0.430093 0.296416 0.443701 0.291080 0.443701
1 0.259862 0.430493 0.265865 0.430493 0.265865 0.443434 0.259862 0.443434
1 0.251857 0.611664 0.265198 0.611664 0.265198 0.617534 0.251857 0.617534
1 0.252257 0.642615 0.265999 0.642615 0.265999 0.648352 0.252257 0.648352
1 0.277205 0.620203 0.290679 0.620203 0.290679 0.624605 0.277205 0.624605
1 0.277605 0.649820 0.291346 0.649820 0.291346 0.656757 0.277605 0.656757
1 0.332890 0.644768 0.339192 0.644768 0.339192 0.658190 0.332890 0.658190
1 0.303347 0.644850 0.308585 0.644850 0.308585 0.657453 0.303347 0.657453
1 0.309649 0.670383 0.316114 0.670383 0.316114 0.683641 0.309649 0.683641
1 0.279860 0.670219 0.285343 0.670219 0.285343 0.682659 0.279860 0.682659
1 0.287520 0.717197 0.301750 0.717197 0.301750 0.722970 0.287520 0.722970
1 0.287357 0.748097 0.301750 0.748097 0.301750 0.754196 0.287357 0.754196
1 0.313378 0.749398 0.319884 0.749398 0.319884 0.762572 0.313378 0.762572
1 0.344279 0.749236 0.349645 0.749236 0.349645 0.762816 0.344279 0.762816
1 0.442808 0.845578 0.463271 0.845578 0.463271 0.851172 0.442808 0.851172
1 0.442808 0.858239 0.463271 0.858239 0.463271 0.863833 0.442808 0.863833
1 0.442808 0.870796 0.463271 0.870796 0.463271 0.876390 0.442808 0.876390
1 0.442808 0.883655 0.463271 0.883655 0.463271 0.889249 0.442808 0.889249
1 0.363372 0.845088 0.385136 0.845088 0.385136 0.850974 0.363372 0.850974
1 0.363174 0.858293 0.385136 0.858293 0.385136 0.863634 0.363174 0.863634
1 0.363471 0.871001 0.385136 0.871001 0.385136 0.876191 0.363471 0.876191
1 0.363769 0.883213 0.385136 0.883213 0.385136 0.889050 0.363769 0.889050
1 0.501408 0.843251 0.504224 0.843251 0.504224 0.852639 0.501408 0.852639
1 0.482365 0.843251 0.486120 0.843251 0.486120 0.852505 0.482365 0.852505
1 0.470697 0.912854 0.491752 0.912854 0.491752 0.920766 0.470697 0.920766
1 0.504493 0.910976 0.512405 0.910976 0.512405 0.932299 0.504493 0.932299
1 0.470429 0.959792 0.491752 0.959792 0.491752 0.969716 0.470429 0.969716
1 0.504090 0.943967 0.512003 0.943967 0.512003 0.965290 0.504090 0.965290
1 0.553174 0.943833 0.561355 0.943833 0.561355 0.965558 0.553174 0.965558
1 0.553442 0.910842 0.561623 0.910842 0.561623 0.932567 0.553442 0.932567
1 0.603331 0.919023 0.609768 0.919023 0.609768 0.931897 0.603331 0.931897
1 0.573156 0.919157 0.577716 0.919157 0.577716 0.931361 0.573156 0.931361
1 0.605476 0.943967 0.610036 0.943967 0.610036 0.958048 0.605476 0.958048
1 0.574095 0.944503 0.579862 0.944503 0.579862 0.957378 0.574095 0.957378
1 0.653085 0.918620 0.658852 0.918620 0.658852 0.931763 0.653085 0.931763
1 0.622374 0.918486 0.627873 0.918486 0.627873 0.931897 0.622374 0.931897
1 0.647587 0.946917 0.651073 0.946917 0.651073 0.954964 0.647587 0.954964
1 0.629750 0.946783 0.633237 0.946783 0.633237 0.954427 0.629750 0.954427
1 0.590748 0.853330 0.596688 0.853330 0.596688 0.866571 0.590748 0.866571
1 0.560060 0.853578 0.565876 0.853578 0.565876 0.866199 0.560060 0.866199
1 0.927046 0.134456 0.930248 0.134456 0.930248 0.142461 0.927046 0.142461
1 0.908235 0.133656 0.912237 0.133656 0.912237 0.142594 0.908235 0.142594
1 0.953061 0.162472 0.959331 0.162472 0.959331 0.185419 0.953061 0.185419
1 0.903699 0.161939 0.910370 0.161939 0.910370 0.185019 0.903699 0.185019
1 0.955062 0.202362 0.970137 0.202362 0.970137 0.234514 0.955062 0.234514
1 0.892760 0.202495 0.907835 0.202495 0.907835 0.234781 0.892760 0.234781
1 0.923978 0.303353 0.929181 0.303353 0.929181 0.316294 0.923978 0.316294
1 0.893293 0.302820 0.898763 0.302820 0.898763 0.316161 0.893293 0.316161
1 0.916106 0.600992 0.921576 0.600992 0.921576 0.614466 0.916106 0.614466
1 0.885155 0.600992 0.890625 0.600992 0.890625 0.614466 0.885155 0.614466
1 0.916240 0.626873 0.921710 0.626873 0.921710 0.640348 0.916240 0.640348
1 0.885289 0.626873 0.890625 0.626873 0.890625 0.640214 0.885289 0.640214
1 0.885022 0.652354 0.890892 0.652354 0.890892 0.665562 0.885022 0.665562
1 0.916507 0.652488 0.921710 0.652488 0.921710 0.665962 0.916507 0.665962
1 0.818984 0.648486 0.831925 0.648486 0.831925 0.654756 0.818984 0.654756
1 0.818984 0.679970 0.831391 0.679970 0.831391 0.685040 0.818984 0.685040
1 0.915974 0.783399 0.918756 0.783399 0.918756 0.790764 0.915974 0.790764
1 0.896824 0.782826 0.900261 0.782826 0.900261 0.791010 0.896824 0.791010
1 0.916137 0.824072 0.918920 0.824072 0.918920 0.832255 0.916137 0.832255
1 0.896906 0.823662 0.900507 0.823662 0.900507 0.832092 0.896906 0.832092
1 0.915810 0.911555 0.919002 0.911555 0.919002 0.920557 0.915810 0.920557
1 0.897070 0.911800 0.900016 0.911800 0.900016 0.920393 0.897070 0.920393
1 0.915892 0.952964 0.918756 0.952964 0.918756 0.961638 0.915892 0.961638
1 0.896579 0.953127 0.899852 0.953127 0.899852 0.961557 0.896579 0.961557
1 0.929722 0.572752 0.932832 0.572752 0.932832 0.581263 0.929722 0.581263
1 0.910900 0.572671 0.914092 0.572671 0.914092 0.581263 0.910900 0.581263
1 0.773384 0.583539 0.787221 0.583539 0.787221 0.588975 0.773384 0.588975
1 0.774043 0.614425 0.787551 0.614425 0.787551 0.619778 0.774043 0.619778
1 0.761771 0.648523 0.775608 0.648523 0.775608 0.653382 0.761771 0.653382
1 0.762183 0.678009 0.775608 0.678009 0.775608 0.684762 0.762183 0.684762
1 0.659194 0.612741 0.666610 0.612741 0.666610 0.616063 0.659194 0.616063
1 0.659239 0.629575 0.666564 0.629575 0.666564 0.634079 0.659239 0.634079
1 0.763895 0.727532 0.771153 0.727532 0.771153 0.730603 0.763895 0.730603
1 0.763965 0.744771 0.771502 0.744771 0.771502 0.748400 0.763965 0.748400
1 0.735977 0.717970 0.749238 0.717970 0.749238 0.723832 0.735977 0.723832
1 0.735698 0.748331 0.749517 0.748331 0.749517 0.753984 0.735698 0.753984
1 0.658435 0.749238 0.672254 0.749238 0.672254 0.754123 0.658435 0.754123
1 0.658365 0.717760 0.672603 0.717760 0.672603 0.724391 0.658365 0.724391
1 0.658723 0.765934 0.671852 0.765934 0.671852 0.771492 0.658723 0.771492
1 0.659206 0.796301 0.671772 0.796301 0.671772 0.802745 0.659206 0.802745
1 0.658965 0.814989 0.671369 0.814989 0.671369 0.820950 0.658965 0.820950
1 0.658884 0.845598 0.671611 0.845598 0.671611 0.851558 0.658884 0.851558
1 0.552642 0.991226 0.560566 0.991226 0.560566 0.994543 0.552642 0.994543
1 0.523649 0.987540 0.538269 0.987049 0.537900 0.980783 0.523219 0.981152
1 0.946308 0.982325 0.983495 0.982325 0.983495 0.990776 0.946308 0.990776
1 0.946048 0.969582 0.983235 0.969582 0.983235 0.978034 0.946048 0.978034
1 0.945788 0.943967 0.982975 0.943967 0.982975 0.952419 0.945788 0.952419
1 0.946048 0.956710 0.983235 0.956710 0.983235 0.965161 0.946048 0.965161
1 0.945528 0.892998 0.982715 0.892998 0.982715 0.901450 0.945528 0.901450
1 0.945788 0.905740 0.982975 0.905740 0.982975 0.914192 0.945788 0.914192
1 0.945788 0.918613 0.982975 0.918613 0.982975 0.927064 0.945788 0.927064
1 0.946048 0.931355 0.983235 0.931355 0.983235 0.939807 0.946048 0.939807
1 0.945658 0.790539 0.982845 0.790539 0.982845 0.798990 0.945658 0.798990
1 0.945918 0.803281 0.983105 0.803281 0.983105 0.811733 0.945918 0.811733
1 0.945918 0.816154 0.983105 0.816154 0.983105 0.824605 0.945918 0.824605
1 0.946178 0.828896 0.983365 0.828896 0.983365 0.837348 0.946178 0.837348
1 0.945918 0.841508 0.983105 0.841508 0.983105 0.849960 0.945918 0.849960
1 0.946178 0.854251 0.983365 0.854251 0.983365 0.862702 0.946178 0.862702
1 0.946178 0.867123 0.983365 0.867123 0.983365 0.875575 0.946178 0.875575
1 0.946438 0.879866 0.983625 0.879866 0.983625 0.888317 0.946438 0.888317
1 0.946048 0.700042 0.983235 0.700042 0.983235 0.708494 0.946048 0.708494
1 0.945788 0.776886 0.982975 0.776886 0.982975 0.785338 0.945788 0.785338
1 0.946308 0.764014 0.983495 0.764014 0.983495 0.772466 0.946308 0.772466
1 0.946308 0.751272 0.983495 0.751272 0.983495 0.759723 0.946308 0.759723
1 0.946438 0.738139 0.983625 0.738139 0.983625 0.746591 0.946438 0.746591
1 0.946178 0.725397 0.983365 0.725397 0.983365 0.733848 0.946178 0.733848
1 0.946308 0.712784 0.983495 0.712784 0.983495 0.721236 0.946308 0.721236
1 0.946048 0.687170 0.983235 0.687170 0.983235 0.695621 0.946048 0.695621
1 0.945788 0.674427 0.982975 0.674427 0.982975 0.682879 0.945788 0.682879
1 0.945788 0.649723 0.982975 0.649723 0.982975 0.658174 0.945788 0.658174
1 0.946048 0.662465 0.983235 0.662465 0.983235 0.670917 0.946048 0.670917
1 0.945788 0.636850 0.982975 0.636850 0.982975 0.645302 0.945788 0.645302
1 0.945528 0.624108 0.982715 0.624108 0.982715 0.632560 0.945528 0.632560
0 0.953329 0.302818 0.993637 0.302818 0.993637 0.324142 0.953329 0.324142
1 0.944357 0.302688 0.952679 0.302688 0.952679 0.324142 0.944357 0.324142
0 0.894038 0.249378 0.999488 0.249378 0.999488 0.286175 0.894038 0.286175
1 0.878435 0.247038 0.893258 0.247038 0.893258 0.290856 0.878435 0.290856
1 0.892738 0.091009 0.932525 0.091009 0.932525 0.107522 0.892738 0.107522
1 0.889877 0.041730 0.931745 0.041730 0.931745 0.081127 0.889877 0.081127
1 0.891828 0.014165 0.931355 0.014165 0.931355 0.033278 0.891828 0.033278
