0 0.569605 0.374972 0.607929 0.374972 0.607929 0.443955 0.569605 0.443955
0 0.829565 0.368222 0.949816 0.368222 0.949816 0.443544 0.829565 0.443544
0 0.485063 0.535483 0.555840 0.535483 0.555840 0.605317 0.485063 0.605317
0 0.698487 0.487340 0.705932 0.487340 0.705932 0.501788 0.698487 0.501788
0 0.509073 0.267338 0.527220 0.267338 0.527220 0.303631 0.509073 0.303631
1 0.505075 0.605673 0.519710 0.605673 0.519710 0.632752 0.505075 0.632752
0 0.921463 0.279169 0.931010 0.279169 0.931010 0.294884 0.921463 0.294884
1 0.504611 0.507779 0.519305 0.507779 0.519305 0.534944 0.504611 0.534944
0 0.877762 0.513406 0.891152 0.513406 0.891152 0.538490 0.877762 0.538490
0 0.772662 0.389975 0.793802 0.389975 0.793802 0.430805 0.772662 0.430805
0 0.676321 0.287291 0.690617 0.287291 0.690617 0.312677 0.676321 0.312677
0 0.534857 0.463632 0.548263 0.463632 0.548263 0.488761 0.534857 0.488761
0 0.572575 0.166496 0.612705 0.166496 0.612705 0.195469 0.572575 0.195469
0 0.650726 0.407492 0.665089 0.407492 0.665089 0.432851 0.650726 0.432851
0 0.646519 0.288011 0.660801 0.288011 0.660801 0.313235 0.646519 0.313235
0 0.517090 0.418937 0.524681 0.418937 0.524681 0.433719 0.517090 0.433719
0 0.835991 0.513675 0.849960 0.513675 0.849960 0.538407 0.835991 0.538407
0 0.363187 0.466667 0.370364 0.466667 0.370364 0.480991 0.363187 0.480991
0 0.460111 0.553684 0.467268 0.553684 0.467268 0.568266 0.460111 0.568266
0 0.725344 0.244773 0.740174 0.244773 0.740174 0.270261 0.725344 0.270261
0 0.464672 0.196339 0.494557 0.196339 0.494557 0.236032 0.464672 0.236032
0 0.828814 0.252103 0.842548 0.252103 0.842548 0.277254 0.828814 0.277254
1 0.521260 0.508116 0.536157 0.508116 0.536157 0.535079 0.521260 0.535079
1 0.521840 0.605677 0.536764 0.605677 0.536764 0.632819 0.521840 0.632819
0 0.654010 0.366654 0.661371 0.366654 0.661371 0.381212 0.654010 0.381212
0 0.948305 0.233860 0.955530 0.233860 0.955530 0.248122 0.948305 0.248122
0 0.482698 0.463413 0.496239 0.463413 0.496239 0.489196 0.482698 0.489196
1 0.537835 0.605629 0.552537 0.605629 0.552537 0.633089 0.537835 0.633089
0 0.653641 0.111684 0.667115 0.111684 0.667115 0.137156 0.653641 0.137156
0 0.751507 0.243719 0.766041 0.243719 0.766041 0.268997 0.751507 0.268997
0 0.604048 0.035817 0.651488 0.035817 0.651488 0.065588 0.604048 0.065588
0 0.952894 0.548520 0.966706 0.548520 0.966706 0.573632 0.952894 0.573632
1 0.488289 0.605659 0.502993 0.605659 0.502993 0.633224 0.488289 0.633224
1 0.488096 0.509060 0.504206 0.509060 0.504206 0.535146 0.488096 0.535146
0 0.509128 0.463489 0.522563 0.463489 0.522563 0.488961 0.509128 0.488961
0 0.700430 0.375516 0.726295 0.375516 0.726295 0.389537 0.700430 0.389537
0 0.532275 0.006269 0.557146 0.006269 0.557146 0.019236 0.532275 0.019236
1 0.617498 0.209260 0.633595 0.209260 0.633595 0.224841 0.617498 0.224841
1 0.605301 0.128633 0.626697 0.128633 0.626697 0.141948 0.605301 0.141948
0 0.646838 0.223278 0.660150 0.223278 0.660150 0.248295 0.646838 0.248295
1 0.401678 0.128738 0.410548 0.128738 0.410548 0.150157 0.401678 0.150157
0 0.709247 0.313115 0.734657 0.313115 0.734657 0.326614 0.709247 0.326614
0 0.759275 0.316591 0.773209 0.316591 0.773209 0.323643 0.759275 0.323643
0 0.803410 0.251598 0.816555 0.251598 0.816555 0.276917 0.803410 0.276917
0 0.595458 0.225068 0.631318 0.225068 0.631318 0.243739 0.595458 0.243739
0 0.414594 0.268191 0.439537 0.268191 0.439537 0.281119 0.414594 0.281119
0 0.441109 0.354610 0.455943 0.354610 0.455943 0.361731 0.441109 0.361731
0 0.410683 0.127704 0.451083 0.127704 0.451083 0.150276 0.410683 0.150276
0 0.923113 0.233672 0.930384 0.233672 0.930384 0.248161 0.923113 0.248161
1 0.549351 0.174579 0.572422 0.174579 0.572422 0.187486 0.549351 0.187486
0 0.683167 0.439870 0.708521 0.439870 0.708521 0.453069 0.683167 0.453069
0 0.414703 0.466624 0.422182 0.466624 0.422182 0.481532 0.414703 0.481532
1 0.490141 0.278475 0.508811 0.278475 0.508811 0.294787 0.490141 0.294787
1 0.708660 0.439587 0.714773 0.439587 0.714773 0.453459 0.708660 0.453459
0 0.647939 0.586374 0.655510 0.586374 0.655510 0.600800 0.647939 0.600800
0 0.770616 0.357134 0.784997 0.357134 0.784997 0.364751 0.770616 0.364751
1 0.472907 0.171913 0.486769 0.171913 0.486769 0.196107 0.472907 0.196107
1 0.538112 0.508520 0.553279 0.508520 0.553279 0.535011 0.538112 0.535011
0 0.532159 0.031668 0.557164 0.031668 0.557164 0.044741 0.532159 0.044741
0 0.681598 0.239120 0.707005 0.239120 0.707005 0.252408 0.681598 0.252408
0 0.709688 0.287033 0.734677 0.287033 0.734677 0.300522 0.709688 0.300522
1 0.591530 0.207650 0.609517 0.207650 0.609517 0.224841 0.591530 0.224841
1 0.950093 0.373138 0.965441 0.373138 0.965441 0.435216 0.950093 0.435216
0 0.777922 0.244604 0.791066 0.244604 0.791066 0.269418 0.777922 0.269418
1 0.451225 0.128712 0.459037 0.128712 0.459037 0.150233 0.451225 0.150233
1 0.539979 0.375091 0.569343 0.375091 0.569343 0.393971 0.539979 0.393971
1 0.707227 0.238447 0.713549 0.238447 0.713549 0.253193 0.707227 0.253193
1 0.527470 0.291773 0.541960 0.291773 0.541960 0.306645 0.527470 0.306645
1 0.527483 0.267043 0.541305 0.267043 0.541305 0.281095 0.527483 0.281095
0 0.602478 0.597162 0.626257 0.597162 0.626257 0.609148 0.602478 0.609148
0 0.758840 0.290786 0.773442 0.290786 0.773442 0.298209 0.758840 0.298209
1 0.836693 0.538642 0.850108 0.538642 0.850108 0.543936 0.836693 0.543936
1 0.589438 0.034961 0.603865 0.034961 0.603865 0.067361 0.589438 0.067361
1 0.726457 0.375667 0.731516 0.375667 0.731516 0.389549 0.726457 0.389549
1 0.703138 0.286616 0.709465 0.286616 0.709465 0.300764 0.703138 0.300764
0 0.884788 0.340545 0.898891 0.340545 0.898891 0.348067 0.884788 0.348067
1 0.829833 0.277478 0.842928 0.277478 0.842928 0.283026 0.829833 0.283026
1 0.645832 0.313364 0.661240 0.313364 0.661240 0.318892 0.645832 0.318892
1 0.770515 0.430936 0.794655 0.430936 0.794655 0.439281 0.770515 0.439281
1 0.726306 0.238111 0.740452 0.238111 0.740452 0.244567 0.726306 0.244567
1 0.694077 0.374875 0.700260 0.374875 0.700260 0.389492 0.694077 0.389492
1 0.803474 0.277126 0.816681 0.277126 0.816681 0.282900 0.803474 0.282900
1 0.482486 0.457499 0.496448 0.457499 0.496448 0.463204 0.482486 0.463204
1 0.675315 0.312895 0.691108 0.312895 0.691108 0.318990 0.675315 0.318990
1 0.472047 0.236109 0.486816 0.236109 0.486816 0.257696 0.472047 0.257696
1 0.604105 0.243891 0.620731 0.243891 0.620731 0.261498 0.604105 0.261498
1 0.533914 0.456494 0.547932 0.456494 0.547932 0.463376 0.533914 0.463376
1 0.507958 0.457014 0.523060 0.457014 0.523060 0.463295 0.507958 0.463295
1 0.676256 0.281631 0.690681 0.281631 0.690681 0.287146 0.676256 0.287146
1 0.726382 0.270394 0.740032 0.270394 0.740032 0.275623 0.726382 0.275623
0 0.389498 0.466368 0.396619 0.466368 0.396619 0.481173 0.389498 0.481173
1 0.626367 0.596321 0.632298 0.596321 0.632298 0.610211 0.626367 0.610211
1 0.772544 0.382144 0.794303 0.382144 0.794303 0.389773 0.772544 0.389773
1 0.542077 0.130158 0.564795 0.130158 0.564795 0.140424 0.542077 0.140424
1 0.876266 0.506930 0.892312 0.506930 0.892312 0.513117 0.876266 0.513117
1 0.923066 0.230201 0.930806 0.230201 0.930806 0.233531 0.923066 0.233531
1 0.948164 0.229872 0.955624 0.229872 0.955624 0.233719 0.948164 0.233719
1 0.947367 0.248309 0.956609 0.248309 0.956609 0.252109 0.947367 0.252109
1 0.922080 0.248356 0.931182 0.248356 0.931182 0.252250 0.922080 0.252250
1 0.921581 0.275123 0.931481 0.275123 0.931481 0.278894 0.921581 0.278894
1 0.921345 0.295041 0.931521 0.295041 0.931521 0.298498 0.921345 0.298498
0 0.858062 0.288538 0.883408 0.288538 0.883408 0.301960 0.858062 0.301960
1 0.882951 0.288292 0.888596 0.288292 0.888596 0.302785 0.882951 0.302785
1 0.851691 0.288419 0.857083 0.288419 0.857083 0.302616 0.851691 0.302616
1 0.829193 0.246542 0.842591 0.246542 0.842591 0.251850 0.829193 0.251850
1 0.803494 0.245994 0.816681 0.245994 0.816681 0.251345 0.803494 0.251345
1 0.777838 0.238790 0.791445 0.238790 0.791445 0.244393 0.777838 0.244393
1 0.777922 0.269545 0.791656 0.269545 0.791656 0.274937 0.777922 0.274937
1 0.752602 0.238790 0.765915 0.238790 0.765915 0.243509 0.752602 0.243509
1 0.752054 0.269081 0.765915 0.269081 0.765915 0.274979 0.752054 0.274979
1 0.676267 0.238946 0.681390 0.238946 0.681390 0.252446 0.676267 0.252446
1 0.647436 0.248482 0.660786 0.248482 0.660786 0.254502 0.647436 0.254502
1 0.646950 0.218043 0.660562 0.218043 0.660562 0.223091 0.646950 0.223091
1 0.651732 0.034900 0.666832 0.034900 0.666832 0.067178 0.651732 0.067178
1 0.557395 0.030496 0.563449 0.030496 0.563449 0.045554 0.557395 0.045554
1 0.526233 0.031410 0.531978 0.031410 0.531978 0.044999 0.526233 0.044999
1 0.557394 0.004746 0.563771 0.004746 0.563771 0.020228 0.557394 0.020228
1 0.526394 0.005773 0.532098 0.005773 0.532098 0.020193 0.526394 0.020193
0 0.564998 0.121314 0.605035 0.121314 0.605035 0.149645 0.564998 0.149645
1 0.612933 0.173554 0.633880 0.173554 0.633880 0.187614 0.612933 0.187614
1 0.541698 0.423516 0.569343 0.423516 0.569343 0.445593 0.541698 0.445593
1 0.608191 0.422795 0.635509 0.422795 0.635509 0.443824 0.608191 0.443824
1 0.608257 0.397836 0.635968 0.397836 0.635968 0.420175 0.608257 0.420175
1 0.608257 0.373859 0.635313 0.373859 0.635313 0.396788 0.608257 0.396788
1 0.952392 0.542053 0.967083 0.542053 0.967083 0.548394 0.952392 0.548394
1 0.953020 0.573695 0.967145 0.573695 0.967145 0.578969 0.953020 0.578969
1 0.816108 0.373641 0.829288 0.373641 0.829288 0.435444 0.816108 0.435444
1 0.877619 0.538586 0.891973 0.538586 0.891973 0.544434 0.877619 0.544434
1 0.836286 0.507352 0.850519 0.507352 0.850519 0.513528 0.836286 0.513528
1 0.439613 0.268066 0.445725 0.268066 0.445725 0.282018 0.439613 0.282018
1 0.408436 0.267877 0.414528 0.267877 0.414528 0.281460 0.408436 0.281460
1 0.456196 0.354356 0.459658 0.354356 0.459658 0.362069 0.456196 0.362069
1 0.437393 0.353709 0.440855 0.353709 0.440855 0.362744 0.437393 0.362744
0 0.391167 0.384391 0.448461 0.384391 0.448461 0.439991 0.391167 0.439991
1 0.395171 0.440264 0.404826 0.440264 0.404826 0.446963 0.395171 0.446963
1 0.409436 0.440145 0.417965 0.440145 0.417965 0.446760 0.409436 0.446760
1 0.422137 0.440152 0.430637 0.440152 0.430637 0.446935 0.422137 0.446935
1 0.434944 0.440236 0.443586 0.440236 0.443586 0.446794 0.434944 0.446794
1 0.395809 0.377140 0.405262 0.377140 0.405262 0.384221 0.395809 0.384221
1 0.409599 0.377919 0.417527 0.377919 0.417527 0.384289 0.409599 0.384289
1 0.422406 0.377818 0.430064 0.377818 0.430064 0.384154 0.422406 0.384154
1 0.434875 0.377106 0.443786 0.377106 0.443786 0.384086 0.434875 0.384086
1 0.362953 0.463341 0.370927 0.463341 0.370927 0.466522 0.362953 0.466522
1 0.362372 0.481224 0.371363 0.481224 0.371363 0.484964 0.362372 0.484964
1 0.414498 0.463012 0.422413 0.463012 0.422413 0.466547 0.414498 0.466547
1 0.413858 0.481711 0.422362 0.481711 0.422362 0.484964 0.413858 0.484964
1 0.387551 0.481301 0.397911 0.481301 0.397911 0.485115 0.387551 0.485115
1 0.388064 0.462833 0.397439 0.462833 0.397439 0.466189 0.388064 0.466189
1 0.482629 0.489332 0.496720 0.489332 0.496720 0.494809 0.482629 0.494809
1 0.507673 0.489189 0.523304 0.489189 0.523304 0.494694 0.507673 0.494694
1 0.534343 0.488904 0.548642 0.488904 0.548642 0.494826 0.534343 0.494826
1 0.459068 0.549949 0.468878 0.549949 0.468878 0.553586 0.459068 0.553586
1 0.459477 0.568468 0.468238 0.568468 0.468238 0.572080 0.459477 0.572080
1 0.595712 0.595906 0.602333 0.595906 0.602333 0.610308 0.595712 0.610308
1 0.646591 0.582609 0.655837 0.582609 0.655837 0.586280 0.646591 0.586280
1 0.645776 0.600991 0.656843 0.600991 0.656843 0.604770 0.645776 0.604770
1 0.697848 0.483760 0.706557 0.483760 0.706557 0.487193 0.697848 0.487193
1 0.697310 0.501972 0.707761 0.501972 0.707761 0.505533 0.697310 0.505533
1 0.677536 0.438960 0.683017 0.438960 0.683017 0.453253 0.677536 0.453253
1 0.650683 0.433064 0.665131 0.433064 0.665131 0.439329 0.650683 0.439329
1 0.650853 0.402420 0.664790 0.402420 0.664790 0.407321 0.650853 0.407321
1 0.653160 0.381441 0.662451 0.381441 0.662451 0.385432 0.653160 0.385432
1 0.653814 0.362827 0.661469 0.362827 0.661469 0.366360 0.653814 0.366360
1 0.646617 0.281533 0.661109 0.281533 0.661109 0.287749 0.646617 0.287749
1 0.734961 0.286963 0.739910 0.286963 0.739910 0.301117 0.734961 0.301117
1 0.703278 0.312999 0.709052 0.312999 0.709052 0.326197 0.703278 0.326197
1 0.734759 0.312756 0.740497 0.312756 0.740497 0.327280 0.734759 0.327280
1 0.899166 0.340068 0.902371 0.340068 0.902371 0.348678 0.899166 0.348678
1 0.881336 0.339335 0.884633 0.339335 0.884633 0.348983 0.881336 0.348983
0 0.818767 0.340741 0.833043 0.340741 0.833043 0.347928 0.818767 0.347928
1 0.833197 0.340075 0.836329 0.340075 0.836329 0.348596 0.833197 0.348596
1 0.814358 0.339536 0.818542 0.339536 0.818542 0.349006 0.814358 0.349006
1 0.785232 0.357016 0.788614 0.357016 0.788614 0.364898 0.785232 0.364898
1 0.766852 0.356281 0.770469 0.356281 0.770469 0.365427 0.766852 0.365427
1 0.773632 0.290514 0.777031 0.290514 0.777031 0.298372 0.773632 0.298372
1 0.755604 0.289725 0.758704 0.289725 0.758704 0.298454 0.755604 0.298454
1 0.773550 0.315503 0.776949 0.315503 0.776949 0.324504 0.773550 0.324504
1 0.754652 0.315503 0.759111 0.315503 0.759111 0.324640 0.754652 0.324640
1 0.516646 0.414941 0.525153 0.414941 0.525153 0.418760 0.516646 0.418760
1 0.515669 0.433986 0.525879 0.433986 0.525879 0.437360 0.515669 0.437360
1 0.653641 0.105495 0.667448 0.105495 0.667448 0.111541 0.653641 0.111541
1 0.653363 0.137325 0.667534 0.137325 0.667534 0.142165 0.653363 0.142165
1 0.683271 0.005702 0.719566 0.005702 0.719566 0.013305 0.683271 0.013305
1 0.683271 0.018374 0.719566 0.018374 0.719566 0.025977 0.683271 0.025977
1 0.683000 0.031045 0.719295 0.031045 0.719295 0.038648 0.683000 0.038648
1 0.683000 0.043627 0.719295 0.043627 0.719295 0.051230 0.683000 0.051230
1 0.683181 0.056751 0.719476 0.056751 0.719476 0.064354 0.683181 0.064354
1 0.683181 0.069422 0.719476 0.069422 0.719476 0.077025 0.683181 0.077025
1 0.682909 0.082094 0.719204 0.082094 0.719204 0.089697 0.682909 0.089697
1 0.682909 0.094766 0.719204 0.094766 0.719204 0.102369 0.682909 0.102369
1 0.683452 0.121104 0.719747 0.121104 0.719747 0.128707 0.683452 0.128707
1 0.683452 0.133776 0.719747 0.133776 0.719747 0.141379 0.683452 0.141379
1 0.683724 0.108433 0.720019 0.108433 0.720019 0.116036 0.683724 0.116036
1 0.746720 0.169528 0.755137 0.169528 0.755137 0.205914 0.746720 0.205914
1 0.760116 0.169619 0.768533 0.169619 0.768533 0.206004 0.760116 0.206004
1 0.772516 0.169438 0.780933 0.169438 0.780933 0.205823 0.772516 0.205823
1 0.785911 0.169528 0.794329 0.169528 0.794329 0.205914 0.785911 0.205914
1 0.798311 0.169890 0.806729 0.169890 0.806729 0.206276 0.798311 0.206276
1 0.811707 0.169981 0.820125 0.169981 0.820125 0.206366 0.811707 0.206366
1 0.824107 0.169800 0.832525 0.169800 0.832525 0.206185 0.824107 0.206185
1 0.837503 0.169890 0.845920 0.169890 0.845920 0.206276 0.837503 0.206276
1 0.849088 0.169890 0.857506 0.169890 0.857506 0.206276 0.849088 0.206276
1 0.862484 0.169981 0.870902 0.169981 0.870902 0.206366 0.862484 0.206366
1 0.874884 0.169800 0.883302 0.169800 0.883302 0.206185 0.874884 0.206185
1 0.888280 0.169890 0.896697 0.169890 0.896697 0.206276 0.888280 0.206276
1 0.900680 0.170252 0.909097 0.170252 0.909097 0.206638 0.900680 0.206638
1 0.914076 0.170343 0.922493 0.170343 0.922493 0.206728 0.914076 0.206728
1 0.926476 0.170162 0.934893 0.170162 0.934893 0.206547 0.926476 0.206547
1 0.939871 0.170252 0.947203 0.170252 0.947203 0.206366 0.939871 0.206366
