0 0.016740 0.043767 0.035699 0.043767 0.035699 0.080475 0.016740 0.080475
0 0.053045 0.044170 0.071399 0.044170 0.071399 0.080475 0.053045 0.080475
0 0.086727 0.043969 0.105686 0.043969 0.105686 0.080676 0.086727 0.080676
0 0.123838 0.044574 0.142797 0.044574 0.142797 0.081281 0.123838 0.081281
0 0.159336 0.044372 0.177690 0.044372 0.177690 0.081685 0.159336 0.081685
0 0.167605 0.001614 0.204716 0.001614 0.204716 0.019766 0.167605 0.019766
0 0.198464 0.060709 0.210162 0.060709 0.210162 0.083500 0.198464 0.083500
0 0.234365 0.060507 0.246063 0.060507 0.246063 0.083097 0.234365 0.083097
0 0.085041 0.554157 0.112668 0.554157 0.112668 0.600812 0.085041 0.600812
0 0.150176 0.560927 0.171033 0.560927 0.171033 0.599166 0.150176 0.599166
0 0.052840 0.634294 0.072965 0.634294 0.072965 0.673448 0.052840 0.673448
0 0.124744 0.624415 0.154018 0.624415 0.154018 0.669789 0.124744 0.669789
0 0.093823 0.704918 0.132245 0.704918 0.132245 0.725593 0.093823 0.725593
0 0.163898 0.705101 0.201954 0.705101 0.201954 0.725776 0.163898 0.725776
0 0.284836 0.530189 0.309719 0.530189 0.309719 0.543911 0.284836 0.543911
0 0.216225 0.599898 0.324356 0.599898 0.324356 0.656982 0.216225 0.656982
0 0.055767 0.764564 0.101142 0.764564 0.101142 0.794021 0.055767 0.794021
0 0.061805 0.834821 0.100044 0.834821 0.100044 0.856045 0.061805 0.856045
0 0.030335 0.922643 0.075161 0.922643 0.075161 0.951917 0.030335 0.951917
0 0.103703 0.889527 0.125293 0.889527 0.125293 0.928498 0.103703 0.928498
0 0.181279 0.880562 0.238730 0.880562 0.238730 0.986314 0.181279 0.986314
0 0.190061 0.744255 0.247878 0.744255 0.247878 0.850190 0.190061 0.850190
0 0.307889 0.014783 0.343933 0.014783 0.343933 0.034177 0.307889 0.034177
0 0.309536 0.060890 0.328381 0.060890 0.328381 0.097299 0.309536 0.097299
0 0.344299 0.059975 0.363876 0.059975 0.363876 0.096568 0.344299 0.096568
0 0.395528 0.074063 0.407421 0.074063 0.407421 0.097299 0.395528 0.097299
0 0.432853 0.074246 0.444379 0.074246 0.444379 0.097848 0.432853 0.097848
0 0.469628 0.073697 0.481704 0.073697 0.481704 0.097665 0.469628 0.097665
0 0.503110 0.042777 0.521407 0.042777 0.521407 0.079918 0.503110 0.079918
0 0.536593 0.043508 0.554523 0.043508 0.554523 0.080284 0.536593 0.080284
0 0.346494 0.538788 0.451515 0.538788 0.451515 0.596238 0.346494 0.596238
0 0.487742 0.572270 0.564403 0.572270 0.564403 0.610326 0.487742 0.610326
0 0.450966 0.624597 0.489937 0.624597 0.489937 0.645089 0.450966 0.645089
0 0.360217 0.633380 0.398456 0.633380 0.398456 0.653871 0.360217 0.653871
0 0.345580 0.675827 0.366620 0.675827 0.366620 0.714066 0.345580 0.714066
0 0.405774 0.673448 0.435048 0.673448 0.435048 0.719006 0.405774 0.719006
0 0.487742 0.665581 0.499817 0.665581 0.499817 0.690281 0.487742 0.690281
0 0.523968 0.688451 0.537141 0.688451 0.537141 0.695038 0.523968 0.695038
0 0.518479 0.659543 0.542996 0.659543 0.542996 0.671253 0.518479 0.671253
0 0.462676 0.799693 0.469628 0.799693 0.469628 0.813415 0.462676 0.813415
0 0.378513 0.760905 0.405774 0.760905 0.405774 0.807560 0.378513 0.807560
0 0.290874 0.761453 0.337163 0.761453 0.337163 0.789630 0.290874 0.789630
0 0.304230 0.829333 0.380708 0.829333 0.380708 0.867023 0.304230 0.867023
0 0.499085 0.772431 0.568794 0.772431 0.568794 0.839578 0.499085 0.839578
0 0.307340 0.892455 0.335334 0.892455 0.335334 0.939110 0.307340 0.939110
0 0.470909 0.919167 0.483716 0.919167 0.483716 0.943867 0.470909 0.943867
0 0.501647 0.938561 0.526347 0.938561 0.526347 0.950820 0.501647 0.950820
0 0.506953 0.915691 0.520675 0.915691 0.520675 0.922460 0.506953 0.922460
0 0.576478 0.059975 0.587639 0.059975 0.587639 0.083943 0.576478 0.083943
0 0.612339 0.059792 0.623866 0.059792 0.623866 0.083577 0.612339 0.083577
0 0.648017 0.059792 0.659543 0.059792 0.659543 0.083577 0.648017 0.083577
0 0.683877 0.060158 0.695404 0.060158 0.695404 0.083943 0.683877 0.083943
0 0.744621 0.588737 0.755965 0.588737 0.755965 0.611790 0.744621 0.611790
0 0.696136 0.598983 0.726142 0.598983 0.726142 0.637222 0.696136 0.637222
0 0.624415 0.574283 0.664483 0.574283 0.664483 0.603191 0.624415 0.603191
0 0.568245 0.626427 0.606667 0.626427 0.606667 0.646553 0.568245 0.646553
0 0.572270 0.661922 0.585809 0.661922 0.585809 0.669240 0.572270 0.669240
0 0.634294 0.642528 0.654054 0.642528 0.654054 0.682414 0.634294 0.682414
0 0.567147 0.684609 0.592030 0.684609 0.592030 0.697234 0.567147 0.697234
0 0.791459 0.642345 0.829881 0.642345 0.829881 0.663020 0.791459 0.663020
0 0.795850 0.678754 0.809207 0.678754 0.809207 0.685341 0.795850 0.685341
0 0.742425 0.675461 0.766576 0.675461 0.766576 0.687537 0.742425 0.687537
0 0.711139 0.682048 0.723763 0.682048 0.723763 0.706748 0.711139 0.706748
0 0.746999 0.704552 0.760539 0.704552 0.760539 0.711322 0.746999 0.711322
0 0.790544 0.701991 0.815061 0.701991 0.815061 0.713883 0.790544 0.713883
0 0.630635 0.716262 0.644357 0.716262 0.644357 0.722848 0.630635 0.722848
0 0.633563 0.747914 0.654969 0.747914 0.654969 0.786153 0.633563 0.786153
0 0.685524 0.779750 0.692843 0.779750 0.692843 0.793472 0.685524 0.793472
0 0.723031 0.764198 0.792191 0.764198 0.792191 0.831162 0.723031 0.831162
0 0.602642 0.847812 0.640515 0.847812 0.640515 0.869218 0.602642 0.869218
0 0.611424 0.886234 0.625146 0.886234 0.625146 0.893552 0.611424 0.893552
0 0.550132 0.912215 0.575015 0.912215 0.575015 0.925205 0.550132 0.925205
0 0.555987 0.940757 0.569526 0.940757 0.569526 0.947526 0.555987 0.947526
0 0.551412 0.963444 0.589652 0.963444 0.589652 0.984119 0.551412 0.984119
0 0.617462 0.928132 0.638137 0.928132 0.638137 0.968018 0.617462 0.968018
0 0.726142 0.942586 0.764564 0.942586 0.764564 0.962712 0.726142 0.962712
0 0.725044 0.910934 0.749744 0.910934 0.749744 0.923192 0.725044 0.923192
0 0.779018 0.913678 0.792740 0.913678 0.792740 0.920448 0.779018 0.920448
0 0.694123 0.892089 0.706016 0.892089 0.706016 0.916789 0.694123 0.916789
0 0.730533 0.888429 0.744072 0.888429 0.744072 0.895199 0.730533 0.895199
0 0.773529 0.885868 0.797863 0.885868 0.797863 0.897212 0.773529 0.897212
0 0.838298 0.917520 0.858972 0.917520 0.858972 0.957589 0.838298 0.957589
0 0.834456 0.875988 0.848178 0.875988 0.848178 0.882758 0.834456 0.882758
0 0.833175 0.834638 0.871231 0.834638 0.871231 0.855130 0.833175 0.855130
0 0.856228 0.766210 0.877818 0.766210 0.877818 0.804633 0.856228 0.804633
0 0.853850 0.733277 0.867755 0.733277 0.867755 0.739864 0.853850 0.739864
0 0.857326 0.659543 0.877635 0.659543 0.877635 0.699612 0.857326 0.699612
0 0.967652 0.597336 0.985948 0.597336 0.985948 0.635209 0.967652 0.635209
0 0.932157 0.597702 0.951734 0.597702 0.951734 0.635026 0.932157 0.635026
1 0.014966 0.033994 0.037105 0.033994 0.037105 0.043508 0.014966 0.043508
1 0.014783 0.080833 0.037105 0.080833 0.037105 0.089981 0.014783 0.089981
1 0.051010 0.034177 0.073331 0.034177 0.073331 0.043874 0.051010 0.043874
1 0.050644 0.080467 0.071502 0.080467 0.071502 0.089981 0.050644 0.089981
1 0.085224 0.033994 0.108460 0.033994 0.108460 0.043691 0.085224 0.043691
1 0.085956 0.081199 0.107545 0.081199 0.107545 0.090164 0.085956 0.090164
1 0.121451 0.033629 0.144870 0.033629 0.144870 0.044057 0.121451 0.044057
1 0.158226 0.034177 0.179450 0.034177 0.179450 0.044057 0.158226 0.044057
1 0.156945 0.081931 0.178901 0.081931 0.178901 0.090347 0.156945 0.090347
1 0.122182 0.081565 0.142857 0.081565 0.142857 0.090347 0.122182 0.090347
1 0.197929 0.053754 0.210919 0.053754 0.210919 0.060341 0.197929 0.060341
1 0.198478 0.083760 0.210553 0.083760 0.210553 0.089615 0.198478 0.089615
1 0.231960 0.054120 0.247146 0.054120 0.247146 0.060158 0.231960 0.060158
1 0.234521 0.083760 0.246780 0.083760 0.246780 0.089615 0.234521 0.089615
1 0.113034 0.551412 0.135356 0.551412 0.135356 0.570806 0.113034 0.570806
1 0.113217 0.583431 0.135539 0.583431 0.135539 0.604655 0.113217 0.604655
1 0.060158 0.567147 0.084675 0.567147 0.084675 0.587090 0.060158 0.587090
1 0.150725 0.550864 0.172497 0.550864 0.172497 0.560561 0.150725 0.560561
1 0.149444 0.599532 0.171765 0.599532 0.171765 0.607399 0.149444 0.607399
1 0.220433 0.556718 0.243121 0.556718 0.243121 0.599715 0.220433 0.599715
1 0.257575 0.556352 0.283006 0.556352 0.283006 0.599349 0.257575 0.599349
1 0.052657 0.626427 0.073697 0.626427 0.073697 0.634294 0.052657 0.634294
1 0.052474 0.673448 0.073514 0.673448 0.073514 0.682048 0.052474 0.682048
1 0.102971 0.619292 0.124195 0.619292 0.124195 0.640515 0.102971 0.640515
1 0.102788 0.652774 0.124378 0.652774 0.124378 0.673631 0.102788 0.673631
1 0.154567 0.635941 0.178352 0.635941 0.178352 0.657897 0.154567 0.657897
1 0.244767 0.657348 0.295997 0.657348 0.295997 0.682231 0.244767 0.682231
1 0.202320 0.704369 0.210736 0.704369 0.210736 0.726325 0.202320 0.726325
1 0.154567 0.705650 0.163532 0.705650 0.163532 0.726691 0.154567 0.726691
1 0.132794 0.704735 0.141210 0.704735 0.141210 0.725959 0.132794 0.725959
1 0.085041 0.705101 0.093457 0.705101 0.093457 0.725410 0.085041 0.725410
1 0.069123 0.740962 0.089432 0.740962 0.089432 0.764381 0.069123 0.764381
1 0.085407 0.794204 0.106265 0.794204 0.106265 0.816891 0.085407 0.816891
1 0.051742 0.794387 0.073148 0.794387 0.073148 0.817257 0.051742 0.817257
1 0.100593 0.834638 0.108643 0.834638 0.108643 0.856411 0.100593 0.856411
1 0.052291 0.834090 0.061256 0.834090 0.061256 0.855679 0.052291 0.855679
1 0.248244 0.771882 0.271480 0.771882 0.271480 0.823112 0.248244 0.823112
1 0.145602 0.748097 0.189513 0.748097 0.189513 0.771333 0.145602 0.771333
1 0.145602 0.785239 0.189147 0.785239 0.189147 0.810853 0.145602 0.810853
1 0.145968 0.825124 0.189513 0.825124 0.189513 0.847812 0.145968 0.847812
1 0.059609 0.952100 0.080833 0.952100 0.080833 0.974605 0.059609 0.974605
1 0.026127 0.952283 0.047534 0.952283 0.047534 0.974788 0.026127 0.974788
1 0.042594 0.898126 0.064183 0.898126 0.064183 0.922643 0.042594 0.922643
1 0.103154 0.880745 0.125110 0.880745 0.125110 0.889161 0.103154 0.889161
1 0.103703 0.928864 0.124195 0.928864 0.124195 0.937280 0.103703 0.937280
1 0.139198 0.884038 0.180913 0.884038 0.180913 0.906909 0.139198 0.906909
1 0.139198 0.960517 0.180913 0.960517 0.180913 0.983387 0.139198 0.983387
1 0.139564 0.920997 0.180913 0.920997 0.180913 0.946246 0.139564 0.946246
1 0.239095 0.907641 0.264344 0.907641 0.264344 0.959053 0.239095 0.959053
1 0.344482 0.014600 0.353630 0.014600 0.353630 0.034543 0.344482 0.034543
1 0.298192 0.013503 0.307523 0.013503 0.307523 0.034543 0.298192 0.034543
1 0.307523 0.050644 0.329113 0.050644 0.329113 0.060524 0.307523 0.060524
1 0.343018 0.049912 0.365523 0.049912 0.365523 0.059792 0.343018 0.059792
1 0.344116 0.097117 0.364791 0.097117 0.364791 0.106265 0.344116 0.106265
1 0.308072 0.097482 0.328747 0.097482 0.328747 0.106448 0.308072 0.106448
1 0.395162 0.067660 0.407421 0.067660 0.407421 0.073514 0.395162 0.073514
1 0.395894 0.097848 0.407970 0.097848 0.407970 0.103703 0.395894 0.103703
1 0.432121 0.067477 0.444928 0.067477 0.444928 0.073697 0.432121 0.073697
1 0.432487 0.098397 0.445294 0.098397 0.445294 0.104435 0.432487 0.104435
1 0.469262 0.067477 0.482436 0.067477 0.482436 0.073148 0.469262 0.073148
1 0.469994 0.098031 0.482436 0.098031 0.482436 0.103886 0.469994 0.103886
1 0.297095 0.556718 0.320697 0.556718 0.320697 0.599715 0.297095 0.599715
1 0.309902 0.529640 0.315025 0.529640 0.315025 0.544643 0.309902 0.544643
1 0.278798 0.529823 0.284836 0.529823 0.284836 0.544826 0.278798 0.544826
1 0.348141 0.494511 0.372109 0.494511 0.372109 0.538422 0.348141 0.538422
1 0.385100 0.495060 0.411080 0.495060 0.411080 0.538239 0.385100 0.538239
1 0.425168 0.494877 0.448039 0.494877 0.448039 0.538239 0.425168 0.538239
1 0.372841 0.596604 0.423339 0.596604 0.423339 0.620755 0.372841 0.620755
1 0.468165 0.570806 0.487559 0.570806 0.487559 0.611241 0.468165 0.611241
1 0.490669 0.623866 0.499085 0.623866 0.499085 0.645455 0.490669 0.645455
1 0.442733 0.625146 0.450783 0.625146 0.450783 0.645455 0.442733 0.645455
1 0.399005 0.633197 0.408153 0.633197 0.408153 0.654603 0.399005 0.654603
1 0.351434 0.633563 0.360034 0.633563 0.360034 0.654786 0.351434 0.654786
1 0.344848 0.666679 0.366437 0.666679 0.366437 0.675461 0.344848 0.675461
1 0.383270 0.669057 0.405225 0.669057 0.405225 0.689915 0.383270 0.689915
1 0.435597 0.686073 0.459199 0.686073 0.459199 0.706931 0.435597 0.706931
1 0.383453 0.701991 0.405225 0.701991 0.405225 0.723763 0.383453 0.723763
1 0.343750 0.714249 0.367901 0.714249 0.367901 0.723214 0.343750 0.723214
1 0.487376 0.659909 0.499634 0.659909 0.499634 0.665215 0.487376 0.665215
1 0.487742 0.691013 0.500915 0.691013 0.500915 0.696319 0.487742 0.696319
1 0.302766 0.736388 0.323441 0.736388 0.323441 0.761088 0.302766 0.761088
1 0.320148 0.789996 0.339908 0.789996 0.339908 0.811951 0.320148 0.811951
1 0.285934 0.789996 0.306792 0.789996 0.306792 0.812134 0.285934 0.812134
1 0.355460 0.756879 0.378147 0.756879 0.378147 0.777737 0.355460 0.777737
1 0.406140 0.773529 0.430840 0.773529 0.430840 0.794204 0.406140 0.794204
1 0.355826 0.790179 0.377964 0.790179 0.377964 0.810853 0.355826 0.810853
1 0.462310 0.795484 0.469628 0.795484 0.469628 0.799327 0.462310 0.799327
1 0.462859 0.813781 0.470360 0.813781 0.470360 0.818172 0.462859 0.818172
1 0.381074 0.827137 0.401932 0.827137 0.401932 0.868669 0.381074 0.868669
1 0.286117 0.827503 0.303864 0.827503 0.303864 0.869584 0.286117 0.869584
1 0.282641 0.905262 0.306792 0.905262 0.306792 0.927766 0.282641 0.927766
1 0.335517 0.889344 0.357838 0.889344 0.357838 0.910202 0.335517 0.910202
1 0.335700 0.923192 0.358021 0.923192 0.358021 0.943135 0.335700 0.943135
1 0.470543 0.914227 0.483716 0.914227 0.483716 0.918984 0.470543 0.918984
1 0.470543 0.944050 0.484265 0.944050 0.484265 0.949722 0.470543 0.949722
1 0.535678 0.033080 0.556901 0.033080 0.556901 0.043326 0.535678 0.043326
1 0.502013 0.033263 0.523785 0.033263 0.523785 0.042594 0.502013 0.042594
1 0.535312 0.080467 0.556352 0.080467 0.556352 0.089066 0.535312 0.089066
1 0.502196 0.080101 0.523053 0.080101 0.523053 0.089981 0.502196 0.089981
1 0.575564 0.053937 0.588737 0.053937 0.588737 0.059792 0.575564 0.059792
1 0.611424 0.053571 0.624415 0.053571 0.624415 0.059609 0.611424 0.059609
1 0.646736 0.053388 0.660275 0.053388 0.660275 0.059426 0.646736 0.059426
1 0.682414 0.053388 0.696319 0.053388 0.696319 0.059792 0.682414 0.059792
1 0.683328 0.084309 0.695587 0.084309 0.695587 0.089798 0.683328 0.089798
1 0.647285 0.083943 0.660092 0.083943 0.660092 0.089798 0.647285 0.089798
1 0.611607 0.083577 0.624597 0.083577 0.624597 0.089798 0.611607 0.089798
1 0.576295 0.083943 0.588554 0.083943 0.588554 0.090164 0.576295 0.090164
1 0.564586 0.570624 0.583431 0.570624 0.583431 0.612522 0.564586 0.612522
1 0.600081 0.582333 0.623866 0.582333 0.623866 0.595141 0.600081 0.595141
1 0.664849 0.581967 0.684243 0.581967 0.684243 0.596421 0.664849 0.596421
1 0.607033 0.626061 0.615815 0.626061 0.615815 0.647468 0.607033 0.647468
1 0.559646 0.625146 0.567879 0.625146 0.567879 0.647468 0.559646 0.647468
1 0.543362 0.659177 0.548485 0.659177 0.548485 0.671802 0.543362 0.671802
1 0.512258 0.658811 0.518113 0.658811 0.518113 0.671619 0.512258 0.671619
1 0.586541 0.661556 0.589835 0.661556 0.589835 0.669789 0.586541 0.669789
1 0.568245 0.661373 0.572087 0.661373 0.572087 0.669606 0.568245 0.669606
1 0.592945 0.684060 0.597336 0.684060 0.597336 0.697965 0.592945 0.697965
1 0.561292 0.684060 0.566598 0.684060 0.566598 0.697782 0.561292 0.697782
1 0.537507 0.687171 0.541532 0.687171 0.541532 0.695038 0.537507 0.695038
1 0.519943 0.686439 0.523602 0.686439 0.523602 0.695038 0.519943 0.695038
1 0.633746 0.633197 0.656067 0.633197 0.656067 0.642162 0.633746 0.642162
1 0.633380 0.683145 0.655518 0.683145 0.655518 0.690830 0.633380 0.690830
1 0.645089 0.716079 0.648383 0.716079 0.648383 0.723580 0.645089 0.723580
1 0.626244 0.716079 0.630086 0.716079 0.630086 0.723580 0.626244 0.723580
1 0.634112 0.739132 0.655701 0.739132 0.655701 0.747731 0.634112 0.747731
1 0.633380 0.786702 0.655518 0.786702 0.655518 0.796216 0.633380 0.796216
1 0.685341 0.775542 0.693208 0.775542 0.693208 0.779018 0.685341 0.779018
1 0.685158 0.793838 0.693940 0.793838 0.693940 0.797680 0.685158 0.797680
1 0.504574 0.743706 0.514637 0.743706 0.514637 0.770968 0.504574 0.770968
1 0.520126 0.743523 0.530555 0.743523 0.530555 0.771150 0.520126 0.771150
1 0.536227 0.743340 0.548302 0.743340 0.548302 0.770968 0.536227 0.770968
1 0.553791 0.743340 0.563671 0.743340 0.563671 0.770968 0.553791 0.770968
1 0.595323 0.847629 0.602276 0.847629 0.602276 0.869401 0.595323 0.869401
1 0.640881 0.847629 0.650944 0.847629 0.650944 0.869584 0.640881 0.869584
1 0.625512 0.886417 0.628257 0.886417 0.628257 0.894101 0.625512 0.894101
1 0.607582 0.885868 0.611058 0.885868 0.611058 0.894101 0.607582 0.894101
1 0.553425 0.841225 0.563305 0.841225 0.563305 0.866474 0.553425 0.866474
1 0.536410 0.841408 0.547387 0.841408 0.547387 0.866657 0.536410 0.866657
1 0.519943 0.841225 0.531287 0.841225 0.531287 0.866291 0.519943 0.866291
1 0.503110 0.840310 0.514637 0.840310 0.514637 0.866291 0.503110 0.866291
1 0.521041 0.915325 0.524517 0.915325 0.524517 0.923192 0.521041 0.923192
1 0.503476 0.914959 0.506587 0.914959 0.506587 0.922826 0.503476 0.922826
1 0.526530 0.938012 0.532384 0.938012 0.532384 0.951369 0.526530 0.951369
1 0.495975 0.937829 0.501281 0.937829 0.501281 0.951003 0.495975 0.951003
1 0.570075 0.940574 0.573368 0.940574 0.573368 0.948075 0.570075 0.948075
1 0.551961 0.940391 0.555621 0.940391 0.555621 0.948258 0.551961 0.948258
1 0.575381 0.911666 0.580686 0.911666 0.580686 0.926120 0.575381 0.926120
1 0.544643 0.912215 0.549766 0.912215 0.549766 0.925205 0.544643 0.925205
1 0.617096 0.918984 0.639052 0.918984 0.639052 0.927949 0.617096 0.927949
1 0.617828 0.968384 0.638503 0.968384 0.638503 0.976069 0.617828 0.976069
1 0.589835 0.963261 0.599349 0.963261 0.599349 0.984485 0.589835 0.984485
1 0.542996 0.963810 0.551230 0.963810 0.551230 0.983753 0.542996 0.983753
1 0.704735 0.575381 0.718457 0.575381 0.718457 0.598617 0.704735 0.598617
1 0.705833 0.637588 0.717359 0.637588 0.717359 0.660641 0.705833 0.660641
1 0.744438 0.582150 0.756513 0.582150 0.756513 0.588188 0.744438 0.588188
1 0.743523 0.611973 0.756696 0.611973 0.756696 0.618377 0.743523 0.618377
1 0.830064 0.642345 0.838847 0.642345 0.838847 0.663203 0.830064 0.663203
1 0.783043 0.642345 0.791276 0.642345 0.791276 0.663386 0.783043 0.663386
1 0.931609 0.587822 0.952100 0.587822 0.952100 0.597336 0.931609 0.597336
1 0.967286 0.587639 0.987595 0.587639 0.987595 0.597153 0.967286 0.597153
1 0.966554 0.635575 0.988510 0.635575 0.988510 0.643626 0.966554 0.643626
1 0.931426 0.635209 0.952283 0.635209 0.952283 0.643443 0.931426 0.643443
1 0.857143 0.650395 0.879098 0.650395 0.879098 0.659177 0.857143 0.659177
1 0.857692 0.699612 0.878184 0.699612 0.878184 0.707480 0.857692 0.707480
1 0.809573 0.678206 0.813232 0.678206 0.813232 0.686073 0.809573 0.686073
1 0.792374 0.677840 0.795667 0.677840 0.795667 0.684975 0.792374 0.684975
1 0.766942 0.674729 0.772065 0.674729 0.772065 0.688268 0.766942 0.688268
1 0.735656 0.675095 0.741876 0.675095 0.741876 0.688085 0.735656 0.688085
1 0.711139 0.676376 0.724129 0.676376 0.724129 0.681682 0.711139 0.681682
1 0.710773 0.706931 0.724129 0.706931 0.724129 0.713334 0.710773 0.713334
1 0.761088 0.704003 0.764564 0.704003 0.764564 0.712237 0.761088 0.712237
1 0.742974 0.703637 0.746633 0.703637 0.746633 0.711322 0.742974 0.711322
1 0.784507 0.700527 0.790179 0.700527 0.790179 0.714615 0.784507 0.714615
1 0.815610 0.700893 0.821099 0.700893 0.821099 0.714981 0.815610 0.714981
1 0.868304 0.733094 0.871414 0.733094 0.871414 0.740230 0.868304 0.740230
1 0.850190 0.732728 0.853667 0.732728 0.853667 0.740047 0.850190 0.740047
1 0.857509 0.756331 0.878915 0.756331 0.878915 0.765845 0.857509 0.765845
1 0.857143 0.804999 0.878367 0.804999 0.878367 0.812317 0.857143 0.812317
1 0.871597 0.834273 0.881660 0.834273 0.881660 0.856228 0.871597 0.856228
1 0.824941 0.834638 0.832809 0.834638 0.832809 0.855862 0.824941 0.855862
1 0.776639 0.734558 0.786885 0.734558 0.786885 0.764015 0.776639 0.764015
1 0.759624 0.734375 0.771516 0.734375 0.771516 0.763832 0.759624 0.763832
1 0.727422 0.734558 0.738400 0.734558 0.738400 0.763832 0.727422 0.763832
1 0.743706 0.734558 0.753586 0.734558 0.753586 0.764198 0.743706 0.764198
1 0.743523 0.831528 0.754135 0.831528 0.754135 0.857692 0.743523 0.857692
1 0.758892 0.831528 0.771516 0.831528 0.771516 0.857692 0.758892 0.857692
1 0.776822 0.831528 0.787068 0.831528 0.787068 0.858058 0.776822 0.858058
1 0.727056 0.831345 0.737302 0.831345 0.737302 0.857875 0.727056 0.857875
1 0.848361 0.875439 0.852203 0.875439 0.852203 0.883855 0.848361 0.883855
1 0.830796 0.875439 0.834090 0.875439 0.834090 0.883306 0.830796 0.883306
1 0.838481 0.908189 0.859521 0.908189 0.859521 0.917338 0.838481 0.917338
1 0.838115 0.957772 0.859155 0.957772 0.859155 0.965640 0.838115 0.965640
1 0.793472 0.913129 0.796948 0.913129 0.796948 0.920814 0.793472 0.920814
1 0.798229 0.885136 0.804084 0.885136 0.804084 0.898126 0.798229 0.898126
1 0.768223 0.884953 0.773346 0.884953 0.773346 0.897944 0.768223 0.897944
1 0.744621 0.887515 0.748097 0.887515 0.748097 0.895748 0.744621 0.895748
1 0.726691 0.886783 0.730167 0.886783 0.730167 0.895565 0.726691 0.895565
1 0.693757 0.886417 0.706748 0.886417 0.706748 0.891906 0.693757 0.891906
1 0.693757 0.916789 0.706931 0.916789 0.706931 0.922643 0.693757 0.922643
1 0.750293 0.910568 0.755599 0.910568 0.755599 0.923741 0.750293 0.923741
1 0.719189 0.910751 0.724861 0.910751 0.724861 0.923558 0.719189 0.923558
1 0.764930 0.942586 0.774444 0.942586 0.774444 0.963444 0.764930 0.963444
1 0.717359 0.942586 0.725776 0.942586 0.725776 0.962712 0.717359 0.962712
1 0.156869 0.000000 0.166830 0.000000 0.166830 0.022747 0.156869 0.022747
1 0.204897 0.000000 0.214858 0.000000 0.214858 0.022747 0.204897 0.022747
1 0.467428 0.012889 0.480644 0.012889 0.480644 0.035241 0.467428 0.035241
1 0.503648 0.008973 0.522247 0.008973 0.522247 0.017620 0.503648 0.017620
1 0.536115 0.009789 0.557488 0.009789 0.557488 0.017947 0.536115 0.017947
1 0.378022 0.012889 0.390258 0.012889 0.390258 0.032957 0.378022 0.032957
1 0.421583 0.013378 0.436267 0.013378 0.436267 0.033935 0.421583 0.033935
1 0.103275 0.948562 0.124811 0.948562 0.124811 0.957535 0.103275 0.957535
0 0.102948 0.958840 0.123832 0.958840 0.123832 0.997670 0.102948 0.997670
