0 0.060189 0.160468 0.096704 0.160468 0.096704 0.178998 0.060189 0.178998
0 0.060189 0.196438 0.096704 0.196438 0.096704 0.215240 0.060189 0.215240
0 0.123409 0.153111 0.151748 0.153111 0.151748 0.192895 0.123409 0.192895
0 0.167826 0.153383 0.196165 0.153383 0.196165 0.193985 0.167826 0.193985
0 0.212515 0.152566 0.241400 0.152566 0.241400 0.193713 0.212515 0.193713
0 0.255570 0.153111 0.274917 0.153111 0.274917 0.189898 0.255570 0.189898
0 0.288815 0.153656 0.307617 0.153656 0.307617 0.190443 0.288815 0.190443
0 0.062097 0.242490 0.080627 0.242490 0.080627 0.278732 0.062097 0.278732
0 0.096976 0.241945 0.116596 0.241945 0.116596 0.278187 0.096976 0.278187
0 0.147933 0.255842 0.159651 0.255842 0.159651 0.278187 0.147933 0.278187
0 0.185538 0.255842 0.196983 0.255842 0.196983 0.279005 0.185538 0.279005
0 0.222053 0.255025 0.234043 0.255025 0.234043 0.278732 0.222053 0.278732
0 0.255570 0.224505 0.274100 0.224505 0.274100 0.261565 0.255570 0.261565
0 0.289360 0.225050 0.307617 0.225050 0.307617 0.261565 0.289360 0.261565
0 0.329417 0.241400 0.340044 0.241400 0.340044 0.265107 0.329417 0.265107
0 0.365114 0.240855 0.376559 0.240855 0.376559 0.264835 0.365114 0.264835
0 0.400811 0.241127 0.412528 0.241127 0.412528 0.265107 0.400811 0.265107
0 0.436508 0.241672 0.447953 0.241672 0.447953 0.265107 0.436508 0.265107
0 0.037844 0.712548 0.062097 0.712548 0.062097 0.725355 0.037844 0.725355
0 0.099156 0.719905 0.203523 0.719905 0.203523 0.777675 0.099156 0.777675
0 0.240037 0.754240 0.317427 0.754240 0.317427 0.791300 0.240037 0.791300
0 0.377104 0.756420 0.417706 0.756420 0.417706 0.784760 0.377104 0.784760
0 0.112781 0.815552 0.151476 0.815552 0.151476 0.835444 0.112781 0.835444
0 0.203795 0.806287 0.242762 0.806287 0.242762 0.826452 0.203795 0.826452
0 0.320697 0.807105 0.359391 0.807105 0.359391 0.828632 0.320697 0.828632
0 0.386641 0.823999 0.406806 0.823999 0.406806 0.863784 0.386641 0.863784
0 0.324784 0.843347 0.339227 0.843347 0.339227 0.850704 0.324784 0.850704
0 0.271102 0.840349 0.295627 0.840349 0.295627 0.852884 0.271102 0.852884
0 0.240582 0.846617 0.252572 0.846617 0.252572 0.871414 0.240582 0.871414
0 0.276280 0.869506 0.289905 0.869506 0.289905 0.876319 0.276280 0.876319
0 0.319879 0.866509 0.344404 0.866509 0.344404 0.878226 0.319879 0.878226
0 0.383099 0.897301 0.396996 0.897301 0.396996 0.904114 0.383099 0.904114
0 0.386096 0.929183 0.407351 0.929183 0.407351 0.967606 0.386096 0.967606
0 0.097521 0.856972 0.119321 0.856972 0.119321 0.895939 0.097521 0.895939
0 0.158561 0.855064 0.187446 0.855064 0.187446 0.899481 0.158561 0.899481
0 0.131039 0.941173 0.158833 0.941173 0.158833 0.989405 0.131039 0.989405
0 0.043294 0.943353 0.089619 0.943353 0.089619 0.970875 0.043294 0.970875
0 0.215240 0.980685 0.222598 0.980685 0.222598 0.994855 0.215240 0.994855
0 0.609271 0.947441 0.630254 0.947441 0.630254 0.986408 0.609271 0.986408
0 0.606274 0.915014 0.620444 0.915014 0.620444 0.921281 0.606274 0.921281
0 0.609816 0.840622 0.630799 0.840622 0.630799 0.880951 0.609816 0.880951
0 0.544417 0.824272 0.582294 0.824272 0.582294 0.844709 0.544417 0.844709
0 0.494823 0.856699 0.519347 0.856699 0.519347 0.869506 0.494823 0.869506
0 0.548505 0.859969 0.561857 0.859969 0.561857 0.866509 0.548505 0.866509
0 0.543600 0.883131 0.567579 0.883131 0.567579 0.895121 0.543600 0.895121
0 0.499455 0.886129 0.512807 0.886129 0.512807 0.892941 0.499455 0.892941
0 0.463485 0.863239 0.476565 0.863239 0.476565 0.888309 0.463485 0.888309
0 0.438143 0.960793 0.445228 0.960793 0.445228 0.974963 0.438143 0.974963
0 0.497275 0.770317 0.508992 0.770317 0.508992 0.792662 0.497275 0.792662
0 0.448498 0.780672 0.478473 0.780672 0.478473 0.818549 0.448498 0.818549
0 0.685298 0.778492 0.703828 0.778492 0.703828 0.816097 0.685298 0.816097
0 0.719633 0.779037 0.738980 0.779037 0.738980 0.816642 0.719633 0.816642
0 0.901934 0.846072 0.940628 0.846072 0.940628 0.867871 0.901934 0.867871
1 0.062487 0.712190 0.067914 0.712190 0.067914 0.725214 0.062487 0.725214
1 0.031662 0.711973 0.037306 0.711973 0.037306 0.724997 0.031662 0.724997
1 0.100692 0.676373 0.123702 0.676373 0.123702 0.719353 0.100692 0.719353
1 0.137812 0.676590 0.163861 0.676590 0.163861 0.719571 0.137812 0.719571
1 0.177536 0.676590 0.200329 0.676590 0.200329 0.719571 0.177536 0.719571
1 0.125221 0.777963 0.176234 0.777963 0.176234 0.801625 0.125221 0.801625
1 0.221168 0.752132 0.239620 0.752132 0.239620 0.793376 0.221168 0.793376
1 0.317549 0.752349 0.335783 0.752349 0.335783 0.792942 0.317549 0.792942
1 0.243310 0.805966 0.251559 0.805966 0.251559 0.826371 0.243310 0.826371
1 0.195988 0.805749 0.203368 0.805749 0.203368 0.825937 0.195988 0.825937
1 0.151704 0.814649 0.160387 0.814649 0.160387 0.836574 0.151704 0.836574
1 0.103948 0.813781 0.112414 0.813781 0.112414 0.836139 0.103948 0.836139
1 0.055975 0.917759 0.075946 0.917759 0.075946 0.943157 0.055975 0.943157
1 0.072472 0.971160 0.092660 0.971160 0.092660 0.993084 0.072472 0.993084
1 0.039477 0.971160 0.059231 0.971160 0.059231 0.993518 0.039477 0.993518
1 0.108073 0.937730 0.130431 0.937730 0.130431 0.958352 0.108073 0.958352
1 0.108290 0.971377 0.130648 0.971377 0.130648 0.992433 0.108290 0.992433
1 0.159085 0.954879 0.183614 0.954879 0.183614 0.975718 0.159085 0.975718
1 0.214656 0.976803 0.222688 0.976803 0.222688 0.980494 0.214656 0.980494
1 0.097653 0.847861 0.119360 0.847861 0.119360 0.856327 0.097653 0.856327
1 0.097219 0.896052 0.119360 0.896052 0.119360 0.904518 0.097219 0.904518
1 0.136292 0.849815 0.158434 0.849815 0.158434 0.871305 0.136292 0.871305
1 0.135858 0.883679 0.158217 0.883679 0.158217 0.904735 0.135858 0.904735
1 0.188173 0.866964 0.211834 0.866964 0.211834 0.888454 0.188173 0.888454
1 0.352932 0.763854 0.376376 0.763854 0.376376 0.776010 0.352932 0.776010
1 0.417837 0.763202 0.437374 0.763202 0.437374 0.777095 0.417837 0.777095
1 0.457996 0.757341 0.470804 0.757341 0.470804 0.780351 0.457996 0.780351
1 0.457996 0.818773 0.470369 0.818773 0.470369 0.842000 0.457996 0.842000
1 0.386145 0.815300 0.408069 0.815300 0.408069 0.823549 0.386145 0.823549
1 0.312122 0.806400 0.320154 0.806400 0.320154 0.828108 0.312122 0.828108
1 0.359879 0.806834 0.368779 0.806834 0.368779 0.828542 0.359879 0.828542
1 0.386579 0.864359 0.407635 0.864359 0.407635 0.873042 0.386579 0.873042
1 0.463206 0.857630 0.475579 0.857630 0.475579 0.862840 0.463206 0.862840
1 0.463423 0.888888 0.477099 0.888888 0.477099 0.894749 0.463423 0.894749
1 0.345118 0.865227 0.350327 0.865227 0.350327 0.878686 0.345118 0.878686
1 0.339908 0.841566 0.342730 0.841566 0.342730 0.851117 0.339908 0.851117
1 0.320588 0.841783 0.324278 0.841783 0.324278 0.850249 0.320588 0.850249
1 0.295842 0.839395 0.301703 0.839395 0.301703 0.853939 0.295842 0.853939
1 0.265017 0.839395 0.270444 0.839395 0.270444 0.853505 0.265017 0.853505
1 0.240705 0.841349 0.252210 0.841349 0.252210 0.846125 0.240705 0.846125
1 0.239837 0.871957 0.252861 0.871957 0.252861 0.878252 0.239837 0.878252
1 0.290415 0.868049 0.293671 0.868049 0.293671 0.876949 0.290415 0.876949
1 0.272181 0.868049 0.275437 0.868049 0.275437 0.876081 0.272181 0.876081
1 0.397867 0.896703 0.400689 0.896703 0.400689 0.904952 0.397867 0.904952
1 0.378764 0.896052 0.382237 0.896052 0.382237 0.904952 0.378764 0.904952
1 0.386362 0.920147 0.408720 0.920147 0.408720 0.928830 0.386362 0.928830
1 0.385710 0.967903 0.407201 0.967903 0.407201 0.977021 0.385710 0.977021
1 0.437591 0.956833 0.445623 0.956833 0.445623 0.960523 0.437591 0.960523
1 0.438242 0.975284 0.446491 0.975284 0.446491 0.979191 0.438242 0.979191
1 0.621019 0.914069 0.624058 0.914069 0.624058 0.922318 0.621019 0.922318
1 0.602350 0.913635 0.605607 0.913635 0.605607 0.921884 0.602350 0.921884
1 0.609731 0.936645 0.631221 0.936645 0.631221 0.946413 0.609731 0.946413
1 0.609080 0.987006 0.631655 0.987006 0.631655 0.993735 0.609080 0.993735
1 0.568053 0.881942 0.573697 0.881942 0.573697 0.896052 0.568053 0.896052
1 0.536794 0.880857 0.542872 0.880857 0.542872 0.895835 0.536794 0.895835
1 0.609731 0.881074 0.631655 0.881074 0.631655 0.889105 0.609731 0.889105
1 0.609948 0.831364 0.631655 0.831364 0.631655 0.840047 0.609948 0.840047
1 0.582814 0.823332 0.592148 0.823332 0.592148 0.845039 0.582814 0.845039
1 0.535057 0.823766 0.543958 0.823766 0.543958 0.845474 0.535057 0.845474
1 0.562192 0.859149 0.565882 0.859149 0.565882 0.868049 0.562192 0.868049
1 0.544609 0.858932 0.547648 0.858932 0.547648 0.866747 0.544609 0.866747
1 0.519645 0.855676 0.525072 0.855676 0.525072 0.870654 0.519645 0.870654
1 0.488387 0.855893 0.494030 0.855893 0.494030 0.869786 0.488387 0.869786
1 0.513350 0.885632 0.517040 0.885632 0.517040 0.893447 0.513350 0.893447
1 0.495767 0.884547 0.499023 0.884547 0.499023 0.893230 0.495767 0.893230
1 0.497069 0.763420 0.509009 0.763420 0.509009 0.769498 0.497069 0.769498
1 0.496418 0.793376 0.509443 0.793376 0.509443 0.799888 0.496418 0.799888
1 0.683319 0.769063 0.705027 0.769063 0.705027 0.777963 0.683319 0.777963
1 0.684622 0.816386 0.704375 0.816386 0.704375 0.825069 0.684622 0.825069
1 0.720005 0.768412 0.740627 0.768412 0.740627 0.778181 0.720005 0.778181
1 0.719571 0.817254 0.741061 0.817254 0.741061 0.825286 0.719571 0.825286
1 0.097782 0.158286 0.106615 0.158286 0.106615 0.179926 0.097782 0.179926
1 0.050748 0.156740 0.059360 0.156740 0.059360 0.180368 0.050748 0.180368
1 0.097561 0.195604 0.106836 0.195604 0.106836 0.215919 0.097561 0.215919
1 0.049865 0.194279 0.059139 0.194279 0.059139 0.217465 0.049865 0.217465
1 0.059581 0.231818 0.081662 0.231818 0.081662 0.241313 0.059581 0.241313
1 0.095353 0.230935 0.118539 0.230935 0.118539 0.241534 0.095353 0.241534
1 0.095574 0.278631 0.117435 0.278631 0.117435 0.287243 0.095574 0.287243
1 0.060243 0.279294 0.081221 0.279294 0.081221 0.288347 0.060243 0.288347
1 0.130463 0.131125 0.143933 0.131125 0.143933 0.152545 0.130463 0.152545
1 0.174847 0.130905 0.188317 0.130905 0.188317 0.152766 0.174847 0.152766
1 0.219673 0.130905 0.232701 0.130905 0.232701 0.152103 0.219673 0.152103
1 0.218348 0.194058 0.233143 0.194058 0.233143 0.216361 0.218348 0.216361
1 0.172860 0.194058 0.188538 0.194058 0.188538 0.216802 0.172860 0.216802
1 0.129359 0.193396 0.143933 0.193396 0.143933 0.215698 0.129359 0.215698
1 0.254783 0.143270 0.275319 0.143270 0.275319 0.152545 0.254783 0.152545
1 0.287243 0.143491 0.309545 0.143491 0.309545 0.152986 0.287243 0.152986
1 0.287905 0.191188 0.309325 0.191188 0.309325 0.199137 0.287905 0.199137
1 0.254783 0.190746 0.275981 0.190746 0.275981 0.199579 0.254783 0.199579
1 0.255225 0.214594 0.276865 0.214594 0.276865 0.223648 0.255225 0.223648
1 0.287464 0.214373 0.309766 0.214373 0.309766 0.224531 0.287464 0.224531
1 0.288347 0.261849 0.309545 0.261849 0.309545 0.271123 0.288347 0.271123
1 0.254341 0.262070 0.276202 0.262070 0.276202 0.271786 0.254341 0.271786
1 0.221660 0.248600 0.234247 0.248600 0.234247 0.254120 0.221660 0.254120
1 0.222323 0.279294 0.234909 0.279294 0.234909 0.285256 0.222323 0.285256
1 0.184342 0.249042 0.197371 0.249042 0.197371 0.255445 0.184342 0.255445
1 0.185226 0.279735 0.197812 0.279735 0.197812 0.285697 0.185226 0.285697
1 0.147245 0.249042 0.161157 0.249042 0.161157 0.255225 0.147245 0.255225
1 0.147466 0.278852 0.160936 0.278852 0.160936 0.285035 0.147466 0.285035
1 0.328094 0.235351 0.341122 0.235351 0.341122 0.241092 0.328094 0.241092
1 0.363866 0.234909 0.377557 0.234909 0.377557 0.240430 0.363866 0.240430
1 0.399197 0.235130 0.413550 0.235130 0.413550 0.240651 0.399197 0.240651
1 0.434969 0.234689 0.448439 0.234689 0.448439 0.240871 0.434969 0.240871
1 0.436074 0.265824 0.448660 0.265824 0.448660 0.271344 0.436074 0.271344
1 0.400301 0.266045 0.412667 0.266045 0.412667 0.271565 0.400301 0.271565
1 0.364087 0.265161 0.377336 0.265161 0.377336 0.271565 0.364087 0.271565
1 0.328315 0.266045 0.340901 0.266045 0.340901 0.271786 0.328315 0.271786
1 0.940861 0.846351 0.949914 0.846351 0.949914 0.867550 0.940861 0.867550
1 0.893385 0.846572 0.901555 0.846572 0.901555 0.867550 0.893385 0.867550
1 0.009134 0.736871 0.036139 0.736871 0.036139 0.779761 0.009134 0.779761
1 0.050237 0.738459 0.072873 0.738459 0.072873 0.780754 0.050237 0.780754
1 0.256390 0.924195 0.267073 0.924195 0.267073 0.951995 0.256390 0.951995
1 0.272293 0.924923 0.283826 0.924923 0.283826 0.952359 0.272293 0.952359
1 0.290017 0.925045 0.300579 0.925045 0.300579 0.953087 0.290017 0.953087
1 0.305556 0.925409 0.316603 0.925409 0.316603 0.952845 0.305556 0.952845
1 0.478911 0.916061 0.491051 0.916061 0.491051 0.943254 0.478911 0.943254
1 0.496149 0.916183 0.507318 0.916183 0.507318 0.944347 0.496149 0.944347
1 0.513023 0.916061 0.524435 0.916061 0.524435 0.945197 0.513023 0.945197
1 0.529776 0.915819 0.540823 0.915819 0.540823 0.944347 0.529776 0.944347
