0 0.465536 0.794439 0.620147 0.794439 0.620147 0.940196 0.465536 0.940196
0 0.536102 0.672877 0.614052 0.672877 0.614052 0.735493 0.536102 0.735493
0 0.124317 0.563183 0.381241 0.563183 0.381241 0.818399 0.124317 0.818399
0 0.684571 0.459583 0.714608 0.459583 0.714608 0.505963 0.684571 0.505963
0 0.669571 0.756110 0.736086 0.756110 0.736086 0.868927 0.669571 0.868927
0 0.099399 0.389596 0.163619 0.389596 0.163619 0.502882 0.099399 0.502882
0 0.767749 0.684141 0.937160 0.684141 0.937160 0.854141 0.767749 0.854141
0 0.061294 0.584122 0.100545 0.584122 0.100545 0.660542 0.061294 0.660542
0 0.006498 0.579293 0.044460 0.579293 0.044460 0.656529 0.006498 0.656529
0 0.013673 0.387882 0.078001 0.387882 0.078001 0.499356 0.013673 0.499356
0 0.730156 0.482312 0.741665 0.482312 0.741665 0.504310 0.730156 0.504310
1 0.744131 0.753992 0.767095 0.753992 0.767095 0.785860 0.744131 0.785860
0 0.474331 0.075593 0.486922 0.075593 0.486922 0.099450 0.474331 0.099450
1 0.936760 0.753155 0.959258 0.753155 0.959258 0.786209 0.936760 0.786209
1 0.683977 0.506471 0.715299 0.506471 0.715299 0.522105 0.683977 0.522105
1 0.024692 0.500159 0.067825 0.500159 0.067825 0.519726 0.024692 0.519726
1 0.680170 0.736217 0.722558 0.736217 0.722558 0.755651 0.680170 0.755651
1 0.006022 0.558936 0.045693 0.558936 0.045693 0.578097 0.006022 0.578097
0 0.036338 0.034003 0.048302 0.034003 0.048302 0.058189 0.036338 0.058189
1 0.060887 0.661126 0.100654 0.661126 0.100654 0.679930 0.060887 0.679930
1 0.109363 0.369776 0.151304 0.369776 0.151304 0.389725 0.109363 0.389725
1 0.061394 0.564110 0.101234 0.564110 0.101234 0.583197 0.061394 0.583197
1 0.006287 0.656706 0.046103 0.656706 0.046103 0.674612 0.006287 0.674612
1 0.023640 0.368567 0.067860 0.368567 0.067860 0.386351 0.023640 0.386351
0 0.409656 0.047027 0.433870 0.047027 0.433870 0.059641 0.409656 0.059641
0 0.096893 0.049168 0.108790 0.049168 0.108790 0.073642 0.096893 0.073642
1 0.683818 0.444927 0.715979 0.444927 0.715979 0.459035 0.683818 0.459035
0 0.119151 0.194968 0.130571 0.194968 0.130571 0.218317 0.119151 0.218317
1 0.680606 0.869543 0.723143 0.869543 0.723143 0.886755 0.680606 0.886755
1 0.520355 0.670110 0.535657 0.670110 0.535657 0.739572 0.520355 0.739572
1 0.108109 0.504223 0.152957 0.504223 0.152957 0.521308 0.108109 0.521308
1 0.211386 0.818598 0.293871 0.818598 0.293871 0.833314 0.211386 0.833314
1 0.729898 0.476520 0.741840 0.476520 0.741840 0.481653 0.729898 0.481653
1 0.615274 0.669906 0.630919 0.669906 0.630919 0.739615 0.615274 0.739615
1 0.474412 0.070173 0.487099 0.070173 0.487099 0.074909 0.474412 0.074909
1 0.474434 0.099912 0.487116 0.099912 0.487116 0.104499 0.474434 0.104499
1 0.210213 0.548371 0.293262 0.548371 0.293262 0.562307 0.210213 0.562307
1 0.119281 0.218757 0.131009 0.218757 0.131009 0.223930 0.119281 0.223930
1 0.118838 0.190250 0.130621 0.190250 0.130621 0.194502 0.118838 0.194502
1 0.096045 0.073797 0.109049 0.073797 0.109049 0.078710 0.096045 0.078710
1 0.035951 0.058278 0.048844 0.058278 0.048844 0.063546 0.035951 0.063546
1 0.097227 0.043581 0.109793 0.043581 0.109793 0.048697 0.097227 0.048697
1 0.034919 0.029118 0.050135 0.029118 0.050135 0.033825 0.034919 0.033825
1 0.404764 0.046008 0.409455 0.046008 0.409455 0.060379 0.404764 0.060379
1 0.434474 0.046157 0.439165 0.046157 0.439165 0.060454 0.434474 0.060454
1 0.456598 0.799121 0.465335 0.799121 0.465335 0.828012 0.456598 0.828012
1 0.456896 0.834862 0.465037 0.834862 0.465037 0.899197 0.456896 0.899197
1 0.456796 0.906544 0.465037 0.906544 0.465037 0.935534 0.456796 0.935534
1 0.620512 0.907040 0.631235 0.907040 0.631235 0.935038 0.620512 0.935038
1 0.620910 0.835160 0.632526 0.835160 0.632526 0.899495 0.620910 0.899495
1 0.620612 0.799220 0.631632 0.799220 0.631632 0.827615 0.620612 0.827615
1 0.730403 0.504999 0.742346 0.504999 0.742346 0.510132 0.730403 0.510132
1 0.027325 0.006274 0.041701 0.006274 0.041701 0.011580 0.027325 0.011580
1 0.001710 0.008727 0.015687 0.008727 0.015687 0.014033 0.001710 0.014033
1 0.143569 0.924345 0.165073 0.924345 0.165073 0.945849 0.143569 0.945849
1 0.086964 0.866791 0.165705 0.866791 0.165705 0.890192 0.086964 0.890192
1 0.093288 0.749469 0.110681 0.749469 0.110681 0.795639 0.093288 0.795639
