0 0.018757 0.068172 0.032271 0.068172 0.032271 0.092980 0.018757 0.092980
0 0.048406 0.067768 0.061314 0.067768 0.061314 0.092576 0.048406 0.092576
0 0.075231 0.067768 0.088946 0.067768 0.088946 0.092778 0.075231 0.092778
0 0.104879 0.067970 0.118191 0.067970 0.118191 0.092980 0.104879 0.092980
0 0.146629 0.076643 0.198262 0.076643 0.198262 0.100039 0.146629 0.100039
0 0.222465 0.076441 0.274098 0.076441 0.274098 0.100039 0.222465 0.100039
0 0.280754 0.129889 0.294065 0.129889 0.294065 0.154899 0.280754 0.154899
0 0.301931 0.080475 0.315243 0.080475 0.315243 0.105484 0.301931 0.105484
0 0.352556 0.068978 0.365867 0.068978 0.365867 0.093988 0.352556 0.093988
0 0.336824 0.129284 0.350136 0.129284 0.350136 0.154294 0.336824 0.154294
0 0.366876 0.129687 0.380187 0.129687 0.380187 0.154697 0.366876 0.154697
0 0.453401 0.120410 0.467116 0.120410 0.467116 0.127469 0.453401 0.127469
0 0.815399 0.771770 0.853399 0.771770 0.853399 0.788940 0.815399 0.788940
0 0.835384 0.804984 0.882673 0.804984 0.882673 0.833977 0.835384 0.833977
0 0.959799 0.867755 0.971340 0.867755 0.971340 0.891118 0.959799 0.891118
0 0.848614 0.857621 0.905192 0.857621 0.905192 0.954451 0.848614 0.954451
0 0.917295 0.983725 0.941784 0.983725 0.941784 0.996110 0.917295 0.996110
0 0.839044 0.979503 0.853118 0.979503 0.853118 0.986540 0.839044 0.986540
0 0.673533 0.860718 0.696896 0.860718 0.696896 0.872258 0.673533 0.872258
0 0.572200 0.806392 0.610763 0.806392 0.610763 0.825251 0.572200 0.825251
0 0.575015 0.839888 0.622303 0.839888 0.622303 0.869725 0.575015 0.869725
0 0.604570 0.893369 0.660585 0.893369 0.660585 0.989917 0.604570 0.989917
0 0.489726 0.495356 0.515059 0.495356 0.515059 0.508022 0.489726 0.508022
0 0.438215 0.862970 0.452289 0.862970 0.452289 0.870288 0.438215 0.870288
0 0.360245 0.890836 0.417104 0.890836 0.417104 0.989354 0.360245 0.989354
0 0.328156 0.841858 0.375445 0.841858 0.375445 0.871414 0.328156 0.871414
1 0.018970 0.062063 0.032531 0.062063 0.032531 0.067789 0.018970 0.067789
1 0.018970 0.093253 0.032681 0.093253 0.032681 0.099129 0.018970 0.099129
1 0.048352 0.061762 0.061912 0.061762 0.061912 0.067487 0.048352 0.067487
1 0.047900 0.092801 0.061460 0.092801 0.061460 0.098526 0.047900 0.098526
1 0.075473 0.093253 0.089034 0.093253 0.089034 0.098978 0.075473 0.098978
1 0.075021 0.061762 0.088582 0.061762 0.088582 0.067487 0.075021 0.067487
1 0.104704 0.061762 0.118416 0.061762 0.118416 0.067789 0.104704 0.067789
1 0.104553 0.093403 0.118566 0.093403 0.118566 0.099129 0.104553 0.099129
1 0.143428 0.066734 0.157440 0.066734 0.157440 0.080897 0.143428 0.080897
1 0.143729 0.096116 0.156988 0.096116 0.156988 0.109978 0.143729 0.109978
1 0.161961 0.100033 0.169946 0.100033 0.169946 0.109978 0.161961 0.109978
1 0.161961 0.066583 0.169946 0.066583 0.169946 0.076528 0.161961 0.076528
1 0.174615 0.066583 0.182601 0.066583 0.182601 0.076528 0.174615 0.076528
1 0.174615 0.100126 0.182601 0.100126 0.182601 0.110071 0.174615 0.110071
1 0.187335 0.094302 0.200649 0.094302 0.200649 0.109978 0.187335 0.109978
1 0.187110 0.067191 0.200573 0.067191 0.200573 0.081571 0.187110 0.081571
1 0.219897 0.066609 0.233910 0.066609 0.233910 0.080772 0.219897 0.080772
1 0.220198 0.095991 0.233458 0.095991 0.233458 0.109853 0.220198 0.109853
1 0.238430 0.100098 0.246416 0.100098 0.246416 0.110043 0.238430 0.110043
1 0.238430 0.066458 0.246416 0.066458 0.246416 0.076403 0.238430 0.076403
1 0.251085 0.066458 0.259071 0.066458 0.259071 0.076403 0.251085 0.076403
1 0.251275 0.100065 0.259261 0.100065 0.259261 0.110009 0.251275 0.110009
1 0.264121 0.094367 0.277435 0.094367 0.277435 0.110043 0.264121 0.110043
1 0.263579 0.067066 0.277042 0.067066 0.277042 0.081446 0.263579 0.081446
1 0.280744 0.123708 0.293696 0.123708 0.293696 0.129675 0.280744 0.129675
1 0.302138 0.074079 0.315091 0.074079 0.315091 0.080046 0.302138 0.080046
1 0.301847 0.105515 0.315091 0.105515 0.315091 0.111191 0.301847 0.111191
1 0.280744 0.154998 0.293988 0.154998 0.293988 0.160674 0.280744 0.160674
1 0.337212 0.154707 0.350456 0.154707 0.350456 0.160383 0.337212 0.160383
1 0.336339 0.123417 0.349583 0.123417 0.349583 0.129093 0.336339 0.129093
1 0.352785 0.094309 0.365738 0.094309 0.365738 0.099112 0.352785 0.099112
1 0.352494 0.062582 0.365447 0.062582 0.365447 0.068694 0.352494 0.068694
1 0.367048 0.123417 0.380001 0.123417 0.380001 0.129529 0.367048 0.129529
1 0.367775 0.155144 0.380874 0.155144 0.380874 0.160674 0.367775 0.160674
1 0.467261 0.119844 0.470868 0.119844 0.470868 0.127889 0.467261 0.127889
1 0.449414 0.119474 0.453298 0.119474 0.453298 0.128074 0.449414 0.128074
1 0.515193 0.494984 0.520128 0.494984 0.520128 0.508065 0.515193 0.508065
1 0.484017 0.495219 0.489657 0.495219 0.489657 0.508300 0.484017 0.508300
1 0.375816 0.840114 0.390419 0.840114 0.390419 0.871474 0.375816 0.871474
1 0.313455 0.839755 0.327938 0.839755 0.327938 0.871953 0.313455 0.871953
1 0.434228 0.862497 0.437938 0.862497 0.437938 0.870875 0.434228 0.870875
1 0.452541 0.862377 0.455773 0.862377 0.455773 0.870756 0.452541 0.870756
1 0.417231 0.894455 0.456132 0.894455 0.456132 0.912769 0.417231 0.912769
1 0.319919 0.894455 0.359897 0.894455 0.359897 0.912769 0.319919 0.912769
1 0.417111 0.932638 0.456132 0.932638 0.456132 0.952029 0.417111 0.952029
1 0.417351 0.971539 0.455054 0.971539 0.455054 0.988895 0.417351 0.988895
1 0.320517 0.971300 0.360017 0.971300 0.360017 0.988536 0.320517 0.988536
1 0.319320 0.921028 0.360017 0.921028 0.360017 0.962442 0.319320 0.962442
1 0.564756 0.971894 0.604255 0.971894 0.604255 0.989130 0.564756 0.989130
1 0.564241 0.921773 0.604434 0.921773 0.604434 0.962499 0.564241 0.962499
1 0.564337 0.894333 0.604315 0.894333 0.604315 0.912647 0.564337 0.912647
1 0.622546 0.839555 0.636070 0.839555 0.636070 0.871618 0.622546 0.871618
1 0.559494 0.839286 0.574899 0.839286 0.574899 0.871797 0.559494 0.871797
1 0.610813 0.805969 0.620307 0.805969 0.620307 0.827195 0.610813 0.827195
1 0.563256 0.806238 0.572123 0.806238 0.572123 0.827195 0.563256 0.827195
1 0.697273 0.860202 0.703433 0.860202 0.703433 0.872847 0.697273 0.872847
1 0.666308 0.859553 0.673279 0.859553 0.673279 0.872523 0.666308 0.872523
1 0.660796 0.894571 0.700353 0.894571 0.700353 0.912890 0.660796 0.912890
1 0.660958 0.932507 0.700353 0.932507 0.700353 0.951961 0.660958 0.951961
1 0.660958 0.971253 0.700677 0.971253 0.700677 0.989897 0.660958 0.989897
1 0.942072 0.983088 0.947746 0.983088 0.947746 0.996057 0.942072 0.996057
1 0.910945 0.983574 0.917105 0.983574 0.917105 0.996057 0.910945 0.996057
1 0.853231 0.978873 0.857446 0.978873 0.857446 0.987141 0.853231 0.987141
1 0.834263 0.978224 0.838802 0.978224 0.838802 0.986979 0.834263 0.986979
1 0.905433 0.935101 0.945152 0.935101 0.945152 0.953906 0.905433 0.953906
1 0.809945 0.935587 0.848205 0.935587 0.848205 0.953258 0.809945 0.953258
1 0.905595 0.896516 0.944990 0.896516 0.944990 0.915971 0.905595 0.915971
1 0.808810 0.886141 0.848205 0.886141 0.848205 0.926670 0.808810 0.926670
1 0.905433 0.858905 0.944990 0.858905 0.944990 0.877386 0.905433 0.877386
1 0.808972 0.858743 0.848205 0.858743 0.848205 0.876900 0.808972 0.876900
1 0.959581 0.891166 0.971902 0.891166 0.971902 0.897975 0.959581 0.897975
1 0.959256 0.861175 0.971739 0.861175 0.971739 0.867659 0.959256 0.867659
1 0.883061 0.804109 0.899272 0.804109 0.899272 0.836046 0.883061 0.836046
1 0.820969 0.803947 0.834911 0.803947 0.834911 0.835884 0.820969 0.835884
1 0.853555 0.770388 0.862309 0.770388 0.862309 0.790977 0.853555 0.790977
1 0.806054 0.770226 0.815133 0.770226 0.815133 0.791139 0.806054 0.791139
0 0.126981 0.003885 0.138999 0.003885 0.138999 0.028892 0.126981 0.028892
1 0.126860 0.029621 0.140578 0.029621 0.140578 0.035327 0.126860 0.035327
