0 0.531633 0.622776 0.609917 0.622776 0.609917 0.680898 0.531633 0.680898
0 0.623058 0.237429 0.658797 0.237429 0.658797 0.313069 0.623058 0.313069
0 0.393920 0.542132 0.470737 0.542132 0.470737 0.601044 0.393920 0.601044
0 0.392734 0.622203 0.469350 0.622203 0.469350 0.681337 0.392734 0.681337
0 0.530913 0.543360 0.608271 0.543360 0.608271 0.601482 0.530913 0.601482
0 0.772439 0.286885 0.866291 0.286885 0.866291 0.415471 0.772439 0.415471
0 0.530913 0.462504 0.607757 0.462504 0.607757 0.521654 0.530913 0.521654
0 0.394606 0.462378 0.470917 0.462378 0.470917 0.521212 0.394606 0.521212
0 0.675376 0.237150 0.712161 0.237150 0.712161 0.314421 0.675376 0.314421
0 0.772945 0.141281 0.866797 0.141281 0.866797 0.263361 0.772945 0.263361
0 0.387318 0.237288 0.424614 0.237288 0.424614 0.313429 0.387318 0.313429
0 0.334399 0.237570 0.371273 0.237570 0.371273 0.315399 0.334399 0.315399
0 0.009071 0.784678 0.023024 0.784678 0.023024 0.810001 0.009071 0.810001
0 0.767964 0.042670 0.818700 0.042670 0.818700 0.074711 0.767964 0.074711
0 0.180502 0.134609 0.274170 0.134609 0.274170 0.262817 0.180502 0.262817
0 0.768806 0.086888 0.818993 0.086888 0.818993 0.118757 0.768806 0.118757
0 0.073629 0.833950 0.088456 0.833950 0.088456 0.859731 0.073629 0.859731
0 0.070821 0.441918 0.277440 0.441918 0.277440 0.646933 0.070821 0.646933
0 0.299711 0.452296 0.365636 0.452296 0.365636 0.531352 0.299711 0.531352
0 0.300661 0.566547 0.351535 0.566547 0.351535 0.597870 0.300661 0.597870
0 0.300686 0.656391 0.352157 0.656391 0.352157 0.688964 0.300686 0.688964
0 0.059468 0.773266 0.073587 0.773266 0.073587 0.798631 0.059468 0.798631
0 0.043183 0.833825 0.057927 0.833825 0.057927 0.859273 0.043183 0.859273
0 0.650242 0.657174 0.701455 0.657174 0.701455 0.689407 0.650242 0.689407
0 0.300873 0.612053 0.351803 0.612053 0.351803 0.643771 0.300873 0.643771
0 0.650985 0.566266 0.701550 0.566266 0.701550 0.598807 0.650985 0.598807
1 0.727162 0.350075 0.772131 0.350075 0.772131 0.378484 0.727162 0.378484
1 0.754882 0.084654 0.768732 0.084654 0.768732 0.120321 0.754882 0.120321
1 0.701692 0.656459 0.714662 0.656459 0.714662 0.689569 0.701692 0.689569
1 0.621187 0.218505 0.661058 0.218505 0.661058 0.237288 0.621187 0.237288
1 0.385707 0.218374 0.425705 0.218374 0.425705 0.237030 0.385707 0.237030
1 0.636991 0.611517 0.650442 0.611517 0.650442 0.644451 0.636991 0.644451
0 0.650548 0.610780 0.701455 0.610780 0.701455 0.644249 0.650548 0.644249
1 0.674690 0.218466 0.715790 0.218466 0.715790 0.236865 0.674690 0.236865
0 0.638412 0.454068 0.699414 0.454068 0.699414 0.531838 0.638412 0.531838
1 0.866658 0.318561 0.909939 0.318561 0.909939 0.344775 0.866658 0.344775
1 0.621087 0.313425 0.661720 0.313425 0.661720 0.333667 0.621087 0.333667
1 0.514659 0.617530 0.531427 0.617530 0.531427 0.686967 0.514659 0.686967
1 0.274361 0.232406 0.318333 0.232406 0.318333 0.261005 0.274361 0.261005
1 0.819068 0.084430 0.832396 0.084430 0.832396 0.120321 0.819068 0.120321
1 0.754889 0.042386 0.767858 0.042386 0.767858 0.075744 0.754889 0.075744
1 0.728606 0.132002 0.772528 0.132002 0.772528 0.163353 0.728606 0.163353
1 0.728850 0.285255 0.772175 0.285255 0.772175 0.316672 0.728850 0.316672
0 0.402584 0.697848 0.454377 0.697848 0.454377 0.729830 0.402584 0.729830
1 0.506844 0.335065 0.540143 0.335065 0.540143 0.359239 0.506844 0.359239
1 0.725410 0.382377 0.772131 0.382377 0.772131 0.410348 0.725410 0.410348
1 0.637273 0.656695 0.650080 0.656695 0.650080 0.689206 0.637273 0.689206
1 0.867052 0.289929 0.909734 0.289929 0.909734 0.312295 0.867052 0.312295
1 0.331660 0.217965 0.372665 0.217965 0.372665 0.237402 0.331660 0.237402
1 0.866842 0.352363 0.910451 0.352363 0.910451 0.382582 0.866842 0.382582
1 0.469739 0.617944 0.486756 0.617944 0.486756 0.687418 0.469739 0.687418
1 0.385629 0.313851 0.425821 0.313851 0.425821 0.333566 0.385629 0.333566
1 0.351709 0.567073 0.365010 0.567073 0.365010 0.599545 0.351709 0.599545
1 0.674593 0.314848 0.715790 0.314848 0.715790 0.333419 0.674593 0.333419
0 0.438689 0.167935 0.608663 0.167935 0.608663 0.334825 0.438689 0.334825
1 0.352037 0.608593 0.364810 0.608593 0.364810 0.644371 0.352037 0.644371
1 0.137582 0.133253 0.180297 0.133253 0.180297 0.161068 0.137582 0.161068
1 0.352303 0.656505 0.365419 0.656505 0.365419 0.689237 0.352303 0.689237
1 0.287352 0.566272 0.300373 0.566272 0.300373 0.600146 0.287352 0.600146
1 0.636651 0.566819 0.650965 0.566819 0.650965 0.599214 0.636651 0.599214
1 0.331672 0.315608 0.372559 0.315608 0.372559 0.333737 0.331672 0.333737
0 0.160677 0.825203 0.174672 0.825203 0.174672 0.832076 0.160677 0.832076
1 0.043598 0.859483 0.058093 0.859483 0.058093 0.865312 0.043598 0.865312
1 0.274376 0.134787 0.318304 0.134787 0.318304 0.165112 0.274376 0.165112
1 0.506941 0.143336 0.539993 0.143336 0.539993 0.167694 0.506941 0.167694
1 0.701847 0.566819 0.714547 0.566819 0.714547 0.602791 0.701847 0.602791
1 0.287328 0.657028 0.300474 0.657028 0.300474 0.689328 0.287328 0.689328
1 0.377305 0.538366 0.393798 0.538366 0.393798 0.607533 0.377305 0.607533
1 0.136730 0.232590 0.180368 0.232590 0.180368 0.261682 0.136730 0.261682
1 0.819088 0.042838 0.832508 0.042838 0.832508 0.075808 0.819088 0.075808
1 0.866878 0.131121 0.916907 0.131121 0.916907 0.160871 0.866878 0.160871
1 0.866736 0.167342 0.910170 0.167342 0.910170 0.196744 0.866736 0.196744
1 0.866811 0.199862 0.910022 0.199862 0.910022 0.229040 0.866811 0.229040
1 0.866959 0.231119 0.910170 0.231119 0.910170 0.260298 0.866959 0.260298
1 0.728763 0.166182 0.772686 0.166182 0.772686 0.197532 0.728763 0.197532
1 0.728606 0.199418 0.772528 0.199418 0.772528 0.230769 0.728606 0.230769
1 0.728685 0.231554 0.772607 0.231554 0.772607 0.262119 0.728685 0.262119
1 0.866534 0.384843 0.911270 0.384843 0.911270 0.413832 0.866534 0.413832
1 0.727264 0.318006 0.772234 0.318006 0.772234 0.346414 0.727264 0.346414
0 0.727641 0.440714 0.934536 0.440714 0.934536 0.647285 0.727641 0.647285
1 0.789509 0.432245 0.870381 0.432245 0.870381 0.440508 0.789509 0.440508
1 0.789033 0.647670 0.870884 0.647670 0.870884 0.658744 0.789033 0.658744
1 0.701732 0.611236 0.714658 0.611236 0.714658 0.644379 0.701732 0.644379
1 0.633684 0.532229 0.702809 0.532229 0.702809 0.547475 0.633684 0.547475
1 0.634168 0.437439 0.702706 0.437439 0.702706 0.453657 0.634168 0.453657
1 0.514453 0.458492 0.530501 0.458492 0.530501 0.529061 0.514453 0.529061
1 0.607950 0.459865 0.624560 0.459865 0.624560 0.528604 0.607950 0.528604
1 0.610200 0.617173 0.625996 0.617173 0.625996 0.687045 0.610200 0.687045
1 0.608680 0.538213 0.625199 0.538213 0.625199 0.607843 0.608680 0.607843
1 0.513896 0.538410 0.530476 0.538410 0.530476 0.608157 0.513896 0.608157
1 0.377663 0.458376 0.394367 0.458376 0.394367 0.528938 0.377663 0.528938
1 0.471211 0.458969 0.488022 0.458969 0.488022 0.528519 0.471211 0.528519
1 0.470871 0.538310 0.487723 0.538310 0.487723 0.607935 0.470871 0.607935
1 0.376088 0.617642 0.392506 0.617642 0.392506 0.687418 0.376088 0.687418
1 0.454453 0.695931 0.466994 0.695931 0.466994 0.731503 0.454453 0.731503
1 0.389082 0.694607 0.402235 0.694607 0.402235 0.733327 0.389082 0.733327
1 0.299172 0.437052 0.368712 0.437052 0.368712 0.452160 0.299172 0.452160
1 0.299172 0.531306 0.368612 0.531306 0.368612 0.547415 0.299172 0.547415
1 0.174922 0.823995 0.178004 0.823995 0.178004 0.831951 0.174922 0.831951
1 0.157137 0.823412 0.160511 0.823412 0.160511 0.832617 0.157137 0.832617
1 0.073795 0.828077 0.088498 0.828077 0.088498 0.833866 0.073795 0.833866
1 0.073546 0.859981 0.088248 0.859981 0.088248 0.865770 0.073546 0.865770
1 0.044099 0.828369 0.057385 0.828369 0.057385 0.833658 0.044099 0.833658
1 0.059593 0.798714 0.073379 0.798714 0.073379 0.803670 0.059593 0.803670
1 0.059759 0.766727 0.073254 0.766727 0.073254 0.773057 0.059759 0.773057
1 0.008821 0.810168 0.023940 0.810168 0.023940 0.815915 0.008821 0.815915
1 0.009530 0.778639 0.023107 0.778639 0.023107 0.784511 0.009530 0.784511
1 0.131878 0.647216 0.213287 0.647216 0.213287 0.658312 0.131878 0.658312
1 0.131783 0.432554 0.213235 0.432554 0.213235 0.441774 0.131783 0.441774
1 0.287161 0.611489 0.300722 0.611489 0.300722 0.644764 0.287161 0.644764
1 0.274302 0.166971 0.318375 0.166971 0.318375 0.195623 0.274302 0.195623
1 0.274321 0.199970 0.318872 0.199970 0.318872 0.230036 0.274321 0.230036
1 0.137582 0.166602 0.180226 0.166602 0.180226 0.196120 0.137582 0.196120
1 0.137511 0.199667 0.180155 0.199667 0.180155 0.229185 0.137511 0.229185
0 0.181702 0.287249 0.275356 0.287249 0.275356 0.416237 0.181702 0.416237
1 0.137334 0.287249 0.181412 0.287249 0.181412 0.316027 0.137334 0.316027
1 0.136648 0.319267 0.181341 0.319267 0.181341 0.349706 0.136648 0.349706
1 0.136991 0.352086 0.181474 0.352086 0.181474 0.382504 0.136991 0.382504
1 0.136991 0.385934 0.181359 0.385934 0.181359 0.414293 0.136991 0.414293
1 0.275476 0.385192 0.318467 0.385192 0.318467 0.414980 0.275476 0.414980
1 0.275893 0.351155 0.318353 0.351155 0.318353 0.380903 0.275893 0.380903
1 0.275532 0.317585 0.318009 0.317585 0.318009 0.348999 0.275532 0.348999
1 0.275948 0.286315 0.318924 0.286315 0.318924 0.315379 0.275948 0.315379
