0 0.288878 0.179559 0.328248 0.179559 0.328248 0.198533 0.288878 0.198533
0 0.348128 0.184450 0.361401 0.184450 0.361401 0.208667 0.348128 0.208667
0 0.304816 0.213091 0.327869 0.213091 0.327869 0.224967 0.304816 0.224967
0 0.146936 0.305537 0.172550 0.305537 0.172550 0.317646 0.146936 0.317646
0 0.130402 0.375629 0.155086 0.375629 0.155086 0.388203 0.130402 0.388203
0 0.129471 0.491594 0.153456 0.491594 0.153456 0.504634 0.129471 0.504634
0 0.148100 0.523496 0.172783 0.523496 0.172783 0.535372 0.148100 0.535372
0 0.170687 0.556562 0.181865 0.556562 0.181865 0.579150 0.170687 0.579150
0 0.135758 0.557028 0.153921 0.557028 0.153921 0.593587 0.135758 0.593587
0 0.092912 0.683937 0.105486 0.683937 0.105486 0.708155 0.092912 0.708155
0 0.118294 0.683471 0.130868 0.683471 0.130868 0.707689 0.118294 0.707689
0 0.143908 0.684403 0.156483 0.684403 0.156483 0.708621 0.143908 0.708621
0 0.169756 0.683937 0.182330 0.683937 0.182330 0.708155 0.169756 0.708155
0 0.075913 0.724921 0.088487 0.724921 0.088487 0.749138 0.075913 0.749138
0 0.003959 0.801299 0.034231 0.801299 0.034231 0.850200 0.003959 0.850200
0 0.520212 0.197024 0.532321 0.197024 0.532321 0.221242 0.520212 0.221242
0 0.703707 0.188641 0.728158 0.188641 0.728158 0.200284 0.703707 0.200284
0 0.513227 0.847639 0.527198 0.847639 0.527198 0.871391 0.513227 0.871391
0 0.543499 0.863008 0.556539 0.863008 0.556539 0.887225 0.543499 0.887225
0 0.638506 0.843447 0.661792 0.843447 0.661792 0.854159 0.638506 0.854159
0 0.637342 0.871391 0.675997 0.871391 0.675997 0.888855 0.637342 0.888855
0 0.505775 0.970822 0.530458 0.970822 0.530458 0.983397 0.505775 0.983397
0 0.755868 0.220776 0.779620 0.220776 0.779620 0.232652 0.755868 0.232652
0 0.801276 0.199818 0.825959 0.199818 0.825959 0.212626 0.801276 0.212626
0 0.826192 0.245925 0.850410 0.245925 0.850410 0.258034 0.826192 0.258034
0 0.826658 0.330221 0.850876 0.330221 0.850876 0.343028 0.826658 0.343028
0 0.827124 0.356534 0.850643 0.356534 0.850643 0.368643 0.827124 0.368643
0 0.825959 0.381683 0.850643 0.381683 0.850643 0.393792 0.825959 0.393792
0 0.857163 0.434776 0.917940 0.434776 0.917940 0.514181 0.857163 0.514181
0 0.823864 0.466212 0.835274 0.466212 0.835274 0.489032 0.823864 0.489032
0 0.823631 0.508127 0.835740 0.508127 0.835740 0.532577 0.823631 0.532577
0 0.852506 0.537933 0.863450 0.537933 0.863450 0.560986 0.852506 0.560986
0 0.816878 0.662281 0.841095 0.662281 0.841095 0.675088 0.816878 0.675088
0 0.817344 0.687663 0.842027 0.687663 0.842027 0.698840 0.817344 0.698840
0 0.876490 0.693717 0.901174 0.693717 0.901174 0.706758 0.876490 0.706758
0 0.817809 0.714442 0.842027 0.714442 0.842027 0.726085 0.817809 0.726085
0 0.827357 0.772657 0.851341 0.772657 0.851341 0.785465 0.827357 0.785465
0 0.748417 0.811545 0.771004 0.811545 0.771004 0.823421 0.748417 0.823421
0 0.883476 0.808518 0.896516 0.808518 0.896516 0.832736 0.883476 0.832736
0 0.764950 0.867665 0.789400 0.867665 0.789400 0.879541 0.764950 0.879541
1 0.280014 0.179534 0.288624 0.179534 0.288624 0.198691 0.280014 0.198691
1 0.328446 0.179103 0.337056 0.179103 0.337056 0.199121 0.328446 0.199121
1 0.328230 0.213328 0.333181 0.213328 0.333181 0.224951 0.328230 0.224951
1 0.299387 0.212897 0.304768 0.212897 0.304768 0.224736 0.299387 0.224736
1 0.173035 0.305455 0.177986 0.305455 0.177986 0.317939 0.173035 0.317939
1 0.142470 0.305024 0.146990 0.305024 0.146990 0.317939 0.142470 0.317939
1 0.155385 0.375411 0.160335 0.375411 0.160335 0.388541 0.155385 0.388541
1 0.125250 0.375196 0.130200 0.375196 0.130200 0.388111 0.125250 0.388111
1 0.153663 0.491861 0.158398 0.491861 0.158398 0.505207 0.153663 0.505207
1 0.123958 0.490785 0.129124 0.490785 0.129124 0.504561 0.123958 0.504561
1 0.173466 0.523288 0.177771 0.523288 0.177771 0.535557 0.173466 0.535557
1 0.143976 0.523073 0.148066 0.523073 0.148066 0.535557 0.143976 0.535557
1 0.170883 0.551486 0.181860 0.551486 0.181860 0.556006 0.170883 0.556006
1 0.170667 0.579253 0.182076 0.579253 0.182076 0.584634 0.170667 0.584634
1 0.135797 0.546535 0.154308 0.546535 0.154308 0.556652 0.135797 0.556652
1 0.135797 0.593890 0.154093 0.593890 0.154093 0.603576 0.135797 0.603576
1 0.092962 0.679344 0.105231 0.679344 0.105231 0.683649 0.092962 0.683649
1 0.117716 0.678914 0.131277 0.678914 0.131277 0.683219 0.117716 0.683219
1 0.143976 0.678698 0.156461 0.678698 0.156461 0.684080 0.143976 0.684080
1 0.170022 0.678268 0.182291 0.678268 0.182291 0.683434 0.170022 0.683434
1 0.169591 0.708188 0.182291 0.708188 0.182291 0.713569 0.169591 0.713569
1 0.143761 0.709264 0.156461 0.709264 0.156461 0.714215 0.143761 0.714215
1 0.117931 0.708188 0.130631 0.708188 0.130631 0.713569 0.117931 0.713569
1 0.092962 0.708403 0.105231 0.708403 0.105231 0.713138 0.092962 0.713138
1 0.075742 0.720026 0.088442 0.720026 0.088442 0.724331 0.075742 0.724331
1 0.075527 0.749300 0.088442 0.749300 0.088442 0.754036 0.075527 0.754036
1 0.003633 0.787615 0.035706 0.787615 0.035706 0.800530 0.003633 0.800530
1 0.003849 0.850898 0.033984 0.850898 0.033984 0.864459 0.003849 0.864459
1 0.348464 0.179103 0.360948 0.179103 0.360948 0.184054 0.348464 0.184054
1 0.348679 0.208377 0.361164 0.208377 0.361164 0.214404 0.348679 0.214404
1 0.520234 0.192018 0.531857 0.192018 0.531857 0.196108 0.520234 0.196108
1 0.520664 0.221507 0.533149 0.221507 0.533149 0.226889 0.520664 0.226889
1 0.513346 0.842934 0.526476 0.842934 0.526476 0.846809 0.513346 0.846809
1 0.513561 0.871347 0.526261 0.871347 0.526261 0.876728 0.513561 0.876728
1 0.543733 0.857821 0.556228 0.857821 0.556228 0.862611 0.543733 0.862611
1 0.543316 0.887393 0.556644 0.887393 0.556644 0.892807 0.543316 0.892807
1 0.633280 0.843452 0.638278 0.843452 0.638278 0.854698 0.633280 0.854698
1 0.662435 0.842827 0.667225 0.842827 0.667225 0.854698 0.662435 0.854698
1 0.675763 0.871149 0.685967 0.871149 0.685967 0.889475 0.675763 0.889475
1 0.628907 0.870525 0.637029 0.870525 0.637029 0.890933 0.628907 0.890933
1 0.530821 0.970485 0.534986 0.970485 0.534986 0.983813 0.530821 0.983813
1 0.500625 0.970276 0.505206 0.970276 0.505206 0.984021 0.500625 0.984021
1 0.789676 0.866984 0.794882 0.866984 0.794882 0.879688 0.789676 0.879688
1 0.760313 0.867193 0.764686 0.867193 0.764686 0.879688 0.760313 0.879688
1 0.771350 0.811173 0.776556 0.811173 0.776556 0.823668 0.771350 0.823668
1 0.743028 0.810549 0.748234 0.810549 0.748234 0.823252 0.743028 0.823252
1 0.882972 0.833040 0.896925 0.833040 0.896925 0.838454 0.882972 0.838454
1 0.883597 0.803468 0.896300 0.803468 0.896300 0.808258 0.883597 0.808258
1 0.851526 0.772647 0.855691 0.772647 0.855691 0.785767 0.851526 0.785767
1 0.821746 0.772439 0.827161 0.772439 0.827161 0.785559 0.821746 0.785559
1 0.842155 0.713921 0.847153 0.713921 0.847153 0.725791 0.842155 0.725791
1 0.812583 0.713504 0.817581 0.713504 0.817581 0.725374 0.812583 0.725374
1 0.901506 0.693304 0.905255 0.693304 0.905255 0.706632 0.901506 0.706632
1 0.871726 0.693512 0.876100 0.693512 0.876100 0.706840 0.871726 0.706840
1 0.842363 0.687056 0.846528 0.687056 0.846528 0.699135 0.842363 0.699135
1 0.812583 0.687473 0.817165 0.687473 0.817165 0.698927 0.812583 0.698927
1 0.841114 0.662275 0.845903 0.662275 0.845903 0.674978 0.841114 0.674978
1 0.811126 0.661858 0.816332 0.661858 0.816332 0.675186 0.811126 0.675186
1 0.852151 0.560857 0.863396 0.560857 0.863396 0.566688 0.852151 0.566688
1 0.851734 0.533576 0.863188 0.533576 0.863188 0.537949 0.851734 0.537949
1 0.824037 0.502547 0.835699 0.502547 0.835699 0.507961 0.824037 0.507961
1 0.823412 0.532535 0.835907 0.532535 0.835907 0.537741 0.823412 0.537741
1 0.823412 0.489427 0.835491 0.489427 0.835491 0.495050 0.823412 0.495050
1 0.823621 0.460480 0.835074 0.460480 0.835074 0.465687 0.823621 0.465687
1 0.846528 0.499840 0.868186 0.499840 0.868186 0.522539 0.846528 0.522539
1 0.904213 0.499423 0.925871 0.499423 0.925871 0.522955 0.904213 0.522955
1 0.904213 0.425494 0.926080 0.425494 0.926080 0.447985 0.904213 0.447985
1 0.845695 0.424870 0.868394 0.424870 0.868394 0.448402 0.845695 0.448402
1 0.850901 0.381345 0.856108 0.381345 0.856108 0.393840 0.850901 0.393840
1 0.820705 0.381137 0.825703 0.381137 0.825703 0.394049 0.820705 0.394049
1 0.850693 0.356147 0.856108 0.356147 0.856108 0.368642 0.850693 0.368642
1 0.821330 0.356355 0.826953 0.356355 0.826953 0.368434 0.821330 0.368434
1 0.851318 0.329699 0.855691 0.329699 0.855691 0.343444 0.851318 0.343444
1 0.821122 0.329908 0.826120 0.329908 0.826120 0.343236 0.821122 0.343236
1 0.850693 0.245358 0.855691 0.245358 0.855691 0.258686 0.850693 0.258686
1 0.820497 0.245566 0.825703 0.245566 0.825703 0.258478 0.820497 0.258478
1 0.826120 0.199751 0.830701 0.199751 0.830701 0.212663 0.826120 0.212663
1 0.796340 0.199335 0.801130 0.199335 0.801130 0.213288 0.796340 0.213288
1 0.780096 0.220368 0.785094 0.220368 0.785094 0.233071 0.780096 0.233071
1 0.750733 0.219952 0.755731 0.219952 0.755731 0.233071 0.750733 0.233071
1 0.728034 0.188298 0.733032 0.188298 0.733032 0.200168 0.728034 0.200168
1 0.698462 0.187881 0.703460 0.187881 0.703460 0.200168 0.698462 0.200168
0 0.248864 0.281417 0.756704 0.281417 0.756704 0.791485 0.248864 0.791485
1 0.285089 0.243763 0.294403 0.243763 0.294403 0.281020 0.285089 0.281020
1 0.297730 0.244095 0.307044 0.244095 0.307044 0.281353 0.297730 0.281353
1 0.310704 0.244095 0.320018 0.244095 0.320018 0.281353 0.310704 0.281353
1 0.323145 0.243763 0.332460 0.243763 0.332460 0.281020 0.323145 0.281020
1 0.335786 0.244095 0.345101 0.244095 0.345101 0.281353 0.335786 0.281353
1 0.348760 0.244095 0.358074 0.244095 0.358074 0.281353 0.348760 0.281353
1 0.361750 0.243763 0.371065 0.243763 0.371065 0.281020 0.361750 0.281020
1 0.374391 0.244095 0.383706 0.244095 0.383706 0.281353 0.374391 0.281353
1 0.387365 0.244095 0.396679 0.244095 0.396679 0.281353 0.387365 0.281353
1 0.399989 0.243763 0.409304 0.243763 0.409304 0.281020 0.399989 0.281020
1 0.412813 0.243912 0.422128 0.243912 0.422128 0.281170 0.412813 0.281170
1 0.425421 0.243912 0.434736 0.243912 0.434736 0.281170 0.425421 0.281170
1 0.553479 0.243763 0.562794 0.243763 0.562794 0.281020 0.553479 0.281020
1 0.438579 0.243763 0.447893 0.243763 0.447893 0.281020 0.438579 0.281020
1 0.451418 0.243698 0.460733 0.243698 0.460733 0.280956 0.451418 0.280956
1 0.464392 0.243698 0.473707 0.243698 0.473707 0.280956 0.464392 0.280956
1 0.476834 0.243961 0.486148 0.243961 0.486148 0.281219 0.476834 0.281219
1 0.489475 0.243698 0.498789 0.243698 0.498789 0.280956 0.489475 0.280956
1 0.502448 0.243698 0.511763 0.243698 0.511763 0.280956 0.502448 0.280956
1 0.515439 0.243763 0.524753 0.243763 0.524753 0.281020 0.515439 0.281020
1 0.528080 0.243698 0.537394 0.243698 0.537394 0.280956 0.528080 0.280956
1 0.541053 0.243698 0.550368 0.243698 0.550368 0.280956 0.541053 0.280956
1 0.566502 0.243912 0.575816 0.243912 0.575816 0.281170 0.566502 0.281170
1 0.579308 0.243912 0.588623 0.243912 0.588623 0.281170 0.579308 0.281170
1 0.720222 0.243132 0.734115 0.243132 0.734115 0.281554 0.720222 0.281554
1 0.706546 0.243783 0.716450 0.243783 0.716450 0.281357 0.706546 0.281357
1 0.694113 0.243949 0.703427 0.243949 0.703427 0.281207 0.694113 0.281207
1 0.681687 0.243885 0.691002 0.243885 0.691002 0.281143 0.681687 0.281143
1 0.668713 0.243885 0.678028 0.243885 0.678028 0.281143 0.668713 0.281143
1 0.655534 0.243783 0.665387 0.243783 0.665387 0.281207 0.655534 0.281207
1 0.643082 0.243885 0.652397 0.243885 0.652397 0.281143 0.643082 0.281143
1 0.630108 0.243885 0.639423 0.243885 0.639423 0.281143 0.630108 0.281143
1 0.617467 0.244148 0.626782 0.244148 0.626782 0.281406 0.617467 0.281406
1 0.605026 0.243885 0.614340 0.243885 0.614340 0.281143 0.605026 0.281143
1 0.592052 0.243885 0.601367 0.243885 0.601367 0.281143 0.592052 0.281143
1 0.266830 0.244033 0.281145 0.244033 0.281145 0.281250 0.266830 0.281250
1 0.285216 0.791830 0.294689 0.791830 0.294689 0.828546 0.285216 0.828546
1 0.298096 0.791924 0.307377 0.791924 0.307377 0.828546 0.298096 0.828546
1 0.310831 0.791924 0.320544 0.791924 0.320544 0.828546 0.310831 0.828546
1 0.323272 0.792070 0.333471 0.792070 0.333471 0.828307 0.323272 0.828307
1 0.335913 0.792402 0.345679 0.792402 0.345679 0.829025 0.335913 0.829025
1 0.348887 0.792402 0.358607 0.792402 0.358607 0.829025 0.348887 0.829025
1 0.361877 0.792070 0.371773 0.792070 0.371773 0.828546 0.361877 0.828546
1 0.374518 0.792402 0.384461 0.792402 0.384461 0.829025 0.374518 0.829025
1 0.387492 0.792402 0.397388 0.792402 0.397388 0.829025 0.387492 0.829025
1 0.400116 0.792070 0.409836 0.792070 0.409836 0.828786 0.400116 0.828786
1 0.412940 0.792220 0.423003 0.792220 0.423003 0.828546 0.412940 0.828546
1 0.425548 0.792220 0.435690 0.792220 0.435690 0.828307 0.425548 0.828307
1 0.553606 0.792070 0.564482 0.792070 0.564482 0.828546 0.553606 0.828546
1 0.438706 0.792070 0.448617 0.792070 0.448617 0.828307 0.438706 0.828307
1 0.451546 0.792005 0.460826 0.792005 0.460826 0.828307 0.451546 0.828307
1 0.464519 0.792005 0.473514 0.792005 0.473514 0.828786 0.464519 0.828786
1 0.476961 0.792268 0.486441 0.792268 0.486441 0.828786 0.476961 0.828786
1 0.489602 0.792005 0.499607 0.792005 0.499607 0.828546 0.489602 0.828546
1 0.502575 0.792005 0.512295 0.792005 0.512295 0.828307 0.502575 0.828307
1 0.515566 0.792070 0.525462 0.792070 0.525462 0.828307 0.515566 0.828307
1 0.528207 0.792005 0.537910 0.792005 0.537910 0.828307 0.528207 0.828307
1 0.541181 0.792005 0.550598 0.792005 0.550598 0.828307 0.541181 0.828307
1 0.566629 0.792220 0.575973 0.792220 0.575973 0.828786 0.566629 0.828786
1 0.579435 0.792220 0.588661 0.792220 0.588661 0.828307 0.579435 0.828307
1 0.720588 0.791678 0.734928 0.791678 0.734928 0.828307 0.720588 0.828307
1 0.707152 0.792090 0.716974 0.792090 0.716974 0.828307 0.707152 0.828307
1 0.694719 0.792017 0.703807 0.792017 0.703807 0.828307 0.694719 0.828307
1 0.682293 0.791953 0.690880 0.791953 0.690880 0.828068 0.682293 0.828068
1 0.669319 0.791713 0.678193 0.791713 0.678193 0.828068 0.669319 0.828068
1 0.656139 0.792090 0.665505 0.792090 0.665505 0.828546 0.656139 0.828546
1 0.643209 0.792192 0.653296 0.792192 0.653296 0.828307 0.643209 0.828307
1 0.630235 0.792192 0.639651 0.792192 0.639651 0.828546 0.630235 0.828546
1 0.617594 0.792455 0.627202 0.792455 0.627202 0.828307 0.617594 0.828307
1 0.605153 0.792192 0.614754 0.792192 0.614754 0.828786 0.605153 0.828786
1 0.592179 0.792192 0.601827 0.792192 0.601827 0.828546 0.592179 0.828546
1 0.267676 0.792101 0.282241 0.792101 0.282241 0.828786 0.267676 0.828786
1 0.757076 0.301649 0.793270 0.301649 0.793270 0.315570 0.757076 0.315570
1 0.756890 0.319468 0.793085 0.319468 0.793085 0.328749 0.756890 0.328749
1 0.757076 0.332275 0.793270 0.332275 0.793270 0.341556 0.757076 0.341556
1 0.756890 0.345083 0.793085 0.345083 0.793085 0.354363 0.756890 0.354363
1 0.757076 0.357890 0.793270 0.357890 0.793270 0.367171 0.757076 0.367171
1 0.756890 0.370883 0.793085 0.370883 0.793085 0.380164 0.756890 0.380164
1 0.757076 0.383690 0.793270 0.383690 0.793270 0.392971 0.757076 0.392971
1 0.756890 0.396498 0.793085 0.396498 0.793085 0.405779 0.756890 0.405779
1 0.757076 0.409305 0.793270 0.409305 0.793270 0.418586 0.757076 0.418586
1 0.756890 0.421927 0.793085 0.421927 0.793085 0.431208 0.756890 0.431208
1 0.757076 0.434734 0.793270 0.434734 0.793270 0.444015 0.757076 0.444015
1 0.756890 0.447542 0.793085 0.447542 0.793085 0.456822 0.756890 0.456822
1 0.757076 0.460349 0.793270 0.460349 0.793270 0.469630 0.757076 0.469630
1 0.756890 0.473342 0.793085 0.473342 0.793085 0.482623 0.756890 0.482623
1 0.757076 0.486149 0.793270 0.486149 0.793270 0.495430 0.757076 0.495430
1 0.756890 0.498957 0.793085 0.498957 0.793085 0.508238 0.756890 0.508238
1 0.757076 0.511764 0.793270 0.511764 0.793270 0.521045 0.757076 0.521045
1 0.756827 0.690882 0.793022 0.690882 0.793022 0.700163 0.756827 0.700163
1 0.757324 0.524013 0.793519 0.524013 0.793519 0.533294 0.757324 0.533294
1 0.757139 0.537006 0.793333 0.537006 0.793333 0.546287 0.757139 0.546287
1 0.757324 0.549813 0.793519 0.549813 0.793519 0.559094 0.757324 0.559094
1 0.757139 0.562621 0.793333 0.562621 0.793333 0.571901 0.757139 0.571901
1 0.757324 0.575428 0.793519 0.575428 0.793519 0.584709 0.757324 0.584709
1 0.757139 0.588050 0.793333 0.588050 0.793333 0.597331 0.757139 0.597331
1 0.757324 0.600857 0.793519 0.600857 0.793519 0.610138 0.757324 0.610138
1 0.757139 0.613665 0.793333 0.613665 0.793333 0.622945 0.757139 0.622945
1 0.757324 0.626472 0.793519 0.626472 0.793519 0.635753 0.757324 0.635753
1 0.757139 0.639465 0.793333 0.639465 0.793333 0.648746 0.757139 0.648746
1 0.757324 0.652272 0.793519 0.652272 0.793519 0.661553 0.757324 0.661553
1 0.757139 0.665080 0.793333 0.665080 0.793333 0.674360 0.757139 0.674360
1 0.757324 0.677887 0.793519 0.677887 0.793519 0.687168 0.757324 0.687168
1 0.756578 0.741863 0.792773 0.741863 0.792773 0.751143 0.756578 0.751143
1 0.757076 0.728868 0.793270 0.728868 0.793270 0.738149 0.757076 0.738149
1 0.756890 0.716061 0.793085 0.716061 0.793085 0.725341 0.756890 0.725341
1 0.757076 0.703253 0.793270 0.703253 0.793270 0.712534 0.757076 0.712534
1 0.757252 0.754524 0.792814 0.754524 0.792814 0.768699 0.757252 0.768699
1 0.208841 0.384247 0.248605 0.384247 0.248605 0.393291 0.208841 0.393291
1 0.208841 0.397169 0.248419 0.397169 0.248419 0.406099 0.208841 0.406099
1 0.208379 0.409169 0.248605 0.409169 0.248605 0.418906 0.208379 0.418906
1 0.208841 0.422092 0.248419 0.422092 0.248419 0.431528 0.208841 0.431528
1 0.208610 0.435015 0.248605 0.435015 0.248605 0.444335 0.208610 0.444335
1 0.208610 0.448399 0.248419 0.448399 0.248419 0.457143 0.208610 0.457143
1 0.208841 0.460629 0.248605 0.460629 0.248605 0.469950 0.208841 0.469950
1 0.208610 0.473321 0.248419 0.473321 0.248419 0.482943 0.208610 0.482943
1 0.208841 0.485783 0.248605 0.485783 0.248605 0.495750 0.208841 0.495750
1 0.208841 0.499398 0.248419 0.499398 0.248419 0.508558 0.208841 0.508558
1 0.207957 0.511861 0.248605 0.511861 0.248605 0.521365 0.207957 0.521365
1 0.208610 0.691162 0.248356 0.691162 0.248356 0.700483 0.208610 0.700483
1 0.209072 0.525012 0.248853 0.525012 0.248853 0.533614 0.209072 0.533614
1 0.208610 0.537474 0.248668 0.537474 0.248668 0.546607 0.208610 0.546607
1 0.208379 0.550627 0.248853 0.550627 0.248853 0.559414 0.208379 0.559414
1 0.208610 0.563088 0.248668 0.563088 0.248668 0.572222 0.208610 0.572222
1 0.208379 0.576242 0.248853 0.576242 0.248853 0.585029 0.208379 0.585029
1 0.208841 0.588472 0.248668 0.588472 0.248668 0.597651 0.208841 0.597651
1 0.209072 0.601395 0.248853 0.601395 0.248853 0.610458 0.209072 0.610458
1 0.208841 0.614087 0.248668 0.614087 0.248668 0.623265 0.208841 0.623265
1 0.208841 0.627010 0.248853 0.627010 0.248853 0.636073 0.208841 0.636073
1 0.208841 0.639702 0.248668 0.639702 0.248668 0.649066 0.208841 0.649066
1 0.209072 0.652394 0.248853 0.652394 0.248853 0.661873 0.209072 0.661873
1 0.208841 0.665547 0.248668 0.665547 0.248668 0.674911 0.208841 0.674911
1 0.208610 0.678470 0.248853 0.678470 0.248853 0.687488 0.208610 0.687488
1 0.208610 0.742161 0.248107 0.742161 0.248107 0.751464 0.208610 0.751464
1 0.208610 0.729238 0.248605 0.729238 0.248605 0.738469 0.208610 0.738469
1 0.208841 0.716315 0.248419 0.716315 0.248419 0.725661 0.208841 0.725661
1 0.208610 0.703393 0.248605 0.703393 0.248605 0.712854 0.208610 0.712854
1 0.208610 0.754622 0.248148 0.754622 0.248148 0.769019 0.208610 0.769019
1 0.208521 0.320530 0.248284 0.320530 0.248284 0.329575 0.208521 0.329575
1 0.208521 0.333453 0.248099 0.333453 0.248099 0.342382 0.208521 0.342382
1 0.208059 0.345452 0.248284 0.345452 0.248284 0.355189 0.208059 0.355189
1 0.208521 0.358375 0.248099 0.358375 0.248099 0.367811 0.208521 0.367811
1 0.208290 0.371298 0.248284 0.371298 0.248284 0.380619 0.208290 0.380619
1 0.208448 0.302478 0.248490 0.302478 0.248490 0.316021 0.208448 0.316021
1 0.972368 0.941988 0.977133 0.941988 0.977133 0.956681 0.972368 0.956681
1 0.096502 0.965021 0.129861 0.965021 0.129861 0.977530 0.096502 0.977530
1 0.020651 0.957674 0.026012 0.957674 0.026012 0.971971 0.020651 0.971971
1 0.006354 0.889368 0.012112 0.889368 0.012112 0.902672 0.006354 0.902672
