0 0.032214 0.111544 0.044304 0.111544 0.044304 0.134704 0.032214 0.134704
0 0.637658 0.909663 0.650737 0.909663 0.650737 0.934735 0.637658 0.934735
0 0.098163 0.046558 0.154087 0.046558 0.154087 0.146986 0.098163 0.146986
0 0.149703 0.212631 0.189333 0.212631 0.189333 0.230680 0.149703 0.230680
0 0.884012 0.909418 0.897865 0.909418 0.897865 0.934353 0.884012 0.934353
0 0.687973 0.897059 0.701356 0.897059 0.701356 0.922131 0.687973 0.922131
0 0.653176 0.847523 0.666763 0.847523 0.666763 0.872731 0.653176 0.872731
0 0.622091 0.848033 0.635761 0.848033 0.635761 0.872799 0.622091 0.872799
0 0.342351 0.008292 0.398014 0.008292 0.398014 0.111654 0.342351 0.111654
0 0.391957 0.177414 0.431049 0.177414 0.431049 0.195158 0.391957 0.195158
0 0.914123 0.909015 0.927766 0.909015 0.927766 0.934054 0.914123 0.934054
0 0.381718 0.131855 0.429486 0.131855 0.429486 0.160931 0.381718 0.160931
0 0.940312 0.909209 0.954949 0.909209 0.954949 0.934510 0.940312 0.934510
0 0.709469 0.847807 0.722987 0.847807 0.722987 0.872826 0.709469 0.872826
0 0.626949 0.131564 0.674557 0.131564 0.674557 0.160481 0.626949 0.160481
0 0.969952 0.908947 0.983126 0.908947 0.983126 0.934248 0.969952 0.934248
0 0.119912 0.167757 0.167757 0.167757 0.167757 0.197154 0.119912 0.197154
0 0.060630 0.006250 0.085681 0.006250 0.085681 0.019518 0.060630 0.019518
0 0.587377 0.007928 0.644109 0.007928 0.644109 0.111936 0.587377 0.111936
1 0.189478 0.211750 0.197918 0.211750 0.197918 0.232840 0.189478 0.232840
0 0.488677 0.494151 0.513909 0.494151 0.513909 0.507633 0.488677 0.507633
0 0.306173 0.129329 0.329916 0.129329 0.329916 0.141410 0.306173 0.141410
1 0.382837 0.174724 0.391730 0.174724 0.391730 0.196504 0.382837 0.196504
1 0.674824 0.130896 0.689255 0.130896 0.689255 0.162529 0.674824 0.162529
0 0.551306 0.132198 0.565702 0.132198 0.565702 0.139549 0.551306 0.139549
1 0.299693 0.128560 0.306019 0.128560 0.306019 0.142367 0.299693 0.142367
0 0.150666 0.016086 0.165241 0.016086 0.165241 0.022951 0.150666 0.022951
1 0.431255 0.175071 0.440244 0.175071 0.440244 0.196185 0.431255 0.196185
1 0.366822 0.130586 0.381505 0.130586 0.381505 0.163168 0.366822 0.163168
1 0.429744 0.130833 0.443971 0.130833 0.443971 0.163061 0.429744 0.163061
1 0.140999 0.211279 0.149586 0.211279 0.149586 0.231909 0.140999 0.231909
1 0.644206 0.088836 0.683492 0.088836 0.683492 0.108167 0.644206 0.108167
1 0.167903 0.166289 0.182157 0.166289 0.182157 0.198747 0.167903 0.198747
1 0.514072 0.493292 0.519570 0.493292 0.519570 0.508222 0.514072 0.508222
1 0.154345 0.047245 0.194234 0.047245 0.194234 0.067687 0.154345 0.067687
1 0.104777 0.165970 0.119580 0.165970 0.119580 0.199012 0.104777 0.199012
1 0.030854 0.104452 0.045120 0.104452 0.045120 0.111233 0.030854 0.111233
1 0.055533 0.006378 0.060553 0.006378 0.060553 0.019595 0.055533 0.019595
1 0.085861 0.005866 0.092136 0.005866 0.092136 0.019903 0.085861 0.019903
1 0.058264 0.048222 0.097947 0.048222 0.097947 0.067023 0.058264 0.067023
1 0.057566 0.085758 0.097895 0.085758 0.097895 0.106379 0.057566 0.106379
1 0.057835 0.124798 0.097948 0.124798 0.097948 0.144345 0.057835 0.144345
1 0.154286 0.074057 0.194632 0.074057 0.194632 0.117324 0.154286 0.117324
1 0.154352 0.124822 0.194500 0.124822 0.194500 0.144796 0.154352 0.144796
1 0.165345 0.014680 0.168571 0.014680 0.168571 0.024001 0.165345 0.024001
1 0.146167 0.014767 0.150461 0.014767 0.150461 0.023617 0.146167 0.023617
1 0.031246 0.135025 0.045512 0.135025 0.045512 0.141807 0.031246 0.141807
1 0.883751 0.903720 0.898597 0.903720 0.898597 0.909209 0.883751 0.909209
1 0.883855 0.934510 0.898754 0.934510 0.898754 0.940365 0.883855 0.940365
1 0.913704 0.934614 0.927871 0.934614 0.927871 0.941306 0.913704 0.941306
1 0.912711 0.903302 0.928812 0.903302 0.928812 0.909156 0.912711 0.909156
1 0.940156 0.903615 0.955002 0.903615 0.955002 0.908895 0.940156 0.908895
1 0.939999 0.934719 0.955263 0.934719 0.955263 0.940835 0.939999 0.940835
1 0.970057 0.903302 0.984171 0.903302 0.984171 0.908738 0.970057 0.908738
1 0.969900 0.934510 0.984485 0.934510 0.984485 0.940312 0.969900 0.940312
0 0.805625 0.902237 0.858253 0.902237 0.858253 0.925945 0.805625 0.925945
1 0.846532 0.926127 0.859896 0.926127 0.859896 0.935364 0.846532 0.935364
1 0.833364 0.925898 0.842896 0.925898 0.842896 0.936281 0.833364 0.936281
1 0.819705 0.925996 0.829925 0.925996 0.829925 0.936052 0.819705 0.936052
1 0.802476 0.926095 0.817281 0.926095 0.817281 0.935561 0.802476 0.935561
1 0.803262 0.893110 0.817183 0.893110 0.817183 0.902118 0.803262 0.902118
1 0.820393 0.892782 0.830318 0.892782 0.830318 0.902118 0.820393 0.902118
1 0.833135 0.892717 0.842994 0.892717 0.842994 0.902150 0.833135 0.902150
1 0.846171 0.892717 0.860518 0.892717 0.860518 0.902118 0.846171 0.902118
0 0.729418 0.901747 0.781114 0.901747 0.781114 0.925340 0.729418 0.925340
1 0.725996 0.892414 0.740125 0.892414 0.740125 0.901514 0.725996 0.901514
1 0.743599 0.892647 0.753805 0.892647 0.753805 0.901566 0.743599 0.901566
1 0.756251 0.892673 0.766481 0.892673 0.766481 0.901598 0.756251 0.901598
1 0.769499 0.893062 0.783240 0.893062 0.783240 0.901540 0.769499 0.901540
1 0.725451 0.925547 0.740457 0.925547 0.740457 0.935761 0.725451 0.935761
1 0.743088 0.925626 0.753308 0.925626 0.753308 0.935682 0.743088 0.935682
1 0.756021 0.925424 0.765553 0.925424 0.765553 0.935807 0.756021 0.935807
1 0.769163 0.925575 0.782747 0.925575 0.782747 0.935892 0.769163 0.935892
1 0.687871 0.891604 0.701492 0.891604 0.701492 0.896923 0.687871 0.896923
1 0.687634 0.922301 0.701221 0.922301 0.701221 0.928332 0.687634 0.928332
1 0.637895 0.903394 0.650940 0.903394 0.650940 0.909459 0.637895 0.909459
1 0.637286 0.934803 0.652126 0.934803 0.652126 0.940529 0.637286 0.940529
1 0.653413 0.842339 0.666898 0.842339 0.666898 0.847320 0.653413 0.847320
1 0.653176 0.872731 0.667237 0.872731 0.667237 0.879270 0.653176 0.879270
1 0.621903 0.841763 0.636540 0.841763 0.636540 0.847828 0.621903 0.847828
1 0.621192 0.873002 0.636269 0.873002 0.636269 0.879067 0.621192 0.879067
1 0.709973 0.841988 0.723156 0.841988 0.723156 0.847515 0.709973 0.847515
1 0.709708 0.872976 0.724078 0.872976 0.724078 0.879226 0.709708 0.879226
0 0.536527 0.875897 0.550717 0.875897 0.550717 0.883094 0.536527 0.883094
1 0.550922 0.874718 0.554355 0.874718 0.554355 0.883478 0.550922 0.883478
1 0.532326 0.873924 0.536424 0.873924 0.536424 0.884170 0.532326 0.884170
1 0.612411 0.130577 0.626683 0.130577 0.626683 0.163807 0.612411 0.163807
1 0.644211 0.012039 0.683337 0.012039 0.683337 0.031699 0.644211 0.031699
1 0.644110 0.038278 0.683588 0.038278 0.683588 0.081353 0.644110 0.081353
1 0.546502 0.012029 0.587152 0.012029 0.587152 0.030770 0.546502 0.030770
1 0.546717 0.050424 0.587243 0.050424 0.587243 0.071166 0.546717 0.071166
1 0.547285 0.089568 0.587172 0.089568 0.587172 0.108109 0.547285 0.108109
1 0.565676 0.131276 0.569775 0.131276 0.569775 0.140471 0.565676 0.140471
1 0.546952 0.131199 0.551050 0.131199 0.551050 0.140394 0.546952 0.140394
1 0.398059 0.012595 0.438759 0.012595 0.438759 0.031858 0.398059 0.031858
1 0.397936 0.038966 0.438934 0.038966 0.438934 0.081343 0.397936 0.081343
1 0.398444 0.089760 0.439079 0.089760 0.439079 0.108409 0.398444 0.108409
1 0.302246 0.011973 0.342154 0.011973 0.342154 0.031968 0.302246 0.031968
1 0.301594 0.050130 0.342073 0.050130 0.342073 0.070654 0.301594 0.070654
1 0.301798 0.089305 0.342154 0.089305 0.342154 0.108079 0.301798 0.108079
1 0.330097 0.128458 0.336527 0.128458 0.336527 0.142572 0.330097 0.142572
1 0.481711 0.493315 0.488397 0.493315 0.488397 0.508402 0.481711 0.508402
1 0.863265 0.967616 0.876308 0.967616 0.876308 0.973969 0.863265 0.973969
0 0.863467 0.974172 0.875430 0.974172 0.875430 0.998705 0.863467 0.998705
