0 0.088542 0.070794 0.106291 0.070794 0.106291 0.108106 0.088542 0.108106
0 0.167404 0.353766 0.192010 0.353766 0.192010 0.366473 0.167404 0.366473
0 0.131301 0.432829 0.156512 0.432829 0.156512 0.444930 0.131301 0.444930
0 0.065751 0.445535 0.090358 0.445535 0.090358 0.458444 0.065751 0.458444
0 0.064743 0.474175 0.089954 0.474175 0.089954 0.487084 0.064743 0.487084
0 0.141184 0.463486 0.155705 0.463486 0.155705 0.470343 0.141184 0.470343
0 0.141990 0.491521 0.155705 0.491521 0.155705 0.498580 0.141990 0.498580
0 0.178497 0.503622 0.204111 0.503622 0.204111 0.516934 0.178497 0.516934
0 0.103467 0.627662 0.126864 0.627662 0.126864 0.679295 0.103467 0.679295
0 0.190800 0.687363 0.204515 0.687363 0.204515 0.694220 0.190800 0.694220
0 0.098829 0.698052 0.123838 0.698052 0.123838 0.710356 0.098829 0.710356
0 0.098224 0.723869 0.123435 0.723869 0.123435 0.736172 0.098224 0.736172
0 0.176681 0.721650 0.190598 0.721650 0.190598 0.728508 0.176681 0.728508
0 0.079466 0.768644 0.092576 0.768644 0.092576 0.792847 0.079466 0.792847
0 0.080273 0.854363 0.092374 0.854363 0.092374 0.879574 0.080273 0.879574
0 0.159538 0.845690 0.173051 0.845690 0.173051 0.871708 0.159538 0.871708
0 0.187976 0.853153 0.195640 0.853153 0.195640 0.867271 0.187976 0.867271
0 0.189388 0.914870 0.196649 0.914870 0.196649 0.928787 0.189388 0.928787
0 0.159336 0.910231 0.173051 0.910231 0.173051 0.935644 0.159336 0.935644
0 0.312419 0.243239 0.326538 0.243239 0.326538 0.268047 0.312419 0.268047
0 0.313831 0.107703 0.325529 0.107703 0.325529 0.132108 0.313831 0.132108
0 0.314033 0.033682 0.359010 0.033682 0.359010 0.063331 0.314033 0.063331
0 0.344286 0.102459 0.368691 0.102459 0.368691 0.115367 0.344286 0.115367
0 0.550213 0.014522 0.557272 0.014522 0.557272 0.027833 0.550213 0.027833
0 0.380591 0.130091 0.408021 0.130091 0.408021 0.176681 0.380591 0.176681
0 0.503017 0.176278 0.515522 0.176278 0.515522 0.200683 0.503017 0.200683
0 0.533069 0.176278 0.547188 0.176278 0.547188 0.200884 0.533069 0.200884
0 0.338639 0.243844 0.351749 0.243844 0.351749 0.268451 0.338639 0.268451
0 0.467318 0.239205 0.480025 0.239205 0.480025 0.263812 0.467318 0.263812
0 0.494546 0.245458 0.507858 0.245458 0.507858 0.270468 0.494546 0.270468
0 0.520766 0.245458 0.533271 0.245458 0.533271 0.270468 0.520766 0.270468
0 0.555054 0.245458 0.567760 0.245458 0.567760 0.269661 0.555054 0.269661
0 0.582685 0.243038 0.595190 0.243038 0.595190 0.268047 0.582685 0.268047
0 0.423148 0.232146 0.448762 0.232146 0.448762 0.245660 0.423148 0.245660
0 0.424963 0.260585 0.438678 0.260585 0.438678 0.267039 0.424963 0.267039
0 0.597005 0.045784 0.637343 0.045784 0.637343 0.075432 0.597005 0.075432
0 0.608098 0.243038 0.620401 0.243038 0.620401 0.267442 0.608098 0.267442
0 0.641377 0.194228 0.653680 0.194228 0.653680 0.219843 0.641377 0.219843
0 0.713381 0.246668 0.726491 0.246668 0.726491 0.271476 0.713381 0.271476
0 0.801722 0.246063 0.814025 0.246063 0.814025 0.271073 0.801722 0.271073
0 0.827941 0.245660 0.841455 0.245660 0.841455 0.270266 0.827941 0.270266
0 0.912248 0.969932 0.923745 0.969932 0.923745 0.994538 0.912248 0.994538
0 0.955814 0.882600 0.981832 0.882600 0.981832 0.896113 0.955814 0.896113
0 0.966100 0.705717 0.979210 0.705717 0.979210 0.731937 0.966100 0.731937
0 0.944115 0.713784 0.950973 0.713784 0.950973 0.727298 0.944115 0.727298
0 0.943510 0.666185 0.968520 0.666185 0.968520 0.679094 0.943510 0.679094
0 0.952990 0.613141 0.977798 0.613141 0.977798 0.626250 0.952990 0.626250
0 0.947343 0.577038 0.972352 0.577038 0.972352 0.590148 0.947343 0.590148
0 0.943914 0.488899 0.968722 0.488899 0.968722 0.502412 0.943914 0.502412
0 0.948553 0.459654 0.972957 0.459654 0.972957 0.471957 0.948553 0.471957
0 0.921929 0.308587 0.934838 0.308587 0.934838 0.333597 0.921929 0.333597
0 0.926367 0.194027 0.939477 0.194027 0.939477 0.201086 0.926367 0.201086
0 0.901962 0.163571 0.926972 0.163571 0.926972 0.176278 0.901962 0.176278
0 0.863237 0.116577 0.903777 0.116577 0.903777 0.145419 0.863237 0.145419
1 0.086525 0.108106 0.107098 0.108106 0.107098 0.116981 0.086525 0.116981
1 0.087332 0.060104 0.108106 0.060104 0.108106 0.070390 0.087332 0.070390
1 0.342471 0.063533 0.363447 0.063533 0.363447 0.086122 0.342471 0.086122
1 0.307982 0.063734 0.330572 0.063734 0.330572 0.086929 0.307982 0.086929
1 0.313629 0.102056 0.325731 0.102056 0.325731 0.107098 0.313629 0.107098
1 0.313428 0.132713 0.325933 0.132713 0.325933 0.138158 0.313428 0.138158
1 0.338034 0.102661 0.343883 0.102661 0.343883 0.114762 0.338034 0.114762
1 0.369094 0.102257 0.375145 0.102257 0.375145 0.115972 0.369094 0.115972
1 0.408424 0.127670 0.430207 0.127670 0.430207 0.148041 0.408424 0.148041
1 0.408424 0.160344 0.430610 0.160344 0.430610 0.180715 0.408424 0.180715
1 0.354774 0.144209 0.379986 0.144209 0.379986 0.164580 0.354774 0.164580
1 0.192413 0.353968 0.198464 0.353968 0.198464 0.366876 0.192413 0.366876
1 0.161353 0.353766 0.166597 0.353766 0.166597 0.365867 0.161353 0.365867
1 0.312419 0.237995 0.325731 0.237995 0.325731 0.243038 0.312419 0.243038
1 0.338437 0.237592 0.351547 0.237592 0.351547 0.243441 0.338437 0.243441
1 0.338841 0.268854 0.352152 0.268854 0.352152 0.274905 0.338841 0.274905
1 0.312016 0.268652 0.326941 0.268652 0.326941 0.274703 0.312016 0.274703
1 0.418509 0.231138 0.422744 0.231138 0.422744 0.245660 0.418509 0.245660
1 0.449166 0.232348 0.452796 0.232348 0.452796 0.245861 0.449166 0.245861
1 0.439686 0.260988 0.442712 0.260988 0.442712 0.267644 0.439686 0.267644
1 0.420929 0.259980 0.424560 0.259980 0.424560 0.266635 0.420929 0.266635
1 0.466713 0.233962 0.479621 0.233962 0.479621 0.238802 0.466713 0.238802
1 0.467721 0.264417 0.480630 0.264417 0.480630 0.270064 0.467721 0.270064
1 0.326134 0.010488 0.346707 0.010488 0.346707 0.033279 0.326134 0.033279
1 0.550011 0.010286 0.556667 0.010286 0.556667 0.013917 0.550011 0.013917
1 0.550415 0.028640 0.557877 0.028640 0.557877 0.031665 0.550415 0.031665
1 0.574416 0.053650 0.596602 0.053650 0.596602 0.066155 0.574416 0.066155
1 0.502816 0.170227 0.515522 0.170227 0.515522 0.175875 0.502816 0.175875
1 0.533069 0.169420 0.547188 0.169420 0.547188 0.175471 0.533069 0.175471
1 0.533473 0.201288 0.547994 0.201288 0.547994 0.206532 0.533473 0.206532
1 0.502614 0.201086 0.515926 0.201086 0.515926 0.206935 0.502614 0.206935
1 0.494345 0.240416 0.507656 0.240416 0.507656 0.244853 0.494345 0.244853
1 0.494748 0.271073 0.508261 0.271073 0.508261 0.276518 0.494748 0.276518
1 0.520564 0.240012 0.533271 0.240012 0.533271 0.244853 0.520564 0.244853
1 0.520766 0.270669 0.533674 0.270669 0.533674 0.276720 0.520766 0.276720
1 0.554448 0.240012 0.567760 0.240012 0.567760 0.245055 0.554448 0.245055
1 0.555255 0.270064 0.568365 0.270064 0.568365 0.276518 0.555255 0.276518
1 0.582685 0.237794 0.594988 0.237794 0.594988 0.242634 0.582685 0.242634
1 0.583089 0.268451 0.595593 0.268451 0.595593 0.274300 0.583089 0.274300
1 0.637949 0.052036 0.658723 0.052036 0.658723 0.066356 0.637949 0.066356
1 0.608098 0.237794 0.619998 0.237794 0.619998 0.242433 0.608098 0.242433
1 0.608300 0.268047 0.621208 0.268047 0.621208 0.273493 0.608300 0.273493
1 0.641377 0.188984 0.653680 0.188984 0.653680 0.194228 0.641377 0.194228
1 0.641579 0.220247 0.654084 0.220247 0.654084 0.225087 0.641579 0.225087
1 0.904382 0.123435 0.926972 0.123435 0.926972 0.137553 0.904382 0.137553
1 0.843270 0.124242 0.862632 0.124242 0.862632 0.138965 0.843270 0.138965
1 0.927173 0.163168 0.932417 0.163168 0.932417 0.176681 0.927173 0.176681
1 0.895911 0.163571 0.901760 0.163571 0.901760 0.176480 0.895911 0.176480
1 0.940082 0.194027 0.943712 0.194027 0.943712 0.201893 0.940082 0.201893
1 0.921929 0.193623 0.925762 0.193623 0.925762 0.201086 0.921929 0.201086
1 0.921728 0.302536 0.935039 0.302536 0.935039 0.308184 0.921728 0.308184
1 0.921728 0.334000 0.935443 0.334000 0.935443 0.339446 0.921728 0.339446
1 0.828143 0.240012 0.840245 0.240012 0.840245 0.245256 0.828143 0.245256
1 0.828547 0.270468 0.841455 0.270468 0.841455 0.276115 0.828547 0.276115
1 0.801722 0.240416 0.814226 0.240416 0.814226 0.245861 0.801722 0.245861
1 0.802125 0.271274 0.814226 0.271274 0.814226 0.276922 0.802125 0.276922
1 0.713583 0.240012 0.726088 0.240012 0.726088 0.246265 0.713583 0.246265
1 0.713583 0.272081 0.726491 0.272081 0.726491 0.277527 0.713583 0.277527
1 0.973361 0.459049 0.978403 0.459049 0.978403 0.472159 0.973361 0.472159
1 0.942300 0.459250 0.948351 0.459250 0.948351 0.472562 0.942300 0.472562
1 0.969327 0.488496 0.974772 0.488496 0.974772 0.502614 0.969327 0.502614
1 0.938670 0.487890 0.943914 0.487890 0.943914 0.502816 0.938670 0.502816
1 0.972756 0.576433 0.977394 0.576433 0.977394 0.590955 0.972756 0.590955
1 0.940687 0.576836 0.946939 0.576836 0.946939 0.590551 0.940687 0.590551
1 0.978403 0.612737 0.983849 0.612737 0.983849 0.626856 0.978403 0.626856
1 0.947343 0.612535 0.952586 0.612535 0.952586 0.626049 0.947343 0.626049
1 0.968722 0.665782 0.975176 0.665782 0.975176 0.679295 0.968722 0.679295
1 0.938468 0.665177 0.943107 0.665177 0.943107 0.679295 0.938468 0.679295
1 0.965495 0.701683 0.979210 0.701683 0.979210 0.705515 0.965495 0.705515
1 0.965898 0.732340 0.979815 0.732340 0.979815 0.736575 0.965898 0.736575
1 0.943107 0.709751 0.951376 0.709751 0.951376 0.713179 0.943107 0.713179
1 0.943309 0.727903 0.951578 0.727903 0.951578 0.731331 0.943309 0.731331
1 0.982235 0.881793 0.986672 0.881793 0.986672 0.896113 0.982235 0.896113
1 0.950368 0.882600 0.955612 0.882600 0.955612 0.896920 0.950368 0.896920
1 0.911845 0.963276 0.923946 0.963276 0.923946 0.969529 0.911845 0.969529
1 0.189590 0.910231 0.196447 0.910231 0.196447 0.914265 0.189590 0.914265
1 0.189388 0.928989 0.197254 0.928989 0.197254 0.932014 0.189388 0.932014
1 0.159538 0.906601 0.172849 0.906601 0.172849 0.909425 0.159538 0.909425
1 0.159134 0.936048 0.173454 0.936048 0.173454 0.940687 0.159134 0.940687
1 0.080071 0.879776 0.092374 0.879776 0.092374 0.885222 0.080071 0.885222
1 0.079466 0.849119 0.092576 0.849119 0.092576 0.853960 0.079466 0.853960
1 0.159538 0.841051 0.173253 0.841051 0.173253 0.845287 0.159538 0.845287
1 0.187573 0.849321 0.195640 0.849321 0.195640 0.852548 0.187573 0.852548
1 0.187371 0.867675 0.196649 0.867675 0.196649 0.871305 0.187371 0.871305
1 0.159134 0.871910 0.173454 0.871910 0.173454 0.874935 0.159134 0.874935
1 0.079466 0.793452 0.092374 0.793452 0.092374 0.798898 0.079466 0.798898
1 0.079063 0.762392 0.092980 0.762392 0.092980 0.768241 0.079063 0.768241
1 0.191405 0.721650 0.194027 0.721650 0.194027 0.728710 0.191405 0.728710
1 0.172647 0.721247 0.176278 0.721247 0.176278 0.728710 0.172647 0.728710
1 0.186161 0.686959 0.190195 0.686959 0.190195 0.694825 0.186161 0.694825
1 0.204918 0.686354 0.208347 0.686354 0.208347 0.694422 0.204918 0.694422
1 0.124443 0.697447 0.129284 0.697447 0.129284 0.710759 0.124443 0.710759
1 0.092576 0.697044 0.098224 0.697044 0.098224 0.710557 0.092576 0.710557
1 0.123637 0.723264 0.128881 0.723264 0.128881 0.736374 0.123637 0.736374
1 0.092374 0.723264 0.098224 0.723264 0.098224 0.736172 0.092374 0.736172
1 0.121821 0.668202 0.136141 0.668202 0.136141 0.680707 0.121821 0.680707
1 0.093988 0.668202 0.108510 0.668202 0.108510 0.681312 0.093988 0.681312
1 0.122628 0.624032 0.136343 0.624032 0.136343 0.637545 0.122628 0.637545
1 0.094391 0.624032 0.107905 0.624032 0.107905 0.637545 0.094391 0.637545
1 0.126864 0.654891 0.136343 0.654891 0.136343 0.662555 0.126864 0.662555
1 0.127065 0.642184 0.136545 0.642184 0.136545 0.650655 0.127065 0.650655
1 0.093988 0.642386 0.103064 0.642386 0.103064 0.650453 0.093988 0.650453
1 0.093786 0.654891 0.103266 0.654891 0.103266 0.662958 0.093786 0.662958
1 0.204313 0.503421 0.209960 0.503421 0.209960 0.516732 0.204313 0.516732
1 0.173253 0.503219 0.178295 0.503219 0.178295 0.516934 0.173253 0.516934
1 0.156109 0.491319 0.159538 0.491319 0.159538 0.499185 0.156109 0.499185
1 0.137755 0.490916 0.141385 0.490916 0.141385 0.498983 0.137755 0.498983
1 0.155907 0.463284 0.158932 0.463284 0.158932 0.471554 0.155907 0.471554
1 0.137553 0.462477 0.140982 0.462477 0.140982 0.471554 0.137553 0.471554
1 0.156916 0.432627 0.162361 0.432627 0.162361 0.445737 0.156916 0.445737
1 0.125653 0.432224 0.130897 0.432224 0.130897 0.444930 0.125653 0.444930
1 0.090559 0.445132 0.095803 0.445132 0.095803 0.459654 0.090559 0.459654
1 0.059701 0.445535 0.065751 0.445535 0.065751 0.459049 0.059701 0.459049
1 0.090156 0.473772 0.095803 0.473772 0.095803 0.487890 0.090156 0.487890
1 0.059701 0.473772 0.064541 0.473772 0.064541 0.487285 0.059701 0.487285
0 0.265934 0.343591 0.877155 0.343591 0.877155 0.954812 0.265934 0.954812
1 0.291752 0.305584 0.299180 0.305584 0.299180 0.343238 0.291752 0.343238
1 0.304816 0.305584 0.312244 0.305584 0.312244 0.343238 0.304816 0.343238
1 0.330174 0.305840 0.337602 0.305840 0.337602 0.343494 0.330174 0.343494
1 0.317111 0.305840 0.324539 0.305840 0.324539 0.343494 0.317111 0.343494
1 0.342982 0.305840 0.350410 0.305840 0.350410 0.343494 0.342982 0.343494
1 0.355789 0.305840 0.363217 0.305840 0.363217 0.343494 0.355789 0.343494
1 0.368084 0.306096 0.375768 0.306096 0.375768 0.343494 0.368084 0.343494
1 0.381148 0.306096 0.388576 0.306096 0.388576 0.343494 0.381148 0.343494
1 0.394211 0.305584 0.401639 0.305584 0.401639 0.343238 0.394211 0.343238
1 0.407275 0.305584 0.414703 0.305584 0.414703 0.343238 0.407275 0.343238
1 0.419570 0.305840 0.426998 0.305840 0.426998 0.343494 0.419570 0.343494
1 0.432633 0.305840 0.440061 0.305840 0.440061 0.343494 0.432633 0.343494
1 0.445441 0.305840 0.452869 0.305840 0.452869 0.343494 0.445441 0.343494
1 0.458504 0.305840 0.465932 0.305840 0.465932 0.343494 0.458504 0.343494
1 0.470799 0.306096 0.478484 0.306096 0.478484 0.343494 0.470799 0.343494
1 0.483863 0.306096 0.491291 0.306096 0.491291 0.343494 0.483863 0.343494
1 0.496414 0.305584 0.503842 0.305584 0.503842 0.343238 0.496414 0.343238
1 0.509477 0.305584 0.516906 0.305584 0.516906 0.343238 0.509477 0.343238
1 0.521773 0.305840 0.529201 0.305840 0.529201 0.343494 0.521773 0.343494
1 0.534836 0.305840 0.542264 0.305840 0.542264 0.343494 0.534836 0.343494
1 0.547643 0.305840 0.555072 0.305840 0.555072 0.343494 0.547643 0.343494
1 0.560451 0.305840 0.567879 0.305840 0.567879 0.343494 0.560451 0.343494
1 0.572746 0.306096 0.580430 0.306096 0.580430 0.343494 0.572746 0.343494
1 0.585809 0.306096 0.593238 0.306096 0.593238 0.343494 0.585809 0.343494
1 0.598873 0.305584 0.606301 0.305584 0.606301 0.343238 0.598873 0.343238
1 0.611936 0.305584 0.619365 0.305584 0.619365 0.343238 0.611936 0.343238
1 0.624232 0.305840 0.631660 0.305840 0.631660 0.343494 0.624232 0.343494
1 0.637295 0.305840 0.644723 0.305840 0.644723 0.343494 0.637295 0.343494
1 0.650102 0.305840 0.657531 0.305840 0.657531 0.343494 0.650102 0.343494
1 0.663166 0.305840 0.670594 0.305840 0.670594 0.343494 0.663166 0.343494
1 0.675461 0.306096 0.683145 0.306096 0.683145 0.343494 0.675461 0.343494
1 0.688525 0.306096 0.695953 0.306096 0.695953 0.343494 0.688525 0.343494
1 0.701332 0.305584 0.708760 0.305584 0.708760 0.343238 0.701332 0.343238
1 0.713627 0.305840 0.721311 0.305840 0.721311 0.343238 0.713627 0.343238
1 0.726691 0.305840 0.734119 0.305840 0.734119 0.343238 0.726691 0.343238
1 0.739754 0.305328 0.747182 0.305328 0.747182 0.342982 0.739754 0.342982
1 0.752818 0.305328 0.760246 0.305328 0.760246 0.342982 0.752818 0.342982
1 0.765113 0.305584 0.772541 0.305584 0.772541 0.343238 0.765113 0.343238
1 0.778176 0.305584 0.785605 0.305584 0.785605 0.343238 0.778176 0.343238
1 0.790984 0.305584 0.798412 0.305584 0.798412 0.343238 0.790984 0.343238
1 0.804047 0.305584 0.811475 0.305584 0.811475 0.343238 0.804047 0.343238
1 0.816342 0.305840 0.824027 0.305840 0.824027 0.343238 0.816342 0.343238
1 0.829406 0.305840 0.836834 0.305840 0.836834 0.343238 0.829406 0.343238
1 0.841445 0.305840 0.848873 0.305840 0.848873 0.343238 0.841445 0.343238
1 0.381074 0.955394 0.389580 0.955394 0.389580 0.991718 0.381074 0.991718
1 0.394431 0.955211 0.402644 0.955211 0.402644 0.991462 0.394431 0.991462
1 0.407238 0.955211 0.415707 0.955211 0.415707 0.991462 0.407238 0.991462
1 0.419862 0.955394 0.428002 0.955394 0.428002 0.991718 0.419862 0.991718
1 0.432853 0.955211 0.441066 0.955211 0.441066 0.991718 0.432853 0.991718
1 0.445477 0.955394 0.453873 0.955394 0.453873 0.991718 0.445477 0.991718
1 0.458468 0.955211 0.466937 0.955211 0.466937 0.991718 0.458468 0.991718
1 0.470909 0.955211 0.479488 0.955211 0.479488 0.991718 0.470909 0.991718
1 0.483716 0.955028 0.492295 0.955028 0.492295 0.991718 0.483716 0.991718
1 0.496524 0.955211 0.504847 0.955211 0.504847 0.991462 0.496524 0.991462
1 0.509148 0.955028 0.517910 0.955028 0.517910 0.991462 0.509148 0.991462
1 0.522138 0.955394 0.530205 0.955394 0.530205 0.991718 0.522138 0.991718
1 0.535129 0.955211 0.543269 0.955211 0.543269 0.991718 0.535129 0.991718
1 0.547753 0.955211 0.556076 0.955211 0.556076 0.991718 0.547753 0.991718
1 0.560561 0.955028 0.568884 0.955028 0.568884 0.991718 0.560561 0.991718
1 0.573002 0.955028 0.581435 0.955028 0.581435 0.991718 0.573002 0.991718
1 0.586358 0.955028 0.594242 0.955028 0.594242 0.991718 0.586358 0.991718
1 0.598983 0.955211 0.607306 0.955211 0.607306 0.991462 0.598983 0.991462
1 0.611424 0.955394 0.620369 0.955394 0.620369 0.991462 0.611424 0.991462
1 0.624415 0.955394 0.632664 0.955394 0.632664 0.991718 0.624415 0.991718
1 0.637039 0.955211 0.645728 0.955211 0.645728 0.991718 0.637039 0.991718
1 0.650029 0.955028 0.658535 0.955028 0.658535 0.991718 0.650029 0.991718
1 0.662471 0.955211 0.671599 0.955211 0.671599 0.991718 0.662471 0.991718
1 0.675827 0.955211 0.684150 0.955211 0.684150 0.991718 0.675827 0.991718
1 0.688634 0.955028 0.696957 0.955028 0.696957 0.991718 0.688634 0.991718
1 0.701442 0.955028 0.709765 0.955028 0.709765 0.991462 0.701442 0.991462
1 0.713883 0.955211 0.722316 0.955211 0.722316 0.991462 0.713883 0.991462
1 0.726874 0.955028 0.735123 0.955028 0.735123 0.991462 0.726874 0.991462
1 0.739498 0.955028 0.748187 0.955028 0.748187 0.991206 0.739498 0.991206
1 0.752305 0.955211 0.761250 0.955211 0.761250 0.991206 0.752305 0.991206
1 0.765662 0.955211 0.773545 0.955211 0.773545 0.991462 0.765662 0.991462
1 0.778103 0.955211 0.786609 0.955211 0.786609 0.991462 0.778103 0.991462
1 0.790910 0.955211 0.799416 0.955211 0.799416 0.991462 0.790910 0.991462
1 0.803718 0.954845 0.811382 0.954845 0.811382 0.991096 0.803718 0.991096
1 0.816525 0.955028 0.824482 0.955028 0.824482 0.991462 0.816525 0.991462
1 0.829516 0.955211 0.837107 0.955211 0.837107 0.991462 0.829516 0.991462
1 0.842506 0.955394 0.849877 0.955394 0.849877 0.991462 0.842506 0.991462
1 0.291057 0.955394 0.299563 0.955394 0.299563 0.991718 0.291057 0.991718
1 0.304413 0.955211 0.312626 0.955211 0.312626 0.991462 0.304413 0.991462
1 0.317220 0.955211 0.325690 0.955211 0.325690 0.991462 0.317220 0.991462
1 0.329845 0.955394 0.337985 0.955394 0.337985 0.991718 0.329845 0.991718
1 0.342835 0.955211 0.351048 0.955211 0.351048 0.991718 0.342835 0.991718
1 0.355460 0.955394 0.363856 0.955394 0.363856 0.991718 0.355460 0.991718
1 0.368450 0.955211 0.376919 0.955211 0.376919 0.991718 0.368450 0.991718
1 0.228118 0.920448 0.265259 0.920448 0.265259 0.927766 0.228118 0.927766
1 0.228118 0.907458 0.265259 0.907458 0.265259 0.914776 0.228118 0.914776
1 0.227935 0.894833 0.265076 0.894833 0.265076 0.902152 0.227935 0.902152
1 0.227935 0.882026 0.265076 0.882026 0.265076 0.889344 0.227935 0.889344
1 0.228118 0.869401 0.265259 0.869401 0.265259 0.876720 0.228118 0.876720
1 0.228118 0.856411 0.265259 0.856411 0.265259 0.863730 0.228118 0.863730
1 0.227935 0.843787 0.265076 0.843787 0.265076 0.851105 0.227935 0.851105
1 0.227935 0.830796 0.265076 0.830796 0.265076 0.838115 0.227935 0.838115
1 0.228118 0.818172 0.265259 0.818172 0.265259 0.825490 0.228118 0.825490
1 0.228118 0.805181 0.265259 0.805181 0.265259 0.812500 0.228118 0.812500
1 0.227935 0.792557 0.265076 0.792557 0.265076 0.799876 0.227935 0.799876
1 0.227935 0.779750 0.265076 0.779750 0.265076 0.787068 0.227935 0.787068
1 0.228118 0.767125 0.265259 0.767125 0.265259 0.774444 0.228118 0.774444
1 0.228118 0.754135 0.265259 0.754135 0.265259 0.761453 0.228118 0.761453
1 0.227935 0.741511 0.265076 0.741511 0.265076 0.748829 0.227935 0.748829
1 0.227935 0.728520 0.265076 0.728520 0.265076 0.735839 0.227935 0.735839
1 0.228118 0.715896 0.265259 0.715896 0.265259 0.723214 0.228118 0.723214
1 0.228118 0.703088 0.265259 0.703088 0.265259 0.710407 0.228118 0.710407
1 0.228301 0.690464 0.265442 0.690464 0.265442 0.697782 0.228301 0.697782
1 0.228301 0.677474 0.265442 0.677474 0.265442 0.684792 0.228301 0.684792
1 0.228118 0.664849 0.265259 0.664849 0.265259 0.672168 0.228118 0.672168
1 0.228118 0.651859 0.265259 0.651859 0.265259 0.659177 0.228118 0.659177
1 0.227752 0.639052 0.264893 0.639052 0.264893 0.646370 0.227752 0.646370
1 0.227935 0.626427 0.265076 0.626427 0.265076 0.633746 0.227935 0.633746
1 0.227935 0.613620 0.265076 0.613620 0.265076 0.620938 0.227935 0.620938
1 0.228118 0.600995 0.265259 0.600995 0.265259 0.608314 0.228118 0.608314
1 0.228118 0.588005 0.265259 0.588005 0.265259 0.595323 0.228118 0.595323
1 0.227935 0.575381 0.265076 0.575381 0.265076 0.582699 0.227935 0.582699
1 0.227935 0.562390 0.265076 0.562390 0.265076 0.569709 0.227935 0.569709
1 0.227919 0.549120 0.265061 0.549120 0.265061 0.556439 0.227919 0.556439
1 0.227919 0.536313 0.265061 0.536313 0.265061 0.543631 0.227919 0.543631
1 0.228102 0.523689 0.265244 0.523689 0.265244 0.531007 0.228102 0.531007
1 0.228102 0.510698 0.265244 0.510698 0.265244 0.518017 0.228102 0.518017
1 0.227919 0.498074 0.265061 0.498074 0.265061 0.505392 0.227919 0.505392
1 0.227919 0.485083 0.265061 0.485083 0.265061 0.492402 0.227919 0.492402
1 0.228102 0.472459 0.265244 0.472459 0.265244 0.479778 0.228102 0.479778
1 0.228102 0.459652 0.265244 0.459652 0.265244 0.466970 0.228102 0.466970
1 0.228285 0.447027 0.265427 0.447027 0.265427 0.454346 0.228285 0.454346
1 0.228285 0.434037 0.265427 0.434037 0.265427 0.441355 0.228285 0.441355
1 0.228102 0.421413 0.265244 0.421413 0.265244 0.428731 0.228102 0.428731
1 0.228102 0.408422 0.265244 0.408422 0.265244 0.415741 0.228102 0.415741
1 0.227737 0.395615 0.264878 0.395615 0.264878 0.402933 0.227737 0.402933
1 0.227919 0.382990 0.265061 0.382990 0.265061 0.390309 0.227919 0.390309
1 0.227919 0.370183 0.265061 0.370183 0.265061 0.377502 0.227919 0.377502
1 0.877583 0.779288 0.913648 0.779288 0.913648 0.786739 0.877583 0.786739
1 0.877600 0.766498 0.913815 0.766498 0.913815 0.773765 0.877600 0.773765
1 0.877766 0.753674 0.913648 0.753674 0.913648 0.761457 0.877766 0.761457
1 0.877583 0.741049 0.913316 0.741049 0.913316 0.748483 0.877583 0.748483
1 0.877749 0.727743 0.913648 0.727743 0.913648 0.735343 0.877749 0.735343
1 0.877932 0.715784 0.913648 0.715784 0.913648 0.722868 0.877932 0.722868
1 0.877433 0.702627 0.913815 0.702627 0.913815 0.709728 0.877433 0.709728
1 0.877417 0.689836 0.913815 0.689836 0.913815 0.697087 0.877417 0.697087
1 0.877583 0.677012 0.913482 0.677012 0.913482 0.684613 0.877583 0.684613
1 0.877600 0.664222 0.913648 0.664222 0.913648 0.671472 0.877600 0.671472
1 0.877600 0.651248 0.913815 0.651248 0.913815 0.658831 0.877600 0.658831
1 0.877783 0.638790 0.913648 0.638790 0.913648 0.646024 0.877783 0.646024
1 0.877783 0.625799 0.913482 0.625799 0.913482 0.632884 0.877783 0.632884
1 0.877600 0.613009 0.913815 0.613009 0.913815 0.620409 0.877600 0.620409
1 0.877766 0.600351 0.913648 0.600351 0.913648 0.607768 0.877766 0.607768
1 0.877733 0.587710 0.913648 0.587710 0.913648 0.595127 0.877733 0.595127
1 0.877749 0.575086 0.913648 0.575086 0.913648 0.581987 0.877749 0.581987
1 0.877749 0.561613 0.913149 0.561613 0.913149 0.569346 0.877749 0.569346
1 0.877433 0.548988 0.913482 0.548988 0.913482 0.556372 0.877433 0.556372
1 0.877766 0.536497 0.913316 0.536497 0.913316 0.543565 0.877766 0.543565
1 0.877749 0.523374 0.913482 0.523374 0.913482 0.530924 0.877749 0.530924
1 0.877417 0.510716 0.913316 0.510716 0.913316 0.517784 0.877417 0.517784
1 0.877901 0.498278 0.913648 0.498278 0.913648 0.505309 0.877901 0.505309
1 0.877734 0.484971 0.913316 0.484971 0.913316 0.492502 0.877734 0.492502
1 0.877585 0.472181 0.913482 0.472181 0.913482 0.479362 0.877585 0.479362
1 0.878084 0.459024 0.913149 0.459024 0.913149 0.466887 0.878084 0.466887
1 0.877734 0.446400 0.913648 0.446400 0.913648 0.454080 0.877734 0.454080
1 0.877734 0.433742 0.913482 0.433742 0.913482 0.441106 0.877734 0.441106
1 0.877585 0.421284 0.913482 0.421284 0.913482 0.428964 0.877585 0.428964
1 0.877751 0.407645 0.913482 0.407645 0.913482 0.415325 0.877751 0.415325
1 0.877934 0.394854 0.913149 0.394854 0.913149 0.403349 0.877934 0.403349
1 0.877934 0.381864 0.912983 0.381864 0.912983 0.390209 0.877934 0.390209
1 0.878250 0.369239 0.913149 0.369239 0.913149 0.377235 0.878250 0.377235
1 0.877600 0.792295 0.913648 0.792295 0.913648 0.799546 0.877600 0.799546
1 0.877583 0.805086 0.913482 0.805086 0.913482 0.812686 0.877583 0.812686
1 0.877417 0.817910 0.913815 0.817910 0.913815 0.825161 0.877417 0.825161
1 0.877433 0.830701 0.913815 0.830701 0.913815 0.837802 0.877433 0.837802
1 0.877932 0.843858 0.913648 0.843858 0.913648 0.850942 0.877932 0.850942
1 0.877749 0.855817 0.913648 0.855817 0.913648 0.863417 0.877749 0.863417
1 0.877583 0.869123 0.913316 0.869123 0.913316 0.876557 0.877583 0.876557
1 0.877766 0.881747 0.913648 0.881747 0.913648 0.889531 0.877766 0.889531
1 0.877600 0.894571 0.913815 0.894571 0.913815 0.901839 0.877600 0.901839
1 0.877583 0.907362 0.913648 0.907362 0.913648 0.914813 0.877583 0.914813
1 0.877324 0.920040 0.913390 0.920040 0.913390 0.927491 0.877324 0.927491
1 0.911666 0.994548 0.924312 0.994548 0.924312 1.000000 0.911666 1.000000
1 0.171501 0.951611 0.185985 0.951611 0.185985 0.975482 0.171501 0.975482
1 0.209319 0.975750 0.221657 0.975750 0.221657 0.981249 0.209319 0.981249
1 0.059328 0.092351 0.072073 0.092351 0.072073 0.125939 0.059328 0.125939
0 0.009731 0.092728 0.058449 0.094360 0.058010 0.124809 0.008727 0.122926
0 0.580067 0.003764 0.592618 0.003764 0.592618 0.028409 0.580067 0.028409
1 0.580296 0.028637 0.593132 0.028637 0.593132 0.034456 0.580296 0.034456
1 0.932141 0.258099 0.954878 0.258099 0.954878 0.280548 0.932141 0.280548
0 0.954878 0.245723 0.986249 0.245723 0.986249 0.296377 0.954878 0.296377
1 0.991153 0.563183 0.996520 0.563183 0.996520 0.576275 0.991153 0.576275
1 0.991234 0.532933 0.996764 0.532933 0.996764 0.546838 0.991234 0.546838
