0 0.064283 0.019211 0.088913 0.019211 0.088913 0.031772 0.064283 0.031772
0 0.116252 0.019950 0.141374 0.019950 0.141374 0.031772 0.116252 0.031772
0 0.116498 0.046057 0.141127 0.046057 0.141127 0.058618 0.116498 0.058618
0 0.114035 0.075120 0.128320 0.075120 0.128320 0.082016 0.114035 0.082016
0 0.139896 0.099750 0.153689 0.099750 0.153689 0.107139 0.139896 0.107139
0 0.113050 0.107631 0.120931 0.107631 0.120931 0.121424 0.113050 0.121424
0 0.141620 0.122409 0.166250 0.122409 0.166250 0.135216 0.141620 0.135216
0 0.045318 0.210337 0.088420 0.210337 0.088420 0.232503 0.045318 0.232503
0 0.102705 0.150733 0.116252 0.150733 0.116252 0.175609 0.102705 0.175609
0 0.023152 0.275359 0.064037 0.275359 0.064037 0.352695 0.023152 0.352695
0 0.025368 0.476582 0.101966 0.476582 0.101966 0.514758 0.025368 0.514758
0 0.226592 0.755635 0.321170 0.755635 0.321170 0.879276 0.226592 0.879276
0 0.123887 0.219696 0.292846 0.219696 0.292846 0.389394 0.123887 0.389394
0 0.379295 0.853415 0.418949 0.853415 0.418949 0.933461 0.379295 0.933461
0 0.432495 0.854892 0.471410 0.854892 0.471410 0.931983 0.432495 0.931983
0 0.800215 0.179057 0.839622 0.179057 0.839622 0.255162 0.800215 0.255162
0 0.657117 0.507615 0.698741 0.507615 0.698741 0.589139 0.657117 0.589139
0 0.724602 0.508354 0.765487 0.508354 0.765487 0.589386 0.724602 0.589386
0 0.667708 0.855385 0.707608 0.855385 0.707608 0.930998 0.667708 0.930998
0 0.720661 0.855385 0.760315 0.855385 0.760315 0.931244 0.720661 0.931244
0 0.819180 0.758098 0.913511 0.758098 0.913511 0.878044 0.819180 0.878044
0 0.814746 0.660319 0.865237 0.660319 0.865237 0.692091 0.814746 0.692091
0 0.814993 0.616232 0.865729 0.616232 0.865729 0.648004 0.814993 0.648004
0 0.792091 0.405666 0.978831 0.405666 0.978831 0.587724 0.792091 0.587724
0 0.857092 0.232973 0.980208 0.232973 0.980208 0.327996 0.857092 0.327996
0 0.897855 0.156680 0.935038 0.156680 0.935038 0.175133 0.897855 0.175133
1 0.089153 0.019128 0.096138 0.019128 0.096138 0.032102 0.089153 0.032102
1 0.058382 0.018962 0.064037 0.018962 0.064037 0.032102 0.058382 0.032102
1 0.141713 0.018463 0.146869 0.018463 0.146869 0.032268 0.141713 0.032268
1 0.110277 0.019294 0.115932 0.019294 0.115932 0.031935 0.110277 0.031935
1 0.141546 0.045741 0.147202 0.045741 0.147202 0.059047 0.141546 0.059047
1 0.110443 0.045741 0.116098 0.045741 0.116098 0.059047 0.110443 0.059047
1 0.128240 0.074349 0.131567 0.074349 0.131567 0.082167 0.128240 0.082167
1 0.110110 0.074183 0.113769 0.074183 0.113769 0.082000 0.110110 0.082000
1 0.154021 0.099631 0.157514 0.099631 0.157514 0.106950 0.154021 0.106950
1 0.135725 0.099465 0.139717 0.099465 0.139717 0.106784 0.135725 0.106784
1 0.166496 0.121753 0.172484 0.121753 0.172484 0.135559 0.166496 0.135559
1 0.135891 0.122252 0.141380 0.122252 0.141380 0.135060 0.135891 0.135060
1 0.113104 0.103956 0.120589 0.103956 0.120589 0.107283 0.113104 0.107283
1 0.112938 0.121753 0.121254 0.121753 0.121254 0.126244 0.112938 0.126244
1 0.102625 0.145206 0.115765 0.145206 0.115765 0.150528 0.102625 0.150528
1 0.102958 0.175810 0.116431 0.175810 0.116431 0.181965 0.102958 0.181965
1 0.039254 0.210074 0.045075 0.210074 0.045075 0.233028 0.039254 0.233028
1 0.088654 0.210241 0.095473 0.210241 0.095473 0.233360 0.088654 0.233360
1 0.190447 0.194107 0.222882 0.194107 0.222882 0.219389 0.190447 0.219389
1 0.023798 0.256951 0.064258 0.256951 0.064258 0.274707 0.023798 0.274707
1 0.023507 0.353006 0.064549 0.353006 0.064549 0.373091 0.023507 0.373091
1 0.190876 0.389682 0.222604 0.389682 0.222604 0.409475 0.190876 0.409475
1 0.102389 0.475841 0.120727 0.475841 0.120727 0.516591 0.102389 0.516591
1 0.004878 0.475550 0.024963 0.475550 0.024963 0.517174 0.004878 0.517174
1 0.184473 0.758476 0.226097 0.758476 0.226097 0.777105 0.184473 0.777105
1 0.184473 0.791077 0.226097 0.791077 0.226097 0.809706 0.184473 0.809706
1 0.184473 0.823677 0.226097 0.823677 0.226097 0.842306 0.184473 0.842306
1 0.184473 0.856278 0.226097 0.856278 0.226097 0.874907 0.184473 0.874907
1 0.321570 0.759349 0.364358 0.759349 0.364358 0.777396 0.321570 0.777396
1 0.321570 0.791950 0.364067 0.791950 0.364067 0.809997 0.321570 0.809997
1 0.321570 0.824551 0.364358 0.824551 0.364358 0.842015 0.321570 0.842015
1 0.321570 0.857151 0.364358 0.857151 0.364358 0.874907 0.321570 0.874907
1 0.377325 0.933953 0.419195 0.933953 0.419195 0.951440 0.377325 0.951440
1 0.431756 0.932476 0.472395 0.932476 0.472395 0.950948 0.431756 0.950948
1 0.378064 0.835435 0.419442 0.835435 0.419442 0.853168 0.378064 0.853168
1 0.432249 0.835928 0.472149 0.835928 0.472149 0.854646 0.432249 0.854646
0 0.486680 0.784047 0.654796 0.784047 0.654796 0.953046 0.486680 0.953046
1 0.554397 0.953340 0.586784 0.953340 0.586784 0.977188 0.554397 0.977188
1 0.553809 0.760788 0.586490 0.760788 0.586490 0.783753 0.553809 0.783753
1 0.801230 0.158299 0.842213 0.158299 0.842213 0.178535 0.801230 0.178535
1 0.800205 0.255635 0.841445 0.255635 0.841445 0.274078 0.800205 0.274078
1 0.887295 0.154969 0.897285 0.154969 0.897285 0.175717 0.887295 0.175717
1 0.935195 0.154713 0.943904 0.154713 0.943904 0.175973 0.935195 0.175973
1 0.861168 0.191855 0.879098 0.191855 0.879098 0.232326 0.861168 0.232326
1 0.893699 0.192111 0.911629 0.192111 0.911629 0.232582 0.893699 0.232582
1 0.926230 0.192111 0.944160 0.192111 0.944160 0.232582 0.926230 0.232582
1 0.958760 0.192111 0.976691 0.192111 0.976691 0.232582 0.958760 0.232582
1 0.861168 0.327869 0.878586 0.327869 0.878586 0.371670 0.861168 0.371670
1 0.893699 0.328125 0.911373 0.328125 0.911373 0.371670 0.893699 0.371670
1 0.926230 0.328125 0.943904 0.328125 0.943904 0.371670 0.926230 0.371670
1 0.958760 0.328125 0.976691 0.328125 0.976691 0.371670 0.958760 0.371670
1 0.855277 0.390881 0.917008 0.390881 0.917008 0.405482 0.855277 0.405482
1 0.853996 0.588115 0.915471 0.588115 0.915471 0.598873 0.853996 0.598873
1 0.725666 0.491803 0.765881 0.491803 0.765881 0.507941 0.725666 0.507941
1 0.658299 0.491291 0.698514 0.491291 0.698514 0.507428 0.658299 0.507428
1 0.658043 0.589652 0.698770 0.589652 0.698770 0.606814 0.658043 0.606814
1 0.725154 0.589652 0.765881 0.589652 0.765881 0.606814 0.725154 0.606814
0 0.565521 0.182297 0.733846 0.182297 0.733846 0.349625 0.565521 0.349625
1 0.633383 0.156682 0.666649 0.156682 0.666649 0.181965 0.633383 0.181965
1 0.633197 0.349605 0.665984 0.349605 0.665984 0.373909 0.633197 0.373909
1 0.866114 0.615472 0.879520 0.615472 0.879520 0.648508 0.866114 0.648508
1 0.801957 0.615712 0.814406 0.615712 0.814406 0.648029 0.801957 0.648029
1 0.865635 0.660238 0.879041 0.660238 0.879041 0.692556 0.865635 0.692556
1 0.802197 0.660238 0.814406 0.660238 0.814406 0.692556 0.802197 0.692556
1 0.667659 0.835951 0.707877 0.835951 0.707877 0.854623 0.667659 0.854623
1 0.721283 0.835951 0.761979 0.835951 0.761979 0.855341 0.721283 0.855341
1 0.721043 0.931707 0.762218 0.931707 0.762218 0.951337 0.721043 0.951337
1 0.666941 0.931467 0.708356 0.931467 0.708356 0.950858 0.666941 0.950858
1 0.775624 0.759106 0.818954 0.759106 0.818954 0.777300 0.775624 0.777300
1 0.775624 0.791424 0.818954 0.791424 0.818954 0.809618 0.775624 0.809618
1 0.775385 0.823742 0.818715 0.823742 0.818715 0.841935 0.775385 0.841935
1 0.775624 0.856538 0.818954 0.856538 0.818954 0.874732 0.775624 0.874732
1 0.913752 0.759346 0.957082 0.759346 0.957082 0.777539 0.913752 0.777539
1 0.913752 0.791663 0.957082 0.791663 0.957082 0.809857 0.913752 0.809857
1 0.913513 0.823981 0.956843 0.823981 0.956843 0.842175 0.913513 0.842175
1 0.913752 0.856778 0.957082 0.856778 0.957082 0.874971 0.913752 0.874971
1 0.801867 0.704992 0.815196 0.704992 0.815196 0.737085 0.801867 0.737085
1 0.865978 0.705365 0.879232 0.705365 0.879232 0.738053 0.865978 0.738053
0 0.815642 0.704769 0.864489 0.704769 0.864489 0.736117 0.815642 0.736117
1 0.915605 0.910711 0.955903 0.910711 0.955903 0.928984 0.915605 0.928984
1 0.915768 0.944646 0.956230 0.944646 0.956230 0.962756 0.915768 0.962756
1 0.914952 0.977603 0.955414 0.977603 0.955414 0.994244 0.914952 0.994244
1 0.776111 0.976624 0.816735 0.976624 0.816735 0.993102 0.776111 0.993102
1 0.776274 0.944157 0.816735 0.944157 0.816735 0.962593 0.776274 0.962593
1 0.776763 0.911363 0.816083 0.911363 0.816083 0.929310 0.776763 0.929310
1 0.323692 0.976787 0.363338 0.976787 0.363338 0.994897 0.323692 0.994897
1 0.323692 0.944483 0.363827 0.944483 0.363827 0.962430 0.323692 0.962430
1 0.323529 0.912016 0.365133 0.912016 0.365133 0.930289 0.323529 0.930289
1 0.184687 0.976297 0.224170 0.976297 0.224170 0.994081 0.184687 0.994081
1 0.184687 0.943341 0.224659 0.943341 0.224659 0.961777 0.184687 0.961777
1 0.184687 0.912179 0.224659 0.912179 0.224659 0.928984 0.184687 0.928984
1 0.007342 0.199697 0.023657 0.199697 0.023657 0.241464 0.007342 0.241464
1 0.010436 0.160160 0.017009 0.160160 0.017009 0.168800 0.010436 0.168800
1 0.071389 0.138035 0.079148 0.138035 0.079148 0.145726 0.071389 0.145726
1 0.022904 0.160228 0.029477 0.160228 0.029477 0.168868 0.022904 0.168868
1 0.035881 0.160329 0.042454 0.160329 0.042454 0.168969 0.035881 0.168969
1 0.048350 0.160397 0.054923 0.160397 0.054923 0.169037 0.048350 0.169037
1 0.071389 0.125126 0.079148 0.125126 0.079148 0.132817 0.071389 0.132817
1 0.071322 0.098935 0.079080 0.098935 0.079080 0.106626 0.071322 0.106626
1 0.071322 0.111844 0.079080 0.111844 0.079080 0.119536 0.071322 0.119536
1 0.071288 0.086501 0.079047 0.086501 0.079047 0.094192 0.071288 0.094192
1 0.071355 0.073727 0.079114 0.073727 0.079114 0.081418 0.071355 0.081418
1 0.048417 0.051230 0.056075 0.051230 0.056075 0.058345 0.048417 0.058345
1 0.035678 0.050891 0.043335 0.050891 0.043335 0.058006 0.035678 0.058006
1 0.022227 0.051196 0.029884 0.051196 0.029884 0.058311 0.022227 0.058311
1 0.009521 0.051162 0.017178 0.051162 0.017178 0.058277 0.009521 0.058277
