0 0.024543 0.480855 0.061248 0.480855 0.061248 0.498548 0.024543 0.498548
0 0.053854 0.534725 0.071547 0.534725 0.071547 0.571167 0.053854 0.571167
0 0.118815 0.533405 0.137300 0.533405 0.137300 0.570903 0.118815 0.570903
0 0.155521 0.479799 0.192491 0.479799 0.192491 0.498284 0.155521 0.498284
0 0.211240 0.515976 0.240023 0.515976 0.240023 0.556379 0.211240 0.556379
0 0.257980 0.548721 0.269599 0.548721 0.269599 0.571431 0.257980 0.571431
0 0.279106 0.489569 0.301552 0.489569 0.301552 0.501188 0.279106 0.501188
0 0.289669 0.533141 0.309210 0.533141 0.309210 0.571695 0.289669 0.571695
0 0.347236 0.480591 0.387902 0.480591 0.387902 0.510431 0.347236 0.510431
0 0.327166 0.534197 0.345651 0.534197 0.345651 0.570903 0.327166 0.570903
0 0.366513 0.550305 0.378660 0.550305 0.378660 0.573807 0.366513 0.573807
0 0.401370 0.533405 0.419591 0.533405 0.419591 0.570110 0.401370 0.570110
0 0.435699 0.533933 0.453920 0.533933 0.453920 0.570110 0.435699 0.570110
0 0.472141 0.534461 0.491418 0.534461 0.491418 0.570903 0.472141 0.570903
0 0.514656 0.529444 0.525219 0.529444 0.525219 0.552946 0.514656 0.552946
0 0.540007 0.441773 0.567470 0.441773 0.567470 0.482968 0.540007 0.482968
0 0.547665 0.533669 0.566678 0.533669 0.566678 0.571167 0.547665 0.571167
0 0.583050 0.462106 0.601271 0.462106 0.601271 0.499076 0.583050 0.499076
0 0.582522 0.532877 0.604704 0.532877 0.604704 0.571959 0.582522 0.571959
0 0.653556 0.429890 0.694223 0.429890 0.694223 0.458673 0.653556 0.458673
0 0.658310 0.517561 0.677323 0.517561 0.677323 0.554002 0.658310 0.554002
0 0.694751 0.516504 0.712972 0.516504 0.712972 0.553738 0.694751 0.553738
0 0.728816 0.517297 0.747565 0.517297 0.747565 0.554530 0.728816 0.554530
0 0.765258 0.517561 0.784271 0.517561 0.784271 0.554530 0.765258 0.554530
0 0.800643 0.517297 0.818600 0.517297 0.818600 0.554794 0.800643 0.554794
0 0.809622 0.474781 0.846591 0.474781 0.846591 0.493530 0.809622 0.493530
0 0.839726 0.533933 0.852137 0.533933 0.852137 0.556907 0.839726 0.556907
0 0.876167 0.533669 0.887522 0.533669 0.887522 0.556907 0.876167 0.556907
0 0.949843 0.452335 0.985492 0.452335 0.985492 0.470820 0.949843 0.470820
0 0.949579 0.488249 0.986020 0.488249 0.986020 0.507790 0.949579 0.507790
0 0.951163 0.534461 0.969912 0.534461 0.969912 0.570639 0.951163 0.570639
1 0.061776 0.478478 0.071019 0.478478 0.071019 0.501452 0.061776 0.501452
1 0.016092 0.476366 0.024279 0.476366 0.024279 0.500660 0.016092 0.500660
1 0.052534 0.522842 0.073924 0.522842 0.073924 0.534461 0.052534 0.534461
1 0.052534 0.571431 0.073396 0.571431 0.073396 0.580145 0.052534 0.580145
1 0.118023 0.523106 0.138885 0.523106 0.138885 0.533141 0.118023 0.533141
1 0.117231 0.571431 0.139149 0.571431 0.139149 0.580409 0.117231 0.580409
1 0.193283 0.477950 0.201733 0.477950 0.201733 0.500132 0.193283 0.500132
1 0.145751 0.477422 0.154729 0.477422 0.154729 0.500132 0.145751 0.500132
1 0.218634 0.494851 0.231837 0.494851 0.231837 0.515448 0.218634 0.515448
1 0.217842 0.556907 0.231045 0.556907 0.231045 0.580145 0.217842 0.580145
1 0.256660 0.541855 0.270127 0.541855 0.270127 0.548193 0.256660 0.548193
1 0.256924 0.571695 0.271448 0.571695 0.271448 0.578033 0.256924 0.578033
1 0.302080 0.487457 0.308682 0.487457 0.308682 0.502773 0.302080 0.502773
1 0.272240 0.488249 0.278578 0.488249 0.278578 0.502773 0.272240 0.502773
1 0.288876 0.523370 0.309738 0.523370 0.309738 0.532349 0.288876 0.532349
1 0.289669 0.572223 0.310266 0.572223 0.310266 0.580145 0.289669 0.580145
1 0.325318 0.487985 0.346708 0.487985 0.346708 0.501981 0.325318 0.501981
1 0.325846 0.523898 0.346972 0.523898 0.346972 0.533669 0.325846 0.533669
1 0.326638 0.571431 0.346972 0.571431 0.346972 0.579617 0.326638 0.579617
1 0.388431 0.488249 0.409820 0.488249 0.409820 0.501981 0.388431 0.501981
1 0.365985 0.543439 0.379188 0.543439 0.379188 0.549513 0.365985 0.549513
1 0.366513 0.574600 0.378924 0.574600 0.378924 0.580673 0.366513 0.580673
1 0.399786 0.523634 0.420911 0.523634 0.420911 0.532877 0.399786 0.532877
1 0.399522 0.570639 0.419591 0.570639 0.419591 0.580145 0.399522 0.580145
1 0.435171 0.523898 0.455504 0.523898 0.455504 0.533405 0.435171 0.533405
1 0.434379 0.570639 0.455240 0.570639 0.455240 0.580145 0.434379 0.580145
1 0.471348 0.523370 0.493002 0.523370 0.493002 0.533669 0.471348 0.533669
1 0.471877 0.571167 0.492474 0.571167 0.492474 0.579881 0.471877 0.579881
1 0.514128 0.522050 0.526011 0.522050 0.526011 0.528652 0.514128 0.528652
1 0.513600 0.553474 0.526011 0.553474 0.526011 0.559548 0.513600 0.559548
1 0.546608 0.523370 0.567998 0.523370 0.567998 0.533141 0.546608 0.533141
1 0.546344 0.571695 0.567470 0.571695 0.567470 0.580937 0.546344 0.580937
1 0.547400 0.419327 0.560076 0.419327 0.560076 0.441509 0.547400 0.441509
1 0.546608 0.483496 0.560340 0.483496 0.560340 0.505149 0.546608 0.505149
1 0.582522 0.452335 0.603119 0.452335 0.603119 0.461578 0.582522 0.461578
1 0.583578 0.499604 0.603383 0.499604 0.603383 0.508582 0.583578 0.508582
1 0.581465 0.523898 0.604440 0.523898 0.604440 0.532349 0.581465 0.532349
1 0.582786 0.572487 0.603911 0.572487 0.603911 0.580145 0.582786 0.580145
1 0.631375 0.437812 0.653292 0.437812 0.653292 0.451015 0.631375 0.451015
1 0.695015 0.438076 0.715613 0.438076 0.715613 0.450223 0.695015 0.450223
1 0.657782 0.507526 0.678115 0.507526 0.678115 0.517032 0.657782 0.517032
1 0.657253 0.554530 0.677323 0.554530 0.677323 0.563773 0.657253 0.563773
1 0.693167 0.507526 0.714557 0.507526 0.714557 0.516240 0.693167 0.516240
1 0.693167 0.554266 0.713236 0.554266 0.713236 0.563773 0.693167 0.563773
1 0.728288 0.507526 0.750206 0.507526 0.750206 0.516768 0.728288 0.516768
1 0.728024 0.554794 0.749150 0.554794 0.749150 0.563773 0.728024 0.563773
1 0.764994 0.507262 0.786119 0.507262 0.786119 0.517032 0.764994 0.517032
1 0.764994 0.554794 0.785327 0.554794 0.785327 0.563773 0.764994 0.563773
1 0.800115 0.506998 0.820713 0.506998 0.820713 0.516504 0.800115 0.516504
1 0.799851 0.555323 0.820713 0.555323 0.820713 0.563509 0.799851 0.563509
1 0.846855 0.473197 0.856362 0.473197 0.856362 0.494851 0.846855 0.494851
1 0.799851 0.473197 0.809358 0.473197 0.809358 0.495379 0.799851 0.495379
1 0.838933 0.527067 0.851873 0.527067 0.851873 0.533141 0.838933 0.533141
1 0.876167 0.527067 0.888050 0.527067 0.888050 0.533405 0.876167 0.533405
1 0.875903 0.557171 0.888314 0.557171 0.888314 0.563245 0.875903 0.563245
1 0.839726 0.557435 0.853457 0.557435 0.853457 0.563245 0.839726 0.563245
1 0.940072 0.450223 0.949050 0.450223 0.949050 0.472669 0.940072 0.472669
1 0.986020 0.450223 0.995527 0.450223 0.995527 0.472405 0.986020 0.472405
1 0.987076 0.486400 0.996055 0.486400 0.996055 0.509110 0.987076 0.509110
1 0.939808 0.486664 0.949314 0.486664 0.949314 0.507790 0.939808 0.507790
1 0.949050 0.523634 0.971496 0.523634 0.971496 0.534197 0.949050 0.534197
1 0.950371 0.570903 0.971232 0.570903 0.971232 0.579617 0.950371 0.579617
1 0.017812 0.524207 0.026261 0.524207 0.026261 0.544323 0.017812 0.544323
