0 0.028534 0.747208 0.080247 0.747208 0.080247 0.778465 0.028534 0.778465
0 0.132910 0.831853 0.183519 0.831853 0.183519 0.864497 0.132910 0.864497
0 0.132104 0.876634 0.183219 0.876634 0.183219 0.909036 0.132104 0.909036
0 0.686614 0.679210 0.699953 0.679210 0.699953 0.704079 0.686614 0.704079
0 0.635006 0.743453 0.648425 0.743453 0.648425 0.768365 0.635006 0.768365
0 0.786108 0.799476 0.798524 0.799476 0.798524 0.822817 0.786108 0.822817
0 0.409937 0.679677 0.423345 0.679677 0.423345 0.704238 0.409937 0.704238
0 0.656705 0.679392 0.669842 0.679392 0.669842 0.704009 0.656705 0.704009
0 0.460481 0.667194 0.473468 0.667194 0.473468 0.691714 0.460481 0.691714
0 0.712785 0.679093 0.726715 0.679093 0.726715 0.703920 0.712785 0.703920
0 0.795263 0.679409 0.808527 0.679409 0.808527 0.704304 0.795263 0.704304
0 0.769274 0.679564 0.782914 0.679564 0.782914 0.703939 0.769274 0.703939
0 0.394404 0.617432 0.407820 0.617432 0.407820 0.642692 0.394404 0.642692
0 0.789842 0.844409 0.816770 0.844409 0.816770 0.859831 0.789842 0.859831
0 0.425835 0.617360 0.439227 0.617360 0.439227 0.642300 0.425835 0.642300
0 0.674950 0.926808 0.688275 0.926808 0.688275 0.951399 0.674950 0.951399
0 0.260675 0.263989 0.285754 0.263989 0.285754 0.277755 0.260675 0.277755
0 0.131384 0.788065 0.181817 0.788065 0.181817 0.819006 0.131384 0.819006
0 0.741950 0.679008 0.756185 0.679008 0.756185 0.703454 0.741950 0.703454
0 0.701346 0.971752 0.726281 0.971752 0.726281 0.984785 0.701346 0.984785
1 0.182985 0.787604 0.195111 0.787604 0.195111 0.820457 0.182985 0.820457
1 0.700952 0.922094 0.721990 0.922094 0.721990 0.933991 0.700952 0.933991
1 0.632947 0.935120 0.655785 0.935120 0.655785 0.955678 0.632947 0.955678
1 0.632986 0.967880 0.655398 0.967880 0.655398 0.988648 0.632986 0.988648
1 0.579907 0.951886 0.602280 0.951886 0.602280 0.971282 0.579907 0.971282
0 0.949053 0.839207 0.961961 0.839207 0.961961 0.863933 0.949053 0.863933
1 0.118411 0.877985 0.131979 0.877985 0.131979 0.910285 0.118411 0.910285
1 0.183715 0.878245 0.195498 0.878245 0.195498 0.910406 0.183715 0.910406
1 0.081284 0.746918 0.092975 0.746918 0.092975 0.778799 0.081284 0.778799
1 0.498197 0.695439 0.512035 0.695439 0.512035 0.705415 0.498197 0.705415
1 0.765275 0.920723 0.786520 0.920723 0.786520 0.935446 0.765275 0.935446
1 0.794867 0.674009 0.809018 0.674009 0.809018 0.679330 0.794867 0.679330
1 0.769156 0.673989 0.783645 0.673989 0.783645 0.679493 0.769156 0.679493
1 0.574974 0.695113 0.588825 0.695113 0.588825 0.705596 0.574974 0.705596
1 0.183993 0.832984 0.195032 0.832984 0.195032 0.865327 0.183993 0.865327
1 0.393728 0.611901 0.407349 0.611901 0.407349 0.617547 0.393728 0.617547
1 0.460117 0.662405 0.473691 0.662405 0.473691 0.666857 0.460117 0.666857
1 0.713339 0.703827 0.727222 0.703827 0.727222 0.708603 0.713339 0.708603
1 0.410242 0.674367 0.423200 0.674367 0.423200 0.679433 0.410242 0.679433
1 0.619118 0.662905 0.632594 0.662905 0.632594 0.672480 0.619118 0.672480
1 0.656188 0.674319 0.670006 0.674319 0.670006 0.679050 0.656188 0.679050
1 0.118496 0.788824 0.131530 0.788824 0.131530 0.820894 0.118496 0.820894
1 0.606237 0.662971 0.614754 0.662971 0.614754 0.672480 0.606237 0.672480
1 0.686118 0.674444 0.699635 0.674444 0.699635 0.678855 0.686118 0.678855
1 0.768992 0.704085 0.782403 0.704085 0.782403 0.708571 0.768992 0.708571
1 0.460155 0.691950 0.473820 0.691950 0.473820 0.696655 0.460155 0.696655
1 0.528909 0.662769 0.537423 0.662769 0.537423 0.671684 0.528909 0.671684
1 0.635157 0.737810 0.648380 0.737810 0.648380 0.743512 0.635157 0.743512
1 0.712313 0.674072 0.726144 0.674072 0.726144 0.679146 0.712313 0.679146
0 0.602506 0.936728 0.632752 0.936728 0.632752 0.985551 0.602506 0.985551
0 0.857795 0.563676 0.882511 0.563676 0.882511 0.576916 0.857795 0.576916
0 0.500697 0.671739 0.552658 0.671739 0.552658 0.695396 0.500697 0.695396
1 0.785611 0.794580 0.799030 0.794580 0.799030 0.799365 0.785611 0.799365
1 0.741712 0.703727 0.755737 0.703727 0.755737 0.708170 0.741712 0.708170
0 0.481881 0.617378 0.495166 0.617378 0.495166 0.641855 0.481881 0.641855
1 0.592867 0.695326 0.601341 0.695326 0.601341 0.705181 0.592867 0.705181
1 0.742373 0.674010 0.756140 0.674010 0.756140 0.678779 0.742373 0.678779
1 0.575482 0.662528 0.589512 0.662528 0.589512 0.673599 0.575482 0.673599
1 0.674761 0.951339 0.687158 0.951339 0.687158 0.957058 0.674761 0.957058
1 0.606127 0.694900 0.613866 0.694900 0.613866 0.705258 0.606127 0.705258
0 0.308634 0.645382 0.322568 0.645382 0.322568 0.652704 0.308634 0.652704
1 0.686365 0.704355 0.700233 0.704355 0.700233 0.708818 0.686365 0.708818
1 0.541571 0.695250 0.554986 0.695250 0.554986 0.705245 0.541571 0.705245
1 0.017393 0.746645 0.028293 0.746645 0.028293 0.778148 0.017393 0.778148
1 0.948957 0.863983 0.961994 0.863983 0.961994 0.869113 0.948957 0.869113
1 0.634776 0.768302 0.649342 0.768302 0.649342 0.772773 0.634776 0.772773
1 0.675442 0.919828 0.688125 0.919828 0.688125 0.926768 0.675442 0.926768
1 0.541564 0.662443 0.555065 0.662443 0.555065 0.671601 0.541564 0.671601
1 0.285937 0.264121 0.290139 0.264121 0.290139 0.277649 0.285937 0.277649
1 0.256020 0.264347 0.260516 0.264347 0.260516 0.277709 0.256020 0.277709
1 0.322734 0.645330 0.325784 0.645330 0.325784 0.652770 0.322734 0.652770
1 0.305218 0.645203 0.308402 0.645203 0.308402 0.652699 0.305218 0.652699
1 0.394297 0.642748 0.407743 0.642748 0.407743 0.647903 0.394297 0.647903
1 0.425928 0.642403 0.439511 0.642403 0.439511 0.647317 0.425928 0.647317
1 0.425783 0.612368 0.439365 0.612368 0.439365 0.617282 0.425783 0.617282
1 0.410237 0.704131 0.422990 0.704131 0.422990 0.708721 0.410237 0.708721
1 0.516115 0.695548 0.524300 0.695548 0.524300 0.704953 0.516115 0.704953
1 0.528739 0.695619 0.536923 0.695619 0.536923 0.705025 0.528739 0.705025
1 0.516283 0.662527 0.524950 0.662527 0.524950 0.671634 0.516283 0.671634
1 0.498412 0.662658 0.512329 0.662658 0.512329 0.671702 0.498412 0.671702
1 0.593023 0.662708 0.601973 0.662708 0.601973 0.672800 0.593023 0.672800
1 0.618662 0.695080 0.631848 0.695080 0.631848 0.705444 0.618662 0.705444
0 0.577606 0.673763 0.630204 0.673763 0.630204 0.694978 0.577606 0.694978
1 0.656595 0.704070 0.670463 0.704070 0.670463 0.708534 0.656595 0.708534
1 0.795235 0.704505 0.808646 0.704505 0.808646 0.708992 0.795235 0.708992
1 0.118077 0.832871 0.132552 0.832871 0.132552 0.865170 0.118077 0.865170
0 0.722485 0.912346 0.764672 0.912346 0.764672 0.944302 0.722485 0.944302
1 0.726450 0.972074 0.731148 0.972074 0.731148 0.984273 0.726450 0.984273
1 0.696481 0.971869 0.701178 0.971869 0.701178 0.984068 0.696481 0.984068
1 0.949276 0.833933 0.962313 0.833933 0.962313 0.839063 0.949276 0.839063
1 0.785356 0.823030 0.798824 0.823030 0.798824 0.828435 0.785356 0.828435
1 0.787444 0.844618 0.789965 0.844618 0.789965 0.859250 0.787444 0.859250
1 0.816879 0.845261 0.820298 0.845261 0.820298 0.859731 0.816879 0.859731
1 0.882540 0.563618 0.887855 0.563618 0.887855 0.576773 0.882540 0.576773
1 0.852351 0.563819 0.857667 0.563819 0.857667 0.576973 0.852351 0.576973
0 0.013253 0.791217 0.089829 0.791217 0.089829 0.855455 0.013253 0.855455
1 0.091036 0.790144 0.106726 0.790144 0.106726 0.859746 0.091036 0.859746
1 0.090633 0.869268 0.105922 0.869268 0.105922 0.937798 0.090633 0.937798
0 0.011643 0.871548 0.088756 0.871548 0.088756 0.933238 0.011643 0.933238
1 0.114639 0.928947 0.184241 0.928947 0.184241 0.942089 0.114639 0.942089
1 0.268998 0.817368 0.351206 0.817368 0.351206 0.828097 0.268998 0.828097
