0 0.969149 0.315640 0.982805 0.315640 0.982805 0.340295 0.969149 0.340295
0 0.878250 0.014443 0.891467 0.014443 0.891467 0.039447 0.878250 0.039447
0 0.428648 0.916336 0.442001 0.916336 0.442001 0.941447 0.428648 0.941447
0 0.055875 0.443487 0.068871 0.443487 0.068871 0.467972 0.055875 0.467972
0 0.806602 0.942648 0.819742 0.942648 0.819742 0.967008 0.806602 0.967008
0 0.360622 0.849234 0.372632 0.849234 0.372632 0.873085 0.360622 0.873085
0 0.798284 0.498873 0.823361 0.498873 0.823361 0.511732 0.798284 0.511732
0 0.368338 0.901100 0.381618 0.901100 0.381618 0.925877 0.368338 0.925877
0 0.240413 0.383224 0.254222 0.383224 0.254222 0.407419 0.240413 0.407419
0 0.654691 0.551390 0.667085 0.551390 0.667085 0.575692 0.654691 0.575692
0 0.797978 0.473015 0.822114 0.473015 0.822114 0.485340 0.797978 0.485340
0 0.484329 0.606524 0.516853 0.606524 0.516853 0.657748 0.484329 0.657748
0 0.716397 0.851262 0.741346 0.851262 0.741346 0.864754 0.716397 0.864754
0 0.742085 0.913711 0.766814 0.913711 0.766814 0.926925 0.742085 0.926925
0 0.334587 0.851166 0.348025 0.851166 0.348025 0.875857 0.334587 0.875857
0 0.240364 0.134443 0.264993 0.134443 0.264993 0.147672 0.240364 0.147672
0 0.839613 0.010096 0.864060 0.010096 0.864060 0.023195 0.839613 0.023195
0 0.820236 0.524513 0.845099 0.524513 0.845099 0.537151 0.820236 0.537151
0 0.705516 0.551492 0.718212 0.551492 0.718212 0.575538 0.705516 0.575538
0 0.432575 0.544555 0.457624 0.544555 0.457624 0.557610 0.432575 0.557610
0 0.730953 0.551516 0.744032 0.551516 0.744032 0.575973 0.730953 0.575973
0 0.018144 0.443298 0.030826 0.443298 0.030826 0.467406 0.018144 0.467406
1 0.195269 0.079933 0.207803 0.079933 0.207803 0.093266 0.195269 0.093266
0 0.782838 0.551460 0.794723 0.551460 0.794723 0.575435 0.782838 0.575435
0 0.679961 0.551474 0.692469 0.551474 0.692469 0.575948 0.679961 0.575948
1 0.805126 0.937112 0.820645 0.937112 0.820645 0.942373 0.805126 0.942373
1 0.736304 0.913154 0.741836 0.913154 0.741836 0.927246 0.736304 0.927246
0 0.090058 0.431636 0.114596 0.431636 0.114596 0.444608 0.090058 0.444608
0 0.757138 0.551624 0.769178 0.551624 0.769178 0.575558 0.757138 0.575558
0 0.822976 0.551281 0.846619 0.551281 0.846619 0.562833 0.822976 0.562833
1 0.114774 0.430346 0.120219 0.430346 0.120219 0.445591 0.114774 0.445591
0 0.207969 0.037292 0.231393 0.037292 0.231393 0.090678 0.207969 0.090678
1 0.792759 0.498526 0.797976 0.498526 0.797976 0.513115 0.792759 0.513115
1 0.864164 0.008883 0.869984 0.008883 0.869984 0.024196 0.864164 0.024196
0 0.853783 0.190305 0.878463 0.190305 0.878463 0.203006 0.853783 0.203006
1 0.196555 0.037027 0.207703 0.037027 0.207703 0.050332 0.196555 0.050332
0 0.951613 0.493231 0.964528 0.493231 0.964528 0.517847 0.951613 0.517847
1 0.730758 0.576191 0.744518 0.576191 0.744518 0.581506 0.730758 0.581506
1 0.482985 0.658005 0.516879 0.658005 0.516879 0.671741 0.482985 0.671741
1 0.792213 0.470184 0.797772 0.470184 0.797772 0.487398 0.792213 0.487398
1 0.848360 0.189053 0.853567 0.189053 0.853567 0.203594 0.848360 0.203594
1 0.678820 0.576167 0.693519 0.576167 0.693519 0.581455 0.678820 0.581455
1 0.845306 0.523844 0.850000 0.523844 0.850000 0.538704 0.845306 0.538704
1 0.368372 0.926329 0.381734 0.926329 0.381734 0.931764 0.368372 0.931764
1 0.877732 0.039734 0.891801 0.039734 0.891801 0.045325 0.877732 0.045325
1 0.456698 0.544643 0.462382 0.544643 0.462382 0.557795 0.456698 0.557795
1 0.265190 0.133319 0.270441 0.133319 0.270441 0.148540 0.265190 0.148540
1 0.704597 0.575701 0.719800 0.575701 0.719800 0.581071 0.704597 0.581071
1 0.426804 0.544733 0.431919 0.544733 0.431919 0.557276 0.426804 0.557276
1 0.823536 0.498385 0.828151 0.498385 0.828151 0.512884 0.823536 0.512884
1 0.710565 0.850302 0.716254 0.850302 0.716254 0.865301 0.710565 0.865301
1 0.240476 0.407631 0.254307 0.407631 0.254307 0.413118 0.240476 0.413118
1 0.234990 0.133837 0.240291 0.133837 0.240291 0.147691 0.234990 0.147691
1 0.756604 0.575794 0.769672 0.575794 0.769672 0.580635 0.756604 0.580635
1 0.334461 0.876137 0.348586 0.876137 0.348586 0.882093 0.334461 0.882093
1 0.846780 0.549777 0.852561 0.549777 0.852561 0.564447 0.846780 0.564447
1 0.055185 0.437523 0.069185 0.437523 0.069185 0.443236 0.055185 0.443236
1 0.196389 0.054247 0.207769 0.054247 0.207769 0.063703 0.196389 0.063703
1 0.196422 0.066855 0.207803 0.066855 0.207803 0.076311 0.196422 0.076311
1 0.231692 0.079828 0.241215 0.079828 0.241215 0.093167 0.231692 0.093167
1 0.231460 0.067087 0.241878 0.067087 0.241878 0.076411 0.231460 0.076411
1 0.231526 0.054048 0.241945 0.054048 0.241945 0.063371 0.231526 0.063371
1 0.231493 0.037126 0.242111 0.037126 0.242111 0.050995 0.231493 0.050995
0 0.183695 0.134609 0.207307 0.134609 0.207307 0.186436 0.183695 0.186436
1 0.172386 0.132419 0.183535 0.132419 0.183535 0.145724 0.172386 0.145724
1 0.172185 0.149323 0.183566 0.149323 0.183566 0.158779 0.172185 0.158779
1 0.172148 0.161685 0.183529 0.161685 0.183529 0.171142 0.172148 0.171142
1 0.172487 0.174911 0.183625 0.174911 0.183625 0.188193 0.172487 0.188193
1 0.207524 0.175080 0.218446 0.175080 0.218446 0.188509 0.207524 0.188509
1 0.207748 0.161988 0.218167 0.161988 0.218167 0.171311 0.207748 0.171311
1 0.207744 0.149159 0.218163 0.149159 0.218163 0.158483 0.207744 0.158483
1 0.207324 0.132378 0.218551 0.132378 0.218551 0.145502 0.207324 0.145502
1 0.240366 0.377485 0.254198 0.377485 0.254198 0.382972 0.240366 0.382972
1 0.084470 0.430053 0.089915 0.430053 0.089915 0.445298 0.084470 0.445298
1 0.055059 0.468034 0.069562 0.468034 0.069562 0.472994 0.055059 0.472994
1 0.017014 0.467469 0.031516 0.467469 0.031516 0.472429 0.017014 0.472429
1 0.017390 0.438276 0.031893 0.438276 0.031893 0.443236 0.017390 0.443236
1 0.822309 0.470985 0.828085 0.470985 0.828085 0.486115 0.822309 0.486115
1 0.815087 0.523386 0.820056 0.523386 0.820056 0.538448 0.815087 0.538448
1 0.816965 0.549162 0.822823 0.549162 0.822823 0.565164 0.816965 0.565164
1 0.678689 0.546260 0.693545 0.546260 0.693545 0.551306 0.678689 0.551306
1 0.652792 0.575820 0.668622 0.575820 0.668622 0.581352 0.652792 0.581352
1 0.653484 0.546004 0.668289 0.546004 0.668289 0.551178 0.653484 0.551178
1 0.704303 0.545722 0.719467 0.545722 0.719467 0.551358 0.704303 0.551358
1 0.730251 0.546004 0.745184 0.546004 0.745184 0.551358 0.730251 0.551358
1 0.754713 0.546004 0.770953 0.546004 0.770953 0.551409 0.754713 0.551409
1 0.781455 0.545978 0.796363 0.545978 0.796363 0.551230 0.781455 0.551230
1 0.781224 0.575692 0.796311 0.575692 0.796311 0.581199 0.781224 0.581199
1 0.950587 0.488337 0.965348 0.488337 0.965348 0.493152 0.950587 0.493152
1 0.951100 0.518057 0.965269 0.518057 0.965269 0.523030 0.951100 0.523030
1 0.849546 0.474487 0.864307 0.474487 0.864307 0.479302 0.849546 0.479302
0 0.850572 0.479381 0.863487 0.479381 0.863487 0.503997 0.850572 0.503997
1 0.850059 0.504206 0.864228 0.504206 0.864228 0.509179 0.850059 0.509179
1 0.833543 0.008383 0.839363 0.008383 0.839363 0.023696 0.833543 0.023696
1 0.833648 0.033516 0.839707 0.033516 0.839707 0.048824 0.833648 0.048824
0 0.839977 0.035088 0.863340 0.035088 0.863340 0.047109 0.839977 0.047109
1 0.863531 0.033501 0.869351 0.033501 0.869351 0.048814 0.863531 0.048814
1 0.877401 0.009133 0.891631 0.009133 0.891631 0.014315 0.877401 0.014315
1 0.878605 0.188756 0.883812 0.188756 0.883812 0.203296 0.878605 0.203296
1 0.741642 0.850376 0.746810 0.850376 0.746810 0.865509 0.741642 0.865509
1 0.767012 0.913080 0.772544 0.913080 0.772544 0.927172 0.767012 0.927172
1 0.805569 0.967303 0.820775 0.967303 0.820775 0.972913 0.805569 0.972913
1 0.968780 0.310694 0.982805 0.310694 0.982805 0.315419 0.968780 0.315419
1 0.968706 0.340443 0.983765 0.340443 0.983765 0.346127 0.968706 0.346127
1 0.334125 0.844979 0.348250 0.844979 0.348250 0.850935 0.334125 0.850935
1 0.484413 0.593842 0.517334 0.593842 0.517334 0.606188 0.484413 0.606188
1 0.368372 0.895508 0.381734 0.895508 0.381734 0.900942 0.368372 0.900942
1 0.427976 0.911045 0.442925 0.911045 0.442925 0.916084 0.427976 0.916084
1 0.427640 0.941699 0.443765 0.941699 0.443765 0.946234 0.427640 0.946234
1 0.359698 0.844027 0.374563 0.844027 0.374563 0.849150 0.359698 0.849150
1 0.359530 0.873337 0.375151 0.873337 0.375151 0.879636 0.359530 0.879636
1 0.990895 0.311036 0.996079 0.311036 0.996079 0.325140 0.990895 0.325140
1 0.991428 0.337337 0.996688 0.337337 0.996688 0.350678 0.991428 0.350678
1 0.965065 0.249598 0.983694 0.249598 0.983694 0.298499 0.965065 0.298499
1 0.965065 0.068840 0.984422 0.068840 0.984422 0.117158 0.965065 0.117158
