0 0.055218 0.293252 0.064366 0.293252 0.064366 0.308621 0.055218 0.308621
0 0.081199 0.297095 0.089615 0.297095 0.089615 0.312280 0.081199 0.312280
0 0.108277 0.287763 0.120170 0.287763 0.120170 0.310634 0.108277 0.310634
0 0.177803 0.346677 0.191342 0.346677 0.191342 0.371743 0.177803 0.371743
0 0.203418 0.346677 0.216225 0.346677 0.216225 0.371560 0.203418 0.371560
0 0.228667 0.347043 0.241474 0.347043 0.241474 0.371926 0.228667 0.371926
0 0.254464 0.347043 0.267272 0.347043 0.267272 0.371926 0.254464 0.371926
0 0.279713 0.346677 0.292520 0.346677 0.292520 0.371560 0.279713 0.371560
0 0.305877 0.347043 0.318684 0.347043 0.318684 0.371926 0.305877 0.371926
0 0.182377 0.515735 0.197746 0.515735 0.197746 0.524883 0.182377 0.524883
0 0.160056 0.544277 0.201039 0.544277 0.201039 0.565318 0.160056 0.565318
0 0.233058 0.554340 0.267455 0.554340 0.267455 0.660092 0.233058 0.660092
0 0.154384 0.667228 0.201222 0.667228 0.201222 0.696502 0.154384 0.696502
0 0.093091 0.707662 0.117425 0.707662 0.117425 0.720470 0.093091 0.720470
0 0.183292 0.717177 0.197197 0.717177 0.197197 0.723763 0.183292 0.723763
0 0.130599 0.748280 0.186402 0.748280 0.186402 0.844335 0.130599 0.844335
0 0.064549 0.812683 0.076442 0.812683 0.076442 0.835553 0.064549 0.835553
0 0.152005 0.868487 0.199576 0.868487 0.199576 0.897761 0.152005 0.897761
0 0.182560 0.913678 0.220799 0.913678 0.220799 0.931426 0.182560 0.931426
0 0.425168 0.878001 0.463225 0.878001 0.463225 0.895565 0.425168 0.895565
0 0.414191 0.832992 0.461578 0.832992 0.461578 0.861900 0.414191 0.861900
0 0.338810 0.830613 0.361680 0.830613 0.361680 0.842323 0.338810 0.842323
0 0.374122 0.712419 0.430474 0.712419 0.430474 0.809207 0.374122 0.809207
0 0.436512 0.681316 0.450600 0.681316 0.450600 0.688085 0.436512 0.688085
0 0.337895 0.672168 0.362778 0.672168 0.362778 0.684609 0.337895 0.684609
0 0.441635 0.634294 0.488290 0.634294 0.488290 0.663569 0.441635 0.663569
0 0.442001 0.588920 0.489022 0.588920 0.489022 0.619292 0.442001 0.619292
0 0.413093 0.535495 0.518479 0.535495 0.518479 0.570258 0.413093 0.570258
0 0.429559 0.494877 0.469994 0.494877 0.469994 0.515552 0.429559 0.515552
0 0.428279 0.449502 0.441452 0.449502 0.441452 0.474019 0.428279 0.474019
0 0.397724 0.448953 0.411263 0.448953 0.411263 0.473470 0.397724 0.473470
0 0.428828 0.402298 0.436329 0.402298 0.436329 0.416386 0.428828 0.416386
0 0.380160 0.382721 0.394248 0.382721 0.394248 0.390040 0.380160 0.390040
0 0.358570 0.304962 0.367535 0.304962 0.367535 0.320148 0.358570 0.320148
0 0.384551 0.305328 0.393516 0.305328 0.393516 0.320148 0.384551 0.320148
0 0.408336 0.301852 0.421143 0.301852 0.421143 0.326734 0.408336 0.326734
0 0.433585 0.301852 0.446392 0.301852 0.446392 0.326734 0.433585 0.326734
0 0.459748 0.312097 0.472556 0.312097 0.472556 0.336980 0.459748 0.336980
0 0.484814 0.312097 0.497621 0.312097 0.497621 0.336980 0.484814 0.336980
0 0.510063 0.319782 0.522870 0.319782 0.522870 0.344665 0.510063 0.344665
0 0.536227 0.330394 0.549034 0.330394 0.549034 0.355277 0.536227 0.355277
0 0.561841 0.331126 0.574649 0.331126 0.574649 0.356008 0.561841 0.356008
0 0.551230 0.450417 0.564037 0.450417 0.564037 0.475300 0.551230 0.475300
0 0.613620 0.499634 0.654969 0.499634 0.654969 0.519394 0.613620 0.519394
0 0.684060 0.506587 0.708943 0.506587 0.708943 0.519760 0.684060 0.519760
0 0.607765 0.535312 0.713517 0.535312 0.713517 0.570806 0.607765 0.570806
0 0.652591 0.588920 0.699429 0.588920 0.699429 0.619109 0.652591 0.619109
0 0.654603 0.638137 0.696502 0.638137 0.696502 0.660092 0.654603 0.660092
0 0.680767 0.681133 0.695038 0.681133 0.695038 0.688268 0.680767 0.688268
0 0.549949 0.673083 0.563122 0.673083 0.563122 0.697782 0.549949 0.697782
0 0.619292 0.712054 0.676559 0.712054 0.676559 0.808841 0.619292 0.808841
0 0.583797 0.833358 0.597702 0.833358 0.597702 0.840676 0.583797 0.840676
0 0.659543 0.833175 0.706565 0.833175 0.706565 0.862083 0.659543 0.862083
0 0.677458 0.241356 0.693087 0.241356 0.693087 0.249605 0.677458 0.249605
0 0.820510 0.209229 0.833752 0.209229 0.833752 0.234193 0.820510 0.234193
0 0.940986 0.192297 0.947933 0.192297 0.947933 0.206841 0.940986 0.206841
0 0.691568 0.157348 0.716097 0.157348 0.716097 0.170373 0.691568 0.170373
0 0.691568 0.183180 0.716097 0.183180 0.716097 0.196205 0.691568 0.196205
0 0.691351 0.208361 0.715880 0.208361 0.715880 0.221385 0.691351 0.221385
0 0.831147 0.143673 0.844388 0.143673 0.844388 0.168419 0.831147 0.168419
0 0.775359 0.143456 0.788600 0.143456 0.788600 0.168202 0.775359 0.168202
0 0.858715 0.074209 0.871957 0.074209 0.871957 0.098955 0.858715 0.098955
0 0.935342 0.073775 0.948584 0.073775 0.948584 0.098521 0.935342 0.098521
0 0.934908 0.026236 0.948150 0.026236 0.948150 0.050982 0.934908 0.050982
0 0.835922 0.078116 0.843086 0.078116 0.843086 0.092009 0.835922 0.092009
0 0.692002 0.031011 0.707631 0.031011 0.707631 0.039477 0.692002 0.039477
1 0.055235 0.290580 0.064549 0.290580 0.064549 0.293064 0.055235 0.293064
1 0.055545 0.308743 0.064394 0.308743 0.064394 0.312469 0.055545 0.312469
1 0.081160 0.294461 0.089388 0.294461 0.089388 0.296945 0.081160 0.296945
1 0.081160 0.312469 0.089853 0.312469 0.089853 0.316039 0.081160 0.316039
1 0.107861 0.280955 0.119194 0.280955 0.119194 0.287320 0.107861 0.287320
1 0.107861 0.310917 0.120125 0.310917 0.120125 0.317902 0.107861 0.317902
1 0.177720 0.340723 0.191226 0.340723 0.191226 0.346311 0.177720 0.346311
1 0.177254 0.372081 0.190915 0.372081 0.190915 0.377981 0.177254 0.377981
1 0.203645 0.341344 0.216064 0.341344 0.216064 0.346622 0.203645 0.346622
1 0.203800 0.371926 0.216530 0.371926 0.216530 0.377670 0.203800 0.377670
1 0.228639 0.340723 0.241369 0.340723 0.241369 0.346777 0.228639 0.346777
1 0.229105 0.372081 0.241834 0.372081 0.241834 0.378136 0.229105 0.378136
1 0.254098 0.341033 0.267449 0.341033 0.267449 0.346622 0.254098 0.346622
1 0.254409 0.372237 0.267604 0.372237 0.267604 0.377670 0.254409 0.377670
1 0.280024 0.341189 0.292598 0.341189 0.292598 0.346156 0.280024 0.346156
1 0.279403 0.371771 0.292753 0.371771 0.292753 0.377981 0.279403 0.377981
1 0.305483 0.372081 0.318834 0.372081 0.318834 0.378291 0.305483 0.378291
1 0.305017 0.341189 0.318368 0.341189 0.318368 0.346777 0.305017 0.346777
1 0.358420 0.301292 0.367424 0.301292 0.367424 0.304552 0.358420 0.304552
1 0.358886 0.320386 0.368045 0.320386 0.368045 0.323802 0.358886 0.323802
1 0.384346 0.301602 0.393194 0.301602 0.393194 0.305017 0.384346 0.305017
1 0.384501 0.320541 0.393505 0.320541 0.393505 0.323957 0.384501 0.323957
1 0.407787 0.295858 0.420827 0.295858 0.420827 0.301447 0.407787 0.301447
1 0.408408 0.327062 0.421138 0.327062 0.421138 0.332806 0.408408 0.332806
1 0.394436 0.382172 0.397851 0.382172 0.397851 0.390400 0.394436 0.390400
1 0.375807 0.382172 0.379844 0.382172 0.379844 0.389934 0.375807 0.389934
1 0.433557 0.296013 0.446597 0.296013 0.446597 0.301447 0.433557 0.301447
1 0.433867 0.327062 0.446597 0.327062 0.446597 0.333271 0.433867 0.333271
1 0.459172 0.306570 0.472367 0.306570 0.472367 0.311693 0.459172 0.311693
1 0.459793 0.337308 0.472833 0.337308 0.472833 0.343672 0.459793 0.343672
1 0.484321 0.306104 0.496895 0.306104 0.496895 0.311693 0.484321 0.311693
1 0.485252 0.337308 0.497827 0.337308 0.497827 0.342741 0.485252 0.342741
1 0.509780 0.313711 0.522976 0.313711 0.522976 0.319455 0.509780 0.319455
1 0.509935 0.344759 0.522976 0.344759 0.522976 0.351124 0.509935 0.351124
1 0.536016 0.324267 0.548746 0.324267 0.548746 0.330166 0.536016 0.330166
1 0.536482 0.355626 0.549211 0.355626 0.549211 0.361525 0.536482 0.361525
1 0.561165 0.324267 0.574360 0.324267 0.574360 0.330632 0.561165 0.330632
1 0.562252 0.356402 0.574671 0.356402 0.574671 0.361680 0.562252 0.361680
1 0.934519 0.019685 0.948025 0.019685 0.948025 0.025894 0.934519 0.025894
1 0.935140 0.051198 0.948802 0.051198 0.948802 0.056787 0.935140 0.056787
1 0.935451 0.068430 0.948491 0.068430 0.948491 0.073398 0.935451 0.073398
1 0.935451 0.098702 0.949112 0.098702 0.949112 0.105222 0.935451 0.105222
1 0.858451 0.068430 0.872113 0.068430 0.872113 0.073864 0.858451 0.073864
1 0.858607 0.099323 0.871957 0.099323 0.871957 0.105533 0.858607 0.105533
1 0.835631 0.074174 0.843238 0.074174 0.843238 0.077745 0.835631 0.077745
1 0.835786 0.092493 0.843703 0.092493 0.843703 0.096063 0.835786 0.096063
1 0.830663 0.137823 0.844169 0.137823 0.844169 0.143412 0.830663 0.143412
1 0.831284 0.168871 0.844635 0.168871 0.844635 0.174925 0.831284 0.174925
1 0.775087 0.137668 0.788593 0.137668 0.788593 0.143256 0.775087 0.143256
1 0.775397 0.168716 0.788438 0.168716 0.788438 0.174615 0.775397 0.174615
1 0.940884 0.187966 0.948025 0.187966 0.948025 0.192157 0.940884 0.192157
1 0.940574 0.207216 0.948181 0.207216 0.948181 0.210476 0.940574 0.210476
1 0.820573 0.203179 0.833613 0.203179 0.833613 0.208923 0.820573 0.208923
1 0.820417 0.234383 0.833923 0.234383 0.833923 0.239350 0.820417 0.239350
1 0.706936 0.832216 0.722150 0.832216 0.722150 0.864195 0.706936 0.864195
1 0.644529 0.831750 0.659122 0.831750 0.659122 0.864040 0.644529 0.864040
1 0.597802 0.832992 0.601528 0.832992 0.601528 0.840909 0.597802 0.840909
1 0.579328 0.832681 0.583364 0.832681 0.583364 0.840909 0.579328 0.840909
1 0.676819 0.790301 0.715009 0.790301 0.715009 0.808619 0.676819 0.808619
1 0.676819 0.740468 0.715630 0.740468 0.715630 0.780676 0.676819 0.780676
1 0.676664 0.713767 0.715009 0.713767 0.715009 0.732085 0.676664 0.732085
1 0.579949 0.713922 0.618915 0.713922 0.618915 0.732240 0.579949 0.732240
1 0.579794 0.751646 0.618915 0.751646 0.618915 0.771361 0.579794 0.771361
1 0.579794 0.790922 0.618915 0.790922 0.618915 0.809085 0.579794 0.809085
1 0.695293 0.680545 0.698398 0.680545 0.698398 0.688928 0.695293 0.688928
1 0.676975 0.681011 0.680700 0.681011 0.680700 0.687997 0.676975 0.687997
1 0.696846 0.637854 0.702900 0.637854 0.702900 0.660674 0.696846 0.660674
1 0.648410 0.637699 0.654465 0.637699 0.654465 0.659743 0.648410 0.659743
1 0.699640 0.588643 0.714388 0.588643 0.714388 0.620777 0.699640 0.620777
1 0.636767 0.588177 0.652136 0.588177 0.652136 0.620777 0.636767 0.620777
1 0.713767 0.532445 0.728670 0.532445 0.728670 0.576068 0.713767 0.576068
1 0.591903 0.531669 0.607427 0.531669 0.607427 0.575913 0.591903 0.575913
1 0.709420 0.506210 0.714698 0.506210 0.714698 0.520492 0.709420 0.520492
1 0.678372 0.506675 0.683805 0.506675 0.683805 0.520026 0.678372 0.520026
1 0.655396 0.498448 0.662848 0.498448 0.662848 0.520181 0.655396 0.520181
1 0.606340 0.497982 0.613326 0.497982 0.613326 0.519871 0.606340 0.519871
1 0.693741 0.240903 0.696225 0.240903 0.696225 0.249752 0.693741 0.249752
1 0.673870 0.240748 0.677130 0.240748 0.677130 0.249286 0.673870 0.249286
1 0.716251 0.208768 0.722150 0.208768 0.722150 0.221653 0.716251 0.221653
1 0.685202 0.208302 0.691102 0.208302 0.691102 0.221032 0.685202 0.221032
1 0.716406 0.183308 0.721995 0.183308 0.721995 0.196504 0.716406 0.196504
1 0.685202 0.182688 0.691412 0.182688 0.691412 0.196038 0.685202 0.196038
1 0.716251 0.157383 0.721839 0.157383 0.721839 0.170579 0.716251 0.170579
1 0.685047 0.156607 0.691412 0.156607 0.691412 0.170268 0.685047 0.170268
1 0.708178 0.031172 0.710817 0.031172 0.710817 0.039711 0.708178 0.039711
1 0.688152 0.031172 0.691723 0.031172 0.691723 0.039090 0.688152 0.039090
1 0.463518 0.876615 0.472678 0.876615 0.472678 0.897572 0.463518 0.897572
1 0.415394 0.876770 0.424863 0.876770 0.424863 0.897262 0.415394 0.897262
1 0.461966 0.831439 0.476093 0.831439 0.476093 0.864040 0.461966 0.864040
1 0.399249 0.831905 0.413841 0.831905 0.413841 0.864195 0.399249 0.864195
1 0.488667 0.633507 0.503415 0.633507 0.503415 0.665487 0.488667 0.665487
1 0.489444 0.588643 0.502950 0.588643 0.502950 0.620933 0.489444 0.620933
1 0.425795 0.588643 0.441474 0.588643 0.441474 0.620622 0.425795 0.620622
1 0.426105 0.633662 0.441319 0.633662 0.441319 0.665332 0.426105 0.665332
1 0.518629 0.532290 0.533687 0.532290 0.533687 0.575292 0.518629 0.575292
1 0.397851 0.532135 0.412755 0.532135 0.412755 0.576223 0.397851 0.576223
1 0.470504 0.494411 0.477645 0.494411 0.477645 0.516611 0.470504 0.516611
1 0.420672 0.494101 0.429365 0.494101 0.429365 0.515990 0.420672 0.515990
1 0.551074 0.443648 0.563494 0.443648 0.563494 0.450012 0.551074 0.450012
1 0.551695 0.475472 0.564115 0.475472 0.564115 0.480750 0.551695 0.480750
1 0.428744 0.398472 0.435885 0.398472 0.435885 0.401888 0.428744 0.401888
1 0.428900 0.416636 0.436506 0.416636 0.436506 0.420672 0.428900 0.420672
1 0.428434 0.443337 0.441008 0.443337 0.441008 0.449391 0.428434 0.449391
1 0.428744 0.474230 0.441785 0.474230 0.441785 0.480750 0.428744 0.480750
1 0.398162 0.443337 0.410892 0.443337 0.410892 0.448615 0.398162 0.448615
1 0.397696 0.473609 0.411823 0.473609 0.411823 0.479974 0.397696 0.479974
1 0.451099 0.680700 0.454514 0.680700 0.454514 0.688618 0.451099 0.688618
1 0.432004 0.680235 0.436351 0.680235 0.436351 0.687997 0.432004 0.687997
1 0.430763 0.790922 0.470815 0.790922 0.470815 0.808308 0.430763 0.808308
1 0.430918 0.740779 0.470815 0.740779 0.470815 0.782228 0.430918 0.782228
1 0.430918 0.714077 0.470038 0.714077 0.470038 0.731930 0.430918 0.731930
1 0.335600 0.714232 0.373789 0.714232 0.373789 0.732085 0.335600 0.732085
1 0.334979 0.752111 0.373634 0.752111 0.373634 0.771361 0.334979 0.771361
1 0.335134 0.790922 0.373789 0.790922 0.373789 0.808929 0.335134 0.808929
1 0.361836 0.830353 0.368511 0.830353 0.368511 0.842617 0.361836 0.842617
1 0.332340 0.830353 0.338549 0.830353 0.338549 0.842151 0.332340 0.842151
1 0.363233 0.672007 0.368821 0.672007 0.368821 0.685047 0.363233 0.685047
1 0.331874 0.671852 0.337928 0.671852 0.337928 0.684426 0.331874 0.684426
1 0.228949 0.539742 0.272727 0.539742 0.272727 0.554024 0.228949 0.554024
1 0.228949 0.660519 0.272883 0.660519 0.272883 0.676509 0.228949 0.676509
1 0.221343 0.912165 0.229881 0.912165 0.229881 0.933122 0.221343 0.933122
1 0.173063 0.912320 0.182222 0.912320 0.182222 0.933277 0.173063 0.933277
1 0.200075 0.867766 0.214357 0.867766 0.214357 0.899901 0.200075 0.899901
1 0.136736 0.867455 0.151795 0.867455 0.151795 0.899745 0.136736 0.899745
1 0.186879 0.826782 0.226310 0.826782 0.226310 0.844635 0.186879 0.844635
1 0.186879 0.775863 0.226000 0.775863 0.226000 0.817468 0.186879 0.817468
1 0.186724 0.749938 0.226155 0.749938 0.226155 0.768412 0.186724 0.768412
1 0.090630 0.749938 0.130061 0.749938 0.130061 0.767480 0.090630 0.767480
1 0.090785 0.787661 0.130061 0.787661 0.130061 0.807067 0.090785 0.807067
1 0.090630 0.826627 0.130216 0.826627 0.130216 0.844790 0.090630 0.844790
1 0.201472 0.666574 0.216064 0.666574 0.216064 0.697932 0.201472 0.697932
1 0.138754 0.665797 0.154123 0.665797 0.154123 0.698398 0.138754 0.698398
1 0.197435 0.717182 0.200695 0.717182 0.200695 0.724323 0.197435 0.724323
1 0.178962 0.716872 0.183153 0.716872 0.183153 0.724323 0.178962 0.724323
1 0.117797 0.707247 0.124162 0.707247 0.124162 0.721063 0.117797 0.721063
1 0.087525 0.707247 0.092803 0.707247 0.092803 0.719976 0.087525 0.719976
1 0.198056 0.515679 0.200851 0.515679 0.200851 0.524994 0.198056 0.524994
1 0.178807 0.515835 0.182222 0.515835 0.182222 0.524528 0.178807 0.524528
1 0.201161 0.544088 0.208923 0.544088 0.208923 0.565822 0.201161 0.565822
1 0.151639 0.544554 0.159867 0.544554 0.159867 0.565822 0.151639 0.565822
1 0.064083 0.805669 0.076968 0.805669 0.076968 0.812345 0.064083 0.812345
1 0.064239 0.836097 0.076813 0.836097 0.076813 0.842151 0.064239 0.842151
1 0.550315 0.667594 0.563305 0.667594 0.563305 0.672534 0.550315 0.672534
1 0.549949 0.698148 0.563122 0.698148 0.563122 0.704003 0.549949 0.704003
1 0.934984 0.001901 0.949375 0.001901 0.949375 0.008418 0.934984 0.008418
1 0.624529 0.009594 0.660824 0.009594 0.660824 0.018012 0.624529 0.018012
1 0.624439 0.022809 0.660734 0.022809 0.660734 0.031226 0.624439 0.031226
1 0.625163 0.035209 0.661458 0.035209 0.661458 0.043627 0.625163 0.043627
1 0.625072 0.048424 0.661368 0.048424 0.661368 0.056841 0.625072 0.056841
1 0.624982 0.061276 0.661277 0.061276 0.661277 0.069694 0.624982 0.069694
1 0.624891 0.074491 0.661186 0.074491 0.661186 0.082909 0.624891 0.082909
1 0.625615 0.086891 0.661911 0.086891 0.661911 0.095309 0.625615 0.095309
1 0.625525 0.100106 0.661820 0.100106 0.661820 0.108523 0.625525 0.108523
1 0.625615 0.112868 0.661911 0.112868 0.661911 0.121285 0.625615 0.121285
1 0.625525 0.126083 0.661820 0.126083 0.661820 0.134500 0.625525 0.134500
1 0.626249 0.138483 0.662001 0.138483 0.662001 0.147172 0.626249 0.147172
1 0.626159 0.151697 0.661820 0.151697 0.661820 0.159934 0.626159 0.159934
1 0.626068 0.164459 0.662363 0.164459 0.662363 0.172877 0.626068 0.172877
1 0.625978 0.177040 0.662092 0.177040 0.662092 0.185006 0.625978 0.185006
1 0.626521 0.189893 0.662544 0.189893 0.662544 0.198039 0.626521 0.198039
1 0.589411 0.224378 0.597919 0.224378 0.597919 0.261850 0.589411 0.261850
1 0.577011 0.224559 0.585519 0.224559 0.585519 0.262031 0.577011 0.262031
1 0.564339 0.224287 0.572847 0.224287 0.572847 0.261759 0.564339 0.261759
1 0.551939 0.224469 0.560447 0.224469 0.560447 0.261940 0.551939 0.261940
1 0.538181 0.224287 0.546689 0.224287 0.546689 0.261759 0.538181 0.261759
1 0.525781 0.224469 0.534289 0.224469 0.534289 0.261940 0.525781 0.261940
1 0.513110 0.224197 0.521618 0.224197 0.521618 0.261669 0.513110 0.261669
1 0.500800 0.224469 0.509308 0.224469 0.509308 0.261940 0.500800 0.261940
1 0.487495 0.224559 0.496003 0.224559 0.496003 0.262031 0.487495 0.262031
1 0.475095 0.224650 0.483603 0.224650 0.483603 0.262121 0.475095 0.262121
1 0.462423 0.224378 0.470931 0.224378 0.470931 0.261850 0.462423 0.261850
1 0.450023 0.224559 0.458531 0.224559 0.458531 0.262031 0.450023 0.262031
1 0.436265 0.224378 0.444774 0.224378 0.444774 0.261850 0.436265 0.261850
1 0.423865 0.224559 0.432373 0.224559 0.432373 0.262031 0.423865 0.262031
1 0.411194 0.224378 0.419702 0.224378 0.419702 0.261850 0.411194 0.261850
1 0.398884 0.224650 0.407392 0.224650 0.407392 0.262121 0.398884 0.262121
1 0.359602 0.224469 0.368110 0.224469 0.368110 0.261940 0.359602 0.261940
1 0.346931 0.224197 0.355439 0.224197 0.355439 0.261669 0.346931 0.261669
1 0.334440 0.224378 0.342948 0.224378 0.342948 0.261850 0.334440 0.261850
1 0.320682 0.224197 0.329190 0.224197 0.329190 0.261669 0.320682 0.261669
1 0.308282 0.224378 0.316790 0.224378 0.316790 0.261850 0.308282 0.261850
1 0.295611 0.224197 0.304119 0.224197 0.304119 0.261669 0.295611 0.261669
1 0.283301 0.224469 0.291809 0.224469 0.291809 0.261940 0.283301 0.261940
1 0.372002 0.224378 0.380510 0.224378 0.380510 0.261850 0.372002 0.261850
1 0.385307 0.224287 0.393816 0.224287 0.393816 0.261759 0.385307 0.261759
1 0.218857 0.224831 0.227365 0.224831 0.227365 0.262302 0.218857 0.262302
1 0.205642 0.224650 0.214150 0.224650 0.214150 0.262121 0.205642 0.262121
1 0.192699 0.224831 0.201207 0.224831 0.201207 0.262302 0.192699 0.262302
1 0.180027 0.224650 0.188535 0.224650 0.188535 0.262121 0.180027 0.262121
1 0.167718 0.224921 0.176226 0.224921 0.176226 0.262393 0.167718 0.262393
1 0.257234 0.224831 0.265742 0.224831 0.265742 0.262302 0.257234 0.262302
1 0.244019 0.224921 0.252527 0.224921 0.252527 0.262393 0.244019 0.262393
1 0.231347 0.224650 0.239855 0.224650 0.239855 0.262121 0.231347 0.262121
1 0.269724 0.224740 0.278232 0.224740 0.278232 0.262212 0.269724 0.262212
1 0.128526 0.224831 0.137034 0.224831 0.137034 0.262302 0.128526 0.262302
1 0.115312 0.224921 0.123820 0.224921 0.123820 0.262393 0.115312 0.262393
1 0.102640 0.224650 0.111148 0.224650 0.111148 0.262121 0.102640 0.262121
1 0.090149 0.224831 0.098658 0.224831 0.098658 0.262302 0.090149 0.262302
1 0.077478 0.224650 0.085986 0.224650 0.085986 0.262121 0.077478 0.262121
1 0.064987 0.224650 0.073495 0.224650 0.073495 0.262121 0.064987 0.262121
1 0.052316 0.224650 0.060824 0.224650 0.060824 0.262121 0.052316 0.262121
1 0.039010 0.224921 0.047519 0.224921 0.047519 0.262393 0.039010 0.262393
1 0.141017 0.224740 0.149525 0.224740 0.149525 0.262212 0.141017 0.262212
1 0.154594 0.224469 0.163102 0.224469 0.163102 0.261940 0.154594 0.261940
