0 0.330509 0.252653 0.344764 0.252653 0.344764 0.277991 0.330509 0.277991
0 0.737910 0.360476 0.751639 0.360476 0.751639 0.385372 0.737910 0.385372
0 0.254170 0.253204 0.267506 0.253204 0.267506 0.278313 0.254170 0.278313
0 0.050371 0.818011 0.092682 0.818011 0.092682 0.839798 0.050371 0.839798
0 0.702592 0.253466 0.716041 0.253466 0.716041 0.278515 0.702592 0.278515
0 0.743789 0.736043 0.769053 0.736043 0.769053 0.748994 0.743789 0.748994
0 0.330619 0.205887 0.344474 0.205887 0.344474 0.230379 0.330619 0.230379
0 0.562071 0.109744 0.618618 0.109744 0.618618 0.159493 0.562071 0.159493
0 0.336729 0.371701 0.344074 0.371701 0.344074 0.386202 0.336729 0.386202
0 0.231594 0.257491 0.239040 0.257491 0.239040 0.271185 0.231594 0.271185
0 0.449146 0.037208 0.491995 0.037208 0.491995 0.059021 0.449146 0.059021
0 0.079608 0.685769 0.104975 0.685769 0.104975 0.699403 0.079608 0.699403
0 0.735703 0.805027 0.760866 0.805027 0.760866 0.818598 0.735703 0.818598
0 0.215787 0.388098 0.229323 0.388098 0.229323 0.413173 0.215787 0.413173
0 0.087527 0.169279 0.103243 0.169279 0.103243 0.178141 0.087527 0.178141
0 0.330385 0.156906 0.344990 0.156906 0.344990 0.181398 0.330385 0.181398
0 0.086839 0.336553 0.112035 0.336553 0.112035 0.350288 0.086839 0.350288
0 0.170197 0.322402 0.184114 0.322402 0.184114 0.347603 0.170197 0.347603
0 0.087168 0.362138 0.112424 0.362138 0.112424 0.375932 0.087168 0.375932
0 0.712696 0.558664 0.738261 0.558664 0.738261 0.572207 0.712696 0.572207
0 0.660509 0.239067 0.685224 0.239067 0.685224 0.253142 0.660509 0.253142
0 0.226422 0.323011 0.240274 0.323011 0.240274 0.347904 0.226422 0.347904
1 0.706959 0.557732 0.712499 0.557732 0.712499 0.572698 0.706959 0.572698
0 0.398779 0.044764 0.424032 0.044764 0.424032 0.058115 0.398779 0.058115
0 0.712260 0.351828 0.726114 0.351828 0.726114 0.376944 0.712260 0.376944
0 0.449707 0.069775 0.492479 0.069775 0.492479 0.093154 0.449707 0.093154
1 0.032357 0.766001 0.046052 0.766001 0.046052 0.800419 0.032357 0.800419
0 0.412168 0.134801 0.437508 0.134801 0.437508 0.148467 0.412168 0.148467
0 0.046157 0.766299 0.097188 0.766299 0.097188 0.800452 0.046157 0.800452
1 0.738460 0.558420 0.744347 0.558420 0.744347 0.572302 0.738460 0.572302
0 0.501943 0.149662 0.517999 0.149662 0.517999 0.158808 0.501943 0.158808
1 0.762886 0.630051 0.769201 0.630051 0.769201 0.643303 0.762886 0.643303
0 0.691048 0.318946 0.716728 0.318946 0.716728 0.332681 0.691048 0.332681
0 0.398659 0.069896 0.424032 0.069896 0.424032 0.083488 0.398659 0.083488
1 0.539410 0.137131 0.561858 0.137131 0.561858 0.143965 0.539410 0.143965
0 0.738651 0.630445 0.763191 0.630445 0.763191 0.643727 0.738651 0.643727
1 0.539910 0.124573 0.561913 0.124573 0.561913 0.130630 0.539910 0.130630
0 0.008878 0.677837 0.051804 0.677837 0.051804 0.699857 0.008878 0.699857
1 0.073366 0.686494 0.079395 0.686494 0.079395 0.699306 0.073366 0.699306
0 0.669621 0.344515 0.694582 0.344515 0.694582 0.357771 0.669621 0.357771
0 0.087929 0.080863 0.103046 0.080863 0.103046 0.089920 0.087929 0.089920
0 0.076230 0.860550 0.090938 0.860550 0.090938 0.867597 0.076230 0.867597
0 0.351069 0.070201 0.376173 0.070201 0.376173 0.083487 0.351069 0.083487
1 0.618717 0.124648 0.640091 0.124648 0.640091 0.131908 0.618717 0.131908
1 0.215750 0.413309 0.229574 0.413309 0.229574 0.418173 0.215750 0.418173
0 0.087066 0.387831 0.112094 0.387831 0.112094 0.401068 0.087066 0.401068
0 0.087766 0.210095 0.103297 0.210095 0.103297 0.219102 0.087766 0.219102
0 0.355801 0.047425 0.370168 0.047425 0.370168 0.055318 0.355801 0.055318
1 0.618793 0.111507 0.640313 0.111507 0.640313 0.118739 0.618793 0.118739
0 0.739831 0.762675 0.764767 0.762675 0.764767 0.775963 0.739831 0.775963
0 0.087700 0.039845 0.103023 0.039845 0.103023 0.048581 0.087700 0.048581
1 0.330767 0.150496 0.343801 0.150496 0.343801 0.156838 0.330767 0.156838
1 0.539966 0.111460 0.561802 0.111460 0.561802 0.117795 0.539966 0.117795
1 0.769361 0.735894 0.774945 0.735894 0.774945 0.749444 0.769361 0.749444
1 0.080453 0.336296 0.086659 0.336296 0.086659 0.350378 0.080453 0.350378
1 0.097332 0.765017 0.109797 0.765017 0.109797 0.800899 0.097332 0.800899
1 0.653525 0.239417 0.660199 0.239417 0.660199 0.252377 0.653525 0.252377
1 0.539303 0.149627 0.561802 0.149627 0.561802 0.155967 0.539303 0.155967
0 0.073134 0.420190 0.088963 0.420190 0.088963 0.429077 0.073134 0.429077
1 0.764930 0.762715 0.771439 0.762715 0.771439 0.776246 0.764930 0.776246
1 0.392799 0.069714 0.398417 0.069714 0.398417 0.083549 0.392799 0.083549
1 0.424127 0.069762 0.430024 0.069762 0.430024 0.083360 0.424127 0.083360
1 0.330279 0.199124 0.344802 0.199124 0.344802 0.205880 0.330279 0.205880
1 0.170510 0.315276 0.185256 0.315276 0.185256 0.322109 0.170510 0.322109
1 0.618703 0.137534 0.640369 0.137534 0.640369 0.145243 0.618703 0.145243
1 0.618715 0.149337 0.639869 0.149337 0.639869 0.157133 0.618715 0.157133
1 0.518033 0.150659 0.521059 0.150659 0.521059 0.158739 0.518033 0.158739
1 0.498642 0.150144 0.501908 0.150144 0.501908 0.158842 0.498642 0.158842
1 0.685354 0.239837 0.692029 0.239837 0.692029 0.252797 0.685354 0.252797
1 0.702602 0.247940 0.716311 0.247940 0.716311 0.253171 0.702602 0.253171
1 0.702692 0.278696 0.716311 0.278696 0.716311 0.284829 0.702692 0.284829
1 0.716976 0.318375 0.723343 0.318375 0.723343 0.332980 0.716976 0.332980
1 0.685670 0.319498 0.690837 0.319498 0.690837 0.332306 0.685670 0.332306
1 0.694657 0.343690 0.700799 0.343690 0.700799 0.358370 0.694657 0.358370
1 0.662826 0.342117 0.669417 0.342117 0.669417 0.358744 0.662826 0.358744
1 0.711964 0.345001 0.726535 0.345001 0.726535 0.351720 0.711964 0.351720
1 0.712174 0.377041 0.727249 0.377041 0.727249 0.382668 0.712174 0.382668
1 0.737834 0.385651 0.752517 0.385651 0.752517 0.391077 0.737834 0.391077
1 0.738074 0.354411 0.751958 0.354411 0.751958 0.360435 0.738074 0.360435
1 0.731974 0.630453 0.738289 0.630453 0.738289 0.643706 0.731974 0.643706
1 0.737908 0.735534 0.743619 0.735534 0.743619 0.749274 0.737908 0.749274
1 0.733208 0.762319 0.739718 0.762319 0.739718 0.775850 0.733208 0.775850
1 0.761092 0.804857 0.767481 0.804857 0.767481 0.819220 0.761092 0.819220
1 0.729936 0.804857 0.735477 0.804857 0.735477 0.819163 0.729936 0.819163
1 0.091172 0.859732 0.094389 0.859732 0.094389 0.868358 0.091172 0.868358
1 0.072838 0.858971 0.076084 0.858971 0.076084 0.868124 0.072838 0.868124
1 0.092869 0.816089 0.099124 0.816089 0.099124 0.841406 0.092869 0.841406
1 0.044122 0.815940 0.050228 0.815940 0.050228 0.841654 0.044122 0.841654
1 0.105099 0.685604 0.110552 0.685604 0.110552 0.700766 0.105099 0.700766
1 0.051969 0.677341 0.059034 0.677341 0.059034 0.700188 0.051969 0.700188
1 0.002351 0.675771 0.008713 0.675771 0.008713 0.700312 0.002351 0.700312
1 0.103166 0.040630 0.106036 0.040630 0.106036 0.049463 0.103166 0.049463
1 0.084352 0.039924 0.087488 0.039924 0.087488 0.048536 0.084352 0.048536
1 0.084352 0.081349 0.087841 0.081349 0.087841 0.090535 0.084352 0.090535
1 0.103210 0.081393 0.106080 0.081393 0.106080 0.089740 0.103210 0.089740
1 0.103417 0.170416 0.106768 0.170416 0.106768 0.178525 0.103417 0.178525
1 0.083966 0.169488 0.087348 0.169488 0.087348 0.178435 0.083966 0.178435
1 0.103447 0.210843 0.106529 0.210843 0.106529 0.219042 0.103447 0.219042
1 0.084385 0.210274 0.087557 0.210274 0.087557 0.219311 0.084385 0.219311
1 0.112214 0.336074 0.118259 0.336074 0.118259 0.350378 0.112214 0.350378
1 0.112573 0.361868 0.118079 0.361868 0.118079 0.376501 0.112573 0.376501
1 0.081153 0.362197 0.086958 0.362197 0.086958 0.376710 0.081153 0.376710
1 0.112274 0.387393 0.118618 0.387393 0.118618 0.401757 0.112274 0.401757
1 0.080794 0.387124 0.087018 0.387124 0.087018 0.402355 0.080794 0.402355
1 0.089053 0.420279 0.092075 0.420279 0.092075 0.429197 0.089053 0.429197
1 0.069543 0.420369 0.072954 0.420369 0.072954 0.429526 0.069543 0.429526
1 0.215179 0.382245 0.230685 0.382245 0.230685 0.388022 0.215179 0.388022
1 0.335707 0.367805 0.345416 0.367805 0.345416 0.371606 0.335707 0.371606
1 0.335419 0.386489 0.345320 0.386489 0.345320 0.390066 0.335419 0.390066
1 0.169803 0.347964 0.185015 0.347964 0.185015 0.353796 0.169803 0.353796
1 0.226745 0.348084 0.240935 0.348084 0.240935 0.354398 0.226745 0.354398
1 0.226264 0.315915 0.240574 0.315915 0.240574 0.322830 0.226264 0.322830
1 0.252653 0.247870 0.268656 0.247870 0.268656 0.252974 0.252653 0.252974
1 0.252836 0.278451 0.268794 0.278451 0.268794 0.284522 0.252836 0.284522
1 0.330554 0.247640 0.345132 0.247640 0.345132 0.252653 0.330554 0.252653
1 0.330233 0.278175 0.345224 0.278175 0.345224 0.284430 0.330233 0.284430
1 0.330554 0.230533 0.345730 0.230533 0.345730 0.236649 0.330554 0.236649
1 0.330209 0.181536 0.345503 0.181536 0.345503 0.187794 0.330209 0.187794
1 0.230653 0.271348 0.240341 0.271348 0.240341 0.275205 0.230653 0.275205
1 0.230089 0.253634 0.240153 0.253634 0.240153 0.257334 0.230089 0.257334
1 0.370288 0.047400 0.373564 0.047400 0.373564 0.055294 0.370288 0.055294
1 0.352291 0.046690 0.355567 0.046690 0.355567 0.055570 0.352291 0.055570
1 0.376327 0.069818 0.381458 0.069818 0.381458 0.084066 0.376327 0.084066
1 0.344634 0.069305 0.350831 0.069305 0.350831 0.084106 0.344634 0.084106
1 0.424153 0.044220 0.430315 0.044220 0.430315 0.058176 0.424153 0.058176
1 0.393342 0.044341 0.398538 0.044341 0.398538 0.058780 0.393342 0.058780
1 0.441189 0.035219 0.448982 0.035219 0.448982 0.058961 0.441189 0.058961
1 0.491995 0.034977 0.500211 0.034977 0.500211 0.058961 0.491995 0.058961
1 0.441793 0.068929 0.449526 0.068929 0.449526 0.092127 0.441793 0.092127
1 0.492720 0.068627 0.500332 0.068627 0.500332 0.092188 0.492720 0.092188
0 0.510240 0.040698 0.532390 0.040698 0.532390 0.079615 0.510240 0.079615
1 0.510735 0.032716 0.532080 0.032716 0.532080 0.040512 0.510735 0.040512
1 0.510240 0.079862 0.533318 0.079862 0.533318 0.089081 0.510240 0.089081
1 0.437920 0.134938 0.443345 0.134938 0.443345 0.150115 0.437920 0.150115
1 0.406194 0.134458 0.412031 0.134458 0.412031 0.148879 0.406194 0.148879
1 0.465526 0.015477 0.479178 0.015477 0.479178 0.021492 0.465526 0.021492
1 0.441669 0.007637 0.451131 0.007637 0.451131 0.011692 0.441669 0.011692
1 0.020816 0.009867 0.056907 0.009867 0.056907 0.018383 0.020816 0.018383
1 0.021154 0.022506 0.057245 0.022506 0.057245 0.031022 0.021154 0.031022
1 0.021289 0.035888 0.057380 0.035888 0.057380 0.044403 0.021289 0.044403
1 0.021627 0.048526 0.057718 0.048526 0.057718 0.057042 0.021627 0.057042
1 0.020816 0.061232 0.056907 0.061232 0.056907 0.069748 0.020816 0.069748
1 0.021154 0.073871 0.057245 0.073871 0.057245 0.082386 0.021154 0.082386
1 0.021289 0.087252 0.057380 0.087252 0.057380 0.095768 0.021289 0.095768
1 0.021627 0.099891 0.057380 0.099891 0.057380 0.108474 0.021627 0.108474
1 0.021610 0.112724 0.057701 0.112724 0.057701 0.121239 0.021610 0.121239
1 0.021374 0.125034 0.057464 0.125034 0.057464 0.133549 0.021374 0.133549
1 0.021427 0.138251 0.057517 0.138251 0.057517 0.146767 0.021427 0.146767
1 0.021601 0.151136 0.057691 0.151136 0.057691 0.159652 0.021601 0.159652
1 0.021610 0.164088 0.057701 0.164088 0.057701 0.172604 0.021610 0.172604
1 0.021538 0.176727 0.057628 0.176727 0.057628 0.185242 0.021538 0.185242
1 0.021427 0.190026 0.057517 0.190026 0.057517 0.198542 0.021427 0.198542
1 0.021765 0.202336 0.057517 0.202336 0.057517 0.210920 0.021765 0.210920
1 0.021374 0.240178 0.057464 0.240178 0.057464 0.248694 0.021374 0.248694
1 0.021427 0.253396 0.057517 0.253396 0.057517 0.261911 0.021427 0.261911
1 0.021601 0.266280 0.057691 0.266280 0.057691 0.274796 0.021601 0.274796
1 0.021610 0.279233 0.057701 0.279233 0.057701 0.287748 0.021610 0.287748
1 0.021538 0.291871 0.057628 0.291871 0.057628 0.300387 0.021538 0.300387
1 0.021427 0.305171 0.057517 0.305171 0.057517 0.313687 0.021427 0.313687
1 0.021765 0.317481 0.057517 0.317481 0.057517 0.326064 0.021765 0.326064
1 0.021610 0.227868 0.057701 0.227868 0.057701 0.236384 0.021610 0.236384
1 0.021627 0.215035 0.057380 0.215035 0.057380 0.223619 0.021627 0.223619
1 0.021909 0.330836 0.057343 0.330836 0.057343 0.339105 0.021909 0.339105
1 0.021837 0.343474 0.057927 0.343474 0.057927 0.351990 0.021837 0.351990
1 0.021725 0.356774 0.057816 0.356774 0.057816 0.365289 0.021725 0.365289
1 0.022063 0.369084 0.057816 0.369084 0.057816 0.377667 0.022063 0.377667
1 0.112306 0.711676 0.124553 0.711676 0.124553 0.755289 0.112306 0.755289
0 0.003126 0.714066 0.110887 0.714066 0.110887 0.751779 0.003126 0.751779
1 0.074668 0.969990 0.110364 0.969990 0.110364 0.987614 0.074668 0.987614
1 0.074145 0.920030 0.110738 0.920030 0.110738 0.960356 0.074145 0.960356
1 0.073996 0.893967 0.111186 0.893967 0.111186 0.911815 0.073996 0.911815
