0 0.016802 0.056123 0.030733 0.056123 0.030733 0.080615 0.016802 0.080615
0 0.042417 0.056348 0.055674 0.056348 0.055674 0.081513 0.042417 0.081513
0 0.094096 0.032306 0.123980 0.032306 0.123980 0.079716 0.094096 0.079716
0 0.182400 0.019723 0.207116 0.019723 0.207116 0.032531 0.182400 0.032531
0 0.160829 0.050057 0.173637 0.050057 0.173637 0.075222 0.160829 0.075222
0 0.201723 0.060168 0.230933 0.060168 0.230933 0.108252 0.201723 0.108252
0 0.101736 0.101511 0.152291 0.101511 0.152291 0.134540 0.101736 0.134540
0 0.264636 0.021072 0.341031 0.021072 0.341031 0.057921 0.264636 0.057921
0 0.283960 0.093197 0.335863 0.093197 0.335863 0.142405 0.283960 0.142405
0 0.239920 0.138809 0.263064 0.138809 0.263064 0.150943 0.239920 0.150943
0 0.105780 0.166446 0.133866 0.166446 0.133866 0.213182 0.105780 0.213182
0 0.186219 0.173412 0.199476 0.173412 0.199476 0.197678 0.186219 0.197678
0 0.215878 0.186219 0.227338 0.186219 0.227338 0.210036 0.215878 0.210036
0 0.129597 0.250031 0.150493 0.250031 0.150493 0.290700 0.129597 0.290700
0 0.078368 0.252952 0.090950 0.252952 0.090950 0.277219 0.078368 0.277219
0 0.106903 0.258120 0.114094 0.258120 0.114094 0.272051 0.106903 0.272051
0 0.047810 0.301261 0.069155 0.301261 0.069155 0.341930 0.047810 0.341930
0 0.086681 0.296318 0.111173 0.296318 0.111173 0.308900 0.086681 0.308900
0 0.026015 0.372488 0.063538 0.372488 0.063538 0.389789 0.026015 0.389789
0 0.026913 0.406641 0.041294 0.406641 0.041294 0.414505 0.026913 0.414505
0 0.030733 0.429784 0.072301 0.429784 0.072301 0.449557 0.030733 0.449557
0 0.171839 0.281488 0.196780 0.281488 0.196780 0.294296 0.171839 0.294296
0 0.219024 0.289577 0.232730 0.289577 0.232730 0.314293 0.219024 0.314293
0 0.167795 0.332268 0.208913 0.332268 0.208913 0.353165 0.167795 0.353165
0 0.249582 0.412708 0.290026 0.412708 0.290026 0.432930 0.249582 0.432930
0 0.249807 0.447535 0.290251 0.447535 0.290251 0.467757 0.249807 0.467757
0 0.250031 0.483710 0.290476 0.483710 0.290476 0.503932 0.250031 0.503932
0 0.250256 0.519211 0.290700 0.519211 0.290700 0.539433 0.250256 0.539433
0 0.249807 0.555611 0.290251 0.555611 0.290251 0.575833 0.249807 0.575833
0 0.249807 0.590887 0.290251 0.590887 0.290251 0.611110 0.249807 0.611110
0 0.310249 0.499214 0.323955 0.499214 0.323955 0.523705 0.310249 0.523705
0 0.198353 0.487080 0.222619 0.487080 0.222619 0.500112 0.198353 0.500112
0 0.198577 0.523256 0.222844 0.523256 0.222844 0.536288 0.198577 0.536288
0 0.198353 0.558307 0.222619 0.558307 0.222619 0.571339 0.198353 0.571339
0 0.197678 0.594707 0.221945 0.594707 0.221945 0.607739 0.197678 0.607739
0 0.310024 0.570890 0.323730 0.570890 0.323730 0.595381 0.310024 0.595381
0 0.247785 0.292049 0.294970 0.292049 0.294970 0.320809 0.247785 0.320809
0 0.319236 0.299239 0.363725 0.299239 0.363725 0.326876 0.319236 0.326876
0 0.150718 0.715366 0.164649 0.715366 0.164649 0.722107 0.150718 0.722107
0 0.149819 0.754912 0.165323 0.754912 0.165323 0.763225 0.149819 0.763225
0 0.150044 0.796030 0.165323 0.796030 0.165323 0.804568 0.150044 0.804568
0 0.149819 0.884334 0.165098 0.884334 0.165098 0.892872 0.149819 0.892872
0 0.150044 0.924778 0.165323 0.924778 0.165323 0.933766 0.150044 0.933766
0 0.293846 0.972412 0.301261 0.972412 0.301261 0.985669 0.293846 0.985669
0 0.316765 0.968143 0.329797 0.968143 0.329797 0.993084 0.316765 0.993084
0 0.325528 0.372263 0.338784 0.372263 0.338784 0.396755 0.325528 0.396755
0 0.351142 0.370690 0.363950 0.370690 0.363950 0.395406 0.351142 0.395406
0 0.383048 0.401473 0.407764 0.401473 0.407764 0.414056 0.383048 0.414056
0 0.430683 0.399451 0.456073 0.399451 0.456073 0.411809 0.430683 0.411809
0 0.481463 0.343728 0.489102 0.343728 0.489102 0.357658 0.481463 0.357658
0 0.490451 0.401473 0.509100 0.401473 0.509100 0.436974 0.490451 0.436974
0 0.537860 0.383947 0.566846 0.383947 0.566846 0.424167 0.537860 0.424167
0 0.392485 0.266209 0.461466 0.266209 0.461466 0.333841 0.392485 0.333841
0 0.439671 0.213182 0.453377 0.213182 0.453377 0.220372 0.439671 0.220372
0 0.434278 0.184871 0.459219 0.184871 0.459219 0.197229 0.434278 0.197229
0 0.432930 0.158807 0.457870 0.158807 0.457870 0.171165 0.432930 0.171165
0 0.384397 0.158582 0.409337 0.158582 0.409337 0.170940 0.384397 0.170940
0 0.384846 0.210261 0.409787 0.210261 0.409787 0.222619 0.384846 0.222619
0 0.391137 0.187343 0.405068 0.187343 0.405068 0.194533 0.391137 0.194533
0 0.446636 0.096568 0.468206 0.096568 0.468206 0.137237 0.446636 0.137237
0 0.480789 0.097242 0.501236 0.097242 0.501236 0.135889 0.480789 0.135889
0 0.410910 0.057471 0.432031 0.057471 0.432031 0.096118 0.410910 0.096118
0 0.375858 0.096118 0.396530 0.096118 0.396530 0.137686 0.375858 0.137686
0 0.922531 0.050281 0.972412 0.050281 0.972412 0.081289 0.922531 0.081289
0 0.505280 0.020847 0.582124 0.020847 0.582124 0.059269 0.505280 0.059269
0 0.753122 0.416300 0.766049 0.416300 0.766049 0.440717 0.753122 0.440717
0 0.682980 0.444069 0.707877 0.444069 0.707877 0.456278 0.682980 0.456278
0 0.622415 0.443351 0.635820 0.443351 0.635820 0.468008 0.622415 0.468008
0 0.549161 0.457954 0.589858 0.457954 0.589858 0.486920 0.549161 0.486920
0 0.604460 0.499368 0.643242 0.499368 0.643242 0.520674 0.604460 0.520674
0 0.531686 0.499847 0.572143 0.499847 0.572143 0.520434 0.531686 0.520434
0 0.532164 0.532404 0.572143 0.532404 0.572143 0.552991 0.532164 0.552991
0 0.476865 0.503916 0.501523 0.503916 0.501523 0.516604 0.476865 0.516604
0 0.476626 0.529292 0.501283 0.529292 0.501283 0.541979 0.476626 0.541979
0 0.428987 0.503677 0.453644 0.503677 0.453644 0.516365 0.428987 0.516365
0 0.435211 0.531686 0.448617 0.531686 0.448617 0.539107 0.435211 0.539107
0 0.499607 0.610924 0.507268 0.610924 0.507268 0.624808 0.499607 0.624808
0 0.522589 0.608530 0.536234 0.608530 0.536234 0.633187 0.522589 0.633187
0 0.570467 0.620978 0.648269 0.620978 0.648269 0.659999 0.570467 0.659999
0 0.377040 0.632708 0.384221 0.632708 0.384221 0.646832 0.377040 0.646832
0 0.411033 0.615712 0.479259 0.615712 0.479259 0.683220 0.411033 0.683220
0 0.608769 0.692795 0.622415 0.692795 0.622415 0.699498 0.608769 0.699498
0 0.527855 0.705483 0.540783 0.705483 0.540783 0.730140 0.527855 0.730140
0 0.504874 0.708116 0.512774 0.708116 0.512774 0.722480 0.504874 0.722480
0 0.512056 0.752164 0.553231 0.752164 0.553231 0.772991 0.512056 0.772991
0 0.572382 0.755516 0.594406 0.755516 0.594406 0.794297 0.572382 0.794297
0 0.461305 0.759825 0.486441 0.759825 0.486441 0.772512 0.461305 0.772512
0 0.418215 0.761979 0.432339 0.761979 0.432339 0.769640 0.418215 0.769640
0 0.412948 0.784721 0.437845 0.784721 0.437845 0.797888 0.412948 0.797888
0 0.460826 0.785679 0.486202 0.785679 0.486202 0.797888 0.460826 0.797888
0 0.512534 0.785439 0.552991 0.785439 0.552991 0.805787 0.512534 0.805787
0 0.474471 0.849835 0.499129 0.849835 0.499129 0.863481 0.474471 0.863481
0 0.564482 0.864199 0.579803 0.864199 0.579803 0.873296 0.564482 0.873296
0 0.393079 0.871859 0.405527 0.871859 0.405527 0.896277 0.393079 0.896277
0 0.393558 0.920695 0.406006 0.920695 0.406006 0.945113 0.393558 0.945113
0 0.393797 0.968094 0.406245 0.968094 0.406245 0.992512 0.393797 0.992512
0 0.623851 0.825178 0.680826 0.825178 0.680826 0.873296 0.623851 0.873296
0 0.764699 0.968632 0.777703 0.968632 0.777703 0.992867 0.764699 0.992867
0 0.722533 0.954445 0.747163 0.954445 0.747163 0.967055 0.722533 0.967055
1 0.016796 0.050095 0.030335 0.050095 0.030335 0.055950 0.016796 0.055950
1 0.042411 0.050095 0.055950 0.050095 0.055950 0.055950 0.042411 0.055950
1 0.042228 0.081382 0.055950 0.081382 0.055950 0.086688 0.042228 0.086688
1 0.016979 0.081016 0.030884 0.081016 0.030884 0.086505 0.016979 0.086505
1 0.160422 0.045155 0.173778 0.045155 0.173778 0.050095 0.160422 0.050095
1 0.160605 0.075527 0.174327 0.075527 0.174327 0.081382 0.160605 0.081382
1 0.071502 0.036373 0.093823 0.036373 0.093823 0.043691 0.071502 0.043691
1 0.071502 0.052474 0.093823 0.052474 0.093823 0.059792 0.071502 0.059792
1 0.071502 0.069306 0.093823 0.069306 0.093823 0.076625 0.071502 0.076625
1 0.124195 0.036556 0.146150 0.036556 0.146150 0.043874 0.124195 0.043874
1 0.124195 0.052657 0.146150 0.052657 0.146150 0.060524 0.124195 0.060524
1 0.124195 0.069489 0.145968 0.069489 0.145968 0.077174 0.124195 0.077174
1 0.088700 0.101691 0.101508 0.101691 0.101508 0.134441 0.088700 0.134441
1 0.152737 0.102239 0.165910 0.102239 0.165910 0.134075 0.152737 0.134075
1 0.176339 0.019723 0.182194 0.019723 0.182194 0.032714 0.176339 0.032714
1 0.207626 0.019723 0.213481 0.019723 0.213481 0.033263 0.207626 0.033263
1 0.199941 0.045521 0.232143 0.045521 0.232143 0.059792 0.199941 0.059792
1 0.200490 0.108643 0.231960 0.108643 0.231960 0.122914 0.200490 0.122914
1 0.244401 0.019723 0.264161 0.019723 0.264161 0.061256 0.244401 0.061256
1 0.341371 0.020089 0.359851 0.020089 0.359851 0.061439 0.341371 0.061439
1 0.287763 0.085224 0.337712 0.085224 0.337712 0.093091 0.287763 0.093091
1 0.287581 0.142674 0.338627 0.142674 0.338627 0.151090 0.287581 0.151090
1 0.263429 0.137551 0.270016 0.137551 0.270016 0.150725 0.263429 0.150725
1 0.232875 0.137551 0.239644 0.137551 0.239644 0.150907 0.232875 0.150907
1 0.411812 0.049912 0.432304 0.049912 0.432304 0.057231 0.411812 0.057231
1 0.411080 0.096385 0.432487 0.096385 0.432487 0.106631 0.411080 0.106631
1 0.375403 0.089432 0.397358 0.089432 0.397358 0.095836 0.375403 0.095836
1 0.375037 0.137917 0.396626 0.137917 0.396626 0.146333 0.375037 0.146333
1 0.446575 0.088700 0.467982 0.088700 0.467982 0.096385 0.446575 0.096385
1 0.446941 0.137551 0.467799 0.137551 0.467799 0.145785 0.446941 0.145785
1 0.480423 0.089066 0.501830 0.089066 0.501830 0.096934 0.480423 0.096934
1 0.480423 0.136270 0.501098 0.136270 0.501098 0.145968 0.480423 0.145968
1 0.485363 0.019906 0.504940 0.019906 0.504940 0.061622 0.485363 0.061622
1 0.582333 0.020089 0.601544 0.020089 0.601544 0.061256 0.582333 0.061256
1 0.909287 0.049546 0.922278 0.049546 0.922278 0.082662 0.909287 0.082662
1 0.973141 0.050095 0.986680 0.050095 0.986680 0.082480 0.973141 0.082480
1 0.078085 0.246560 0.091622 0.246560 0.091622 0.252599 0.078085 0.252599
1 0.078294 0.277381 0.091830 0.277381 0.091830 0.284045 0.078294 0.284045
1 0.107032 0.254473 0.114529 0.254473 0.114529 0.258013 0.107032 0.258013
1 0.106616 0.272383 0.114946 0.272383 0.114946 0.276548 0.106616 0.276548
1 0.129940 0.242603 0.150765 0.242603 0.150765 0.249683 0.129940 0.249683
1 0.129523 0.290917 0.150973 0.290917 0.150973 0.300288 0.129523 0.300288
1 0.080376 0.180336 0.105366 0.180336 0.105366 0.200536 0.080376 0.200536
1 0.134105 0.163260 0.156179 0.163260 0.156179 0.185334 0.134105 0.185334
1 0.134105 0.196371 0.155346 0.196371 0.155346 0.217821 0.134105 0.217821
1 0.185959 0.166800 0.199079 0.166800 0.199079 0.172839 0.185959 0.172839
1 0.187000 0.197829 0.199912 0.197829 0.199912 0.204077 0.187000 0.204077
1 0.216363 0.210532 0.228234 0.210532 0.228234 0.216572 0.216363 0.216572
1 0.215114 0.179711 0.226776 0.179711 0.226776 0.185959 0.215114 0.185959
1 0.048097 0.293624 0.069131 0.293624 0.069131 0.301121 0.048097 0.301121
1 0.047889 0.342146 0.068714 0.342146 0.068714 0.351309 0.047889 0.351309
1 0.111614 0.295707 0.117445 0.295707 0.117445 0.309868 0.111614 0.309868
1 0.080376 0.295707 0.086415 0.295707 0.086415 0.308618 0.080376 0.308618
1 0.166592 0.281129 0.171381 0.281129 0.171381 0.292999 0.166592 0.292999
1 0.196996 0.281129 0.203452 0.281129 0.203452 0.293832 0.196996 0.293832
1 0.209491 0.331734 0.216363 0.331734 0.216363 0.353600 0.209491 0.353600
1 0.159511 0.332359 0.167216 0.332359 0.167216 0.353808 0.159511 0.353808
1 0.218862 0.284253 0.231982 0.284253 0.231982 0.289251 0.218862 0.289251
1 0.220112 0.314657 0.233232 0.314657 0.233232 0.320905 0.220112 0.320905
1 0.250933 0.269675 0.258846 0.269675 0.258846 0.291958 0.250933 0.291958
1 0.268009 0.269675 0.275923 0.269675 0.275923 0.291958 0.268009 0.291958
1 0.284253 0.269467 0.292166 0.269467 0.292166 0.291750 0.284253 0.291750
1 0.250516 0.321321 0.258681 0.321321 0.258681 0.344110 0.250516 0.344110
1 0.267593 0.321321 0.275429 0.321321 0.275429 0.343970 0.267593 0.343970
1 0.283836 0.321113 0.292036 0.321113 0.292036 0.344392 0.283836 0.344392
1 0.330740 0.274303 0.351851 0.274303 0.351851 0.299073 0.330740 0.299073
1 0.347207 0.327081 0.368177 0.327081 0.368177 0.349881 0.347207 0.349881
1 0.314414 0.327081 0.334821 0.327081 0.334821 0.349740 0.314414 0.349740
1 0.481748 0.339563 0.489110 0.339563 0.489110 0.343551 0.481748 0.343551
1 0.481901 0.357968 0.490184 0.357968 0.490184 0.362110 0.481901 0.362110
1 0.447237 0.334041 0.457053 0.334041 0.457053 0.362110 0.447237 0.362110
1 0.430518 0.334041 0.440334 0.334041 0.440334 0.362110 0.430518 0.362110
1 0.413799 0.334041 0.423616 0.334041 0.423616 0.362110 0.413799 0.362110
1 0.397234 0.334041 0.407051 0.334041 0.407051 0.362110 0.397234 0.362110
1 0.447083 0.238331 0.457053 0.238331 0.457053 0.266093 0.447083 0.266093
1 0.430518 0.238637 0.440334 0.238637 0.440334 0.266093 0.430518 0.266093
1 0.413799 0.238791 0.423616 0.238791 0.423616 0.266093 0.413799 0.266093
1 0.397234 0.238944 0.407051 0.238944 0.407051 0.266093 0.397234 0.266093
1 0.458127 0.158572 0.464415 0.158572 0.464415 0.171610 0.458127 0.171610
1 0.427144 0.158265 0.432665 0.158265 0.432665 0.171150 0.427144 0.171150
1 0.459507 0.183573 0.464722 0.183573 0.464722 0.197071 0.459507 0.197071
1 0.428217 0.183727 0.434046 0.183727 0.434046 0.196611 0.428217 0.196611
1 0.409658 0.157959 0.415793 0.157959 0.415793 0.171303 0.409658 0.171303
1 0.378215 0.158265 0.384043 0.158265 0.384043 0.170536 0.378215 0.170536
1 0.405363 0.186794 0.408431 0.186794 0.408431 0.194617 0.405363 0.194617
1 0.386497 0.186641 0.390792 0.186641 0.390792 0.194617 0.386497 0.194617
1 0.409965 0.208575 0.415947 0.208575 0.415947 0.222686 0.409965 0.222686
1 0.378828 0.208881 0.384504 0.208881 0.384504 0.222226 0.378828 0.222226
1 0.453679 0.212563 0.457053 0.212563 0.457053 0.220078 0.453679 0.220078
1 0.435580 0.212102 0.439261 0.212102 0.439261 0.220232 0.435580 0.220232
1 0.063922 0.370375 0.072921 0.370375 0.072921 0.391144 0.063922 0.391144
1 0.016153 0.370375 0.025615 0.370375 0.025615 0.391837 0.016153 0.391837
1 0.023076 0.406144 0.026538 0.406144 0.026538 0.414451 0.023076 0.414451
1 0.041537 0.406605 0.044768 0.406605 0.044768 0.414913 0.041537 0.414913
1 0.072691 0.428989 0.079152 0.428989 0.079152 0.450220 0.072691 0.450220
1 0.022153 0.428528 0.030230 0.428528 0.030230 0.450681 0.022153 0.450681
1 0.241402 0.411573 0.249198 0.411573 0.249198 0.432511 0.241402 0.432511
1 0.290404 0.411796 0.298200 0.411796 0.298200 0.432733 0.290404 0.432733
1 0.290627 0.446989 0.298423 0.446989 0.298423 0.467926 0.290627 0.467926
1 0.240957 0.446766 0.249421 0.446766 0.249421 0.468149 0.240957 0.468149
1 0.240957 0.482849 0.249421 0.482849 0.249421 0.504232 0.240957 0.504232
1 0.290850 0.482849 0.298423 0.482849 0.298423 0.504677 0.290850 0.504677
1 0.290850 0.518042 0.298423 0.518042 0.298423 0.539870 0.290850 0.539870
1 0.240734 0.518487 0.249644 0.518487 0.249644 0.539870 0.240734 0.539870
1 0.240734 0.555016 0.249644 0.555016 0.249644 0.576399 0.240734 0.576399
1 0.290627 0.554125 0.298200 0.554125 0.298200 0.575953 0.290627 0.575953
1 0.290850 0.589763 0.298423 0.589763 0.298423 0.611591 0.290850 0.611591
1 0.240511 0.590431 0.249421 0.590431 0.249421 0.611814 0.240511 0.611814
1 0.223138 0.487081 0.228706 0.487081 0.228706 0.500000 0.223138 0.500000
1 0.192177 0.487081 0.197746 0.487081 0.197746 0.500000 0.192177 0.500000
1 0.223583 0.523387 0.229152 0.523387 0.229152 0.536306 0.223583 0.536306
1 0.192177 0.522274 0.198191 0.522274 0.198191 0.535415 0.192177 0.535415
1 0.191732 0.558357 0.197746 0.558357 0.197746 0.571499 0.191732 0.571499
1 0.191955 0.594440 0.197300 0.594440 0.197300 0.607359 0.191955 0.607359
1 0.223138 0.558803 0.228706 0.558803 0.228706 0.571721 0.223138 0.571721
1 0.222470 0.594886 0.228706 0.594886 0.228706 0.607805 0.222470 0.607805
1 0.310451 0.595554 0.324038 0.595554 0.324038 0.601123 0.310451 0.601123
1 0.309560 0.564148 0.323592 0.564148 0.323592 0.570385 0.309560 0.570385
1 0.309783 0.492872 0.323815 0.492872 0.323815 0.498664 0.309783 0.498664
1 0.310005 0.524056 0.324261 0.524056 0.324261 0.530960 0.310005 0.530960
1 0.325374 0.364799 0.338293 0.364799 0.338293 0.371703 0.325374 0.371703
1 0.350989 0.364130 0.363239 0.364130 0.363239 0.370367 0.350989 0.370367
1 0.351657 0.395982 0.364130 0.395982 0.364130 0.401550 0.351657 0.401550
1 0.326042 0.397318 0.339407 0.397318 0.339407 0.402218 0.326042 0.402218
1 0.408006 0.401021 0.413662 0.401021 0.413662 0.414493 0.408006 0.414493
1 0.376404 0.401353 0.382724 0.401353 0.382724 0.414327 0.376404 0.414327
1 0.424307 0.399025 0.430295 0.399025 0.430295 0.412497 0.424307 0.412497
1 0.456242 0.399025 0.461897 0.399025 0.461897 0.411832 0.456242 0.411832
1 0.293572 0.968371 0.301389 0.968371 0.301389 0.971864 0.293572 0.971864
1 0.293904 0.986168 0.301722 0.986168 0.301722 0.990493 0.293904 0.990493
1 0.316525 0.962549 0.330164 0.962549 0.330164 0.967872 0.316525 0.967872
1 0.393369 0.962217 0.406676 0.962217 0.406676 0.967705 0.393369 0.967705
1 0.393203 0.945417 0.406509 0.945417 0.406509 0.951072 0.393203 0.951072
1 0.393369 0.914314 0.406177 0.914314 0.406177 0.920135 0.393369 0.920135
1 0.393203 0.896516 0.405678 0.896516 0.405678 0.902338 0.393203 0.902338
1 0.392371 0.864914 0.405844 0.864914 0.405844 0.871401 0.392371 0.871401
1 0.499321 0.850110 0.505476 0.850110 0.505476 0.863916 0.499321 0.863916
1 0.468384 0.849112 0.474206 0.849112 0.474206 0.863084 0.468384 0.863084
1 0.561196 0.864747 0.564190 0.864747 0.564190 0.873397 0.561196 0.873397
1 0.580158 0.864581 0.583318 0.864581 0.583318 0.874062 0.580158 0.874062
1 0.685112 0.897681 0.704905 0.897681 0.704905 0.922297 0.685112 0.922297
1 0.747485 0.954233 0.752475 0.954233 0.752475 0.967373 0.747485 0.967373
1 0.715550 0.954066 0.722203 0.954066 0.722203 0.966707 0.715550 0.966707
1 0.764118 0.962716 0.777092 0.962716 0.777092 0.968371 0.764118 0.968371
1 0.681120 0.865246 0.701911 0.865246 0.701911 0.871401 0.681120 0.871401
1 0.681120 0.852439 0.701911 0.852439 0.701911 0.858593 0.681120 0.858593
1 0.680953 0.839465 0.701744 0.839465 0.701744 0.845620 0.680953 0.845620
1 0.680953 0.826658 0.701744 0.826658 0.701744 0.832812 0.680953 0.832812
1 0.602446 0.864581 0.623736 0.864581 0.623736 0.871234 0.602446 0.871234
1 0.602612 0.852106 0.623736 0.852106 0.623736 0.858760 0.602612 0.858760
1 0.602279 0.839465 0.623570 0.839465 0.623570 0.845786 0.602279 0.845786
1 0.602446 0.826492 0.623570 0.826492 0.623570 0.832978 0.602446 0.832978
1 0.164874 0.714206 0.168104 0.714206 0.168104 0.722398 0.164874 0.722398
1 0.146413 0.713745 0.150566 0.713745 0.150566 0.722283 0.146413 0.722283
1 0.165451 0.755513 0.168335 0.755513 0.168335 0.763705 0.165451 0.763705
1 0.146413 0.755513 0.149643 0.755513 0.149643 0.763474 0.146413 0.763474
1 0.165566 0.796704 0.168220 0.796704 0.168220 0.804435 0.165566 0.804435
1 0.146643 0.796358 0.149989 0.796358 0.149989 0.804319 0.146643 0.804319
1 0.165335 0.885317 0.168220 0.885317 0.168220 0.892702 0.165335 0.892702
1 0.146528 0.884971 0.149759 0.884971 0.149759 0.892471 0.146528 0.892471
1 0.165451 0.925816 0.168566 0.925816 0.168566 0.933316 0.165451 0.933316
1 0.146182 0.925355 0.149874 0.925355 0.149874 0.933893 0.146182 0.933893
1 0.752768 0.440803 0.766404 0.440803 0.766404 0.446920 0.752768 0.446920
1 0.752768 0.410983 0.765894 0.410983 0.765894 0.416080 0.752768 0.416080
1 0.708165 0.443734 0.713772 0.443734 0.713772 0.456605 0.708165 0.456605
1 0.676688 0.443479 0.682678 0.443479 0.682678 0.456860 0.676688 0.456860
1 0.546574 0.363692 0.560134 0.363692 0.560134 0.383845 0.546574 0.383845
1 0.546197 0.424527 0.560134 0.424527 0.560134 0.448070 0.546197 0.448070
1 0.590269 0.464644 0.609669 0.464644 0.609669 0.478770 0.590269 0.478770
1 0.525856 0.464644 0.548834 0.464644 0.548834 0.478393 0.525856 0.478393
1 0.509282 0.399100 0.525479 0.399100 0.525479 0.414356 0.509282 0.414356
1 0.509470 0.424715 0.525667 0.424715 0.525667 0.439971 0.509470 0.439971
1 0.473308 0.411154 0.490071 0.411154 0.490071 0.428482 0.473308 0.428482
1 0.621911 0.437146 0.634719 0.437146 0.634719 0.442985 0.621911 0.442985
1 0.623418 0.468411 0.636037 0.468411 0.636037 0.473496 0.623418 0.473496
1 0.643194 0.498923 0.651293 0.498923 0.651293 0.520394 0.643194 0.520394
1 0.595166 0.499676 0.604395 0.499676 0.604395 0.520582 0.595166 0.520582
1 0.572753 0.499299 0.579722 0.499299 0.579722 0.521147 0.572753 0.521147
1 0.522466 0.499488 0.531318 0.499488 0.531318 0.521147 0.522466 0.521147
1 0.572565 0.532448 0.580099 0.532448 0.580099 0.554296 0.572565 0.554296
1 0.522654 0.532636 0.531694 0.532636 0.531694 0.554107 0.522654 0.554107
1 0.501748 0.503255 0.508152 0.503255 0.508152 0.516815 0.501748 0.516815
1 0.501559 0.529058 0.508152 0.529058 0.508152 0.542430 0.501559 0.542430
1 0.470483 0.529058 0.476510 0.529058 0.476510 0.541865 0.470483 0.541865
1 0.471613 0.503631 0.476510 0.503631 0.476510 0.517004 0.471613 0.517004
1 0.453720 0.503255 0.459747 0.503255 0.459747 0.516627 0.453720 0.516627
1 0.422455 0.503443 0.428670 0.503443 0.428670 0.515874 0.422455 0.515874
1 0.448635 0.531694 0.452025 0.531694 0.452025 0.539228 0.448635 0.539228
1 0.430366 0.531318 0.435074 0.531318 0.435074 0.539605 0.430366 0.539605
1 0.648656 0.620216 0.666360 0.620216 0.666360 0.661275 0.648656 0.661275
1 0.550717 0.619651 0.570117 0.619651 0.570117 0.661275 0.550717 0.661275
1 0.622665 0.692728 0.626620 0.692728 0.626620 0.699697 0.622665 0.699697
1 0.604772 0.692352 0.608539 0.692352 0.608539 0.699885 0.604772 0.699885
1 0.523219 0.633400 0.536215 0.633400 0.536215 0.638674 0.523219 0.638674
1 0.522466 0.602135 0.536026 0.602135 0.536026 0.608350 0.522466 0.608350
1 0.499299 0.606844 0.507210 0.606844 0.507210 0.610799 0.499299 0.610799
1 0.499488 0.624925 0.507586 0.624925 0.507586 0.629257 0.499488 0.629257
1 0.376688 0.627938 0.384786 0.627938 0.384786 0.632458 0.376688 0.632458
1 0.376688 0.647149 0.384786 0.647149 0.384786 0.651104 0.376688 0.651104
1 0.415110 0.588009 0.425657 0.588009 0.425657 0.615507 0.415110 0.615507
1 0.431684 0.588009 0.442231 0.588009 0.442231 0.615507 0.431684 0.615507
1 0.448070 0.588009 0.458617 0.588009 0.458617 0.615507 0.448070 0.615507
1 0.464832 0.587821 0.475380 0.587821 0.475380 0.615319 0.464832 0.615319
1 0.415110 0.683688 0.425657 0.683688 0.425657 0.711186 0.415110 0.711186
1 0.431684 0.683688 0.442231 0.683688 0.442231 0.711186 0.431684 0.711186
1 0.448070 0.683688 0.458617 0.683688 0.458617 0.711186 0.448070 0.711186
1 0.464832 0.683500 0.475380 0.683500 0.475380 0.710998 0.464832 0.710998
1 0.504904 0.704283 0.512404 0.704283 0.512404 0.707976 0.504904 0.707976
1 0.504788 0.722745 0.512404 0.722745 0.512404 0.726437 0.504788 0.726437
1 0.527519 0.699091 0.540672 0.699091 0.540672 0.705206 0.527519 0.705206
1 0.528211 0.730244 0.540672 0.730244 0.540672 0.736013 0.528211 0.736013
1 0.486673 0.759782 0.491981 0.759782 0.491981 0.772013 0.486673 0.772013
1 0.455520 0.760244 0.461059 0.760244 0.461059 0.772705 0.455520 0.772705
1 0.486443 0.785397 0.491866 0.785397 0.491866 0.797973 0.486443 0.797973
1 0.454943 0.785628 0.460366 0.785628 0.460366 0.798089 0.454943 0.798089
1 0.553364 0.751936 0.560979 0.751936 0.560979 0.773628 0.553364 0.773628
1 0.503865 0.751590 0.511827 0.751590 0.511827 0.773166 0.503865 0.773166
1 0.553364 0.785166 0.561210 0.785166 0.561210 0.806627 0.553364 0.806627
1 0.503750 0.784935 0.512288 0.784935 0.512288 0.805819 0.503750 0.805819
1 0.572979 0.794397 0.593863 0.794397 0.593863 0.804319 0.572979 0.804319
1 0.572748 0.747552 0.593863 0.747552 0.593863 0.755398 0.572748 0.755398
1 0.432559 0.761974 0.435559 0.761974 0.435559 0.769820 0.432559 0.769820
1 0.414906 0.761628 0.417906 0.761628 0.417906 0.769705 0.414906 0.769705
1 0.438098 0.785166 0.443405 0.785166 0.443405 0.798204 0.438098 0.798204
1 0.406483 0.785051 0.412829 0.785051 0.412829 0.798089 0.406483 0.798089
1 0.764185 0.993636 0.778310 0.993636 0.778310 0.999381 0.764185 0.999381
1 0.393480 0.992960 0.406862 0.992960 0.406862 0.999178 0.393480 0.999178
1 0.315622 0.993433 0.330424 0.993433 0.330424 0.999246 0.315622 0.999246
1 0.082386 0.981471 0.118882 0.981471 0.118882 0.989243 0.082386 0.989243
1 0.082927 0.968900 0.119423 0.968900 0.119423 0.976672 0.082927 0.976672
1 0.083062 0.943556 0.119558 0.943556 0.119558 0.951328 0.083062 0.951328
1 0.082927 0.956262 0.119423 0.956262 0.119423 0.964034 0.082927 0.964034
1 0.083603 0.892123 0.119490 0.892123 0.119490 0.900031 0.083603 0.900031
1 0.083941 0.905302 0.119693 0.905302 0.119693 0.912940 0.083941 0.912940
1 0.083941 0.917941 0.119220 0.917941 0.119220 0.925443 0.083941 0.925443
1 0.083400 0.930512 0.119423 0.930512 0.119423 0.938284 0.083400 0.938284
1 0.083425 0.840488 0.119313 0.840488 0.119313 0.848396 0.083425 0.848396
1 0.083763 0.853667 0.119515 0.853667 0.119515 0.861305 0.083763 0.861305
1 0.084346 0.866847 0.119626 0.866847 0.119626 0.874348 0.084346 0.874348
1 0.083806 0.879417 0.119355 0.879417 0.119355 0.887257 0.083806 0.887257
1 0.083959 0.700141 0.119846 0.700141 0.119846 0.708048 0.083959 0.708048
1 0.084296 0.713320 0.120049 0.713320 0.120049 0.720957 0.084296 0.720957
1 0.084702 0.726499 0.119981 0.726499 0.119981 0.734001 0.084702 0.734001
1 0.084161 0.739070 0.119711 0.739070 0.119711 0.746910 0.084161 0.746910
1 0.083959 0.751776 0.119846 0.751776 0.119846 0.759683 0.083959 0.759683
1 0.084296 0.764243 0.120049 0.764243 0.120049 0.771881 0.084296 0.771881
1 0.084296 0.777060 0.119576 0.777060 0.119576 0.784562 0.084296 0.784562
1 0.083756 0.790164 0.119779 0.790164 0.119779 0.797936 0.083756 0.797936
1 0.083240 0.803208 0.119736 0.803208 0.119736 0.810980 0.083240 0.810980
1 0.083105 0.815914 0.119601 0.815914 0.119601 0.823686 0.083105 0.823686
1 0.083105 0.828553 0.119601 0.828553 0.119601 0.836325 0.083105 0.836325
1 0.084268 0.610564 0.118592 0.610564 0.118592 0.618154 0.084268 0.618154
1 0.084474 0.687172 0.119184 0.687172 0.119184 0.695516 0.084474 0.695516
1 0.083914 0.673992 0.118962 0.673992 0.118962 0.682339 0.083914 0.682339
1 0.083742 0.661612 0.118888 0.661612 0.118888 0.669383 0.083742 0.669383
1 0.083816 0.648900 0.119332 0.648900 0.119332 0.656724 0.083816 0.656724
1 0.083951 0.636712 0.119628 0.636712 0.119628 0.644361 0.083951 0.644361
1 0.084467 0.623076 0.119554 0.623076 0.119554 0.630739 0.084467 0.630739
1 0.083972 0.597748 0.118444 0.597748 0.118444 0.605272 0.083972 0.605272
1 0.084300 0.584836 0.120188 0.584836 0.120188 0.592743 0.084300 0.592743
1 0.084651 0.571908 0.119332 0.571908 0.119332 0.579657 0.084651 0.579657
1 0.084451 0.559189 0.118444 0.559189 0.118444 0.566776 0.084451 0.566776
1 0.084342 0.546528 0.118444 0.546528 0.118444 0.554117 0.084342 0.554117
1 0.084226 0.533497 0.119258 0.533497 0.119258 0.541976 0.084226 0.541976
1 0.010205 0.470460 0.017099 0.470460 0.017099 0.505537 0.010205 0.505537
1 0.023452 0.470325 0.030346 0.470325 0.030346 0.505401 0.023452 0.505401
1 0.035617 0.470325 0.042511 0.470325 0.042511 0.505401 0.035617 0.505401
1 0.048864 0.470190 0.055758 0.470190 0.055758 0.505266 0.048864 0.505266
1 0.035002 0.219237 0.064435 0.219237 0.064435 0.231010 0.035002 0.231010
1 0.034365 0.269194 0.059998 0.269194 0.059998 0.279898 0.034365 0.279898
1 0.034446 0.252681 0.059595 0.252681 0.059595 0.263466 0.034446 0.263466
1 0.034365 0.236088 0.059515 0.236088 0.059515 0.246873 0.034365 0.246873
1 0.054682 0.117511 0.075141 0.117511 0.075141 0.131284 0.054682 0.131284
0 0.013602 0.109858 0.054037 0.109858 0.054037 0.139098 0.013602 0.139098
