0 0.116552 0.135983 0.140841 0.135983 0.140841 0.148349 0.116552 0.148349
0 0.080558 0.238001 0.100874 0.238001 0.100874 0.277527 0.080558 0.277527
0 0.127813 0.198254 0.167339 0.198254 0.167339 0.218348 0.127813 0.218348
0 0.228285 0.197371 0.249704 0.197371 0.249704 0.236013 0.228285 0.236013
0 0.139296 0.235130 0.166456 0.235130 0.166456 0.279294 0.139296 0.279294
0 0.217465 0.286801 0.261628 0.286801 0.261628 0.314403 0.217465 0.314403
0 0.164469 0.311091 0.196929 0.311091 0.196929 0.360775 0.164469 0.360775
0 0.219452 0.354371 0.258316 0.354371 0.258316 0.374907 0.219452 0.374907
0 0.090565 0.567845 0.305358 0.567845 0.305358 0.782022 0.090565 0.782022
0 0.158318 0.836646 0.182389 0.836646 0.182389 0.849299 0.158318 0.849299
0 0.224978 0.828313 0.265097 0.828313 0.265097 0.857940 0.224978 0.857940
0 0.096287 0.850842 0.123753 0.850842 0.123753 0.891579 0.096287 0.891579
0 0.171588 0.875222 0.191956 0.875222 0.191956 0.914416 0.171588 0.914416
0 0.141344 0.891579 0.153689 0.891579 0.153689 0.914416 0.141344 0.914416
0 0.107397 0.937870 0.144430 0.937870 0.144430 0.957313 0.107397 0.957313
0 0.177760 0.939722 0.213559 0.939722 0.213559 0.958239 0.177760 0.958239
0 0.320975 0.010814 0.344919 0.010814 0.344919 0.023621 0.320975 0.023621
0 0.397819 0.010257 0.439026 0.010257 0.439026 0.037821 0.397819 0.037821
0 0.408121 0.053412 0.447100 0.053412 0.447100 0.074294 0.408121 0.074294
0 0.330720 0.039491 0.358840 0.039491 0.358840 0.084317 0.330720 0.084317
0 0.644779 0.036707 0.658979 0.036707 0.658979 0.062600 0.644779 0.062600
0 0.646450 0.092391 0.658143 0.092391 0.658143 0.115222 0.646450 0.115222
0 0.652853 0.140837 0.665104 0.140837 0.665104 0.165895 0.652853 0.165895
0 0.578236 0.170349 0.616937 0.170349 0.616937 0.197913 0.578236 0.197913
0 0.480511 0.170906 0.520046 0.170906 0.520046 0.199305 0.480511 0.199305
0 0.369699 0.174247 0.414803 0.174247 0.414803 0.201532 0.369699 0.201532
0 0.298701 0.174526 0.343249 0.174526 0.343249 0.201532 0.298701 0.201532
0 0.301764 0.239119 0.340465 0.239119 0.340465 0.260279 0.301764 0.260279
0 0.380000 0.243296 0.404780 0.243296 0.404780 0.256660 0.380000 0.256660
0 0.445429 0.246358 0.483016 0.246358 0.483016 0.323481 0.445429 0.323481
0 0.373040 0.306776 0.411740 0.306776 0.411740 0.326544 0.373040 0.326544
0 0.385847 0.279769 0.399768 0.279769 0.399768 0.287286 0.385847 0.287286
0 0.316189 0.279918 0.329713 0.279918 0.329713 0.287090 0.316189 0.287090
0 0.301486 0.306609 0.340676 0.306609 0.340676 0.326076 0.301486 0.326076
0 0.371256 0.351017 0.411417 0.351017 0.411417 0.378845 0.371256 0.378845
0 0.610011 0.246344 0.651121 0.246344 0.651121 0.323505 0.610011 0.323505
0 0.665351 0.238755 0.694128 0.238755 0.694128 0.279232 0.665351 0.279232
0 0.674206 0.314650 0.711521 0.314650 0.711521 0.333940 0.674206 0.333940
0 0.667565 0.386119 0.700453 0.386119 0.700453 0.435767 0.667565 0.435767
0 0.325086 0.478142 0.337103 0.478142 0.337103 0.502176 0.325086 0.502176
0 0.377692 0.631831 0.637355 0.631831 0.637355 0.891494 0.377692 0.891494
0 0.516313 0.258659 0.578090 0.258659 0.578090 0.388239 0.516313 0.388239
0 0.751366 0.911082 0.801591 0.911082 0.801591 0.942221 0.751366 0.942221
0 0.729984 0.386014 0.761453 0.386014 0.761453 0.436512 0.729984 0.436512
0 0.742268 0.316480 0.779583 0.316480 0.779583 0.335770 0.742268 0.335770
0 0.812159 0.316114 0.849475 0.316114 0.849475 0.335404 0.812159 0.335404
0 0.886808 0.323067 0.924123 0.323067 0.924123 0.342357 0.886808 0.342357
0 0.905470 0.290865 0.942786 0.290865 0.942786 0.310155 0.905470 0.310155
0 0.811793 0.356000 0.849109 0.356000 0.849109 0.375290 0.811793 0.375290
0 0.711824 0.238755 0.740601 0.238755 0.740601 0.279232 0.711824 0.279232
0 0.757198 0.238023 0.785975 0.238023 0.785975 0.278501 0.757198 0.278501
0 0.800377 0.238023 0.829155 0.238023 0.829155 0.278501 0.800377 0.278501
0 0.846118 0.238755 0.874895 0.238755 0.874895 0.279232 0.846118 0.279232
0 0.890395 0.213872 0.919172 0.213872 0.919172 0.254350 0.890395 0.254350
0 0.821831 0.017162 0.861717 0.017162 0.861717 0.044606 0.821831 0.044606
0 0.860985 0.061805 0.901237 0.061805 0.901237 0.088883 0.860985 0.088883
0 0.752305 0.057048 0.792191 0.057048 0.792191 0.085224 0.752305 0.085224
0 0.868669 0.116694 0.893186 0.116694 0.893186 0.129135 0.868669 0.129135
0 0.866108 0.148529 0.873061 0.148529 0.873061 0.162068 0.866108 0.162068
0 0.752305 0.118523 0.845250 0.118523 0.845250 0.186951 0.752305 0.186951
1 0.110340 0.135955 0.115759 0.135955 0.115759 0.148763 0.110340 0.148763
1 0.141374 0.135216 0.147531 0.135216 0.147531 0.148763 0.141374 0.148763
1 0.311071 0.149255 0.331021 0.149255 0.331021 0.174131 0.311071 0.174131
1 0.327081 0.202209 0.348262 0.202209 0.348262 0.224622 0.327081 0.224622
1 0.294323 0.201962 0.315505 0.201962 0.315505 0.225361 0.294323 0.225361
1 0.313781 0.009359 0.320431 0.009359 0.320431 0.023398 0.313781 0.023398
1 0.345307 0.009359 0.350479 0.009359 0.350479 0.023891 0.345307 0.023891
1 0.308362 0.035713 0.330036 0.035713 0.330036 0.057141 0.308362 0.057141
1 0.308855 0.068717 0.330036 0.068717 0.330036 0.090637 0.308855 0.090637
1 0.228809 0.187924 0.249251 0.187924 0.249251 0.196544 0.228809 0.196544
1 0.228809 0.236444 0.250483 0.236444 0.250483 0.244572 0.228809 0.244572
1 0.167974 0.196790 0.176348 0.196790 0.176348 0.218711 0.167974 0.218711
1 0.119946 0.197283 0.127581 0.197283 0.127581 0.218711 0.119946 0.218711
1 0.080292 0.229301 0.101228 0.229301 0.101228 0.237675 0.080292 0.237675
1 0.080292 0.277822 0.101474 0.277822 0.101474 0.285949 0.080292 0.285949
1 0.116744 0.230779 0.138664 0.230779 0.138664 0.251222 0.116744 0.251222
1 0.166988 0.247527 0.192850 0.247527 0.192850 0.267970 0.166988 0.267970
1 0.116252 0.263536 0.138664 0.263536 0.138664 0.285703 0.116252 0.285703
1 0.292846 0.238907 0.301220 0.238907 0.301220 0.261073 0.292846 0.261073
1 0.340873 0.238907 0.349247 0.238907 0.349247 0.261320 0.340873 0.261320
1 0.312303 0.279053 0.315997 0.279053 0.315997 0.287427 0.312303 0.287427
1 0.330775 0.279792 0.334223 0.279792 0.334223 0.287673 0.330775 0.287673
1 0.341120 0.305653 0.349986 0.305653 0.349986 0.327081 0.341120 0.327081
1 0.293092 0.305899 0.301466 0.305899 0.301466 0.326588 0.293092 0.326588
1 0.228070 0.260581 0.250729 0.260581 0.250729 0.286442 0.228070 0.286442
1 0.244818 0.315012 0.266246 0.315012 0.266246 0.338657 0.244818 0.338657
1 0.211814 0.315012 0.233242 0.315012 0.233242 0.337179 0.211814 0.337179
1 0.163294 0.298264 0.196790 0.298264 0.196790 0.310579 0.163294 0.310579
1 0.258610 0.353434 0.267477 0.353434 0.267477 0.376094 0.258610 0.376094
1 0.210583 0.354173 0.218957 0.354173 0.218957 0.375847 0.210583 0.375847
1 0.163294 0.361316 0.196544 0.361316 0.196544 0.376586 0.163294 0.376586
1 0.325110 0.472641 0.337179 0.472641 0.337179 0.477814 0.325110 0.477814
1 0.325357 0.502690 0.338164 0.502690 0.338164 0.508601 0.325357 0.508601
1 0.179796 0.544806 0.212799 0.544806 0.212799 0.567219 0.179796 0.567219
1 0.179796 0.782235 0.212307 0.782235 0.212307 0.804156 0.179796 0.804156
1 0.265999 0.836913 0.287920 0.836913 0.287920 0.850213 0.265999 0.850213
1 0.202455 0.836913 0.224375 0.836913 0.224375 0.850459 0.202455 0.850459
1 0.182751 0.835928 0.188416 0.835928 0.188416 0.849474 0.182751 0.849474
1 0.151718 0.836420 0.157876 0.836420 0.157876 0.848489 0.151718 0.848489
1 0.102952 0.829524 0.115266 0.829524 0.115266 0.850705 0.102952 0.850705
1 0.102705 0.891590 0.116498 0.891590 0.116498 0.914250 0.102705 0.914250
1 0.140881 0.884202 0.154181 0.884202 0.154181 0.891098 0.140881 0.891098
1 0.141620 0.914989 0.154674 0.914989 0.154674 0.920900 0.141620 0.920900
1 0.171422 0.866222 0.192111 0.866222 0.192111 0.874596 0.171422 0.874596
1 0.171668 0.915235 0.192111 0.915235 0.192111 0.923363 0.171668 0.923363
1 0.214031 0.938387 0.223637 0.938387 0.223637 0.959322 0.214031 0.959322
1 0.167481 0.938140 0.177087 0.938140 0.177087 0.959568 0.167481 0.959568
1 0.145068 0.936909 0.154674 0.936909 0.154674 0.959076 0.145068 0.959076
1 0.098272 0.937155 0.107139 0.937155 0.107139 0.959322 0.098272 0.959322
1 0.359345 0.052461 0.383975 0.052461 0.383975 0.073889 0.359345 0.073889
1 0.375108 0.017241 0.397275 0.017241 0.397275 0.030541 0.375108 0.030541
1 0.439638 0.017241 0.459588 0.017241 0.459588 0.031772 0.439638 0.031772
1 0.447519 0.051722 0.456386 0.051722 0.456386 0.075120 0.447519 0.075120
1 0.399245 0.051230 0.407619 0.051230 0.407619 0.073889 0.399245 0.073889
1 0.380773 0.149009 0.401708 0.149009 0.401708 0.173638 0.380773 0.173638
1 0.397521 0.201962 0.418456 0.201962 0.418456 0.224129 0.397521 0.224129
1 0.364025 0.202209 0.385206 0.202209 0.385206 0.225853 0.364025 0.225853
1 0.458110 0.178072 0.480030 0.178072 0.480030 0.190387 0.458110 0.190387
1 0.520915 0.177826 0.543821 0.177826 0.543821 0.190879 0.520915 0.190879
1 0.554904 0.178072 0.577563 0.178072 0.577563 0.191125 0.554904 0.191125
1 0.617710 0.177826 0.640123 0.177826 0.640123 0.190879 0.617710 0.190879
1 0.610567 0.227577 0.651945 0.227577 0.651945 0.245803 0.610567 0.245803
1 0.609828 0.324125 0.651945 0.324125 0.651945 0.343829 0.609828 0.343829
1 0.443825 0.227577 0.485941 0.227577 0.485941 0.246296 0.443825 0.246296
1 0.444071 0.323879 0.485203 0.323879 0.485203 0.343583 0.444071 0.343583
1 0.405403 0.242848 0.410821 0.242848 0.410821 0.257379 0.405403 0.257379
1 0.374616 0.242109 0.379542 0.242109 0.379542 0.255655 0.374616 0.255655
1 0.399953 0.279544 0.403382 0.279544 0.403382 0.287006 0.399953 0.287006
1 0.381599 0.279342 0.385230 0.279342 0.385230 0.286199 0.381599 0.286199
1 0.412256 0.306772 0.420929 0.306772 0.420929 0.326134 0.412256 0.326134
1 0.364456 0.306369 0.372927 0.306369 0.372927 0.327748 0.364456 0.327748
1 0.411853 0.358001 0.434846 0.358001 0.434846 0.371111 0.411853 0.371111
1 0.350539 0.358001 0.370708 0.358001 0.370708 0.371918 0.350539 0.371918
1 0.579055 0.260181 0.590753 0.260181 0.590753 0.389264 0.579055 0.389264
1 0.504833 0.260383 0.515926 0.260383 0.515926 0.388860 0.504833 0.388860
1 0.470650 0.613310 0.542158 0.613310 0.542158 0.631809 0.470650 0.631809
1 0.551748 0.891514 0.594064 0.891514 0.594064 0.984958 0.551748 0.984958
1 0.489861 0.891159 0.524370 0.891159 0.524370 0.921398 0.489861 0.921398
1 0.418709 0.891870 0.461255 0.891870 0.461255 0.985389 0.418709 0.985389
1 0.799518 0.025254 0.821349 0.025254 0.821349 0.037770 0.799518 0.037770
1 0.862682 0.024963 0.884221 0.024963 0.884221 0.038061 0.862682 0.038061
1 0.902268 0.069789 0.923226 0.069789 0.923226 0.082887 0.902268 0.082887
1 0.839104 0.069497 0.860353 0.069497 0.860353 0.083760 0.839104 0.083760
1 0.792823 0.063967 0.813781 0.063967 0.813781 0.078521 0.792823 0.078521
1 0.729660 0.064549 0.751490 0.064549 0.751490 0.077939 0.729660 0.077939
1 0.644374 0.032531 0.658637 0.032531 0.658637 0.036606 0.644374 0.036606
1 0.644665 0.063385 0.659219 0.063385 0.659219 0.068915 0.644665 0.068915
1 0.646412 0.085798 0.657181 0.085798 0.657181 0.091910 0.646412 0.091910
1 0.646121 0.115779 0.658928 0.115779 0.658928 0.123638 0.646121 0.123638
1 0.651942 0.134408 0.665332 0.134408 0.665332 0.140229 0.651942 0.140229
1 0.652524 0.166717 0.665623 0.166717 0.665623 0.172830 0.652524 0.172830
1 0.894409 0.116070 0.899939 0.116070 0.899939 0.130041 0.894409 0.130041
1 0.863264 0.116070 0.868212 0.116070 0.868212 0.129459 0.863264 0.129459
1 0.865976 0.144428 0.873069 0.144428 0.873069 0.147974 0.865976 0.147974
1 0.865976 0.162555 0.874054 0.162555 0.874054 0.166299 0.865976 0.166299
1 0.834844 0.111523 0.840164 0.111523 0.840164 0.118222 0.834844 0.118222
1 0.821840 0.111917 0.827160 0.111917 0.827160 0.118616 0.821840 0.118616
1 0.809426 0.111523 0.814746 0.111523 0.814746 0.118222 0.809426 0.118222
1 0.796225 0.111720 0.801545 0.111720 0.801545 0.118419 0.796225 0.118419
1 0.783811 0.111523 0.789131 0.111523 0.789131 0.118222 0.783811 0.118222
1 0.771004 0.111523 0.776324 0.111523 0.776324 0.118222 0.771004 0.118222
1 0.757803 0.111523 0.763123 0.111523 0.763123 0.118222 0.757803 0.118222
1 0.834844 0.186988 0.840164 0.186988 0.840164 0.193687 0.834844 0.193687
1 0.821840 0.187382 0.827160 0.187382 0.827160 0.194081 0.821840 0.194081
1 0.809426 0.186988 0.814746 0.186988 0.814746 0.193687 0.809426 0.193687
1 0.796225 0.187185 0.801545 0.187185 0.801545 0.193884 0.796225 0.193884
1 0.783811 0.186988 0.789131 0.186988 0.789131 0.193687 0.783811 0.193687
1 0.771004 0.186988 0.776324 0.186988 0.776324 0.193687 0.771004 0.193687
1 0.757803 0.186988 0.763123 0.186988 0.763123 0.193687 0.757803 0.193687
1 0.802073 0.910742 0.815268 0.910742 0.815268 0.943601 0.802073 0.943601
1 0.737648 0.910483 0.750843 0.910483 0.750843 0.943083 0.737648 0.943083
1 0.729627 0.372573 0.762487 0.372573 0.762487 0.385510 0.729627 0.385510
1 0.730145 0.437257 0.761969 0.437257 0.761969 0.449676 0.730145 0.449676
1 0.667790 0.372573 0.700649 0.372573 0.700649 0.385510 0.667790 0.385510
1 0.667531 0.436481 0.699873 0.436481 0.699873 0.449676 0.667531 0.449676
1 0.849680 0.354979 0.858477 0.354979 0.858477 0.377489 0.849680 0.377489
1 0.801556 0.355238 0.811129 0.355238 0.811129 0.376713 0.801556 0.376713
1 0.924972 0.322637 0.933252 0.322637 0.933252 0.344630 0.924972 0.344630
1 0.943342 0.288743 0.952657 0.288743 0.952657 0.310218 0.943342 0.310218
1 0.895735 0.288743 0.905308 0.288743 0.905308 0.311770 0.895735 0.311770
1 0.876330 0.321861 0.886679 0.321861 0.886679 0.343336 0.876330 0.343336
1 0.849939 0.315134 0.858736 0.315134 0.858736 0.336350 0.849939 0.336350
1 0.802332 0.315651 0.811905 0.315651 0.811905 0.335833 0.802332 0.335833
1 0.780081 0.315134 0.790171 0.315134 0.790171 0.337385 0.780081 0.337385
1 0.733508 0.315134 0.742046 0.315134 0.742046 0.336091 0.733508 0.336091
1 0.712292 0.314099 0.720830 0.314099 0.720830 0.336091 0.712292 0.336091
1 0.664426 0.314358 0.673740 0.314358 0.673740 0.335833 0.664426 0.335833
1 0.898840 0.191200 0.911259 0.191200 0.911259 0.213192 0.898840 0.213192
1 0.898064 0.254590 0.911777 0.254590 0.911777 0.274771 0.898064 0.274771
1 0.853302 0.279946 0.866757 0.279946 0.866757 0.300904 0.853302 0.300904
1 0.808283 0.279170 0.821478 0.279170 0.821478 0.299869 0.808283 0.299869
1 0.763780 0.278911 0.776976 0.278911 0.776976 0.299610 0.763780 0.299610
1 0.718760 0.279687 0.731956 0.279687 0.731956 0.300386 0.718760 0.300386
1 0.673740 0.279429 0.686936 0.279429 0.686936 0.300127 0.673740 0.300127
1 0.853820 0.216297 0.866239 0.216297 0.866239 0.238290 0.853820 0.238290
1 0.808800 0.215780 0.821219 0.215780 0.821219 0.237772 0.808800 0.237772
1 0.764039 0.216038 0.776458 0.216038 0.776458 0.238031 0.764039 0.238031
1 0.719278 0.216297 0.731697 0.216297 0.731697 0.238290 0.719278 0.238290
1 0.673999 0.216556 0.686418 0.216556 0.686418 0.238548 0.673999 0.238548
1 0.934960 0.003827 0.955255 0.003827 0.955255 0.022403 0.934960 0.022403
1 0.901734 0.003008 0.922439 0.003008 0.922439 0.022322 0.901734 0.022322
1 0.743299 0.002845 0.763758 0.002845 0.763758 0.025186 0.743299 0.025186
1 0.710074 0.003581 0.731187 0.003581 0.731187 0.026004 0.710074 0.026004
1 0.601968 0.087791 0.619726 0.087791 0.619726 0.132473 0.601968 0.132473
1 0.570134 0.087382 0.587728 0.087382 0.587728 0.133373 0.570134 0.133373
1 0.537236 0.087218 0.554830 0.087218 0.554830 0.131328 0.537236 0.131328
1 0.505156 0.086645 0.521850 0.086645 0.521850 0.131900 0.505156 0.131900
1 0.171070 0.064647 0.235005 0.064647 0.235005 0.081113 0.171070 0.081113
1 0.047089 0.006384 0.054789 0.006384 0.054789 0.013891 0.047089 0.013891
1 0.046973 0.018882 0.054673 0.018882 0.054673 0.026389 0.046973 0.026389
1 0.046780 0.032076 0.054480 0.032076 0.054480 0.039583 0.046780 0.039583
1 0.046664 0.044574 0.054364 0.044574 0.054364 0.052081 0.046664 0.052081
1 0.046780 0.070228 0.054480 0.070228 0.054480 0.077734 0.046780 0.077734
1 0.046896 0.057730 0.054596 0.057730 0.054596 0.065236 0.046896 0.065236
1 0.023990 0.093095 0.031651 0.093095 0.031651 0.101337 0.023990 0.101337
1 0.011724 0.093327 0.018727 0.093327 0.018727 0.100834 0.011724 0.100834
1 0.019849 0.148542 0.037610 0.148426 0.037803 0.189634 0.021475 0.189209
1 0.014301 0.216695 0.046694 0.250022 0.055388 0.241141 0.022575 0.208702
1 0.018402 0.400319 0.115033 0.400319 0.115033 0.424714 0.018402 0.424714
1 0.018402 0.458325 0.043068 0.458325 0.043068 0.480552 0.018402 0.480552
1 0.019486 0.516602 0.114898 0.516602 0.114898 0.541404 0.019486 0.541404
