0 0.925154 0.636455 0.973149 0.636455 0.973149 0.667302 0.925154 0.667302
0 0.540302 0.676900 0.616499 0.676900 0.616499 0.754127 0.540302 0.754127
0 0.504323 0.480854 0.582512 0.480854 0.582512 0.519959 0.504323 0.519959
0 0.658330 0.129247 0.722955 0.129247 0.722955 0.242751 0.658330 0.242751
0 0.203658 0.647479 0.242510 0.647479 0.242510 0.723776 0.203658 0.723776
0 0.259576 0.699061 0.427750 0.699061 0.427750 0.867306 0.259576 0.867306
0 0.263789 0.594564 0.295026 0.594564 0.295026 0.645474 0.263789 0.645474
0 0.805659 0.327269 0.825681 0.327269 0.825681 0.357395 0.805659 0.357395
0 0.805862 0.545550 0.825670 0.545550 0.825670 0.574906 0.805862 0.574906
0 0.031209 0.475787 0.182203 0.475787 0.182203 0.626837 0.031209 0.626837
0 0.739375 0.323780 0.758127 0.323780 0.758127 0.360943 0.739375 0.360943
0 0.840543 0.489349 0.852868 0.489349 0.852868 0.513486 0.840543 0.513486
1 0.326169 0.675447 0.358691 0.675447 0.358691 0.698739 0.326169 0.698739
0 0.724985 0.681750 0.737751 0.681750 0.737751 0.704895 0.724985 0.704895
0 0.632700 0.786173 0.645461 0.786173 0.645461 0.810514 0.632700 0.810514
0 0.559096 0.785634 0.571442 0.785634 0.571442 0.809675 0.559096 0.809675
0 0.443313 0.760688 0.461781 0.760688 0.461781 0.799461 0.443313 0.799461
0 0.584905 0.785890 0.597708 0.785890 0.597708 0.810172 0.584905 0.810172
1 0.326500 0.867812 0.358637 0.867812 0.358637 0.890828 0.326500 0.890828
1 0.486003 0.480327 0.503747 0.480327 0.503747 0.520296 0.486003 0.520296
1 0.263639 0.581996 0.295320 0.581996 0.295320 0.594322 0.263639 0.594322
0 0.840949 0.532246 0.853268 0.532246 0.853268 0.556260 0.840949 0.556260
0 0.806514 0.472617 0.825522 0.472617 0.825522 0.500800 0.806514 0.500800
0 0.840437 0.446391 0.851983 0.446391 0.851983 0.469394 0.840437 0.469394
1 0.203118 0.628829 0.243843 0.628829 0.243843 0.646774 0.203118 0.646774
0 0.806672 0.400078 0.827025 0.400078 0.827025 0.428995 0.806672 0.428995
0 0.199934 0.781716 0.211464 0.781716 0.211464 0.805051 0.199934 0.805051
0 0.776223 0.390233 0.787759 0.390233 0.787759 0.413527 0.776223 0.413527
0 0.725084 0.728838 0.738565 0.728838 0.738565 0.751810 0.725084 0.751810
0 0.777040 0.331373 0.788374 0.331373 0.788374 0.353500 0.777040 0.353500
1 0.668867 0.111749 0.711195 0.111749 0.711195 0.128083 0.668867 0.128083
1 0.669231 0.244346 0.710629 0.244346 0.710629 0.261774 0.669231 0.261774
0 0.840577 0.578131 0.851992 0.578131 0.851992 0.600639 0.840577 0.600639
0 0.777240 0.548735 0.788620 0.548735 0.788620 0.571037 0.777240 0.571037
0 0.840228 0.315869 0.851801 0.315869 0.851801 0.338400 0.840228 0.338400
1 0.203565 0.724562 0.242759 0.724562 0.242759 0.743301 0.203565 0.743301
0 0.840726 0.403080 0.852395 0.403080 0.852395 0.425628 0.840726 0.425628
0 0.556484 0.618646 0.578933 0.618646 0.578933 0.629975 0.556484 0.629975
1 0.809002 0.383633 0.822339 0.383633 0.822339 0.399544 0.809002 0.399544
1 0.809018 0.575553 0.822353 0.575553 0.822353 0.590650 0.809018 0.590650
0 0.517522 0.781861 0.541189 0.781861 0.541189 0.793910 0.517522 0.793910
0 0.718549 0.289962 0.742979 0.289962 0.742979 0.302698 0.718549 0.302698
1 0.263077 0.647430 0.295478 0.647430 0.295478 0.659852 0.263077 0.659852
0 0.776639 0.472309 0.787900 0.472309 0.787900 0.494655 0.776639 0.494655
1 0.973390 0.635738 0.987160 0.635738 0.987160 0.668225 0.973390 0.668225
0 0.555570 0.643561 0.580094 0.643561 0.580094 0.655619 0.555570 0.655619
1 0.582755 0.479924 0.600459 0.479924 0.600459 0.520560 0.582755 0.520560
1 0.809231 0.357988 0.822436 0.357988 0.822436 0.373444 0.809231 0.373444
1 0.809406 0.429628 0.822138 0.429628 0.822138 0.445439 0.809406 0.445439
1 0.738686 0.361235 0.759051 0.361235 0.759051 0.370433 0.738686 0.370433
1 0.809580 0.501673 0.822201 0.501673 0.822201 0.516359 0.809580 0.516359
1 0.739753 0.314490 0.759163 0.314490 0.759163 0.323401 0.739753 0.323401
1 0.809111 0.454778 0.822122 0.454778 0.822122 0.472102 0.809111 0.472102
1 0.441764 0.799538 0.462863 0.799538 0.462863 0.808069 0.441764 0.808069
1 0.442104 0.752233 0.462312 0.752233 0.462312 0.760562 0.442104 0.760562
1 0.910862 0.635902 0.924559 0.635902 0.924559 0.668654 0.910862 0.668654
1 0.616189 0.692725 0.626635 0.692725 0.626635 0.701386 0.616189 0.701386
1 0.580285 0.754490 0.587818 0.754490 0.587818 0.764952 0.580285 0.764952
1 0.592917 0.754512 0.600124 0.754512 0.600124 0.765053 0.592917 0.765053
1 0.183632 0.518416 0.199694 0.518416 0.199694 0.582693 0.183632 0.582693
1 0.840417 0.338759 0.852438 0.338759 0.852438 0.344010 0.840417 0.344010
1 0.840319 0.556764 0.853397 0.556764 0.853397 0.562075 0.840319 0.562075
1 0.840167 0.469615 0.852621 0.469615 0.852621 0.475029 0.840167 0.475029
1 0.554934 0.754595 0.562207 0.754595 0.562207 0.765021 0.554934 0.765021
1 0.529075 0.718935 0.539904 0.718935 0.539904 0.726486 0.529075 0.726486
1 0.776905 0.353612 0.788562 0.353612 0.788562 0.359207 0.776905 0.359207
1 0.567454 0.754521 0.575114 0.754521 0.575114 0.765006 0.567454 0.765006
1 0.528944 0.705852 0.539573 0.705852 0.539573 0.713824 0.528944 0.713824
1 0.616471 0.705591 0.626469 0.705591 0.626469 0.713206 0.616471 0.713206
1 0.616356 0.718612 0.626409 0.718612 0.626409 0.725959 0.616356 0.725959
1 0.616382 0.732120 0.626706 0.732120 0.626706 0.739171 0.616382 0.739171
1 0.528621 0.693054 0.539672 0.693054 0.539672 0.701203 0.528621 0.701203
1 0.840600 0.600513 0.852513 0.600513 0.852513 0.606707 0.840600 0.606707
1 0.840263 0.483832 0.852669 0.483832 0.852669 0.489026 0.840263 0.489026
1 0.809096 0.528639 0.822948 0.528639 0.822948 0.544892 0.809096 0.544892
1 0.840040 0.572303 0.852702 0.572303 0.852702 0.577567 0.840040 0.577567
1 0.724426 0.752095 0.738628 0.752095 0.738628 0.757795 0.724426 0.757795
1 0.776464 0.494976 0.788538 0.494976 0.788538 0.500190 0.776464 0.500190
1 0.199293 0.805492 0.211802 0.805492 0.211802 0.811394 0.199293 0.811394
1 0.199709 0.775640 0.211229 0.775640 0.211229 0.781197 0.199709 0.781197
1 0.580456 0.667148 0.587832 0.667148 0.587832 0.677582 0.580456 0.677582
1 0.579491 0.618156 0.584706 0.618156 0.584706 0.630569 0.579491 0.630569
1 0.776634 0.571386 0.789095 0.571386 0.789095 0.577306 0.776634 0.577306
1 0.840138 0.440588 0.852647 0.440588 0.852647 0.446097 0.840138 0.446097
1 0.580359 0.642597 0.585515 0.642597 0.585515 0.655734 0.580359 0.655734
1 0.593687 0.667165 0.601045 0.667165 0.601045 0.677260 0.593687 0.677260
1 0.776745 0.384910 0.788392 0.384910 0.788392 0.389828 0.776745 0.389828
1 0.555290 0.668042 0.561945 0.668042 0.561945 0.677183 0.555290 0.677183
1 0.724382 0.705381 0.738467 0.705381 0.738467 0.711090 0.724382 0.711090
1 0.567900 0.667454 0.575169 0.667454 0.575169 0.677206 0.567900 0.677206
1 0.541728 0.781753 0.546589 0.781753 0.546589 0.793880 0.541728 0.793880
1 0.743189 0.290325 0.748121 0.290325 0.748121 0.303170 0.743189 0.303170
1 0.840374 0.425763 0.853168 0.425763 0.853168 0.431580 0.840374 0.431580
1 0.632639 0.780530 0.645361 0.780530 0.645361 0.785788 0.632639 0.785788
1 0.841005 0.526699 0.853231 0.526699 0.853231 0.531964 0.841005 0.531964
1 0.584378 0.780848 0.597913 0.780848 0.597913 0.785671 0.584378 0.785671
1 0.840426 0.397190 0.852622 0.397190 0.852622 0.402671 0.840426 0.402671
1 0.713631 0.289382 0.718431 0.289382 0.718431 0.301989 0.713631 0.301989
1 0.776311 0.413858 0.787772 0.413858 0.787772 0.418732 0.776311 0.418732
1 0.529325 0.731992 0.539861 0.731992 0.539861 0.738769 0.529325 0.738769
1 0.559167 0.780931 0.571895 0.780931 0.571895 0.785542 0.559167 0.785542
1 0.725036 0.676073 0.738152 0.676073 0.738152 0.681233 0.725036 0.681233
1 0.809361 0.311324 0.822944 0.311324 0.822944 0.326827 0.809361 0.326827
1 0.550205 0.643604 0.555316 0.643604 0.555316 0.656230 0.550205 0.656230
1 0.725111 0.722487 0.738768 0.722487 0.738768 0.728436 0.725111 0.728436
1 0.550387 0.617863 0.556016 0.617863 0.556016 0.630372 0.550387 0.630372
1 0.512206 0.781536 0.517067 0.781536 0.517067 0.793663 0.512206 0.793663
1 0.559167 0.810019 0.571895 0.810019 0.571895 0.814630 0.559167 0.814630
1 0.585464 0.810805 0.598998 0.810805 0.598998 0.815627 0.585464 0.815627
1 0.633290 0.811138 0.646012 0.811138 0.646012 0.816395 0.633290 0.816395
1 0.776509 0.542522 0.788970 0.542522 0.788970 0.548443 0.776509 0.548443
1 0.840888 0.513945 0.853294 0.513945 0.853294 0.519139 0.840888 0.519139
1 0.776089 0.466488 0.788163 0.466488 0.788163 0.471702 0.776089 0.471702
1 0.839792 0.310021 0.851813 0.310021 0.851813 0.315271 0.839792 0.315271
1 0.776530 0.325374 0.788187 0.325374 0.788187 0.330969 0.776530 0.330969
1 0.013610 0.518787 0.029671 0.518787 0.029671 0.583064 0.013610 0.583064
