0 0.090405 0.126868 0.184125 0.126868 0.184125 0.241080 0.090405 0.241080
0 0.241984 0.069913 0.278447 0.069913 0.278447 0.146757 0.241984 0.146757
0 0.297734 0.070215 0.333595 0.070215 0.333595 0.145251 0.297734 0.145251
0 0.138922 0.265791 0.188946 0.265791 0.188946 0.297734 0.138922 0.297734
0 0.138320 0.309486 0.188344 0.309486 0.188344 0.340827 0.138320 0.340827
0 0.138320 0.354990 0.187440 0.354990 0.187440 0.387536 0.138320 0.387536
0 0.350771 0.051531 0.518623 0.051531 0.518623 0.220287 0.350771 0.220287
0 0.533088 0.069612 0.568648 0.069612 0.568648 0.145251 0.533088 0.145251
0 0.585523 0.070215 0.625603 0.070215 0.625603 0.146456 0.585523 0.146456
0 0.025615 0.417370 0.209137 0.417370 0.209137 0.594865 0.025615 0.594865
0 0.238669 0.412247 0.279351 0.412247 0.279351 0.493310 0.238669 0.493310
0 0.304062 0.412247 0.344744 0.412247 0.344744 0.493310 0.304062 0.493310
0 0.026820 0.673216 0.142840 0.673216 0.142840 0.769648 0.026820 0.769648
0 0.163934 0.747649 0.201302 0.747649 0.201302 0.823288 0.163934 0.823288
0 0.068708 0.827809 0.106678 0.827809 0.106678 0.847095 0.068708 0.847095
0 0.269106 0.650916 0.438464 0.650916 0.438464 0.818165 0.269106 0.818165
0 0.682257 0.126567 0.776278 0.126567 0.776278 0.241984 0.682257 0.241984
0 0.709679 0.615055 0.879339 0.615055 0.879339 0.787729 0.709679 0.787729
0 0.888079 0.826302 0.900434 0.826302 0.900434 0.850711 0.888079 0.850711
0 0.836849 0.866381 0.862162 0.866381 0.862162 0.879339 0.836849 0.879339
0 0.882654 0.879641 0.890188 0.879641 0.890188 0.894106 0.882654 0.894106
0 0.850108 0.895010 0.863971 0.895010 0.863971 0.902242 0.850108 0.902242
0 0.875723 0.920926 0.889585 0.920926 0.889585 0.927857 0.875723 0.927857
0 0.862464 0.943527 0.886572 0.943527 0.886572 0.956485 0.862464 0.956485
0 0.861861 0.970649 0.886270 0.970649 0.886270 0.983004 0.861861 0.983004
0 0.902543 0.485475 0.979086 0.485475 0.979086 0.524349 0.902543 0.524349
0 0.939911 0.649108 0.978785 0.649108 0.978785 0.725651 0.939911 0.725651
0 0.914597 0.769347 0.957992 0.769347 0.957992 0.791345 0.914597 0.791345
0 0.913392 0.970649 0.938103 0.970649 0.938103 0.983305 0.913392 0.983305
1 0.184728 0.127471 0.227519 0.127471 0.227519 0.145552 0.184728 0.145552
1 0.184728 0.160017 0.227519 0.160017 0.227519 0.177194 0.184728 0.177194
1 0.184728 0.192563 0.227519 0.192563 0.227519 0.209740 0.184728 0.209740
1 0.184728 0.224807 0.227519 0.224807 0.227519 0.241984 0.184728 0.241984
1 0.047613 0.127170 0.089802 0.127170 0.089802 0.145251 0.047613 0.145251
1 0.047613 0.159414 0.089802 0.159414 0.089802 0.177495 0.047613 0.177495
1 0.047312 0.191960 0.089501 0.191960 0.089501 0.210041 0.047312 0.210041
1 0.046107 0.224506 0.089802 0.224506 0.089802 0.242285 0.046107 0.242285
1 0.241683 0.050928 0.282365 0.050928 0.282365 0.069311 0.241683 0.069311
1 0.295323 0.051531 0.335704 0.051531 0.335704 0.069612 0.295323 0.069612
1 0.295323 0.145853 0.335704 0.145853 0.335704 0.166345 0.295323 0.166345
1 0.240779 0.147059 0.281762 0.147059 0.281762 0.166044 0.240779 0.166044
1 0.189549 0.264887 0.201905 0.264887 0.201905 0.298035 0.189549 0.298035
1 0.124759 0.264887 0.138320 0.264887 0.138320 0.297131 0.124759 0.297131
1 0.188946 0.309486 0.201603 0.309486 0.201603 0.341731 0.188946 0.341731
1 0.125362 0.309486 0.137717 0.309486 0.137717 0.341731 0.125362 0.341731
1 0.188344 0.354689 0.202206 0.354689 0.202206 0.386933 0.188344 0.386933
1 0.124759 0.354689 0.137717 0.354689 0.137717 0.386632 0.124759 0.386632
1 0.087693 0.401700 0.148867 0.401700 0.148867 0.417068 0.087693 0.417068
1 0.238669 0.396275 0.278146 0.396275 0.278146 0.411644 0.238669 0.411644
1 0.304665 0.395974 0.345950 0.395974 0.345950 0.411644 0.304665 0.411644
1 0.304062 0.493913 0.345950 0.493913 0.345950 0.511090 0.304062 0.511090
1 0.237464 0.493611 0.278146 0.493611 0.278146 0.510487 0.237464 0.510487
1 0.087994 0.595166 0.149470 0.595166 0.149470 0.612042 0.087994 0.612042
1 0.028026 0.630726 0.045203 0.630726 0.045203 0.672915 0.028026 0.672915
1 0.060571 0.631027 0.077748 0.631027 0.077748 0.673216 0.060571 0.673216
1 0.093117 0.631027 0.110294 0.631027 0.110294 0.673216 0.093117 0.673216
1 0.125663 0.630726 0.142840 0.630726 0.142840 0.672915 0.125663 0.672915
1 0.125964 0.769949 0.142539 0.769949 0.142539 0.811234 0.125964 0.811234
1 0.093117 0.770251 0.110294 0.770251 0.110294 0.811536 0.093117 0.811536
1 0.060873 0.770251 0.077748 0.770251 0.077748 0.810632 0.060873 0.810632
1 0.028327 0.769949 0.045504 0.769949 0.045504 0.811234 0.028327 0.811234
1 0.162428 0.728363 0.202507 0.728363 0.202507 0.746745 0.162428 0.746745
1 0.162428 0.823891 0.202507 0.823891 0.202507 0.843177 0.162428 0.843177
1 0.106678 0.826603 0.116924 0.826603 0.116924 0.847999 0.106678 0.847999
1 0.059969 0.826000 0.068105 0.826000 0.068105 0.846492 0.059969 0.846492
1 0.337211 0.818768 0.370962 0.818768 0.370962 0.845588 0.337211 0.845588
1 0.337512 0.629219 0.370962 0.629219 0.370962 0.650615 0.337512 0.650615
1 0.417370 0.025916 0.449916 0.025916 0.449916 0.051230 0.417370 0.051230
1 0.416767 0.220588 0.449916 0.220588 0.449916 0.240779 0.416767 0.240779
1 0.530979 0.051230 0.571962 0.051230 0.571962 0.069009 0.530979 0.069009
1 0.584619 0.051230 0.625904 0.051230 0.625904 0.069612 0.584619 0.069612
1 0.584619 0.147360 0.625000 0.147360 0.625000 0.166647 0.584619 0.166647
1 0.530979 0.145853 0.571360 0.145853 0.571360 0.166647 0.530979 0.166647
1 0.776942 0.127760 0.819634 0.127760 0.819634 0.144836 0.776942 0.144836
1 0.776942 0.160536 0.819358 0.160536 0.819358 0.177337 0.776942 0.177337
1 0.776942 0.192761 0.819358 0.192761 0.819358 0.209562 0.776942 0.209562
1 0.777218 0.225261 0.819634 0.225261 0.819634 0.242062 0.777218 0.242062
1 0.638953 0.127760 0.681644 0.127760 0.681644 0.144836 0.638953 0.144836
1 0.638678 0.159985 0.681369 0.159985 0.681369 0.177061 0.638678 0.177061
1 0.638953 0.192485 0.681644 0.192485 0.681644 0.209562 0.638953 0.209562
1 0.639229 0.224710 0.681920 0.224710 0.681920 0.241787 0.639229 0.241787
1 0.882982 0.485265 0.902262 0.485265 0.902262 0.526579 0.882982 0.526579
1 0.780798 0.592406 0.812472 0.592406 0.812472 0.614716 0.780798 0.614716
1 0.938894 0.630139 0.980208 0.630139 0.980208 0.648869 0.938894 0.648869
1 0.939169 0.726264 0.979657 0.726264 0.979657 0.744993 0.939169 0.744993
1 0.958174 0.768955 0.964508 0.768955 0.964508 0.792091 0.958174 0.792091
1 0.908321 0.769230 0.914105 0.769230 0.914105 0.791815 0.908321 0.791815
1 0.781074 0.788235 0.813023 0.788235 0.813023 0.807790 0.781074 0.807790
1 0.887894 0.820179 0.900321 0.820179 0.900321 0.826012 0.887894 0.826012
1 0.888147 0.851374 0.900574 0.851374 0.900574 0.857207 0.888147 0.857207
1 0.862279 0.866083 0.867858 0.866083 0.867858 0.879778 0.862279 0.879778
1 0.831085 0.865829 0.836157 0.865829 0.836157 0.879524 0.831085 0.879524
1 0.882314 0.875720 0.890430 0.875720 0.890430 0.879271 0.882314 0.879271
1 0.882568 0.894234 0.890176 0.894234 0.890176 0.897784 0.882568 0.897784
1 0.864815 0.894234 0.867858 0.894234 0.867858 0.902603 0.864815 0.902603
1 0.846555 0.893980 0.849598 0.893980 0.849598 0.902349 0.846555 0.902349
1 0.889922 0.920356 0.893219 0.920356 0.893219 0.928471 0.889922 0.928471
1 0.871662 0.920102 0.875213 0.920102 0.875213 0.928471 0.871662 0.928471
1 0.887133 0.942927 0.893219 0.942927 0.893219 0.956622 0.887133 0.956622
1 0.855939 0.942674 0.862025 0.942674 0.862025 0.956115 0.855939 0.956115
1 0.886879 0.970317 0.893219 0.970317 0.893219 0.983505 0.886879 0.983505
1 0.856446 0.970064 0.861518 0.970064 0.861518 0.983505 0.856446 0.983505
1 0.938870 0.970064 0.944449 0.970064 0.944449 0.983759 0.938870 0.983759
1 0.907168 0.970064 0.913001 0.970064 0.913001 0.983252 0.907168 0.983252
1 0.979530 0.485265 0.998810 0.485265 0.998810 0.526579 0.979530 0.526579
1 0.779490 0.008741 0.818458 0.008741 0.818458 0.024765 0.779490 0.024765
1 0.779126 0.040182 0.818458 0.040182 0.818458 0.058149 0.779126 0.058149
1 0.779004 0.072474 0.818701 0.072474 0.818701 0.091169 0.779004 0.091169
1 0.639519 0.007162 0.681280 0.007162 0.681280 0.026343 0.639519 0.026343
1 0.639883 0.039818 0.681158 0.039818 0.681158 0.058999 0.639883 0.058999
1 0.638184 0.073202 0.681401 0.073202 0.681401 0.090805 0.638184 0.090805
1 0.978945 0.760066 0.996547 0.760066 0.996547 0.800977 0.978945 0.800977
1 0.986537 0.833032 0.994046 0.833032 0.994046 0.841095 0.986537 0.841095
1 0.924941 0.856758 0.932497 0.856758 0.932497 0.863899 0.924941 0.863899
1 0.973361 0.833032 0.980870 0.833032 0.980870 0.841095 0.973361 0.841095
1 0.960507 0.833078 0.968017 0.833078 0.968017 0.841141 0.960507 0.841141
1 0.947331 0.833078 0.954841 0.833078 0.954841 0.841141 0.947331 0.841141
1 0.924803 0.869335 0.932359 0.869335 0.932359 0.876476 0.924803 0.876476
1 0.925126 0.882051 0.932681 0.882051 0.932681 0.889191 0.925126 0.889191
1 0.924987 0.894628 0.932543 0.894628 0.932543 0.901768 0.924987 0.901768
1 0.925172 0.907711 0.932727 0.907711 0.932727 0.914852 0.925172 0.914852
1 0.925034 0.920288 0.932589 0.920288 0.932589 0.927429 0.925034 0.927429
1 0.986721 0.942724 0.993723 0.942724 0.993723 0.951247 0.986721 0.951247
1 0.973683 0.943139 0.981100 0.943139 0.981100 0.951385 0.973683 0.951385
1 0.960415 0.943139 0.968017 0.943139 0.968017 0.950925 0.960415 0.950925
1 0.948207 0.943093 0.955992 0.943093 0.955992 0.950971 0.948207 0.950971
1 0.047853 0.007486 0.088756 0.007486 0.088756 0.024786 0.047853 0.024786
1 0.047987 0.040343 0.087951 0.040343 0.087951 0.057240 0.047987 0.057240
1 0.048121 0.072797 0.088219 0.072797 0.088219 0.090499 0.048121 0.090499
1 0.186655 0.074272 0.227424 0.074272 0.227424 0.090767 0.186655 0.090767
1 0.185716 0.040074 0.227692 0.040074 0.227692 0.057508 0.185716 0.057508
1 0.185448 0.008022 0.227826 0.008022 0.227826 0.024652 0.185448 0.024652
