0 0.044764 0.047748 0.062918 0.047748 0.062918 0.085051 0.044764 0.085051
0 0.018900 0.070130 0.030588 0.070130 0.030588 0.093755 0.018900 0.093755
0 0.322547 0.085051 0.333489 0.085051 0.333489 0.108179 0.322547 0.108179
0 0.304144 0.123349 0.327272 0.123349 0.327272 0.136529 0.304144 0.136529
0 0.269577 0.113899 0.281016 0.113899 0.281016 0.136529 0.269577 0.136529
0 0.317822 0.150456 0.341198 0.150456 0.341198 0.192484 0.317822 0.192484
0 0.269825 0.165625 0.281016 0.165625 0.281016 0.188505 0.269825 0.188505
0 0.045261 0.189748 0.056701 0.189748 0.056701 0.212379 0.045261 0.212379
0 0.019398 0.189002 0.029842 0.189002 0.029842 0.212130 0.019398 0.212130
0 0.199696 0.565763 0.229787 0.565763 0.229787 0.613013 0.199696 0.613013
0 0.277286 0.524729 0.445647 0.524729 0.445647 0.695329 0.277286 0.695329
0 0.669714 0.257640 0.680656 0.257640 0.680656 0.280270 0.669714 0.280270
0 0.544127 0.585160 0.712737 0.585160 0.712737 0.755014 0.544127 0.755014
0 0.492898 0.797539 0.661259 0.797539 0.661259 0.966397 0.492898 0.966397
0 0.705525 0.791322 0.875627 0.791322 0.875627 0.959932 0.705525 0.959932
0 0.954709 0.024123 0.971869 0.024123 0.971869 0.053468 0.954709 0.053468
0 0.954958 0.099475 0.973361 0.099475 0.973361 0.128571 0.954958 0.128571
0 0.952720 0.157668 0.975101 0.157668 0.975101 0.168858 0.952720 0.168858
0 0.952720 0.183282 0.975599 0.183282 0.975599 0.194473 0.952720 0.194473
0 0.952222 0.207902 0.975599 0.207902 0.975599 0.219839 0.952222 0.219839
0 0.925861 0.195717 0.939291 0.195717 0.939291 0.219839 0.925861 0.219839
0 0.917903 0.271815 0.940285 0.271815 0.940285 0.282260 0.917903 0.282260
0 0.840064 0.305388 0.878362 0.305388 0.878362 0.324039 0.840064 0.324039
0 0.798782 0.291710 0.818429 0.291710 0.818429 0.328764 0.798782 0.328764
0 0.700054 0.294694 0.784600 0.294694 0.784600 0.410427 0.700054 0.410427
1 0.730245 0.285817 0.753423 0.285817 0.753423 0.304007 0.730245 0.304007
1 0.731895 0.402309 0.753276 0.402309 0.753276 0.419613 0.731895 0.419613
0 0.829122 0.349156 0.852001 0.349156 0.852001 0.361342 0.829122 0.361342
0 0.931830 0.363332 0.969133 0.363332 0.969133 0.379994 0.931830 0.379994
0 0.949984 0.395164 0.972366 0.395164 0.972366 0.406354 0.949984 0.406354
0 0.950233 0.421276 0.972863 0.421276 0.972863 0.432218 0.950233 0.432218
0 0.842800 0.404365 0.881346 0.404365 0.881346 0.423016 0.842800 0.423016
0 0.860457 0.437689 0.909945 0.437689 0.909945 0.469770 0.860457 0.469770
0 0.949238 0.444901 0.973858 0.444901 0.973858 0.458081 0.949238 0.458081
0 0.949735 0.472505 0.973609 0.472505 0.973609 0.483945 0.949735 0.483945
0 0.950233 0.497623 0.973112 0.497623 0.973112 0.509062 0.950233 0.509062
0 0.949984 0.523237 0.973112 0.523237 0.973112 0.534926 0.949984 0.534926
0 0.851007 0.483447 0.900247 0.483447 0.900247 0.514285 0.851007 0.514285
0 0.851255 0.528460 0.899749 0.528460 0.899749 0.559546 0.851255 0.559546
0 0.928348 0.549101 0.951228 0.549101 0.951228 0.560540 0.928348 0.560540
0 0.925613 0.574218 0.948741 0.574218 0.948741 0.586404 0.925613 0.586404
0 0.925613 0.599833 0.949238 0.599833 0.949238 0.612267 0.925613 0.612267
0 0.949487 0.638379 0.973858 0.638379 0.973858 0.650814 0.949487 0.650814
0 0.950730 0.663745 0.973361 0.663745 0.973361 0.675682 0.950730 0.675682
0 0.950979 0.689609 0.973361 0.689609 0.973361 0.701546 0.950979 0.701546
0 0.849515 0.646089 0.897511 0.646089 0.897511 0.677423 0.849515 0.677423
0 0.849266 0.691101 0.898257 0.691101 0.898257 0.723182 0.849266 0.723182
0 0.950233 0.724922 0.972615 0.724922 0.972615 0.737108 0.950233 0.737108
0 0.950730 0.750786 0.973361 0.750786 0.973361 0.762225 0.950730 0.762225
0 0.949238 0.776401 0.973609 0.776401 0.973609 0.789084 0.949238 0.789084
0 0.950233 0.826635 0.974355 0.826635 0.974355 0.839070 0.950233 0.839070
0 0.950481 0.853742 0.973361 0.853742 0.973361 0.864436 0.950481 0.864436
0 0.950233 0.878611 0.973112 0.878611 0.973112 0.890299 0.950233 0.890299
0 0.904723 0.885077 0.937052 0.885077 0.937052 0.934068 0.904723 0.934068
1 0.044018 0.038795 0.064410 0.038795 0.064410 0.046753 0.044018 0.046753
1 0.044515 0.084802 0.063166 0.084802 0.063166 0.094501 0.044515 0.094501
1 0.018154 0.063913 0.030588 0.063913 0.030588 0.069881 0.018154 0.069881
1 0.018652 0.093258 0.030588 0.093258 0.030588 0.099226 0.018652 0.099226
1 0.322050 0.079082 0.333240 0.079082 0.333240 0.084802 0.322050 0.084802
1 0.322796 0.108428 0.333987 0.108428 0.333987 0.113153 0.322796 0.113153
1 0.268831 0.106687 0.281016 0.106687 0.281016 0.113650 0.268831 0.113650
1 0.327521 0.123100 0.333489 0.123100 0.333489 0.136280 0.327521 0.136280
1 0.297927 0.122603 0.303895 0.122603 0.303895 0.136778 0.297927 0.136778
1 0.269577 0.136280 0.281265 0.136280 0.281265 0.142000 0.269577 0.142000
1 0.317573 0.145482 0.340204 0.145482 0.340204 0.150207 0.317573 0.150207
1 0.318071 0.192235 0.341198 0.192235 0.341198 0.198950 0.318071 0.198950
1 0.270323 0.159657 0.281265 0.159657 0.281265 0.165128 0.270323 0.165128
1 0.269825 0.188007 0.280519 0.188007 0.280519 0.193976 0.269825 0.193976
1 0.045510 0.183780 0.056701 0.183780 0.056701 0.189499 0.045510 0.189499
1 0.019149 0.182288 0.029842 0.182288 0.029842 0.188505 0.019149 0.188505
1 0.045261 0.212627 0.056701 0.212627 0.056701 0.218845 0.045261 0.218845
1 0.018900 0.212379 0.029594 0.212379 0.029594 0.217850 0.018900 0.217850
1 0.198452 0.551090 0.230035 0.551090 0.230035 0.565017 0.198452 0.565017
1 0.199944 0.613511 0.229538 0.613511 0.229538 0.627935 0.199944 0.627935
1 0.252417 0.594113 0.276789 0.594113 0.276789 0.625696 0.252417 0.625696
1 0.560292 0.966397 0.594113 0.966397 0.594113 0.991017 0.560292 0.991017
1 0.559794 0.774411 0.593118 0.774411 0.593118 0.796793 0.559794 0.796793
1 0.519756 0.654047 0.543381 0.654047 0.543381 0.686376 0.519756 0.686376
1 0.446393 0.593367 0.468277 0.593367 0.468277 0.626442 0.446393 0.626442
1 0.957693 0.007958 0.970128 0.007958 0.970128 0.023625 0.957693 0.023625
1 0.957942 0.053965 0.970376 0.053965 0.970376 0.069632 0.957942 0.069632
1 0.957445 0.082315 0.969630 0.082315 0.969630 0.098729 0.957445 0.098729
1 0.958439 0.129566 0.970874 0.129566 0.970874 0.144487 0.958439 0.144487
1 0.975101 0.157170 0.981070 0.157170 0.981070 0.169107 0.975101 0.169107
1 0.771676 0.959932 0.805000 0.959932 0.805000 0.985298 0.771676 0.985298
1 0.903977 0.870156 0.935312 0.870156 0.935312 0.884828 0.903977 0.884828
1 0.904226 0.934068 0.937052 0.934068 0.937052 0.947746 0.904226 0.947746
1 0.972863 0.878362 0.979080 0.878362 0.979080 0.891543 0.972863 0.891543
1 0.944762 0.877616 0.950233 0.877616 0.950233 0.890299 0.944762 0.890299
1 0.973361 0.853494 0.978583 0.853494 0.978583 0.865431 0.973361 0.865431
1 0.944762 0.852996 0.949735 0.852996 0.949735 0.864933 0.944762 0.864933
1 0.974604 0.826635 0.979578 0.826635 0.979578 0.839070 0.974604 0.839070
1 0.943767 0.826138 0.949735 0.826138 0.949735 0.839567 0.943767 0.839567
1 0.770929 0.768691 0.805746 0.768691 0.805746 0.790824 0.770929 0.790824
1 0.973609 0.775903 0.979329 0.775903 0.979329 0.789332 0.973609 0.789332
1 0.943021 0.775903 0.948741 0.775903 0.948741 0.788338 0.943021 0.788338
1 0.973858 0.750786 0.979329 0.750786 0.979329 0.762723 0.973858 0.762723
1 0.944513 0.750288 0.949984 0.750288 0.949984 0.762474 0.944513 0.762474
1 0.973112 0.725420 0.978832 0.725420 0.978832 0.737605 0.973112 0.737605
1 0.944016 0.724922 0.950233 0.724922 0.950233 0.737108 0.944016 0.737108
1 0.898755 0.690604 0.912681 0.690604 0.912681 0.723679 0.898755 0.723679
1 0.834593 0.690852 0.848271 0.690852 0.848271 0.723679 0.834593 0.723679
1 0.834842 0.646089 0.849017 0.646089 0.849017 0.677672 0.834842 0.677672
1 0.898257 0.646089 0.911935 0.646089 0.911935 0.678418 0.898257 0.678418
1 0.973609 0.689111 0.979329 0.689111 0.979329 0.702043 0.973609 0.702043
1 0.973609 0.663745 0.978583 0.663745 0.978583 0.676180 0.973609 0.676180
1 0.973361 0.638379 0.979080 0.638379 0.979080 0.651311 0.973361 0.651311
1 0.944513 0.637882 0.949735 0.637882 0.949735 0.650565 0.944513 0.650565
1 0.943767 0.663497 0.950481 0.663497 0.950481 0.675682 0.943767 0.675682
1 0.944264 0.688863 0.950730 0.688863 0.950730 0.701546 0.944264 0.701546
1 0.949487 0.599584 0.954709 0.599584 0.954709 0.612267 0.949487 0.612267
1 0.948492 0.573969 0.954709 0.573969 0.954709 0.586652 0.948492 0.586652
1 0.951476 0.548852 0.957196 0.548852 0.957196 0.561038 0.951476 0.561038
1 0.922877 0.549101 0.928597 0.549101 0.928597 0.560292 0.922877 0.560292
1 0.920142 0.573472 0.925861 0.573472 0.925861 0.586404 0.920142 0.586404
1 0.919147 0.599336 0.925613 0.599336 0.925613 0.612765 0.919147 0.612765
1 0.712985 0.653301 0.735865 0.653301 0.735865 0.686625 0.712985 0.686625
1 0.900247 0.527962 0.915417 0.527962 0.915417 0.560540 0.900247 0.560540
1 0.836832 0.528211 0.851255 0.528211 0.851255 0.560540 0.836832 0.560540
1 0.900744 0.483199 0.915417 0.483199 0.915417 0.514533 0.900744 0.514533
1 0.836832 0.482453 0.850012 0.482453 0.850012 0.514782 0.836832 0.514782
1 0.910692 0.437938 0.924121 0.437938 0.924121 0.469521 0.910692 0.469521
1 0.845536 0.436694 0.858965 0.436694 0.858965 0.470516 0.845536 0.470516
1 0.881346 0.404614 0.889802 0.404614 0.889802 0.423763 0.881346 0.423763
1 0.832355 0.403370 0.842303 0.403370 0.842303 0.424011 0.832355 0.424011
1 0.972572 0.394915 0.979038 0.394915 0.979038 0.406852 0.972572 0.406852
1 0.943518 0.394666 0.949984 0.394666 0.949984 0.405857 0.943518 0.405857
1 0.943701 0.420875 0.950167 0.420875 0.950167 0.432066 0.943701 0.432066
1 0.973361 0.421276 0.979827 0.421276 0.979827 0.433213 0.973361 0.433213
1 0.973773 0.445181 0.979405 0.445181 0.979405 0.458319 0.973773 0.458319
1 0.942726 0.445235 0.948760 0.445235 0.948760 0.458168 0.942726 0.458168
1 0.944242 0.472657 0.949700 0.472657 0.949700 0.483934 0.944242 0.483934
1 0.974107 0.472754 0.979254 0.472754 0.979254 0.484843 0.974107 0.484843
1 0.973578 0.497417 0.978950 0.497417 0.978950 0.509397 0.973578 0.509397
1 0.943767 0.497623 0.950233 0.497623 0.950233 0.508813 0.943767 0.508813
1 0.943495 0.523680 0.949961 0.523680 0.949961 0.534871 0.943495 0.534871
1 0.973458 0.523171 0.979924 0.523171 0.979924 0.535108 0.973458 0.535108
1 0.669530 0.252601 0.681155 0.252601 0.681155 0.257527 0.669530 0.257527
1 0.669333 0.280580 0.680564 0.280580 0.680564 0.285900 0.669333 0.285900
1 0.947352 0.157629 0.952278 0.157629 0.952278 0.169057 0.947352 0.169057
1 0.975922 0.183047 0.980651 0.183047 0.980651 0.195263 0.975922 0.195263
1 0.947352 0.182456 0.952475 0.182456 0.952475 0.194869 0.947352 0.194869
1 0.975331 0.207677 0.981242 0.207677 0.981242 0.220090 0.975331 0.220090
1 0.946564 0.207677 0.951884 0.207677 0.951884 0.220090 0.946564 0.220090
1 0.925678 0.190731 0.938682 0.190731 0.938682 0.195263 0.925678 0.195263
1 0.925481 0.219893 0.939470 0.219893 0.939470 0.225016 0.925481 0.225016
1 0.940653 0.271319 0.946170 0.271319 0.946170 0.282550 0.940653 0.282550
1 0.912082 0.271910 0.917599 0.271910 0.917599 0.283339 0.912082 0.283339
1 0.878783 0.304816 0.887059 0.304816 0.887059 0.324913 0.878783 0.324913
1 0.831297 0.304816 0.840164 0.304816 0.840164 0.325701 0.831297 0.325701
1 0.798786 0.281368 0.818490 0.281368 0.818490 0.291417 0.798786 0.291417
1 0.798195 0.328854 0.818884 0.328854 0.818884 0.338312 0.798195 0.338312
1 0.969420 0.363138 0.979863 0.363138 0.979863 0.380281 0.969420 0.380281
1 0.922328 0.362941 0.931589 0.362941 0.931589 0.380675 0.922328 0.380675
1 0.851986 0.348361 0.858094 0.348361 0.858094 0.361562 0.851986 0.361562
1 0.823613 0.348361 0.828736 0.348361 0.828736 0.361365 0.823613 0.361365
1 0.947458 0.967736 0.970404 0.967736 0.970404 0.977342 0.947458 0.977342
1 0.038968 0.253477 0.047709 0.253477 0.047709 0.273993 0.038968 0.273993
1 0.026100 0.226769 0.031806 0.226769 0.031806 0.241216 0.026100 0.241216
0 0.000971 0.227862 0.025129 0.227862 0.025129 0.240609 0.000971 0.240609
0 0.000226 0.254328 0.038853 0.254328 0.038853 0.273068 0.000226 0.273068
