0 0.797455 0.143054 0.835561 0.143054 0.835561 0.212660 0.797455 0.212660
0 0.878526 0.457911 0.891333 0.457911 0.891333 0.483150 0.878526 0.483150
0 0.866808 0.680218 0.891926 0.680218 0.891926 0.693189 0.866808 0.693189
0 0.841193 0.746546 0.890094 0.746546 0.890094 0.776217 0.841193 0.776217
0 0.459276 0.792073 0.472732 0.792073 0.472732 0.816748 0.459276 0.816748
0 0.911576 0.806249 0.957338 0.806249 0.957338 0.834578 0.911576 0.834578
1 0.924765 0.781323 0.945678 0.781323 0.945678 0.806096 0.924765 0.806096
1 0.941470 0.834821 0.963187 0.834821 0.963187 0.857708 0.941470 0.857708
0 0.806273 0.232149 0.813899 0.232149 0.813899 0.246399 0.806273 0.246399
0 0.910612 0.871691 0.950797 0.871691 0.950797 0.894044 0.910612 0.894044
0 0.879728 0.414531 0.891446 0.414531 0.891446 0.437554 0.879728 0.437554
0 0.871588 0.157091 0.879367 0.157091 0.879367 0.171690 0.871588 0.171690
0 0.874695 0.211360 0.899400 0.211360 0.899400 0.224207 0.874695 0.224207
1 0.951096 0.871640 0.958318 0.871640 0.958318 0.893466 0.951096 0.893466
1 0.769350 0.192939 0.797218 0.192939 0.797218 0.209454 0.769350 0.209454
0 0.862768 0.429325 0.869957 0.429325 0.869957 0.443249 0.862768 0.443249
1 0.907905 0.834808 0.929926 0.834808 0.929926 0.857785 0.907905 0.857785
1 0.950201 0.914741 0.957845 0.914741 0.957845 0.936385 0.950201 0.936385
1 0.835740 0.192650 0.862718 0.192650 0.862718 0.209225 0.835740 0.209225
0 0.980430 0.813909 0.987705 0.813909 0.987705 0.827894 0.980430 0.827894
1 0.835768 0.144532 0.862441 0.144532 0.862441 0.160091 0.835768 0.160091
0 0.573418 0.499782 0.764566 0.499782 0.764566 0.831811 0.573418 0.831811
0 0.910139 0.913979 0.950008 0.913979 0.950008 0.936069 0.910139 0.936069
0 0.874395 0.495769 0.888667 0.495769 0.888667 0.503056 0.874395 0.503056
1 0.878376 0.776330 0.886703 0.776330 0.886703 0.798027 0.878376 0.798027
1 0.457817 0.785880 0.474093 0.785880 0.474093 0.791846 0.457817 0.791846
1 0.878164 0.483370 0.892761 0.483370 0.892761 0.488108 0.878164 0.488108
0 0.162039 0.500487 0.353074 0.500487 0.353074 0.832018 0.162039 0.832018
1 0.902407 0.871796 0.910402 0.871796 0.910402 0.893466 0.902407 0.893466
1 0.769192 0.144081 0.797212 0.144081 0.797212 0.160250 0.769192 0.160250
1 0.902407 0.914399 0.909943 0.914399 0.909943 0.936291 0.902407 0.936291
1 0.862081 0.723240 0.870150 0.723240 0.870150 0.746321 0.862081 0.746321
1 0.878296 0.722940 0.887089 0.722940 0.887089 0.746321 0.878296 0.746321
1 0.835714 0.167974 0.862480 0.167974 0.862480 0.184717 0.835714 0.184717
1 0.877099 0.407958 0.893249 0.407958 0.893249 0.414306 0.877099 0.414306
1 0.899638 0.211033 0.904934 0.211033 0.904934 0.225155 0.899638 0.225155
1 0.844999 0.723103 0.853399 0.723103 0.853399 0.746396 0.844999 0.746396
1 0.845362 0.776330 0.853813 0.776330 0.853813 0.798189 0.845362 0.798189
1 0.878150 0.452540 0.892460 0.452540 0.892460 0.457760 0.878150 0.457760
1 0.870869 0.153792 0.879992 0.153792 0.879992 0.156805 0.870869 0.156805
1 0.869398 0.210016 0.874537 0.210016 0.874537 0.226025 0.869398 0.226025
1 0.805272 0.227645 0.815165 0.227645 0.815165 0.231884 0.805272 0.231884
1 0.805184 0.246517 0.815047 0.246517 0.815047 0.250050 0.805184 0.250050
1 0.888892 0.495244 0.892648 0.495244 0.892648 0.504182 0.888892 0.504182
1 0.871465 0.495206 0.874169 0.495206 0.874169 0.503281 0.871465 0.503281
1 0.891972 0.679242 0.896854 0.679242 0.896854 0.693702 0.891972 0.693702
1 0.861813 0.678904 0.866658 0.678904 0.866658 0.694303 0.861813 0.694303
0 0.879277 0.810696 0.893737 0.810696 0.893737 0.817719 0.879277 0.817719
1 0.893904 0.809324 0.897230 0.809324 0.897230 0.817907 0.893904 0.817907
1 0.876281 0.809554 0.879052 0.809554 0.879052 0.817606 0.876281 0.817606
1 0.979687 0.828074 0.988268 0.828074 0.988268 0.831634 0.979687 0.831634
1 0.979278 0.809606 0.988473 0.809606 0.988473 0.813781 0.979278 0.813781
1 0.703023 0.973053 0.713960 0.984324 0.717418 0.980558 0.706788 0.969826
0 0.638155 0.921569 0.647431 0.930880 0.629160 0.948554 0.620200 0.938927
1 0.619647 0.938678 0.630020 0.949744 0.626716 0.952894 0.616137 0.941906
1 0.638038 0.921183 0.648028 0.931122 0.651434 0.927664 0.641419 0.918110
1 0.642107 0.960142 0.652737 0.971618 0.649442 0.974816 0.638448 0.963618
0 0.660964 0.943601 0.670240 0.952912 0.652450 0.970953 0.643284 0.961306
1 0.660846 0.943216 0.670836 0.953154 0.674591 0.949219 0.664500 0.939646
1 0.457817 0.816877 0.473834 0.816877 0.473834 0.822195 0.457817 0.822195
0 0.353708 0.930337 0.371704 0.948362 0.380924 0.939171 0.363699 0.920998
1 0.353115 0.930544 0.363640 0.920791 0.360824 0.917678 0.350210 0.926779
1 0.381557 0.938653 0.370978 0.949232 0.374641 0.952331 0.385143 0.941624
1 0.359893 0.960553 0.349530 0.971093 0.352977 0.974231 0.363415 0.963752
0 0.332516 0.952814 0.350222 0.970091 0.359248 0.960851 0.341842 0.943144
1 0.332187 0.952900 0.342026 0.942703 0.338385 0.938935 0.328277 0.948963
1 0.877696 0.437874 0.893434 0.437874 0.893434 0.443282 0.877696 0.443282
1 0.862379 0.424856 0.870345 0.424856 0.870345 0.429130 0.862379 0.429130
1 0.862185 0.443541 0.870766 0.443541 0.870766 0.446326 0.862185 0.446326
1 0.981056 0.918064 0.995897 0.918064 0.995897 0.933784 0.981056 0.933784
1 0.307712 0.997413 0.317255 0.987312 0.321440 0.991721 0.312476 0.999744
0 0.290580 0.979164 0.299564 0.970682 0.316306 0.987424 0.307991 0.996353
1 0.289296 0.979443 0.300290 0.969287 0.296662 0.965548 0.286283 0.975537
1 0.870869 0.171913 0.879992 0.171913 0.879992 0.174926 0.870869 0.174926
