0 0.018629 0.380562 0.042913 0.380562 0.042913 0.393536 0.018629 0.393536
0 0.019294 0.406177 0.043578 0.406177 0.043578 0.419483 0.019294 0.419483
0 0.061542 0.379897 0.098800 0.379897 0.098800 0.398858 0.061542 0.398858
0 0.141380 0.349292 0.186289 0.349292 0.186289 0.378566 0.141380 0.378566
0 0.215230 0.367588 0.243839 0.367588 0.243839 0.410169 0.215230 0.410169
0 0.069858 0.429463 0.094475 0.429463 0.094475 0.442437 0.069858 0.442437
0 0.118427 0.420814 0.143043 0.420814 0.143043 0.435118 0.118427 0.435118
0 0.048901 0.470713 0.073518 0.470713 0.073518 0.483686 0.048901 0.483686
0 0.133729 0.453082 0.146037 0.453082 0.146037 0.477699 0.133729 0.477699
0 0.186954 0.445431 0.214232 0.445431 0.214232 0.490007 0.186954 0.490007
0 0.173315 0.510299 0.197932 0.510299 0.197932 0.523938 0.173315 0.523938
0 0.163610 0.626244 0.575537 0.626244 0.575537 0.900688 0.163610 0.900688
0 0.915450 0.027004 0.955100 0.027004 0.955100 0.047707 0.915450 0.047707
0 0.927030 0.063497 0.955100 0.063497 0.955100 0.109463 0.927030 0.109463
0 0.951943 0.140692 0.984224 0.140692 0.984224 0.190518 0.951943 0.190518
0 0.660004 0.221045 0.804219 0.221045 0.804219 0.373330 0.660004 0.373330
0 0.676847 0.107708 0.770183 0.203500 0.862115 0.114024 0.765972 0.017530
1 0.798956 0.049812 0.811237 0.037180 0.843168 0.070865 0.830886 0.082094
1 0.697549 0.149464 0.707023 0.139639 0.740007 0.172973 0.730533 0.182798
0 0.868431 0.067356 0.888783 0.067356 0.888783 0.106305 0.868431 0.106305
0 0.945627 0.666671 0.969136 0.666671 0.969136 0.678602 0.945627 0.678602
0 0.883870 0.681058 0.910889 0.681058 0.910889 0.721059 0.883870 0.721059
0 0.959662 0.704567 0.980013 0.704567 0.980013 0.743866 0.959662 0.743866
0 0.929135 0.721410 0.941416 0.721410 0.941416 0.743866 0.929135 0.743866
0 0.895450 0.768078 0.931591 0.768078 0.931591 0.785622 0.895450 0.785622
1 0.139639 0.328065 0.158938 0.328065 0.158938 0.348768 0.139639 0.348768
1 0.170868 0.327013 0.192272 0.327013 0.192272 0.349119 0.170868 0.349119
1 0.154025 0.378944 0.175429 0.378944 0.175429 0.403857 0.154025 0.403857
1 0.222448 0.343855 0.235782 0.343855 0.235782 0.367365 0.222448 0.367365
1 0.222448 0.410524 0.235782 0.410524 0.235782 0.429121 0.222448 0.429121
1 0.085252 0.362803 0.102094 0.362803 0.102094 0.379295 0.085252 0.379295
1 0.059988 0.362452 0.077044 0.362452 0.077044 0.379423 0.059988 0.379423
1 0.043516 0.380464 0.049347 0.380464 0.049347 0.393792 0.043516 0.393792
1 0.012903 0.379631 0.018318 0.379631 0.018318 0.394625 0.012903 0.394625
1 0.043932 0.406079 0.049347 0.406079 0.049347 0.420240 0.043932 0.420240
1 0.012903 0.405454 0.019151 0.405454 0.019151 0.419615 0.012903 0.419615
1 0.143476 0.420032 0.149723 0.420032 0.149723 0.435442 0.143476 0.435442
1 0.113280 0.420448 0.118278 0.420448 0.118278 0.435234 0.113280 0.435234
1 0.094954 0.429403 0.101201 0.429403 0.101201 0.442523 0.094954 0.442523
1 0.063924 0.428778 0.069547 0.428778 0.069547 0.442939 0.063924 0.442939
1 0.133896 0.446896 0.144934 0.446896 0.144934 0.452519 0.133896 0.452519
1 0.133688 0.478134 0.146183 0.478134 0.146183 0.483965 0.133688 0.483965
1 0.074129 0.469387 0.079751 0.469387 0.079751 0.483548 0.074129 0.483548
1 0.042475 0.470428 0.048306 0.470428 0.048306 0.483965 0.042475 0.483965
1 0.164717 0.440440 0.186584 0.440440 0.186584 0.460432 0.164717 0.460432
1 0.214281 0.456892 0.240312 0.456892 0.240312 0.477717 0.214281 0.477717
1 0.165134 0.473136 0.186584 0.473136 0.186584 0.494377 0.165134 0.494377
1 0.198454 0.509580 0.204077 0.509580 0.204077 0.524365 0.198454 0.524365
1 0.167425 0.509580 0.173047 0.509580 0.173047 0.524574 0.167425 0.524574
1 0.221466 0.572755 0.233090 0.572755 0.233090 0.625921 0.221466 0.625921
1 0.238041 0.572970 0.249664 0.572970 0.249664 0.626137 0.238041 0.626137
1 0.254615 0.573185 0.266238 0.573185 0.266238 0.626352 0.254615 0.626352
1 0.270974 0.572755 0.282597 0.572755 0.282597 0.625921 0.270974 0.625921
1 0.287548 0.572970 0.299172 0.572970 0.299172 0.626137 0.287548 0.626137
1 0.304122 0.573185 0.315746 0.573185 0.315746 0.626352 0.304122 0.626352
1 0.321342 0.572755 0.332966 0.572755 0.332966 0.625921 0.321342 0.625921
1 0.337917 0.572970 0.349540 0.572970 0.349540 0.626137 0.337917 0.626137
1 0.354491 0.573185 0.366114 0.573185 0.366114 0.626352 0.354491 0.626352
1 0.370850 0.572755 0.382473 0.572755 0.382473 0.625921 0.370850 0.625921
1 0.387424 0.572970 0.399048 0.572970 0.399048 0.626137 0.387424 0.626137
1 0.403998 0.573185 0.415622 0.573185 0.415622 0.626352 0.403998 0.626352
1 0.254166 0.901059 0.265678 0.901059 0.265678 0.957731 0.254166 0.957731
1 0.420573 0.573185 0.432196 0.573185 0.432196 0.626352 0.420573 0.626352
1 0.437793 0.572755 0.449416 0.572755 0.449416 0.625921 0.437793 0.625921
1 0.454367 0.572970 0.465990 0.572970 0.465990 0.626137 0.454367 0.626137
1 0.470941 0.573185 0.482565 0.573185 0.482565 0.626352 0.470941 0.626352
1 0.487300 0.572755 0.498924 0.572755 0.498924 0.625921 0.487300 0.625921
1 0.503875 0.572970 0.515498 0.572970 0.515498 0.626137 0.503875 0.626137
1 0.287548 0.900898 0.299023 0.900898 0.299023 0.957276 0.287548 0.957276
1 0.304122 0.901113 0.315695 0.901113 0.315695 0.957428 0.304122 0.957428
1 0.321342 0.900683 0.332216 0.900683 0.332216 0.957731 0.321342 0.957731
1 0.337917 0.900898 0.348888 0.900898 0.348888 0.957580 0.337917 0.957580
1 0.354491 0.901113 0.365712 0.901113 0.365712 0.957580 0.354491 0.957580
1 0.370850 0.900683 0.382384 0.900683 0.382384 0.957580 0.370850 0.957580
1 0.387424 0.900898 0.399057 0.900898 0.399057 0.957731 0.387424 0.957731
1 0.403998 0.901113 0.415426 0.901113 0.415426 0.957276 0.403998 0.957276
1 0.270999 0.900734 0.282747 0.900734 0.282747 0.957598 0.270999 0.957598
1 0.420573 0.901113 0.432003 0.901113 0.432003 0.957434 0.420573 0.957434
1 0.437793 0.900683 0.448915 0.900683 0.448915 0.957269 0.437793 0.957269
1 0.454367 0.900898 0.465827 0.900898 0.465827 0.957598 0.454367 0.957598
1 0.470941 0.901113 0.482247 0.901113 0.482247 0.957434 0.470941 0.957434
1 0.487300 0.900683 0.499159 0.900683 0.499159 0.957762 0.487300 0.957762
1 0.503875 0.900898 0.515415 0.900898 0.515415 0.957434 0.503875 0.957434
1 0.238100 0.900908 0.249612 0.900908 0.249612 0.957580 0.238100 0.957580
1 0.221276 0.900908 0.232788 0.900908 0.232788 0.957580 0.221276 0.957580
1 0.868372 0.058503 0.888927 0.058503 0.888927 0.067041 0.868372 0.067041
1 0.906952 0.027196 0.915174 0.027196 0.915174 0.049332 0.906952 0.049332
1 0.955335 0.026247 0.963874 0.026247 0.963874 0.048383 0.955335 0.048383
1 0.955335 0.076844 0.978737 0.076844 0.978737 0.098348 0.955335 0.098348
1 0.903473 0.059768 0.926242 0.059768 0.926242 0.080955 0.903473 0.080955
1 0.903473 0.092972 0.926242 0.092972 0.926242 0.114476 0.903473 0.114476
1 0.951224 0.127441 0.984429 0.127441 0.984429 0.140723 0.951224 0.140723
1 0.950908 0.191004 0.983796 0.191004 0.983796 0.204918 0.950908 0.204918
1 0.867739 0.106570 0.889243 0.106570 0.889243 0.115425 0.867739 0.115425
1 0.805125 0.228319 0.902841 0.228319 0.902841 0.253618 0.805125 0.253618
1 0.805442 0.285873 0.830424 0.285873 0.830424 0.310539 0.805442 0.310539
1 0.805125 0.345641 0.902525 0.345641 0.902525 0.370940 0.805125 0.370940
1 0.621079 0.229900 0.659343 0.229900 0.659343 0.366829 0.621079 0.366829
1 0.939208 0.666300 0.945216 0.666300 0.945216 0.679582 0.939208 0.679582
1 0.969405 0.665984 0.975244 0.665984 0.975244 0.679921 0.969405 0.679921
1 0.890489 0.658827 0.902543 0.658827 0.902543 0.680863 0.890489 0.680863
1 0.889359 0.721357 0.903485 0.721357 0.903485 0.743770 0.889359 0.743770
1 0.928723 0.714200 0.942096 0.714200 0.942096 0.720980 0.928723 0.720980
1 0.928912 0.744146 0.941907 0.744146 0.941907 0.750550 0.928912 0.750550
1 0.958481 0.695930 0.979764 0.695930 0.979764 0.704406 0.958481 0.704406
1 0.958858 0.744146 0.979764 0.744146 0.979764 0.752810 0.958858 0.752810
1 0.931925 0.767313 0.942284 0.767313 0.942284 0.788595 0.931925 0.788595
1 0.885969 0.767313 0.895010 0.767313 0.895010 0.788030 0.885969 0.788030
1 0.072657 0.399245 0.088174 0.399245 0.088174 0.414516 0.072657 0.414516
1 0.967480 0.374454 0.999673 0.374454 0.999673 0.397079 0.967480 0.397079
1 0.967879 0.610269 0.999274 0.610269 0.999274 0.632993 0.967879 0.632993
1 0.955121 0.768044 0.965088 0.768044 0.965088 0.788177 0.955121 0.788177
